    DOY     DATE    HOUR    CAN_RN          CAN_LE          CAN_H           CAN_G           CAN_TEMP        TEMP_FN         
   0.042    01011998       1             NaN             NaN             NaN             NaN  0.54000001E+01  0.10000000E+01
   0.083    01011998       2             NaN             NaN             NaN             NaN  0.54000001E+01  0.10000000E+01
   0.125    01011998       3             NaN             NaN             NaN             NaN  0.54000001E+01  0.10000000E+01
   0.167    01011998       4             NaN             NaN             NaN             NaN  0.54000001E+01  0.10000000E+01
   0.208    01011998       5             NaN             NaN             NaN             NaN  0.54000001E+01  0.10000000E+01
   0.250    01011998       6             NaN             NaN             NaN             NaN  0.54000001E+01  0.10000000E+01
   0.292    01011998       7             NaN             NaN             NaN             NaN  0.54000001E+01  0.10000000E+01
   0.333    01011998       8             NaN             NaN             NaN             NaN  0.54000001E+01  0.10000000E+01
   0.375    01011998       9             NaN             NaN             NaN             NaN  0.54000001E+01  0.10000000E+01
   0.417    01011998      10             NaN             NaN             NaN             NaN  0.54000001E+01  0.10000000E+01
   0.458    01011998      11             NaN             NaN             NaN             NaN  0.54000001E+01  0.10000000E+01
   0.500    01011998      12             NaN             NaN             NaN             NaN  0.54000001E+01  0.10000000E+01
   0.542    01011998      13             NaN             NaN             NaN             NaN  0.54000001E+01  0.10000000E+01
   0.583    01011998      14             NaN             NaN             NaN             NaN  0.54000001E+01  0.10000000E+01
   0.625    01011998      15             NaN             NaN             NaN             NaN  0.54000001E+01  0.10000000E+01
   0.667    01011998      16             NaN             NaN             NaN             NaN  0.54000001E+01  0.10000000E+01
   0.708    01011998      17             NaN             NaN             NaN             NaN  0.54000001E+01  0.10000000E+01
   0.750    01011998      18             NaN             NaN             NaN             NaN  0.54000001E+01  0.10000000E+01
   0.792    01011998      19             NaN             NaN             NaN             NaN  0.54000001E+01  0.10000000E+01
   0.833    01011998      20             NaN             NaN             NaN             NaN  0.54000001E+01  0.10000000E+01
   0.875    01011998      21             NaN             NaN             NaN             NaN  0.54000001E+01  0.10000000E+01
   0.917    01011998      22             NaN             NaN             NaN             NaN  0.54000001E+01  0.10000000E+01
   0.958    01011998      23             NaN             NaN             NaN             NaN  0.54000001E+01  0.10000000E+01
   1.000    01011998      24             NaN             NaN             NaN             NaN  0.54000001E+01  0.10000000E+01
