    DOY     DATE    RESIDUE_C       HUMUS_C         AMENDED_C       LITTER_C        CO2_FLUX        O2_FLUX         AUTO_RESP       MICRO_C         SURF_RES        CH4_FLUX        SUR_DOC+SED_FLX SUB_DOC_FLX     SUB_DIC_FLX     ATM_CO2         NBP             FIRE_CO2_EMIT   SOC_1           SOC_2           SOC_3           SOC_4           SOC_5           SOC_6           SOC_7           SOC_8           SOC_9           SOC_10          
010101998f25cd1    1.000    01011998  0.5206405E+003  0.5829505E+004  0.0000000E+000  0.0000000E+000 -0.3678961E+000  0.7701424E+001  0.0000000E+000  0.1735639E+003  0.2992622E+003 -0.4496172E-001  0.0000000E+000  0.2358290E+000  0.1031063E+000  0.3600000E+003 -0.7517931E+000  0.0000000E+000  0.2083618E+003  0.3213799E+003  0.9783813E+003  0.9788501E+003  0.9598787E+003  0.9600932E+003  0.3476804E+003  0.4647213E+003  0.3949324E+003  0.3299658E+003
010101998f25cd1    2.000    02011998  0.5202320E+003  0.5827954E+004  0.0000000E+000  0.0000000E+000 -0.1328098E+001  0.1784102E+002  0.0000000E+000  0.1746475E+003  0.2989546E+003 -0.5765503E-001  0.0000000E+000  0.2784261E+000  0.2709258E+000  0.3600000E+003 -0.1935105E+001  0.0000000E+000  0.2083714E+003  0.3212599E+003  0.9779362E+003  0.9784696E+003  0.9595889E+003  0.9598549E+003  0.3476099E+003  0.4646540E+003  0.3948999E+003  0.3299523E+003
010101998f25cd1    3.000    03011998  0.5194646E+003  0.5826513E+004  0.0000000E+000  0.0000000E+000 -0.3758192E+001  0.2928497E+002  0.0000000E+000  0.1758753E+003  0.2982934E+003 -0.6057394E-001  0.0000000E+000  0.3025607E+000  0.4054247E+000  0.3600000E+003 -0.4526751E+001  0.0000000E+000  0.2084163E+003  0.3210844E+003  0.9775228E+003  0.9781258E+003  0.9593244E+003  0.9596411E+003  0.3475475E+003  0.4645858E+003  0.3948688E+003  0.3299361E+003
010101998f25cd1    4.000    04011998  0.5187480E+003  0.5825145E+004  0.0000000E+000  0.0000000E+000 -0.6237405E+001  0.4025735E+002  0.0000000E+000  0.1769622E+003  0.2976817E+003 -0.6047583E-001  0.0000000E+000  0.3200068E+000  0.4859798E+000  0.3600000E+003 -0.7103868E+001  0.0000000E+000  0.2084473E+003  0.3209326E+003  0.9771295E+003  0.9777891E+003  0.9590762E+003  0.9594440E+003  0.3474888E+003  0.4645228E+003  0.3948343E+003  0.3299193E+003
010101998f25cd1    5.000    05011998  0.5181079E+003  0.5823846E+004  0.0000000E+000  0.0000000E+000 -0.8273413E+001  0.4882040E+002  0.0000000E+000  0.1778982E+003  0.2971454E+003 -0.6030041E-001  0.0000000E+000  0.3332893E+000  0.5341895E+000  0.3600000E+003 -0.9201192E+001  0.0000000E+000  0.2084753E+003  0.3207908E+003  0.9767532E+003  0.9774691E+003  0.9588376E+003  0.9592609E+003  0.3474342E+003  0.4644627E+003  0.3947981E+003  0.3299024E+003
010101998f25cd1    6.000    06011998  0.5173312E+003  0.5822616E+004  0.0000000E+000  0.0000000E+000 -0.1025328E+002  0.5860947E+002  0.0000000E+000  0.1789016E+003  0.2964724E+003 -0.6009515E-001  0.0000000E+000  0.3430005E+000  0.5683879E+000  0.3600000E+003 -0.1122476E+002  0.0000000E+000  0.2085069E+003  0.3206546E+003  0.9763912E+003  0.9771682E+003  0.9586102E+003  0.9590847E+003  0.3473832E+003  0.4644054E+003  0.3947617E+003  0.3298882E+003
010101998f25cd1    7.000    07011998  0.5164559E+003  0.5821441E+004  0.0000000E+000  0.0000000E+000 -0.1227199E+002  0.6808826E+002  0.0000000E+000  0.1799400E+003  0.2957010E+003 -0.5984625E-001  0.0000000E+000  0.3498915E+000  0.5942918E+000  0.3600000E+003 -0.1327602E+002  0.0000000E+000  0.2085403E+003  0.3205266E+003  0.9760450E+003  0.9768789E+003  0.9583901E+003  0.9589139E+003  0.3473335E+003  0.4643501E+003  0.3947268E+003  0.3298737E+003
010101998f25cd1    8.000    08011998  0.5154966E+003  0.5820307E+004  0.0000000E+000  0.0000000E+000 -0.1427819E+002  0.7688736E+002  0.0000000E+000  0.1809964E+003  0.2948464E+003 -0.5954809E-001  0.0000000E+000  0.3555371E+000  0.6148161E+000  0.3600000E+003 -0.1530809E+002  0.0000000E+000  0.2085767E+003  0.3204050E+003  0.9757143E+003  0.9765997E+003  0.9581678E+003  0.9587500E+003  0.3472839E+003  0.4642964E+003  0.3946920E+003  0.3298580E+003
010101998f25cd1    9.000    09011998  0.5144222E+003  0.5819198E+004  0.0000000E+000  0.0000000E+000 -0.1631436E+002  0.8508179E+002  0.0000000E+000  0.1820906E+003  0.2938820E+003 -0.5923570E-001  0.0000000E+000  0.3600252E+000  0.6315065E+000  0.3600000E+003 -0.1736513E+002  0.0000000E+000  0.2086168E+003  0.3202850E+003  0.9753906E+003  0.9763252E+003  0.9579460E+003  0.9585876E+003  0.3472346E+003  0.4642436E+003  0.3946591E+003  0.3298416E+003
010101998f25cd1   10.000    10011998  0.5132646E+003  0.5818118E+004  0.0000000E+000  0.0000000E+000 -0.1841749E+002  0.9277624E+002  0.0000000E+000  0.1832252E+003  0.2928362E+003 -0.5893608E-001  0.0000000E+000  0.3635591E+000  0.6451752E+000  0.3600000E+003 -0.1948516E+002  0.0000000E+000  0.2086593E+003  0.3201642E+003  0.9750737E+003  0.9760564E+003  0.9577285E+003  0.9584299E+003  0.3471861E+003  0.4641914E+003  0.3946272E+003  0.3298252E+003
010101998f25cd1   11.000    11011998  0.5120120E+003  0.5817055E+004  0.0000000E+000  0.0000000E+000 -0.2060733E+002  0.1007605E+003  0.0000000E+000  0.1844299E+003  0.2916714E+003 -0.5864613E-001  0.0000000E+000  0.3663684E+000  0.6562274E+000  0.3600000E+003 -0.2168858E+002  0.0000000E+000  0.2087299E+003  0.3200384E+003  0.9747595E+003  0.9757906E+003  0.9575179E+003  0.9582765E+003  0.3471381E+003  0.4641400E+003  0.3945961E+003  0.3298088E+003
010101998f25cd1   12.000    12011998  0.5106574E+003  0.5816021E+004  0.0000000E+000  0.0000000E+000 -0.2289163E+002  0.1078792E+003  0.0000000E+000  0.1857089E+003  0.2904027E+003 -0.5836953E-001  0.0000000E+000  0.3687281E+000  0.6653618E+000  0.3600000E+003 -0.2398409E+002  0.0000000E+000  0.2088102E+003  0.3199121E+003  0.9744448E+003  0.9755303E+003  0.9573151E+003  0.9581268E+003  0.3470906E+003  0.4640895E+003  0.3945655E+003  0.3297924E+003
010101998f25cd1   13.000    13011998  0.5089586E+003  0.5815011E+004  0.0000000E+000  0.0000000E+000 -0.2544994E+002  0.1165628E+003  0.0000000E+000  0.1872570E+003  0.2888228E+003 -0.5810563E-001  0.0000000E+000  0.3708512E+000  0.6734795E+000  0.3600000E+003 -0.2655237E+002  0.0000000E+000  0.2088837E+003  0.3197849E+003  0.9741301E+003  0.9752681E+003  0.9571151E+003  0.9579788E+003  0.3470432E+003  0.4640396E+003  0.3945354E+003  0.3297748E+003
010101998f25cd1   14.000    14011998  0.5070518E+003  0.5814030E+004  0.0000000E+000  0.0000000E+000 -0.2829092E+002  0.1263607E+003  0.0000000E+000  0.1889490E+003  0.2870384E+003 -0.5783372E-001  0.0000000E+000  0.3728334E+000  0.6807659E+000  0.3600000E+003 -0.2940235E+002  0.0000000E+000  0.2089739E+003  0.3196586E+003  0.9738192E+003  0.9750054E+003  0.9569159E+003  0.9578318E+003  0.3469958E+003  0.4639901E+003  0.3945059E+003  0.3297564E+003
010101998f25cd1   15.000    15011998  0.5049922E+003  0.5813080E+004  0.0000000E+000  0.0000000E+000 -0.3120428E+002  0.1354859E+003  0.0000000E+000  0.1907412E+003  0.2851021E+003 -0.5756694E-001  0.0000000E+000  0.3746934E+000  0.6873013E+000  0.3600000E+003 -0.3232384E+002  0.0000000E+000  0.2090805E+003  0.3195333E+003  0.9735127E+003  0.9747449E+003  0.9567195E+003  0.9576866E+003  0.3469487E+003  0.4639409E+003  0.3944768E+003  0.3297382E+003
010101998f25cd1   16.000    16011998  0.5028691E+003  0.5812159E+004  0.0000000E+000  0.0000000E+000 -0.3409739E+002  0.1451334E+003  0.0000000E+000  0.1925590E+003  0.2831004E+003 -0.5730715E-001  0.0000000E+000  0.3764548E+000  0.6933661E+000  0.3600000E+003 -0.3522451E+002  0.0000000E+000  0.2091987E+003  0.3194095E+003  0.9732122E+003  0.9744892E+003  0.9565273E+003  0.9575436E+003  0.3469022E+003  0.4638920E+003  0.3944479E+003  0.3297205E+003
010101998f25cd1   17.000    17011998  0.5006060E+003  0.5811275E+004  0.0000000E+000  0.0000000E+000 -0.3713661E+002  0.1552629E+003  0.0000000E+000  0.1944771E+003  0.2809569E+003 -0.5704621E-001  0.0000000E+000  0.3781222E+000  0.6988567E+000  0.3600000E+003 -0.3827063E+002  0.0000000E+000  0.2093318E+003  0.3192885E+003  0.9729144E+003  0.9742432E+003  0.9563380E+003  0.9574033E+003  0.3468564E+003  0.4638438E+003  0.3944195E+003  0.3297031E+003
010101998f25cd1   18.000    18011998  0.4981532E+003  0.5810428E+004  0.0000000E+000  0.0000000E+000 -0.4031676E+002  0.1653913E+003  0.0000000E+000  0.1965379E+003  0.2786230E+003 -0.5678653E-001  0.0000000E+000  0.3796967E+000  0.7037289E+000  0.3600000E+003 -0.4145697E+002  0.0000000E+000  0.2094825E+003  0.3191702E+003  0.9726235E+003  0.9740002E+003  0.9561514E+003  0.9572653E+003  0.3468113E+003  0.4637962E+003  0.3943914E+003  0.3296860E+003
010101998f25cd1   19.000    19011998  0.4954989E+003  0.5809623E+004  0.0000000E+000  0.0000000E+000 -0.4364976E+002  0.1758939E+003  0.0000000E+000  0.1987487E+003  0.2760873E+003 -0.5652904E-001  0.0000000E+000  0.3811702E+000  0.7079859E+000  0.3600000E+003 -0.4479544E+002  0.0000000E+000  0.2096552E+003  0.3190533E+003  0.9723428E+003  0.9737592E+003  0.9559682E+003  0.9571294E+003  0.3467668E+003  0.4637493E+003  0.3943638E+003  0.3296692E+003
010101998f25cd1   20.000    20011998  0.4926469E+003  0.5808860E+004  0.0000000E+000  0.0000000E+000 -0.4715134E+002  0.1867451E+003  0.0000000E+000  0.2010751E+003  0.2733540E+003 -0.5627121E-001  0.0000000E+000  0.3825673E+000  0.7117544E+000  0.3600000E+003 -0.4830193E+002  0.0000000E+000  0.2098537E+003  0.3189377E+003  0.9720674E+003  0.9735204E+003  0.9557880E+003  0.9569955E+003  0.3467229E+003  0.4637028E+003  0.3943365E+003  0.3296526E+003
010101998f25cd1   21.000    21011998  0.4896393E+003  0.5808143E+004  0.0000000E+000  0.0000000E+000 -0.5079902E+002  0.1982231E+003  0.0000000E+000  0.2034332E+003  0.2704654E+003 -0.5600850E-001  0.0000000E+000  0.3839068E+000  0.7150500E+000  0.3600000E+003 -0.5195398E+002  0.0000000E+000  0.2100791E+003  0.3188247E+003  0.9717967E+003  0.9732874E+003  0.9556102E+003  0.9568635E+003  0.3466795E+003  0.4636568E+003  0.3943097E+003  0.3296364E+003
010101998f25cd1   22.000    22011998  0.4865653E+003  0.5807465E+004  0.0000000E+000  0.0000000E+000 -0.5451908E+002  0.2095831E+003  0.0000000E+000  0.2057545E+003  0.2675103E+003 -0.5573886E-001  0.0000000E+000  0.3851906E+000  0.7178301E+000  0.3600000E+003 -0.5567785E+002  0.0000000E+000  0.2103288E+003  0.3187140E+003  0.9715293E+003  0.9730571E+003  0.9554355E+003  0.9567333E+003  0.3466365E+003  0.4636113E+003  0.3942832E+003  0.3296204E+003
010101998f25cd1   23.000    23011998  0.4835424E+003  0.5806818E+004  0.0000000E+000  0.0000000E+000 -0.5809822E+002  0.2196780E+003  0.0000000E+000  0.2079451E+003  0.2646045E+003 -0.5547346E-001  0.0000000E+000  0.3864356E+000  0.7201393E+000  0.3600000E+003 -0.5926027E+002  0.0000000E+000  0.2105937E+003  0.3186045E+003  0.9712659E+003  0.9728319E+003  0.9552634E+003  0.9566052E+003  0.3465941E+003  0.4635662E+003  0.3942570E+003  0.3296046E+003
010101998f25cd1   24.000    24011998  0.4806867E+003  0.5806193E+004  0.0000000E+000  0.0000000E+000 -0.6142756E+002  0.2297985E+003  0.0000000E+000  0.2099175E+003  0.2618622E+003 -0.5521729E-001  0.0000000E+000  0.3876416E+000  0.7221217E+000  0.3600000E+003 -0.6259254E+002  0.0000000E+000  0.2108629E+003  0.3184972E+003  0.9710076E+003  0.9726144E+003  0.9550947E+003  0.9564799E+003  0.3465526E+003  0.4635216E+003  0.3942311E+003  0.3295891E+003
010101998f25cd1   25.000    25011998  0.4778397E+003  0.5805604E+004  0.0000000E+000  0.0000000E+000 -0.6476539E+002  0.2399426E+003  0.0000000E+000  0.2118096E+003  0.2591261E+003 -0.5495882E-001  0.0000000E+000  0.3888071E+000  0.7237647E+000  0.3600000E+003 -0.6593292E+002  0.0000000E+000  0.2111481E+003  0.3183937E+003  0.9707517E+003  0.9724047E+003  0.9549294E+003  0.9563569E+003  0.3465119E+003  0.4634779E+003  0.3942051E+003  0.3295737E+003
010101998f25cd1   26.000    26011998  0.4749728E+003  0.5805052E+004  0.0000000E+000  0.0000000E+000 -0.6815662E+002  0.2504985E+003  0.0000000E+000  0.2136399E+003  0.2563691E+003 -0.5469001E-001  0.0000000E+000  0.3899378E+000  0.7249725E+000  0.3600000E+003 -0.6932622E+002  0.0000000E+000  0.2114533E+003  0.3182916E+003  0.9705022E+003  0.9721995E+003  0.9547645E+003  0.9562363E+003  0.3464727E+003  0.4634348E+003  0.3941793E+003  0.3295586E+003
010101998f25cd1   27.000    27011998  0.4721592E+003  0.5804530E+004  0.0000000E+000  0.0000000E+000 -0.7142497E+002  0.2593896E+003  0.0000000E+000  0.2153509E+003  0.2536637E+003 -0.5442475E-001  0.0000000E+000  0.3910381E+000  0.7257532E+000  0.3600000E+003 -0.7259619E+002  0.0000000E+000  0.2117698E+003  0.3181917E+003  0.9702581E+003  0.9719962E+003  0.9546055E+003  0.9561177E+003  0.3464346E+003  0.4633922E+003  0.3941534E+003  0.3295454E+003
010101998f25cd1   28.000    28011998  0.4694572E+003  0.5804033E+004  0.0000000E+000  0.0000000E+000 -0.7449972E+002  0.2681451E+003  0.0000000E+000  0.2169058E+003  0.2510672E+003 -0.5416657E-001  0.0000000E+000  0.3921081E+000  0.7262153E+000  0.3600000E+003 -0.7567220E+002  0.0000000E+000  0.2120904E+003  0.3180949E+003  0.9700198E+003  0.9717957E+003  0.9544531E+003  0.9560015E+003  0.3463975E+003  0.4633502E+003  0.3941278E+003  0.3295336E+003
010101998f25cd1   29.000    29011998  0.4668122E+003  0.5803563E+004  0.0000000E+000  0.0000000E+000 -0.7750697E+002  0.2766430E+003  0.0000000E+000  0.2183527E+003  0.2485253E+003 -0.5390947E-001  0.0000000E+000  0.3931544E+000  0.7263941E+000  0.3600000E+003 -0.7868044E+002  0.0000000E+000  0.2124208E+003  0.3179999E+003  0.9697888E+003  0.9715953E+003  0.9543058E+003  0.9558876E+003  0.3463613E+003  0.4633087E+003  0.3941026E+003  0.3295222E+003
010101998f25cd1   30.000    30011998  0.4641782E+003  0.5803119E+004  0.0000000E+000  0.0000000E+000 -0.8046235E+002  0.2851317E+003  0.0000000E+000  0.2197262E+003  0.2459931E+003 -0.5365597E-001  0.0000000E+000  0.3941966E+000  0.7263266E+000  0.3600000E+003 -0.8163653E+002  0.0000000E+000  0.2127640E+003  0.3179050E+003  0.9695634E+003  0.9713961E+003  0.9541628E+003  0.9557758E+003  0.3463259E+003  0.4632678E+003  0.3940779E+003  0.3295108E+003
010101998f25cd1   31.000    31011998  0.4614777E+003  0.5802712E+004  0.0000000E+000  0.0000000E+000 -0.8347121E+002  0.2940721E+003  0.0000000E+000  0.2210775E+003  0.2433949E+003 -0.5340023E-001  0.0000000E+000  0.3952141E+000  0.7259561E+000  0.3600000E+003 -0.8464577E+002  0.0000000E+000  0.2131295E+003  0.3178117E+003  0.9693419E+003  0.9712005E+003  0.9540212E+003  0.9556657E+003  0.3462910E+003  0.4632274E+003  0.3940531E+003  0.3294997E+003
010101998f25cd1   32.000    01021998  0.4587160E+003  0.5802337E+004  0.0000000E+000  0.0000000E+000 -0.8650422E+002  0.3024851E+003  0.0000000E+000  0.2223970E+003  0.2407368E+003 -0.5314753E-001  0.0000000E+000  0.3962080E+000  0.7251093E+000  0.3600000E+003 -0.8767869E+002  0.0000000E+000  0.2135168E+003  0.3177193E+003  0.9691230E+003  0.9710061E+003  0.9538822E+003  0.9555568E+003  0.3462564E+003  0.4631875E+003  0.3940285E+003  0.3294889E+003
010101998f25cd1   33.000    02021998  0.4559320E+003  0.5801993E+004  0.0000000E+000  0.0000000E+000 -0.8953854E+002  0.3106333E+003  0.0000000E+000  0.2236525E+003  0.2380577E+003 -0.5289560E-001  0.0000000E+000  0.3971819E+000  0.7239283E+000  0.3600000E+003 -0.9071254E+002  0.0000000E+000  0.2139230E+003  0.3176276E+003  0.9689075E+003  0.9708149E+003  0.9537438E+003  0.9554492E+003  0.3462221E+003  0.4631478E+003  0.3940043E+003  0.3294782E+003
010101998f25cd1   34.000    03021998  0.4531390E+003  0.5801679E+004  0.0000000E+000  0.0000000E+000 -0.9255828E+002  0.3199270E+003  0.0000000E+000  0.2248353E+003  0.2353707E+003 -0.5264003E-001  0.0000000E+000  0.3981433E+000  0.7225708E+000  0.3600000E+003 -0.9373164E+002  0.0000000E+000  0.2143477E+003  0.3175374E+003  0.9686953E+003  0.9706254E+003  0.9536071E+003  0.9553427E+003  0.3461880E+003  0.4631084E+003  0.3939802E+003  0.3294677E+003
010101998f25cd1   35.000    04021998  0.4503685E+003  0.5801390E+004  0.0000000E+000  0.0000000E+000 -0.9557164E+002  0.3282616E+003  0.0000000E+000  0.2259261E+003  0.2327068E+003 -0.5237997E-001  0.0000000E+000  0.3990944E+000  0.7210158E+000  0.3600000E+003 -0.9674413E+002  0.0000000E+000  0.2147850E+003  0.3174478E+003  0.9684850E+003  0.9704416E+003  0.9534714E+003  0.9552373E+003  0.3461543E+003  0.4630691E+003  0.3939564E+003  0.3294574E+003
010101998f25cd1   36.000    05021998  0.4476971E+003  0.5801114E+004  0.0000000E+000  0.0000000E+000 -0.9844527E+002  0.3363876E+003  0.0000000E+000  0.2268817E+003  0.2301416E+003 -0.5212085E-001  0.0000000E+000  0.4000233E+000  0.7192692E+000  0.3600000E+003 -0.9961668E+002  0.0000000E+000  0.2152234E+003  0.3173590E+003  0.9682797E+003  0.9702604E+003  0.9533386E+003  0.9551333E+003  0.3461210E+003  0.4630301E+003  0.3939327E+003  0.3294472E+003
010101998f25cd1   37.000    06021998  0.4451493E+003  0.5800845E+004  0.0000000E+000  0.0000000E+000 -0.1011911E+003  0.3438480E+003  0.0000000E+000  0.2276992E+003  0.2276985E+003 -0.5186150E-001  0.0000000E+000  0.4009382E+000  0.7173828E+000  0.3600000E+003 -0.1023613E+003  0.0000000E+000  0.2156587E+003  0.3172720E+003  0.9680788E+003  0.9700811E+003  0.9532067E+003  0.9550304E+003  0.3460882E+003  0.4629915E+003  0.3939093E+003  0.3294372E+003
010101998f25cd1   38.000    07021998  0.4427165E+003  0.5800583E+004  0.0000000E+000  0.0000000E+000 -0.1038120E+003  0.3513407E+003  0.0000000E+000  0.2283951E+003  0.2253683E+003 -0.5160137E-001  0.0000000E+000  0.4018444E+000  0.7153968E+000  0.3600000E+003 -0.1049808E+003  0.0000000E+000  0.2160900E+003  0.3171885E+003  0.9678816E+003  0.9699059E+003  0.9530732E+003  0.9549293E+003  0.3460560E+003  0.4629534E+003  0.3938860E+003  0.3294270E+003
010101998f25cd1   39.000    08021998  0.4403792E+003  0.5800332E+004  0.0000000E+000  0.0000000E+000 -0.1063229E+003  0.3583466E+003  0.0000000E+000  0.2289893E+003  0.2231320E+003 -0.5134181E-001  0.0000000E+000  0.4027428E+000  0.7133204E+000  0.3600000E+003 -0.1074903E+003  0.0000000E+000  0.2165162E+003  0.3171079E+003  0.9676890E+003  0.9697332E+003  0.9529422E+003  0.9548303E+003  0.3460245E+003  0.4629157E+003  0.3938630E+003  0.3294171E+003
010101998f25cd1   40.000    09021998  0.4381293E+003  0.5800087E+004  0.0000000E+000  0.0000000E+000 -0.1087397E+003  0.3648965E+003  0.0000000E+000  0.2294936E+003  0.2209810E+003 -0.5108220E-001  0.0000000E+000  0.4036355E+000  0.7111666E+000  0.3600000E+003 -0.1099056E+003  0.0000000E+000  0.2169397E+003  0.3170293E+003  0.9674997E+003  0.9695626E+003  0.9528137E+003  0.9547330E+003  0.3459936E+003  0.4628787E+003  0.3938403E+003  0.3294072E+003
010101998f25cd1   41.000    10021998  0.4359538E+003  0.5799852E+004  0.0000000E+000  0.0000000E+000 -0.1110638E+003  0.3713611E+003  0.0000000E+000  0.2299195E+003  0.2189030E+003 -0.5082361E-001  0.0000000E+000  0.4045224E+000  0.7089565E+000  0.3600000E+003 -0.1122281E+003  0.0000000E+000  0.2173609E+003  0.3169520E+003  0.9673113E+003  0.9693968E+003  0.9526876E+003  0.9546376E+003  0.3459634E+003  0.4628422E+003  0.3938178E+003  0.3293975E+003
010101998f25cd1   42.000    11021998  0.4338254E+003  0.5799631E+004  0.0000000E+000  0.0000000E+000 -0.1133260E+003  0.3772053E+003  0.0000000E+000  0.2302855E+003  0.2168711E+003 -0.5056763E-001  0.0000000E+000  0.4054044E+000  0.7067031E+000  0.3600000E+003 -0.1144887E+003  0.0000000E+000  0.2177828E+003  0.3168756E+003  0.9671270E+003  0.9692336E+003  0.9525641E+003  0.9545439E+003  0.3459338E+003  0.4628066E+003  0.3937956E+003  0.3293878E+003
010101998f25cd1   43.000    12021998  0.4316758E+003  0.5799431E+004  0.0000000E+000  0.0000000E+000 -0.1155725E+003  0.3836690E+003  0.0000000E+000  0.2306244E+003  0.2148182E+003 -0.5031374E-001  0.0000000E+000  0.4062799E+000  0.7044240E+000  0.3600000E+003 -0.1167335E+003  0.0000000E+000  0.2182163E+003  0.3168002E+003  0.9669462E+003  0.9690711E+003  0.9524427E+003  0.9544517E+003  0.3459047E+003  0.4627715E+003  0.3937736E+003  0.3293783E+003
010101998f25cd1   44.000    13021998  0.4295078E+003  0.5799253E+004  0.0000000E+000  0.0000000E+000 -0.1178668E+003  0.3906677E+003  0.0000000E+000  0.2309331E+003  0.2127484E+003 -0.5005123E-001  0.0000000E+000  0.4071520E+000  0.7021006E+000  0.3600000E+003 -0.1190261E+003  0.0000000E+000  0.2186602E+003  0.3167252E+003  0.9667682E+003  0.9689111E+003  0.9523227E+003  0.9543604E+003  0.3458758E+003  0.4627367E+003  0.3937516E+003  0.3293689E+003
010101998f25cd1   45.000    14021998  0.4273808E+003  0.5799086E+004  0.0000000E+000  0.0000000E+000 -0.1201259E+003  0.3972557E+003  0.0000000E+000  0.2311819E+003  0.2107202E+003 -0.4978418E-001  0.0000000E+000  0.4080183E+000  0.6997102E+000  0.3600000E+003 -0.1212834E+003  0.0000000E+000  0.2191044E+003  0.3166511E+003  0.9665927E+003  0.9687558E+003  0.9522036E+003  0.9542703E+003  0.3458473E+003  0.4627021E+003  0.3937297E+003  0.3293597E+003
010101998f25cd1   46.000    15021998  0.4253016E+003  0.5798929E+004  0.0000000E+000  0.0000000E+000 -0.1223160E+003  0.4030765E+003  0.0000000E+000  0.2313735E+003  0.2087398E+003 -0.4951743E-001  0.0000000E+000  0.4088807E+000  0.6972796E+000  0.3600000E+003 -0.1234717E+003  0.0000000E+000  0.2195482E+003  0.3165782E+003  0.9664209E+003  0.9686014E+003  0.9520869E+003  0.9541813E+003  0.3458192E+003  0.4626679E+003  0.3937079E+003  0.3293505E+003
010101998f25cd1   47.000    16021998  0.4232722E+003  0.5798781E+004  0.0000000E+000  0.0000000E+000 -0.1244055E+003  0.4084015E+003  0.0000000E+000  0.2315105E+003  0.2068090E+003 -0.4925706E-001  0.0000000E+000  0.4097355E+000  0.6948258E+000  0.3600000E+003 -0.1255593E+003  0.0000000E+000  0.2199888E+003  0.3165075E+003  0.9662519E+003  0.9684515E+003  0.9519703E+003  0.9540936E+003  0.3457914E+003  0.4626340E+003  0.3936864E+003  0.3293415E+003
010101998f25cd1   48.000    17021998  0.4212928E+003  0.5798641E+004  0.0000000E+000  0.0000000E+000 -0.1264285E+003  0.4136354E+003  0.0000000E+000  0.2315970E+003  0.2049276E+003 -0.4900158E-001  0.0000000E+000  0.4105852E+000  0.6924119E+000  0.3600000E+003 -0.1275805E+003  0.0000000E+000  0.2204271E+003  0.3164371E+003  0.9660867E+003  0.9683032E+003  0.9518563E+003  0.9540071E+003  0.3457641E+003  0.4626005E+003  0.3936651E+003  0.3293325E+003
010101998f25cd1   49.000    18021998  0.4193505E+003  0.5798506E+004  0.0000000E+000  0.0000000E+000 -0.1283491E+003  0.4185650E+003  0.0000000E+000  0.2316453E+003  0.2030273E+003 -0.4876139E-001  0.0000000E+000  0.4114322E+000  0.6900289E+000  0.3600000E+003 -0.1294993E+003  0.0000000E+000  0.2209094E+003  0.3163765E+003  0.9659257E+003  0.9681570E+003  0.9517437E+003  0.9539215E+003  0.3457372E+003  0.4625672E+003  0.3936439E+003  0.3293237E+003
010101998f25cd1   50.000    19021998  0.4174432E+003  0.5798362E+004  0.0000000E+000  0.0000000E+000 -0.1302668E+003  0.4237985E+003  0.0000000E+000  0.2316834E+003  0.2011430E+003 -0.4855564E-001  0.0000000E+000  0.4146720E+000  0.6945168E+000  0.3600000E+003 -0.1314246E+003  0.0000000E+000  0.2214090E+003  0.3163105E+003  0.9657577E+003  0.9680079E+003  0.9516345E+003  0.9538369E+003  0.3457108E+003  0.4625344E+003  0.3936229E+003  0.3293150E+003
010101998f25cd1   51.000    20021998  0.4155892E+003  0.5798222E+004  0.0000000E+000  0.0000000E+000 -0.1321533E+003  0.4291599E+003  0.0000000E+000  0.2316757E+003  0.1993340E+003 -0.4834639E-001  0.0000000E+000  0.4177898E+000  0.6990950E+000  0.3600000E+003 -0.1333185E+003  0.0000000E+000  0.2218820E+003  0.3162452E+003  0.9655938E+003  0.9678602E+003  0.9515260E+003  0.9537533E+003  0.3456848E+003  0.4625019E+003  0.3936021E+003  0.3293063E+003
010101998f25cd1   52.000    21021998  0.4137852E+003  0.5798088E+004  0.0000000E+000  0.0000000E+000 -0.1340027E+003  0.4346620E+003  0.0000000E+000  0.2316270E+003  0.1975884E+003 -0.4813096E-001  0.0000000E+000  0.4206019E+000  0.7029362E+000  0.3600000E+003 -0.1351743E+003  0.0000000E+000  0.2223370E+003  0.3161797E+003  0.9654331E+003  0.9677170E+003  0.9514184E+003  0.9536707E+003  0.3456590E+003  0.4624698E+003  0.3935815E+003  0.3292978E+003
010101998f25cd1   53.000    22021998  0.4120299E+003  0.5797962E+004  0.0000000E+000  0.0000000E+000 -0.1358052E+003  0.4398706E+003  0.0000000E+000  0.2315398E+003  0.1958912E+003 -0.4791027E-001  0.0000000E+000  0.4232400E+000  0.7060257E+000  0.3600000E+003 -0.1369824E+003  0.0000000E+000  0.2227870E+003  0.3161160E+003  0.9652769E+003  0.9675784E+003  0.9513113E+003  0.9535895E+003  0.3456335E+003  0.4624380E+003  0.3935611E+003  0.3292893E+003
010101998f25cd1   54.000    23021998  0.4103220E+003  0.5797838E+004  0.0000000E+000  0.0000000E+000 -0.1375562E+003  0.4446266E+003  0.0000000E+000  0.2314199E+003  0.1942383E+003 -0.4768906E-001  0.0000000E+000  0.4258404E+000  0.7088213E+000  0.3600000E+003 -0.1387385E+003  0.0000000E+000  0.2232326E+003  0.3160542E+003  0.9651216E+003  0.9674405E+003  0.9512081E+003  0.9535098E+003  0.3456085E+003  0.4624067E+003  0.3935408E+003  0.3292808E+003
010101998f25cd1   55.000    24021998  0.4086599E+003  0.5797718E+004  0.0000000E+000  0.0000000E+000 -0.1392645E+003  0.4495020E+003  0.0000000E+000  0.2312684E+003  0.1926490E+003 -0.4746538E-001  0.0000000E+000  0.4281591E+000  0.7110826E+000  0.3600000E+003 -0.1404512E+003  0.0000000E+000  0.2236548E+003  0.3159908E+003  0.9649691E+003  0.9673061E+003  0.9511064E+003  0.9534313E+003  0.3455839E+003  0.4623757E+003  0.3935208E+003  0.3292723E+003
010101998f25cd1   56.000    25021998  0.4070343E+003  0.5797602E+004  0.0000000E+000  0.0000000E+000 -0.1407874E+003  0.4524778E+003  0.0000000E+000  0.2311030E+003  0.1909810E+003 -0.4728813E-001  0.0000000E+000  0.4323841E+000  0.7182736E+000  0.3600000E+003 -0.1419854E+003  0.0000000E+000  0.2241533E+003  0.3159559E+003  0.9648201E+003  0.9671775E+003  0.9510079E+003  0.9533544E+003  0.3455598E+003  0.4623451E+003  0.3935010E+003  0.3292639E+003
010101998f25cd1   57.000    26021998  0.4054579E+003  0.5797472E+004  0.0000000E+000  0.0000000E+000 -0.1423901E+003  0.4571292E+003  0.0000000E+000  0.2309298E+003  0.1894202E+003 -0.4711597E-001  0.0000000E+000  0.4369591E+000  0.7304629E+000  0.3600000E+003 -0.1436046E+003  0.0000000E+000  0.2246052E+003  0.3159020E+003  0.9646665E+003  0.9670469E+003  0.9509087E+003  0.9532783E+003  0.3455363E+003  0.4623150E+003  0.3934814E+003  0.3292556E+003
010101998f25cd1   58.000    27021998  0.4039268E+003  0.5797349E+004  0.0000000E+000  0.0000000E+000 -0.1439751E+003  0.4619751E+003  0.0000000E+000  0.2307290E+003  0.1879330E+003 -0.4693292E-001  0.0000000E+000  0.4410213E+000  0.7407766E+000  0.3600000E+003 -0.1452038E+003  0.0000000E+000  0.2250273E+003  0.3158439E+003  0.9645148E+003  0.9669211E+003  0.9508118E+003  0.9532026E+003  0.3455132E+003  0.4622853E+003  0.3934619E+003  0.3292474E+003
010101998f25cd1   59.000    28021998  0.4024393E+003  0.5797233E+004  0.0000000E+000  0.0000000E+000 -0.1454731E+003  0.4659607E+003  0.0000000E+000  0.2305030E+003  0.1864649E+003 -0.4675010E-001  0.0000000E+000  0.4451193E+000  0.7500354E+000  0.3600000E+003 -0.1467150E+003  0.0000000E+000  0.2254601E+003  0.3157937E+003  0.9643660E+003  0.9668016E+003  0.9507164E+003  0.9531285E+003  0.3454904E+003  0.4622561E+003  0.3934427E+003  0.3292394E+003
010101998f25cd1   60.000    01031998  0.4009905E+003  0.5797117E+004  0.0000000E+000  0.0000000E+000 -0.1469379E+003  0.4701012E+003  0.0000000E+000  0.2302644E+003  0.1850342E+003 -0.4657418E-001  0.0000000E+000  0.4494163E+000  0.7606412E+000  0.3600000E+003 -0.1481945E+003  0.0000000E+000  0.2258851E+003  0.3157450E+003  0.9642194E+003  0.9666838E+003  0.9506221E+003  0.9530565E+003  0.3454683E+003  0.4622272E+003  0.3934237E+003  0.3292315E+003
010101998f25cd1   61.000    02031998  0.3995764E+003  0.5797004E+004  0.0000000E+000  0.0000000E+000 -0.1483803E+003  0.4743523E+003  0.0000000E+000  0.2300102E+003  0.1836512E+003 -0.4639655E-001  0.0000000E+000  0.4535570E+000  0.7710900E+000  0.3600000E+003 -0.1496514E+003  0.0000000E+000  0.2262950E+003  0.3156926E+003  0.9640767E+003  0.9665681E+003  0.9505265E+003  0.9529856E+003  0.3454468E+003  0.4621987E+003  0.3934052E+003  0.3292238E+003
010101998f25cd1   62.000    03031998  0.3982003E+003  0.5796896E+004  0.0000000E+000  0.0000000E+000 -0.1498017E+003  0.4787022E+003  0.0000000E+000  0.2297357E+003  0.1823200E+003 -0.4620862E-001  0.0000000E+000  0.4572950E+000  0.7797438E+000  0.3600000E+003 -0.1510850E+003  0.0000000E+000  0.2266853E+003  0.3156404E+003  0.9639397E+003  0.9664518E+003  0.9504359E+003  0.9529159E+003  0.3454258E+003  0.4621703E+003  0.3933869E+003  0.3292161E+003
010101998f25cd1   63.000    04031998  0.3968581E+003  0.5796793E+004  0.0000000E+000  0.0000000E+000 -0.1511551E+003  0.4823779E+003  0.0000000E+000  0.2294464E+003  0.1810050E+003 -0.4602312E-001  0.0000000E+000  0.4611221E+000  0.7880179E+000  0.3600000E+003 -0.1524503E+003  0.0000000E+000  0.2270791E+003  0.3155946E+003  0.9638063E+003  0.9663406E+003  0.9503466E+003  0.9528476E+003  0.3454051E+003  0.4621423E+003  0.3933689E+003  0.3292083E+003
010101998f25cd1   64.000    05031998  0.3955514E+003  0.5796692E+004  0.0000000E+000  0.0000000E+000 -0.1525323E+003  0.4870031E+003  0.0000000E+000  0.2291413E+003  0.1797696E+003 -0.4582454E-001  0.0000000E+000  0.4644189E+000  0.7949982E+000  0.3600000E+003 -0.1538375E+003  0.0000000E+000  0.2274301E+003  0.3155410E+003  0.9636765E+003  0.9662300E+003  0.9502590E+003  0.9527806E+003  0.3453849E+003  0.4621146E+003  0.3933507E+003  0.3292004E+003
010101998f25cd1   65.000    06031998  0.3942737E+003  0.5796599E+004  0.0000000E+000  0.0000000E+000 -0.1538334E+003  0.4907324E+003  0.0000000E+000  0.2288208E+003  0.1785342E+003 -0.4561791E-001  0.0000000E+000  0.4674875E+000  0.8000774E+000  0.3600000E+003 -0.1551466E+003  0.0000000E+000  0.2277988E+003  0.3154924E+003  0.9635524E+003  0.9661243E+003  0.9501729E+003  0.9527150E+003  0.3453651E+003  0.4620873E+003  0.3933327E+003  0.3291927E+003
010101998f25cd1   66.000    07031998  0.3930287E+003  0.5796507E+004  0.0000000E+000  0.0000000E+000 -0.1551293E+003  0.4947527E+003  0.0000000E+000  0.2284896E+003  0.1773547E+003 -0.4540540E-001  0.0000000E+000  0.4702981E+000  0.8044289E+000  0.3600000E+003 -0.1564494E+003  0.0000000E+000  0.2281413E+003  0.3154411E+003  0.9634301E+003  0.9660204E+003  0.9500884E+003  0.9526519E+003  0.3453436E+003  0.4620604E+003  0.3933148E+003  0.3291850E+003
010101998f25cd1   67.000    08031998  0.3918141E+003  0.5796418E+004  0.0000000E+000  0.0000000E+000 -0.1563868E+003  0.4982053E+003  0.0000000E+000  0.2281456E+003  0.1761965E+003 -0.4518406E-001  0.0000000E+000  0.4727795E+000  0.8072912E+000  0.3600000E+003 -0.1577121E+003  0.0000000E+000  0.2284845E+003  0.3153923E+003  0.9633108E+003  0.9659188E+003  0.9500069E+003  0.9525900E+003  0.3453216E+003  0.4620338E+003  0.3932972E+003  0.3291773E+003
010101998f25cd1   68.000    09031998  0.3905985E+003  0.5796331E+004  0.0000000E+000  0.0000000E+000 -0.1573369E+003  0.4948844E+003  0.0000000E+000  0.2278252E+003  0.1747717E+003 -0.4510697E-001  0.0000000E+000  0.4801796E+000  0.8264842E+000  0.3600000E+003 -0.1586887E+003  0.0000000E+000  0.2289637E+003  0.3154328E+003  0.9632184E+003  0.9658215E+003  0.9499286E+003  0.9525334E+003  0.3453008E+003  0.4620076E+003  0.3932797E+003  0.3291698E+003
010101998f25cd1   69.000    10031998  0.3894131E+003  0.5796203E+004  0.0000000E+000  0.0000000E+000 -0.1585533E+003  0.5001768E+003  0.0000000E+000  0.2275362E+003  0.1736656E+003 -0.4502217E-001  0.0000000E+000  0.4864595E+000  0.8605778E+000  0.3600000E+003 -0.1599454E+003  0.0000000E+000  0.2292750E+003  0.3153800E+003  0.9630861E+003  0.9657134E+003  0.9498418E+003  0.9524655E+003  0.3452813E+003  0.4619819E+003  0.3932624E+003  0.3291623E+003
010101998f25cd1   70.000    11031998  0.3882395E+003  0.5796097E+004  0.0000000E+000  0.0000000E+000 -0.1598124E+003  0.5056535E+003  0.0000000E+000  0.2272131E+003  0.1725665E+003 -0.4489886E-001  0.0000000E+000  0.4917947E+000  0.8834898E+000  0.3600000E+003 -0.1612326E+003  0.0000000E+000  0.2295913E+003  0.3153299E+003  0.9629624E+003  0.9656105E+003  0.9497597E+003  0.9524016E+003  0.3452585E+003  0.4619566E+003  0.3932454E+003  0.3291549E+003
010101998f25cd1   71.000    12031998  0.3870890E+003  0.5796005E+004  0.0000000E+000  0.0000000E+000 -0.1610504E+003  0.5108939E+003  0.0000000E+000  0.2268656E+003  0.1714965E+003 -0.4473786E-001  0.0000000E+000  0.4962021E+000  0.8975229E+000  0.3600000E+003 -0.1624889E+003  0.0000000E+000  0.2298958E+003  0.3152828E+003  0.9628436E+003  0.9655120E+003  0.9496807E+003  0.9523398E+003  0.3452365E+003  0.4619312E+003  0.3932285E+003  0.3291477E+003
010101998f25cd1   72.000    13031998  0.3859632E+003  0.5795922E+004  0.0000000E+000  0.0000000E+000 -0.1622357E+003  0.5147426E+003  0.0000000E+000  0.2264964E+003  0.1704563E+003 -0.4454700E-001  0.0000000E+000  0.4996294E+000  0.9055061E+000  0.3600000E+003 -0.1636854E+003  0.0000000E+000  0.2301903E+003  0.3152368E+003  0.9627307E+003  0.9654173E+003  0.9496040E+003  0.9522800E+003  0.3452145E+003  0.4619058E+003  0.3932118E+003  0.3291404E+003
010101998f25cd1   73.000    14031998  0.3848596E+003  0.5795847E+004  0.0000000E+000  0.0000000E+000 -0.1633733E+003  0.5188064E+003  0.0000000E+000  0.2261104E+003  0.1694387E+003 -0.4432901E-001  0.0000000E+000  0.5021602E+000  0.9099833E+000  0.3600000E+003 -0.1648297E+003  0.0000000E+000  0.2304799E+003  0.3151921E+003  0.9626216E+003  0.9653253E+003  0.9495296E+003  0.9522220E+003  0.3451923E+003  0.4618806E+003  0.3931952E+003  0.3291332E+003
010101998f25cd1   74.000    15031998  0.3837757E+003  0.5795777E+004  0.0000000E+000  0.0000000E+000 -0.1644915E+003  0.5226586E+003  0.0000000E+000  0.2257121E+003  0.1684405E+003 -0.4408988E-001  0.0000000E+000  0.5040321E+000  0.9119539E+000  0.3600000E+003 -0.1659515E+003  0.0000000E+000  0.2307655E+003  0.3151487E+003  0.9625143E+003  0.9652358E+003  0.9494568E+003  0.9521655E+003  0.3451705E+003  0.4618556E+003  0.3931787E+003  0.3291259E+003
010101998f25cd1   75.000    16031998  0.3827116E+003  0.5795712E+004  0.0000000E+000  0.0000000E+000 -0.1655905E+003  0.5261760E+003  0.0000000E+000  0.2253055E+003  0.1674615E+003 -0.4383735E-001  0.0000000E+000  0.5054846E+000  0.9123581E+000  0.3600000E+003 -0.1670522E+003  0.0000000E+000  0.2310478E+003  0.3151062E+003  0.9624093E+003  0.9651485E+003  0.9493857E+003  0.9521098E+003  0.3451487E+003  0.4618308E+003  0.3931624E+003  0.3291187E+003
010101998f25cd1   76.000    17031998  0.3816660E+003  0.5795651E+004  0.0000000E+000  0.0000000E+000 -0.1666608E+003  0.5291489E+003  0.0000000E+000  0.2248943E+003  0.1664983E+003 -0.4358069E-001  0.0000000E+000  0.5067298E+000  0.9119610E+000  0.3600000E+003 -0.1681230E+003  0.0000000E+000  0.2313275E+003  0.3150648E+003  0.9623068E+003  0.9650642E+003  0.9493157E+003  0.9520552E+003  0.3451273E+003  0.4618063E+003  0.3931461E+003  0.3291115E+003
010101998f25cd1   77.000    18031998  0.3806384E+003  0.5795593E+004  0.0000000E+000  0.0000000E+000 -0.1677002E+003  0.5319027E+003  0.0000000E+000  0.2244800E+003  0.1655513E+003 -0.4332508E-001  0.0000000E+000  0.5078910E+000  0.9112312E+000  0.3600000E+003 -0.1691627E+003  0.0000000E+000  0.2316038E+003  0.3150246E+003  0.9622079E+003  0.9649811E+003  0.9492467E+003  0.9520015E+003  0.3451063E+003  0.4617821E+003  0.3931300E+003  0.3291045E+003
010101998f25cd1   78.000    19031998  0.3796213E+003  0.5795539E+004  0.0000000E+000  0.0000000E+000 -0.1687160E+003  0.5352036E+003  0.0000000E+000  0.2240635E+003  0.1646166E+003 -0.4306888E-001  0.0000000E+000  0.5089800E+000  0.9102952E+000  0.3600000E+003 -0.1701784E+003  0.0000000E+000  0.2318761E+003  0.3149847E+003  0.9621108E+003  0.9648982E+003  0.9491791E+003  0.9519484E+003  0.3450855E+003  0.4617582E+003  0.3931140E+003  0.3290975E+003
010101998f25cd1   79.000    20031998  0.3786045E+003  0.5795486E+004  0.0000000E+000  0.0000000E+000 -0.1697302E+003  0.5381413E+003  0.0000000E+000  0.2236436E+003  0.1636832E+003 -0.4281370E-001  0.0000000E+000  0.5099261E+000  0.9089736E+000  0.3600000E+003 -0.1711919E+003  0.0000000E+000  0.2321484E+003  0.3149454E+003  0.9620112E+003  0.9648160E+003  0.9491120E+003  0.9518959E+003  0.3450649E+003  0.4617345E+003  0.3930981E+003  0.3290905E+003
010101998f25cd1   80.000    21031998  0.3775968E+003  0.5795434E+004  0.0000000E+000  0.0000000E+000 -0.1707354E+003  0.5410611E+003  0.0000000E+000  0.2232223E+003  0.1627579E+003 -0.4255920E-001  0.0000000E+000  0.5108666E+000  0.9075940E+000  0.3600000E+003 -0.1721964E+003  0.0000000E+000  0.2324191E+003  0.3149061E+003  0.9619120E+003  0.9647345E+003  0.9490457E+003  0.9518441E+003  0.3450446E+003  0.4617110E+003  0.3930823E+003  0.3290836E+003
010101998f25cd1   81.000    22031998  0.3765960E+003  0.5795384E+004  0.0000000E+000  0.0000000E+000 -0.1717284E+003  0.5443382E+003  0.0000000E+000  0.2227987E+003  0.1618408E+003 -0.4230480E-001  0.0000000E+000  0.5117899E+000  0.9061993E+000  0.3600000E+003 -0.1731887E+003  0.0000000E+000  0.2326863E+003  0.3148671E+003  0.9618143E+003  0.9646553E+003  0.9489788E+003  0.9517927E+003  0.3450244E+003  0.4616877E+003  0.3930667E+003  0.3290768E+003
010101998f25cd1   82.000    23031998  0.3755994E+003  0.5795336E+004  0.0000000E+000  0.0000000E+000 -0.1727206E+003  0.5470193E+003  0.0000000E+000  0.2223719E+003  0.1609299E+003 -0.4205178E-001  0.0000000E+000  0.5126312E+000  0.9046263E+000  0.3600000E+003 -0.1741800E+003  0.0000000E+000  0.2329519E+003  0.3148283E+003  0.9617173E+003  0.9645753E+003  0.9489135E+003  0.9517417E+003  0.3450044E+003  0.4616646E+003  0.3930511E+003  0.3290700E+003
010101998f25cd1   83.000    24031998  0.3746142E+003  0.5795292E+004  0.0000000E+000  0.0000000E+000 -0.1736983E+003  0.5499194E+003  0.0000000E+000  0.2219417E+003  0.1600306E+003 -0.4179820E-001  0.0000000E+000  0.5134652E+000  0.9030367E+000  0.3600000E+003 -0.1751566E+003  0.0000000E+000  0.2332151E+003  0.3147899E+003  0.9616218E+003  0.9644966E+003  0.9488487E+003  0.9516913E+003  0.3449846E+003  0.4616417E+003  0.3930356E+003  0.3290633E+003
010101998f25cd1   84.000    25031998  0.3736424E+003  0.5795245E+004  0.0000000E+000  0.0000000E+000 -0.1746637E+003  0.5521923E+003  0.0000000E+000  0.2215084E+003  0.1591443E+003 -0.4154605E-001  0.0000000E+000  0.5142793E+000  0.9014088E+000  0.3600000E+003 -0.1761210E+003  0.0000000E+000  0.2334737E+003  0.3147516E+003  0.9615276E+003  0.9644199E+003  0.9487828E+003  0.9516414E+003  0.3449649E+003  0.4616189E+003  0.3930202E+003  0.3290566E+003
010101998f25cd1   85.000    26031998  0.3726678E+003  0.5795204E+004  0.0000000E+000  0.0000000E+000 -0.1754830E+003  0.5521113E+003  0.0000000E+000  0.2210901E+003  0.1581507E+003 -0.4137449E-001  0.0000000E+000  0.5168468E+000  0.9052317E+000  0.3600000E+003 -0.1769465E+003  0.0000000E+000  0.2338060E+003  0.3147373E+003  0.9614393E+003  0.9643446E+003  0.9487200E+003  0.9515922E+003  0.3449455E+003  0.4615963E+003  0.3930049E+003  0.3290500E+003
010101998f25cd1   86.000    27031998  0.3717036E+003  0.5795151E+004  0.0000000E+000  0.0000000E+000 -0.1763036E+003  0.5523989E+003  0.0000000E+000  0.2206946E+003  0.1571397E+003 -0.4125352E-001  0.0000000E+000  0.5216078E+000  0.9210047E+000  0.3600000E+003 -0.1777875E+003  0.0000000E+000  0.2341653E+003  0.3147172E+003  0.9613493E+003  0.9642609E+003  0.9486604E+003  0.9515441E+003  0.3449266E+003  0.4615739E+003  0.3929898E+003  0.3290434E+003
010101998f25cd1   87.000    28031998  0.3707653E+003  0.5795097E+004  0.0000000E+000  0.0000000E+000 -0.1770376E+003  0.5502921E+003  0.0000000E+000  0.2203012E+003  0.1560681E+003 -0.4118596E-001  0.0000000E+000  0.5280144E+000  0.9485828E+000  0.3600000E+003 -0.1785554E+003  0.0000000E+000  0.2345614E+003  0.3147292E+003  0.9612690E+003  0.9641832E+003  0.9485978E+003  0.9514962E+003  0.3449105E+003  0.4615516E+003  0.3929751E+003  0.3290368E+003
010101998f25cd1   88.000    29031998  0.3698557E+003  0.5795027E+004  0.0000000E+000  0.0000000E+000 -0.1778565E+003  0.5501478E+003  0.0000000E+000  0.2199296E+003  0.1551325E+003 -0.4114848E-001  0.0000000E+000  0.5346822E+000  0.9893577E+000  0.3600000E+003 -0.1794217E+003  0.0000000E+000  0.2348874E+003  0.3147050E+003  0.9611777E+003  0.9641023E+003  0.9485298E+003  0.9514442E+003  0.3448925E+003  0.4615353E+003  0.3929634E+003  0.3290303E+003
010101998f25cd1   89.000    30031998  0.3689579E+003  0.5794968E+004  0.0000000E+000  0.0000000E+000 -0.1786340E+003  0.5483579E+003  0.0000000E+000  0.2195377E+003  0.1541053E+003 -0.4111545E-001  0.0000000E+000  0.5416822E+000  0.1029533E+001  0.3600000E+003 -0.1802463E+003  0.0000000E+000  0.2352488E+003  0.3147256E+003  0.9611115E+003  0.9640216E+003  0.9484675E+003  0.9513964E+003  0.3448738E+003  0.4615176E+003  0.3929522E+003  0.3290239E+003
010101998f25cd1   90.000    31031998  0.3680432E+003  0.5794905E+004  0.0000000E+000  0.0000000E+000 -0.1795169E+003  0.5449125E+003  0.0000000E+000  0.2191678E+003  0.1530845E+003 -0.4111305E-001  0.0000000E+000  0.5500301E+000  0.1083751E+001  0.3600000E+003 -0.1811918E+003  0.0000000E+000  0.2356169E+003  0.3147262E+003  0.9610309E+003  0.9639364E+003  0.9484038E+003  0.9513449E+003  0.3448560E+003  0.4614984E+003  0.3929508E+003  0.3290190E+003
010101998f25cd1   91.000    01041998  0.3671506E+003  0.5794845E+004  0.0000000E+000  0.0000000E+000 -0.1803399E+003  0.5455078E+003  0.0000000E+000  0.2187817E+003  0.1521278E+003 -0.4108031E-001  0.0000000E+000  0.5569673E+000  0.1136032E+001  0.3600000E+003 -0.1820740E+003  0.0000000E+000  0.2359565E+003  0.3147185E+003  0.9609512E+003  0.9638541E+003  0.9483408E+003  0.9512967E+003  0.3448373E+003  0.4614762E+003  0.3929399E+003  0.3290168E+003
010101998f25cd1   92.000    02041998  0.3662729E+003  0.5794783E+004  0.0000000E+000  0.0000000E+000 -0.1811383E+003  0.5471890E+003  0.0000000E+000  0.2183940E+003  0.1512311E+003 -0.4104570E-001  0.0000000E+000  0.5637275E+000  0.1188933E+001  0.3600000E+003 -0.1829320E+003  0.0000000E+000  0.2362618E+003  0.3146989E+003  0.9608675E+003  0.9637749E+003  0.9482769E+003  0.9512487E+003  0.3448189E+003  0.4614549E+003  0.3929289E+003  0.3290140E+003
010101998f25cd1   93.000    03041998  0.3654147E+003  0.5794721E+004  0.0000000E+000  0.0000000E+000 -0.1819816E+003  0.5510239E+003  0.0000000E+000  0.2179985E+003  0.1504015E+003 -0.4098994E-001  0.0000000E+000  0.5699730E+000  0.1239092E+001  0.3600000E+003 -0.1838316E+003  0.0000000E+000  0.2365327E+003  0.3146675E+003  0.9607805E+003  0.9636957E+003  0.9482167E+003  0.9512011E+003  0.3448001E+003  0.4614328E+003  0.3929161E+003  0.3290118E+003
010101998f25cd1   94.000    04041998  0.3645748E+003  0.5794662E+004  0.0000000E+000  0.0000000E+000 -0.1829048E+003  0.5562332E+003  0.0000000E+000  0.2175924E+003  0.1496258E+003 -0.4090396E-001  0.0000000E+000  0.5755451E+000  0.1278714E+001  0.3600000E+003 -0.1847999E+003  0.0000000E+000  0.2367717E+003  0.3146318E+003  0.9606971E+003  0.9636169E+003  0.9481563E+003  0.9511546E+003  0.3447813E+003  0.4614106E+003  0.3929036E+003  0.3290078E+003
010101998f25cd1   95.000    05041998  0.3637472E+003  0.5794609E+004  0.0000000E+000  0.0000000E+000 -0.1837083E+003  0.5598228E+003  0.0000000E+000  0.2171800E+003  0.1488229E+003 -0.4080676E-001  0.0000000E+000  0.5810052E+000  0.1309950E+001  0.3600000E+003 -0.1856400E+003  0.0000000E+000  0.2370376E+003  0.3146042E+003  0.9606181E+003  0.9635405E+003  0.9480982E+003  0.9511100E+003  0.3447633E+003  0.4613888E+003  0.3928918E+003  0.3290027E+003
010101998f25cd1   96.000    06041998  0.3629330E+003  0.5794556E+004  0.0000000E+000  0.0000000E+000 -0.1844594E+003  0.5629468E+003  0.0000000E+000  0.2167678E+003  0.1480248E+003 -0.4071257E-001  0.0000000E+000  0.5865293E+000  0.1340231E+001  0.3600000E+003 -0.1864268E+003  0.0000000E+000  0.2373065E+003  0.3145783E+003  0.9605372E+003  0.9634659E+003  0.9480417E+003  0.9510663E+003  0.3447460E+003  0.4613676E+003  0.3928802E+003  0.3289968E+003
010101998f25cd1   97.000    07041998  0.3621133E+003  0.5794506E+004  0.0000000E+000  0.0000000E+000 -0.1852082E+003  0.5661284E+003  0.0000000E+000  0.2163563E+003  0.1472236E+003 -0.4062100E-001  0.0000000E+000  0.5920516E+000  0.1370703E+001  0.3600000E+003 -0.1872116E+003  0.0000000E+000  0.2375734E+003  0.3145526E+003  0.9604555E+003  0.9633928E+003  0.9479855E+003  0.9510229E+003  0.3447289E+003  0.4613470E+003  0.3928690E+003  0.3289908E+003
010101998f25cd1   98.000    08041998  0.3612903E+003  0.5794459E+004  0.0000000E+000  0.0000000E+000 -0.1859491E+003  0.5689702E+003  0.0000000E+000  0.2159430E+003  0.1464160E+003 -0.4053312E-001  0.0000000E+000  0.5975654E+000  0.1401344E+001  0.3600000E+003 -0.1879886E+003  0.0000000E+000  0.2378438E+003  0.3145291E+003  0.9603755E+003  0.9633189E+003  0.9479285E+003  0.9509798E+003  0.3447118E+003  0.4613266E+003  0.3928579E+003  0.3289848E+003
010101998f25cd1   99.000    09041998  0.3604855E+003  0.5794413E+004  0.0000000E+000  0.0000000E+000 -0.1867054E+003  0.5725602E+003  0.0000000E+000  0.2155255E+003  0.1456428E+003 -0.4044020E-001  0.0000000E+000  0.6029078E+000  0.1431401E+001  0.3600000E+003 -0.1887802E+003  0.0000000E+000  0.2380985E+003  0.3145026E+003  0.9602969E+003  0.9632488E+003  0.9478680E+003  0.9509366E+003  0.3446947E+003  0.4613064E+003  0.3928470E+003  0.3289786E+003
010101998f25cd1  100.000    10041998  0.3596983E+003  0.5794365E+004  0.0000000E+000  0.0000000E+000 -0.1874534E+003  0.5760291E+003  0.0000000E+000  0.2151059E+003  0.1448895E+003 -0.4033981E-001  0.0000000E+000  0.6080661E+000  0.1459060E+001  0.3600000E+003 -0.1895609E+003  0.0000000E+000  0.2383465E+003  0.3144761E+003  0.9602198E+003  0.9631777E+003  0.9478112E+003  0.9508942E+003  0.3446777E+003  0.4612863E+003  0.3928362E+003  0.3289725E+003
