    DOY     DATE    RESIDUE_P       HUMUS_P         FERTZR_P        NET_PL_EXCH_P   EXCH_PO4        SUR_DOP+SED_FLX SUB_DOP_FLX     SUB_DIP_FLX     PRECIP_P        MICRO_P         FIRE_POX_EMIT   PO4_1           PO4_2           PO4_12          PO4_13          PO4_14          PO4_15          EXCH_P_1        EXCH_P_2        
010101998f25pd1    1.000    01011998  0.2272007E+001  0.1410741E+003  0.0000000E+000  0.0000000E+000  0.1501866E+001  0.0000000E+000  0.7755795E-002  0.1145524E-001  0.1666990E+004  0.2426512E+001  0.0000000E+000  0.9832663E+000  0.1234060E+001  0.4634447E+000  0.4634113E+000  0.0000000E+000  0.0000000E+000  0.2847567E+000  0.5189399E+000
010101998f25pd1    2.000    02011998  0.2271685E+001  0.1409840E+003  0.0000000E+000  0.0000000E+000  0.1801444E+001  0.0000000E+000  0.8923737E-002  0.2116728E-001  0.1666888E+004  0.2444154E+001  0.0000000E+000  0.1370194E+001  0.8966172E+000  0.3874801E+000  0.3874315E+000  0.0000000E+000  0.0000000E+000  0.4827127E+000  0.8222530E+000
010101998f25pd1    3.000    03011998  0.2274754E+001  0.1408994E+003  0.0000000E+000  0.0000000E+000  0.2068528E+001  0.0000000E+000  0.9654189E-002  0.2859539E-001  0.1666773E+004  0.2463398E+001  0.0000000E+000  0.8838230E+000  0.1019156E+001  0.3330086E+000  0.3329527E+000  0.0000000E+000  0.0000000E+000  0.6643186E+000  0.1107772E+001
010101998f25pd1    4.000    04011998  0.2277568E+001  0.1408194E+003  0.0000000E+000  0.0000000E+000  0.2320844E+001  0.0000000E+000  0.1017688E-001  0.3455783E-001  0.1666659E+004  0.2480361E+001  0.0000000E+000  0.7024699E+000  0.1097367E+001  0.2870415E+000  0.2869805E+000  0.0000000E+000  0.0000000E+000  0.7976910E+000  0.1390741E+001
010101998f25pd1    5.000    05011998  0.2279712E+001  0.1407437E+003  0.0000000E+000  0.0000000E+000  0.2556460E+001  0.0000000E+000  0.1055851E-001  0.3925667E-001  0.1666548E+004  0.2494912E+001  0.0000000E+000  0.4032690E+000  0.1120131E+001  0.2493322E+000  0.2492676E+000  0.0000000E+000  0.0000000E+000  0.8857347E+000  0.1677237E+001
010101998f25pd1    6.000    06011998  0.2283187E+001  0.1406711E+003  0.0000000E+000  0.0000000E+000  0.2779054E+001  0.0000000E+000  0.1082013E-001  0.4277005E-001  0.1666429E+004  0.2510545E+001  0.0000000E+000  0.2407441E+000  0.1101354E+001  0.2210157E+000  0.2209496E+000  0.0000000E+000  0.0000000E+000  0.9305142E+000  0.1949769E+001
010101998f25pd1    7.000    07011998  0.2287644E+001  0.1406014E+003  0.0000000E+000  0.0000000E+000  0.2972185E+001  0.0000000E+000  0.1098731E-001  0.4516639E-001  0.1666355E+004  0.2526808E+001  0.0000000E+000  0.2172725E+000  0.1075358E+001  0.1758969E+000  0.1757879E+000  0.0000000E+000  0.0000000E+000  0.9669766E+000  0.2198097E+001
010101998f25pd1    8.000    08011998  0.2292668E+001  0.1405339E+003  0.0000000E+000  0.0000000E+000  0.3140883E+001  0.0000000E+000  0.1111571E-001  0.4683053E-001  0.1666274E+004  0.2543176E+001  0.0000000E+000  0.7011230E-001  0.1068248E+001  0.1537561E+000  0.1536691E+000  0.0000000E+000  0.0000000E+000  0.9905553E+000  0.2425944E+001
010101998f25pd1    9.000    09011998  0.2297218E+001  0.1404678E+003  0.0000000E+000  0.0000000E+000  0.3298623E+001  0.0000000E+000  0.1120941E-001  0.4809425E-001  0.1666193E+004  0.2558731E+001  0.0000000E+000  0.4059980E-001  0.1067279E+001  0.1419640E+000  0.1418901E+000  0.0000000E+000  0.0000000E+000  0.9972332E+000  0.2648208E+001
010101998f25pd1   10.000    10011998  0.2301207E+001  0.1404027E+003  0.0000000E+000  0.0000000E+000  0.3449907E+001  0.0000000E+000  0.1127640E-001  0.4909347E-001  0.1666110E+004  0.2573834E+001  0.0000000E+000  0.3007664E-001  0.1071483E+001  0.1361708E+000  0.1361060E+000  0.0000000E+000  0.0000000E+000  0.1002016E+001  0.2877325E+001
010101998f25pd1   11.000    11011998  0.2304763E+001  0.1403383E+003  0.0000000E+000  0.0000000E+000  0.3597528E+001  0.0000000E+000  0.1132478E-001  0.4989800E-001  0.1666027E+004  0.2589028E+001  0.0000000E+000  0.2540709E-001  0.1062909E+001  0.1336162E+000  0.1335577E+000  0.0000000E+000  0.0000000E+000  0.1005621E+001  0.3118601E+001
010101998f25pd1   12.000    12011998  0.2308317E+001  0.1402745E+003  0.0000000E+000  0.0000000E+000  0.3742849E+001  0.0000000E+000  0.1136200E-001  0.5058324E-001  0.1665944E+004  0.2604802E+001  0.0000000E+000  0.2500465E-001  0.1038094E+001  0.1326809E+000  0.1326269E+000  0.0000000E+000  0.0000000E+000  0.1008851E+001  0.3361468E+001
010101998f25pd1   13.000    13011998  0.2311710E+001  0.1402114E+003  0.0000000E+000  0.0000000E+000  0.3886593E+001  0.0000000E+000  0.1139390E-001  0.5120293E-001  0.1665860E+004  0.2622055E+001  0.0000000E+000  0.2454802E-001  0.1037160E+001  0.1325248E+000  0.1324740E+000  0.0000000E+000  0.0000000E+000  0.1012079E+001  0.3603582E+001
010101998f25pd1   14.000    14011998  0.2314951E+001  0.1401493E+003  0.0000000E+000  0.0000000E+000  0.4029028E+001  0.0000000E+000  0.1142326E-001  0.5178424E-001  0.1665776E+004  0.2640215E+001  0.0000000E+000  0.2410984E-001  0.1024157E+001  0.1327378E+000  0.1326896E+000  0.0000000E+000  0.0000000E+000  0.1015219E+001  0.3843599E+001
010101998f25pd1   15.000    15011998  0.2318038E+001  0.1400882E+003  0.0000000E+000  0.0000000E+000  0.4170185E+001  0.0000000E+000  0.1145047E-001  0.5233135E-001  0.1665692E+004  0.2659195E+001  0.0000000E+000  0.2365327E-001  0.1007302E+001  0.1331247E+000  0.1330786E+000  0.0000000E+000  0.0000000E+000  0.1018258E+001  0.4079710E+001
010101998f25pd1   16.000    16011998  0.2320999E+001  0.1400286E+003  0.0000000E+000  0.0000000E+000  0.4310030E+001  0.0000000E+000  0.1147604E-001  0.5284612E-001  0.1665607E+004  0.2678606E+001  0.0000000E+000  0.2319956E-001  0.9878867E+000  0.1335935E+000  0.1335492E+000  0.0000000E+000  0.0000000E+000  0.1021200E+001  0.4310858E+001
010101998f25pd1   17.000    17011998  0.2323798E+001  0.1399703E+003  0.0000000E+000  0.0000000E+000  0.4448544E+001  0.0000000E+000  0.1150007E-001  0.5332606E-001  0.1665523E+004  0.2698968E+001  0.0000000E+000  0.2279564E-001  0.9686864E+000  0.1341010E+000  0.1340583E+000  0.0000000E+000  0.0000000E+000  0.1024047E+001  0.4536661E+001
010101998f25pd1   18.000    18011998  0.2326416E+001  0.1399134E+003  0.0000000E+000  0.0000000E+000  0.4585782E+001  0.0000000E+000  0.1152237E-001  0.5377080E-001  0.1665439E+004  0.2720558E+001  0.0000000E+000  0.2241063E-001  0.9504743E+000  0.1346266E+000  0.1345854E+000  0.0000000E+000  0.0000000E+000  0.1026789E+001  0.4757239E+001
010101998f25pd1   19.000    19011998  0.2328842E+001  0.1398578E+003  0.0000000E+000  0.0000000E+000  0.4721809E+001  0.0000000E+000  0.1154241E-001  0.5416986E-001  0.1665354E+004  0.2743430E+001  0.0000000E+000  0.2204177E-001  0.9331963E+000  0.1351606E+000  0.1351208E+000  0.0000000E+000  0.0000000E+000  0.1029444E+001  0.4972809E+001
010101998f25pd1   20.000    20011998  0.2331060E+001  0.1398036E+003  0.0000000E+000  0.0000000E+000  0.4856679E+001  0.0000000E+000  0.1156112E-001  0.5453824E-001  0.1665270E+004  0.2767379E+001  0.0000000E+000  0.2168740E-001  0.9166749E+000  0.1356983E+000  0.1356599E+000  0.0000000E+000  0.0000000E+000  0.1032022E+001  0.5183606E+001
010101998f25pd1   21.000    21011998  0.2333061E+001  0.1397505E+003  0.0000000E+000  0.0000000E+000  0.4990443E+001  0.0000000E+000  0.1157864E-001  0.5488060E-001  0.1665186E+004  0.2791857E+001  0.0000000E+000  0.2133697E-001  0.9007923E+000  0.1362374E+000  0.1362001E+000  0.0000000E+000  0.0000000E+000  0.1034508E+001  0.5389822E+001
010101998f25pd1   22.000    22011998  0.2334860E+001  0.1396986E+003  0.0000000E+000  0.0000000E+000  0.5123133E+001  0.0000000E+000  0.1159534E-001  0.5520013E-001  0.1665101E+004  0.2816144E+001  0.0000000E+000  0.2096874E-001  0.8850135E+000  0.1367768E+000  0.1367405E+000  0.0000000E+000  0.0000000E+000  0.1036896E+001  0.5591534E+001
010101998f25pd1   23.000    23011998  0.2336502E+001  0.1396480E+003  0.0000000E+000  0.0000000E+000  0.5254742E+001  0.0000000E+000  0.1161123E-001  0.5549874E-001  0.1665017E+004  0.2839337E+001  0.0000000E+000  0.2057361E-001  0.8687275E+000  0.1373159E+000  0.1372806E+000  0.0000000E+000  0.0000000E+000  0.1039196E+001  0.5788633E+001
010101998f25pd1   24.000    24011998  0.2338046E+001  0.1395988E+003  0.0000000E+000  0.0000000E+000  0.5385228E+001  0.0000000E+000  0.1162664E-001  0.5577798E-001  0.1664932E+004  0.2860665E+001  0.0000000E+000  0.2017830E-001  0.8516093E+000  0.1378543E+000  0.1378201E+000  0.0000000E+000  0.0000000E+000  0.1041391E+001  0.5980901E+001
010101998f25pd1   25.000    25011998  0.2339422E+001  0.1395508E+003  0.0000000E+000  0.0000000E+000  0.5514584E+001  0.0000000E+000  0.1164130E-001  0.5603621E-001  0.1664848E+004  0.2881192E+001  0.0000000E+000  0.1984024E-001  0.8356783E+000  0.1383920E+000  0.1383586E+000  0.0000000E+000  0.0000000E+000  0.1043473E+001  0.6168440E+001
010101998f25pd1   26.000    26011998  0.2340622E+001  0.1395040E+003  0.0000000E+000  0.0000000E+000  0.5642888E+001  0.0000000E+000  0.1165529E-001  0.5627387E-001  0.1664764E+004  0.2900971E+001  0.0000000E+000  0.1951000E-001  0.8208818E+000  0.1389289E+000  0.1388962E+000  0.0000000E+000  0.0000000E+000  0.1045475E+001  0.6351573E+001
010101998f25pd1   27.000    27011998  0.2341672E+001  0.1394583E+003  0.0000000E+000  0.0000000E+000  0.5770184E+001  0.0000000E+000  0.1166883E-001  0.5649384E-001  0.1664681E+004  0.2919489E+001  0.0000000E+000  0.1916063E-001  0.8061899E+000  0.1394650E+000  0.1394331E+000  0.0000000E+000  0.0000000E+000  0.1047394E+001  0.6530483E+001
010101998f25pd1   28.000    28011998  0.2342601E+001  0.1394137E+003  0.0000000E+000  0.0000000E+000  0.5896473E+001  0.0000000E+000  0.1168197E-001  0.5669767E-001  0.1664596E+004  0.2936463E+001  0.0000000E+000  0.1881685E-001  0.7912364E+000  0.1400001E+000  0.1399688E+000  0.0000000E+000  0.0000000E+000  0.1049197E+001  0.6705111E+001
010101998f25pd1   29.000    29011998  0.2343413E+001  0.1393703E+003  0.0000000E+000  0.0000000E+000  0.6021763E+001  0.0000000E+000  0.1169463E-001  0.5688572E-001  0.1664512E+004  0.2952312E+001  0.0000000E+000  0.1850203E-001  0.7768571E+000  0.1405342E+000  0.1405038E+000  0.0000000E+000  0.0000000E+000  0.1050912E+001  0.6875508E+001
010101998f25pd1   30.000    30011998  0.2344085E+001  0.1393280E+003  0.0000000E+000  0.0000000E+000  0.6146098E+001  0.0000000E+000  0.1170771E-001  0.5706662E-001  0.1664428E+004  0.2967288E+001  0.0000000E+000  0.1821269E-001  0.7633672E+000  0.1410673E+000  0.1410376E+000  0.0000000E+000  0.0000000E+000  0.1052558E+001  0.7041874E+001
010101998f25pd1   31.000    31011998  0.2344564E+001  0.1392866E+003  0.0000000E+000  0.0000000E+000  0.6269541E+001  0.0000000E+000  0.1172024E-001  0.5723253E-001  0.1664344E+004  0.2981770E+001  0.0000000E+000  0.1796582E-001  0.7513875E+000  0.1415996E+000  0.1415706E+000  0.0000000E+000  0.0000000E+000  0.1054134E+001  0.7204487E+001
010101998f25pd1   32.000    01021998  0.2344857E+001  0.1392462E+003  0.0000000E+000  0.0000000E+000  0.6392184E+001  0.0000000E+000  0.1173225E-001  0.5734479E-001  0.1664261E+004  0.2995648E+001  0.0000000E+000  0.1771126E-001  0.7402329E+000  0.1421308E+000  0.1421025E+000  0.0000000E+000  0.0000000E+000  0.1055630E+001  0.7363744E+001
010101998f25pd1   33.000    02021998  0.2344986E+001  0.1392066E+003  0.0000000E+000  0.0000000E+000  0.6514090E+001  0.0000000E+000  0.1174410E-001  0.5742422E-001  0.1664176E+004  0.3008692E+001  0.0000000E+000  0.1746212E-001  0.7292531E+000  0.1426612E+000  0.1426334E+000  0.0000000E+000  0.0000000E+000  0.1057054E+001  0.7519810E+001
010101998f25pd1   34.000    03021998  0.2344961E+001  0.1391678E+003  0.0000000E+000  0.0000000E+000  0.6635277E+001  0.0000000E+000  0.1175580E-001  0.5749522E-001  0.1664092E+004  0.3020857E+001  0.0000000E+000  0.1721740E-001  0.7184638E+000  0.1431905E+000  0.1431632E+000  0.0000000E+000  0.0000000E+000  0.1058415E+001  0.7672677E+001
010101998f25pd1   35.000    04021998  0.2344806E+001  0.1391300E+003  0.0000000E+000  0.0000000E+000  0.6755759E+001  0.0000000E+000  0.1176723E-001  0.5755970E-001  0.1664007E+004  0.3032013E+001  0.0000000E+000  0.1695593E-001  0.7076774E+000  0.1437190E+000  0.1436921E+000  0.0000000E+000  0.0000000E+000  0.1059718E+001  0.7822391E+001
010101998f25pd1   36.000    05021998  0.2344587E+001  0.1390929E+003  0.0000000E+000  0.0000000E+000  0.6875525E+001  0.0000000E+000  0.1177822E-001  0.5761269E-001  0.1663923E+004  0.3041896E+001  0.0000000E+000  0.1667709E-001  0.6962938E+000  0.1442464E+000  0.1442199E+000  0.0000000E+000  0.0000000E+000  0.1060954E+001  0.7968853E+001
010101998f25pd1   37.000    06021998  0.2344331E+001  0.1390567E+003  0.0000000E+000  0.0000000E+000  0.6994548E+001  0.0000000E+000  0.1178893E-001  0.5765758E-001  0.1663838E+004  0.3050542E+001  0.0000000E+000  0.1639599E-001  0.6844620E+000  0.1447728E+000  0.1447468E+000  0.0000000E+000  0.0000000E+000  0.1062114E+001  0.8111904E+001
010101998f25pd1   38.000    07021998  0.2344040E+001  0.1390214E+003  0.0000000E+000  0.0000000E+000  0.7112812E+001  0.0000000E+000  0.1179957E-001  0.5769793E-001  0.1663754E+004  0.3058123E+001  0.0000000E+000  0.1612332E-001  0.6726097E+000  0.1452984E+000  0.1452729E+000  0.0000000E+000  0.0000000E+000  0.1063173E+001  0.8251575E+001
010101998f25pd1   39.000    08021998  0.2343713E+001  0.1389869E+003  0.0000000E+000  0.0000000E+000  0.7230320E+001  0.0000000E+000  0.1181018E-001  0.5773382E-001  0.1663669E+004  0.3064792E+001  0.0000000E+000  0.1585520E-001  0.6610554E+000  0.1458231E+000  0.1457977E+000  0.0000000E+000  0.0000000E+000  0.1064153E+001  0.8387906E+001
010101998f25pd1   40.000    09021998  0.2343347E+001  0.1389533E+003  0.0000000E+000  0.0000000E+000  0.7347084E+001  0.0000000E+000  0.1182064E-001  0.5776546E-001  0.1663584E+004  0.3070656E+001  0.0000000E+000  0.1560361E-001  0.6498266E+000  0.1463467E+000  0.1463218E+000  0.0000000E+000  0.0000000E+000  0.1065070E+001  0.8520967E+001
010101998f25pd1   41.000    10021998  0.2342942E+001  0.1389204E+003  0.0000000E+000  0.0000000E+000  0.7463116E+001  0.0000000E+000  0.1183101E-001  0.5779357E-001  0.1663498E+004  0.3075819E+001  0.0000000E+000  0.1536554E-001  0.6389819E+000  0.1468694E+000  0.1468449E+000  0.0000000E+000  0.0000000E+000  0.1065922E+001  0.8650867E+001
010101998f25pd1   42.000    11021998  0.2342479E+001  0.1388884E+003  0.0000000E+000  0.0000000E+000  0.7578441E+001  0.0000000E+000  0.1184129E-001  0.5781901E-001  0.1663412E+004  0.3080405E+001  0.0000000E+000  0.1514492E-001  0.6287391E+000  0.1473910E+000  0.1473670E+000  0.0000000E+000  0.0000000E+000  0.1066694E+001  0.8777661E+001
010101998f25pd1   43.000    12021998  0.2341890E+001  0.1388571E+003  0.0000000E+000  0.0000000E+000  0.7693101E+001  0.0000000E+000  0.1185157E-001  0.5784243E-001  0.1663326E+004  0.3084659E+001  0.0000000E+000  0.1497156E-001  0.6197319E+000  0.1479117E+000  0.1478878E+000  0.0000000E+000  0.0000000E+000  0.1067391E+001  0.8901660E+001
010101998f25pd1   44.000    13021998  0.2341187E+001  0.1388265E+003  0.0000000E+000  0.0000000E+000  0.7807163E+001  0.0000000E+000  0.1186174E-001  0.5786343E-001  0.1663239E+004  0.3088506E+001  0.0000000E+000  0.1477162E-001  0.6114601E+000  0.1484315E+000  0.1484077E+000  0.0000000E+000  0.0000000E+000  0.1068041E+001  0.9023195E+001
010101998f25pd1   45.000    14021998  0.2340427E+001  0.1387965E+003  0.0000000E+000  0.0000000E+000  0.7920640E+001  0.0000000E+000  0.1187170E-001  0.5788285E-001  0.1663153E+004  0.3091773E+001  0.0000000E+000  0.1456678E-001  0.6028667E+000  0.1489502E+000  0.1489268E+000  0.0000000E+000  0.0000000E+000  0.1068639E+001  0.9142233E+001
010101998f25pd1   46.000    15021998  0.2339620E+001  0.1387672E+003  0.0000000E+000  0.0000000E+000  0.8033525E+001  0.0000000E+000  0.1188153E-001  0.5790034E-001  0.1663067E+004  0.3094507E+001  0.0000000E+000  0.1436298E-001  0.5941610E+000  0.1494680E+000  0.1494449E+000  0.0000000E+000  0.0000000E+000  0.1069191E+001  0.9258725E+001
010101998f25pd1   47.000    16021998  0.2338776E+001  0.1387384E+003  0.0000000E+000  0.0000000E+000  0.8145814E+001  0.0000000E+000  0.1189118E-001  0.5791176E-001  0.1662981E+004  0.3096733E+001  0.0000000E+000  0.1416185E-001  0.5854914E+000  0.1499847E+000  0.1499622E+000  0.0000000E+000  0.0000000E+000  0.1069686E+001  0.9372688E+001
010101998f25pd1   48.000    17021998  0.2337898E+001  0.1387104E+003  0.0000000E+000  0.0000000E+000  0.8257513E+001  0.0000000E+000  0.1190073E-001  0.5792199E-001  0.1662895E+004  0.3098502E+001  0.0000000E+000  0.1396463E-001  0.5769401E+000  0.1505006E+000  0.1504784E+000  0.0000000E+000  0.0000000E+000  0.1070106E+001  0.9484095E+001
010101998f25pd1   49.000    18021998  0.2337171E+001  0.1386828E+003  0.0000000E+000  0.0000000E+000  0.8368569E+001  0.0000000E+000  0.1191022E-001  0.5793255E-001  0.1662809E+004  0.3100215E+001  0.0000000E+000  0.1342743E-001  0.4133479E+000  0.1510154E+000  0.1509933E+000  0.0000000E+000  0.0000000E+000  0.1070290E+001  0.9586586E+001
010101998f25pd1   50.000    19021998  0.2336488E+001  0.1386548E+003  0.0000000E+000  0.0000000E+000  0.8479077E+001  0.0000000E+000  0.1197729E-001  0.5869588E-001  0.1662722E+004  0.3102004E+001  0.0000000E+000  0.1315445E-001  0.4127614E+000  0.1515295E+000  0.1515075E+000  0.0000000E+000  0.0000000E+000  0.1070329E+001  0.9661192E+001
010101998f25pd1   51.000    20021998  0.2335722E+001  0.1386275E+003  0.0000000E+000  0.0000000E+000  0.8589121E+001  0.0000000E+000  0.1204353E-001  0.5947283E-001  0.1662635E+004  0.3103263E+001  0.0000000E+000  0.1296314E-001  0.4156033E+000  0.1520425E+000  0.1520207E+000  0.0000000E+000  0.0000000E+000  0.1070362E+001  0.9740897E+001
010101998f25pd1   52.000    21021998  0.2334893E+001  0.1386011E+003  0.0000000E+000  0.0000000E+000  0.8698595E+001  0.0000000E+000  0.1210402E-001  0.6018597E-001  0.1662548E+004  0.3104043E+001  0.0000000E+000  0.1280093E-001  0.4262101E+000  0.1525545E+000  0.1525330E+000  0.0000000E+000  0.0000000E+000  0.1070374E+001  0.9822241E+001
010101998f25pd1   53.000    22021998  0.2334030E+001  0.1385753E+003  0.0000000E+000  0.0000000E+000  0.8807455E+001  0.0000000E+000  0.1215929E-001  0.6082876E-001  0.1662462E+004  0.3104430E+001  0.0000000E+000  0.1260492E-001  0.4207940E+000  0.1530656E+000  0.1530444E+000  0.0000000E+000  0.0000000E+000  0.1070343E+001  0.9902789E+001
010101998f25pd1   54.000    23021998  0.2333153E+001  0.1385502E+003  0.0000000E+000  0.0000000E+000  0.8915717E+001  0.0000000E+000  0.1221283E-001  0.6144628E-001  0.1662375E+004  0.3104490E+001  0.0000000E+000  0.1238882E-001  0.4075347E+000  0.1535759E+000  0.1535548E+000  0.0000000E+000  0.0000000E+000  0.1070255E+001  0.9980594E+001
010101998f25pd1   55.000    24021998  0.2332208E+001  0.1385258E+003  0.0000000E+000  0.0000000E+000  0.9023439E+001  0.0000000E+000  0.1226206E-001  0.6201845E-001  0.1662287E+004  0.3104158E+001  0.0000000E+000  0.1225469E-001  0.4370329E+000  0.1540851E+000  0.1540641E+000  0.0000000E+000  0.0000000E+000  0.1070147E+001  0.1005886E+002
010101998f25pd1   56.000    25021998  0.2331630E+001  0.1385015E+003  0.0000000E+000  0.0000000E+000  0.9130342E+001  0.0000000E+000  0.1233620E-001  0.6280364E-001  0.1662200E+004  0.3104351E+001  0.0000000E+000  0.1166950E-001  0.2855071E+000  0.1545932E+000  0.1545723E+000  0.0000000E+000  0.0000000E+000  0.1069577E+001  0.1011458E+002
010101998f25pd1   57.000    26021998  0.2330883E+001  0.1384771E+003  0.0000000E+000  0.0000000E+000  0.9237049E+001  0.0000000E+000  0.1243605E-001  0.6398702E-001  0.1662112E+004  0.3104219E+001  0.0000000E+000  0.1156338E-001  0.3204824E+000  0.1551005E+000  0.1550798E+000  0.0000000E+000  0.0000000E+000  0.1069120E+001  0.1016647E+002
010101998f25pd1   58.000    27021998  0.2330049E+001  0.1384536E+003  0.0000000E+000  0.0000000E+000  0.9343392E+001  0.0000000E+000  0.1252785E-001  0.6510721E-001  0.1662025E+004  0.3103627E+001  0.0000000E+000  0.1149897E-001  0.3507851E+000  0.1556067E+000  0.1555863E+000  0.0000000E+000  0.0000000E+000  0.1068687E+001  0.1022669E+002
010101998f25pd1   59.000    28021998  0.2329271E+001  0.1384307E+003  0.0000000E+000  0.0000000E+000  0.9449074E+001  0.0000000E+000  0.1261478E-001  0.6614497E-001  0.1661937E+004  0.3102843E+001  0.0000000E+000  0.1120765E-001  0.3099154E+000  0.1561122E+000  0.1560918E+000  0.0000000E+000  0.0000000E+000  0.1068135E+001  0.1028314E+002
010101998f25pd1   60.000    01031998  0.2328498E+001  0.1384083E+003  0.0000000E+000  0.0000000E+000  0.9554191E+001  0.0000000E+000  0.1270794E-001  0.6725514E-001  0.1661849E+004  0.3101921E+001  0.0000000E+000  0.1123950E-001  0.3111289E+000  0.1566165E+000  0.1565964E+000  0.0000000E+000  0.0000000E+000  0.1067514E+001  0.1033266E+002
010101998f25pd1   61.000    02031998  0.2327667E+001  0.1383864E+003  0.0000000E+000  0.0000000E+000  0.9658857E+001  0.0000000E+000  0.1279991E-001  0.6836237E-001  0.1661761E+004  0.3100732E+001  0.0000000E+000  0.1089680E-001  0.3174040E+000  0.1571200E+000  0.1571001E+000  0.0000000E+000  0.0000000E+000  0.1066881E+001  0.1038344E+002
010101998f25pd1   62.000    03031998  0.2326795E+001  0.1383652E+003  0.0000000E+000  0.0000000E+000  0.9763025E+001  0.0000000E+000  0.1288313E-001  0.6937578E-001  0.1661674E+004  0.3099219E+001  0.0000000E+000  0.1078597E-001  0.3250675E+000  0.1576226E+000  0.1576028E+000  0.0000000E+000  0.0000000E+000  0.1066247E+001  0.1043807E+002
010101998f25pd1   63.000    04031998  0.2325977E+001  0.1383446E+003  0.0000000E+000  0.0000000E+000  0.9866562E+001  0.0000000E+000  0.1296456E-001  0.7034633E-001  0.1661586E+004  0.3097612E+001  0.0000000E+000  0.1054698E-001  0.2951992E+000  0.1581240E+000  0.1581046E+000  0.0000000E+000  0.0000000E+000  0.1065478E+001  0.1048743E+002
010101998f25pd1   64.000    05031998  0.2325025E+001  0.1383244E+003  0.0000000E+000  0.0000000E+000  0.9969700E+001  0.0000000E+000  0.1303902E-001  0.7126372E-001  0.1661498E+004  0.3095617E+001  0.0000000E+000  0.1056318E-001  0.3657961E+000  0.1586248E+000  0.1586050E+000  0.0000000E+000  0.0000000E+000  0.1064823E+001  0.1054267E+002
010101998f25pd1   65.000    06031998  0.2324136E+001  0.1383050E+003  0.0000000E+000  0.0000000E+000  0.1007222E+002  0.0000000E+000  0.1310283E-001  0.7202178E-001  0.1661410E+004  0.3093494E+001  0.0000000E+000  0.1033568E-001  0.3128170E+000  0.1591243E+000  0.1591047E+000  0.0000000E+000  0.0000000E+000  0.1064058E+001  0.1059734E+002
010101998f25pd1   66.000    07031998  0.2323181E+001  0.1382860E+003  0.0000000E+000  0.0000000E+000  0.1017427E+002  0.0000000E+000  0.1316341E-001  0.7275267E-001  0.1661323E+004  0.3091137E+001  0.0000000E+000  0.1025993E-001  0.3449698E+000  0.1596231E+000  0.1596036E+000  0.0000000E+000  0.0000000E+000  0.1063341E+001  0.1065080E+002
010101998f25pd1   67.000    08031998  0.2322219E+001  0.1382676E+003  0.0000000E+000  0.0000000E+000  0.1027581E+002  0.0000000E+000  0.1321472E-001  0.7335912E-001  0.1661235E+004  0.3088594E+001  0.0000000E+000  0.1048709E-001  0.3368048E+000  0.1601210E+000  0.1601015E+000  0.0000000E+000  0.0000000E+000  0.1062570E+001  0.1070588E+002
010101998f25pd1   68.000    09031998  0.2322032E+001  0.1382482E+003  0.0000000E+000  0.0000000E+000  0.1037599E+002  0.0000000E+000  0.1334500E-001  0.7456066E-001  0.1661147E+004  0.3087651E+001  0.0000000E+000  0.8795280E-002  0.1078141E+000  0.1606179E+000  0.1605985E+000  0.0000000E+000  0.0000000E+000  0.1060551E+001  0.1070406E+002
010101998f25pd1   69.000    10031998  0.2321189E+001  0.1382281E+003  0.0000000E+000  0.0000000E+000  0.1047750E+002  0.0000000E+000  0.1350119E-001  0.7619770E-001  0.1661058E+004  0.3086018E+001  0.0000000E+000  0.9593105E-002  0.3243240E+000  0.1611138E+000  0.1610945E+000  0.0000000E+000  0.0000000E+000  0.1059444E+001  0.1073567E+002
010101998f25pd1   70.000    11031998  0.2320251E+001  0.1382094E+003  0.0000000E+000  0.0000000E+000  0.1057910E+002  0.0000000E+000  0.1362841E-001  0.7773780E-001  0.1660970E+004  0.3083771E+001  0.0000000E+000  0.9623995E-002  0.3691623E+000  0.1616090E+000  0.1615897E+000  0.0000000E+000  0.0000000E+000  0.1058469E+001  0.1079591E+002
010101998f25pd1   71.000    12031998  0.2319254E+001  0.1381917E+003  0.0000000E+000  0.0000000E+000  0.1067993E+002  0.0000000E+000  0.1373026E-001  0.7904052E-001  0.1660882E+004  0.3081086E+001  0.0000000E+000  0.9563743E-002  0.3771003E+000  0.1621029E+000  0.1620839E+000  0.0000000E+000  0.0000000E+000  0.1057494E+001  0.1085876E+002
010101998f25pd1   72.000    13031998  0.2318202E+001  0.1381749E+003  0.0000000E+000  0.0000000E+000  0.1077997E+002  0.0000000E+000  0.1380602E-001  0.8003225E-001  0.1660797E+004  0.3078032E+001  0.0000000E+000  0.9504408E-002  0.3855114E+000  0.1625961E+000  0.1625773E+000  0.0000000E+000  0.0000000E+000  0.1056579E+001  0.1092037E+002
010101998f25pd1   73.000    14031998  0.2317108E+001  0.1381588E+003  0.0000000E+000  0.0000000E+000  0.1087933E+002  0.0000000E+000  0.1385813E-001  0.8070494E-001  0.1660711E+004  0.3074697E+001  0.0000000E+000  0.9432728E-002  0.3875102E+000  0.1630885E+000  0.1630697E+000  0.0000000E+000  0.0000000E+000  0.1055708E+001  0.1098111E+002
010101998f25pd1   74.000    15031998  0.2315989E+001  0.1381432E+003  0.0000000E+000  0.0000000E+000  0.1097811E+002  0.0000000E+000  0.1389319E-001  0.8113196E-001  0.1660625E+004  0.3071169E+001  0.0000000E+000  0.9269893E-002  0.3862406E+000  0.1635796E+000  0.1635610E+000  0.0000000E+000  0.0000000E+000  0.1054840E+001  0.1104040E+002
010101998f25pd1   75.000    16031998  0.2314862E+001  0.1381281E+003  0.0000000E+000  0.0000000E+000  0.1107641E+002  0.0000000E+000  0.1391767E-001  0.8140108E-001  0.1660538E+004  0.3067505E+001  0.0000000E+000  0.9015970E-002  0.3827007E+000  0.1640697E+000  0.1640512E+000  0.0000000E+000  0.0000000E+000  0.1053952E+001  0.1109828E+002
010101998f25pd1   76.000    17031998  0.2313738E+001  0.1381133E+003  0.0000000E+000  0.0000000E+000  0.1117425E+002  0.0000000E+000  0.1393703E-001  0.8158905E-001  0.1660457E+004  0.3063768E+001  0.0000000E+000  0.8843438E-002  0.3735427E+000  0.1645588E+000  0.1645401E+000  0.0000000E+000  0.0000000E+000  0.1052988E+001  0.1115413E+002
010101998f25pd1   77.000    18031998  0.2312620E+001  0.1380987E+003  0.0000000E+000  0.0000000E+000  0.1127166E+002  0.0000000E+000  0.1395440E-001  0.8174399E-001  0.1660377E+004  0.3059974E+001  0.0000000E+000  0.8727656E-002  0.3649164E+000  0.1650468E+000  0.1650281E+000  0.0000000E+000  0.0000000E+000  0.1051949E+001  0.1120771E+002
010101998f25pd1   78.000    19031998  0.2311489E+001  0.1380845E+003  0.0000000E+000  0.0000000E+000  0.1136868E+002  0.0000000E+000  0.1397024E-001  0.8187590E-001  0.1660298E+004  0.3056129E+001  0.0000000E+000  0.8730011E-002  0.3667157E+000  0.1655337E+000  0.1655151E+000  0.0000000E+000  0.0000000E+000  0.1050902E+001  0.1125987E+002
010101998f25pd1   79.000    20031998  0.2310328E+001  0.1380706E+003  0.0000000E+000  0.0000000E+000  0.1146535E+002  0.0000000E+000  0.1398240E-001  0.8194756E-001  0.1660219E+004  0.3052217E+001  0.0000000E+000  0.8589477E-002  0.3636101E+000  0.1660198E+000  0.1660013E+000  0.0000000E+000  0.0000000E+000  0.1049856E+001  0.1131222E+002
010101998f25pd1   80.000    21031998  0.2309167E+001  0.1380569E+003  0.0000000E+000  0.0000000E+000  0.1156168E+002  0.0000000E+000  0.1399457E-001  0.8201504E-001  0.1660139E+004  0.3048263E+001  0.0000000E+000  0.8491397E-002  0.3580067E+000  0.1665051E+000  0.1664865E+000  0.0000000E+000  0.0000000E+000  0.1048766E+001  0.1136303E+002
010101998f25pd1   81.000    22031998  0.2307989E+001  0.1380434E+003  0.0000000E+000  0.0000000E+000  0.1165768E+002  0.0000000E+000  0.1400663E-001  0.8207709E-001  0.1660060E+004  0.3044256E+001  0.0000000E+000  0.8477816E-002  0.3581869E+000  0.1669895E+000  0.1669708E+000  0.0000000E+000  0.0000000E+000  0.1047665E+001  0.1141276E+002
010101998f25pd1   82.000    23031998  0.2306791E+001  0.1380301E+003  0.0000000E+000  0.0000000E+000  0.1175336E+002  0.0000000E+000  0.1401668E-001  0.8211054E-001  0.1659981E+004  0.3040178E+001  0.0000000E+000  0.8398554E-002  0.3587779E+000  0.1674725E+000  0.1674541E+000  0.0000000E+000  0.0000000E+000  0.1046570E+001  0.1146263E+002
010101998f25pd1   83.000    24031998  0.2305585E+001  0.1380171E+003  0.0000000E+000  0.0000000E+000  0.1184872E+002  0.0000000E+000  0.1402652E-001  0.8214010E-001  0.1659902E+004  0.3036042E+001  0.0000000E+000  0.8311604E-002  0.3565910E+000  0.1679550E+000  0.1679367E+000  0.0000000E+000  0.0000000E+000  0.1045462E+001  0.1151195E+002
010101998f25pd1   84.000    25031998  0.2304378E+001  0.1380042E+003  0.0000000E+000  0.0000000E+000  0.1194376E+002  0.0000000E+000  0.1403597E-001  0.8216420E-001  0.1659823E+004  0.3031849E+001  0.0000000E+000  0.8221584E-002  0.3537405E+000  0.1684364E+000  0.1684181E+000  0.0000000E+000  0.0000000E+000  0.1044340E+001  0.1156040E+002
010101998f25pd1   85.000    26031998  0.2303532E+001  0.1379913E+003  0.0000000E+000  0.0000000E+000  0.1203796E+002  0.0000000E+000  0.1407670E-001  0.8254225E-001  0.1659743E+004  0.3028306E+001  0.0000000E+000  0.7939589E-002  0.1682526E+000  0.1689172E+000  0.1688988E+000  0.0000000E+000  0.0000000E+000  0.1042578E+001  0.1158154E+002
010101998f25pd1   86.000    27031998  0.2302571E+001  0.1379779E+003  0.0000000E+000  0.0000000E+000  0.1213187E+002  0.0000000E+000  0.1417169E-001  0.8365601E-001  0.1659662E+004  0.3024873E+001  0.0000000E+000  0.1476300E-001  0.1312113E+000  0.1693965E+000  0.1693783E+000  0.0000000E+000  0.0000000E+000  0.1041199E+001  0.1158213E+002
010101998f25pd1   87.000    28031998  0.2301364E+001  0.1379644E+003  0.0000000E+000  0.0000000E+000  0.1222565E+002  0.0000000E+000  0.1429603E-001  0.8502091E-001  0.1659582E+004  0.3021332E+001  0.0000000E+000  0.2323197E-001  0.7359125E-001  0.1698755E+000  0.1698574E+000  0.0000000E+000  0.0000000E+000  0.1042841E+001  0.1156957E+002
010101998f25pd1   88.000    29031998  0.2300291E+001  0.1379507E+003  0.0000000E+000  0.0000000E+000  0.1231999E+002  0.0000000E+000  0.1443618E-001  0.8654764E-001  0.1659499E+004  0.3018070E+001  0.0000000E+000  0.1504357E-001  0.1706513E+000  0.1703531E+000  0.1703350E+000  0.0000000E+000  0.0000000E+000  0.1044963E+001  0.1155697E+002
010101998f25pd1   89.000    30031998  0.2299098E+001  0.1379377E+003  0.0000000E+000  0.0000000E+000  0.1241469E+002  0.0000000E+000  0.1457418E-001  0.8815213E-001  0.1659416E+004  0.3014496E+001  0.0000000E+000  0.2197302E-001  0.5863783E-001  0.1708302E+000  0.1708121E+000  0.0000000E+000  0.0000000E+000  0.1046313E+001  0.1155252E+002
010101998f25pd1   90.000    31031998  0.2297865E+001  0.1379246E+003  0.0000000E+000  0.0000000E+000  0.1250958E+002  0.0000000E+000  0.1473140E-001  0.9009571E-001  0.1659330E+004  0.3011203E+001  0.0000000E+000  0.1764537E-001  0.1187923E+000  0.1713062E+000  0.1712882E+000  0.0000000E+000  0.0000000E+000  0.1049036E+001  0.1152920E+002
010101998f25pd1   91.000    01041998  0.2296711E+001  0.1379121E+003  0.0000000E+000  0.0000000E+000  0.1260584E+002  0.0000000E+000  0.1486876E-001  0.9206785E-001  0.1659244E+004  0.3007638E+001  0.0000000E+000  0.2077395E-001  0.9226460E-001  0.1717813E+000  0.1717633E+000  0.0000000E+000  0.0000000E+000  0.1050517E+001  0.1152135E+002
