    DOY     DATE    RESIDUE_N       HUMUS_N         FERTZR_N        NET_PL_EXCH_N   NH4             NO3             SUR_DON+SED_FLX SUB_DON_FLX     SUR_DIN_FLX     SUB_DIN_FLX     N2O_FLUX        NH3_FLUX        N2_FIXN         MICRO_N         NH4_1           NH4_2           NH4_3           NH4_4           NH4_5           NH4_6           NH4_7           NH4_8           NO3_1           NO3_2           NO3_3           NO3_4           NO3_5           NO3_6           NO3_7           NO3_8           NH4_RES         FIRE_SON_LOSS   N2_FLUX         
010101998f25nd1    1.000    01011998  0.2201931E+002  0.4985876E+003  0.0000000E+000  0.0000000E+000  0.1598599E+000  0.7578609E+001  0.0000000E+000  0.2066725E-001  0.0000000E+000  0.1008665E+000 -0.1624480E-002 -0.2490517E-005  0.3450300E-006  0.2423364E+002  0.1517155E+000  0.6963944E+000  0.4495852E+000  0.5005867E+000  0.4002232E+000  0.3685863E+000  0.9396877E-001  0.2127899E-001  0.5061396E+000  0.1420641E+001  0.1486168E+001  0.1251312E+001  0.1188131E+001  0.1178929E+001  0.1927559E+001  0.2133013E+001  0.1396360E+002  0.0000000E+000 -0.2178478E+000
010101998f25nd1    2.000    02011998  0.2203240E+002  0.4984943E+003  0.0000000E+000  0.0000000E+000  0.1213744E+000  0.7554874E+001  0.0000000E+000  0.2398611E-001  0.0000000E+000  0.1935525E+000 -0.2414722E-002 -0.2762426E-005  0.5112793E-004  0.2440059E+002  0.1003924E+000  0.1014556E+001  0.2535417E+000  0.2559833E+000  0.1857084E+000  0.1707112E+000  0.6729203E-001  0.2754602E-001  0.3528095E+000  0.5907077E+000  0.1829978E+001  0.1581461E+001  0.1325917E+001  0.1234347E+001  0.1694328E+001  0.2037373E+001  0.1630075E+002  0.0000000E+000 -0.2576200E+000
010101998f25nd1    3.000    03011998  0.2205500E+002  0.4984123E+003  0.0000000E+000  0.0000000E+000  0.1083386E+000  0.7528944E+001  0.0000000E+000  0.2611592E-001  0.0000000E+000  0.2774931E+000 -0.3898561E-002 -0.1514381E-005  0.1995098E-003  0.2456646E+002  0.8397349E-001  0.5369334E+000  0.1883523E+000  0.1901908E+000  0.1368666E+000  0.1246830E+000  0.6105744E-001  0.3116747E-001  0.3285908E+000  0.1178045E+001  0.2027850E+001  0.1778862E+001  0.1431365E+001  0.1349691E+001  0.1498893E+001  0.1882472E+001  0.1868377E+002  0.0000000E+000 -0.2641609E+000
010101998f25nd1    4.000    04011998  0.2207852E+002  0.4983302E+003  0.0000000E+000  0.0000000E+000  0.1042905E+000  0.7504663E+001  0.0000000E+000  0.2769660E-001  0.0000000E+000  0.3563214E+000 -0.5456281E-002  0.4199627E-007  0.3321068E-003  0.2471335E+002  0.7067941E-001  0.3971781E+000  0.1442218E+000  0.1435280E+000  0.1019413E+000  0.9224609E-001  0.5766815E-001  0.3400379E-001  0.3006849E+000  0.1698239E+001  0.2234921E+001  0.1940839E+001  0.1516905E+001  0.1393957E+001  0.1353020E+001  0.1815873E+001  0.2053737E+002  0.0000000E+000 -0.2649201E+000
010101998f25nd1    5.000    05011998  0.2209086E+002  0.4982496E+003  0.0000000E+000  0.0000000E+000  0.1023830E+000  0.7495297E+001  0.0000000E+000  0.2889445E-001  0.0000000E+000  0.4288854E+000 -0.7013416E-002  0.1708942E-005  0.4291592E-003  0.2483248E+002  0.6109586E-001  0.3021185E+000  0.1195851E+000  0.1144927E+000  0.7811724E-001  0.7020629E-001  0.5504800E-001  0.3610009E-001  0.2537106E+000  0.2062130E+001  0.2473793E+001  0.2115537E+001  0.1608143E+001  0.1431053E+001  0.1299087E+001  0.1785405E+001  0.2211512E+002  0.0000000E+000 -0.2653038E+000
010101998f25nd1    6.000    06011998  0.2210420E+002  0.4981712E+003  0.0000000E+000  0.0000000E+000  0.1012702E+000  0.7490302E+001  0.0000000E+000  0.2976702E-001  0.0000000E+000  0.4929958E+000 -0.8732730E-002  0.3652374E-005  0.5445793E-003  0.2495186E+002  0.5364602E-001  0.2316539E+000  0.1039934E+000  0.9761385E-001  0.6273696E-001  0.5681272E-001  0.5278809E-001  0.3758975E-001  0.2408504E+000  0.2267277E+001  0.2679960E+001  0.2286764E+001  0.1704792E+001  0.1472636E+001  0.1260333E+001  0.1764733E+001  0.2364968E+002  0.0000000E+000 -0.2655794E+000
010101998f25nd1    7.000    07011998  0.2212672E+002  0.4980940E+003  0.0000000E+000  0.0000000E+000  0.1007284E+000  0.7483948E+001  0.0000000E+000  0.3038255E-001  0.0000000E+000  0.5472605E+000 -0.1051417E-001  0.5823725E-005  0.6690506E-003  0.2507905E+002  0.4814052E-001  0.1818916E+000  0.9356586E-001  0.8761644E-001  0.5441949E-001  0.4967787E-001  0.5094044E-001  0.3865631E-001  0.2244362E+000  0.2376581E+001  0.2850106E+001  0.2452503E+001  0.1802337E+001  0.1508105E+001  0.1201221E+001  0.1751633E+001  0.2489040E+002  0.0000000E+000 -0.2657887E+000
010101998f25nd1    8.000    08011998  0.2215142E+002  0.4980173E+003  0.0000000E+000  0.0000000E+000  0.1004704E+000  0.7485189E+001  0.0000000E+000  0.3088566E-001  0.0000000E+000  0.5910096E+000 -0.1236171E-001  0.8284144E-005  0.7967764E-003  0.2520605E+002  0.4570810E-001  0.1452921E+000  0.8566547E-001  0.8073290E-001  0.4959223E-001  0.4559449E-001  0.4948982E-001  0.3936991E-001  0.1954302E+000  0.2507285E+001  0.3033373E+001  0.2619801E+001  0.1897537E+001  0.1527260E+001  0.1143345E+001  0.1740017E+001  0.2578249E+002  0.0000000E+000 -0.2659841E+000
010101998f25nd1    9.000    09011998  0.2217157E+002  0.4979391E+003  0.0000000E+000  0.0000000E+000  0.1002347E+000  0.7498557E+001  0.0000000E+000  0.3128665E-001  0.0000000E+000  0.6286665E+000 -0.1421375E-001  0.1066238E-004  0.9307473E-003  0.2532765E+002  0.4492283E-001  0.1193185E+000  0.8069456E-001  0.7543456E-001  0.4608137E-001  0.4248067E-001  0.4820050E-001  0.3974734E-001  0.1625167E+000  0.2761591E+001  0.3282169E+001  0.2802673E+001  0.1989583E+001  0.1549723E+001  0.1122395E+001  0.1727856E+001  0.2614117E+002  0.0000000E+000 -0.2662197E+000
010101998f25nd1   10.000    10011998  0.2218363E+002  0.4978612E+003  0.0000000E+000  0.0000000E+000  0.9985776E-001  0.7524743E+001  0.0000000E+000  0.3160556E-001  0.0000000E+000  0.6617906E+000 -0.1594395E-001  0.1305579E-004  0.1061913E-002  0.2544464E+002  0.4478320E-001  0.1017669E+000  0.7846404E-001  0.7207039E-001  0.4375021E-001  0.4024535E-001  0.4705460E-001  0.3986257E-001  0.1327242E+000  0.3131625E+001  0.3608113E+001  0.2997201E+001  0.2089902E+001  0.1585734E+001  0.1128913E+001  0.1716685E+001  0.2582716E+002  0.0000000E+000 -0.2664933E+000
010101998f25nd1   11.000    11011998  0.2218804E+002  0.4977838E+003  0.0000000E+000  0.0000000E+000  0.9936050E-001  0.7562557E+001  0.0000000E+000  0.3186260E-001  0.0000000E+000  0.6906884E+000 -0.1733786E-001  0.1380006E-004  0.1188523E-002  0.2556178E+002  0.4369021E-001  0.9378153E-001  0.7821408E-001  0.7017043E-001  0.4221235E-001  0.3865149E-001  0.4604355E-001  0.3980098E-001  0.1121480E+000  0.3404115E+001  0.4019060E+001  0.3224875E+001  0.2204602E+001  0.1641044E+001  0.1154839E+001  0.1707188E+001  0.2500846E+002  0.0000000E+000 -0.2668068E+000
010101998f25nd1   12.000    12011998  0.2219186E+002  0.4977070E+003  0.0000000E+000  0.0000000E+000  0.9882910E-001  0.7603539E+001  0.0000000E+000  0.3208136E-001  0.0000000E+000  0.7167607E+000 -0.1831488E-001  0.1184783E-004  0.1309575E-002  0.2568681E+002  0.4200093E-001  0.8960101E-001  0.7842304E-001  0.6927947E-001  0.4123563E-001  0.3759950E-001  0.4520999E-001  0.3963875E-001  0.8528953E-001  0.3477668E+001  0.4421606E+001  0.3486724E+001  0.2337171E+001  0.1714725E+001  0.1186747E+001  0.1701106E+001  0.2408065E+002  0.0000000E+000 -0.2671439E+000
010101998f25nd1   13.000    13011998  0.2219436E+002  0.4976292E+003  0.0000000E+000  0.0000000E+000  0.9841980E-001  0.7648778E+001  0.0000000E+000  0.3227987E-001  0.0000000E+000  0.7409391E+000 -0.1892562E-001  0.1346503E-004  0.1453363E-002  0.2583258E+002  0.3965512E-001  0.8530214E-001  0.7725577E-001  0.6815977E-001  0.4021714E-001  0.3657226E-001  0.4443135E-001  0.3939740E-001  0.5938410E-001  0.3626473E+001  0.4789207E+001  0.3760764E+001  0.2483910E+001  0.1800041E+001  0.1221329E+001  0.1698066E+001  0.2347872E+002  0.0000000E+000 -0.2675444E+000
010101998f25nd1   14.000    14011998  0.2219610E+002  0.4975506E+003  0.0000000E+000  0.0000000E+000  0.9810939E-001  0.7697030E+001  0.0000000E+000  0.3246567E-001  0.0000000E+000  0.7637643E+000 -0.1913898E-001  0.8910339E-005  0.1593572E-002  0.2599191E+002  0.3763456E-001  0.8277179E-001  0.7615120E-001  0.6740554E-001  0.3959796E-001  0.3577150E-001  0.4370750E-001  0.3908734E-001  0.5044298E-001  0.3772203E+001  0.5152811E+001  0.4036640E+001  0.2634321E+001  0.1890330E+001  0.1256223E+001  0.1698148E+001  0.2289435E+002  0.0000000E+000 -0.2678795E+000
010101998f25nd1   15.000    15011998  0.2219722E+002  0.4974725E+003  0.0000000E+000  0.0000000E+000  0.9772982E-001  0.7746931E+001  0.0000000E+000  0.3264076E-001  0.0000000E+000  0.7853870E+000 -0.1921166E-001  0.4620984E-005  0.1723283E-002  0.2616300E+002  0.3564744E-001  0.8123744E-001  0.7525638E-001  0.6678801E-001  0.3917953E-001  0.3527565E-001  0.4305553E-001  0.3874032E-001  0.4604811E-001  0.3899267E+001  0.5510321E+001  0.4314394E+001  0.2787404E+001  0.1984886E+001  0.1292044E+001  0.1701009E+001  0.2225821E+002  0.0000000E+000 -0.2681115E+000
010101998f25nd1   16.000    16011998  0.2219805E+002  0.4973958E+003  0.0000000E+000  0.0000000E+000  0.9726634E-001  0.7797156E+001  0.0000000E+000  0.3280690E-001  0.0000000E+000  0.8058681E+000 -0.1927105E-001  0.4383898E-005  0.1837922E-002  0.2634004E+002  0.3396834E-001  0.8046766E-001  0.7471862E-001  0.6629336E-001  0.3892579E-001  0.3496265E-001  0.4251694E-001  0.3837602E-001  0.4416726E-001  0.4004952E+001  0.5857392E+001  0.4589646E+001  0.2941114E+001  0.2080588E+001  0.1327458E+001  0.1705301E+001  0.2152217E+002  0.0000000E+000 -0.2682692E+000
010101998f25nd1   17.000    17011998  0.2219832E+002  0.4973208E+003  0.0000000E+000  0.0000000E+000  0.9674747E-001  0.7847503E+001  0.0000000E+000  0.3296452E-001  0.0000000E+000  0.8251243E+000 -0.1932793E-001  0.3938278E-005  0.1948944E-002  0.2652834E+002  0.3196137E-001  0.7979300E-001  0.7420520E-001  0.6588181E-001  0.3878120E-001  0.3478822E-001  0.4211836E-001  0.3802873E-001  0.4120023E-001  0.4098571E+001  0.6193884E+001  0.4861096E+001  0.3094126E+001  0.2176399E+001  0.1362883E+001  0.1710732E+001  0.2078971E+002  0.0000000E+000 -0.2684047E+000
010101998f25nd1   18.000    18011998  0.2219780E+002  0.4972474E+003  0.0000000E+000  0.0000000E+000  0.9616930E-001  0.7898347E+001  0.0000000E+000  0.3311399E-001  0.0000000E+000  0.8431449E+000 -0.1937841E-001  0.4197504E-005  0.2063867E-002  0.2673034E+002  0.2993256E-001  0.7901857E-001  0.7354891E-001  0.6542752E-001  0.3864016E-001  0.3464995E-001  0.4179238E-001  0.3770773E-001  0.3831678E-001  0.4185023E+001  0.6521918E+001  0.5131860E+001  0.3247234E+001  0.2272537E+001  0.1398573E+001  0.1717315E+001  0.2009412E+002  0.0000000E+000 -0.2685248E+000
010101998f25nd1   19.000    19011998  0.2219636E+002  0.4971758E+003  0.0000000E+000  0.0000000E+000  0.9554400E-001  0.7950173E+001  0.0000000E+000  0.3325348E-001  0.0000000E+000  0.8595766E+000 -0.1942336E-001  0.5842351E-005  0.2186248E-002  0.2694554E+002  0.2796447E-001  0.7816453E-001  0.7279818E-001  0.6493743E-001  0.3848742E-001  0.3451609E-001  0.4150964E-001  0.3740310E-001  0.3580001E-001  0.4268467E+001  0.6845106E+001  0.5404677E+001  0.3401497E+001  0.2369164E+001  0.1434360E+001  0.1724506E+001  0.1943688E+002  0.0000000E+000 -0.2686370E+000
010101998f25nd1   20.000    20011998  0.2219380E+002  0.4971054E+003  0.0000000E+000  0.0000000E+000  0.9488837E-001  0.8002647E+001  0.0000000E+000  0.3338686E-001  0.0000000E+000  0.8748863E+000 -0.1946514E-001  0.7715506E-005  0.2317053E-002  0.2717136E+002  0.2603182E-001  0.7722871E-001  0.7196309E-001  0.6441678E-001  0.3832464E-001  0.3438121E-001  0.4124832E-001  0.3711161E-001  0.3344615E-001  0.4349768E+001  0.7163111E+001  0.5677485E+001  0.3556375E+001  0.2466157E+001  0.1469290E+001  0.1732005E+001  0.1882887E+002  0.0000000E+000 -0.2687421E+000
010101998f25nd1   21.000    21011998  0.2219000E+002  0.4970364E+003  0.0000000E+000  0.0000000E+000  0.9423044E-001  0.8055733E+001  0.0000000E+000  0.3351440E-001  0.0000000E+000  0.8892540E+000 -0.1950604E-001  0.7734352E-005  0.2456975E-002  0.2740135E+002  0.2463539E-001  0.7630149E-001  0.7111841E-001  0.6389927E-001  0.3817342E-001  0.3424731E-001  0.4099829E-001  0.3683325E-001  0.3165872E-001  0.4429287E+001  0.7476046E+001  0.5949303E+001  0.3713142E+001  0.2563873E+001  0.1504550E+001  0.1740276E+001  0.1826526E+002  0.0000000E+000 -0.2688435E+000
010101998f25nd1   22.000    22011998  0.2218511E+002  0.4969688E+003  0.0000000E+000  0.0000000E+000  0.9359899E-001  0.8109237E+001  0.0000000E+000  0.3363714E-001  0.0000000E+000  0.9027733E+000 -0.1954826E-001  0.3115020E-005  0.2610619E-002  0.2762768E+002  0.2388026E-001  0.7565443E-001  0.7048222E-001  0.6348770E-001  0.3809033E-001  0.3416840E-001  0.4075471E-001  0.3656699E-001  0.3077129E-001  0.4505154E+001  0.7781878E+001  0.6219408E+001  0.3872537E+001  0.2663031E+001  0.1539995E+001  0.1749277E+001  0.1771300E+002  0.0000000E+000 -0.2689397E+000
010101998f25nd1   23.000    23011998  0.2217957E+002  0.4969024E+003  0.0000000E+000  0.0000000E+000  0.9296799E-001  0.8162594E+001  0.0000000E+000  0.3375635E-001  0.0000000E+000  0.9155185E+000 -0.1958258E-001 -0.3830748E-006  0.2774293E-002  0.2784090E+002  0.2325378E-001  0.7531489E-001  0.7006738E-001  0.6310908E-001  0.3803616E-001  0.3411553E-001  0.4052187E-001  0.3631093E-001  0.3050799E-001  0.4575363E+001  0.8078396E+001  0.6486150E+001  0.4032842E+001  0.2762233E+001  0.1575586E+001  0.1758709E+001  0.1712638E+002  0.0000000E+000 -0.2690337E+000
010101998f25nd1   24.000    24011998  0.2217390E+002  0.4968375E+003  0.0000000E+000  0.0000000E+000  0.9233996E-001  0.8215002E+001  0.0000000E+000  0.3387199E-001  0.0000000E+000  0.9275327E+000 -0.1960928E-001  0.4187252E-006  0.2938390E-002  0.2803342E+002  0.2265659E-001  0.7524839E-001  0.6991323E-001  0.6276966E-001  0.3801763E-001  0.3409024E-001  0.4034870E-001  0.3607093E-001  0.3066223E-001  0.4637491E+001  0.8362231E+001  0.6745639E+001  0.4191599E+001  0.2860236E+001  0.1611059E+001  0.1768255E+001  0.1647749E+002  0.0000000E+000 -0.2691253E+000
010101998f25nd1   25.000    25011998  0.2216746E+002  0.4967741E+003  0.0000000E+000  0.0000000E+000  0.9173728E-001  0.8266762E+001  0.0000000E+000  0.3398370E-001  0.0000000E+000  0.9387552E+000 -0.1963801E-001  0.3567244E-006  0.3119917E-002  0.2821716E+002  0.2226620E-001  0.7496685E-001  0.6964095E-001  0.6244451E-001  0.3802424E-001  0.3410282E-001  0.4025284E-001  0.3586623E-001  0.3013557E-001  0.4695772E+001  0.8636634E+001  0.6999320E+001  0.4349167E+001  0.2956927E+001  0.1646229E+001  0.1777816E+001  0.1586580E+002  0.0000000E+000 -0.2692165E+000
010101998f25nd1   26.000    26011998  0.2216014E+002  0.4967123E+003  0.0000000E+000  0.0000000E+000  0.9117568E-001  0.8318419E+001  0.0000000E+000  0.3409199E-001  0.0000000E+000  0.9491588E+000 -0.1967178E-001 -0.5420953E-005  0.3324492E-002  0.2839289E+002  0.2196413E-001  0.7468840E-001  0.6937850E-001  0.6219572E-001  0.3807466E-001  0.3415646E-001  0.4017385E-001  0.3569303E-001  0.2964449E-001  0.4753077E+001  0.8905175E+001  0.7249964E+001  0.4506172E+001  0.3053066E+001  0.1681315E+001  0.1787535E+001  0.1529852E+002  0.0000000E+000 -0.2693023E+000
010101998f25nd1   27.000    27011998  0.2215233E+002  0.4966516E+003  0.0000000E+000  0.0000000E+000  0.9062636E-001  0.8369813E+001  0.0000000E+000  0.3419762E-001  0.0000000E+000  0.9588751E+000 -0.1969998E-001 -0.1176346E-004  0.3544849E-002  0.2855572E+002  0.2163095E-001  0.7449859E-001  0.6915013E-001  0.6192501E-001  0.3811261E-001  0.3420183E-001  0.4007768E-001  0.3553554E-001  0.2953954E-001  0.4808241E+001  0.9166862E+001  0.7496747E+001  0.4662417E+001  0.3148513E+001  0.1716383E+001  0.1797378E+001  0.1474244E+002  0.0000000E+000 -0.2693836E+000
010101998f25nd1   28.000    28011998  0.2214437E+002  0.4965926E+003  0.0000000E+000  0.0000000E+000  0.9007284E-001  0.8420486E+001  0.0000000E+000  0.3430060E-001  0.0000000E+000  0.9679891E+000 -0.1971964E-001 -0.1280468E-004  0.3769713E-002  0.2870308E+002  0.2127589E-001  0.7434537E-001  0.6893513E-001  0.6157236E-001  0.3809920E-001  0.3419876E-001  0.3998855E-001  0.3538479E-001  0.2961407E-001  0.4859356E+001  0.9419517E+001  0.7737795E+001  0.4816785E+001  0.3242807E+001  0.1751327E+001  0.1807283E+001  0.1418213E+002  0.0000000E+000 -0.2694635E+000
010101998f25nd1   29.000    29011998  0.2213600E+002  0.4965355E+003  0.0000000E+000  0.0000000E+000  0.8954459E-001  0.8470455E+001  0.0000000E+000  0.3440138E-001  0.0000000E+000  0.9765210E+000 -0.1973957E-001 -0.1299980E-004  0.3991270E-002  0.2883938E+002  0.2099307E-001  0.7409277E-001  0.6867739E-001  0.6122801E-001  0.3809552E-001  0.3420930E-001  0.3994335E-001  0.3525313E-001  0.2945467E-001  0.4907615E+001  0.9663975E+001  0.7973270E+001  0.4969322E+001  0.3335721E+001  0.1786038E+001  0.1817175E+001  0.1364861E+002  0.0000000E+000 -0.2695419E+000
010101998f25nd1   30.000    30011998  0.2212698E+002  0.4964801E+003  0.0000000E+000  0.0000000E+000  0.8901491E-001  0.8519663E+001  0.0000000E+000  0.3450160E-001  0.0000000E+000  0.9849092E+000 -0.1975750E-001 -0.1126998E-004  0.4212540E-002  0.2896719E+002  0.2080020E-001  0.7354134E-001  0.6818517E-001  0.6078346E-001  0.3803340E-001  0.3417595E-001  0.3990144E-001  0.3513829E-001  0.2904755E-001  0.4952988E+001  0.9899073E+001  0.8202927E+001  0.5120419E+001  0.3427681E+001  0.1820617E+001  0.1827028E+001  0.1315952E+002  0.0000000E+000 -0.2696198E+000
010101998f25nd1   31.000    31011998  0.2211688E+002  0.4964264E+003  0.0000000E+000  0.0000000E+000  0.8847988E-001  0.8569085E+001  0.0000000E+000  0.3459997E-001  0.0000000E+000  0.9927214E+000 -0.1977579E-001 -0.1004707E-004  0.4442030E-002  0.2909046E+002  0.2075916E-001  0.7256745E-001  0.6735907E-001  0.6023048E-001  0.3789788E-001  0.3408781E-001  0.3983811E-001  0.3503177E-001  0.2824719E-001  0.5001604E+001  0.1013274E+002  0.8432102E+001  0.5269980E+001  0.3519443E+001  0.1855201E+001  0.1836848E+001  0.1274202E+002  0.0000000E+000 -0.2696951E+000
010101998f25nd1   32.000    01021998  0.2210570E+002  0.4963733E+003  0.0000000E+000  0.0000000E+000  0.8794323E-001  0.8620663E+001  0.0000000E+000  0.3469615E-001  0.0000000E+000  0.9984365E+000 -0.1979301E-001 -0.8620144E-005  0.4679423E-002  0.2920796E+002  0.2074331E-001  0.7148215E-001  0.6638538E-001  0.5959924E-001  0.3769363E-001  0.3393561E-001  0.3971805E-001  0.3491899E-001  0.2760835E-001  0.5054578E+001  0.1036700E+002  0.8662673E+001  0.5420424E+001  0.3611766E+001  0.1889996E+001  0.1846682E+001  0.1238024E+002  0.0000000E+000 -0.2697695E+000
010101998f25nd1   33.000    02021998  0.2209366E+002  0.4963212E+003  0.0000000E+000  0.0000000E+000  0.8741961E-001  0.8673479E+001  0.0000000E+000  0.3479028E-001  0.0000000E+000  0.1002892E+001 -0.1981015E-001 -0.7392738E-005  0.4919112E-002  0.2931750E+002  0.2072834E-001  0.7044358E-001  0.6543072E-001  0.5896692E-001  0.3747476E-001  0.3376275E-001  0.3955637E-001  0.3479208E-001  0.2712038E-001  0.5109612E+001  0.1059986E+002  0.8893942E+001  0.5572200E+001  0.3704636E+001  0.1925038E+001  0.1856561E+001  0.1205404E+002  0.0000000E+000 -0.2698428E+000
010101998f25nd1   34.000    03021998  0.2208084E+002  0.4962699E+003  0.0000000E+000  0.0000000E+000  0.8690469E-001  0.8726484E+001  0.0000000E+000  0.3488354E-001  0.0000000E+000  0.1007089E+001 -0.1982530E-001 -0.5792254E-005  0.5158726E-002  0.2941864E+002  0.2071196E-001  0.6942309E-001  0.6448557E-001  0.5830706E-001  0.3726243E-001  0.3357152E-001  0.3936413E-001  0.3465153E-001  0.2669965E-001  0.5165436E+001  0.1082980E+002  0.9124837E+001  0.5724803E+001  0.3798023E+001  0.1960328E+001  0.1866488E+001  0.1175589E+002  0.0000000E+000 -0.2699142E+000
010101998f25nd1   35.000    04021998  0.2206746E+002  0.4962193E+003  0.0000000E+000  0.0000000E+000  0.8643340E-001  0.8779497E+001  0.0000000E+000  0.3497541E-001  0.0000000E+000  0.1011084E+001 -0.1984383E-001 -0.8109459E-005  0.5393996E-002  0.2951025E+002  0.2063216E-001  0.6867027E-001  0.6375753E-001  0.5776352E-001  0.3713854E-001  0.3343849E-001  0.3916180E-001  0.3450653E-001  0.2651772E-001  0.5220922E+001  0.1105611E+002  0.9354678E+001  0.5877993E+001  0.3891812E+001  0.1995833E+001  0.1876445E+001  0.1147071E+002  0.0000000E+000 -0.2699786E+000
010101998f25nd1   36.000    05021998  0.2205408E+002  0.4961693E+003  0.0000000E+000  0.0000000E+000  0.8598325E-001  0.8832431E+001  0.0000000E+000  0.3506524E-001  0.0000000E+000  0.1014545E+001 -0.1985781E-001 -0.9361866E-005  0.5614912E-002  0.2958980E+002  0.2044672E-001  0.6817281E-001  0.6322568E-001  0.5728656E-001  0.3703594E-001  0.3331701E-001  0.3894788E-001  0.3435040E-001  0.2662420E-001  0.5274638E+001  0.1127874E+002  0.9583248E+001  0.6031765E+001  0.3985744E+001  0.2031028E+001  0.1885655E+001  0.1117220E+002  0.0000000E+000 -0.2700387E+000
010101998f25nd1   37.000    06021998  0.2204092E+002  0.4961201E+003  0.0000000E+000  0.0000000E+000  0.8557373E-001  0.8884634E+001  0.0000000E+000  0.3515391E-001  0.0000000E+000  0.1017722E+001 -0.1987131E-001 -0.1118013E-004  0.5818010E-002  0.2965790E+002  0.2019755E-001  0.6792342E-001  0.6292205E-001  0.5694173E-001  0.3699820E-001  0.3325602E-001  0.3877005E-001  0.3419809E-001  0.2685954E-001  0.5324049E+001  0.1149398E+002  0.9807058E+001  0.6184308E+001  0.4079843E+001  0.2066234E+001  0.1894890E+001  0.1085793E+002  0.0000000E+000 -0.2700958E+000
010101998f25nd1   38.000    07021998  0.2202802E+002  0.4960720E+003  0.0000000E+000  0.0000000E+000  0.8519024E-001  0.8935823E+001  0.0000000E+000  0.3524177E-001  0.0000000E+000  0.1020747E+001 -0.1988332E-001 -0.1248331E-004  0.6003996E-002  0.2971617E+002  0.1993376E-001  0.6777329E-001  0.6271956E-001  0.5664210E-001  0.3698314E-001  0.3322122E-001  0.3862909E-001  0.3405882E-001  0.2708970E-001  0.5368694E+001  0.1170076E+002  0.1002528E+002  0.6335200E+001  0.4173462E+001  0.2101451E+001  0.1904258E+001  0.1053628E+002  0.0000000E+000 -0.2701483E+000
010101998f25nd1   39.000    08021998  0.2201530E+002  0.4960248E+003  0.0000000E+000  0.0000000E+000  0.8482931E-001  0.8985984E+001  0.0000000E+000  0.3532878E-001  0.0000000E+000  0.1023633E+001 -0.1989390E-001 -0.1362016E-004  0.6175098E-002  0.2976628E+002  0.1967601E-001  0.6763994E-001  0.6254425E-001  0.5634638E-001  0.3698120E-001  0.3320697E-001  0.3852360E-001  0.3393800E-001  0.2729512E-001  0.5409338E+001  0.1189965E+002  0.1023803E+002  0.6484325E+001  0.4266259E+001  0.2136583E+001  0.1913691E+001  0.1021656E+002  0.0000000E+000 -0.2702006E+000
010101998f25nd1   40.000    09021998  0.2200278E+002  0.4959787E+003  0.0000000E+000  0.0000000E+000  0.8449199E-001  0.9035124E+001  0.0000000E+000  0.3541463E-001  0.0000000E+000  0.1026410E+001 -0.1990387E-001 -0.1503307E-004  0.6332359E-002  0.2980928E+002  0.1942694E-001  0.6752407E-001  0.6239429E-001  0.5606662E-001  0.3699249E-001  0.3320958E-001  0.3844384E-001  0.3383451E-001  0.2749823E-001  0.5446554E+001  0.1209115E+002  0.1044553E+002  0.6631623E+001  0.4358065E+001  0.2171604E+001  0.1923133E+001  0.9902891E+001  0.0000000E+000 -0.2702527E+000
010101998f25nd1   41.000    10021998  0.2199037E+002  0.4959337E+003  0.0000000E+000  0.0000000E+000  0.8416355E-001  0.9083282E+001  0.0000000E+000  0.3550046E-001  0.0000000E+000  0.1029087E+001 -0.1991193E-001 -0.1527324E-004  0.6477102E-002  0.2984606E+002  0.1920900E-001  0.6733239E-001  0.6218367E-001  0.5575150E-001  0.3698120E-001  0.3319594E-001  0.3838070E-001  0.3374446E-001  0.2762879E-001  0.5480994E+001  0.1227580E+002  0.1064807E+002  0.6777095E+001  0.4448827E+001  0.2206507E+001  0.1932550E+001  0.9600481E+001  0.0000000E+000 -0.2703043E+000
010101998f25nd1   42.000    11021998  0.2197789E+002  0.4958895E+003  0.0000000E+000  0.0000000E+000  0.8384198E-001  0.9130610E+001  0.0000000E+000  0.3558619E-001  0.0000000E+000  0.1031682E+001 -0.1991947E-001 -0.1500716E-004  0.6612335E-002  0.2987801E+002  0.1904382E-001  0.6701346E-001  0.6184835E-001  0.5540280E-001  0.3695005E-001  0.3316816E-001  0.3833112E-001  0.3366650E-001  0.2763845E-001  0.5513921E+001  0.1245464E+002  0.1084653E+002  0.6921031E+001  0.4538622E+001  0.2241308E+001  0.1941916E+001  0.9317952E+001  0.0000000E+000 -0.2703559E+000
010101998f25nd1   43.000    12021998  0.2196475E+002  0.4958464E+003  0.0000000E+000  0.0000000E+000  0.8349558E-001  0.9177536E+001  0.0000000E+000  0.3567132E-001  0.0000000E+000  0.1034236E+001 -0.1992500E-001 -0.1288585E-004  0.6744693E-002  0.2990725E+002  0.1903767E-001  0.6622255E-001  0.6119832E-001  0.5489606E-001  0.3682346E-001  0.3307347E-001  0.3826589E-001  0.3359257E-001  0.2719518E-001  0.5548246E+001  0.1263046E+002  0.1104288E+002  0.7064311E+001  0.4627859E+001  0.2276113E+001  0.1951235E+001  0.9077207E+001  0.0000000E+000 -0.2704079E+000
010101998f25nd1   44.000    13021998  0.2195104E+002  0.4958036E+003  0.0000000E+000  0.0000000E+000  0.8316848E-001  0.9224500E+001  0.0000000E+000  0.3575564E-001  0.0000000E+000  0.1036743E+001 -0.1993443E-001 -0.1387530E-004  0.6874426E-002  0.2993322E+002  0.1900381E-001  0.6553607E-001  0.6057644E-001  0.5442959E-001  0.3670460E-001  0.3297505E-001  0.3816856E-001  0.3351509E-001  0.2695642E-001  0.5584778E+001  0.1280517E+002  0.1123929E+002  0.7208117E+001  0.4717287E+001  0.2311092E+001  0.1960539E+001  0.8866923E+001  0.0000000E+000 -0.2704594E+000
010101998f25nd1   45.000    14021998  0.2193726E+002  0.4957610E+003  0.0000000E+000  0.0000000E+000  0.8287549E-001  0.9271137E+001  0.0000000E+000  0.3583897E-001  0.0000000E+000  0.1039221E+001 -0.1994527E-001 -0.1822671E-004  0.6994494E-002  0.2995414E+002  0.1892657E-001  0.6505025E-001  0.6012406E-001  0.5407144E-001  0.3664974E-001  0.3293034E-001  0.3805215E-001  0.3343167E-001  0.2694604E-001  0.5620962E+001  0.1297651E+002  0.1143411E+002  0.7351821E+001  0.4806626E+001  0.2346227E+001  0.1969844E+001  0.8665856E+001  0.0000000E+000 -0.2705097E+000
010101998f25nd1   46.000    15021998  0.2192350E+002  0.4957191E+003  0.0000000E+000  0.0000000E+000  0.8259104E-001  0.9317304E+001  0.0000000E+000  0.3592230E-001  0.0000000E+000  0.1041668E+001 -0.1995421E-001 -0.2360591E-004  0.7104434E-002  0.2997046E+002  0.1882293E-001  0.6461318E-001  0.5970875E-001  0.5371888E-001  0.3659727E-001  0.3289298E-001  0.3792175E-001  0.3334241E-001  0.2699038E-001  0.5656213E+001  0.1314393E+002  0.1162662E+002  0.7494981E+001  0.4895599E+001  0.2381458E+001  0.1979132E+001  0.8471514E+001  0.0000000E+000 -0.2705591E+000
010101998f25nd1   47.000    16021998  0.2190981E+002  0.4956776E+003  0.0000000E+000  0.0000000E+000  0.8228467E-001  0.9363100E+001  0.0000000E+000  0.3600554E-001  0.0000000E+000  0.1043908E+001 -0.1995731E-001 -0.2548210E-004  0.7204275E-002  0.2998251E+002  0.1870378E-001  0.6407963E-001  0.5918916E-001  0.5325478E-001  0.3646559E-001  0.3279139E-001  0.3777685E-001  0.3324510E-001  0.2702761E-001  0.5690325E+001  0.1330731E+002  0.1181649E+002  0.7637388E+001  0.4984109E+001  0.2416762E+001  0.1988392E+001  0.8282950E+001  0.0000000E+000 -0.2706085E+000
010101998f25nd1   48.000    17021998  0.2189619E+002  0.4956368E+003  0.0000000E+000  0.0000000E+000  0.8197707E-001  0.9408283E+001  0.0000000E+000  0.3608833E-001  0.0000000E+000  0.1046135E+001 -0.1995895E-001 -0.2450989E-004  0.7294285E-002  0.2999063E+002  0.1857554E-001  0.6355698E-001  0.5864383E-001  0.5276394E-001  0.3630595E-001  0.3266085E-001  0.3764207E-001  0.3314420E-001  0.2706646E-001  0.5723011E+001  0.1346641E+002  0.1200348E+002  0.7778823E+001  0.5072019E+001  0.2452085E+001  0.1997609E+001  0.8100085E+001  0.0000000E+000 -0.2706572E+000
010101998f25nd1   49.000    18021998  0.2188838E+002  0.4955971E+003  0.0000000E+000  0.0000000E+000  0.8176631E-001  0.9446445E+001  0.0000000E+000  0.3617097E-001  0.0000000E+000  0.1048402E+001 -0.1995901E-001 -0.2243874E-004  0.7378439E-002  0.3000248E+002  0.1804950E-001  0.6230210E-001  0.5967196E-001  0.5266312E-001  0.3619152E-001  0.3253032E-001  0.3752414E-001  0.3304717E-001  0.3174099E-001  0.4494077E+001  0.1360228E+002  0.1244113E+002  0.7958663E+001  0.5162270E+001  0.2487351E+001  0.2006779E+001  0.7871641E+001  0.0000000E+000 -0.2707053E+000
010101998f25nd1   50.000    19021998  0.2187721E+002  0.4955580E+003  0.0000000E+000  0.0000000E+000  0.8164703E-001  0.9412826E+001  0.0000000E+000  0.3642940E-001  0.0000000E+000  0.1125120E+001 -0.1995652E-001 -0.2041897E-004  0.7456005E-002  0.3001125E+002  0.1816444E-001  0.6377178E-001  0.6018511E-001  0.5315180E-001  0.3648068E-001  0.3256364E-001  0.3744241E-001  0.3295587E-001  0.2537463E-001  0.3127203E+001  0.1206190E+002  0.1291296E+002  0.8548178E+001  0.5382509E+001  0.2531517E+001  0.2015976E+001  0.7593677E+001  0.0000000E+000 -0.2707449E+000
010101998f25nd1   51.000    20021998  0.2186203E+002  0.4955194E+003  0.0000000E+000  0.0000000E+000  0.8141419E-001  0.9382488E+001  0.0000000E+000  0.3668467E-001  0.0000000E+000  0.1202331E+001 -0.1995605E-001 -0.1840848E-004  0.7523831E-002  0.3001196E+002  0.1800995E-001  0.6357341E-001  0.5994265E-001  0.5292590E-001  0.3649956E-001  0.3260681E-001  0.3742122E-001  0.3287739E-001  0.2466507E-001  0.2657923E+001  0.1108909E+002  0.1286242E+002  0.8872572E+001  0.5581512E+001  0.2590125E+001  0.2025482E+001  0.7361860E+001  0.0000000E+000 -0.2707833E+000
010101998f25nd1   52.000    21021998  0.2184524E+002  0.4954813E+003  0.0000000E+000  0.0000000E+000  0.8115341E-001  0.9360730E+001  0.0000000E+000  0.3692180E-001  0.0000000E+000  0.1272245E+001 -0.1995614E-001 -0.1639623E-004  0.7583491E-002  0.3000742E+002  0.1788094E-001  0.6334645E-001  0.5937437E-001  0.5246074E-001  0.3640052E-001  0.3258190E-001  0.3740578E-001  0.3281020E-001  0.2431725E-001  0.2456783E+001  0.1039690E+002  0.1273622E+002  0.9094397E+001  0.5735980E+001  0.2646716E+001  0.2035140E+001  0.7160663E+001  0.0000000E+000 -0.2708211E+000
010101998f25nd1   53.000    22021998  0.2182818E+002  0.4954436E+003  0.0000000E+000  0.0000000E+000  0.8090997E-001  0.9346569E+001  0.0000000E+000  0.3714422E-001  0.0000000E+000  0.1334339E+001 -0.1995690E-001 -0.1482433E-004  0.7635073E-002  0.2999936E+002  0.1774426E-001  0.6306417E-001  0.5888849E-001  0.5208020E-001  0.3630263E-001  0.3252460E-001  0.3736695E-001  0.3274992E-001  0.2403947E-001  0.2295642E+001  0.9819948E+001  0.1266868E+002  0.9296259E+001  0.5863596E+001  0.2691506E+001  0.2044662E+001  0.6974765E+001  0.0000000E+000 -0.2708586E+000
010101998f25nd1   54.000    23021998  0.2181109E+002  0.4954065E+003  0.0000000E+000  0.0000000E+000  0.8069399E-001  0.9335076E+001  0.0000000E+000  0.3736212E-001  0.0000000E+000  0.1393247E+001 -0.1995801E-001 -0.1359955E-004  0.7679743E-002  0.2998864E+002  0.1761076E-001  0.6279360E-001  0.5856982E-001  0.5181251E-001  0.3622548E-001  0.3247316E-001  0.3731393E-001  0.3269332E-001  0.2388705E-001  0.2138506E+001  0.9286674E+001  0.1261082E+002  0.9493675E+001  0.5991746E+001  0.2731992E+001  0.2053885E+001  0.6798919E+001  0.0000000E+000 -0.2708957E+000
010101998f25nd1   55.000    24021998  0.2179302E+002  0.4953699E+003  0.0000000E+000  0.0000000E+000  0.8044842E-001  0.9328002E+001  0.0000000E+000  0.3756475E-001  0.0000000E+000  0.1448472E+001 -0.1995878E-001 -0.1161062E-004  0.7716868E-002  0.2997406E+002  0.1744994E-001  0.6266050E-001  0.5777136E-001  0.5134613E-001  0.3612140E-001  0.3241977E-001  0.3725503E-001  0.3263823E-001  0.2345655E-001  0.2153999E+001  0.8890255E+001  0.1245750E+002  0.9663604E+001  0.6124822E+001  0.2772988E+001  0.2062856E+001  0.6648333E+001  0.0000000E+000 -0.2709320E+000
010101998f25nd1   56.000    25021998  0.2178077E+002  0.4953354E+003  0.0000000E+000  0.0000000E+000  0.8053536E-001  0.9295508E+001  0.0000000E+000  0.3785919E-001  0.0000000E+000  0.1521090E+001 -0.1995702E-001 -0.9851808E-005  0.7761538E-002  0.2996675E+002  0.1711784E-001  0.5976828E-001  0.5990051E-001  0.5333033E-001  0.3685077E-001  0.3253609E-001  0.3721151E-001  0.3258856E-001  0.2275484E-001  0.1454451E+001  0.7441768E+001  0.1250318E+002  0.1038168E+002  0.6385819E+001  0.2807903E+001  0.2072006E+001  0.6431676E+001  0.0000000E+000 -0.2709808E+000
010101998f25nd1   57.000    26021998  0.2176388E+002  0.4953004E+003  0.0000000E+000  0.0000000E+000  0.8051520E-001  0.9228327E+001  0.0000000E+000  0.3822086E-001  0.0000000E+000  0.1633435E+001 -0.1995487E-001 -0.7899698E-005  0.7795951E-002  0.2995365E+002  0.1716445E-001  0.6141939E-001  0.5997941E-001  0.5356590E-001  0.3734797E-001  0.3302048E-001  0.3731487E-001  0.3254825E-001  0.2254954E-001  0.1256727E+001  0.6316684E+001  0.1143758E+002  0.1075164E+002  0.6959093E+001  0.2922971E+001  0.2082083E+001  0.6251405E+001  0.0000000E+000 -0.2710207E+000
010101998f25nd1   58.000    27021998  0.2174550E+002  0.4952654E+003  0.0000000E+000  0.0000000E+000  0.8033472E-001  0.9171103E+001  0.0000000E+000  0.3855601E-001  0.0000000E+000  0.1737316E+001 -0.1995480E-001 -0.5947391E-005  0.7820744E-002  0.2993578E+002  0.1710048E-001  0.6195750E-001  0.5928805E-001  0.5302382E-001  0.3724022E-001  0.3311858E-001  0.3744710E-001  0.3252527E-001  0.2301194E-001  0.1224028E+001  0.5727809E+001  0.1070236E+002  0.1067012E+002  0.7197737E+001  0.3052046E+001  0.2093662E+001  0.6104300E+001  0.0000000E+000 -0.2710593E+000
010101998f25nd1   59.000    28021998  0.2172824E+002  0.4952308E+003  0.0000000E+000  0.0000000E+000  0.8022504E-001  0.9123454E+001  0.0000000E+000  0.3888086E-001  0.0000000E+000  0.1829747E+001 -0.1995498E-001 -0.3987000E-005  0.7845473E-002  0.2991686E+002  0.1695740E-001  0.6137963E-001  0.5946005E-001  0.5310072E-001  0.3726133E-001  0.3308829E-001  0.3748798E-001  0.3251826E-001  0.2262158E-001  0.1062485E+001  0.5145253E+001  0.1019330E+002  0.1069711E+002  0.7362489E+001  0.3129178E+001  0.2106637E+001  0.5959191E+001  0.0000000E+000 -0.2711000E+000
010101998f25nd1   60.000    01031998  0.2171066E+002  0.4951964E+003  0.0000000E+000  0.0000000E+000  0.8014572E-001  0.9071873E+001  0.0000000E+000  0.3922454E-001  0.0000000E+000  0.1925969E+001 -0.1995456E-001 -0.2050257E-005  0.7866765E-002  0.2989644E+002  0.1687495E-001  0.6152808E-001  0.5938311E-001  0.5320589E-001  0.3748705E-001  0.3321960E-001  0.3753050E-001  0.3251288E-001  0.2369762E-001  0.9498683E+000  0.4536724E+001  0.9466279E+001  0.1072580E+002  0.7673987E+001  0.3221018E+001  0.2118530E+001  0.5819757E+001  0.0000000E+000 -0.2711399E+000
010101998f25nd1   61.000    02031998  0.2169243E+002  0.4951625E+003  0.0000000E+000  0.0000000E+000  0.8002324E-001  0.9022522E+001  0.0000000E+000  0.3956347E-001  0.0000000E+000  0.2020362E+001 -0.1995461E-001 -0.1228788E-006  0.7885333E-002  0.2987358E+002  0.1673464E-001  0.6151677E-001  0.5916625E-001  0.5297721E-001  0.3743692E-001  0.3326296E-001  0.3758888E-001  0.3251144E-001  0.2251099E-001  0.8889459E+000  0.4116978E+001  0.8841210E+001  0.1055547E+002  0.7883754E+001  0.3332602E+001  0.2130444E+001  0.5702387E+001  0.0000000E+000 -0.2711797E+000
010101998f25nd1   62.000    03031998  0.2167401E+002  0.4951288E+003  0.0000000E+000  0.0000000E+000  0.7983971E-001  0.8982582E+001  0.0000000E+000  0.3987556E-001  0.0000000E+000  0.2105289E+001 -0.1995584E-001  0.1813038E-005  0.7896801E-002  0.2984812E+002  0.1661279E-001  0.6145433E-001  0.5854667E-001  0.5239962E-001  0.3721667E-001  0.3318063E-001  0.3760429E-001  0.3251158E-001  0.2285085E-001  0.8826427E+000  0.3864501E+001  0.8367905E+001  0.1034792E+002  0.7983333E+001  0.3419160E+001  0.2142035E+001  0.5603766E+001  0.0000000E+000 -0.2712180E+000
010101998f25nd1   63.000    04031998  0.2165646E+002  0.4950955E+003  0.0000000E+000  0.0000000E+000  0.7974770E-001  0.8947809E+001  0.0000000E+000  0.4018485E-001  0.0000000E+000  0.2183473E+001 -0.1995672E-001  0.3756614E-005  0.7911004E-002  0.2982217E+002  0.1649106E-001  0.6091369E-001  0.5862761E-001  0.5247743E-001  0.3723361E-001  0.3310826E-001  0.3757366E-001  0.3250900E-001  0.2255061E-001  0.7879754E+000  0.3562051E+001  0.7969524E+001  0.1025185E+002  0.8096666E+001  0.3481471E+001  0.2152502E+001  0.5508799E+001  0.0000000E+000 -0.2712576E+000
010101998f25nd1   64.000    05031998  0.2163764E+002  0.4950623E+003  0.0000000E+000  0.0000000E+000  0.7951529E-001  0.8917434E+001  0.0000000E+000  0.4046928E-001  0.0000000E+000  0.2258568E+001 -0.1995916E-001  0.5677927E-005  0.7915443E-002  0.2979278E+002  0.1629864E-001  0.6167159E-001  0.5727106E-001  0.5148651E-001  0.3693556E-001  0.3304922E-001  0.3755616E-001  0.3250382E-001  0.2305964E-001  0.9022450E+000  0.3448311E+001  0.7543242E+001  0.9992647E+001  0.8195520E+001  0.3561279E+001  0.2162314E+001  0.5444797E+001  0.0000000E+000 -0.2712934E+000
010101998f25nd1   65.000    06031998  0.2162013E+002  0.4950296E+003  0.0000000E+000  0.0000000E+000  0.7938104E-001  0.8900555E+001  0.0000000E+000  0.4072398E-001  0.0000000E+000  0.2318223E+001 -0.1996088E-001  0.7588236E-005  0.7925700E-002  0.2976302E+002  0.1621193E-001  0.6088276E-001  0.5728450E-001  0.5122650E-001  0.3672220E-001  0.3286121E-001  0.3747797E-001  0.3249574E-001  0.2317731E-001  0.8337916E+000  0.3355096E+001  0.7387633E+001  0.9882109E+001  0.8191953E+001  0.3598560E+001  0.2171166E+001  0.5381840E+001  0.0000000E+000 -0.2713319E+000
010101998f25nd1   66.000    07031998  0.2160211E+002  0.4949968E+003  0.0000000E+000  0.0000000E+000  0.7920511E-001  0.8886593E+001  0.0000000E+000  0.4096635E-001  0.0000000E+000  0.2375305E+001 -0.1996296E-001  0.9523238E-005  0.7931096E-002  0.2973116E+002  0.1601596E-001  0.6112273E-001  0.5648517E-001  0.5063394E-001  0.3653117E-001  0.3276993E-001  0.3739758E-001  0.3248124E-001  0.2335491E-001  0.8907235E+000  0.3294161E+001  0.7158403E+001  0.9753033E+001  0.8256382E+001  0.3640374E+001  0.2178656E+001  0.5334027E+001  0.0000000E+000 -0.2713672E+000
010101998f25nd1   67.000    08031998  0.2158452E+002  0.4949642E+003  0.0000000E+000  0.0000000E+000  0.7905163E-001  0.8881834E+001  0.0000000E+000  0.4118038E-001  0.0000000E+000  0.2422351E+001 -0.1996579E-001  0.1118640E-004  0.7936512E-002  0.2969817E+002  0.1604198E-001  0.6104609E-001  0.5598491E-001  0.5016904E-001  0.3633516E-001  0.3265011E-001  0.3731005E-001  0.3246426E-001  0.2636203E-001  0.9203048E+000  0.3288947E+001  0.7051099E+001  0.9661678E+001  0.8274644E+001  0.3674092E+001  0.2185461E+001  0.5287124E+001  0.0000000E+000 -0.2714018E+000
010101998f25nd1   68.000    09031998  0.2157393E+002  0.4949344E+003  0.0000000E+000  0.0000000E+000  0.8035625E-001  0.8820054E+001  0.0000000E+000  0.4167243E-001  0.0000000E+000  0.2515030E+001 -0.1997951E-001  0.4547178E-005  0.7993277E-002  0.2967949E+002  0.1608374E-001  0.4908218E-001  0.5878196E-001  0.5756903E-001  0.4424600E-001  0.3933014E-001  0.3791230E-001  0.3247489E-001  0.1692030E-001  0.2548811E+000  0.1640188E+001  0.4712141E+001  0.9080635E+001  0.1142538E+002  0.4044837E+001  0.2199843E+001  0.5111321E+001  0.0000000E+000 -0.2714837E+000
010101998f25nd1   69.000    10031998  0.2155705E+002  0.4949026E+003  0.0000000E+000  0.0000000E+000  0.8059608E-001  0.8739054E+001  0.0000000E+000  0.4220754E-001  0.0000000E+000  0.2636590E+001 -0.1997229E-001  0.3958883E-005  0.7996126E-002  0.2965476E+002  0.1692925E-001  0.5794296E-001  0.6045742E-001  0.5678483E-001  0.4213273E-001  0.3811276E-001  0.4024187E-001  0.3260754E-001  0.2434653E-001  0.3593066E+000  0.1648286E+001  0.4247800E+001  0.7758502E+001  0.9477746E+001  0.5460812E+001  0.2256700E+001  0.5083481E+001  0.0000000E+000 -0.2715264E+000
010101998f25nd1   70.000    11031998  0.2153872E+002  0.4948711E+003  0.0000000E+000  0.0000000E+000  0.8027466E-001  0.8672611E+001  0.0000000E+000  0.4266337E-001  0.0000000E+000  0.2745422E+001 -0.1997370E-001  0.5001255E-005  0.7998091E-002  0.2962382E+002  0.1668403E-001  0.6105776E-001  0.5911969E-001  0.5494389E-001  0.4070169E-001  0.3704144E-001  0.4010046E-001  0.3274383E-001  0.2570749E-001  0.5336496E+000  0.1750288E+001  0.4191616E+001  0.7371042E+001  0.8802569E+001  0.5206157E+001  0.2324157E+001  0.5072815E+001  0.0000000E+000 -0.2715748E+000
010101998f25nd1   71.000    12031998  0.2152054E+002  0.4948401E+003  0.0000000E+000  0.0000000E+000  0.7984104E-001  0.8621748E+001  0.0000000E+000  0.4304335E-001  0.0000000E+000  0.2838412E+001 -0.1998046E-001  0.4751690E-005  0.7998190E-002  0.2958956E+002  0.1637459E-001  0.6158534E-001  0.5749544E-001  0.5301941E-001  0.3930349E-001  0.3580398E-001  0.3973928E-001  0.3282910E-001  0.2562423E-001  0.6964934E+000  0.1859072E+001  0.4176754E+001  0.7076254E+001  0.8252057E+001  0.5010516E+001  0.2366067E+001  0.5069466E+001  0.0000000E+000 -0.2716219E+000
010101998f25nd1   72.000    13031998  0.2150283E+002  0.4948094E+003  0.0000000E+000  0.0000000E+000  0.7939147E-001  0.8590720E+001  0.0000000E+000  0.4334266E-001  0.0000000E+000  0.2910872E+001 -0.1998649E-001  0.4461540E-005  0.7998190E-002  0.2955286E+002  0.1601800E-001  0.6119753E-001  0.5578436E-001  0.5122939E-001  0.3808025E-001  0.3468902E-001  0.3922920E-001  0.3287474E-001  0.2484981E-001  0.8517170E+000  0.1978209E+001  0.4186529E+001  0.6874578E+001  0.7864053E+001  0.4877295E+001  0.2391258E+001  0.5076654E+001  0.0000000E+000 -0.2716642E+000
010101998f25nd1   73.000    14031998  0.2148551E+002  0.4947789E+003  0.0000000E+000  0.0000000E+000  0.7897218E-001  0.8580242E+001  0.0000000E+000  0.4356640E-001  0.0000000E+000  0.2962098E+001 -0.1999027E-001  0.6309641E-005  0.7998190E-002  0.2951432E+002  0.1571192E-001  0.6044403E-001  0.5427485E-001  0.4968904E-001  0.3705167E-001  0.3374279E-001  0.3870243E-001  0.3285621E-001  0.2432596E-001  0.1003940E+001  0.2122348E+001  0.4241470E+001  0.6768629E+001  0.7614095E+001  0.4810634E+001  0.2397261E+001  0.5094057E+001  0.0000000E+000 -0.2717071E+000
010101998f25nd1   74.000    15031998  0.2146858E+002  0.4947487E+003  0.0000000E+000  0.0000000E+000  0.7864878E-001  0.8586027E+001  0.0000000E+000  0.4373483E-001  0.0000000E+000  0.2996349E+001 -0.1999450E-001  0.7810681E-005  0.7998190E-002  0.2947454E+002  0.1600625E-001  0.5978734E-001  0.5320061E-001  0.4858570E-001  0.3632985E-001  0.3306238E-001  0.3821035E-001  0.3280214E-001  0.2433280E-001  0.1149264E+001  0.2281578E+001  0.4336613E+001  0.6741607E+001  0.7467833E+001  0.4778242E+001  0.2396397E+001  0.5116968E+001  0.0000000E+000 -0.2717489E+000
010101998f25nd1   75.000    16031998  0.2145206E+002  0.4947190E+003  0.0000000E+000  0.0000000E+000  0.7840649E-001  0.8602533E+001  0.0000000E+000  0.4386807E-001  0.0000000E+000  0.3019133E+001 -0.1999953E-001  0.8106070E-005  0.7998190E-002  0.2943398E+002  0.1599197E-001  0.5931382E-001  0.5251426E-001  0.4787136E-001  0.3587893E-001  0.3262247E-001  0.3777995E-001  0.3272895E-001  0.2456656E-001  0.1285905E+001  0.2450493E+001  0.4456792E+001  0.6762943E+001  0.7389231E+001  0.4763124E+001  0.2395095E+001  0.5140336E+001  0.0000000E+000 -0.2717893E+000
010101998f25nd1   76.000    17031998  0.2143599E+002  0.4946893E+003  0.0000000E+000  0.0000000E+000  0.7822090E-001  0.8624960E+001  0.0000000E+000  0.4398384E-001  0.0000000E+000  0.3035210E+001 -0.2000329E-001  0.8237922E-005  0.7998190E-002  0.2939305E+002  0.1595867E-001  0.5895970E-001  0.5210491E-001  0.4740885E-001  0.3559614E-001  0.3233603E-001  0.3741300E-001  0.3264526E-001  0.2490440E-001  0.1384718E+001  0.2618829E+001  0.4589868E+001  0.6814083E+001  0.7354788E+001  0.4759228E+001  0.2394705E+001  0.5158597E+001  0.0000000E+000 -0.2718293E+000
010101998f25nd1   77.000    18031998  0.2142032E+002  0.4946598E+003  0.0000000E+000  0.0000000E+000  0.7806238E-001  0.8649890E+001  0.0000000E+000  0.4409249E-001  0.0000000E+000  0.3048098E+001 -0.2000512E-001  0.9493538E-005  0.7998190E-002  0.2935189E+002  0.1596163E-001  0.5864687E-001  0.5181681E-001  0.4707126E-001  0.3539089E-001  0.3212503E-001  0.3709718E-001  0.3255327E-001  0.2516612E-001  0.1449662E+001  0.2782219E+001  0.4722300E+001  0.6880912E+001  0.7346159E+001  0.4761988E+001  0.2395130E+001  0.5170859E+001  0.0000000E+000 -0.2718689E+000
010101998f25nd1   78.000    19031998  0.2140474E+002  0.4946307E+003  0.0000000E+000  0.0000000E+000  0.7789835E-001  0.8676215E+001  0.0000000E+000  0.4419533E-001  0.0000000E+000  0.3059136E+001 -0.2000572E-001  0.1141163E-004  0.7998190E-002  0.2931048E+002  0.1604825E-001  0.5814636E-001  0.5136959E-001  0.4671393E-001  0.3520615E-001  0.3195225E-001  0.3683625E-001  0.3246010E-001  0.2492844E-001  0.1529406E+001  0.2937848E+001  0.4849671E+001  0.6951293E+001  0.7352600E+001  0.4770532E+001  0.2396709E+001  0.5185363E+001  0.0000000E+000 -0.2719072E+000
010101998f25nd1   79.000    20031998  0.2138926E+002  0.4946017E+003  0.0000000E+000  0.0000000E+000  0.7773109E-001  0.8705295E+001  0.0000000E+000  0.4428536E-001  0.0000000E+000  0.3067180E+001 -0.2000676E-001  0.1320417E-004  0.7998190E-002  0.2926868E+002  0.1602784E-001  0.5765172E-001  0.5091731E-001  0.4631682E-001  0.3500111E-001  0.3176966E-001  0.3660147E-001  0.3236554E-001  0.2520935E-001  0.1626874E+001  0.3106796E+001  0.4985136E+001  0.7021414E+001  0.7364607E+001  0.4783313E+001  0.2399344E+001  0.5203957E+001  0.0000000E+000 -0.2719473E+000
010101998f25nd1   80.000    21031998  0.2137406E+002  0.4945729E+003  0.0000000E+000  0.0000000E+000  0.7758517E-001  0.8734576E+001  0.0000000E+000  0.4437405E-001  0.0000000E+000  0.3074565E+001 -0.2000707E-001  0.1481905E-004  0.7998190E-002  0.2922670E+002  0.1605803E-001  0.5726012E-001  0.5059623E-001  0.4601560E-001  0.3484583E-001  0.3162168E-001  0.3638956E-001  0.3226808E-001  0.2535134E-001  0.1685949E+001  0.3267798E+001  0.5119862E+001  0.7096224E+001  0.7387886E+001  0.4798146E+001  0.2402830E+001  0.5216979E+001  0.0000000E+000 -0.2719848E+000
010101998f25nd1   81.000    22031998  0.2135892E+002  0.4945443E+003  0.0000000E+000  0.0000000E+000  0.7743856E-001  0.8763780E+001  0.0000000E+000  0.4446234E-001  0.0000000E+000  0.3081753E+001 -0.2000749E-001  0.1614590E-004  0.7998190E-002  0.2918438E+002  0.1621927E-001  0.5681092E-001  0.5021759E-001  0.4571142E-001  0.3469825E-001  0.3148761E-001  0.3619797E-001  0.3217041E-001  0.2523708E-001  0.1753829E+001  0.3422815E+001  0.5251256E+001  0.7168440E+001  0.7414510E+001  0.4814646E+001  0.2407077E+001  0.5231322E+001  0.0000000E+000 -0.2720203E+000
010101998f25nd1   82.000    23031998  0.2134383E+002  0.4945159E+003  0.0000000E+000  0.0000000E+000  0.7729495E-001  0.8794252E+001  0.0000000E+000  0.4454434E-001  0.0000000E+000  0.3087463E+001 -0.2000832E-001  0.1666855E-004  0.7998190E-002  0.2914163E+002  0.1632666E-001  0.5638954E-001  0.4983530E-001  0.4540697E-001  0.3455975E-001  0.3136876E-001  0.3601998E-001  0.3207350E-001  0.2543618E-001  0.1851975E+001  0.3584140E+001  0.5383626E+001  0.7239332E+001  0.7442725E+001  0.4832186E+001  0.2411919E+001  0.5248940E+001  0.0000000E+000 -0.2720575E+000
010101998f25nd1   83.000    24031998  0.2132899E+002  0.4944877E+003  0.0000000E+000  0.0000000E+000  0.7715242E-001  0.8824931E+001  0.0000000E+000  0.4462589E-001  0.0000000E+000  0.3092544E+001 -0.2000818E-001  0.1756389E-004  0.7998190E-002  0.2909853E+002  0.1639296E-001  0.5599602E-001  0.4948425E-001  0.4510956E-001  0.3442533E-001  0.3124712E-001  0.3584781E-001  0.3197495E-001  0.2563231E-001  0.1942935E+001  0.3743562E+001  0.5514705E+001  0.7314515E+001  0.7472783E+001  0.4850406E+001  0.2417217E+001  0.5264674E+001  0.0000000E+000 -0.2720921E+000
010101998f25nd1   84.000    25031998  0.2131440E+002  0.4944597E+003  0.0000000E+000  0.0000000E+000  0.7702647E-001  0.8855829E+001  0.0000000E+000  0.4470575E-001  0.0000000E+000  0.3096979E+001 -0.2000858E-001  0.1799385E-004  0.7998190E-002  0.2905512E+002  0.1644848E-001  0.5568460E-001  0.4921603E-001  0.4487675E-001  0.3432851E-001  0.3115933E-001  0.3569563E-001  0.3187887E-001  0.2586910E-001  0.2027652E+001  0.3902419E+001  0.5647503E+001  0.7390438E+001  0.7504102E+001  0.4869211E+001  0.2422851E+001  0.5278252E+001  0.0000000E+000 -0.2721264E+000
010101998f25nd1   85.000    26031998  0.2130653E+002  0.4944330E+003  0.0000000E+000  0.0000000E+000  0.7740848E-001  0.8856284E+001  0.0000000E+000  0.4489817E-001  0.0000000E+000  0.3123596E+001 -0.2000856E-001  0.1773043E-004  0.8017134E-002  0.2902075E+002  0.1806238E-001  0.5239947E-001  0.5286962E-001  0.4830861E-001  0.3547023E-001  0.3125706E-001  0.3555540E-001  0.3178369E-001  0.2352732E-001  0.7689945E+000  0.3363382E+001  0.5963949E+001  0.7770932E+001  0.7664635E+001  0.4889423E+001  0.2428463E+001  0.5197623E+001  0.0000000E+000 -0.2721745E+000
010101998f25nd1   86.000    27031998  0.2129274E+002  0.4944062E+003  0.0000000E+000  0.0000000E+000  0.7824059E-001  0.8797174E+001  0.0000000E+000  0.4527130E-001  0.0000000E+000  0.3215127E+001 -0.1999915E-001  0.1882831E-004  0.8042533E-002  0.2898264E+002  0.1958455E-001  0.4960432E-001  0.5483432E-001  0.5064511E-001  0.3835515E-001  0.3349535E-001  0.3579922E-001  0.3170175E-001  0.2234024E-001  0.3979855E+000  0.2280217E+001  0.4920385E+001  0.7621334E+001  0.8673014E+001  0.5146361E+001  0.2438473E+001  0.6275975E+001  0.0000000E+000 -0.2722141E+000
010101998f25nd1   87.000    28031998  0.2127795E+002  0.4943804E+003  0.0000000E+000  0.0000000E+000  0.7999146E-001  0.8720740E+001  0.0000000E+000  0.4575074E-001  0.0000000E+000  0.3323177E+001 -0.1999697E-001  0.1677864E-004  0.8080561E-002  0.2894462E+002  0.2246463E-001  0.4359717E-001  0.5524328E-001  0.5464035E-001  0.4373738E-001  0.3872313E-001  0.3843474E-001  0.3170763E-001  0.1744310E-001  0.1777753E+000  0.1140881E+001  0.3190732E+001  0.6281295E+001  0.9241122E+001  0.6663085E+001  0.2482111E+001  0.8621736E+001  0.0000000E+000 -0.2722700E+000
010101998f25nd1   88.000    29031998  0.2126241E+002  0.4943545E+003  0.0000000E+000  0.0000000E+000  0.8111509E-001  0.8661540E+001  0.0000000E+000  0.4627954E-001  0.0000000E+000  0.3415246E+001 -0.1999928E-001  0.1001657E-004  0.8109710E-002  0.2890725E+002  0.2121301E-001  0.4888496E-001  0.5687186E-001  0.5454763E-001  0.4329226E-001  0.3915306E-001  0.4059263E-001  0.3366419E-001  0.2300062E-001  0.1551253E+000  0.7888606E+000  0.2105533E+001  0.4281092E+001  0.6739639E+001  0.7150177E+001  0.3488894E+001  0.9460993E+001  0.0000000E+000 -0.2723246E+000
010101998f25nd1   89.000    30031998  0.2124640E+002  0.4943292E+003  0.0000000E+000  0.0000000E+000  0.8255688E-001  0.8611259E+001  0.0000000E+000  0.4681943E-001  0.0000000E+000  0.3497859E+001 -0.1999818E-001  0.7375190E-005  0.8138233E-002  0.2886770E+002  0.2476536E-001  0.4259131E-001  0.5513737E-001  0.5642265E-001  0.4708922E-001  0.4264055E-001  0.4179033E-001  0.3536564E-001  0.1411371E-001  0.7859965E-001  0.4510709E+000  0.1348617E+001  0.3082780E+001  0.5702898E+001  0.6650273E+001  0.4233202E+001  0.1115379E+002  0.0000000E+000 -0.2723916E+000
010101998f25nd1   90.000    31031998  0.2122973E+002  0.4943045E+003  0.0000000E+000  0.0000000E+000  0.8440641E-001  0.8567610E+001  0.0000000E+000  0.4747127E-001  0.0000000E+000  0.3573406E+001 -0.2002218E-001 -0.1151578E-004  0.8179179E-002  0.2883020E+002  0.2229393E-001  0.4328559E-001  0.5635644E-001  0.5593617E-001  0.4601882E-001  0.4206593E-001  0.4354678E-001  0.3658413E-001  0.1819262E-001  0.6981187E-001  0.2833784E+000  0.7197410E+000  0.1596619E+001  0.3053235E+001  0.4854459E+001  0.4609382E+001  0.1303159E+002  0.0000000E+000 -0.2724812E+000
010101998f25nd1   91.000    01041998  0.2121309E+002  0.4942791E+003  0.0000000E+000  0.0000000E+000  0.8506081E-001  0.8538156E+001  0.0000000E+000  0.4802864E-001  0.0000000E+000  0.3636613E+001 -0.2001945E-001 -0.1483665E-004  0.8206237E-002  0.2878954E+002  0.2321788E-001  0.4241232E-001  0.5592423E-001  0.5584674E-001  0.4591914E-001  0.4171949E-001  0.4367582E-001  0.3677694E-001  0.1441513E-001  0.6053786E-001  0.2624289E+000  0.6056517E+000  0.1256767E+001  0.2440878E+001  0.4139340E+001  0.4458224E+001  0.1374175E+002  0.0000000E+000 -0.2725561E+000
010101998f25nd1   92.000    02041998  0.2119669E+002  0.4942539E+003  0.0000000E+000  0.0000000E+000  0.8544721E-001  0.8510519E+001  0.0000000E+000  0.4858108E-001  0.0000000E+000  0.3698055E+001 -0.2001343E-001 -0.1663192E-004  0.8230424E-002  0.2874850E+002  0.2204263E-001  0.4451801E-001  0.5597556E-001  0.5499126E-001  0.4480307E-001  0.4077708E-001  0.4373912E-001  0.3707829E-001  0.1945880E-001  0.7250855E-001  0.2715668E+000  0.5486946E+000  0.1037266E+001  0.1966168E+001  0.3548658E+001  0.4321318E+001  0.1401464E+002  0.0000000E+000 -0.2726280E+000
010101998f25nd1   93.000    03041998  0.2118100E+002  0.4942283E+003  0.0000000E+000  0.0000000E+000  0.8512925E-001  0.8483452E+001  0.0000000E+000  0.4910943E-001  0.0000000E+000  0.3759246E+001 -0.2000570E-001 -0.1543052E-004  0.8244921E-002  0.2870652E+002  0.2200747E-001  0.4852102E-001  0.5569819E-001  0.5331627E-001  0.4268541E-001  0.3897100E-001  0.4305279E-001  0.3694072E-001  0.2548810E-001  0.1107603E+000  0.3383845E+000  0.5777440E+000  0.9702475E+000  0.1738050E+001  0.3181986E+001  0.4122820E+001  0.1334224E+002  0.0000000E+000 -0.2726885E+000
010101998f25nd1   94.000    04041998  0.2116571E+002  0.4942028E+003  0.0000000E+000  0.0000000E+000  0.8432484E-001  0.8456646E+001  0.0000000E+000  0.4959363E-001  0.0000000E+000  0.3820325E+001 -0.2000580E-001 -0.1378129E-004  0.8248840E-002  0.2866309E+002  0.2161461E-001  0.5312318E-001  0.5452184E-001  0.5114174E-001  0.4039606E-001  0.3697689E-001  0.4206895E-001  0.3661560E-001  0.3090819E-001  0.1929069E+000  0.4458309E+000  0.6507234E+000  0.9736173E+000  0.1649312E+001  0.3001894E+001  0.3972004E+001  0.1215790E+002  0.0000000E+000 -0.2727430E+000
010101998f25nd1   95.000    05041998  0.2115001E+002  0.4941777E+003  0.0000000E+000  0.0000000E+000  0.8405260E-001  0.8430384E+001  0.0000000E+000  0.5005670E-001  0.0000000E+000  0.3880345E+001 -0.2000512E-001 -0.1207915E-004  0.8261432E-002  0.2861840E+002  0.2191970E-001  0.5357452E-001  0.5453955E-001  0.5090361E-001  0.3997561E-001  0.3623577E-001  0.4134772E-001  0.3621834E-001  0.2639744E-001  0.1718295E+000  0.4955031E+000  0.7296490E+000  0.1021363E+001  0.1657725E+001  0.2935384E+001  0.3860538E+001  0.1203998E+002  0.0000000E+000 -0.2728010E+000
010101998f25nd1   96.000    06041998  0.2113442E+002  0.4941528E+003  0.0000000E+000  0.0000000E+000  0.8397147E-001  0.8404308E+001  0.0000000E+000  0.5052235E-001  0.0000000E+000  0.3939577E+001 -0.2000156E-001 -0.1038358E-004  0.8275395E-002  0.2857377E+002  0.2215739E-001  0.5332624E-001  0.5462147E-001  0.5105812E-001  0.4013717E-001  0.3623259E-001  0.4094833E-001  0.3591386E-001  0.2479148E-001  0.1490391E+000  0.4972951E+000  0.7741306E+000  0.1061071E+001  0.1661840E+001  0.2901901E+001  0.3794030E+001  0.1221526E+002  0.0000000E+000 -0.2728553E+000
