    DOY     DATE    RADN            TMAX_AIR        TMIN_AIR        HMAX_AIR        HMIN_AIR        WIND            PRECN           TMAX_SOIL_1     TMIN_SOIL_1     TMAX_SOIL_2     TMIN_SOIL_2     TMAX_SOIL_3     TMIN_SOIL_3     TMAX_SOIL_4     TMIN_SOIL_4     TMAX_SOIL_5     TMIN_SOIL_5     TMAX_SOIL_6     TMIN_SOIL_6     
010101998f25ed1    1.000    01011998  0.3405348E+001 -0.1280000E+002 -0.2770000E+002  0.2229360E+000  0.5742478E-001  0.2449440E+003  0.6600000E+001  0.3839600E+001 -0.8203979E+001  0.8183624E+001 -0.1248718E+001  0.8322327E+001  0.4837036E-001  0.8342316E+001  0.1293213E+001  0.8277252E+001  0.2195251E+001  0.8275299E+001  0.3002838E+001
010101998f25ed1    2.000    02011998  0.2202264E+001  0.4400000E+001 -0.1220000E+002  0.6995859E+000  0.2352047E+000  0.2764440E+003  0.0000000E+000 -0.1810608E+000 -0.2542542E+001  0.1966858E+000 -0.2853394E+000  0.6410828E+000  0.3711243E+000  0.1316681E+001  0.1219421E+001  0.2186340E+001  0.1787842E+001  0.2987305E+001  0.2335175E+001
010101998f25ed1    3.000    03011998  0.1594008E+001  0.6100000E+001  0.4100000E+001  0.9045212E+000  0.7118323E+000  0.4312440E+003  0.0000000E+000  0.1211548E-001 -0.1775208E+000  0.2176208E+000  0.1970520E+000  0.6382141E+000  0.5919800E+000  0.1217773E+001  0.1065887E+001  0.1784790E+001  0.1530884E+001  0.2330902E+001  0.1981995E+001
010101998f25ed1    4.000    04011998  0.3393072E+001  0.4500000E+001 -0.9100000E+001  0.8048987E+000  0.2150028E+000  0.4914720E+003  0.0000000E+000 -0.2014160E-002 -0.1380005E+000  0.5399170E+000  0.1751099E+000  0.8295593E+000  0.5640869E+000  0.1188080E+001  0.1024872E+001  0.1545563E+001  0.1467255E+001  0.1979034E+001  0.1885071E+001
010101998f25ed1    5.000    05011998  0.1006416E+001 -0.1400000E+001 -0.9600000E+001  0.5444396E+000  0.2703395E+000  0.2232000E+003  0.2060000E+002 -0.2441406E-003 -0.2171631E+000  0.5443726E+000  0.4426880E+000  0.8129272E+000  0.7569885E+000  0.1176788E+001  0.1122803E+001  0.1537201E+001  0.1460297E+001  0.1889648E+001  0.1780701E+001
010101998f25ed1    6.000    06011998  0.1307052E+001  0.0000000E+000 -0.3700000E+001  0.6023561E+000  0.4600766E+000  0.1856520E+003  0.1720000E+002  0.1157837E+000 -0.1205444E-001  0.6120605E+000  0.5438538E+000  0.8589783E+000  0.8135986E+000  0.1149445E+001  0.1137085E+001  0.1460114E+001  0.1439240E+001  0.1780060E+001  0.1726654E+001
010101998f25ed1    7.000    07011998  0.1703772E+001 -0.1300000E+001 -0.5600000E+001  0.5484042E+000  0.3994656E+000  0.3313800E+003  0.5399999E+001  0.1517029E+000  0.1164246E+000  0.6321716E+000  0.6126709E+000  0.8713684E+000  0.8593750E+000  0.1150940E+001  0.1142944E+001  0.1439026E+001  0.1412201E+001  0.1726196E+001  0.1677887E+001
010101998f25ed1    8.000    08011998  0.1282572E+001  0.2000000E+000 -0.2100000E+001  0.6110671E+000  0.5174005E+000  0.1444680E+003  0.1810000E+002  0.7652283E+000  0.1446838E+000  0.1047424E+001  0.6271667E+000  0.1191376E+001  0.8659363E+000  0.1365265E+001  0.1132507E+001  0.1550964E+001  0.1394806E+001  0.1747620E+001  0.1652008E+001
010101998f25ed1    9.000    09011998  0.7415639E+000  0.1100000E+001 -0.4000000E+001  0.6516815E+000  0.4499882E+000  0.8640000E+002  0.2350000E+002  0.8562012E+000  0.7673645E+000  0.1161743E+001  0.1049805E+001  0.1318390E+001  0.1194061E+001  0.1496124E+001  0.1367859E+001  0.1675201E+001  0.1553345E+001  0.1856018E+001  0.1749542E+001
010101998f25ed1   10.000    10011998  0.1737648E+001  0.1500000E+001 -0.6200000E+001  0.6657481E+000  0.3206068E+000  0.4392360E+003  0.0000000E+000  0.8736572E+000  0.8567200E+000  0.1180847E+001  0.1162384E+001  0.1340057E+001  0.1318939E+001  0.1521759E+001  0.1496735E+001  0.1702026E+001  0.1675812E+001  0.1881348E+001  0.1856598E+001
010101998f25ed1   11.000    11011998  0.3087540E+001 -0.5900000E+001 -0.1490000E+002  0.3196090E+000  0.1926997E+000  0.4136040E+003  0.0000000E+000  0.8887024E+000  0.8738098E+000  0.1183838E+001  0.1179443E+001  0.1340057E+001  0.1336517E+001  0.1521912E+001  0.1517426E+001  0.1702301E+001  0.1696350E+001  0.1881561E+001  0.1874146E+001
010101998f25ed1   12.000    12011998  0.2703276E+001 -0.7300000E+001 -0.1860000E+002  0.3134516E+000  0.1356801E+000  0.2463120E+003  0.0000000E+000  0.1200775E+001  0.8891296E+000  0.1352600E+001  0.1184021E+001  0.1438965E+001  0.1337830E+001  0.1567291E+001  0.1517456E+001  0.1715057E+001  0.1694305E+001  0.1875061E+001  0.1867279E+001
010101998f25ed1   13.000    13011998  0.7118280E+000 -0.6000000E+000 -0.1260000E+002  0.5768893E+000  0.1829502E+000  0.5708160E+003  0.3800000E+001  0.1444580E+001  0.1206665E+001  0.1602112E+001  0.1358185E+001  0.1686096E+001  0.1444153E+001  0.1793060E+001  0.1571136E+001  0.1907654E+001  0.1717590E+001  0.2029358E+001  0.1876343E+001
010101998f25ed1   14.000    14011998  0.3820212E+001 -0.1320000E+002 -0.1950000E+002  0.1878474E+000  0.9253646E-001  0.3381480E+003  0.0000000E+000  0.1546722E+001  0.1446320E+001  0.1712097E+001  0.1603699E+001  0.1798798E+001  0.1687683E+001  0.1904694E+001  0.1794647E+001  0.2014099E+001  0.1909027E+001  0.2127289E+001  0.2030609E+001
010101998f25ed1   15.000    15011998  0.1811340E+001 -0.1100000E+002 -0.1760000E+002  0.2447371E+000  0.1308282E+000  0.4975200E+003  0.3000000E+000  0.1550110E+001  0.1522003E+001  0.1724976E+001  0.1712646E+001  0.1819641E+001  0.1799500E+001  0.1934814E+001  0.1905396E+001  0.2051971E+001  0.2014862E+001  0.2169495E+001  0.2128052E+001
010101998f25ed1   16.000    16011998  0.2286396E+001 -0.6500000E+001 -0.1090000E+002  0.3441136E+000  0.2493512E+000  0.3197520E+003  0.6700000E+001  0.1521027E+001  0.1413879E+001  0.1715942E+001  0.1635132E+001  0.1816711E+001  0.1750031E+001  0.1934570E+001  0.1883820E+001  0.2052307E+001  0.2015686E+001  0.2170959E+001  0.2145569E+001
010101998f25ed1   17.000    17011998  0.2969208E+001 -0.6800000E+001 -0.1080000E+002  0.3040144E+000  0.2270960E+000  0.3997800E+003  0.0000000E+000  0.1424072E+001  0.1411987E+001  0.1634888E+001  0.1628876E+001  0.1749725E+001  0.1739929E+001  0.1883484E+001  0.1869690E+001  0.2015350E+001  0.1998199E+001  0.2145264E+001  0.2126282E+001
010101998f25ed1   18.000    18011998  0.1792332E+001 -0.5500000E+001 -0.9400000E+001  0.4024669E+000  0.2870590E+000  0.2478240E+003  0.1200000E+001  0.1452515E+001  0.1424377E+001  0.1650543E+001  0.1632446E+001  0.1753876E+001  0.1740997E+001  0.1876862E+001  0.1869720E+001  0.2000122E+001  0.1997528E+001  0.2126221E+001  0.2123352E+001
010101998f25ed1   19.000    19011998  0.5830560E+000 -0.3300000E+001 -0.6600000E+001  0.4738455E+000  0.3705426E+000  0.1124640E+003  0.2700000E+001  0.1492310E+001  0.1452850E+001  0.1677979E+001  0.1650757E+001  0.1775024E+001  0.1754059E+001  0.1891632E+001  0.1876923E+001  0.2009491E+001  0.2000183E+001  0.2128143E+001  0.2123627E+001
010101998f25ed1   20.000    20011998  0.7680610E+000 -0.2900000E+001 -0.4900000E+001  0.4543606E+000  0.3932844E+000  0.3226680E+003  0.0000000E+000  0.1560516E+001  0.1492981E+001  0.1729095E+001  0.1678345E+001  0.1817719E+001  0.1775391E+001  0.1925018E+001  0.1891876E+001  0.2034546E+001  0.2009674E+001  0.2145691E+001  0.2128235E+001
010101998f25ed1   21.000    21011998  0.1126116E+001 -0.5000000E+001 -0.1220000E+002  0.3947513E+000  0.1981569E+000  0.3763440E+003  0.0000000E+000  0.1622559E+001  0.1561279E+001  0.1782227E+001  0.1729706E+001  0.1865784E+001  0.1818268E+001  0.1966644E+001  0.1925507E+001  0.2069183E+001  0.2034912E+001  0.2173492E+001  0.2145905E+001
010101998f25ed1   22.000    22011998  0.1758996E+001 -0.1320000E+002 -0.1840000E+002  0.1885071E+000  0.9973530E-001  0.3164760E+003  0.0000000E+000  0.1630737E+001  0.1606018E+001  0.1793488E+001  0.1782166E+001  0.1879211E+001  0.1866180E+001  0.1981873E+001  0.1966980E+001  0.2085205E+001  0.2069489E+001  0.2189178E+001  0.2173767E+001
010101998f25ed1   23.000    23011998  0.1068084E+001 -0.7100000E+001 -0.1800000E+002  0.3568007E+000  0.1002405E+000  0.6074641E+003  0.6100000E+001  0.1605194E+001  0.1474182E+001  0.1781799E+001  0.1693512E+001  0.1872925E+001  0.1805023E+001  0.1979187E+001  0.1929413E+001  0.2084473E+001  0.2048096E+001  0.2188995E+001  0.2162781E+001
010101998f25ed1   24.000    24011998  0.1691640E+001 -0.4200000E+001 -0.7100000E+001  0.4433726E+000  0.3568007E+000  0.1891440E+003  0.1330000E+002  0.1471222E+001  0.1333008E+001  0.1691467E+001  0.1561432E+001  0.1803589E+001  0.1679840E+001  0.1928314E+001  0.1816467E+001  0.2047302E+001  0.1949615E+001  0.2162201E+001  0.2079041E+001
010101998f25ed1   25.000    25011998  0.4183092E+001 -0.4800000E+001 -0.1290000E+002  0.4240507E+000  0.1575240E+000  0.4443480E+003  0.0000000E+000  0.1341431E+001  0.1330231E+001  0.1561005E+001  0.1546753E+001  0.1679199E+001  0.1655182E+001  0.1815857E+001  0.1782013E+001  0.1948914E+001  0.1908112E+001  0.2078308E+001  0.2032959E+001
010101998f25ed1   26.000    26011998  0.6069671E+001 -0.1440000E+002 -0.2350000E+002  0.1492110E+000  0.8734345E-001  0.2187720E+003  0.0000000E+000  0.1349243E+001  0.1338837E+001  0.1550201E+001  0.1541901E+001  0.1655182E+001  0.1647156E+001  0.1781830E+001  0.1770294E+001  0.1907928E+001  0.1892059E+001  0.2032684E+001  0.2012726E+001
010101998f25ed1   27.000    27011998  0.3591288E+001 -0.1220000E+002 -0.2460000E+002  0.2237491E+000  0.7793926E-001  0.3213360E+003  0.1000000E+001  0.1338440E+001  0.1249176E+001  0.1541565E+001  0.1475128E+001  0.1646912E+001  0.1591217E+001  0.1769989E+001  0.1723816E+001  0.1891876E+001  0.1852203E+001  0.2012512E+001  0.1977173E+001
010101998f25ed1   28.000    28011998  0.5236488E+001 -0.3100000E+001 -0.1180000E+002  0.3896612E+000  0.2273743E+000  0.2213280E+003  0.4000000E+000  0.1247742E+001  0.1156067E+001  0.1473999E+001  0.1388428E+001  0.1590271E+001  0.1508514E+001  0.1723022E+001  0.1647278E+001  0.1851532E+001  0.1782532E+001  0.1976593E+001  0.1914337E+001
010101998f25ed1   29.000    29011998  0.5400396E+001 -0.2500000E+001 -0.1290000E+002  0.4407038E+000  0.2264839E+000  0.1694160E+003  0.1000000E+001  0.1155670E+001  0.1132904E+001  0.1387817E+001  0.1353424E+001  0.1507843E+001  0.1467468E+001  0.1646637E+001  0.1601440E+001  0.1781860E+001  0.1733826E+001  0.1913696E+001  0.1864136E+001
010101998f25ed1   30.000    30011998  0.1886328E+001  0.1000000E+000 -0.4900000E+001  0.5894995E+000  0.4209046E+000  0.3187440E+003  0.6500000E+001  0.1179169E+001  0.1133911E+001  0.1371246E+001  0.1352448E+001  0.1472137E+001  0.1463257E+001  0.1601196E+001  0.1590912E+001  0.1733490E+001  0.1716583E+001  0.1863739E+001  0.1840027E+001
010101998f25ed1   31.000    31011998  0.2922228E+001 -0.1800000E+001 -0.1090000E+002  0.4789145E+000  0.2664680E+000  0.2491560E+003  0.6000000E+000  0.1325684E+001  0.1180511E+001  0.1476196E+001  0.1371918E+001  0.1555939E+001  0.1472656E+001  0.1655212E+001  0.1594116E+001  0.1758362E+001  0.1717010E+001  0.1864868E+001  0.1839752E+001
010101998f25ed1   32.000    01021998  0.3756636E+001  0.2400000E+001 -0.6100000E+001  0.6231278E+000  0.3847595E+000  0.2527200E+003  0.0000000E+000  0.1424072E+001  0.1327026E+001  0.1561096E+001  0.1477325E+001  0.1633545E+001  0.1556854E+001  0.1723083E+001  0.1656006E+001  0.1815857E+001  0.1759033E+001  0.1911469E+001  0.1865356E+001
010101998f25ed1   33.000    02021998  0.3315060E+001  0.3900000E+001 -0.7400000E+001  0.6893093E+000  0.3487779E+000  0.2362680E+003  0.0000000E+000  0.1506287E+001  0.1425171E+001  0.1633575E+001  0.1561890E+001  0.1700684E+001  0.1634338E+001  0.1783478E+001  0.1723724E+001  0.1868927E+001  0.1816406E+001  0.1957001E+001  0.1911926E+001
010101998f25ed1   34.000    03021998  0.6143508E+001  0.2500000E+001 -0.1250000E+002  0.6289987E+000  0.2109043E+000  0.3856680E+003  0.0000000E+000  0.1588776E+001  0.1507080E+001  0.1705475E+001  0.1634277E+001  0.1766846E+001  0.1701324E+001  0.1842651E+001  0.1783997E+001  0.1921112E+001  0.1869415E+001  0.2002350E+001  0.1957458E+001
010101998f25ed1   35.000    04021998  0.9407155E+001 -0.5100000E+001 -0.1660000E+002  0.2500496E+000  0.1586854E+000  0.1557720E+003  0.0000000E+000  0.1607758E+001  0.1589233E+001  0.1729828E+001  0.1705994E+001  0.1795959E+001  0.1767426E+001  0.1875702E+001  0.1843201E+001  0.1955933E+001  0.1921661E+001  0.2036713E+001  0.2002838E+001
010101998f25ed1   36.000    05021998  0.9936686E+001 -0.1500000E+001 -0.1290000E+002  0.2557139E+000  0.1830959E+000  0.1958400E+003  0.0000000E+000  0.1596344E+001  0.1524902E+001  0.1727570E+001  0.1680817E+001  0.1795593E+001  0.1761261E+001  0.1875885E+001  0.1853577E+001  0.1957397E+001  0.1943970E+001  0.2040100E+001  0.2032684E+001
010101998f25ed1   37.000    06021998  0.1112674E+002 -0.2300000E+001 -0.1620000E+002  0.3206797E+000  0.1683570E+000  0.2170800E+003  0.0000000E+000  0.1524139E+001  0.1431915E+001  0.1680206E+001  0.1607819E+001  0.1760742E+001  0.1698303E+001  0.1853149E+001  0.1801849E+001  0.1943634E+001  0.1902069E+001  0.2032440E+001  0.1999390E+001
010101998f25ed1   38.000    07021998  0.1127415E+002 -0.3000000E+001 -0.1260000E+002  0.2818901E+000  0.2183927E+000  0.1542960E+003  0.0000000E+000  0.1431152E+001  0.1353516E+001  0.1607025E+001  0.1537872E+001  0.1697601E+001  0.1633057E+001  0.1801208E+001  0.1742554E+001  0.1901520E+001  0.1848999E+001  0.1998901E+001  0.1952576E+001
010101998f25ed1   39.000    08021998  0.1169233E+002 -0.1400000E+001 -0.1240000E+002  0.2845254E+000  0.2290899E+000  0.1126080E+003  0.0000000E+000  0.1352875E+001  0.1283478E+001  0.1537323E+001  0.1473816E+001  0.1632477E+001  0.1572235E+001  0.1742004E+001  0.1685791E+001  0.1848511E+001  0.1796448E+001  0.1952087E+001  0.1904358E+001
010101998f25ed1   40.000    09021998  0.1138489E+002  0.1200000E+001 -0.1570000E+002  0.4021419E+000  0.1785992E+000  0.9961201E+002  0.0000000E+000  0.1282959E+001  0.1215240E+001  0.1473358E+001  0.1411469E+001  0.1571686E+001  0.1512939E+001  0.1685272E+001  0.1630249E+001  0.1795959E+001  0.1744446E+001  0.1903839E+001  0.1855713E+001
010101998f25ed1   41.000    10021998  0.9143711E+001 -0.2000000E+000 -0.1050000E+002  0.4719737E+000  0.2748927E+000  0.1432080E+003  0.0000000E+000  0.1214783E+001  0.1178650E+001  0.1410950E+001  0.1369385E+001  0.1512390E+001  0.1468750E+001  0.1629700E+001  0.1584625E+001  0.1743896E+001  0.1698578E+001  0.1855225E+001  0.1810486E+001
010101998f25ed1   42.000    11021998  0.7299433E+001  0.1900000E+001 -0.9900000E+001  0.6098637E+000  0.2879809E+000  0.1769400E+003  0.0000000E+000  0.1185150E+001  0.1168976E+001  0.1369324E+001  0.1354889E+001  0.1468445E+001  0.1450378E+001  0.1584229E+001  0.1561401E+001  0.1698212E+001  0.1671082E+001  0.1810059E+001  0.1779938E+001
010101998f25ed1   43.000    12021998  0.3256092E+001  0.1800000E+001 -0.4100000E+001  0.6849273E+000  0.3890263E+000  0.4320360E+003  0.3800000E+001  0.1338409E+001  0.1186066E+001  0.1465546E+001  0.1360657E+001  0.1532928E+001  0.1452179E+001  0.1617004E+001  0.1561493E+001  0.1705170E+001  0.1670288E+001  0.1796967E+001  0.1776855E+001
010101998f25ed1   44.000    13021998  0.1268765E+002 -0.5400000E+001 -0.1300000E+002  0.3408406E+000  0.1706970E+000  0.5322240E+003  0.0000000E+000  0.1373688E+001  0.1339172E+001  0.1507599E+001  0.1466461E+001  0.1577515E+001  0.1533813E+001  0.1661407E+001  0.1617828E+001  0.1746490E+001  0.1705902E+001  0.1832916E+001  0.1797485E+001
010101998f25ed1   45.000    14021998  0.1330215E+002 -0.1280000E+002 -0.2030000E+002  0.1599761E+000  0.9823921E-001  0.2974320E+003  0.0000000E+000  0.1378723E+001  0.1373779E+001  0.1517090E+001  0.1507874E+001  0.1589203E+001  0.1577728E+001  0.1674713E+001  0.1661652E+001  0.1760437E+001  0.1746735E+001  0.1846405E+001  0.1833191E+001
010101998f25ed1   46.000    15021998  0.1286212E+002 -0.1090000E+002 -0.2420000E+002  0.1627087E+000  0.8050598E-001  0.1518480E+003  0.0000000E+000  0.1378601E+001  0.1371826E+001  0.1517303E+001  0.1513916E+001  0.1589996E+001  0.1587677E+001  0.1676086E+001  0.1674744E+001  0.1762329E+001  0.1760498E+001  0.1848541E+001  0.1846466E+001
010101998f25ed1   47.000    16021998  0.1057518E+002 -0.2200000E+001 -0.1450000E+002  0.3201077E+000  0.1557003E+000  0.1905840E+003  0.0000000E+000  0.1371765E+001  0.1359009E+001  0.1513824E+001  0.1503815E+001  0.1587646E+001  0.1578979E+001  0.1674713E+001  0.1667480E+001  0.1761475E+001  0.1755341E+001  0.1847992E+001  0.1842682E+001
010101998f25ed1   48.000    17021998  0.8269308E+001  0.1300000E+001 -0.5400000E+001  0.5655134E+000  0.2920429E+000  0.4953240E+003  0.2000000E+000  0.1358856E+001  0.1342712E+001  0.1503754E+001  0.1489929E+001  0.1578857E+001  0.1566467E+001  0.1667389E+001  0.1656006E+001  0.1755219E+001  0.1744934E+001  0.1842590E+001  0.1833221E+001
010101998f25ed1   49.000    18021998  0.3656988E+001  0.1600000E+001 -0.1000000E+001  0.6701971E+000  0.5604534E+000  0.5616720E+003  0.1310000E+002  0.1354828E+001  0.1242950E+001  0.1495789E+001  0.1438721E+001  0.1569183E+001  0.1529053E+001  0.1656158E+001  0.1627869E+001  0.1744843E+001  0.1721924E+001  0.1833038E+001  0.1814941E+001
010101998f25ed1   50.000    19021998  0.5743872E+001  0.2500000E+001  0.8000000E+000  0.6752772E+000  0.6207021E+000  0.2326680E+003  0.2200000E+001  0.1325928E+001  0.1269623E+001  0.1464294E+001  0.1426758E+001  0.1537506E+001  0.1507050E+001  0.1628601E+001  0.1604004E+001  0.1721741E+001  0.1697235E+001  0.1814606E+001  0.1789246E+001
010101998f25ed1   51.000    20021998  0.5064120E+001  0.2600000E+001  0.1000000E+000  0.7035413E+000  0.5523655E+000  0.2581560E+003  0.6000000E+000  0.1298859E+001  0.1242462E+001  0.1440826E+001  0.1403412E+001  0.1515167E+001  0.1485046E+001  0.1605774E+001  0.1582703E+001  0.1697205E+001  0.1675903E+001  0.1789124E+001  0.1768768E+001
010101998f25ed1   52.000    21021998  0.1024088E+002  0.2300000E+001 -0.2900000E+001  0.5481303E+000  0.4215487E+000  0.5014440E+003  0.0000000E+000  0.1270233E+001  0.1215179E+001  0.1415009E+001  0.1380585E+001  0.1490631E+001  0.1463898E+001  0.1582947E+001  0.1560944E+001  0.1675842E+001  0.1655060E+001  0.1768585E+001  0.1748596E+001
010101998f25ed1   53.000    22021998  0.1426805E+002  0.2700000E+001 -0.6500000E+001  0.4541811E+000  0.3413405E+000  0.1807200E+003  0.0000000E+000  0.1241058E+001  0.1183472E+001  0.1389404E+001  0.1351501E+001  0.1466888E+001  0.1436432E+001  0.1560852E+001  0.1534088E+001  0.1654877E+001  0.1629700E+001  0.1748474E+001  0.1724640E+001
010101998f25ed1   54.000    23021998  0.1200066E+002  0.2400000E+001 -0.8200000E+001  0.5770609E+000  0.3281709E+000  0.2265480E+003  0.0000000E+000  0.1207489E+001  0.1142303E+001  0.1359131E+001  0.1316864E+001  0.1438263E+001  0.1403503E+001  0.1533936E+001  0.1502808E+001  0.1629578E+001  0.1600250E+001  0.1724365E+001  0.1696808E+001
010101998f25ed1   55.000    24021998  0.6182676E+001  0.4100000E+001 -0.1000000E+000  0.6243450E+000  0.4700329E+000  0.2526120E+003  0.0000000E+000  0.1170105E+001  0.1133575E+001  0.1324463E+001  0.1297424E+001  0.1405090E+001  0.1379700E+001  0.1502716E+001  0.1477997E+001  0.1600037E+001  0.1575470E+001  0.1696564E+001  0.1671997E+001
010101998f25ed1   56.000    25021998  0.9788291E+001  0.8000000E+001  0.3000000E+000  0.6880690E+000  0.4892847E+000  0.5009760E+003  0.4400000E+001  0.1139343E+001  0.9858398E+000  0.1297272E+001  0.1177002E+001  0.1379547E+001  0.1273224E+001  0.1477783E+001  0.1393463E+001  0.1575226E+001  0.1502716E+001  0.1671753E+001  0.1608521E+001
010101998f25ed1   57.000    26021998  0.1365167E+002  0.4800000E+001 -0.6000000E+000  0.5804263E+000  0.4331676E+000  0.4505040E+003  0.0000000E+000  0.1065399E+001  0.9916382E+000  0.1219452E+001  0.1165009E+001  0.1300415E+001  0.1254242E+001  0.1400543E+001  0.1364044E+001  0.1502655E+001  0.1468048E+001  0.1608215E+001  0.1572144E+001
010101998f25ed1   58.000    27021998  0.1463407E+002  0.4100000E+001 -0.2700000E+001  0.5273544E+000  0.3490417E+000  0.2317680E+003  0.0000000E+000  0.1019775E+001  0.9571228E+000  0.1178375E+001  0.1134705E+001  0.1261139E+001  0.1224670E+001  0.1364166E+001  0.1331085E+001  0.1467926E+001  0.1435883E+001  0.1571869E+001  0.1540070E+001
010101998f25ed1   59.000    28021998  0.1278051E+002  0.5200000E+001 -0.8000000E+000  0.7428427E+000  0.5423123E+000  0.2529360E+003  0.0000000E+000  0.9765015E+000  0.8977966E+000  0.1140594E+001  0.1075928E+001  0.1226196E+001  0.1167938E+001  0.1330933E+001  0.1279358E+001  0.1435669E+001  0.1387970E+001  0.1539764E+001  0.1496002E+001
010101998f25ed1   60.000    01031998  0.2531088E+001  0.2600000E+001  0.1100000E+001  0.7247819E+000  0.6516815E+000  0.2832120E+003  0.5300000E+001  0.9165955E+000  0.8392334E+000  0.1083893E+001  0.1027618E+001  0.1171112E+001  0.1123138E+001  0.1279236E+001  0.1236969E+001  0.1387665E+001  0.1344910E+001  0.1495605E+001  0.1452637E+001
010101998f25ed1   61.000    02031998  0.6915204E+001  0.4300000E+001  0.4000000E+000  0.7365718E+000  0.6198902E+000  0.2388960E+003  0.1000000E+001  0.8724365E+000  0.8186340E+000  0.1038940E+001  0.9980774E+000  0.1128204E+001  0.1089081E+001  0.1236725E+001  0.1199280E+001  0.1344727E+001  0.1308105E+001  0.1452393E+001  0.1416473E+001
010101998f25ed1   62.000    03031998  0.7958808E+001  0.2800000E+001 -0.1800000E+001  0.7028698E+000  0.5288378E+000  0.1329120E+003  0.3000000E+000  0.8335876E+000  0.7809448E+000  0.1002502E+001  0.9596863E+000  0.1090576E+001  0.1052429E+001  0.1199188E+001  0.1162659E+001  0.1307892E+001  0.1272644E+001  0.1416138E+001  0.1381805E+001
010101998f25ed1   63.000    04031998  0.7935012E+001  0.3300000E+001  0.1000000E+000  0.7488053E+000  0.6066979E+000  0.1170360E+003  0.1800000E+001  0.7900391E+000  0.7197571E+000  0.9624939E+000  0.9054871E+000  0.1052368E+001  0.1000122E+001  0.1162506E+001  0.1114380E+001  0.1272369E+001  0.1226654E+001  0.1381470E+001  0.1338348E+001
010101998f25ed1   64.000    05031998  0.4902294E+001  0.1300000E+001 -0.5000000E+000  0.6154640E+000  0.4473793E+000  0.2654640E+003  0.6000000E+000  0.7381897E+000  0.7100525E+000  0.9119263E+000  0.8869934E+000  0.1002350E+001  0.9790344E+000  0.1114227E+001  0.1090057E+001  0.1226379E+001  0.1200165E+001  0.1337982E+001  0.1309174E+001
010101998f25ed1   65.000    06031998  0.1645353E+002  0.2300000E+001 -0.5100000E+001  0.4675968E+000  0.3565420E+000  0.1630800E+003  0.0000000E+000  0.7098083E+000  0.6517029E+000  0.8867798E+000  0.8365784E+000  0.9788513E+000  0.9301758E+000  0.1089844E+001  0.1044220E+001  0.1199921E+001  0.1157806E+001  0.1308899E+001  0.1270203E+001
010101998f25ed1   66.000    07031998  0.8679817E+001  0.1900000E+001 -0.4400000E+001  0.6005867E+000  0.4368461E+000  0.1382760E+003  0.0000000E+000  0.6566772E+000  0.6152954E+000  0.8363037E+000  0.7985229E+000  0.9299316E+000  0.8939514E+000  0.1043976E+001  0.1008759E+001  0.1157471E+001  0.1122467E+001  0.1269775E+001  0.1234619E+001
010101998f25ed1   67.000    08031998  0.1089352E+002  0.1000000E+001 -0.5600000E+001  0.6243450E+000  0.3994656E+000  0.4328640E+003  0.2500000E+001  0.6149597E+000  0.5603027E+000  0.7982788E+000  0.7526245E+000  0.8937073E+000  0.8531189E+000  0.1008453E+001  0.9699402E+000  0.1122101E+001  0.1084717E+001  0.1234222E+001  0.1197723E+001
010101998f25ed1   68.000    09031998  0.2180880E+001  0.4600000E+001  0.5000000E+000  0.8336695E+000  0.6243450E+000  0.4432680E+003  0.3070000E+002  0.5555725E+000  0.4134216E+000  0.7494202E+000  0.5874939E+000  0.8516541E+000  0.6854553E+000  0.9693909E+000  0.8106079E+000  0.1084351E+001  0.9376221E+000  0.1197388E+001  0.1061249E+001
010101998f25ed1   69.000    10031998  0.1219021E+002  0.2100000E+001 -0.1370000E+002  0.6996363E+000  0.1590863E+000  0.8182440E+003  0.4800000E+001  0.5800171E+000  0.4761963E+000  0.7228088E+000  0.6252747E+000  0.7976379E+000  0.7055969E+000  0.8943787E+000  0.8198547E+000  0.9931946E+000  0.9400330E+000  0.1093933E+001  0.1060181E+001
010101998f25ed1   70.000    11031998  0.1817888E+002 -0.9500000E+001 -0.1750000E+002  0.1711653E+000  0.1194384E+000  0.5202000E+003  0.0000000E+000  0.5866394E+000  0.5802917E+000  0.7366333E+000  0.7231750E+000  0.8158569E+000  0.7981262E+000  0.9141235E+000  0.8948669E+000  0.1012329E+001  0.9936523E+000  0.1110260E+001  0.1094238E+001
010101998f25ed1   71.000    12031998  0.1596052E+002 -0.1330000E+002 -0.1770000E+002  0.1787505E+000  0.1050037E+000  0.4912200E+003  0.0000000E+000  0.5844116E+000  0.5735168E+000  0.7366333E+000  0.7307434E+000  0.8162537E+000  0.8126526E+000  0.9148865E+000  0.9122620E+000  0.1013214E+001  0.1011261E+001  0.1111206E+001  0.1109619E+001
010101998f25ed1   72.000    13031998  0.1507918E+002  0.2000000E+000 -0.1850000E+002  0.4241539E+000  0.1253572E+000  0.3025440E+003  0.0000000E+000  0.5733643E+000  0.5564270E+000  0.7306519E+000  0.7179871E+000  0.8125610E+000  0.8020325E+000  0.9121704E+000  0.9026184E+000  0.1011200E+001  0.1002502E+001  0.1109589E+001  0.1101471E+001
010101998f25ed1   73.000    14031998  0.8048160E+001 -0.6000000E+000 -0.4600000E+001  0.5204338E+000  0.3741273E+000  0.4674240E+003  0.1200000E+001  0.5563354E+000  0.5502625E+000  0.7178345E+000  0.7112427E+000  0.8019104E+000  0.7950439E+000  0.9025269E+000  0.8947144E+000  0.1002380E+001  0.9937439E+000  0.1101379E+001  0.1092163E+001
010101998f25ed1   74.000    15031998  0.1730803E+002 -0.1300000E+001 -0.7600000E+001  0.4200771E+000  0.2044690E+000  0.5499720E+003  0.0000000E+000  0.5501404E+000  0.5333252E+000  0.7111206E+000  0.6973572E+000  0.7949829E+000  0.7826538E+000  0.8946228E+000  0.8832092E+000  0.9936523E+000  0.9828186E+000  0.1092102E+001  0.1081543E+001
010101998f25ed1   75.000    16031998  0.1911088E+002 -0.1300000E+001 -0.1190000E+002  0.2709185E+000  0.1886314E+000  0.2053800E+003  0.0000000E+000  0.5331421E+000  0.5104675E+000  0.6972046E+000  0.6773682E+000  0.7825317E+000  0.7641602E+000  0.8830872E+000  0.8659668E+000  0.9826660E+000  0.9666443E+000  0.1081421E+001  0.1066223E+001
010101998f25ed1   76.000    17031998  0.1884342E+002  0.4000000E+000 -0.1270000E+002  0.3475854E+000  0.2183869E+000  0.1507320E+003  0.0000000E+000  0.5103455E+000  0.4816895E+000  0.6771851E+000  0.6515808E+000  0.7639771E+000  0.7399902E+000  0.8657532E+000  0.8436584E+000  0.9664612E+000  0.9458008E+000  0.1065979E+001  0.1046539E+001
010101998f25ed1   77.000    18031998  0.1178924E+002  0.3300000E+001 -0.5600000E+001  0.3813225E+000  0.2954535E+000  0.2638800E+003  0.0000000E+000  0.4814453E+000  0.4526367E+000  0.6513367E+000  0.6243896E+000  0.7397461E+000  0.7136841E+000  0.8433838E+000  0.8184814E+000  0.9455261E+000  0.9217834E+000  0.1046265E+001  0.1023590E+001
010101998f25ed1   78.000    19031998  0.5567688E+001  0.7000000E+000 -0.2100000E+001  0.5456746E+000  0.4611696E+000  0.5401440E+003  0.1290000E+002  0.5226746E+000  0.4457397E+000  0.6659241E+000  0.6166687E+000  0.7409973E+000  0.7052612E+000  0.8317261E+000  0.8089905E+000  0.9241333E+000  0.9111633E+000  0.1023346E+001  0.1011658E+001
010101998f25ed1   79.000    20031998  0.1210863E+002  0.1000000E+001 -0.2700000E+001  0.5445458E+000  0.4374894E+000  0.3110400E+003  0.3400000E+001  0.5437317E+000  0.5228577E+000  0.6875916E+000  0.6662598E+000  0.7629395E+000  0.7413330E+000  0.8523560E+000  0.8320618E+000  0.9421387E+000  0.9244385E+000  0.1032288E+001  0.1018188E+001
010101998f25ed1   80.000    21031998  0.7454808E+001 -0.1900000E+001 -0.4600000E+001  0.5024983E+000  0.3443255E+000  0.5960161E+003  0.2400000E+001  0.5548706E+000  0.5437317E+000  0.6966248E+000  0.6876526E+000  0.7708130E+000  0.7629395E+000  0.8589783E+000  0.8524170E+000  0.9475403E+000  0.9422302E+000  0.1036163E+001  0.1032379E+001
010101998f25ed1   81.000    22031998  0.6179363E+001 -0.2000000E+001 -0.7100000E+001  0.4822406E+000  0.3568007E+000  0.3409200E+003  0.1060000E+002  0.6019592E+000  0.5547485E+000  0.7297974E+000  0.6967163E+000  0.7968140E+000  0.7708740E+000  0.8779907E+000  0.8590393E+000  0.9606628E+000  0.9475708E+000  0.1044769E+001  0.1036194E+001
010101998f25ed1   82.000    23031998  0.9613621E+001 -0.1000000E+001 -0.7800000E+001  0.4987179E+000  0.3383332E+000  0.2450520E+003  0.4000000E+000  0.6136780E+000  0.6023254E+000  0.7449646E+000  0.7301331E+000  0.8135376E+000  0.7971802E+000  0.8951416E+000  0.8783264E+000  0.9769592E+000  0.9609680E+000  0.1059326E+001  0.1044983E+001
010101998f25ed1   83.000    24031998  0.2094690E+002  0.5000000E+000 -0.8300000E+001  0.4533291E+000  0.2436623E+000  0.2481840E+003  0.0000000E+000  0.6141663E+000  0.6123657E+000  0.7466431E+000  0.7450256E+000  0.8160400E+000  0.8135681E+000  0.8984985E+000  0.8952026E+000  0.9808655E+000  0.9770813E+000  0.1063354E+001  0.1059418E+001
010101998f25ed1   84.000    25031998  0.1932131E+002  0.4500000E+001 -0.1180000E+002  0.5483372E+000  0.2483582E+000  0.2635560E+003  0.0000000E+000  0.6123047E+000  0.6007996E+000  0.7461853E+000  0.7383728E+000  0.8159180E+000  0.8097839E+000  0.8985596E+000  0.8941345E+000  0.9810181E+000  0.9776917E+000  0.1063477E+001  0.1060974E+001
010101998f25ed1   85.000    26031998  0.3082608E+001  0.7300000E+001  0.2900000E+001  0.8872858E+000  0.5345185E+000  0.2614320E+003  0.1120000E+002  0.6007080E+000  0.5155640E+000  0.7382507E+000  0.6539612E+000  0.8097229E+000  0.7283936E+000  0.8940125E+000  0.8267212E+000  0.9776001E+000  0.9222717E+000  0.1060883E+001  0.1016113E+001
010101998f25ed1   86.000    27031998  0.1028556E+002  0.1360000E+002  0.2300000E+001  0.1330555E+001  0.7095982E+000  0.3213360E+003  0.0000000E+000  0.5603943E+000  0.4691162E+000  0.6864319E+000  0.6090393E+000  0.7528687E+000  0.6839600E+000  0.8381042E+000  0.7803650E+000  0.9251709E+000  0.8767090E+000  0.1015839E+001  0.9732056E+000
010101998f25ed1   87.000    28031998  0.1621253E+002  0.2100000E+002  0.8100000E+001  0.1618302E+001  0.1059963E+001  0.2549520E+003  0.8000000E+001  0.4688416E+000  0.2814941E+000  0.6086731E+000  0.4450378E+000  0.6835327E+000  0.5372620E+000  0.7799683E+000  0.6537781E+000  0.8762817E+000  0.7677917E+000  0.9726868E+000  0.8770752E+000
010101998f25ed1   88.000    29031998  0.6624072E+001  0.1060000E+002  0.1700000E+001  0.1253756E+001  0.6800876E+000  0.4012560E+003  0.1000000E+001  0.2830200E+000  0.2095642E+000  0.4441833E+000  0.3821716E+000  0.5359497E+000  0.4720459E+000  0.6521606E+000  0.5859985E+000  0.7658997E+000  0.6959229E+000  0.8751831E+000  0.8033142E+000
010101998f25ed1   89.000    30031998  0.1454839E+002  0.2320000E+002  0.1600000E+001  0.2006981E+001  0.6752772E+000  0.3627000E+003  0.1050000E+002  0.3670654E+000  0.2302551E+000  0.4595642E+000  0.3893127E+000  0.5149231E+000  0.4709473E+000  0.5962524E+000  0.5749512E+000  0.6958618E+000  0.6755676E+000  0.8031311E+000  0.7689514E+000
010101998f25ed1   90.000    31031998  0.9537552E+001  0.1760000E+002  0.3700000E+001  0.1746758E+001  0.7829766E+000  0.3499200E+003  0.1210000E+002  0.3773804E+000  0.3123474E+000  0.4777222E+000  0.4219666E+000  0.5329590E+000  0.4869995E+000  0.6109009E+000  0.5737915E+000  0.6920776E+000  0.6652832E+000  0.7744446E+000  0.7553406E+000
010101998f25ed1   91.000    01041998  0.2938428E+001  0.4800000E+001  0.2600000E+001  0.8453257E+000  0.7083191E+000  0.4534200E+003  0.1750000E+002  0.4030457E+000  0.3333740E+000  0.5066528E+000  0.4519348E+000  0.5632935E+000  0.5162354E+000  0.6387329E+000  0.6011047E+000  0.7166138E+000  0.6874084E+000  0.7969360E+000  0.7739258E+000
