    DOY     DATE    TRANSPN         WTR_STRESS      OXY_STRESS      
010111998f25wd1    1.000    01011998 -0.0000000E+000  0.0000000E+000  0.0000000E+000
010111998f25wd1    2.000    02011998 -0.0000000E+000  0.0000000E+000  0.0000000E+000
010111998f25wd1    3.000    03011998 -0.0000000E+000  0.0000000E+000  0.0000000E+000
010111998f25wd1    4.000    04011998 -0.0000000E+000  0.0000000E+000  0.0000000E+000
010111998f25wd1    5.000    05011998 -0.0000000E+000  0.0000000E+000  0.0000000E+000
010111998f25wd1    6.000    06011998 -0.0000000E+000  0.0000000E+000  0.0000000E+000
010111998f25wd1    7.000    07011998 -0.0000000E+000  0.0000000E+000  0.0000000E+000
010111998f25wd1    8.000    08011998 -0.0000000E+000  0.0000000E+000  0.0000000E+000
010111998f25wd1    9.000    09011998 -0.0000000E+000  0.0000000E+000  0.0000000E+000
010111998f25wd1   10.000    10011998 -0.0000000E+000  0.0000000E+000  0.0000000E+000
010111998f25wd1   11.000    11011998 -0.0000000E+000  0.0000000E+000  0.0000000E+000
010111998f25wd1   12.000    12011998 -0.0000000E+000  0.0000000E+000  0.0000000E+000
010111998f25wd1   13.000    13011998 -0.0000000E+000  0.0000000E+000  0.0000000E+000
010111998f25wd1   14.000    14011998 -0.0000000E+000  0.0000000E+000  0.0000000E+000
010111998f25wd1   15.000    15011998 -0.0000000E+000  0.0000000E+000  0.0000000E+000
010111998f25wd1   16.000    16011998 -0.0000000E+000  0.0000000E+000  0.0000000E+000
010111998f25wd1   17.000    17011998 -0.0000000E+000  0.0000000E+000  0.0000000E+000
010111998f25wd1   18.000    18011998 -0.0000000E+000  0.0000000E+000  0.0000000E+000
010111998f25wd1   19.000    19011998 -0.0000000E+000  0.0000000E+000  0.0000000E+000
010111998f25wd1   20.000    20011998 -0.0000000E+000  0.0000000E+000  0.0000000E+000
010111998f25wd1   21.000    21011998 -0.0000000E+000  0.0000000E+000  0.0000000E+000
010111998f25wd1   22.000    22011998 -0.0000000E+000  0.0000000E+000  0.0000000E+000
010111998f25wd1   23.000    23011998 -0.0000000E+000  0.0000000E+000  0.0000000E+000
010111998f25wd1   24.000    24011998 -0.0000000E+000  0.0000000E+000  0.0000000E+000
010111998f25wd1   25.000    25011998 -0.0000000E+000  0.0000000E+000  0.0000000E+000
010111998f25wd1   26.000    26011998 -0.0000000E+000  0.0000000E+000  0.0000000E+000
010111998f25wd1   27.000    27011998 -0.0000000E+000  0.0000000E+000  0.0000000E+000
010111998f25wd1   28.000    28011998 -0.0000000E+000  0.0000000E+000  0.0000000E+000
010111998f25wd1   29.000    29011998 -0.0000000E+000  0.0000000E+000  0.0000000E+000
010111998f25wd1   30.000    30011998 -0.0000000E+000  0.0000000E+000  0.0000000E+000
010111998f25wd1   31.000    31011998 -0.0000000E+000  0.0000000E+000  0.0000000E+000
010111998f25wd1   32.000    01021998 -0.0000000E+000  0.0000000E+000  0.0000000E+000
010111998f25wd1   33.000    02021998 -0.0000000E+000  0.0000000E+000  0.0000000E+000
010111998f25wd1   34.000    03021998 -0.0000000E+000  0.0000000E+000  0.0000000E+000
010111998f25wd1   35.000    04021998 -0.0000000E+000  0.0000000E+000  0.0000000E+000
010111998f25wd1   36.000    05021998 -0.0000000E+000  0.0000000E+000  0.0000000E+000
010111998f25wd1   37.000    06021998 -0.0000000E+000  0.0000000E+000  0.0000000E+000
010111998f25wd1   38.000    07021998 -0.0000000E+000  0.0000000E+000  0.0000000E+000
010111998f25wd1   39.000    08021998 -0.0000000E+000  0.0000000E+000  0.0000000E+000
010111998f25wd1   40.000    09021998 -0.0000000E+000  0.0000000E+000  0.0000000E+000
010111998f25wd1   41.000    10021998 -0.0000000E+000  0.0000000E+000  0.0000000E+000
010111998f25wd1   42.000    11021998 -0.0000000E+000  0.0000000E+000  0.0000000E+000
010111998f25wd1   43.000    12021998 -0.0000000E+000  0.0000000E+000  0.0000000E+000
010111998f25wd1   44.000    13021998 -0.0000000E+000  0.0000000E+000  0.0000000E+000
010111998f25wd1   45.000    14021998 -0.0000000E+000  0.0000000E+000  0.0000000E+000
010111998f25wd1   46.000    15021998 -0.0000000E+000  0.0000000E+000  0.0000000E+000
010111998f25wd1   47.000    16021998 -0.0000000E+000  0.0000000E+000  0.0000000E+000
010111998f25wd1   48.000    17021998 -0.0000000E+000  0.0000000E+000  0.0000000E+000
010111998f25wd1   49.000    18021998 -0.0000000E+000  0.0000000E+000  0.0000000E+000
010111998f25wd1   50.000    19021998 -0.0000000E+000  0.0000000E+000  0.0000000E+000
010111998f25wd1   51.000    20021998 -0.0000000E+000  0.0000000E+000  0.0000000E+000
010111998f25wd1   52.000    21021998 -0.0000000E+000  0.0000000E+000  0.0000000E+000
010111998f25wd1   53.000    22021998 -0.0000000E+000  0.0000000E+000  0.0000000E+000
010111998f25wd1   54.000    23021998 -0.0000000E+000  0.0000000E+000  0.0000000E+000
010111998f25wd1   55.000    24021998 -0.0000000E+000  0.0000000E+000  0.0000000E+000
010111998f25wd1   56.000    25021998 -0.0000000E+000  0.0000000E+000  0.0000000E+000
010111998f25wd1   57.000    26021998 -0.0000000E+000  0.0000000E+000  0.0000000E+000
010111998f25wd1   58.000    27021998 -0.0000000E+000  0.0000000E+000  0.0000000E+000
010111998f25wd1   59.000    28021998 -0.0000000E+000  0.0000000E+000  0.0000000E+000
010111998f25wd1   60.000    01031998 -0.0000000E+000  0.0000000E+000  0.0000000E+000
010111998f25wd1   61.000    02031998 -0.0000000E+000  0.0000000E+000  0.0000000E+000
010111998f25wd1   62.000    03031998 -0.0000000E+000  0.0000000E+000  0.0000000E+000
010111998f25wd1   63.000    04031998 -0.0000000E+000  0.0000000E+000  0.0000000E+000
010111998f25wd1   64.000    05031998 -0.0000000E+000  0.0000000E+000  0.0000000E+000
010111998f25wd1   65.000    06031998 -0.0000000E+000  0.0000000E+000  0.0000000E+000
010111998f25wd1   66.000    07031998 -0.0000000E+000  0.0000000E+000  0.0000000E+000
010111998f25wd1   67.000    08031998 -0.0000000E+000  0.0000000E+000  0.0000000E+000
010111998f25wd1   68.000    09031998 -0.0000000E+000  0.0000000E+000  0.0000000E+000
010111998f25wd1   69.000    10031998 -0.0000000E+000  0.0000000E+000  0.0000000E+000
010111998f25wd1   70.000    11031998 -0.0000000E+000  0.0000000E+000  0.0000000E+000
010111998f25wd1   71.000    12031998 -0.0000000E+000  0.0000000E+000  0.0000000E+000
010111998f25wd1   72.000    13031998 -0.0000000E+000  0.0000000E+000  0.0000000E+000
010111998f25wd1   73.000    14031998 -0.0000000E+000  0.0000000E+000  0.0000000E+000
010111998f25wd1   74.000    15031998 -0.0000000E+000  0.0000000E+000  0.0000000E+000
010111998f25wd1   75.000    16031998 -0.0000000E+000  0.0000000E+000  0.0000000E+000
010111998f25wd1   76.000    17031998 -0.0000000E+000  0.0000000E+000  0.0000000E+000
010111998f25wd1   77.000    18031998 -0.0000000E+000  0.0000000E+000  0.0000000E+000
010111998f25wd1   78.000    19031998 -0.0000000E+000  0.0000000E+000  0.0000000E+000
010111998f25wd1   79.000    20031998 -0.0000000E+000  0.0000000E+000  0.0000000E+000
010111998f25wd1   80.000    21031998 -0.0000000E+000  0.0000000E+000  0.0000000E+000
010111998f25wd1   81.000    22031998 -0.0000000E+000  0.0000000E+000  0.0000000E+000
010111998f25wd1   82.000    23031998 -0.0000000E+000  0.0000000E+000  0.0000000E+000
010111998f25wd1   83.000    24031998 -0.0000000E+000  0.0000000E+000  0.0000000E+000
010111998f25wd1   84.000    25031998 -0.0000000E+000  0.0000000E+000  0.0000000E+000
010111998f25wd1   85.000    26031998 -0.0000000E+000  0.0000000E+000  0.0000000E+000
010111998f25wd1   86.000    27031998 -0.0000000E+000  0.0000000E+000  0.0000000E+000
010111998f25wd1   87.000    28031998 -0.0000000E+000  0.0000000E+000  0.0000000E+000
010111998f25wd1   88.000    29031998 -0.0000000E+000  0.0000000E+000  0.0000000E+000
010111998f25wd1   89.000    30031998 -0.0000000E+000  0.0000000E+000  0.0000000E+000
010111998f25wd1   90.000    31031998 -0.0000000E+000  0.0000000E+000  0.0000000E+000
010111998f25wd1   91.000    01041998 -0.0000000E+000  0.0000000E+000  0.0000000E+000
010111998f25wd1   92.000    02041998 -0.0000000E+000  0.0000000E+000  0.0000000E+000
010111998f25wd1   93.000    03041998 -0.0000000E+000  0.0000000E+000  0.0000000E+000
010111998f25wd1   94.000    04041998 -0.0000000E+000  0.0000000E+000  0.0000000E+000
010111998f25wd1   95.000    05041998 -0.0000000E+000  0.0000000E+000  0.0000000E+000
010111998f25wd1   96.000    06041998 -0.0000000E+000  0.0000000E+000  0.0000000E+000
010111998f25wd1   97.000    07041998 -0.0000000E+000  0.0000000E+000  0.0000000E+000
010111998f25wd1   98.000    08041998 -0.0000000E+000  0.0000000E+000  0.0000000E+000
