    DOY     DATE    SHOOT_N         LEAF_N          SHTH_N          STALK_N         RESERVE_N       GRAIN_N         ROOT_N          NDL_N           STORED_N        UPTK_N          LITTER_N        TL_N_FIXED      [SOL_N]         N_STRESS        [SOL_P]         P_STRESS        NH3_FLUX        HVST_N          N_BALANCE       
010111998f25nd1    1.000    01011998  0.0000000E+000  0.0000000E+000  0.0000000E+000  0.0000000E+000  0.0000000E+000  0.0000000E+000  0.0000000E+000  0.0000000E+000  0.0000000E+000  0.0000000E+000  0.0000000E+000  0.0000000E+000  0.1000000E+001  0.0000000E+000  0.1000000E+001  0.0000000E+000  0.0000000E+000  0.0000000E+000  0.0000000E+000
010111998f25nd1    2.000    02011998  0.0000000E+000  0.0000000E+000  0.0000000E+000  0.0000000E+000  0.0000000E+000  0.0000000E+000  0.0000000E+000  0.0000000E+000  0.0000000E+000  0.0000000E+000  0.0000000E+000  0.0000000E+000  0.1000000E+001  0.0000000E+000  0.1000000E+001  0.0000000E+000  0.0000000E+000  0.0000000E+000  0.0000000E+000
010111998f25nd1    3.000    03011998  0.0000000E+000  0.0000000E+000  0.0000000E+000  0.0000000E+000  0.0000000E+000  0.0000000E+000  0.0000000E+000  0.0000000E+000  0.0000000E+000  0.0000000E+000  0.0000000E+000  0.0000000E+000  0.1000000E+001  0.0000000E+000  0.1000000E+001  0.0000000E+000  0.0000000E+000  0.0000000E+000  0.0000000E+000
010111998f25nd1    4.000    04011998  0.0000000E+000  0.0000000E+000  0.0000000E+000  0.0000000E+000  0.0000000E+000  0.0000000E+000  0.0000000E+000  0.0000000E+000  0.0000000E+000  0.0000000E+000  0.0000000E+000  0.0000000E+000  0.1000000E+001  0.0000000E+000  0.1000000E+001  0.0000000E+000  0.0000000E+000  0.0000000E+000  0.0000000E+000
010111998f25nd1    5.000    05011998  0.0000000E+000  0.0000000E+000  0.0000000E+000  0.0000000E+000  0.0000000E+000  0.0000000E+000  0.0000000E+000  0.0000000E+000  0.0000000E+000  0.0000000E+000  0.0000000E+000  0.0000000E+000  0.1000000E+001  0.0000000E+000  0.1000000E+001  0.0000000E+000  0.0000000E+000  0.0000000E+000  0.0000000E+000
010111998f25nd1    6.000    06011998  0.0000000E+000  0.0000000E+000  0.0000000E+000  0.0000000E+000  0.0000000E+000  0.0000000E+000  0.0000000E+000  0.0000000E+000  0.0000000E+000  0.0000000E+000  0.0000000E+000  0.0000000E+000  0.1000000E+001  0.0000000E+000  0.1000000E+001  0.0000000E+000  0.0000000E+000  0.0000000E+000  0.0000000E+000
010111998f25nd1    7.000    07011998  0.0000000E+000  0.0000000E+000  0.0000000E+000  0.0000000E+000  0.0000000E+000  0.0000000E+000  0.0000000E+000  0.0000000E+000  0.0000000E+000  0.0000000E+000  0.0000000E+000  0.0000000E+000  0.1000000E+001  0.0000000E+000  0.1000000E+001  0.0000000E+000  0.0000000E+000  0.0000000E+000  0.0000000E+000
010111998f25nd1    8.000    08011998  0.0000000E+000  0.0000000E+000  0.0000000E+000  0.0000000E+000  0.0000000E+000  0.0000000E+000  0.0000000E+000  0.0000000E+000  0.0000000E+000  0.0000000E+000  0.0000000E+000  0.0000000E+000  0.1000000E+001  0.0000000E+000  0.1000000E+001  0.0000000E+000  0.0000000E+000  0.0000000E+000  0.0000000E+000
010111998f25nd1    9.000    09011998  0.0000000E+000  0.0000000E+000  0.0000000E+000  0.0000000E+000  0.0000000E+000  0.0000000E+000  0.0000000E+000  0.0000000E+000  0.0000000E+000  0.0000000E+000  0.0000000E+000  0.0000000E+000  0.1000000E+001  0.0000000E+000  0.1000000E+001  0.0000000E+000  0.0000000E+000  0.0000000E+000  0.0000000E+000
010111998f25nd1   10.000    10011998  0.0000000E+000  0.0000000E+000  0.0000000E+000  0.0000000E+000  0.0000000E+000  0.0000000E+000  0.0000000E+000  0.0000000E+000  0.0000000E+000  0.0000000E+000  0.0000000E+000  0.0000000E+000  0.1000000E+001  0.0000000E+000  0.1000000E+001  0.0000000E+000  0.0000000E+000  0.0000000E+000  0.0000000E+000
010111998f25nd1   11.000    11011998  0.0000000E+000  0.0000000E+000  0.0000000E+000  0.0000000E+000  0.0000000E+000  0.0000000E+000  0.0000000E+000  0.0000000E+000  0.0000000E+000  0.0000000E+000  0.0000000E+000  0.0000000E+000  0.1000000E+001  0.0000000E+000  0.1000000E+001  0.0000000E+000  0.0000000E+000  0.0000000E+000  0.0000000E+000
010111998f25nd1   12.000    12011998  0.0000000E+000  0.0000000E+000  0.0000000E+000  0.0000000E+000  0.0000000E+000  0.0000000E+000  0.0000000E+000  0.0000000E+000  0.0000000E+000  0.0000000E+000  0.0000000E+000  0.0000000E+000  0.1000000E+001  0.0000000E+000  0.1000000E+001  0.0000000E+000  0.0000000E+000  0.0000000E+000  0.0000000E+000
010111998f25nd1   13.000    13011998  0.0000000E+000  0.0000000E+000  0.0000000E+000  0.0000000E+000  0.0000000E+000  0.0000000E+000  0.0000000E+000  0.0000000E+000  0.0000000E+000  0.0000000E+000  0.0000000E+000  0.0000000E+000  0.1000000E+001  0.0000000E+000  0.1000000E+001  0.0000000E+000  0.0000000E+000  0.0000000E+000  0.0000000E+000
010111998f25nd1   14.000    14011998  0.0000000E+000  0.0000000E+000  0.0000000E+000  0.0000000E+000  0.0000000E+000  0.0000000E+000  0.0000000E+000  0.0000000E+000  0.0000000E+000  0.0000000E+000  0.0000000E+000  0.0000000E+000  0.1000000E+001  0.0000000E+000  0.1000000E+001  0.0000000E+000  0.0000000E+000  0.0000000E+000  0.0000000E+000
010111998f25nd1   15.000    15011998  0.0000000E+000  0.0000000E+000  0.0000000E+000  0.0000000E+000  0.0000000E+000  0.0000000E+000  0.0000000E+000  0.0000000E+000  0.0000000E+000  0.0000000E+000  0.0000000E+000  0.0000000E+000  0.1000000E+001  0.0000000E+000  0.1000000E+001  0.0000000E+000  0.0000000E+000  0.0000000E+000  0.0000000E+000
010111998f25nd1   16.000    16011998  0.0000000E+000  0.0000000E+000  0.0000000E+000  0.0000000E+000  0.0000000E+000  0.0000000E+000  0.0000000E+000  0.0000000E+000  0.0000000E+000  0.0000000E+000  0.0000000E+000  0.0000000E+000  0.1000000E+001  0.0000000E+000  0.1000000E+001  0.0000000E+000  0.0000000E+000  0.0000000E+000  0.0000000E+000
010111998f25nd1   17.000    17011998  0.0000000E+000  0.0000000E+000  0.0000000E+000  0.0000000E+000  0.0000000E+000  0.0000000E+000  0.0000000E+000  0.0000000E+000  0.0000000E+000  0.0000000E+000  0.0000000E+000  0.0000000E+000  0.1000000E+001  0.0000000E+000  0.1000000E+001  0.0000000E+000  0.0000000E+000  0.0000000E+000  0.0000000E+000
010111998f25nd1   18.000    18011998  0.0000000E+000  0.0000000E+000  0.0000000E+000  0.0000000E+000  0.0000000E+000  0.0000000E+000  0.0000000E+000  0.0000000E+000  0.0000000E+000  0.0000000E+000  0.0000000E+000  0.0000000E+000  0.1000000E+001  0.0000000E+000  0.1000000E+001  0.0000000E+000  0.0000000E+000  0.0000000E+000  0.0000000E+000
010111998f25nd1   19.000    19011998  0.0000000E+000  0.0000000E+000  0.0000000E+000  0.0000000E+000  0.0000000E+000  0.0000000E+000  0.0000000E+000  0.0000000E+000  0.0000000E+000  0.0000000E+000  0.0000000E+000  0.0000000E+000  0.1000000E+001  0.0000000E+000  0.1000000E+001  0.0000000E+000  0.0000000E+000  0.0000000E+000  0.0000000E+000
010111998f25nd1   20.000    20011998  0.0000000E+000  0.0000000E+000  0.0000000E+000  0.0000000E+000  0.0000000E+000  0.0000000E+000  0.0000000E+000  0.0000000E+000  0.0000000E+000  0.0000000E+000  0.0000000E+000  0.0000000E+000  0.1000000E+001  0.0000000E+000  0.1000000E+001  0.0000000E+000  0.0000000E+000  0.0000000E+000  0.0000000E+000
010111998f25nd1   21.000    21011998  0.0000000E+000  0.0000000E+000  0.0000000E+000  0.0000000E+000  0.0000000E+000  0.0000000E+000  0.0000000E+000  0.0000000E+000  0.0000000E+000  0.0000000E+000  0.0000000E+000  0.0000000E+000  0.1000000E+001  0.0000000E+000  0.1000000E+001  0.0000000E+000  0.0000000E+000  0.0000000E+000  0.0000000E+000
010111998f25nd1   22.000    22011998  0.0000000E+000  0.0000000E+000  0.0000000E+000  0.0000000E+000  0.0000000E+000  0.0000000E+000  0.0000000E+000  0.0000000E+000  0.0000000E+000  0.0000000E+000  0.0000000E+000  0.0000000E+000  0.1000000E+001  0.0000000E+000  0.1000000E+001  0.0000000E+000  0.0000000E+000  0.0000000E+000  0.0000000E+000
010111998f25nd1   23.000    23011998  0.0000000E+000  0.0000000E+000  0.0000000E+000  0.0000000E+000  0.0000000E+000  0.0000000E+000  0.0000000E+000  0.0000000E+000  0.0000000E+000  0.0000000E+000  0.0000000E+000  0.0000000E+000  0.1000000E+001  0.0000000E+000  0.1000000E+001  0.0000000E+000  0.0000000E+000  0.0000000E+000  0.0000000E+000
010111998f25nd1   24.000    24011998  0.0000000E+000  0.0000000E+000  0.0000000E+000  0.0000000E+000  0.0000000E+000  0.0000000E+000  0.0000000E+000  0.0000000E+000  0.0000000E+000  0.0000000E+000  0.0000000E+000  0.0000000E+000  0.1000000E+001  0.0000000E+000  0.1000000E+001  0.0000000E+000  0.0000000E+000  0.0000000E+000  0.0000000E+000
010111998f25nd1   25.000    25011998  0.0000000E+000  0.0000000E+000  0.0000000E+000  0.0000000E+000  0.0000000E+000  0.0000000E+000  0.0000000E+000  0.0000000E+000  0.0000000E+000  0.0000000E+000  0.0000000E+000  0.0000000E+000  0.1000000E+001  0.0000000E+000  0.1000000E+001  0.0000000E+000  0.0000000E+000  0.0000000E+000  0.0000000E+000
010111998f25nd1   26.000    26011998  0.0000000E+000  0.0000000E+000  0.0000000E+000  0.0000000E+000  0.0000000E+000  0.0000000E+000  0.0000000E+000  0.0000000E+000  0.0000000E+000  0.0000000E+000  0.0000000E+000  0.0000000E+000  0.1000000E+001  0.0000000E+000  0.1000000E+001  0.0000000E+000  0.0000000E+000  0.0000000E+000  0.0000000E+000
010111998f25nd1   27.000    27011998  0.0000000E+000  0.0000000E+000  0.0000000E+000  0.0000000E+000  0.0000000E+000  0.0000000E+000  0.0000000E+000  0.0000000E+000  0.0000000E+000  0.0000000E+000  0.0000000E+000  0.0000000E+000  0.1000000E+001  0.0000000E+000  0.1000000E+001  0.0000000E+000  0.0000000E+000  0.0000000E+000  0.0000000E+000
010111998f25nd1   28.000    28011998  0.0000000E+000  0.0000000E+000  0.0000000E+000  0.0000000E+000  0.0000000E+000  0.0000000E+000  0.0000000E+000  0.0000000E+000  0.0000000E+000  0.0000000E+000  0.0000000E+000  0.0000000E+000  0.1000000E+001  0.0000000E+000  0.1000000E+001  0.0000000E+000  0.0000000E+000  0.0000000E+000  0.0000000E+000
010111998f25nd1   29.000    29011998  0.0000000E+000  0.0000000E+000  0.0000000E+000  0.0000000E+000  0.0000000E+000  0.0000000E+000  0.0000000E+000  0.0000000E+000  0.0000000E+000  0.0000000E+000  0.0000000E+000  0.0000000E+000  0.1000000E+001  0.0000000E+000  0.1000000E+001  0.0000000E+000  0.0000000E+000  0.0000000E+000  0.0000000E+000
010111998f25nd1   30.000    30011998  0.0000000E+000  0.0000000E+000  0.0000000E+000  0.0000000E+000  0.0000000E+000  0.0000000E+000  0.0000000E+000  0.0000000E+000  0.0000000E+000  0.0000000E+000  0.0000000E+000  0.0000000E+000  0.1000000E+001  0.0000000E+000  0.1000000E+001  0.0000000E+000  0.0000000E+000  0.0000000E+000  0.0000000E+000
010111998f25nd1   31.000    31011998  0.0000000E+000  0.0000000E+000  0.0000000E+000  0.0000000E+000  0.0000000E+000  0.0000000E+000  0.0000000E+000  0.0000000E+000  0.0000000E+000  0.0000000E+000  0.0000000E+000  0.0000000E+000  0.1000000E+001  0.0000000E+000  0.1000000E+001  0.0000000E+000  0.0000000E+000  0.0000000E+000  0.0000000E+000
010111998f25nd1   32.000    01021998  0.0000000E+000  0.0000000E+000  0.0000000E+000  0.0000000E+000  0.0000000E+000  0.0000000E+000  0.0000000E+000  0.0000000E+000  0.0000000E+000  0.0000000E+000  0.0000000E+000  0.0000000E+000  0.1000000E+001  0.0000000E+000  0.1000000E+001  0.0000000E+000  0.0000000E+000  0.0000000E+000  0.0000000E+000
010111998f25nd1   33.000    02021998  0.0000000E+000  0.0000000E+000  0.0000000E+000  0.0000000E+000  0.0000000E+000  0.0000000E+000  0.0000000E+000  0.0000000E+000  0.0000000E+000  0.0000000E+000  0.0000000E+000  0.0000000E+000  0.1000000E+001  0.0000000E+000  0.1000000E+001  0.0000000E+000  0.0000000E+000  0.0000000E+000  0.0000000E+000
010111998f25nd1   34.000    03021998  0.0000000E+000  0.0000000E+000  0.0000000E+000  0.0000000E+000  0.0000000E+000  0.0000000E+000  0.0000000E+000  0.0000000E+000  0.0000000E+000  0.0000000E+000  0.0000000E+000  0.0000000E+000  0.1000000E+001  0.0000000E+000  0.1000000E+001  0.0000000E+000  0.0000000E+000  0.0000000E+000  0.0000000E+000
010111998f25nd1   35.000    04021998  0.0000000E+000  0.0000000E+000  0.0000000E+000  0.0000000E+000  0.0000000E+000  0.0000000E+000  0.0000000E+000  0.0000000E+000  0.0000000E+000  0.0000000E+000  0.0000000E+000  0.0000000E+000  0.1000000E+001  0.0000000E+000  0.1000000E+001  0.0000000E+000  0.0000000E+000  0.0000000E+000  0.0000000E+000
010111998f25nd1   36.000    05021998  0.0000000E+000  0.0000000E+000  0.0000000E+000  0.0000000E+000  0.0000000E+000  0.0000000E+000  0.0000000E+000  0.0000000E+000  0.0000000E+000  0.0000000E+000  0.0000000E+000  0.0000000E+000  0.1000000E+001  0.0000000E+000  0.1000000E+001  0.0000000E+000  0.0000000E+000  0.0000000E+000  0.0000000E+000
010111998f25nd1   37.000    06021998  0.0000000E+000  0.0000000E+000  0.0000000E+000  0.0000000E+000  0.0000000E+000  0.0000000E+000  0.0000000E+000  0.0000000E+000  0.0000000E+000  0.0000000E+000  0.0000000E+000  0.0000000E+000  0.1000000E+001  0.0000000E+000  0.1000000E+001  0.0000000E+000  0.0000000E+000  0.0000000E+000  0.0000000E+000
010111998f25nd1   38.000    07021998  0.0000000E+000  0.0000000E+000  0.0000000E+000  0.0000000E+000  0.0000000E+000  0.0000000E+000  0.0000000E+000  0.0000000E+000  0.0000000E+000  0.0000000E+000  0.0000000E+000  0.0000000E+000  0.1000000E+001  0.0000000E+000  0.1000000E+001  0.0000000E+000  0.0000000E+000  0.0000000E+000  0.0000000E+000
010111998f25nd1   39.000    08021998  0.0000000E+000  0.0000000E+000  0.0000000E+000  0.0000000E+000  0.0000000E+000  0.0000000E+000  0.0000000E+000  0.0000000E+000  0.0000000E+000  0.0000000E+000  0.0000000E+000  0.0000000E+000  0.1000000E+001  0.0000000E+000  0.1000000E+001  0.0000000E+000  0.0000000E+000  0.0000000E+000  0.0000000E+000
010111998f25nd1   40.000    09021998  0.0000000E+000  0.0000000E+000  0.0000000E+000  0.0000000E+000  0.0000000E+000  0.0000000E+000  0.0000000E+000  0.0000000E+000  0.0000000E+000  0.0000000E+000  0.0000000E+000  0.0000000E+000  0.1000000E+001  0.0000000E+000  0.1000000E+001  0.0000000E+000  0.0000000E+000  0.0000000E+000  0.0000000E+000
010111998f25nd1   41.000    10021998  0.0000000E+000  0.0000000E+000  0.0000000E+000  0.0000000E+000  0.0000000E+000  0.0000000E+000  0.0000000E+000  0.0000000E+000  0.0000000E+000  0.0000000E+000  0.0000000E+000  0.0000000E+000  0.1000000E+001  0.0000000E+000  0.1000000E+001  0.0000000E+000  0.0000000E+000  0.0000000E+000  0.0000000E+000
010111998f25nd1   42.000    11021998  0.0000000E+000  0.0000000E+000  0.0000000E+000  0.0000000E+000  0.0000000E+000  0.0000000E+000  0.0000000E+000  0.0000000E+000  0.0000000E+000  0.0000000E+000  0.0000000E+000  0.0000000E+000  0.1000000E+001  0.0000000E+000  0.1000000E+001  0.0000000E+000  0.0000000E+000  0.0000000E+000  0.0000000E+000
010111998f25nd1   43.000    12021998  0.0000000E+000  0.0000000E+000  0.0000000E+000  0.0000000E+000  0.0000000E+000  0.0000000E+000  0.0000000E+000  0.0000000E+000  0.0000000E+000  0.0000000E+000  0.0000000E+000  0.0000000E+000  0.1000000E+001  0.0000000E+000  0.1000000E+001  0.0000000E+000  0.0000000E+000  0.0000000E+000  0.0000000E+000
010111998f25nd1   44.000    13021998  0.0000000E+000  0.0000000E+000  0.0000000E+000  0.0000000E+000  0.0000000E+000  0.0000000E+000  0.0000000E+000  0.0000000E+000  0.0000000E+000  0.0000000E+000  0.0000000E+000  0.0000000E+000  0.1000000E+001  0.0000000E+000  0.1000000E+001  0.0000000E+000  0.0000000E+000  0.0000000E+000  0.0000000E+000
010111998f25nd1   45.000    14021998  0.0000000E+000  0.0000000E+000  0.0000000E+000  0.0000000E+000  0.0000000E+000  0.0000000E+000  0.0000000E+000  0.0000000E+000  0.0000000E+000  0.0000000E+000  0.0000000E+000  0.0000000E+000  0.1000000E+001  0.0000000E+000  0.1000000E+001  0.0000000E+000  0.0000000E+000  0.0000000E+000  0.0000000E+000
010111998f25nd1   46.000    15021998  0.0000000E+000  0.0000000E+000  0.0000000E+000  0.0000000E+000  0.0000000E+000  0.0000000E+000  0.0000000E+000  0.0000000E+000  0.0000000E+000  0.0000000E+000  0.0000000E+000  0.0000000E+000  0.1000000E+001  0.0000000E+000  0.1000000E+001  0.0000000E+000  0.0000000E+000  0.0000000E+000  0.0000000E+000
010111998f25nd1   47.000    16021998  0.0000000E+000  0.0000000E+000  0.0000000E+000  0.0000000E+000  0.0000000E+000  0.0000000E+000  0.0000000E+000  0.0000000E+000  0.0000000E+000  0.0000000E+000  0.0000000E+000  0.0000000E+000  0.1000000E+001  0.0000000E+000  0.1000000E+001  0.0000000E+000  0.0000000E+000  0.0000000E+000  0.0000000E+000
010111998f25nd1   48.000    17021998  0.0000000E+000  0.0000000E+000  0.0000000E+000  0.0000000E+000  0.0000000E+000  0.0000000E+000  0.0000000E+000  0.0000000E+000  0.0000000E+000  0.0000000E+000  0.0000000E+000  0.0000000E+000  0.1000000E+001  0.0000000E+000  0.1000000E+001  0.0000000E+000  0.0000000E+000  0.0000000E+000  0.0000000E+000
010111998f25nd1   49.000    18021998  0.0000000E+000  0.0000000E+000  0.0000000E+000  0.0000000E+000  0.0000000E+000  0.0000000E+000  0.0000000E+000  0.0000000E+000  0.0000000E+000  0.0000000E+000  0.0000000E+000  0.0000000E+000  0.1000000E+001  0.0000000E+000  0.1000000E+001  0.0000000E+000  0.0000000E+000  0.0000000E+000  0.0000000E+000
010111998f25nd1   50.000    19021998  0.0000000E+000  0.0000000E+000  0.0000000E+000  0.0000000E+000  0.0000000E+000  0.0000000E+000  0.0000000E+000  0.0000000E+000  0.0000000E+000  0.0000000E+000  0.0000000E+000  0.0000000E+000  0.1000000E+001  0.0000000E+000  0.1000000E+001  0.0000000E+000  0.0000000E+000  0.0000000E+000  0.0000000E+000
010111998f25nd1   51.000    20021998  0.0000000E+000  0.0000000E+000  0.0000000E+000  0.0000000E+000  0.0000000E+000  0.0000000E+000  0.0000000E+000  0.0000000E+000  0.0000000E+000  0.0000000E+000  0.0000000E+000  0.0000000E+000  0.1000000E+001  0.0000000E+000  0.1000000E+001  0.0000000E+000  0.0000000E+000  0.0000000E+000  0.0000000E+000
010111998f25nd1   52.000    21021998  0.0000000E+000  0.0000000E+000  0.0000000E+000  0.0000000E+000  0.0000000E+000  0.0000000E+000  0.0000000E+000  0.0000000E+000  0.0000000E+000  0.0000000E+000  0.0000000E+000  0.0000000E+000  0.1000000E+001  0.0000000E+000  0.1000000E+001  0.0000000E+000  0.0000000E+000  0.0000000E+000  0.0000000E+000
010111998f25nd1   53.000    22021998  0.0000000E+000  0.0000000E+000  0.0000000E+000  0.0000000E+000  0.0000000E+000  0.0000000E+000  0.0000000E+000  0.0000000E+000  0.0000000E+000  0.0000000E+000  0.0000000E+000  0.0000000E+000  0.1000000E+001  0.0000000E+000  0.1000000E+001  0.0000000E+000  0.0000000E+000  0.0000000E+000  0.0000000E+000
010111998f25nd1   54.000    23021998  0.0000000E+000  0.0000000E+000  0.0000000E+000  0.0000000E+000  0.0000000E+000  0.0000000E+000  0.0000000E+000  0.0000000E+000  0.0000000E+000  0.0000000E+000  0.0000000E+000  0.0000000E+000  0.1000000E+001  0.0000000E+000  0.1000000E+001  0.0000000E+000  0.0000000E+000  0.0000000E+000  0.0000000E+000
010111998f25nd1   55.000    24021998  0.0000000E+000  0.0000000E+000  0.0000000E+000  0.0000000E+000  0.0000000E+000  0.0000000E+000  0.0000000E+000  0.0000000E+000  0.0000000E+000  0.0000000E+000  0.0000000E+000  0.0000000E+000  0.1000000E+001  0.0000000E+000  0.1000000E+001  0.0000000E+000  0.0000000E+000  0.0000000E+000  0.0000000E+000
010111998f25nd1   56.000    25021998  0.0000000E+000  0.0000000E+000  0.0000000E+000  0.0000000E+000  0.0000000E+000  0.0000000E+000  0.0000000E+000  0.0000000E+000  0.0000000E+000  0.0000000E+000  0.0000000E+000  0.0000000E+000  0.1000000E+001  0.0000000E+000  0.1000000E+001  0.0000000E+000  0.0000000E+000  0.0000000E+000  0.0000000E+000
010111998f25nd1   57.000    26021998  0.0000000E+000  0.0000000E+000  0.0000000E+000  0.0000000E+000  0.0000000E+000  0.0000000E+000  0.0000000E+000  0.0000000E+000  0.0000000E+000  0.0000000E+000  0.0000000E+000  0.0000000E+000  0.1000000E+001  0.0000000E+000  0.1000000E+001  0.0000000E+000  0.0000000E+000  0.0000000E+000  0.0000000E+000
010111998f25nd1   58.000    27021998  0.0000000E+000  0.0000000E+000  0.0000000E+000  0.0000000E+000  0.0000000E+000  0.0000000E+000  0.0000000E+000  0.0000000E+000  0.0000000E+000  0.0000000E+000  0.0000000E+000  0.0000000E+000  0.1000000E+001  0.0000000E+000  0.1000000E+001  0.0000000E+000  0.0000000E+000  0.0000000E+000  0.0000000E+000
010111998f25nd1   59.000    28021998  0.0000000E+000  0.0000000E+000  0.0000000E+000  0.0000000E+000  0.0000000E+000  0.0000000E+000  0.0000000E+000  0.0000000E+000  0.0000000E+000  0.0000000E+000  0.0000000E+000  0.0000000E+000  0.1000000E+001  0.0000000E+000  0.1000000E+001  0.0000000E+000  0.0000000E+000  0.0000000E+000  0.0000000E+000
010111998f25nd1   60.000    01031998  0.0000000E+000  0.0000000E+000  0.0000000E+000  0.0000000E+000  0.0000000E+000  0.0000000E+000  0.0000000E+000  0.0000000E+000  0.0000000E+000  0.0000000E+000  0.0000000E+000  0.0000000E+000  0.1000000E+001  0.0000000E+000  0.1000000E+001  0.0000000E+000  0.0000000E+000  0.0000000E+000  0.0000000E+000
010111998f25nd1   61.000    02031998  0.0000000E+000  0.0000000E+000  0.0000000E+000  0.0000000E+000  0.0000000E+000  0.0000000E+000  0.0000000E+000  0.0000000E+000  0.0000000E+000  0.0000000E+000  0.0000000E+000  0.0000000E+000  0.1000000E+001  0.0000000E+000  0.1000000E+001  0.0000000E+000  0.0000000E+000  0.0000000E+000  0.0000000E+000
010111998f25nd1   62.000    03031998  0.0000000E+000  0.0000000E+000  0.0000000E+000  0.0000000E+000  0.0000000E+000  0.0000000E+000  0.0000000E+000  0.0000000E+000  0.0000000E+000  0.0000000E+000  0.0000000E+000  0.0000000E+000  0.1000000E+001  0.0000000E+000  0.1000000E+001  0.0000000E+000  0.0000000E+000  0.0000000E+000  0.0000000E+000
010111998f25nd1   63.000    04031998  0.0000000E+000  0.0000000E+000  0.0000000E+000  0.0000000E+000  0.0000000E+000  0.0000000E+000  0.0000000E+000  0.0000000E+000  0.0000000E+000  0.0000000E+000  0.0000000E+000  0.0000000E+000  0.1000000E+001  0.0000000E+000  0.1000000E+001  0.0000000E+000  0.0000000E+000  0.0000000E+000  0.0000000E+000
010111998f25nd1   64.000    05031998  0.0000000E+000  0.0000000E+000  0.0000000E+000  0.0000000E+000  0.0000000E+000  0.0000000E+000  0.0000000E+000  0.0000000E+000  0.0000000E+000  0.0000000E+000  0.0000000E+000  0.0000000E+000  0.1000000E+001  0.0000000E+000  0.1000000E+001  0.0000000E+000  0.0000000E+000  0.0000000E+000  0.0000000E+000
010111998f25nd1   65.000    06031998  0.0000000E+000  0.0000000E+000  0.0000000E+000  0.0000000E+000  0.0000000E+000  0.0000000E+000  0.0000000E+000  0.0000000E+000  0.0000000E+000  0.0000000E+000  0.0000000E+000  0.0000000E+000  0.1000000E+001  0.0000000E+000  0.1000000E+001  0.0000000E+000  0.0000000E+000  0.0000000E+000  0.0000000E+000
010111998f25nd1   66.000    07031998  0.0000000E+000  0.0000000E+000  0.0000000E+000  0.0000000E+000  0.0000000E+000  0.0000000E+000  0.0000000E+000  0.0000000E+000  0.0000000E+000  0.0000000E+000  0.0000000E+000  0.0000000E+000  0.1000000E+001  0.0000000E+000  0.1000000E+001  0.0000000E+000  0.0000000E+000  0.0000000E+000  0.0000000E+000
010111998f25nd1   67.000    08031998  0.0000000E+000  0.0000000E+000  0.0000000E+000  0.0000000E+000  0.0000000E+000  0.0000000E+000  0.0000000E+000  0.0000000E+000  0.0000000E+000  0.0000000E+000  0.0000000E+000  0.0000000E+000  0.1000000E+001  0.0000000E+000  0.1000000E+001  0.0000000E+000  0.0000000E+000  0.0000000E+000  0.0000000E+000
010111998f25nd1   68.000    09031998  0.0000000E+000  0.0000000E+000  0.0000000E+000  0.0000000E+000  0.0000000E+000  0.0000000E+000  0.0000000E+000  0.0000000E+000  0.0000000E+000  0.0000000E+000  0.0000000E+000  0.0000000E+000  0.1000000E+001  0.0000000E+000  0.1000000E+001  0.0000000E+000  0.0000000E+000  0.0000000E+000  0.0000000E+000
010111998f25nd1   69.000    10031998  0.0000000E+000  0.0000000E+000  0.0000000E+000  0.0000000E+000  0.0000000E+000  0.0000000E+000  0.0000000E+000  0.0000000E+000  0.0000000E+000  0.0000000E+000  0.0000000E+000  0.0000000E+000  0.1000000E+001  0.0000000E+000  0.1000000E+001  0.0000000E+000  0.0000000E+000  0.0000000E+000  0.0000000E+000
010111998f25nd1   70.000    11031998  0.0000000E+000  0.0000000E+000  0.0000000E+000  0.0000000E+000  0.0000000E+000  0.0000000E+000  0.0000000E+000  0.0000000E+000  0.0000000E+000  0.0000000E+000  0.0000000E+000  0.0000000E+000  0.1000000E+001  0.0000000E+000  0.1000000E+001  0.0000000E+000  0.0000000E+000  0.0000000E+000  0.0000000E+000
010111998f25nd1   71.000    12031998  0.0000000E+000  0.0000000E+000  0.0000000E+000  0.0000000E+000  0.0000000E+000  0.0000000E+000  0.0000000E+000  0.0000000E+000  0.0000000E+000  0.0000000E+000  0.0000000E+000  0.0000000E+000  0.1000000E+001  0.0000000E+000  0.1000000E+001  0.0000000E+000  0.0000000E+000  0.0000000E+000  0.0000000E+000
010111998f25nd1   72.000    13031998  0.0000000E+000  0.0000000E+000  0.0000000E+000  0.0000000E+000  0.0000000E+000  0.0000000E+000  0.0000000E+000  0.0000000E+000  0.0000000E+000  0.0000000E+000  0.0000000E+000  0.0000000E+000  0.1000000E+001  0.0000000E+000  0.1000000E+001  0.0000000E+000  0.0000000E+000  0.0000000E+000  0.0000000E+000
010111998f25nd1   73.000    14031998  0.0000000E+000  0.0000000E+000  0.0000000E+000  0.0000000E+000  0.0000000E+000  0.0000000E+000  0.0000000E+000  0.0000000E+000  0.0000000E+000  0.0000000E+000  0.0000000E+000  0.0000000E+000  0.1000000E+001  0.0000000E+000  0.1000000E+001  0.0000000E+000  0.0000000E+000  0.0000000E+000  0.0000000E+000
010111998f25nd1   74.000    15031998  0.0000000E+000  0.0000000E+000  0.0000000E+000  0.0000000E+000  0.0000000E+000  0.0000000E+000  0.0000000E+000  0.0000000E+000  0.0000000E+000  0.0000000E+000  0.0000000E+000  0.0000000E+000  0.1000000E+001  0.0000000E+000  0.1000000E+001  0.0000000E+000  0.0000000E+000  0.0000000E+000  0.0000000E+000
010111998f25nd1   75.000    16031998  0.0000000E+000  0.0000000E+000  0.0000000E+000  0.0000000E+000  0.0000000E+000  0.0000000E+000  0.0000000E+000  0.0000000E+000  0.0000000E+000  0.0000000E+000  0.0000000E+000  0.0000000E+000  0.1000000E+001  0.0000000E+000  0.1000000E+001  0.0000000E+000  0.0000000E+000  0.0000000E+000  0.0000000E+000
010111998f25nd1   76.000    17031998  0.0000000E+000  0.0000000E+000  0.0000000E+000  0.0000000E+000  0.0000000E+000  0.0000000E+000  0.0000000E+000  0.0000000E+000  0.0000000E+000  0.0000000E+000  0.0000000E+000  0.0000000E+000  0.1000000E+001  0.0000000E+000  0.1000000E+001  0.0000000E+000  0.0000000E+000  0.0000000E+000  0.0000000E+000
010111998f25nd1   77.000    18031998  0.0000000E+000  0.0000000E+000  0.0000000E+000  0.0000000E+000  0.0000000E+000  0.0000000E+000  0.0000000E+000  0.0000000E+000  0.0000000E+000  0.0000000E+000  0.0000000E+000  0.0000000E+000  0.1000000E+001  0.0000000E+000  0.1000000E+001  0.0000000E+000  0.0000000E+000  0.0000000E+000  0.0000000E+000
010111998f25nd1   78.000    19031998  0.0000000E+000  0.0000000E+000  0.0000000E+000  0.0000000E+000  0.0000000E+000  0.0000000E+000  0.0000000E+000  0.0000000E+000  0.0000000E+000  0.0000000E+000  0.0000000E+000  0.0000000E+000  0.1000000E+001  0.0000000E+000  0.1000000E+001  0.0000000E+000  0.0000000E+000  0.0000000E+000  0.0000000E+000
010111998f25nd1   79.000    20031998  0.0000000E+000  0.0000000E+000  0.0000000E+000  0.0000000E+000  0.0000000E+000  0.0000000E+000  0.0000000E+000  0.0000000E+000  0.0000000E+000  0.0000000E+000  0.0000000E+000  0.0000000E+000  0.1000000E+001  0.0000000E+000  0.1000000E+001  0.0000000E+000  0.0000000E+000  0.0000000E+000  0.0000000E+000
010111998f25nd1   80.000    21031998  0.0000000E+000  0.0000000E+000  0.0000000E+000  0.0000000E+000  0.0000000E+000  0.0000000E+000  0.0000000E+000  0.0000000E+000  0.0000000E+000  0.0000000E+000  0.0000000E+000  0.0000000E+000  0.1000000E+001  0.0000000E+000  0.1000000E+001  0.0000000E+000  0.0000000E+000  0.0000000E+000  0.0000000E+000
010111998f25nd1   81.000    22031998  0.0000000E+000  0.0000000E+000  0.0000000E+000  0.0000000E+000  0.0000000E+000  0.0000000E+000  0.0000000E+000  0.0000000E+000  0.0000000E+000  0.0000000E+000  0.0000000E+000  0.0000000E+000  0.1000000E+001  0.0000000E+000  0.1000000E+001  0.0000000E+000  0.0000000E+000  0.0000000E+000  0.0000000E+000
010111998f25nd1   82.000    23031998  0.0000000E+000  0.0000000E+000  0.0000000E+000  0.0000000E+000  0.0000000E+000  0.0000000E+000  0.0000000E+000  0.0000000E+000  0.0000000E+000  0.0000000E+000  0.0000000E+000  0.0000000E+000  0.1000000E+001  0.0000000E+000  0.1000000E+001  0.0000000E+000  0.0000000E+000  0.0000000E+000  0.0000000E+000
010111998f25nd1   83.000    24031998  0.0000000E+000  0.0000000E+000  0.0000000E+000  0.0000000E+000  0.0000000E+000  0.0000000E+000  0.0000000E+000  0.0000000E+000  0.0000000E+000  0.0000000E+000  0.0000000E+000  0.0000000E+000  0.1000000E+001  0.0000000E+000  0.1000000E+001  0.0000000E+000  0.0000000E+000  0.0000000E+000  0.0000000E+000
010111998f25nd1   84.000    25031998  0.0000000E+000  0.0000000E+000  0.0000000E+000  0.0000000E+000  0.0000000E+000  0.0000000E+000  0.0000000E+000  0.0000000E+000  0.0000000E+000  0.0000000E+000  0.0000000E+000  0.0000000E+000  0.1000000E+001  0.0000000E+000  0.1000000E+001  0.0000000E+000  0.0000000E+000  0.0000000E+000  0.0000000E+000
010111998f25nd1   85.000    26031998  0.0000000E+000  0.0000000E+000  0.0000000E+000  0.0000000E+000  0.0000000E+000  0.0000000E+000  0.0000000E+000  0.0000000E+000  0.0000000E+000  0.0000000E+000  0.0000000E+000  0.0000000E+000  0.1000000E+001  0.0000000E+000  0.1000000E+001  0.0000000E+000  0.0000000E+000  0.0000000E+000  0.0000000E+000
010111998f25nd1   86.000    27031998  0.0000000E+000  0.0000000E+000  0.0000000E+000  0.0000000E+000  0.0000000E+000  0.0000000E+000  0.0000000E+000  0.0000000E+000  0.0000000E+000  0.0000000E+000  0.0000000E+000  0.0000000E+000  0.1000000E+001  0.0000000E+000  0.1000000E+001  0.0000000E+000  0.0000000E+000  0.0000000E+000  0.0000000E+000
010111998f25nd1   87.000    28031998  0.0000000E+000  0.0000000E+000  0.0000000E+000  0.0000000E+000  0.0000000E+000  0.0000000E+000  0.0000000E+000  0.0000000E+000  0.0000000E+000  0.0000000E+000  0.0000000E+000  0.0000000E+000  0.1000000E+001  0.0000000E+000  0.1000000E+001  0.0000000E+000  0.0000000E+000  0.0000000E+000  0.0000000E+000
010111998f25nd1   88.000    29031998  0.0000000E+000  0.0000000E+000  0.0000000E+000  0.0000000E+000  0.0000000E+000  0.0000000E+000  0.0000000E+000  0.0000000E+000  0.0000000E+000  0.0000000E+000  0.0000000E+000  0.0000000E+000  0.1000000E+001  0.0000000E+000  0.1000000E+001  0.0000000E+000  0.0000000E+000  0.0000000E+000  0.0000000E+000
010111998f25nd1   89.000    30031998  0.0000000E+000  0.0000000E+000  0.0000000E+000  0.0000000E+000  0.0000000E+000  0.0000000E+000  0.0000000E+000  0.0000000E+000  0.0000000E+000  0.0000000E+000  0.0000000E+000  0.0000000E+000  0.1000000E+001  0.0000000E+000  0.1000000E+001  0.0000000E+000  0.0000000E+000  0.0000000E+000  0.0000000E+000
010111998f25nd1   90.000    31031998  0.0000000E+000  0.0000000E+000  0.0000000E+000  0.0000000E+000  0.0000000E+000  0.0000000E+000  0.0000000E+000  0.0000000E+000  0.0000000E+000  0.0000000E+000  0.0000000E+000  0.0000000E+000  0.1000000E+001  0.0000000E+000  0.1000000E+001  0.0000000E+000  0.0000000E+000  0.0000000E+000  0.0000000E+000
010111998f25nd1   91.000    01041998  0.0000000E+000  0.0000000E+000  0.0000000E+000  0.0000000E+000  0.0000000E+000  0.0000000E+000  0.0000000E+000  0.0000000E+000  0.0000000E+000  0.0000000E+000  0.0000000E+000  0.0000000E+000  0.1000000E+001  0.0000000E+000  0.1000000E+001  0.0000000E+000  0.0000000E+000  0.0000000E+000  0.0000000E+000
