4  1  0  0  0  0  2  0  0  2  2.0
90.0  15.0  180.0  30.0  810.  3.0  0.05  0.05  405.0  0.05  0.05  0.45
0.20  0.075  0.20  0.075
0.025  0.015  0.0  24.0  24.0  12.5  0.10
15.0  5.0  -1.0  0.25
0.020  0.300  0.300 
0.00  0.00  0.50  0.50  0.90  90.0  90.0
1.0  6.0  0.20  0.20  0.50E-03  0.0
2.5E-04  1.0E-04  0.20  0.10  1.0E+04  1.0E+09  2.5E-02  250.0  250.0
1.0E-02  0.40  0.0125
1.0E-02  0.35  0.030
1.0E-02  0.075  0.002
-1.25  -5.0  2.5E+03
7.2E-01 7.6E-01 8.0E-01 8.8E-01 7.6E-01 7.6E-01 8.8E-01 7.6E-01 5.0E-01
10.0E-02 2.5E-02 1.0E-02 3.0E-02 2.0E-02 2.0E-02 4.0E-02 2.5E-02 10.0E-02
10.0E-03 2.5E-03 1.0E-03 3.0E-03 2.0E-03 2.0E-03 4.0E-03 2.5E-03 10.0E-03
