    DOY     DATE    HOUR    PSI_CAN         TURG_CAN        STOM_RSC        BLYR_RSC        TRANSPN         
   0.042    01011998       1 -0.10000000E-02  0.12500000E+01  0.00000000E+00  0.00000000E+00             NaN
   0.083    01011998       2 -0.10000000E-02  0.12500000E+01  0.00000000E+00  0.00000000E+00             NaN
   0.125    01011998       3 -0.10000000E-02  0.12500000E+01  0.00000000E+00  0.00000000E+00             NaN
   0.167    01011998       4 -0.10000000E-02  0.12500000E+01  0.00000000E+00  0.00000000E+00             NaN
   0.208    01011998       5 -0.10000000E-02  0.12500000E+01  0.00000000E+00  0.00000000E+00             NaN
   0.250    01011998       6 -0.10000000E-02  0.12500000E+01  0.00000000E+00  0.00000000E+00             NaN
   0.292    01011998       7 -0.10000000E-02  0.12500000E+01  0.00000000E+00  0.00000000E+00             NaN
   0.333    01011998       8 -0.10000000E-02  0.12500000E+01  0.00000000E+00  0.00000000E+00             NaN
   0.375    01011998       9 -0.10000000E-02  0.12500000E+01  0.00000000E+00  0.00000000E+00             NaN
   0.417    01011998      10 -0.10000000E-02  0.12500000E+01  0.00000000E+00  0.00000000E+00             NaN
   0.458    01011998      11 -0.10000000E-02  0.12500000E+01  0.00000000E+00  0.00000000E+00             NaN
   0.500    01011998      12 -0.10000000E-02  0.12500000E+01  0.00000000E+00  0.00000000E+00             NaN
   0.542    01011998      13 -0.10000000E-02  0.12500000E+01  0.00000000E+00  0.00000000E+00             NaN
   0.583    01011998      14 -0.10000000E-02  0.12500000E+01  0.00000000E+00  0.00000000E+00             NaN
   0.625    01011998      15 -0.10000000E-02  0.12500000E+01  0.00000000E+00  0.00000000E+00             NaN
   0.667    01011998      16 -0.10000000E-02  0.12500000E+01  0.00000000E+00  0.00000000E+00             NaN
   0.708    01011998      17 -0.10000000E-02  0.12500000E+01  0.00000000E+00  0.00000000E+00             NaN
   0.750    01011998      18 -0.10000000E-02  0.12500000E+01  0.00000000E+00  0.00000000E+00             NaN
   0.792    01011998      19 -0.10000000E-02  0.12500000E+01  0.00000000E+00  0.00000000E+00             NaN
   0.833    01011998      20 -0.10000000E-02  0.12500000E+01  0.00000000E+00  0.00000000E+00             NaN
   0.875    01011998      21 -0.10000000E-02  0.12500000E+01  0.00000000E+00  0.00000000E+00             NaN
   0.917    01011998      22 -0.10000000E-02  0.12500000E+01  0.00000000E+00  0.00000000E+00             NaN
   0.958    01011998      23 -0.10000000E-02  0.12500000E+01  0.00000000E+00  0.00000000E+00             NaN
   1.000    01011998      24 -0.10000000E-02  0.12500000E+01  0.00000000E+00  0.00000000E+00             NaN
