    DOY     DATE    RESIDUE_C       HUMUS_C         ATM_CO2         NBP             ECO_LAI         ECO_GPP         ECO_RA          ECO_NPP         ECO_RH          
   1.000    01011996  0.2239493E+004  0.7456379E+004  0.3406120E+003  0.1552876E+001  0.1100263E+002  0.2938301E+001 -0.1549791E+001  0.1388509E+001 -0.2563496E+000
   2.000    02011996  0.2239659E+004  0.7456571E+004  0.3406120E+003  0.3165599E+001  0.1099875E+002  0.6044570E+001 -0.3192802E+001  0.2851768E+001 -0.5123782E+000
   3.000    03011996  0.2239891E+004  0.7456761E+004  0.3406120E+003  0.5298066E+001  0.1099638E+002  0.1003183E+002 -0.5178935E+001  0.4852900E+001 -0.7804208E+000
   4.000    04011996  0.2240187E+004  0.7456952E+004  0.3406120E+003  0.5229436E+001  0.1097761E+002  0.1090127E+002 -0.6239964E+001  0.4661310E+001 -0.1039957E+001
   5.000    05011996  0.2240470E+004  0.7457142E+004  0.3406120E+003  0.6039291E+001  0.1096443E+002  0.1265951E+002 -0.7304129E+001  0.5355383E+001 -0.1295537E+001
   6.000    06011996  0.2240819E+004  0.7457331E+004  0.3406120E+003  0.5806019E+001  0.1094898E+002  0.1330145E+002 -0.8287626E+001  0.5013823E+001 -0.1549467E+001
   7.000    07011996  0.2241091E+004  0.7457519E+004  0.3406120E+003  0.5240059E+001  0.1093459E+002  0.1344675E+002 -0.9101015E+001  0.4345732E+001 -0.1801913E+001
   8.000    08011996  0.2241323E+004  0.7457707E+004  0.3406120E+003  0.4649353E+001  0.1092117E+002  0.1356188E+002 -0.9868075E+001  0.3693810E+001 -0.2053678E+001
   9.000    09011996  0.2241519E+004  0.7457894E+004  0.3406120E+003  0.4237022E+001  0.1090913E+002  0.1393730E+002 -0.1062790E+002  0.3309398E+001 -0.2304293E+001
  10.000    10011996  0.2241833E+004  0.7458080E+004  0.3406120E+003  0.4097802E+001  0.1089463E+002  0.1478409E+002 -0.1152777E+002  0.3256319E+001 -0.2554389E+001
  11.000    11011996  0.2242106E+004  0.7458265E+004  0.3406120E+003  0.3223121E+001  0.1088053E+002  0.1508211E+002 -0.1235177E+002  0.2730344E+001 -0.2809180E+001
  12.000    12011996  0.2242424E+004  0.7458449E+004  0.3406120E+003  0.2256752E+001  0.1086546E+002  0.1570475E+002 -0.1323330E+002  0.2471450E+001 -0.3063855E+001
  13.000    13011996  0.2242730E+004  0.7458633E+004  0.3406120E+003  0.1282588E+001  0.1085129E+002  0.1655538E+002 -0.1414833E+002  0.2407048E+001 -0.3317800E+001
  14.000    14011996  0.2243007E+004  0.7458817E+004  0.3406120E+003  0.8593445E+000  0.1083993E+002  0.1813881E+002 -0.1520574E+002  0.2933075E+001 -0.3570852E+001
  15.000    15011996  0.2243313E+004  0.7458999E+004  0.3406120E+003  0.1004447E+001  0.1083098E+002  0.2049609E+002 -0.1652537E+002  0.3970720E+001 -0.3822895E+001
  16.000    16011996  0.2243598E+004  0.7459182E+004  0.3406120E+003  0.4338669E+000  0.1081878E+002  0.2186041E+002 -0.1759685E+002  0.4263554E+001 -0.4074136E+001
  17.000    17011996  0.2243911E+004  0.7459363E+004  0.3406120E+003  0.9367751E+000  0.1080985E+002  0.2441777E+002 -0.1890307E+002  0.5514694E+001 -0.4324363E+001
  18.000    18011996  0.2244197E+004  0.7459544E+004  0.3406120E+003  0.2087643E+001  0.1081028E+002  0.2835366E+002 -0.2092774E+002  0.7425920E+001 -0.4573685E+001
  19.000    19011996  0.2244615E+004  0.7459724E+004  0.3406120E+003  0.3213119E+001  0.1080931E+002  0.3259094E+002 -0.2335737E+002  0.9233561E+001 -0.4843191E+001
  20.000    20011996  0.2244899E+004  0.7459904E+004  0.3406120E+003  0.2164380E+001  0.1079311E+002  0.3305362E+002 -0.2421744E+002  0.8836180E+001 -0.5103633E+001
  21.000    21011996  0.2245187E+004  0.7460084E+004  0.3406120E+003  0.1470291E+001  0.1077919E+002  0.3378245E+002 -0.2506372E+002  0.8718732E+001 -0.5360862E+001
  22.000    22011996  0.2245451E+004  0.7460263E+004  0.3406120E+003  0.1013867E+001  0.1076673E+002  0.3479850E+002 -0.2596617E+002  0.8832331E+001 -0.5617172E+001
  23.000    23011996  0.2245764E+004  0.7460441E+004  0.3406120E+003  0.1310258E+001  0.1075687E+002  0.3684359E+002 -0.2716641E+002  0.9677180E+001 -0.5873431E+001
  24.000    24011996  0.2246096E+004  0.7460619E+004  0.3406120E+003  0.2868469E+001  0.1075681E+002  0.4097277E+002 -0.2928780E+002  0.1168497E+002 -0.6139208E+001
  25.000    25011996  0.2246405E+004  0.7460797E+004  0.3406120E+003  0.2386909E+001  0.1074363E+002  0.4211377E+002 -0.3046246E+002  0.1165131E+002 -0.6399147E+001
  26.000    26011996  0.2246700E+004  0.7460974E+004  0.3406120E+003  0.2638535E+001  0.1073329E+002  0.4393690E+002 -0.3157815E+002  0.1235874E+002 -0.6653968E+001
  27.000    27011996  0.2247123E+004  0.7461150E+004  0.3406120E+003  0.4526549E+001  0.1073576E+002  0.4868933E+002 -0.3401975E+002  0.1466958E+002 -0.6933110E+001
  28.000    28011996  0.2247364E+004  0.7461325E+004  0.3406120E+003  0.4234382E+001  0.1071947E+002  0.4994820E+002 -0.3506689E+002  0.1488131E+002 -0.7248308E+001
  29.000    29011996  0.2247678E+004  0.7461501E+004  0.3406120E+003  0.4533066E+001  0.1070656E+002  0.5161296E+002 -0.3601411E+002  0.1559885E+002 -0.7504823E+001
  30.000    30011996  0.2248580E+004  0.7461678E+004  0.3406120E+003  0.5299997E+001  0.1069163E+002  0.5398147E+002 -0.3712416E+002  0.1685731E+002 -0.7755768E+001
  31.000    31011996  0.2248704E+004  0.7461852E+004  0.3406120E+003  0.7174335E+001  0.1068865E+002  0.5771733E+002 -0.3854033E+002  0.1917700E+002 -0.8055324E+001
  32.000    01021996  0.2248967E+004  0.7462025E+004  0.3406120E+003  0.6447866E+001  0.1067326E+002  0.5842559E+002 -0.3949082E+002  0.1893477E+002 -0.8377694E+001
  33.000    02021996  0.2249307E+004  0.7462200E+004  0.3406120E+003  0.5816592E+001  0.1065847E+002  0.5906168E+002 -0.4035871E+002  0.1870297E+002 -0.8635460E+001
  34.000    03021996  0.2249556E+004  0.7462376E+004  0.3406120E+003  0.4752615E+001  0.1064530E+002  0.5914412E+002 -0.4108994E+002  0.1805418E+002 -0.8890577E+001
  35.000    04021996  0.2249693E+004  0.7462551E+004  0.3406120E+003  0.3738511E+001  0.1063483E+002  0.5916757E+002 -0.4171617E+002  0.1745139E+002 -0.9145870E+001
  36.000    05021996  0.2249793E+004  0.7462725E+004  0.3406120E+003  0.2767891E+001  0.1062560E+002  0.5920079E+002 -0.4231042E+002  0.1689037E+002 -0.9399818E+001
  37.000    06021996  0.2250004E+004  0.7462899E+004  0.3406120E+003  0.2063506E+001  0.1061371E+002  0.5960567E+002 -0.4302402E+002  0.1658166E+002 -0.9653112E+001
  38.000    07021996  0.2250252E+004  0.7463072E+004  0.3406120E+003  0.1855025E+001  0.1060176E+002  0.6061009E+002 -0.4385860E+002  0.1675149E+002 -0.9906650E+001
  39.000    08021996  0.2250542E+004  0.7463246E+004  0.3406120E+003  0.2706056E+001  0.1059207E+002  0.6293487E+002 -0.4497300E+002  0.1796186E+002 -0.1016063E+002
  40.000    09021996  0.2250771E+004  0.7463418E+004  0.3406120E+003  0.5014233E+001  0.1059084E+002  0.6722750E+002 -0.4664142E+002  0.2058608E+002 -0.1041473E+002
  41.000    10021996  0.2251116E+004  0.7463591E+004  0.3406120E+003  0.6040793E+001  0.1058316E+002  0.7007030E+002 -0.4816269E+002  0.2190761E+002 -0.1066863E+002
  42.000    11021996  0.2251436E+004  0.7463763E+004  0.3406120E+003  0.8164806E+001  0.1058018E+002  0.7438009E+002 -0.5003373E+002  0.2434636E+002 -0.1092258E+002
  43.000    12021996  0.2251733E+004  0.7463934E+004  0.3406120E+003  0.8480948E+001  0.1056732E+002  0.7610160E+002 -0.5110459E+002  0.2499701E+002 -0.1117627E+002
  44.000    13021996  0.2252047E+004  0.7464106E+004  0.3406120E+003  0.8295257E+001  0.1055402E+002  0.7718652E+002 -0.5199265E+002  0.2519387E+002 -0.1143005E+002
  45.000    14021996  0.2252376E+004  0.7464276E+004  0.3406120E+003  0.9649794E+001  0.1054551E+002  0.8021924E+002 -0.5328964E+002  0.2692960E+002 -0.1168441E+002
  46.000    15021996  0.2252667E+004  0.7464447E+004  0.3406120E+003  0.1120071E+002  0.1053921E+002  0.8362599E+002 -0.5479288E+002  0.2883311E+002 -0.1194009E+002
  47.000    16021996  0.2252903E+004  0.7464617E+004  0.3406120E+003  0.1131594E+002  0.1052872E+002  0.8517437E+002 -0.5592210E+002  0.2925227E+002 -0.1220962E+002
  48.000    17021996  0.2253174E+004  0.7464786E+004  0.3406120E+003  0.1069429E+002  0.1051528E+002  0.8569241E+002 -0.5672450E+002  0.2896791E+002 -0.1248968E+002
  49.000    18021996  0.2253459E+004  0.7464955E+004  0.3406120E+003  0.1080877E+002  0.1050215E+002  0.8711413E+002 -0.5763304E+002  0.2948108E+002 -0.1277265E+002
  50.000    19021996  0.2253740E+004  0.7465123E+004  0.3406120E+003  0.1183664E+002  0.1049313E+002  0.8978319E+002 -0.5885263E+002  0.3093056E+002 -0.1306624E+002
  51.000    20021996  0.2254021E+004  0.7465291E+004  0.3406120E+003  0.1435180E+002  0.1049229E+002  0.9473001E+002 -0.6094716E+002  0.3378284E+002 -0.1337161E+002
  52.000    21021996  0.2254476E+004  0.7465458E+004  0.3406120E+003  0.1653789E+002  0.1049571E+002  0.1001133E+003 -0.6377093E+002  0.3634234E+002 -0.1370089E+002
  53.000    22021996  0.2254636E+004  0.7465601E+004  0.3406120E+003  0.1839172E+002  0.1049976E+002  0.1057978E+003 -0.6689031E+002  0.3890754E+002 -0.1443553E+002
  54.000    23021996  0.2254716E+004  0.7465724E+004  0.3406120E+003  0.1965907E+002  0.1050554E+002  0.1117529E+003 -0.7056331E+002  0.4118957E+002 -0.1545073E+002
  55.000    24021996  0.2254622E+004  0.7465828E+004  0.3406120E+003  0.2080544E+002  0.1051021E+002  0.1178369E+003 -0.7423909E+002  0.4359777E+002 -0.1670468E+002
  56.000    25021996  0.2254439E+004  0.7465962E+004  0.3406120E+003  0.2168578E+002  0.1049739E+002  0.1221524E+003 -0.7660346E+002  0.4554889E+002 -0.1768227E+002
  57.000    26021996  0.2254362E+004  0.7466095E+004  0.3406120E+003  0.2279009E+002  0.1049824E+002  0.1274146E+003 -0.7965221E+002  0.4776239E+002 -0.1872287E+002
  58.000    27021996  0.2254261E+004  0.7466203E+004  0.3406120E+003  0.2362194E+002  0.1050057E+002  0.1333494E+003 -0.8339149E+002  0.4995794E+002 -0.2005779E+002
  59.000    28021996  0.2254128E+004  0.7466284E+004  0.3406120E+003  0.2495742E+002  0.1050163E+002  0.1405026E+003 -0.8758236E+002  0.5292025E+002 -0.2167122E+002
  60.000    29021996  0.2254157E+004  0.7466400E+004  0.3406120E+003  0.2413724E+002  0.1048215E+002  0.1429002E+003 -0.8943060E+002  0.5346959E+002 -0.2293898E+002
  61.000    01031996  0.2254025E+004  0.7466573E+004  0.3406120E+003  0.2398884E+002  0.1046725E+002  0.1447342E+003 -0.9055694E+002  0.5417727E+002 -0.2363347E+002
  62.000    02031996  0.2253897E+004  0.7466750E+004  0.3406120E+003  0.2481356E+002  0.1045890E+002  0.1476884E+003 -0.9189503E+002  0.5579339E+002 -0.2429898E+002
  63.000    03031996  0.2253606E+004  0.7466919E+004  0.3406120E+003  0.2602893E+002  0.1045175E+002  0.1511411E+003 -0.9327038E+002  0.5787067E+002 -0.2505094E+002
  64.000    04031996  0.2253568E+004  0.7467103E+004  0.3406120E+003  0.2617537E+002  0.1043979E+002  0.1531539E+003 -0.9444593E+002  0.5870800E+002 -0.2558785E+002
  65.000    05031996  0.2253708E+004  0.7467284E+004  0.3406120E+003  0.2823140E+002  0.1043464E+002  0.1580591E+003 -0.9660963E+002  0.6144945E+002 -0.2617215E+002
  66.000    06031996  0.2253549E+004  0.7467412E+004  0.3406120E+003  0.2958735E+002  0.1043596E+002  0.1642272E+003 -0.1003064E+003  0.6392079E+002 -0.2741504E+002
  67.000    07031996  0.2253092E+004  0.7467508E+004  0.3406120E+003  0.3119433E+002  0.1043580E+002  0.1709407E+003 -0.1039928E+003  0.6694793E+002 -0.2901274E+002
  68.000    08031996  0.2252515E+004  0.7467637E+004  0.3406120E+003  0.2909138E+002  0.1041583E+002  0.1717765E+003 -0.1056180E+003  0.6615849E+002 -0.3024061E+002
  69.000    09031996  0.2252392E+004  0.7467829E+004  0.3406120E+003  0.2715274E+002  0.1039891E+002  0.1721156E+003 -0.1064621E+003  0.6565351E+002 -0.3080975E+002
  70.000    10031996  0.2252452E+004  0.7468032E+004  0.3406120E+003  0.2589960E+002  0.1038237E+002  0.1728122E+003 -0.1073186E+003  0.6549361E+002 -0.3121417E+002
  71.000    11031996  0.2252523E+004  0.7468233E+004  0.3406120E+003  0.2645803E+002  0.1036994E+002  0.1744395E+003 -0.1082668E+003  0.6617271E+002 -0.3158226E+002
  72.000    12031996  0.2252649E+004  0.7468431E+004  0.3406120E+003  0.2756559E+002  0.1035944E+002  0.1765210E+003 -0.1093647E+003  0.6715635E+002 -0.3193313E+002
  73.000    13031996  0.2252918E+004  0.7468627E+004  0.3406120E+003  0.2988732E+002  0.1035156E+002  0.1803004E+003 -0.1109532E+003  0.6934723E+002 -0.3227766E+002
  74.000    14031996  0.2253314E+004  0.7468822E+004  0.3406120E+003  0.3246823E+002  0.1034694E+002  0.1849549E+003 -0.1131461E+003  0.7180883E+002 -0.3262230E+002
  75.000    15031996  0.2253732E+004  0.7469016E+004  0.3406120E+003  0.3648956E+002  0.1034947E+002  0.1919945E+003 -0.1159739E+003  0.7602054E+002 -0.3302451E+002
  76.000    16031996  0.2253935E+004  0.7469191E+004  0.3406120E+003  0.3836150E+002  0.1035206E+002  0.1986579E+003 -0.1190026E+003  0.7965531E+002 -0.3371083E+002
  77.000    17031996  0.2253652E+004  0.7469330E+004  0.3406120E+003  0.4046465E+002  0.1035310E+002  0.2051249E+003 -0.1219040E+003  0.8322087E+002 -0.3482553E+002
  78.000    18031996  0.2253205E+004  0.7469457E+004  0.3406120E+003  0.4283767E+002  0.1035272E+002  0.2118579E+003 -0.1247948E+003  0.8706310E+002 -0.3608689E+002
  79.000    19031996  0.2252562E+004  0.7469585E+004  0.3406120E+003  0.4463573E+002  0.1035108E+002  0.2173776E+003 -0.1272198E+003  0.9015772E+002 -0.3736666E+002
  80.000    20031996  0.2251992E+004  0.7469737E+004  0.3406120E+003  0.4487231E+002  0.1033284E+002  0.2201798E+003 -0.1285877E+003  0.9159214E+002 -0.3837666E+002
  81.000    21031996  0.2253923E+004  0.7469915E+004  0.3406120E+003  0.4542728E+002  0.1032357E+002  0.2228476E+003 -0.1297753E+003  0.9307232E+002 -0.3912509E+002
  82.000    22031996  0.2253419E+004  0.7470098E+004  0.3406120E+003  0.4624767E+002  0.1032386E+002  0.2257235E+003 -0.1310021E+003  0.9472150E+002 -0.3980767E+002
  83.000    23031996  0.2253155E+004  0.7470287E+004  0.3406120E+003  0.4747400E+002  0.1032571E+002  0.2290902E+003 -0.1324328E+003  0.9665741E+002 -0.4039793E+002
  84.000    24031996  0.2252931E+004  0.7470474E+004  0.3406120E+003  0.4951817E+002  0.1033420E+002  0.2337510E+003 -0.1343462E+003  0.9940478E+002 -0.4102424E+002
  85.000    25031996  0.2252702E+004  0.7470637E+004  0.3406120E+003  0.5217369E+002  0.1036110E+002  0.2401527E+003 -0.1371704E+003  0.1029823E+003 -0.4192461E+002
  86.000    26031996  0.2252455E+004  0.7470759E+004  0.3406120E+003  0.5435930E+002  0.1039786E+002  0.2476864E+003 -0.1412142E+003  0.1064722E+003 -0.4326808E+002
  87.000    27031996  0.2251736E+004  0.7470889E+004  0.3406120E+003  0.5597621E+002  0.1040607E+002  0.2527602E+003 -0.1434090E+003  0.1093512E+003 -0.4451626E+002
  88.000    28031996  0.2250981E+004  0.7471058E+004  0.3406120E+003  0.5651269E+002  0.1040469E+002  0.2553700E+003 -0.1446557E+003  0.1107143E+003 -0.4541025E+002
  89.000    29031996  0.2250406E+004  0.7471236E+004  0.3406120E+003  0.5822106E+002  0.1040908E+002  0.2594026E+003 -0.1462153E+003  0.1131873E+003 -0.4621597E+002
  90.000    30031996  0.2250462E+004  0.7471401E+004  0.3406120E+003  0.5999149E+002  0.1041126E+002  0.2640394E+003 -0.1481270E+003  0.1159124E+003 -0.4714952E+002
  91.000    31031996  0.2249886E+004  0.7471556E+004  0.3406120E+003  0.6233284E+002  0.1042214E+002  0.2696188E+003 -0.1503254E+003  0.1192935E+003 -0.4819202E+002
  92.000    01041996  0.2249384E+004  0.7471695E+004  0.3406120E+003  0.6494523E+002  0.1044524E+002  0.2764757E+003 -0.1534666E+003  0.1230091E+003 -0.4942471E+002
  93.000    02041996  0.2248689E+004  0.7471825E+004  0.3406120E+003  0.6695313E+002  0.1045932E+002  0.2823722E+003 -0.1561394E+003  0.1262328E+003 -0.5073495E+002
  94.000    03041996  0.2248237E+004  0.7471972E+004  0.3406120E+003  0.6902515E+002  0.1047665E+002  0.2886570E+003 -0.1591858E+003  0.1294711E+003 -0.5190221E+002
  95.000    04041996  0.2247926E+004  0.7472093E+004  0.3406120E+003  0.7069889E+002  0.1050079E+002  0.2958395E+003 -0.1633049E+003  0.1325345E+003 -0.5332793E+002
  96.000    05041996  0.2247330E+004  0.7472194E+004  0.3406120E+003  0.7278633E+002  0.1051744E+002  0.3030623E+003 -0.1668919E+003  0.1361704E+003 -0.5492146E+002
  97.000    06041996  0.2246400E+004  0.7472329E+004  0.3406120E+003  0.7420319E+002  0.1051868E+002  0.3075568E+003 -0.1686754E+003  0.1388814E+003 -0.5621292E+002
  98.000    07041996  0.2245600E+004  0.7472493E+004  0.3406120E+003  0.7588176E+002  0.1051841E+002  0.3118166E+003 -0.1702056E+003  0.1416110E+003 -0.5725057E+002
  99.000    08041996  0.2244993E+004  0.7472676E+004  0.3406120E+003  0.7742081E+002  0.1051159E+002  0.3157139E+003 -0.1716779E+003  0.1440360E+003 -0.5811327E+002
 100.000    09041996  0.2244317E+004  0.7472847E+004  0.3406120E+003  0.8016474E+002  0.1051573E+002  0.3211399E+003 -0.1734923E+003  0.1476477E+003 -0.5910750E+002
 101.000    10041996  0.2243755E+004  0.7473032E+004  0.3406120E+003  0.8159019E+002  0.1050699E+002  0.3248693E+003 -0.1749878E+003  0.1498815E+003 -0.5994962E+002
 102.000    11041996  0.2243404E+004  0.7473216E+004  0.3406120E+003  0.8365364E+002  0.1051323E+002  0.3301528E+003 -0.1774040E+003  0.1527488E+003 -0.6079896E+002
 103.000    12041996  0.2243190E+004  0.7473369E+004  0.3406120E+003  0.8559713E+002  0.1053494E+002  0.3370544E+003 -0.1812796E+003  0.1557749E+003 -0.6196504E+002
 104.000    13041996  0.2243028E+004  0.7473478E+004  0.3406120E+003  0.8732268E+002  0.1056017E+002  0.3452191E+003 -0.1862539E+003  0.1589653E+003 -0.6353888E+002
 105.000    14041996  0.2242559E+004  0.7473552E+004  0.3406120E+003  0.8971203E+002  0.1058070E+002  0.3540451E+003 -0.1909143E+003  0.1631309E+003 -0.6542080E+002
 106.000    15041996  0.2241950E+004  0.7473623E+004  0.3406120E+003  0.9259304E+002  0.1059919E+002  0.3630234E+003 -0.1951977E+003  0.1678257E+003 -0.6731035E+002
 107.000    16041996  0.2241111E+004  0.7473670E+004  0.3406120E+003  0.9446670E+002  0.1061351E+002  0.3710183E+003 -0.1993201E+003  0.1716982E+003 -0.6943475E+002
 108.000    17041996  0.2240144E+004  0.7473780E+004  0.3406120E+003  0.9704401E+002  0.1061750E+002  0.3775859E+003 -0.2017403E+003  0.1758456E+003 -0.7101133E+002
 109.000    18041996  0.2239584E+004  0.7473900E+004  0.3406120E+003  0.9955327E+002  0.1062796E+002  0.3851289E+003 -0.2052520E+003  0.1798769E+003 -0.7254969E+002
 110.000    19041996  0.2238806E+004  0.7473989E+004  0.3406120E+003  0.1025653E+003  0.1064048E+002  0.3934638E+003 -0.2088189E+003  0.1846449E+003 -0.7434197E+002
 111.000    20041996  0.2238571E+004  0.7474053E+004  0.3406120E+003  0.1056643E+003  0.1066096E+002  0.4035715E+003 -0.2138890E+003  0.1896825E+003 -0.7634803E+002
 112.000    21041996  0.2238083E+004  0.7474073E+004  0.3406120E+003  0.1079082E+003  0.1068900E+002  0.4135202E+003 -0.2193915E+003  0.1941286E+003 -0.7867355E+002
 113.000    22041996  0.2237752E+004  0.7474071E+004  0.3406120E+003  0.1096197E+003  0.1071163E+002  0.4233430E+003 -0.2251565E+003  0.1981865E+003 -0.8110026E+002
 114.000    23041996  0.2237303E+004  0.7474048E+004  0.3406120E+003  0.1118481E+003  0.1072807E+002  0.4334833E+003 -0.2305890E+003  0.2028944E+003 -0.8363812E+002
 115.000    24041996  0.2236040E+004  0.7474067E+004  0.3406120E+003  0.1132757E+003  0.1073575E+002  0.4404008E+003 -0.2337320E+003  0.2066688E+003 -0.8597743E+002
 116.000    25041996  0.2234989E+004  0.7474150E+004  0.3406120E+003  0.1157478E+003  0.1074420E+002  0.4479450E+003 -0.2367942E+003  0.2111508E+003 -0.8795206E+002
 117.000    26041996  0.2233991E+004  0.7474206E+004  0.3406120E+003  0.1190538E+003  0.1075963E+002  0.4572042E+003 -0.2406274E+003  0.2165768E+003 -0.9015106E+002
 118.000    27041996  0.2232830E+004  0.7474253E+004  0.3406120E+003  0.1219793E+003  0.1077349E+002  0.4658806E+003 -0.2441970E+003  0.2216837E+003 -0.9239310E+002
 119.000    28041996  0.2231901E+004  0.7474328E+004  0.3406120E+003  0.1247974E+003  0.1078652E+002  0.4744644E+003 -0.2479444E+003  0.2265200E+003 -0.9442508E+002
 120.000    29041996  0.2231155E+004  0.7474366E+004  0.3406120E+003  0.1275674E+003  0.1080785E+002  0.4845192E+003 -0.2530402E+003  0.2314789E+003 -0.9678140E+002
 121.000    30041996  0.2230629E+004  0.7474352E+004  0.3406120E+003  0.1300597E+003  0.1082120E+002  0.4945819E+003 -0.2580393E+003  0.2365426E+003 -0.9962467E+002
 122.000    01051996  0.2229281E+004  0.7474404E+004  0.3406120E+003  0.1322371E+003  0.1082808E+002  0.5019361E+003 -0.2609871E+003  0.2409490E+003 -0.1018083E+003
 123.000    02051996  0.2228392E+004  0.7474478E+004  0.3406120E+003  0.1348794E+003  0.1083980E+002  0.5105780E+003 -0.2649151E+003  0.2456628E+003 -0.1038632E+003
 124.000    03051996  0.2227710E+004  0.7474527E+004  0.3406120E+003  0.1371072E+003  0.1085518E+002  0.5198518E+003 -0.2697319E+003  0.2501199E+003 -0.1060943E+003
 125.000    04051996  0.2227294E+004  0.7474546E+004  0.3406120E+003  0.1390349E+003  0.1087222E+002  0.5298680E+003 -0.2754434E+003  0.2544245E+003 -0.1085046E+003
 126.000    05051996  0.2227013E+004  0.7474515E+004  0.3406120E+003  0.1408814E+003  0.1088863E+002  0.5404358E+003 -0.2815677E+003  0.2588681E+003 -0.1111618E+003
 127.000    06051996  0.2226564E+004  0.7474453E+004  0.3406120E+003  0.1424088E+003  0.1090241E+002  0.5504881E+003 -0.2873619E+003  0.2631262E+003 -0.1139768E+003
 128.000    07051996  0.2225114E+004  0.7474403E+004  0.3406120E+003  0.1447839E+003  0.1090990E+002  0.5593296E+003 -0.2911667E+003  0.2681629E+003 -0.1168794E+003
 129.000    08051996  0.2224637E+004  0.7474407E+004  0.3406120E+003  0.1479086E+003  0.1092309E+002  0.5694715E+003 -0.2956943E+003  0.2737772E+003 -0.1194440E+003
 130.000    09051996  0.2224251E+004  0.7474359E+004  0.3406120E+003  0.1498238E+003  0.1096075E+002  0.5803931E+003 -0.3019999E+003  0.2783932E+003 -0.1222548E+003
 131.000    10051996  0.2223770E+004  0.7474274E+004  0.3406120E+003  0.1518074E+003  0.1098780E+002  0.5912770E+003 -0.3080305E+003  0.2832465E+003 -0.1252266E+003
 132.000    11051996  0.2223053E+004  0.7474184E+004  0.3406120E+003  0.1545672E+003  0.1101092E+002  0.6025419E+003 -0.3136203E+003  0.2889215E+003 -0.1282322E+003
 133.000    12051996  0.2221678E+004  0.7474117E+004  0.3406120E+003  0.1567716E+003  0.1102373E+002  0.6115497E+003 -0.3175915E+003  0.2939582E+003 -0.1311248E+003
 134.000    13051996  0.2219952E+004  0.7474157E+004  0.3406120E+003  0.1595340E+003  0.1102855E+002  0.6190301E+003 -0.3199198E+003  0.2991103E+003 -0.1334998E+003
 135.000    14051996  0.2218429E+004  0.7474233E+004  0.3406120E+003  0.1631394E+003  0.1104023E+002  0.6274955E+003 -0.3225785E+003  0.3049171E+003 -0.1357052E+003
 136.000    15051996  0.2216722E+004  0.7474314E+004  0.3406120E+003  0.1651045E+003  0.1104927E+002  0.6339381E+003 -0.3249573E+003  0.3089808E+003 -0.1379610E+003
 137.000    16051996  0.2215349E+004  0.7474380E+004  0.3406120E+003  0.1679525E+003  0.1107616E+002  0.6432106E+003 -0.3291760E+003  0.3140345E+003 -0.1404183E+003
 138.000    17051996  0.2214932E+004  0.7474380E+004  0.3406120E+003  0.1700540E+003  0.1112086E+002  0.6548083E+003 -0.3361488E+003  0.3186595E+003 -0.1430522E+003
 139.000    18051996  0.2214898E+004  0.7474315E+004  0.3406120E+003  0.1706500E+003  0.1115803E+002  0.6656737E+003 -0.3436275E+003  0.3220461E+003 -0.1459619E+003
 140.000    19051996  0.2214958E+004  0.7474216E+004  0.3406120E+003  0.1710276E+003  0.1118828E+002  0.6762634E+003 -0.3508372E+003  0.3254262E+003 -0.1490217E+003
 141.000    20051996  0.2215033E+004  0.7474088E+004  0.3406120E+003  0.1714948E+003  0.1121270E+002  0.6869447E+003 -0.3579175E+003  0.3290272E+003 -0.1522068E+003
 142.000    21051996  0.2214969E+004  0.7473938E+004  0.3406120E+003  0.1725211E+003  0.1123639E+002  0.6980184E+003 -0.3647453E+003  0.3332732E+003 -0.1554780E+003
 143.000    22051996  0.2214518E+004  0.7473779E+004  0.3406120E+003  0.1743761E+003  0.1126058E+002  0.7091427E+003 -0.3707888E+003  0.3383539E+003 -0.1587389E+003
 144.000    23051996  0.2213887E+004  0.7473654E+004  0.3406120E+003  0.1765010E+003  0.1128253E+002  0.7199377E+003 -0.3763993E+003  0.3435384E+003 -0.1618055E+003
 145.000    24051996  0.2213510E+004  0.7473526E+004  0.3406120E+003  0.1787701E+003  0.1131260E+002  0.7315517E+003 -0.3826777E+003  0.3488740E+003 -0.1648896E+003
 146.000    25051996  0.2212772E+004  0.7473368E+004  0.3406120E+003  0.1810127E+003  0.1133850E+002  0.7427015E+003 -0.3884051E+003  0.3542964E+003 -0.1681055E+003
 147.000    26051996  0.2211950E+004  0.7473265E+004  0.3406120E+003  0.1840839E+003  0.1135625E+002  0.7529063E+003 -0.3925873E+003  0.3603190E+003 -0.1710856E+003
 148.000    27051996  0.2211269E+004  0.7473148E+004  0.3406120E+003  0.1868834E+003  0.1140038E+002  0.7650161E+003 -0.3989186E+003  0.3660976E+003 -0.1741996E+003
 149.000    28051996  0.2210014E+004  0.7472965E+004  0.3406120E+003  0.1882977E+003  0.1144226E+002  0.7758332E+003 -0.4049637E+003  0.3708695E+003 -0.1779420E+003
 150.000    29051996  0.2208996E+004  0.7472814E+004  0.3406120E+003  0.1912509E+003  0.1148200E+002  0.7877152E+003 -0.4106556E+003  0.3770596E+003 -0.1812305E+003
 151.000    30051996  0.2207995E+004  0.7472687E+004  0.3406120E+003  0.1924764E+003  0.1149765E+002  0.7961762E+003 -0.4148092E+003  0.3813670E+003 -0.1844816E+003
 152.000    31051996  0.2206416E+004  0.7472653E+004  0.3406120E+003  0.1953931E+003  0.1151260E+002  0.8053102E+003 -0.4183312E+003  0.3869789E+003 -0.1872379E+003
 153.000    01061996  0.2205138E+004  0.7472633E+004  0.3406120E+003  0.1983573E+003  0.1153695E+002  0.8151133E+003 -0.4225835E+003  0.3925299E+003 -0.1899178E+003
 154.000    02061996  0.2204054E+004  0.7472602E+004  0.3406120E+003  0.2010273E+003  0.1156406E+002  0.8252984E+003 -0.4274896E+003  0.3978088E+003 -0.1926306E+003
 155.000    03061996  0.2203067E+004  0.7472555E+004  0.3406120E+003  0.2037374E+003  0.1159086E+002  0.8358683E+003 -0.4326853E+003  0.4031829E+003 -0.1953980E+003
 156.000    04061996  0.2202143E+004  0.7472482E+004  0.3406120E+003  0.2060502E+003  0.1162105E+002  0.8464938E+003 -0.4382381E+003  0.4082557E+003 -0.1982706E+003
 157.000    05061996  0.2201233E+004  0.7472382E+004  0.3406120E+003  0.2081945E+003  0.1165152E+002  0.8574434E+003 -0.4441883E+003  0.4132551E+003 -0.2013369E+003
 158.000    06061996  0.2200578E+004  0.7472267E+004  0.3406120E+003  0.2102364E+003  0.1168633E+002  0.8688779E+003 -0.4506172E+003  0.4182606E+003 -0.2044210E+003
 159.000    07061996  0.2200095E+004  0.7472132E+004  0.3406120E+003  0.2118862E+003  0.1172365E+002  0.8803502E+003 -0.4573744E+003  0.4229758E+003 -0.2075815E+003
 160.000    08061996  0.2199434E+004  0.7471974E+004  0.3406120E+003  0.2139416E+003  0.1175470E+002  0.8919785E+003 -0.4637737E+003  0.4282048E+003 -0.2108378E+003
 161.000    09061996  0.2198492E+004  0.7471805E+004  0.3406120E+003  0.2158099E+003  0.1178544E+002  0.9030568E+003 -0.4698084E+003  0.4332484E+003 -0.2141984E+003
 162.000    10061996  0.2197522E+004  0.7471627E+004  0.3406120E+003  0.2175216E+003  0.1181224E+002  0.9142166E+003 -0.4760442E+003  0.4381724E+003 -0.2176590E+003
 163.000    11061996  0.2196479E+004  0.7471440E+004  0.3406120E+003  0.2181809E+003  0.1183439E+002  0.9241417E+003 -0.4820294E+003  0.4421124E+003 -0.2211311E+003
 164.000    12061996  0.2195663E+004  0.7471252E+004  0.3406120E+003  0.2200082E+003  0.1185889E+002  0.9357069E+003 -0.4884492E+003  0.4472577E+003 -0.2245993E+003
 165.000    13061996  0.2195450E+004  0.7471054E+004  0.3406120E+003  0.2222068E+003  0.1188596E+002  0.9476854E+003 -0.4948464E+003  0.4528391E+003 -0.2281151E+003
 166.000    14061996  0.2194783E+004  0.7470835E+004  0.3406120E+003  0.2232343E+003  0.1191869E+002  0.9591253E+003 -0.5018151E+003  0.4573102E+003 -0.2317261E+003
 167.000    15061996  0.2194329E+004  0.7470614E+004  0.3406120E+003  0.2241606E+003  0.1195144E+002  0.9706036E+003 -0.5089302E+003  0.4616734E+003 -0.2352802E+003
 168.000    16061996  0.2193757E+004  0.7470378E+004  0.3406120E+003  0.2259366E+003  0.1198181E+002  0.9827902E+003 -0.5158470E+003  0.4669431E+003 -0.2388856E+003
 169.000    17061996  0.2193184E+004  0.7470131E+004  0.3406120E+003  0.2274116E+003  0.1200820E+002  0.9947730E+003 -0.5228290E+003  0.4719439E+003 -0.2425165E+003
 170.000    18061996  0.2192800E+004  0.7469870E+004  0.3406120E+003  0.2284933E+003  0.1203827E+002  0.1006852E+004 -0.5302364E+003  0.4766154E+003 -0.2461994E+003
 171.000    19061996  0.2192334E+004  0.7469589E+004  0.3406120E+003  0.2295328E+003  0.1206535E+002  0.1018759E+004 -0.5374435E+003  0.4813159E+003 -0.2499466E+003
 172.000    20061996  0.2191957E+004  0.7469303E+004  0.3406120E+003  0.2301276E+003  0.1209337E+002  0.1030411E+004 -0.5448194E+003  0.4855915E+003 -0.2536971E+003
 173.000    21061996  0.2191739E+004  0.7468996E+004  0.3406120E+003  0.2304849E+003  0.1212030E+002  0.1042191E+004 -0.5524864E+003  0.4897045E+003 -0.2575176E+003
 174.000    22061996  0.2193064E+004  0.7468679E+004  0.3406120E+003  0.2298580E+003  0.1214960E+002  0.1053420E+004 -0.5605330E+003  0.4928865E+003 -0.2613633E+003
 175.000    23061996  0.2193042E+004  0.7468350E+004  0.3406120E+003  0.2293691E+003  0.1218323E+002  0.1064557E+004 -0.5683147E+003  0.4962423E+003 -0.2652340E+003
 176.000    24061996  0.2193368E+004  0.7467988E+004  0.3406120E+003  0.2282249E+003  0.1221777E+002  0.1075909E+004 -0.5768639E+003  0.4990449E+003 -0.2692119E+003
 177.000    25061996  0.2193291E+004  0.7467602E+004  0.3406120E+003  0.2271940E+003  0.1224401E+002  0.1086549E+004 -0.5845226E+003  0.5020265E+003 -0.2732404E+003
 178.000    26061996  0.2192618E+004  0.7467269E+004  0.3406120E+003  0.2280441E+003  0.1226462E+002  0.1097487E+004 -0.5907981E+003  0.5066892E+003 -0.2770183E+003
 179.000    27061996  0.2191719E+004  0.7467025E+004  0.3406120E+003  0.2297578E+003  0.1227932E+002  0.1108224E+004 -0.5963514E+003  0.5118727E+003 -0.2804073E+003
 180.000    28061996  0.2191021E+004  0.7466808E+004  0.3406120E+003  0.2311808E+003  0.1229723E+002  0.1118998E+004 -0.6023422E+003  0.5166562E+003 -0.2836819E+003
 181.000    29061996  0.2190647E+004  0.7466576E+004  0.3406120E+003  0.2321043E+003  0.1232236E+002  0.1130157E+004 -0.6091642E+003  0.5209929E+003 -0.2870177E+003
 182.000    30061996  0.2191039E+004  0.7466316E+004  0.3406120E+003  0.2321302E+003  0.1234123E+002  0.1140814E+004 -0.6162827E+003  0.5245308E+003 -0.2904563E+003
 183.000    01071996  0.2191315E+004  0.7466009E+004  0.3406120E+003  0.2316118E+003  0.1236781E+002  0.1152089E+004 -0.6243921E+003  0.5276968E+003 -0.2940659E+003
 184.000    02071996  0.2191381E+004  0.7465663E+004  0.3406120E+003  0.2313113E+003  0.1239181E+002  0.1163275E+004 -0.6320650E+003  0.5312104E+003 -0.2978004E+003
 185.000    03071996  0.2191311E+004  0.7465326E+004  0.3406120E+003  0.2310269E+003  0.1241205E+002  0.1174178E+004 -0.6394734E+003  0.5347044E+003 -0.3014732E+003
 186.000    04071996  0.2190484E+004  0.7465074E+004  0.3406120E+003  0.2323343E+003  0.1242619E+002  0.1184209E+004 -0.6447431E+003  0.5394659E+003 -0.3047484E+003
 187.000    05071996  0.2189947E+004  0.7464882E+004  0.3406120E+003  0.2336062E+003  0.1244159E+002  0.1194475E+004 -0.6505237E+003  0.5439516E+003 -0.3077750E+003
 188.000    06071996  0.2189657E+004  0.7464654E+004  0.3406120E+003  0.2347749E+003  0.1246239E+002  0.1205674E+004 -0.6572082E+003  0.5484659E+003 -0.3109663E+003
 189.000    07071996  0.2189742E+004  0.7464400E+004  0.3406120E+003  0.2349047E+003  0.1248266E+002  0.1216745E+004 -0.6647143E+003  0.5520310E+003 -0.3142413E+003
 190.000    08071996  0.2189753E+004  0.7464100E+004  0.3406120E+003  0.2351071E+003  0.1250181E+002  0.1227911E+004 -0.6721115E+003  0.5557996E+003 -0.3177028E+003
 191.000    09071996  0.2189419E+004  0.7463745E+004  0.3406120E+003  0.2351927E+003  0.1251746E+002  0.1238981E+004 -0.6793862E+003  0.5595944E+003 -0.3215198E+003
 192.000    10071996  0.2189037E+004  0.7463416E+004  0.3406120E+003  0.2356811E+003  0.1253335E+002  0.1249993E+004 -0.6861828E+003  0.5638106E+003 -0.3251146E+003
 193.000    11071996  0.2188095E+004  0.7463141E+004  0.3406120E+003  0.2361213E+003  0.1254280E+002  0.1259296E+004 -0.6915157E+003  0.5677804E+003 -0.3284645E+003
 194.000    12071996  0.2186705E+004  0.7462886E+004  0.3406120E+003  0.2360391E+003  0.1255340E+002  0.1267638E+004 -0.6965990E+003  0.5710392E+003 -0.3320117E+003
 195.000    13071996  0.2185702E+004  0.7462616E+004  0.3406120E+003  0.2376700E+003  0.1256477E+002  0.1279307E+004 -0.7031522E+003  0.5761546E+003 -0.3357586E+003
 196.000    14071996  0.2185291E+004  0.7462286E+004  0.3406120E+003  0.2372336E+003  0.1257922E+002  0.1290405E+004 -0.7108990E+003  0.5795062E+003 -0.3396348E+003
 197.000    15071996  0.2184615E+004  0.7461925E+004  0.3406120E+003  0.2367811E+003  0.1258930E+002  0.1301100E+004 -0.7181110E+003  0.5829887E+003 -0.3436450E+003
 198.000    16071996  0.2183815E+004  0.7461562E+004  0.3406120E+003  0.2368325E+003  0.1260170E+002  0.1312142E+004 -0.7251684E+003  0.5869733E+003 -0.3476949E+003
 199.000    17071996  0.2183440E+004  0.7461203E+004  0.3406120E+003  0.2368310E+003  0.1261347E+002  0.1323944E+004 -0.7329879E+003  0.5909559E+003 -0.3516388E+003
 200.000    18071996  0.2183175E+004  0.7460814E+004  0.3406120E+003  0.2368493E+003  0.1262384E+002  0.1335920E+004 -0.7408712E+003  0.5950491E+003 -0.3556626E+003
 201.000    19071996  0.2183051E+004  0.7460409E+004  0.3406120E+003  0.2354815E+003  0.1263374E+002  0.1346687E+004 -0.7488913E+003  0.5977953E+003 -0.3597164E+003
 202.000    20071996  0.2182800E+004  0.7460011E+004  0.3406120E+003  0.2347729E+003  0.1264141E+002  0.1357582E+004 -0.7564066E+003  0.6011753E+003 -0.3637157E+003
 203.000    21071996  0.2182299E+004  0.7459649E+004  0.3406120E+003  0.2349119E+003  0.1265014E+002  0.1368458E+004 -0.7632080E+003  0.6052499E+003 -0.3675282E+003
 204.000    22071996  0.2181991E+004  0.7459293E+004  0.3406120E+003  0.2353800E+003  0.1265937E+002  0.1380186E+004 -0.7705672E+003  0.6096189E+003 -0.3713222E+003
 205.000    23071996  0.2181761E+004  0.7458885E+004  0.3406120E+003  0.2348982E+003  0.1266713E+002  0.1391585E+004 -0.7783808E+003  0.6132038E+003 -0.3753489E+003
 206.000    24071996  0.2181149E+004  0.7458453E+004  0.3406120E+003  0.2332568E+003  0.1267364E+002  0.1401200E+004 -0.7855300E+003  0.6156696E+003 -0.3795407E+003
 207.000    25071996  0.2180515E+004  0.7458049E+004  0.3406120E+003  0.2332470E+003  0.1267797E+002  0.1412161E+004 -0.7924966E+003  0.6196642E+003 -0.3836183E+003
 208.000    26071996  0.2179465E+004  0.7457634E+004  0.3406120E+003  0.2331036E+003  0.1268465E+002  0.1422675E+004 -0.7991790E+003  0.6234963E+003 -0.3879597E+003
 209.000    27071996  0.2178611E+004  0.7457273E+004  0.3406120E+003  0.2336437E+003  0.1268929E+002  0.1433610E+004 -0.8056781E+003  0.6279319E+003 -0.3919028E+003
 210.000    28071996  0.2177709E+004  0.7456926E+004  0.3406120E+003  0.2340983E+003  0.1269400E+002  0.1444248E+004 -0.8120575E+003  0.6321900E+003 -0.3957642E+003
 211.000    29071996  0.2176832E+004  0.7456563E+004  0.3406120E+003  0.2342960E+003  0.1269932E+002  0.1455013E+004 -0.8187634E+003  0.6362498E+003 -0.3997505E+003
 212.000    30071996  0.2176908E+004  0.7456189E+004  0.3406120E+003  0.2339425E+003  0.1269754E+002  0.1465783E+004 -0.8259763E+003  0.6398064E+003 -0.4037326E+003
 213.000    31071996  0.2176192E+004  0.7455805E+004  0.3406120E+003  0.2340572E+003  0.1270180E+002  0.1476857E+004 -0.8330006E+003  0.6438561E+003 -0.4078029E+003
 214.000    01081996  0.2175153E+004  0.7455408E+004  0.3406120E+003  0.2330375E+003  0.1270709E+002  0.1486642E+004 -0.8397117E+003  0.6469305E+003 -0.4120802E+003
 215.000    02081996  0.2174181E+004  0.7455033E+004  0.3406120E+003  0.2321452E+003  0.1271078E+002  0.1496124E+004 -0.8460645E+003  0.6500594E+003 -0.4160980E+003
 216.000    03081996  0.2173167E+004  0.7454660E+004  0.3406120E+003  0.2326445E+003  0.1271339E+002  0.1506883E+004 -0.8524562E+003  0.6544272E+003 -0.4201380E+003
 217.000    04081996  0.2172342E+004  0.7454293E+004  0.3406120E+003  0.2333298E+003  0.1271685E+002  0.1517997E+004 -0.8591098E+003  0.6588876E+003 -0.4240629E+003
 218.000    05081996  0.2171665E+004  0.7453917E+004  0.3406120E+003  0.2339683E+003  0.1271884E+002  0.1529452E+004 -0.8660766E+003  0.6633754E+003 -0.4279796E+003
 219.000    06081996  0.2171014E+004  0.7453533E+004  0.3406120E+003  0.2333049E+003  0.1272118E+002  0.1539493E+004 -0.8729583E+003  0.6665342E+003 -0.4318936E+003
 220.000    07081996  0.2169952E+004  0.7453148E+004  0.3406120E+003  0.2326639E+003  0.1272443E+002  0.1548821E+004 -0.8792755E+003  0.6695450E+003 -0.4359904E+003
 221.000    08081996  0.2169109E+004  0.7452791E+004  0.3406120E+003  0.2334307E+003  0.1272645E+002  0.1559777E+004 -0.8857260E+003  0.6740507E+003 -0.4398520E+003
 222.000    09081996  0.2168143E+004  0.7452438E+004  0.3406120E+003  0.2334346E+003  0.1272759E+002  0.1569648E+004 -0.8919273E+003  0.6777204E+003 -0.4437115E+003
 223.000    10081996  0.2167320E+004  0.7452083E+004  0.3406120E+003  0.2340404E+003  0.1273007E+002  0.1580479E+004 -0.8984962E+003  0.6819830E+003 -0.4475611E+003
 224.000    11081996  0.2166510E+004  0.7451722E+004  0.3406120E+003  0.2343955E+003  0.1273154E+002  0.1591014E+004 -0.9050041E+003  0.6860102E+003 -0.4514005E+003
 225.000    12081996  0.2165297E+004  0.7451378E+004  0.3406120E+003  0.2328500E+003  0.1273254E+002  0.1598593E+004 -0.9106002E+003  0.6879924E+003 -0.4552111E+003
 226.000    13081996  0.2164045E+004  0.7451054E+004  0.3406120E+003  0.2336065E+003  0.1273466E+002  0.1608409E+004 -0.9161144E+003  0.6922951E+003 -0.4589644E+003
 227.000    14081996  0.2162985E+004  0.7450756E+004  0.3406120E+003  0.2351823E+003  0.1273601E+002  0.1619184E+004 -0.9218347E+003  0.6973493E+003 -0.4625053E+003
 228.000    15081996  0.2162214E+004  0.7450470E+004  0.3406120E+003  0.2358818E+003  0.1273773E+002  0.1629599E+004 -0.9281093E+003  0.7014897E+003 -0.4659718E+003
 229.000    16081996  0.2161737E+004  0.7450158E+004  0.3406120E+003  0.2362695E+003  0.1273965E+002  0.1640333E+004 -0.9349574E+003  0.7053758E+003 -0.4695474E+003
 230.000    17081996  0.2161386E+004  0.7449814E+004  0.3406120E+003  0.2363073E+003  0.1274071E+002  0.1651064E+004 -0.9420702E+003  0.7089939E+003 -0.4732285E+003
 231.000    18081996  0.2161042E+004  0.7449453E+004  0.3406120E+003  0.2358555E+003  0.1274268E+002  0.1661276E+004 -0.9490994E+003  0.7121763E+003 -0.4769556E+003
 232.000    19081996  0.2160567E+004  0.7449096E+004  0.3406120E+003  0.2362592E+003  0.1274502E+002  0.1671943E+004 -0.9557567E+003  0.7161861E+003 -0.4806422E+003
 233.000    20081996  0.2160245E+004  0.7448734E+004  0.3406120E+003  0.2360986E+003  0.1274641E+002  0.1682398E+004 -0.9627534E+003  0.7196450E+003 -0.4843349E+003
 234.000    21081996  0.2159745E+004  0.7448383E+004  0.3406120E+003  0.2365891E+003  0.1274635E+002  0.1692973E+004 -0.9692544E+003  0.7237182E+003 -0.4879666E+003
 235.000    22081996  0.2159310E+004  0.7448031E+004  0.3406120E+003  0.2364697E+003  0.1274611E+002  0.1703093E+004 -0.9759213E+003  0.7271720E+003 -0.4915859E+003
 236.000    23081996  0.2159101E+004  0.7447672E+004  0.3406120E+003  0.2360114E+003  0.1274546E+002  0.1713400E+004 -0.9830763E+003  0.7303240E+003 -0.4952240E+003
 237.000    24081996  0.2158827E+004  0.7447294E+004  0.3406120E+003  0.2360446E+003  0.1274636E+002  0.1724028E+004 -0.9899909E+003  0.7340371E+003 -0.4989176E+003
 238.000    25081996  0.2157956E+004  0.7446897E+004  0.3406120E+003  0.2359927E+003  0.1274671E+002  0.1733940E+004 -0.9963756E+003  0.7375647E+003 -0.5029322E+003
 239.000    26081996  0.2157142E+004  0.7446519E+004  0.3406120E+003  0.2358661E+003  0.1274762E+002  0.1743695E+004 -0.1002596E+004  0.7410990E+003 -0.5067495E+003
 240.000    27081996  0.2156258E+004  0.7446147E+004  0.3406120E+003  0.2360440E+003  0.1274786E+002  0.1753725E+004 -0.1008831E+004  0.7448946E+003 -0.5106079E+003
 241.000    28081996  0.2155414E+004  0.7445784E+004  0.3406120E+003  0.2367046E+003  0.1274748E+002  0.1764246E+004 -0.1015075E+004  0.7491714E+003 -0.5143911E+003
 242.000    29081996  0.2154725E+004  0.7445423E+004  0.3406120E+003  0.2369676E+003  0.1274754E+002  0.1774594E+004 -0.1021557E+004  0.7530366E+003 -0.5181160E+003
 243.000    30081996  0.2154839E+004  0.7445059E+004  0.3406120E+003  0.2366883E+003  0.1274149E+002  0.1784642E+004 -0.1028236E+004  0.7564060E+003 -0.5218443E+003
 244.000    31081996  0.2154235E+004  0.7444703E+004  0.3406120E+003  0.2364627E+003  0.1274090E+002  0.1794470E+004 -0.1034663E+004  0.7598070E+003 -0.5255222E+003
 245.000    01091996  0.2153376E+004  0.7444398E+004  0.3406120E+003  0.2367133E+003  0.1274074E+002  0.1803714E+004 -0.1040214E+004  0.7635001E+003 -0.5289573E+003
 246.000    02091996  0.2152584E+004  0.7444100E+004  0.3406120E+003  0.2371097E+003  0.1273990E+002  0.1813253E+004 -0.1045939E+004  0.7673140E+003 -0.5323679E+003
 247.000    03091996  0.2151401E+004  0.7443774E+004  0.3406120E+003  0.2361788E+003  0.1273868E+002  0.1821873E+004 -0.1051758E+004  0.7701150E+003 -0.5362011E+003
 248.000    04091996  0.2150140E+004  0.7443435E+004  0.3406120E+003  0.2363202E+003  0.1273639E+002  0.1831461E+004 -0.1057540E+004  0.7739213E+003 -0.5400969E+003
 249.000    05091996  0.2149144E+004  0.7443098E+004  0.3406120E+003  0.2371287E+003  0.1273349E+002  0.1841823E+004 -0.1063649E+004  0.7781740E+003 -0.5438484E+003
 250.000    06091996  0.2147327E+004  0.7442765E+004  0.3406120E+003  0.2235452E+003  0.1273026E+002  0.1850627E+004 -0.1069199E+004  0.7814277E+003 -0.5481507E+003
 251.000    07091996  0.2146677E+004  0.7442431E+004  0.3406120E+003  0.2236480E+003  0.1272687E+002  0.1860642E+004 -0.1075909E+004  0.7847321E+003 -0.5518239E+003
 252.000    08091996  0.2146179E+004  0.7442071E+004  0.3406120E+003  0.2239455E+003  0.1272250E+002  0.1871030E+004 -0.1082717E+004  0.7883126E+003 -0.5555467E+003
 253.000    09091996  0.2145600E+004  0.7441702E+004  0.3406120E+003  0.2239372E+003  0.1271712E+002  0.1880827E+004 -0.1089297E+004  0.7915309E+003 -0.5592703E+003
 254.000    10091996  0.2145123E+004  0.7441316E+004  0.3406120E+003  0.2232517E+003  0.1271011E+002  0.1890204E+004 -0.1096082E+004  0.7941221E+003 -0.5630531E+003
 255.000    11091996  0.2143947E+004  0.7440927E+004  0.3406120E+003  0.2223721E+003  0.1270113E+002  0.1898501E+004 -0.1101881E+004  0.7966205E+003 -0.5671099E+003
 256.000    12091996  0.2142910E+004  0.7440589E+004  0.3406120E+003  0.2227682E+003  0.1269327E+002  0.1907732E+004 -0.1107289E+004  0.8004423E+003 -0.5707109E+003
 257.000    13091996  0.2142058E+004  0.7440276E+004  0.3406120E+003  0.2236926E+003  0.1268551E+002  0.1917464E+004 -0.1112926E+004  0.8045377E+003 -0.5741415E+003
 258.000    14091996  0.2140779E+004  0.7440031E+004  0.3406120E+003  0.2245164E+003  0.1268042E+002  0.1925411E+004 -0.1117096E+004  0.8083155E+003 -0.5772415E+003
 259.000    15091996  0.2139733E+004  0.7439837E+004  0.3406120E+003  0.2254408E+003  0.1267587E+002  0.1933596E+004 -0.1121591E+004  0.8120057E+003 -0.5801137E+003
 260.000    16091996  0.2138534E+004  0.7439626E+004  0.3406120E+003  0.2262514E+003  0.1267082E+002  0.1941871E+004 -0.1126366E+004  0.8155051E+003 -0.5832246E+003
 261.000    17091996  0.2137754E+004  0.7439357E+004  0.3406120E+003  0.2265459E+003  0.1266336E+002  0.1951708E+004 -0.1132807E+004  0.8189007E+003 -0.5866568E+003
 262.000    18091996  0.2136492E+004  0.7439131E+004  0.3406120E+003  0.2275362E+003  0.1265808E+002  0.1959853E+004 -0.1137116E+004  0.8227371E+003 -0.5897000E+003
 263.000    19091996  0.2135376E+004  0.7438958E+004  0.3406120E+003  0.2285887E+003  0.1265245E+002  0.1967840E+004 -0.1141409E+004  0.8264312E+003 -0.5924784E+003
 264.000    20091996  0.2134393E+004  0.7438796E+004  0.3406120E+003  0.2297123E+003  0.1264704E+002  0.1976154E+004 -0.1146000E+004  0.8301538E+003 -0.5952062E+003
 265.000    21091996  0.2133462E+004  0.7438640E+004  0.3406120E+003  0.2308898E+003  0.1264158E+002  0.1984620E+004 -0.1150737E+004  0.8338825E+003 -0.5979052E+003
 266.000    22091996  0.2132656E+004  0.7438450E+004  0.3406120E+003  0.2316611E+003  0.1263404E+002  0.1993486E+004 -0.1156132E+004  0.8373543E+003 -0.6007950E+003
 267.000    23091996  0.2131639E+004  0.7438292E+004  0.3406120E+003  0.2326304E+003  0.1262817E+002  0.2001413E+004 -0.1160547E+004  0.8408659E+003 -0.6034806E+003
 268.000    24091996  0.2130797E+004  0.7438150E+004  0.3406120E+003  0.2335203E+003  0.1262043E+002  0.2009570E+004 -0.1165322E+004  0.8442473E+003 -0.6061043E+003
 269.000    25091996  0.2130002E+004  0.7437984E+004  0.3406120E+003  0.2343206E+003  0.1261060E+002  0.2018115E+004 -0.1170450E+004  0.8476658E+003 -0.6088640E+003
 270.000    26091996  0.2128961E+004  0.7437809E+004  0.3406120E+003  0.2348069E+003  0.1260088E+002  0.2025876E+004 -0.1175219E+004  0.8506567E+003 -0.6117322E+003
 271.000    27091996  0.2128081E+004  0.7437608E+004  0.3406120E+003  0.2359378E+003  0.1258881E+002  0.2035121E+004 -0.1180711E+004  0.8544100E+003 -0.6147514E+003
 272.000    28091996  0.2127243E+004  0.7437398E+004  0.3406120E+003  0.2370400E+003  0.1257618E+002  0.2044569E+004 -0.1186299E+004  0.8582704E+003 -0.6178057E+003
 273.000    29091996  0.2125994E+004  0.7437166E+004  0.3406120E+003  0.2368407E+003  0.1256365E+002  0.2052203E+004 -0.1191149E+004  0.8610542E+003 -0.6210339E+003
 274.000    30091996  0.2125364E+004  0.7437008E+004  0.3406120E+003  0.2385256E+003  0.1254869E+002  0.2060280E+004 -0.1194945E+004  0.8653358E+003 -0.6237324E+003
 275.000    01101996  0.2124032E+004  0.7436867E+004  0.3406120E+003  0.2380817E+003  0.1253997E+002  0.2065982E+004 -0.1198742E+004  0.8672406E+003 -0.6264139E+003
 276.000    02101996  0.2123092E+004  0.7436724E+004  0.3406120E+003  0.2392843E+003  0.1252884E+002  0.2074645E+004 -0.1203611E+004  0.8710339E+003 -0.6290991E+003
 277.000    03101996  0.2122297E+004  0.7436553E+004  0.3406120E+003  0.2398191E+003  0.1251447E+002  0.2083245E+004 -0.1208984E+004  0.8742617E+003 -0.6319262E+003
 278.000    04101996  0.2120937E+004  0.7436430E+004  0.3406120E+003  0.2399375E+003  0.1250370E+002  0.2088830E+004 -0.1212012E+004  0.8768177E+003 -0.6344118E+003
 279.000    05101996  0.2119913E+004  0.7436408E+004  0.3406120E+003  0.2407445E+003  0.1248583E+002  0.2094033E+004 -0.1214509E+004  0.8795240E+003 -0.6363411E+003
 280.000    06101996  0.2118899E+004  0.7436378E+004  0.3406120E+003  0.2422439E+003  0.1247866E+002  0.2100922E+004 -0.1217942E+004  0.8829802E+003 -0.6383842E+003
 281.000    07101996  0.2117827E+004  0.7436341E+004  0.3406120E+003  0.2441933E+003  0.1247100E+002  0.2108280E+004 -0.1221370E+004  0.8869102E+003 -0.6404641E+003
 282.000    08101996  0.2116801E+004  0.7436257E+004  0.3406120E+003  0.2450545E+003  0.1245978E+002  0.2115793E+004 -0.1225977E+004  0.8898162E+003 -0.6429333E+003
 283.000    09101996  0.2115752E+004  0.7436176E+004  0.3406120E+003  0.2461132E+003  0.1244984E+002  0.2123215E+004 -0.1230141E+004  0.8930744E+003 -0.6452893E+003
 284.000    10101996  0.2114560E+004  0.7436116E+004  0.3406120E+003  0.2468805E+003  0.1244092E+002  0.2129326E+004 -0.1233429E+004  0.8958975E+003 -0.6475036E+003
 285.000    11101996  0.2113436E+004  0.7436111E+004  0.3406120E+003  0.2484830E+003  0.1243342E+002  0.2135562E+004 -0.1236189E+004  0.8993731E+003 -0.6493965E+003
 286.000    12101996  0.2112376E+004  0.7436120E+004  0.3406120E+003  0.2498595E+003  0.1242760E+002  0.2141700E+004 -0.1239139E+004  0.9025612E+003 -0.6512254E+003
 287.000    13101996  0.2111459E+004  0.7436145E+004  0.3406120E+003  0.2508359E+003  0.1242023E+002  0.2147553E+004 -0.1242314E+004  0.9052381E+003 -0.6529701E+003
 288.000    14101996  0.2110729E+004  0.7436156E+004  0.3406120E+003  0.2513802E+003  0.1241311E+002  0.2153952E+004 -0.1246386E+004  0.9075666E+003 -0.6548230E+003
 289.000    15101996  0.2110019E+004  0.7436131E+004  0.3406120E+003  0.2520550E+003  0.1240344E+002  0.2161099E+004 -0.1250864E+004  0.9102350E+003 -0.6568966E+003
 290.000    16101996  0.2109345E+004  0.7436099E+004  0.3406120E+003  0.2524904E+003  0.1239292E+002  0.2168113E+004 -0.1255399E+004  0.9127150E+003 -0.6589988E+003
 291.000    17101996  0.2108770E+004  0.7436033E+004  0.3406120E+003  0.2528775E+003  0.1237931E+002  0.2175750E+004 -0.1260409E+004  0.9153407E+003 -0.6612930E+003
 292.000    18101996  0.2108197E+004  0.7435929E+004  0.3406120E+003  0.2533197E+003  0.1236073E+002  0.2183822E+004 -0.1265709E+004  0.9181130E+003 -0.6638209E+003
 293.000    19101996  0.2106959E+004  0.7435874E+004  0.3406120E+003  0.2535923E+003  0.1234377E+002  0.2188842E+004 -0.1268369E+004  0.9204725E+003 -0.6660291E+003
 294.000    20101996  0.2106074E+004  0.7435921E+004  0.3406120E+003  0.2544969E+003  0.1232334E+002  0.2193475E+004 -0.1270460E+004  0.9230147E+003 -0.6676300E+003
 295.000    21101996  0.2105279E+004  0.7435963E+004  0.3406120E+003  0.2560119E+003  0.1231619E+002  0.2199694E+004 -0.1273491E+004  0.9262032E+003 -0.6693001E+003
 296.000    22101996  0.2104654E+004  0.7435984E+004  0.3406120E+003  0.2567411E+003  0.1230681E+002  0.2206105E+004 -0.1277408E+004  0.9286965E+003 -0.6711112E+003
 297.000    23101996  0.2104120E+004  0.7435971E+004  0.3406120E+003  0.2573784E+003  0.1229399E+002  0.2213265E+004 -0.1281980E+004  0.9312843E+003 -0.6731295E+003
 298.000    24101996  0.2103316E+004  0.7435958E+004  0.3406120E+003  0.2576352E+003  0.1228305E+002  0.2219017E+004 -0.1285527E+004  0.9334900E+003 -0.6751094E+003
 299.000    25101996  0.2102578E+004  0.7435971E+004  0.3406120E+003  0.2586944E+003  0.1227433E+002  0.2225383E+004 -0.1289009E+004  0.9363745E+003 -0.6769424E+003
 300.000    26101996  0.2101779E+004  0.7435975E+004  0.3406120E+003  0.2595687E+003  0.1226386E+002  0.2231646E+004 -0.1292513E+004  0.9391330E+003 -0.6788385E+003
 301.000    27101996  0.2101037E+004  0.7435970E+004  0.3406120E+003  0.2595391E+003  0.1225074E+002  0.2237405E+004 -0.1296363E+004  0.9410415E+003 -0.6807867E+003
 302.000    28101996  0.2100554E+004  0.7435939E+004  0.3406120E+003  0.2597526E+003  0.1223417E+002  0.2244493E+004 -0.1301144E+004  0.9433488E+003 -0.6828949E+003
 303.000    29101996  0.2099907E+004  0.7435884E+004  0.3406120E+003  0.2599399E+003  0.1221785E+002  0.2251287E+004 -0.1305517E+004  0.9457698E+003 -0.6851190E+003
 304.000    30101996  0.2100220E+004  0.7435831E+004  0.3406120E+003  0.2598512E+003  0.1219314E+002  0.2258514E+004 -0.1310594E+004  0.9479196E+003 -0.6873314E+003
 305.000    31101996  0.2099445E+004  0.7435780E+004  0.3406120E+003  0.2598318E+003  0.1217935E+002  0.2264481E+004 -0.1314344E+004  0.9501361E+003 -0.6895038E+003
 306.000    01111996  0.2098528E+004  0.7435770E+004  0.3406120E+003  0.2598511E+003  0.1216820E+002  0.2269592E+004 -0.1317401E+004  0.9521913E+003 -0.6914524E+003
 307.000    02111996  0.2097437E+004  0.7435775E+004  0.3406120E+003  0.2610193E+003  0.1215831E+002  0.2275146E+004 -0.1320033E+004  0.9551123E+003 -0.6933480E+003
 308.000    03111996  0.2096698E+004  0.7435865E+004  0.3406120E+003  0.2604918E+003  0.1212927E+002  0.2277536E+004 -0.1321567E+004  0.9559687E+003 -0.6947077E+003
 309.000    04111996  0.2096191E+004  0.7436003E+004  0.3406120E+003  0.2608615E+003  0.1210051E+002  0.2280757E+004 -0.1323236E+004  0.9575210E+003 -0.6958306E+003
 310.000    05111996  0.2095558E+004  0.7436114E+004  0.3406120E+003  0.2622437E+003  0.1208612E+002  0.2285806E+004 -0.1325602E+004  0.9602046E+003 -0.6971051E+003
 311.000    06111996  0.2095070E+004  0.7436172E+004  0.3406120E+003  0.2629993E+003  0.1207402E+002  0.2292283E+004 -0.1329717E+004  0.9625659E+003 -0.6987224E+003
 312.000    07111996  0.2094690E+004  0.7436174E+004  0.3406120E+003  0.2631621E+003  0.1205683E+002  0.2299352E+004 -0.1334683E+004  0.9646693E+003 -0.7006803E+003
 313.000    08111996  0.2094245E+004  0.7436130E+004  0.3406120E+003  0.2629799E+003  0.1203931E+002  0.2306104E+004 -0.1339567E+004  0.9665368E+003 -0.7029279E+003
 314.000    09111996  0.2093300E+004  0.7436141E+004  0.3406120E+003  0.2629378E+003  0.1202222E+002  0.2310220E+004 -0.1341848E+004  0.9683717E+003 -0.7047477E+003
 315.000    10111996  0.2092757E+004  0.7436254E+004  0.3406120E+003  0.2627789E+003  0.1199158E+002  0.2312946E+004 -0.1343356E+004  0.9695907E+003 -0.7059722E+003
 316.000    11111996  0.2092381E+004  0.7436398E+004  0.3406120E+003  0.2622534E+003  0.1195730E+002  0.2314992E+004 -0.1344766E+004  0.9702258E+003 -0.7070335E+003
 317.000    12111996  0.2092111E+004  0.7436569E+004  0.3406120E+003  0.2619071E+003  0.1192193E+002  0.2316958E+004 -0.1346114E+004  0.9708442E+003 -0.7079474E+003
 318.000    13111996  0.2091887E+004  0.7436756E+004  0.3406120E+003  0.2620477E+003  0.1189126E+002  0.2319277E+004 -0.1347455E+004  0.9718225E+003 -0.7087486E+003
 319.000    14111996  0.2091592E+004  0.7436934E+004  0.3406120E+003  0.2621271E+003  0.1186587E+002  0.2321664E+004 -0.1348904E+004  0.9727606E+003 -0.7096006E+003
 320.000    15111996  0.2091358E+004  0.7437113E+004  0.3406120E+003  0.2613607E+003  0.1183407E+002  0.2323072E+004 -0.1350245E+004  0.9728270E+003 -0.7104207E+003
 321.000    16111996  0.2091225E+004  0.7437310E+004  0.3406120E+003  0.2614483E+003  0.1180756E+002  0.2325269E+004 -0.1351643E+004  0.9736258E+003 -0.7110993E+003
 322.000    17111996  0.2091122E+004  0.7437505E+004  0.3406120E+003  0.2616410E+003  0.1178313E+002  0.2327828E+004 -0.1353301E+004  0.9745265E+003 -0.7117898E+003
 323.000    18111996  0.2090603E+004  0.7437659E+004  0.3406120E+003  0.2621162E+003  0.1177809E+002  0.2331190E+004 -0.1355266E+004  0.9759239E+003 -0.7127313E+003
 324.000    19111996  0.2090238E+004  0.7437781E+004  0.3406120E+003  0.2630796E+003  0.1177305E+002  0.2336132E+004 -0.1358161E+004  0.9779708E+003 -0.7138907E+003
 325.000    20111996  0.2091943E+004  0.7437889E+004  0.3406120E+003  0.2634382E+003  0.1176743E+002  0.2340338E+004 -0.1360789E+004  0.9795485E+003 -0.7151313E+003
 326.000    21111996  0.2093447E+004  0.7438012E+004  0.3406120E+003  0.2632828E+003  0.1175286E+002  0.2343053E+004 -0.1362617E+004  0.9804356E+003 -0.7162706E+003
 327.000    22111996  0.2095027E+004  0.7438169E+004  0.3406120E+003  0.2633268E+003  0.1173381E+002  0.2345518E+004 -0.1364117E+004  0.9814010E+003 -0.7171981E+003
 328.000    23111996  0.2096635E+004  0.7438347E+004  0.3406120E+003  0.2633325E+003  0.1171571E+002  0.2347813E+004 -0.1365548E+004  0.9822659E+003 -0.7179760E+003
 329.000    24111996  0.2098186E+004  0.7438526E+004  0.3406120E+003  0.2635470E+003  0.1170017E+002  0.2350617E+004 -0.1367290E+004  0.9833273E+003 -0.7187443E+003
 330.000    25111996  0.2099470E+004  0.7438670E+004  0.3406120E+003  0.2642159E+003  0.1169676E+002  0.2355065E+004 -0.1370064E+004  0.9850009E+003 -0.7197374E+003
 331.000    26111996  0.2100771E+004  0.7438753E+004  0.3406120E+003  0.2640135E+003  0.1169026E+002  0.2360324E+004 -0.1374228E+004  0.9860957E+003 -0.7211668E+003
 332.000    27111996  0.2101795E+004  0.7438884E+004  0.3406120E+003  0.2630168E+003  0.1166931E+002  0.2361995E+004 -0.1375833E+004  0.9861613E+003 -0.7222249E+003
 333.000    28111996  0.2103070E+004  0.7439074E+004  0.3406120E+003  0.2624320E+003  0.1164412E+002  0.2363330E+004 -0.1377027E+004  0.9863023E+003 -0.7228960E+003
 334.000    29111996  0.2104310E+004  0.7439277E+004  0.3406120E+003  0.2624771E+003  0.1162768E+002  0.2365242E+004 -0.1378285E+004  0.9869565E+003 -0.7234489E+003
 335.000    30111996  0.2106089E+004  0.7439476E+004  0.3406120E+003  0.2627878E+003  0.1160725E+002  0.2367460E+004 -0.1379644E+004  0.9878163E+003 -0.7240193E+003
 336.000    01121996  0.2107002E+004  0.7439618E+004  0.3406120E+003  0.2639315E+003  0.1160438E+002  0.2372737E+004 -0.1382932E+004  0.9898052E+003 -0.7250477E+003
 337.000    02121996  0.2107508E+004  0.7439710E+004  0.3406120E+003  0.2635921E+003  0.1159839E+002  0.2376761E+004 -0.1385936E+004  0.9908254E+003 -0.7263906E+003
 338.000    03121996  0.2108132E+004  0.7439862E+004  0.3406120E+003  0.2638826E+003  0.1158099E+002  0.2379691E+004 -0.1387593E+004  0.9920978E+003 -0.7272969E+003
 339.000    04121996  0.2108693E+004  0.7440024E+004  0.3406120E+003  0.2639441E+003  0.1156743E+002  0.2382259E+004 -0.1389140E+004  0.9931191E+003 -0.7281359E+003
 340.000    05121996  0.2109325E+004  0.7440203E+004  0.3406120E+003  0.2640581E+003  0.1155020E+002  0.2384583E+004 -0.1390505E+004  0.9940781E+003 -0.7288475E+003
 341.000    06121996  0.2109732E+004  0.7440369E+004  0.3406120E+003  0.2644032E+003  0.1154136E+002  0.2387350E+004 -0.1392155E+004  0.9951951E+003 -0.7296695E+003
 342.000    07121996  0.2110174E+004  0.7440533E+004  0.3406120E+003  0.2653954E+003  0.1153264E+002  0.2391119E+004 -0.1394078E+004  0.9970405E+003 -0.7304974E+003
 343.000    08121996  0.2110485E+004  0.7440690E+004  0.3406120E+003  0.2652440E+003  0.1152235E+002  0.2393646E+004 -0.1395859E+004  0.9977879E+003 -0.7313697E+003
 344.000    09121996  0.2110901E+004  0.7440865E+004  0.3406120E+003  0.2646494E+003  0.1150684E+002  0.2395241E+004 -0.1397191E+004  0.9980503E+003 -0.7320887E+003
 345.000    10121996  0.2111433E+004  0.7441060E+004  0.3406120E+003  0.2645160E+003  0.1149031E+002  0.2397060E+004 -0.1398453E+004  0.9986065E+003 -0.7326318E+003
 346.000    11121996  0.2111999E+004  0.7441250E+004  0.3406120E+003  0.2648208E+003  0.1148154E+002  0.2399964E+004 -0.1400386E+004  0.9995783E+003 -0.7332273E+003
 347.000    12121996  0.2112351E+004  0.7441385E+004  0.3406120E+003  0.2653781E+003  0.1147715E+002  0.2404926E+004 -0.1403783E+004  0.1001144E+004 -0.7342438E+003
 348.000    13121996  0.2112474E+004  0.7441482E+004  0.3406120E+003  0.2647075E+003  0.1147164E+002  0.2408875E+004 -0.1407155E+004  0.1001720E+004 -0.7355307E+003
 349.000    14121996  0.2112502E+004  0.7441615E+004  0.3406120E+003  0.2645747E+003  0.1145597E+002  0.2411533E+004 -0.1408912E+004  0.1002621E+004 -0.7365285E+003
 350.000    15121996  0.2112692E+004  0.7441780E+004  0.3406120E+003  0.2645328E+003  0.1144318E+002  0.2413772E+004 -0.1410352E+004  0.1003420E+004 -0.7373020E+003
 351.000    16121996  0.2112920E+004  0.7441954E+004  0.3406120E+003  0.2646422E+003  0.1143213E+002  0.2416172E+004 -0.1411854E+004  0.1004317E+004 -0.7380176E+003
 352.000    17121996  0.2112992E+004  0.7442107E+004  0.3406120E+003  0.2656058E+003  0.1142735E+002  0.2420239E+004 -0.1414051E+004  0.1006188E+004 -0.7388919E+003
 353.000    18121996  0.2112863E+004  0.7442232E+004  0.3406120E+003  0.2661336E+003  0.1142323E+002  0.2424314E+004 -0.1416525E+004  0.1007789E+004 -0.7399638E+003
 354.000    19121996  0.2112594E+004  0.7442369E+004  0.3406120E+003  0.2662671E+003  0.1141375E+002  0.2427059E+004 -0.1418239E+004  0.1008819E+004 -0.7409649E+003
 355.000    20121996  0.2112793E+004  0.7442551E+004  0.3406120E+003  0.2649995E+003  0.1139222E+002  0.2427451E+004 -0.1419305E+004  0.1008145E+004 -0.7415905E+003
 356.000    21121996  0.2113134E+004  0.7442755E+004  0.3406120E+003  0.2594460E+003  0.1137464E+002  0.2427971E+004 -0.1420260E+004  0.1007711E+004 -0.7420145E+003
 357.000    22121996  0.2113472E+004  0.7442959E+004  0.3406120E+003  0.2595657E+003  0.1136172E+002  0.2429139E+004 -0.1421307E+004  0.1007832E+004 -0.7423868E+003
 358.000    23121996  0.2113914E+004  0.7443159E+004  0.3406120E+003  0.2605424E+003  0.1135130E+002  0.2431370E+004 -0.1422788E+004  0.1008583E+004 -0.7427546E+003
 359.000    24121996  0.2114414E+004  0.7443357E+004  0.3406120E+003  0.2628928E+003  0.1134725E+002  0.2436078E+004 -0.1425236E+004  0.1010841E+004 -0.7431224E+003
 360.000    25121996  0.2114799E+004  0.7443553E+004  0.3406120E+003  0.2612519E+003  0.1133234E+002  0.2437452E+004 -0.1426937E+004  0.1010515E+004 -0.7435341E+003
 361.000    26121996  0.2115095E+004  0.7443746E+004  0.3406120E+003  0.2614719E+003  0.1131584E+002  0.2439747E+004 -0.1428156E+004  0.1011591E+004 -0.7439542E+003
 362.000    27121996  0.2115158E+004  0.7443924E+004  0.3406120E+003  0.2621271E+003  0.1130810E+002  0.2442662E+004 -0.1429671E+004  0.1012991E+004 -0.7445425E+003
 363.000    28121996  0.2115106E+004  0.7444081E+004  0.3406120E+003  0.2628439E+003  0.1130486E+002  0.2446639E+004 -0.1432017E+004  0.1014622E+004 -0.7453123E+003
 364.000    29121996  0.2115171E+004  0.7444198E+004  0.3406120E+003  0.2629927E+003  0.1130209E+002  0.2451639E+004 -0.1435701E+004  0.1015938E+004 -0.7464104E+003
 365.000    30121996  0.2115604E+004  0.7444289E+004  0.3406120E+003  0.2629237E+003  0.1128949E+002  0.2456568E+004 -0.1439375E+004  0.1017194E+004 -0.7477074E+003
 366.000    31121996  0.2115329E+004  0.7444363E+004  0.3406120E+003  0.2621791E+003  0.1128124E+002  0.2460847E+004 -0.1442965E+004  0.1017882E+004 -0.7491260E+003
