    DOY     DATE    PRECN           ET              WATER           DISCHG          SNOWPACK        WTR_1           WTR_2           WTR_3           WTR_4           WTR_5           WTR_6           ICE_2           ICE_3           ICE_4           ICE_5           ICE_6           ICE_7           PSI_3           PSI_4           PSI_5           PSI_6           PSI_7           PSI_8           ACTV_LYR        
  30.000    30011913  0.4526000E+002  0.2320772E+002  0.8067617E+003  0.2781164E+002  0.0000000E+000  0.2238609E+000  0.3311428E+000  0.3338051E+000  0.2594538E+000  0.2521847E+000  0.3555623E+000  0.1603524E+000  0.9888537E-012  0.0000000E+000  0.0000000E+000  0.0000000E+000  0.0000000E+000 -0.9118022E-002 -0.8014164E-002 -0.5641171E-002 -0.2625815E-002 -0.2562543E-002 -0.3277204E-002 -0.9999000E+004
  60.000    01031913  0.9693000E+002  0.4853173E+002  0.7964279E+003  0.6471858E+002  0.0000000E+000  0.3357617E+000  0.3494687E+000  0.3526682E+000  0.2882898E+000  0.2852364E+000  0.3565342E+000  0.9786095E-012  0.9888537E-012  0.0000000E+000  0.0000000E+000  0.0000000E+000  0.0000000E+000 -0.5729970E-002 -0.4813514E-002 -0.3131436E-002 -0.2572375E-002 -0.2801769E-002 -0.4455755E-002 -0.9999000E+004
  90.000    31031913  0.1733100E+003  0.1061874E+003  0.7820392E+003  0.9783151E+002  0.0000000E+000  0.3019121E+000  0.2957444E+000  0.3004933E+000  0.2371449E+000  0.2366894E+000  0.3507880E+000  0.9786095E-012  0.9888537E-012  0.0000000E+000  0.0000000E+000  0.0000000E+000  0.0000000E+000 -0.1543110E-001 -0.1237341E-001 -0.7634960E-002 -0.2926886E-002 -0.2692610E-002 -0.4052541E-002 -0.9999000E+004
 120.000    30041913  0.2064900E+003  0.1962791E+003  0.6871865E+003  0.1357725E+003  0.0000000E+000  0.1478876E+000  0.1449576E+000  0.1647544E+000  0.1553942E+000  0.1774581E+000  0.3146256E+000  0.9786095E-012  0.9888537E-012  0.0000000E+000  0.0000000E+000  0.0000000E+000  0.0000000E+000 -0.2689481E+000 -0.1092956E+000 -0.4026373E-001 -0.7025945E-002 -0.4160273E-002 -0.6027741E-002 -0.9999000E+004
 150.000    30051913  0.2816200E+003  0.3036344E+003  0.6383978E+003  0.1523359E+003  0.0000000E+000  0.2496520E+000  0.1881208E+000  0.1895902E+000  0.1643701E+000  0.1369483E+000  0.2771940E+000  0.9786095E-012  0.9888537E-012  0.0000000E+000  0.0000000E+000  0.0000000E+000  0.0000000E+000 -0.1390809E+000 -0.8225868E-001 -0.1927114E+000 -0.2086331E-001 -0.8114799E-002 -0.1043060E-001 -0.9999000E+004
 180.000    29061913  0.3241500E+003  0.4468559E+003  0.5294928E+003  0.1605494E+003  0.0000000E+000  0.1841816E+000  0.1996522E+000  0.1443795E+000  0.1008376E+000  0.1030069E+000  0.2057794E+000  0.9786095E-012  0.9888537E-012  0.0000000E+000  0.0000000E+000  0.0000000E+000  0.0000000E+000 -0.5347437E+000 -0.1040226E+001 -0.1075800E+001 -0.2921867E+000 -0.4567418E-001 -0.6368199E-001 -0.9999000E+004
 210.000    29071913  0.4242200E+003  0.5912500E+003  0.4823892E+003  0.1633288E+003  0.0000000E+000  0.1602374E+000  0.1656630E+000  0.1854183E+000  0.1211791E+000  0.1147659E+000  0.1872822E+000  0.9786095E-012  0.9888537E-012  0.0000000E+000  0.0000000E+000  0.0000000E+000  0.0000000E+000 -0.1491797E+000 -0.3992144E+000 -0.5591114E+000 -0.6736201E+000 -0.2345185E+000 -0.3275047E+000 -0.9999000E+004
 240.000    28081913  0.6532200E+003  0.7234394E+003  0.5791997E+003  0.1633288E+003  0.0000000E+000  0.3531730E+000  0.3565580E+000  0.3700959E+000  0.3090776E+000  0.2892053E+000  0.2326092E+000  0.9786095E-012  0.9888537E-012  0.0000000E+000  0.0000000E+000  0.0000000E+000  0.0000000E+000 -0.3979273E-002 -0.3471174E-002 -0.2999259E-002 -0.9871842E-001 -0.2651014E+000 -0.3094871E+000 -0.9999000E+004
 270.000    27091913  0.6738600E+003  0.7998689E+003  0.5234102E+003  0.1633288E+003  0.0000000E+000  0.2021637E+000  0.2031242E+000  0.2079369E+000  0.1757610E+000  0.1892452E+000  0.2461659E+000  0.9786095E-012  0.9888537E-012  0.0000000E+000  0.0000000E+000  0.0000000E+000  0.0000000E+000 -0.8940392E-001 -0.5835457E-001 -0.2741872E-001 -0.5973732E-001 -0.1832758E+000 -0.1920432E+000 -0.9999000E+004
 300.000    27101913  0.7335900E+003  0.8309275E+003  0.5520816E+003  0.1633288E+003  0.0000000E+000  0.2984963E+000  0.3220615E+000  0.3214742E+000  0.2503715E+000  0.1703957E+000  0.2450679E+000  0.9786095E-012  0.9888537E-012  0.0000000E+000  0.0000000E+000  0.0000000E+000  0.0000000E+000 -0.1113037E-001 -0.9410262E-002 -0.5175024E-001 -0.6217407E-001 -0.1477613E+000 -0.1484527E+000 -0.9999000E+004
 330.000    26111913  0.8301500E+003  0.8594593E+003  0.6200911E+003  0.1633288E+003  0.0000000E+000  0.3549137E+000  0.3581104E+000  0.3610866E+000  0.3000208E+000  0.2984123E+000  0.3197417E+000  0.9786095E-012  0.9888537E-012  0.0000000E+000  0.0000000E+000  0.0000000E+000  0.0000000E+000 -0.4522674E-002 -0.4081098E-002 -0.2537567E-002 -0.6185554E-002 -0.1109580E+000 -0.1084512E+000 -0.9999000E+004
 360.000    26121913  0.9398700E+003  0.8784232E+003  0.7106771E+003  0.1633288E+003  0.0000000E+000  0.3378546E+000  0.3430105E+000  0.3532647E+000  0.2843592E+000  0.2647987E+000  0.3580297E+000  0.9786095E-012  0.9888537E-012  0.0000000E+000  0.0000000E+000  0.0000000E+000  0.0000000E+000 -0.6066514E-002 -0.5123246E-002 -0.4409057E-002 -0.2432416E-002 -0.2497156E-002 -0.3255237E-002 -0.9999000E+004
