    DOY     DATE    PRECN           ET              WATER           DISCHG          SNOWPACK        WTR_1           WTR_2           WTR_3           WTR_4           WTR_5           WTR_6           ICE_2           ICE_3           ICE_4           ICE_5           ICE_6           ICE_7           PSI_3           PSI_4           PSI_5           PSI_6           PSI_7           PSI_8           ACTV_LYR        
  30.000    30011949  0.1008100E+003  0.2529919E+002  0.7153689E+003  0.0000000E+000  0.0000000E+000  0.3472791E+000  0.3458074E+000  0.3499373E+000  0.2850279E+000  0.2779805E+000  0.3570337E+000  0.9398165E-012  0.9688263E-012  0.0000000E+000  0.0000000E+000  0.0000000E+000  0.0000000E+000 -0.6416922E-002 -0.5071409E-002 -0.3548046E-002 -0.2542696E-002 -0.2556792E-002 -0.3318937E-002 -0.9999000E+004
  60.000    01031949  0.2181400E+003  0.6014734E+002  0.7978342E+003  0.0000000E+000  0.0000000E+000  0.3356003E+000  0.3308892E+000  0.3358090E+000  0.2657292E+000  0.2593675E+000  0.3556361E+000  0.9398165E-012  0.9688263E-012  0.0000000E+000  0.0000000E+000  0.0000000E+000  0.0000000E+000 -0.8672662E-002 -0.7088764E-002 -0.4928153E-002 -0.2622361E-002 -0.2610412E-002 -0.3637732E-002 -0.9999000E+004
  90.000    31031949  0.3271000E+003  0.1055179E+003  0.8316165E+003  0.2980717E+002  0.0000000E+000  0.3297930E+000  0.3706304E+000  0.3636987E+000  0.3113653E+000  0.2744016E+000  0.3613123E+000  0.9398165E-012  0.9688263E-012  0.0000000E+000  0.0000000E+000  0.0000000E+000  0.0000000E+000 -0.4318663E-002 -0.3293752E-002 -0.3705312E-002 -0.2290349E-002 -0.2498345E-002 -0.2551918E-002 -0.9999000E+004
 120.000    30041949  0.3994800E+003  0.1681960E+003  0.7860689E+003  0.8505677E+002  0.0000000E+000  0.3382246E+000  0.3501093E+000  0.3497508E+000  0.2865658E+000  0.2531339E+000  0.3494225E+000  0.9398165E-012  0.9688263E-012  0.0000000E+000  0.0000000E+000  0.0000000E+000  0.0000000E+000 -0.5844321E-002 -0.4895866E-002 -0.5600637E-002 -0.3022850E-002 -0.2913857E-002 -0.4701114E-002 -0.9999000E+004
 150.000    30051949  0.5992200E+003  0.2423827E+003  0.8466970E+003  0.1499820E+003  0.0000000E+000  0.3158798E+000  0.3499582E+000  0.3479875E+000  0.2844164E+000  0.2782445E+000  0.3777173E+000  0.9398165E-012  0.9688263E-012  0.0000000E+000  0.0000000E+000  0.0000000E+000  0.0000000E+000 -0.6647448E-002 -0.5072271E-002 -0.3451656E-002 -0.1571554E-002 -0.2500121E-002 -0.2532960E-002 -0.9999000E+004
 180.000    29061949  0.6362100E+003  0.3175725E+003  0.7386684E+003  0.2198111E+003  0.0000000E+000  0.2590976E+000  0.2650871E+000  0.2679345E+000  0.2140651E+000  0.2142200E+000  0.3302420E+000  0.9398165E-012  0.9688263E-012  0.0000000E+000  0.0000000E+000  0.0000000E+000  0.0000000E+000 -0.2649746E-001 -0.2104992E-001 -0.1301253E-001 -0.4762120E-002 -0.3375541E-002 -0.5133736E-002 -0.9999000E+004
 210.000    29071949  0.7075500E+003  0.3976880E+003  0.7044522E+003  0.2452522E+003  0.0000000E+000  0.2445673E+000  0.2494846E+000  0.2524670E+000  0.2037996E+000  0.2076282E+000  0.3156937E+000  0.9398165E-012  0.9688263E-012  0.0000000E+000  0.0000000E+000  0.0000000E+000  0.0000000E+000 -0.3511619E-001 -0.2717941E-001 -0.1570525E-001 -0.6848022E-002 -0.4363695E-002 -0.6233719E-002 -0.9999000E+004
 240.000    28081949  0.7988700E+003  0.4726767E+003  0.7060239E+003  0.2600122E+003  0.0000000E+000  0.3006085E+000  0.2988972E+000  0.3043714E+000  0.2402018E+000  0.2291421E+000  0.3092660E+000  0.9398165E-012  0.9688263E-012  0.0000000E+000  0.0000000E+000  0.0000000E+000  0.0000000E+000 -0.1440775E-001 -0.1155518E-001 -0.8935628E-002 -0.8085256E-002 -0.5206408E-002 -0.7127841E-002 -0.9999000E+004
 270.000    27091949  0.8200800E+003  0.5381415E+003  0.6515837E+003  0.2701983E+003  0.0000000E+000  0.7359371E-001  0.1401256E+000  0.1680393E+000  0.1576870E+000  0.1842065E+000  0.3036478E+000  0.9398165E-012  0.9688263E-012  0.0000000E+000  0.0000000E+000  0.0000000E+000  0.0000000E+000 -0.2492522E+000 -0.1021827E+000 -0.3229285E-001 -0.9368271E-002 -0.5905401E-002 -0.7846345E-002 -0.9999000E+004
 300.000    27101949  0.1059310E+004  0.5809646E+003  0.8402698E+003  0.2779195E+003  0.0000000E+000  0.3404957E+000  0.3432213E+000  0.3559614E+000  0.2874415E+000  0.2753621E+000  0.3736700E+000  0.9398165E-012  0.9688263E-012  0.0000000E+000  0.0000000E+000  0.0000000E+000  0.0000000E+000 -0.6316117E-002 -0.4852623E-002 -0.3647885E-002 -0.1714121E-002 -0.2500008E-002 -0.2498215E-002 -0.9999000E+004
 330.000    26111949  0.1095560E+004  0.6159103E+003  0.7760178E+003  0.3434726E+003  0.0000000E+000  0.3171771E+000  0.3178625E+000  0.3229677E+000  0.2504169E+000  0.2432142E+000  0.3477226E+000  0.9398165E-012  0.9688263E-012  0.0000000E+000  0.0000000E+000  0.0000000E+000  0.0000000E+000 -0.1112199E-001 -0.9431943E-002 -0.6709990E-002 -0.3142849E-002 -0.2823952E-002 -0.4349835E-002 -0.9999000E+004
 360.000    26121949  0.1195380E+004  0.6400279E+003  0.8156861E+003  0.3794936E+003  0.0000000E+000  0.3174055E+000  0.3348969E+000  0.3378985E+000  0.2663969E+000  0.2630632E+000  0.3569090E+000  0.9398165E-012  0.9688263E-012  0.0000000E+000  0.0000000E+000  0.0000000E+000  0.0000000E+000 -0.8333584E-002 -0.7052241E-002 -0.4598315E-002 -0.2548286E-002 -0.2575895E-002 -0.3487133E-002 -0.9999000E+004
