    DOY     DATE    SHOOT_C         ROOT_C          LAI             GPP             AUTO_RESP       HVST_C          
   1.000    01012004  0.4290687E+001  0.4573104E+001  0.3339395E+001  0.4541177E-001 -0.1577584E-001  0.0000000E+000
   2.000    02012004  0.4273512E+001  0.4574112E+001  0.3332000E+001  0.8417870E-001 -0.3734154E-001  0.0000000E+000
   3.000    03012004  0.4264537E+001  0.4572685E+001  0.3320175E+001  0.1428915E+000 -0.6805374E-001  0.0000000E+000
   4.000    04012004  0.4255003E+001  0.4565988E+001  0.3307604E+001  0.2091332E+000 -0.1097873E+000  0.0000000E+000
   5.000    05012004  0.4237763E+001  0.4556984E+001  0.3295945E+001  0.2648391E+000 -0.1521087E+000  0.0000000E+000
   6.000    06012004  0.4231799E+001  0.4558381E+001  0.3289145E+001  0.2899715E+000 -0.1642227E+000  0.0000000E+000
   7.000    07012004  0.4215884E+001  0.4561224E+001  0.3279921E+001  0.2999471E+000 -0.1696208E+000  0.0000000E+000
   8.000    08012004  0.4207806E+001  0.4563125E+001  0.3272776E+001  0.3168918E+000 -0.1751215E+000  0.0000000E+000
   9.000    09012004  0.4190338E+001  0.4564650E+001  0.3265860E+001  0.3233175E+000 -0.1803164E+000  0.0000000E+000
  10.000    10012004  0.4173200E+001  0.4563554E+001  0.3261037E+001  0.3261735E+000 -0.1847104E+000  0.0000000E+000
  11.000    11012004  0.4161503E+001  0.4562196E+001  0.3256770E+001  0.3334130E+000 -0.1890695E+000  0.0000000E+000
  12.000    12012004  0.4171472E+001  0.4562392E+001  0.3252083E+001  0.3723809E+000 -0.1984611E+000  0.0000000E+000
  13.000    13012004  0.4183754E+001  0.4563740E+001  0.3246209E+001  0.4184943E+000 -0.2103864E+000  0.0000000E+000
  14.000    14012004  0.4186456E+001  0.4565243E+001  0.3238478E+001  0.4475654E+000 -0.2183286E+000  0.0000000E+000
  15.000    15012004  0.4197263E+001  0.4567165E+001  0.3232634E+001  0.4869244E+000 -0.2274439E+000  0.0000000E+000
  16.000    16012004  0.4193690E+001  0.4569337E+001  0.3226115E+001  0.5060759E+000 -0.2330676E+000  0.0000000E+000
  17.000    17012004  0.4195036E+001  0.4571489E+001  0.3222613E+001  0.5332987E+000 -0.2407511E+000  0.0000000E+000
  18.000    18012004  0.4194650E+001  0.4573360E+001  0.3218230E+001  0.5635688E+000 -0.2515719E+000  0.0000000E+000
  19.000    19012004  0.4194154E+001  0.4574820E+001  0.3210905E+001  0.5847635E+000 -0.2574188E+000  0.0000000E+000
  20.000    20012004  0.4184684E+001  0.4575786E+001  0.3206679E+001  0.5949428E+000 -0.2622657E+000  0.0000000E+000
  21.000    21012004  0.4182385E+001  0.4574957E+001  0.3202632E+001  0.6109081E+000 -0.2673654E+000  0.0000000E+000
  22.000    22012004  0.4189983E+001  0.4575106E+001  0.3198465E+001  0.6448903E+000 -0.2766260E+000  0.0000000E+000
  23.000    23012004  0.4187931E+001  0.4576276E+001  0.3192507E+001  0.6631795E+000 -0.2823962E+000  0.0000000E+000
  24.000    24012004  0.4199717E+001  0.4577570E+001  0.3187308E+001  0.7006445E+000 -0.2929667E+000  0.0000000E+000
  25.000    25012004  0.4187120E+001  0.4576777E+001  0.3181606E+001  0.7015455E+000 -0.2970615E+000  0.0000000E+000
  26.000    26012004  0.4175789E+001  0.4575216E+001  0.3177321E+001  0.7023399E+000 -0.3005600E+000  0.0000000E+000
  27.000    27012004  0.4167996E+001  0.4572811E+001  0.3172500E+001  0.7073486E+000 -0.3048980E+000  0.0000000E+000
  28.000    28012004  0.4165495E+001  0.4570191E+001  0.3168223E+001  0.7177513E+000 -0.3097559E+000  0.0000000E+000
  29.000    29012004  0.4181561E+001  0.4568949E+001  0.3164355E+001  0.7522942E+000 -0.3172917E+000  0.0000000E+000
  30.000    30012004  0.4196289E+001  0.4568990E+001  0.3157555E+001  0.7882377E+000 -0.3259675E+000  0.0000000E+000
  31.000    31012004  0.4191225E+001  0.4568495E+001  0.3152742E+001  0.7980991E+000 -0.3309149E+000  0.0000000E+000
  32.000    01022004  0.4194361E+001  0.4567108E+001  0.3148321E+001  0.8158809E+000 -0.3359725E+000  0.0000000E+000
  33.000    02022004  0.4202397E+001  0.4566339E+001  0.3144474E+001  0.8419682E+000 -0.3427350E+000  0.0000000E+000
  34.000    03022004  0.4214027E+001  0.4567114E+001  0.3139981E+001  0.8741838E+000 -0.3507496E+000  0.0000000E+000
  35.000    04022004  0.4221812E+001  0.4568281E+001  0.3133155E+001  0.9032096E+000 -0.3587124E+000  0.0000000E+000
  36.000    05022004  0.4227455E+001  0.4569530E+001  0.3130219E+001  0.9282320E+000 -0.3656965E+000  0.0000000E+000
  37.000    06022004  0.4234128E+001  0.4570893E+001  0.3126960E+001  0.9558419E+000 -0.3736521E+000  0.0000000E+000
  38.000    07022004  0.4248238E+001  0.4572151E+001  0.3121833E+001  0.9947589E+000 -0.3837279E+000  0.0000000E+000
  39.000    08022004  0.4254189E+001  0.4573763E+001  0.3113670E+001  0.1020090E+001 -0.3901968E+000  0.0000000E+000
  40.000    09022004  0.4254288E+001  0.4575069E+001  0.3110543E+001  0.1040122E+001 -0.3971989E+000  0.0000000E+000
  41.000    10022004  0.4264278E+001  0.4576413E+001  0.3106102E+001  0.1077548E+001 -0.4086245E+000  0.0000000E+000
  42.000    11022004  0.4275796E+001  0.4577437E+001  0.3101729E+001  0.1112987E+001 -0.4182774E+000  0.0000000E+000
  43.000    12022004  0.4273122E+001  0.4578169E+001  0.3098182E+001  0.1126895E+001 -0.4243177E+000  0.0000000E+000
  44.000    13022004  0.4289210E+001  0.4578930E+001  0.3092756E+001  0.1166675E+001 -0.4347804E+000  0.0000000E+000
  45.000    14022004  0.4300857E+001  0.4579616E+001  0.3090523E+001  0.1202435E+001 -0.4458120E+000  0.0000000E+000
  46.000    15022004  0.4310637E+001  0.4580106E+001  0.3086271E+001  0.1231769E+001 -0.4537568E+000  0.0000000E+000
  47.000    16022004  0.4298879E+001  0.4580204E+001  0.3079495E+001  0.1235438E+001 -0.4584972E+000  0.0000000E+000
  48.000    17022004  0.4284531E+001  0.4579262E+001  0.3075349E+001  0.1235438E+001 -0.4632577E+000  0.0000000E+000
  49.000    18022004  0.4271479E+001  0.4577279E+001  0.3072099E+001  0.1235438E+001 -0.4682537E+000  0.0000000E+000
  50.000    19022004  0.4272297E+001  0.4574413E+001  0.3070765E+001  0.1259317E+001 -0.4806769E+000  0.0000000E+000
  51.000    20022004  0.4304039E+001  0.4571530E+001  0.3067881E+001  0.1322206E+001 -0.4984172E+000  0.0000000E+000
  52.000    21022004  0.4316933E+001  0.4567649E+001  0.3062466E+001  0.1367641E+001 -0.5166709E+000  0.0000000E+000
  53.000    22022004  0.4340737E+001  0.4564409E+001  0.3056374E+001  0.1412589E+001 -0.5270746E+000  0.0000000E+000
  54.000    23022004  0.4358209E+001  0.4562493E+001  0.3051404E+001  0.1451018E+001 -0.5368570E+000  0.0000000E+000
  55.000    24022004  0.4375383E+001  0.4561394E+001  0.3045407E+001  0.1495824E+001 -0.5501829E+000  0.0000000E+000
  56.000    25022004  0.4389886E+001  0.4560484E+001  0.3041477E+001  0.1530151E+001 -0.5589383E+000  0.0000000E+000
  57.000    26022004  0.4385292E+001  0.4559565E+001  0.3035646E+001  0.1539683E+001 -0.5641190E+000  0.0000000E+000
  58.000    27022004  0.4391253E+001  0.4558604E+001  0.3030005E+001  0.1562652E+001 -0.5709135E+000  0.0000000E+000
  59.000    28022004  0.4411347E+001  0.4558426E+001  0.3024097E+001  0.1606391E+001 -0.5811916E+000  0.0000000E+000
  60.000    29022004  0.4427446E+001  0.4558685E+001  0.3016810E+001  0.1651900E+001 -0.5949614E+000  0.0000000E+000
  61.000    01032004  0.4447524E+001  0.4557600E+001  0.3012111E+001  0.1708565E+001 -0.6164725E+000  0.0000000E+000
  62.000    02032004  0.4467252E+001  0.4548783E+001  0.3008445E+001  0.1771800E+001 -0.6518580E+000  0.0000000E+000
  63.000    03032004  0.4484205E+001  0.4536631E+001  0.3000144E+001  0.1837623E+001 -0.6911048E+000  0.0000000E+000
  64.000    04032004  0.4498825E+001  0.4521938E+001  0.2986230E+001  0.1911898E+001 -0.7381922E+000  0.0000000E+000
  65.000    05032004  0.4511605E+001  0.4506024E+001  0.2969368E+001  0.1988595E+001 -0.7886903E+000  0.0000000E+000
  66.000    06032004  0.4518297E+001  0.4492150E+001  0.2950965E+001  0.2052183E+001 -0.8325727E+000  0.0000000E+000
  67.000    07032004  0.4544314E+001  0.4488072E+001  0.2938060E+001  0.2120212E+001 -0.8604672E+000  0.0000000E+000
  68.000    08032004  0.4567195E+001  0.4490774E+001  0.2931683E+001  0.2170951E+001 -0.8753942E+000  0.0000000E+000
  69.000    09032004  0.4583878E+001  0.4497122E+001  0.2925443E+001  0.2213597E+001 -0.8859707E+000  0.0000000E+000
  70.000    10032004  0.4600890E+001  0.4504177E+001  0.2919915E+001  0.2257319E+001 -0.8967609E+000  0.0000000E+000
  71.000    11032004  0.4625046E+001  0.4511365E+001  0.2909923E+001  0.2318329E+001 -0.9123657E+000  0.0000000E+000
  72.000    12032004  0.4658833E+001  0.4517602E+001  0.2900273E+001  0.2394979E+001 -0.9336957E+000  0.0000000E+000
  73.000    13032004  0.4678438E+001  0.4525617E+001  0.2895015E+001  0.2447362E+001 -0.9486078E+000  0.0000000E+000
  74.000    14032004  0.4700335E+001  0.4532885E+001  0.2886698E+001  0.2514293E+001 -0.9708656E+000  0.0000000E+000
  75.000    15032004  0.4717183E+001  0.4535382E+001  0.2876454E+001  0.2580754E+001 -0.1000395E+001  0.0000000E+000
  76.000    16032004  0.4742926E+001  0.4536978E+001  0.2867721E+001  0.2654311E+001 -0.1029901E+001  0.0000000E+000
  77.000    17032004  0.4759707E+001  0.4544422E+001  0.2863874E+001  0.2699638E+001 -0.1042800E+001  0.0000000E+000
  78.000    18032004  0.4777306E+001  0.4552152E+001  0.2859024E+001  0.2750599E+001 -0.1058115E+001  0.0000000E+000
  79.000    19032004  0.4796994E+001  0.4557512E+001  0.2851385E+001  0.2811973E+001 -0.1080316E+001  0.0000000E+000
  80.000    20032004  0.4812110E+001  0.4562891E+001  0.2841123E+001  0.2873930E+001 -0.1105104E+001  0.0000000E+000
  81.000    21032004  0.4833278E+001  0.4564211E+001  0.2830626E+001  0.2939629E+001 -0.1132022E+001  0.0000000E+000
  82.000    22032004  0.4841780E+001  0.4571220E+001  0.2824789E+001  0.2971975E+001 -0.1140721E+001  0.0000000E+000
  83.000    23032004  0.4854222E+001  0.4577982E+001  0.2817863E+001  0.3010542E+001 -0.1149765E+001  0.0000000E+000
  84.000    24032004  0.4872959E+001  0.4583481E+001  0.2808693E+001  0.3067670E+001 -0.1167812E+001  0.0000000E+000
  85.000    25032004  0.4889756E+001  0.4585248E+001  0.2797696E+001  0.3135218E+001 -0.1197764E+001  0.0000000E+000
  86.000    26032004  0.4915344E+001  0.4582373E+001  0.2782708E+001  0.3220533E+001 -0.1236547E+001  0.0000000E+000
  87.000    27032004  0.4938847E+001  0.4576957E+001  0.2762871E+001  0.3311008E+001 -0.1281710E+001  0.0000000E+000
  88.000    28032004  0.4982120E+001  0.4573014E+001  0.2747833E+001  0.3406127E+001 -0.1316705E+001  0.0000000E+000
  89.000    29032004  0.5022040E+001  0.4575406E+001  0.2737088E+001  0.3488589E+001 -0.1341425E+001  0.0000000E+000
  90.000    30032004  0.5033706E+001  0.4581250E+001  0.2730980E+001  0.3530707E+001 -0.1356253E+001  0.0000000E+000
  91.000    31032004  0.5054637E+001  0.4586379E+001  0.2722046E+001  0.3589845E+001 -0.1376357E+001  0.0000000E+000
  92.000    01042004  0.5076308E+001  0.4591340E+001  0.2713069E+001  0.3649826E+001 -0.1396653E+001  0.0000000E+000
  93.000    02042004  0.5091112E+001  0.4596450E+001  0.2705131E+001  0.3699795E+001 -0.1414996E+001  0.0000000E+000
  94.000    03042004  0.5110698E+001  0.4601516E+001  0.2696227E+001  0.3756982E+001 -0.1434435E+001  0.0000000E+000
  95.000    04042004  0.5134457E+001  0.4606544E+001  0.2688867E+001  0.3815341E+001 -0.1452593E+001  0.0000000E+000
  96.000    05042004  0.5153453E+001  0.4612908E+001  0.2683160E+001  0.3865090E+001 -0.1467067E+001  0.0000000E+000
  97.000    06042004  0.5175636E+001  0.4618333E+001  0.2675023E+001  0.3925903E+001 -0.1487132E+001  0.0000000E+000
  98.000    07042004  0.5205430E+001  0.4619701E+001  0.2661404E+001  0.4014458E+001 -0.1523263E+001  0.0000000E+000
  99.000    08042004  0.5242710E+001  0.4618010E+001  0.2646309E+001  0.4113666E+001 -0.1563191E+001  0.0000000E+000
 100.000    09042004  0.5282694E+001  0.4616111E+001  0.2632098E+001  0.4207793E+001 -0.1597782E+001  0.0000000E+000
 101.000    10042004  0.5308306E+001  0.4617435E+001  0.2618521E+001  0.4284365E+001 -0.1628580E+001  0.0000000E+000
 102.000    11042004  0.5336197E+001  0.4618305E+001  0.2606717E+001  0.4358028E+001 -0.1656807E+001  0.0000000E+000
 103.000    12042004  0.5342873E+001  0.4622339E+001  0.2600676E+001  0.4395175E+001 -0.1673488E+001  0.0000000E+000
 104.000    13042004  0.5368543E+001  0.4623759E+001  0.2590007E+001  0.4463944E+001 -0.1699196E+001  0.0000000E+000
 105.000    14042004  0.5379320E+001  0.4626585E+001  0.2583636E+001  0.4503562E+001 -0.1715625E+001  0.0000000E+000
 106.000    15042004  0.5407308E+001  0.4629303E+001  0.2574307E+001  0.4569001E+001 -0.1736980E+001  0.0000000E+000
 107.000    16042004  0.5429870E+001  0.4631191E+001  0.2563344E+001  0.4632829E+001 -0.1761124E+001  0.0000000E+000
 108.000    17042004  0.5458955E+001  0.4629815E+001  0.2548411E+001  0.4715968E+001 -0.1795309E+001  0.0000000E+000
 109.000    18042004  0.5496364E+001  0.4624399E+001  0.2526462E+001  0.4820738E+001 -0.1839967E+001  0.0000000E+000
 110.000    19042004  0.5538657E+001  0.4618251E+001  0.2503795E+001  0.4928979E+001 -0.1884065E+001  0.0000000E+000
 111.000    20042004  0.5008316E+001  0.4612267E+001  0.2482625E+001  0.5035849E+001 -0.1927663E+001  0.0000000E+000
 112.000    21042004  0.5038977E+001  0.4607544E+001  0.2479102E+001  0.5125147E+001 -0.1968720E+001  0.0000000E+000
 113.000    22042004  0.5081693E+001  0.4602532E+001  0.2470475E+001  0.5225779E+001 -0.2008576E+001  0.0000000E+000
 114.000    23042004  0.5126845E+001  0.4597843E+001  0.2462004E+001  0.5333711E+001 -0.2052535E+001  0.0000000E+000
 115.000    24042004  0.5173075E+001  0.4594500E+001  0.2452846E+001  0.5436117E+001 -0.2091951E+001  0.0000000E+000
 116.000    25042004  0.5224355E+001  0.4591553E+001  0.2445829E+001  0.5543755E+001 -0.2131642E+001  0.0000000E+000
 117.000    26042004  0.5260607E+001  0.4589226E+001  0.2439116E+001  0.5626344E+001 -0.2164783E+001  0.0000000E+000
 118.000    27042004  0.5298227E+001  0.4588824E+001  0.2434122E+001  0.5699746E+001 -0.2188595E+001  0.0000000E+000
 119.000    28042004  0.5340411E+001  0.4591497E+001  0.2431464E+001  0.5774427E+001 -0.2207914E+001  0.0000000E+000
 120.000    29042004  0.5385060E+001  0.4594584E+001  0.2431338E+001  0.5864338E+001 -0.2236078E+001  0.0000000E+000
 121.000    30042004  0.5422000E+001  0.4595533E+001  0.2429889E+001  0.5952373E+001 -0.2270184E+001  0.0000000E+000
 122.000    01052004  0.5457327E+001  0.4593127E+001  0.2427930E+001  0.6040367E+001 -0.2308588E+001  0.0000000E+000
 123.000    02052004  0.5485027E+001  0.4588260E+001  0.2422820E+001  0.6121984E+001 -0.2349605E+001  0.0000000E+000
 124.000    03052004  0.5509130E+001  0.4585488E+001  0.2420679E+001  0.6171742E+001 -0.2368410E+001  0.0000000E+000
 125.000    04052004  0.5539036E+001  0.4585870E+001  0.2419132E+001  0.6227813E+001 -0.2385278E+001  0.0000000E+000
 126.000    05052004  0.5569839E+001  0.4585483E+001  0.2417011E+001  0.6296775E+001 -0.2411140E+001  0.0000000E+000
 127.000    06052004  0.5607093E+001  0.4582313E+001  0.2412863E+001  0.6382550E+001 -0.2446848E+001  0.0000000E+000
 128.000    07052004  0.5653575E+001  0.4577024E+001  0.2408748E+001  0.6482291E+001 -0.2488045E+001  0.0000000E+000
 129.000    08052004  0.4271889E+001  0.4570755E+001  0.2402864E+001  0.6563270E+001 -0.2525865E+001  0.0000000E+000
 130.000    09052004  0.4310556E+001  0.4563256E+001  0.2427981E+001  0.6654538E+001 -0.2567367E+001  0.0000000E+000
 131.000    10052004  0.4368037E+001  0.4556831E+001  0.2446588E+001  0.6759690E+001 -0.2605821E+001  0.0000000E+000
 132.000    11052004  0.4431087E+001  0.4552034E+001  0.2464659E+001  0.6873191E+001 -0.2645577E+001  0.0000000E+000
 133.000    12052004  0.4490480E+001  0.4546495E+001  0.2488789E+001  0.6985152E+001 -0.2687174E+001  0.0000000E+000
 134.000    13052004  0.4551537E+001  0.4541998E+001  0.2509253E+001  0.7100828E+001 -0.2729766E+001  0.0000000E+000
 135.000    14052004  0.4608040E+001  0.4536061E+001  0.2528467E+001  0.7213434E+001 -0.2772762E+001  0.0000000E+000
 136.000    15052004  0.4669391E+001  0.4529524E+001  0.2546597E+001  0.7333049E+001 -0.2817571E+001  0.0000000E+000
 137.000    16052004  0.4734103E+001  0.4524265E+001  0.2571929E+001  0.7456987E+001 -0.2863530E+001  0.0000000E+000
 138.000    17052004  0.4806629E+001  0.4519703E+001  0.2595953E+001  0.7587912E+001 -0.2908891E+001  0.0000000E+000
 139.000    18052004  0.4873854E+001  0.4514578E+001  0.2618485E+001  0.7714419E+001 -0.2955301E+001  0.0000000E+000
 140.000    19052004  0.4947759E+001  0.4510008E+001  0.2646853E+001  0.7847211E+001 -0.3002077E+001  0.0000000E+000
 141.000    20052004  0.5017736E+001  0.4505077E+001  0.2675693E+001  0.7984562E+001 -0.3055732E+001  0.0000000E+000
 142.000    21052004  0.5088433E+001  0.4496781E+001  0.2701382E+001  0.8125473E+001 -0.3113332E+001  0.0000000E+000
 143.000    22052004  0.5165034E+001  0.4487332E+001  0.2730543E+001  0.8270652E+001 -0.3170001E+001  0.0000000E+000
 144.000    23052004  0.5240407E+001  0.4478420E+001  0.2758826E+001  0.8409964E+001 -0.3223849E+001  0.0000000E+000
 145.000    24052004  0.5310014E+001  0.4470884E+001  0.2784250E+001  0.8542948E+001 -0.3276761E+001  0.0000000E+000
 146.000    25052004  0.5399565E+001  0.4463598E+001  0.2819927E+001  0.8698318E+001 -0.3332358E+001  0.0000000E+000
 147.000    26052004  0.4331529E+001  0.4456222E+001  0.2849219E+001  0.8842862E+001 -0.3388693E+001  0.0000000E+000
 148.000    27052004  0.4416292E+001  0.4451349E+001  0.2888815E+001  0.8988450E+001 -0.3438883E+001  0.0000000E+000
 149.000    28052004  0.4484920E+001  0.4447195E+001  0.2935435E+001  0.9117870E+001 -0.3488846E+001  0.0000000E+000
 150.000    29052004  0.4578230E+001  0.4446145E+001  0.2976717E+001  0.9270909E+001 -0.3535963E+001  0.0000000E+000
 151.000    30052004  0.4622837E+001  0.4444708E+001  0.3013711E+001  0.9378046E+001 -0.3586056E+001  0.0000000E+000
 152.000    31052004  0.4691017E+001  0.4440263E+001  0.3059260E+001  0.9507950E+001 -0.3638003E+001  0.0000000E+000
 153.000    01062004  0.4760439E+001  0.4438620E+001  0.3088495E+001  0.9631216E+001 -0.3681028E+001  0.0000000E+000
 154.000    02062004  0.4839244E+001  0.4439613E+001  0.3118478E+001  0.9768480E+001 -0.3725990E+001  0.0000000E+000
 155.000    03062004  0.4936999E+001  0.4442582E+001  0.3150853E+001  0.9931122E+001 -0.3775348E+001  0.0000000E+000
 156.000    04062004  0.4968666E+001  0.4446653E+001  0.3175571E+001  0.1001561E+002 -0.3813620E+001  0.0000000E+000
 157.000    05062004  0.5039374E+001  0.4448539E+001  0.3208018E+001  0.1014275E+002 -0.3854742E+001  0.0000000E+000
 158.000    06062004  0.5077394E+001  0.4451030E+001  0.3233428E+001  0.1023558E+002 -0.3894623E+001  0.0000000E+000
 159.000    07062004  0.5159966E+001  0.4452266E+001  0.3269449E+001  0.1038177E+002 -0.3943857E+001  0.0000000E+000
 160.000    08062004  0.5220717E+001  0.4453866E+001  0.3304404E+001  0.1050817E+002 -0.3996351E+001  0.0000000E+000
 161.000    09062004  0.5290963E+001  0.4454859E+001  0.3334556E+001  0.1064417E+002 -0.4049488E+001  0.0000000E+000
 162.000    10062004  0.5363377E+001  0.4455888E+001  0.3364228E+001  0.1078761E+002 -0.4107102E+001  0.0000000E+000
 163.000    11062004  0.5445931E+001  0.4457146E+001  0.3401937E+001  0.1094368E+002 -0.4166751E+001  0.0000000E+000
 164.000    12062004  0.5496777E+001  0.4461740E+001  0.3422668E+001  0.1105062E+002 -0.4207708E+001  0.0000000E+000
 165.000    13062004  0.4562278E+001  0.4466282E+001  0.3442102E+001  0.1115040E+002 -0.4248369E+001  0.0000000E+000
 166.000    14062004  0.4592495E+001  0.4465040E+001  0.3482075E+001  0.1124333E+002 -0.4297888E+001  0.0000000E+000
 167.000    15062004  0.4665697E+001  0.4463825E+001  0.3520464E+001  0.1138149E+002 -0.4351217E+001  0.0000000E+000
 168.000    16062004  0.4725569E+001  0.4462075E+001  0.3556144E+001  0.1151046E+002 -0.4408746E+001  0.0000000E+000
 169.000    17062004  0.4788589E+001  0.4459191E+001  0.3594719E+001  0.1164692E+002 -0.4471073E+001  0.0000000E+000
 170.000    18062004  0.4850522E+001  0.4457222E+001  0.3629751E+001  0.1178310E+002 -0.4534756E+001  0.0000000E+000
 171.000    19062004  0.4908705E+001  0.4458526E+001  0.3661188E+001  0.1190985E+002 -0.4590560E+001  0.0000000E+000
 172.000    20062004  0.4998411E+001  0.4466336E+001  0.3679188E+001  0.1205698E+002 -0.4630659E+001  0.0000000E+000
 173.000    21062004  0.5043710E+001  0.4477369E+001  0.3700845E+001  0.1216212E+002 -0.4668968E+001  0.0000000E+000
 174.000    22062004  0.3688331E+001  0.4484654E+001  0.3732759E+001  0.1227394E+002 -0.4721328E+001  0.0000000E+000
 175.000    23062004  0.3750202E+001  0.4490985E+001  0.3768078E+001  0.1240526E+002 -0.4772873E+001  0.0000000E+000
 176.000    24062004  0.3788392E+001  0.4495708E+001  0.3802494E+001  0.1251101E+002 -0.4823213E+001  0.0000000E+000
 177.000    25062004  0.3808678E+001  0.4493098E+001  0.3835877E+001  0.1259927E+002 -0.4876614E+001  0.0000000E+000
 178.000    26062004  0.3859286E+001  0.4492642E+001  0.3860656E+001  0.1271100E+002 -0.4923158E+001  0.0000000E+000
 179.000    27062004  0.3904975E+001  0.4495181E+001  0.3880599E+001  0.1281202E+002 -0.4961286E+001  0.0000000E+000
 180.000    28062004  0.3927631E+001  0.4497886E+001  0.3903429E+001  0.1289497E+002 -0.5005508E+001  0.0000000E+000
 181.000    29062004  0.3984287E+001  0.4499295E+001  0.3925319E+001  0.1301389E+002 -0.5051780E+001  0.0000000E+000
 182.000    30062004  0.4027492E+001  0.4505874E+001  0.3946334E+001  0.1311833E+002 -0.5096076E+001  0.0000000E+000
 183.000    01072004  0.4097916E+001  0.4510058E+001  0.3973468E+001  0.1325524E+002 -0.5144809E+001  0.0000000E+000
 184.000    02072004  0.4159765E+001  0.4515857E+001  0.4001284E+001  0.1338922E+002 -0.5199134E+001  0.0000000E+000
 185.000    03072004  0.4191905E+001  0.4520371E+001  0.4024348E+001  0.1349227E+002 -0.5252162E+001  0.0000000E+000
 186.000    04072004  0.4240877E+001  0.4523884E+001  0.4049503E+001  0.1361450E+002 -0.5309678E+001  0.0000000E+000
 187.000    05072004  0.4288234E+001  0.4526900E+001  0.4071870E+001  0.1373792E+002 -0.5370235E+001  0.0000000E+000
 188.000    06072004  0.4362283E+001  0.4528395E+001  0.4099066E+001  0.1388948E+002 -0.5430542E+001  0.0000000E+000
 189.000    07072004  0.4440387E+001  0.4534177E+001  0.4123723E+001  0.1404675E+002 -0.5491300E+001  0.0000000E+000
 190.000    08072004  0.4479151E+001  0.4542674E+001  0.4142845E+001  0.1416274E+002 -0.5546610E+001  0.0000000E+000
 191.000    09072004  0.4518558E+001  0.4547267E+001  0.4161869E+001  0.1427907E+002 -0.5603564E+001  0.0000000E+000
 192.000    10072004  0.4592883E+001  0.4549992E+001  0.4177694E+001  0.1443339E+002 -0.5664628E+001  0.0000000E+000
 193.000    11072004  0.4628324E+001  0.4552630E+001  0.4195697E+001  0.1454747E+002 -0.5723414E+001  0.0000000E+000
 194.000    12072004  0.4686011E+001  0.4557622E+001  0.4211372E+001  0.1468245E+002 -0.5782892E+001  0.0000000E+000
 195.000    13072004  0.4724529E+001  0.4557972E+001  0.4226070E+001  0.1479890E+002 -0.5844311E+001  0.0000000E+000
 196.000    14072004  0.4767285E+001  0.4559640E+001  0.4238280E+001  0.1491577E+002 -0.5904097E+001  0.0000000E+000
 197.000    15072004  0.4828742E+001  0.4564997E+001  0.4246168E+001  0.1504647E+002 -0.5955357E+001  0.0000000E+000
 198.000    16072004  0.4910605E+001  0.4575887E+001  0.4254695E+001  0.1519846E+002 -0.6002398E+001  0.0000000E+000
 199.000    17072004  0.4933460E+001  0.4586635E+001  0.4266016E+001  0.1529434E+002 -0.6051829E+001  0.0000000E+000
 200.000    18072004  0.4947450E+001  0.4595022E+001  0.4274984E+001  0.1537618E+002 -0.6101189E+001  0.0000000E+000
 201.000    19072004  0.4973872E+001  0.4598309E+001  0.4284401E+001  0.1547007E+002 -0.6152366E+001  0.0000000E+000
 202.000    20072004  0.5008651E+001  0.4598028E+001  0.4292273E+001  0.1557066E+002 -0.6203774E+001  0.0000000E+000
 203.000    21072004  0.5050068E+001  0.4599314E+001  0.4298361E+001  0.1567646E+002 -0.6254895E+001  0.0000000E+000
 204.000    22072004  0.5082654E+001  0.4601592E+001  0.4303652E+001  0.1577477E+002 -0.6307878E+001  0.0000000E+000
 205.000    23072004  0.5143629E+001  0.4600990E+001  0.4312212E+001  0.1590646E+002 -0.6366506E+001  0.0000000E+000
 206.000    24072004  0.5158312E+001  0.4602175E+001  0.4317263E+001  0.1598408E+002 -0.6416864E+001  0.0000000E+000
 207.000    25072004  0.5169660E+001  0.4600819E+001  0.4321355E+001  0.1605388E+002 -0.6463943E+001  0.0000000E+000
 208.000    26072004  0.5229557E+001  0.4598031E+001  0.4325536E+001  0.1617845E+002 -0.6518944E+001  0.0000000E+000
 209.000    27072004  0.5238391E+001  0.4593926E+001  0.4329794E+001  0.1625113E+002 -0.6573548E+001  0.0000000E+000
 210.000    28072004  0.5268225E+001  0.4588847E+001  0.4332605E+001  0.1634432E+002 -0.6629997E+001  0.0000000E+000
 211.000    29072004  0.5288114E+001  0.4583418E+001  0.4336694E+001  0.1642383E+002 -0.6683711E+001  0.0000000E+000
 212.000    30072004  0.5330487E+001  0.4577905E+001  0.4340119E+001  0.1652714E+002 -0.6738808E+001  0.0000000E+000
 213.000    31072004  0.5374208E+001  0.4572026E+001  0.4343330E+001  0.1663316E+002 -0.6795505E+001  0.0000000E+000
 214.000    01082004  0.5406223E+001  0.4564365E+001  0.4345788E+001  0.1672765E+002 -0.6852741E+001  0.0000000E+000
 215.000    02082004  0.5432576E+001  0.4555659E+001  0.4346519E+001  0.1681404E+002 -0.6907716E+001  0.0000000E+000
 216.000    03082004  0.5469927E+001  0.4550126E+001  0.4347575E+001  0.1691065E+002 -0.6962627E+001  0.0000000E+000
 217.000    04082004  0.5523787E+001  0.4541866E+001  0.4349824E+001  0.1702599E+002 -0.7018207E+001  0.0000000E+000
 218.000    05082004  0.5563994E+001  0.4536904E+001  0.4350780E+001  0.1712508E+002 -0.7071343E+001  0.0000000E+000
 219.000    06082004  0.5608352E+001  0.4539015E+001  0.4350355E+001  0.1721510E+002 -0.7106145E+001  0.0000000E+000
 220.000    07082004  0.5651119E+001  0.4543537E+001  0.4350573E+001  0.1730524E+002 -0.7139305E+001  0.0000000E+000
 221.000    08082004  0.5692793E+001  0.4548119E+001  0.4352674E+001  0.1739858E+002 -0.7177318E+001  0.0000000E+000
 222.000    09082004  0.5731926E+001  0.4552026E+001  0.4354226E+001  0.1749275E+002 -0.7219404E+001  0.0000000E+000
 223.000    10082004  0.5774499E+001  0.4554777E+001  0.4356445E+001  0.1759327E+002 -0.7266152E+001  0.0000000E+000
 224.000    11082004  0.5811624E+001  0.4553769E+001  0.4359480E+001  0.1769091E+002 -0.7316490E+001  0.0000000E+000
 225.000    12082004  0.5828017E+001  0.4552806E+001  0.4360700E+001  0.1776118E+002 -0.7361713E+001  0.0000000E+000
 226.000    13082004  0.5853450E+001  0.4548555E+001  0.4360855E+001  0.1784067E+002 -0.7408959E+001  0.0000000E+000
 227.000    14082004  0.5871270E+001  0.4547600E+001  0.4359515E+001  0.1790289E+002 -0.7446514E+001  0.0000000E+000
 228.000    15082004  0.5892609E+001  0.4545663E+001  0.4358212E+001  0.1796677E+002 -0.7481929E+001  0.0000000E+000
 229.000    16082004  0.5935346E+001  0.4541277E+001  0.4356988E+001  0.1805980E+002 -0.7525983E+001  0.0000000E+000
 230.000    17082004  0.5978903E+001  0.4538180E+001  0.4355475E+001  0.1815557E+002 -0.7571679E+001  0.0000000E+000
 231.000    18082004  0.6022668E+001  0.4534047E+001  0.4355070E+001  0.1825602E+002 -0.7623153E+001  0.0000000E+000
 232.000    19082004  0.6071433E+001  0.4528533E+001  0.4355130E+001  0.1836584E+002 -0.7679663E+001  0.0000000E+000
 233.000    20082004  0.6117763E+001  0.4523208E+001  0.4354713E+001  0.1847136E+002 -0.7734431E+001  0.0000000E+000
 234.000    21082004  0.6150936E+001  0.4515764E+001  0.4353704E+001  0.1856295E+002 -0.7789488E+001  0.0000000E+000
 235.000    22082004  0.6196458E+001  0.4512538E+001  0.4352564E+001  0.1865735E+002 -0.7832601E+001  0.0000000E+000
 236.000    23082004  0.6237522E+001  0.4509164E+001  0.4350865E+001  0.1874926E+002 -0.7876138E+001  0.0000000E+000
 237.000    24082004  0.6284392E+001  0.4506125E+001  0.4350050E+001  0.1884668E+002 -0.7919632E+001  0.0000000E+000
 238.000    25082004  0.6326466E+001  0.4505218E+001  0.4349639E+001  0.1893861E+002 -0.7961657E+001  0.0000000E+000
 239.000    26082004  0.6371182E+001  0.4502280E+001  0.4348720E+001  0.1903664E+002 -0.8007847E+001  0.0000000E+000
 240.000    27082004  0.6437274E+001  0.4499639E+001  0.4348208E+001  0.1916119E+002 -0.8059038E+001  0.0000000E+000
 241.000    28082004  0.6518054E+001  0.4497842E+001  0.4346771E+001  0.1930419E+002 -0.8111823E+001  0.0000000E+000
 242.000    29082004  0.6543917E+001  0.4496794E+001  0.4344429E+001  0.1939199E+002 -0.8164344E+001  0.0000000E+000
 243.000    30082004  0.6554196E+001  0.4491679E+001  0.4340182E+001  0.1945874E+002 -0.8216155E+001  0.0000000E+000
 244.000    31082004  0.6587917E+001  0.4480385E+001  0.4335129E+001  0.1954808E+002 -0.8268653E+001  0.0000000E+000
 245.000    01092004  0.6616490E+001  0.4468335E+001  0.4329402E+001  0.1962708E+002 -0.8316295E+001  0.0000000E+000
 246.000    02092004  0.6655708E+001  0.4461527E+001  0.4324000E+001  0.1971113E+002 -0.8357904E+001  0.0000000E+000
 247.000    03092004  0.6697165E+001  0.4456890E+001  0.4319059E+001  0.1979820E+002 -0.8398003E+001  0.0000000E+000
 248.000    04092004  0.6732159E+001  0.4450652E+001  0.4313310E+001  0.1988354E+002 -0.8443141E+001  0.0000000E+000
 249.000    05092004  0.6770701E+001  0.4444283E+001  0.4306857E+001  0.1997255E+002 -0.8488954E+001  0.0000000E+000
 250.000    06092004  0.6795616E+001  0.4436242E+001  0.4299807E+001  0.2004904E+002 -0.8537039E+001  0.0000000E+000
 251.000    07092004  0.6803839E+001  0.4426470E+001  0.4292018E+001  0.2010503E+002 -0.8582638E+001  0.0000000E+000
 252.000    08092004  0.6842012E+001  0.4414075E+001  0.4281789E+001  0.2019409E+002 -0.8632054E+001  0.0000000E+000
 253.000    09092004  0.6879495E+001  0.4401974E+001  0.4273603E+001  0.2027816E+002 -0.8676725E+001  0.0000000E+000
 254.000    10092004  0.6920118E+001  0.4394882E+001  0.4266106E+001  0.2036277E+002 -0.8716231E+001  0.0000000E+000
 255.000    11092004  0.6957831E+001  0.4387914E+001  0.4258879E+001  0.2044488E+002 -0.8755350E+001  0.0000000E+000
 256.000    12092004  0.6994472E+001  0.4383241E+001  0.4251875E+001  0.2052588E+002 -0.8793255E+001  0.0000000E+000
 257.000    13092004  0.7027776E+001  0.4379133E+001  0.4244491E+001  0.2060497E+002 -0.8831584E+001  0.0000000E+000
 258.000    14092004  0.7045588E+001  0.4373702E+001  0.4235816E+001  0.2066678E+002 -0.8868270E+001  0.0000000E+000
 259.000    15092004  0.7072441E+001  0.4367497E+001  0.4226695E+001  0.2073834E+002 -0.8905536E+001  0.0000000E+000
 260.000    16092004  0.7095025E+001  0.4361292E+001  0.4215693E+001  0.2080974E+002 -0.8947199E+001  0.0000000E+000
 261.000    17092004  0.7117238E+001  0.4349464E+001  0.4202479E+001  0.2088489E+002 -0.8995272E+001  0.0000000E+000
 262.000    18092004  0.7140567E+001  0.4341950E+001  0.4193631E+001  0.2094303E+002 -0.9025541E+001  0.0000000E+000
 263.000    19092004  0.7205319E+001  0.4340067E+001  0.4187507E+001  0.2104072E+002 -0.9050616E+001  0.0000000E+000
 264.000    20092004  0.7235080E+001  0.4341517E+001  0.4182040E+001  0.2110670E+002 -0.9076098E+001  0.0000000E+000
 265.000    21092004  0.7265940E+001  0.4343847E+001  0.4176293E+001  0.2117643E+002 -0.9103476E+001  0.0000000E+000
 266.000    22092004  0.7318749E+001  0.4345134E+001  0.4169255E+001  0.2127674E+002 -0.9139125E+001  0.0000000E+000
 267.000    23092004  0.7346058E+001  0.4345751E+001  0.4160124E+001  0.2135603E+002 -0.9178042E+001  0.0000000E+000
 268.000    24092004  0.7393992E+001  0.4346732E+001  0.4151555E+001  0.2145384E+002 -0.9215093E+001  0.0000000E+000
 269.000    25092004  0.7445132E+001  0.4350078E+001  0.4143401E+001  0.2155547E+002 -0.9250905E+001  0.0000000E+000
 270.000    26092004  0.7486797E+001  0.4353234E+001  0.4134252E+001  0.2165080E+002 -0.9289605E+001  0.0000000E+000
 271.000    27092004  0.7481448E+001  0.4351160E+001  0.4121903E+001  0.2170446E+002 -0.9335273E+001  0.0000000E+000
 272.000    28092004  0.7489756E+001  0.4344511E+001  0.4105165E+001  0.2176805E+002 -0.9381212E+001  0.0000000E+000
 273.000    29092004  0.7526226E+001  0.4339778E+001  0.4091262E+001  0.2185147E+002 -0.9418730E+001  0.0000000E+000
 274.000    30092004  0.7575469E+001  0.4337037E+001  0.4077360E+001  0.2195092E+002 -0.9457357E+001  0.0000000E+000
 275.000    01102004  0.7580800E+001  0.4332892E+001  0.4060660E+001  0.2201226E+002 -0.9501297E+001  0.0000000E+000
 276.000    02102004  0.7603762E+001  0.4326785E+001  0.4041982E+001  0.2209016E+002 -0.9544138E+001  0.0000000E+000
 277.000    03102004  0.7640674E+001  0.4322039E+001  0.4027120E+001  0.2217598E+002 -0.9580579E+001  0.0000000E+000
 278.000    04102004  0.7673079E+001  0.4318719E+001  0.4012747E+001  0.2225500E+002 -0.9615170E+001  0.0000000E+000
 279.000    05102004  0.7691157E+001  0.4317923E+001  0.4001607E+001  0.2231244E+002 -0.9641599E+001  0.0000000E+000
 280.000    06102004  0.7727445E+001  0.4319357E+001  0.3991012E+001  0.2238725E+002 -0.9665280E+001  0.0000000E+000
 281.000    07102004  0.7767621E+001  0.4323377E+001  0.3980884E+001  0.2246813E+002 -0.9688900E+001  0.0000000E+000
 282.000    08102004  0.7808698E+001  0.4329869E+001  0.3970889E+001  0.2255257E+002 -0.9713585E+001  0.0000000E+000
 283.000    09102004  0.7843978E+001  0.4336156E+001  0.3959284E+001  0.2263936E+002 -0.9744014E+001  0.0000000E+000
 284.000    10102004  0.7877834E+001  0.4339737E+001  0.3945669E+001  0.2272986E+002 -0.9779930E+001  0.0000000E+000
 285.000    11102004  0.7913421E+001  0.4345329E+001  0.3935184E+001  0.2281199E+002 -0.9807342E+001  0.0000000E+000
 286.000    12102004  0.7942518E+001  0.4351953E+001  0.3923065E+001  0.2289349E+002 -0.9838475E+001  0.0000000E+000
 287.000    13102004  0.7941908E+001  0.4353141E+001  0.3905577E+001  0.2295574E+002 -0.9880156E+001  0.0000000E+000
 288.000    14102004  0.7970934E+001  0.4354919E+001  0.3891968E+001  0.2303551E+002 -0.9912965E+001  0.0000000E+000
 289.000    15102004  0.8005193E+001  0.4357485E+001  0.3880551E+001  0.2311474E+002 -0.9940968E+001  0.0000000E+000
 290.000    16102004  0.8028202E+001  0.4363842E+001  0.3872151E+001  0.2317645E+002 -0.9962108E+001  0.0000000E+000
 291.000    17102004  0.8049002E+001  0.4371026E+001  0.3863918E+001  0.2323372E+002 -0.9980733E+001  0.0000000E+000
 292.000    18102004  0.8046932E+001  0.4376195E+001  0.3851551E+001  0.2328187E+002 -0.1001045E+002  0.0000000E+000
 293.000    19102004  0.8047273E+001  0.4373089E+001  0.3830971E+001  0.2334914E+002 -0.1005558E+002  0.0000000E+000
 294.000    20102004  0.8045108E+001  0.4369796E+001  0.3814920E+001  0.2339797E+002 -0.1008720E+002  0.0000000E+000
 295.000    21102004  0.7966988E+001  0.4368754E+001  0.3800465E+001  0.2344927E+002 -0.1011387E+002  0.0000000E+000
 296.000    22102004  0.7892692E+001  0.4368109E+001  0.3787225E+001  0.2349669E+002 -0.1013888E+002  0.0000000E+000
 297.000    23102004  0.7836307E+001  0.4369821E+001  0.3776343E+001  0.2355245E+002 -0.1015957E+002  0.0000000E+000
 298.000    24102004  0.7771108E+001  0.4371476E+001  0.3763925E+001  0.2359851E+002 -0.1018278E+002  0.0000000E+000
 299.000    25102004  0.7733030E+001  0.4371643E+001  0.3748406E+001  0.2367445E+002 -0.1021185E+002  0.0000000E+000
 300.000    26102004  0.7696814E+001  0.4374399E+001  0.3735014E+001  0.2374532E+002 -0.1023746E+002  0.0000000E+000
 301.000    27102004  0.7635255E+001  0.4377344E+001  0.3722479E+001  0.2378685E+002 -0.1026228E+002  0.0000000E+000
 302.000    28102004  0.7588515E+001  0.4378067E+001  0.3708768E+001  0.2383992E+002 -0.1028858E+002  0.0000000E+000
 303.000    29102004  0.7545939E+001  0.4377373E+001  0.3692316E+001  0.2389966E+002 -0.1031866E+002  0.0000000E+000
 304.000    30102004  0.7507622E+001  0.4372754E+001  0.3667456E+001  0.2397741E+002 -0.1036136E+002  0.0000000E+000
 305.000    31102004  0.7453455E+001  0.4366335E+001  0.3642740E+001  0.2403000E+002 -0.1040062E+002  0.0000000E+000
 306.000    01112004  0.7430734E+001  0.4361266E+001  0.3617916E+001  0.2411206E+002 -0.1043808E+002  0.0000000E+000
 307.000    02112004  0.7404207E+001  0.4356986E+001  0.3591491E+001  0.2419137E+002 -0.1047693E+002  0.0000000E+000
 308.000    03112004  0.7373584E+001  0.4351715E+001  0.3565475E+001  0.2426278E+002 -0.1051521E+002  0.0000000E+000
 309.000    04112004  0.7324998E+001  0.4350468E+001  0.3551061E+001  0.2428957E+002 -0.1053707E+002  0.0000000E+000
 310.000    05112004  0.7314693E+001  0.4350774E+001  0.3541022E+001  0.2434396E+002 -0.1055305E+002  0.0000000E+000
 311.000    06112004  0.7307879E+001  0.4354189E+001  0.3530049E+001  0.2440172E+002 -0.1056816E+002  0.0000000E+000
 312.000    07112004  0.7294569E+001  0.4357519E+001  0.3517536E+001  0.2446703E+002 -0.1058953E+002  0.0000000E+000
 313.000    08112004  0.7139937E+001  0.4361100E+001  0.3506323E+001  0.2452126E+002 -0.1061134E+002  0.0000000E+000
 314.000    09112004  0.7000214E+001  0.4366938E+001  0.3495929E+001  0.2456645E+002 -0.1062270E+002  0.0000000E+000
 315.000    10112004  0.6872510E+001  0.4374242E+001  0.3486058E+001  0.2461459E+002 -0.1063312E+002  0.0000000E+000
 316.000    11112004  0.6738812E+001  0.4381466E+001  0.3476587E+001  0.2465640E+002 -0.1064967E+002  0.0000000E+000
 317.000    12112004  0.6590785E+001  0.4384311E+001  0.3463532E+001  0.2468365E+002 -0.1067442E+002  0.0000000E+000
 318.000    13112004  0.6493493E+001  0.4387532E+001  0.3455593E+001  0.2473890E+002 -0.1068961E+002  0.0000000E+000
 319.000    14112004  0.6394200E+001  0.4393119E+001  0.3445108E+001  0.2477854E+002 -0.1069926E+002  0.0000000E+000
 320.000    15112004  0.6295955E+001  0.4399285E+001  0.3435928E+001  0.2481573E+002 -0.1071018E+002  0.0000000E+000
 321.000    16112004  0.6201112E+001  0.4405388E+001  0.3429054E+001  0.2485037E+002 -0.1072248E+002  0.0000000E+000
 322.000    17112004  0.6126601E+001  0.4410760E+001  0.3421572E+001  0.2490500E+002 -0.1073953E+002  0.0000000E+000
 323.000    18112004  0.6047642E+001  0.4414696E+001  0.3410201E+001  0.2496019E+002 -0.1076417E+002  0.0000000E+000
 324.000    19112004  0.5969020E+001  0.4414665E+001  0.3396253E+001  0.2501643E+002 -0.1079403E+002  0.0000000E+000
 325.000    20112004  0.5897766E+001  0.4412996E+001  0.3381374E+001  0.2507797E+002 -0.1082609E+002  0.0000000E+000
 326.000    21112004  0.5834015E+001  0.4410880E+001  0.3366192E+001  0.2513980E+002 -0.1085649E+002  0.0000000E+000
 327.000    22112004  0.5761449E+001  0.4410455E+001  0.3351928E+001  0.2518487E+002 -0.1088313E+002  0.0000000E+000
 328.000    23112004  0.5673508E+001  0.4407606E+001  0.3336816E+001  0.2521035E+002 -0.1091089E+002  0.0000000E+000
 329.000    24112004  0.5599282E+001  0.4402002E+001  0.3316155E+001  0.2525326E+002 -0.1094299E+002  0.0000000E+000
 330.000    25112004  0.5549797E+001  0.4398292E+001  0.3301419E+001  0.2530406E+002 -0.1096519E+002  0.0000000E+000
 331.000    26112004  0.5443629E+001  0.4399934E+001  0.3290456E+001  0.2533649E+002 -0.1097376E+002  0.0000000E+000
 332.000    27112004  0.5339522E+001  0.4402937E+001  0.3279610E+001  0.2537034E+002 -0.1098510E+002  0.0000000E+000
 333.000    28112004  0.5252026E+001  0.4405209E+001  0.3269986E+001  0.2541945E+002 -0.1100141E+002  0.0000000E+000
 334.000    29112004  0.5168301E+001  0.4409074E+001  0.3263577E+001  0.2545881E+002 -0.1101292E+002  0.0000000E+000
 335.000    30112004  0.5098197E+001  0.4413355E+001  0.3254738E+001  0.2550188E+002 -0.1102752E+002  0.0000000E+000
 336.000    01122004  0.5024301E+001  0.4415070E+001  0.3244991E+001  0.2554160E+002 -0.1104760E+002  0.0000000E+000
 337.000    02122004  0.4964612E+001  0.4419240E+001  0.3236666E+001  0.2558005E+002 -0.1105862E+002  0.0000000E+000
 338.000    03122004  0.4903032E+001  0.4423378E+001  0.3230666E+001  0.2561173E+002 -0.1106974E+002  0.0000000E+000
 339.000    04122004  0.4847843E+001  0.4428002E+001  0.3223302E+001  0.2564632E+002 -0.1107985E+002  0.0000000E+000
 340.000    05122004  0.4798921E+001  0.4432301E+001  0.3217197E+001  0.2568792E+002 -0.1109378E+002  0.0000000E+000
 341.000    06122004  0.4747601E+001  0.4436182E+001  0.3209510E+001  0.2572848E+002 -0.1111143E+002  0.0000000E+000
 342.000    07122004  0.4690228E+001  0.4434738E+001  0.3193191E+001  0.2578300E+002 -0.1114535E+002  0.0000000E+000
 343.000    08122004  0.4638352E+001  0.4430895E+001  0.3180477E+001  0.2582367E+002 -0.1117078E+002  0.0000000E+000
 344.000    09122004  0.4586849E+001  0.4432511E+001  0.3173032E+001  0.2584833E+002 -0.1118467E+002  0.0000000E+000
 345.000    10122004  0.4553029E+001  0.4430698E+001  0.3157948E+001  0.2590729E+002 -0.1121140E+002  0.0000000E+000
 346.000    11122004  0.4516132E+001  0.4431421E+001  0.3150282E+001  0.2594421E+002 -0.1122720E+002  0.0000000E+000
 347.000    12122004  0.4482093E+001  0.4434274E+001  0.3143854E+001  0.2597732E+002 -0.1123906E+002  0.0000000E+000
 348.000    13122004  0.4453134E+001  0.4437123E+001  0.3137594E+001  0.2601549E+002 -0.1125156E+002  0.0000000E+000
 349.000    14122004  0.4383943E+001  0.4440531E+001  0.3128467E+001  0.2603378E+002 -0.1125797E+002  0.0000000E+000
 350.000    15122004  0.4313701E+001  0.4443639E+001  0.3119643E+001  0.2604507E+002 -0.1126305E+002  0.0000000E+000
 351.000    16122004  0.4260336E+001  0.4446273E+001  0.3112412E+001  0.2607102E+002 -0.1126940E+002  0.0000000E+000
 352.000    17122004  0.4213819E+001  0.4449412E+001  0.3105578E+001  0.2610248E+002 -0.1127725E+002  0.0000000E+000
 353.000    18122004  0.4183339E+001  0.4452690E+001  0.3098793E+001  0.2613276E+002 -0.1128477E+002  0.0000000E+000
 354.000    19122004  0.4153045E+001  0.4456115E+001  0.3094143E+001  0.2615844E+002 -0.1129099E+002  0.0000000E+000
 355.000    20122004  0.4106462E+001  0.4457152E+001  0.3090154E+001  0.2615978E+002 -0.1129489E+002  0.0000000E+000
 356.000    21122004  0.4080000E+001  0.4458246E+001  0.3087028E+001  0.2618434E+002 -0.1130200E+002  0.0000000E+000
 357.000    22122004  0.4053178E+001  0.4460318E+001  0.3080783E+001  0.2621773E+002 -0.1131487E+002  0.0000000E+000
 358.000    23122004  0.4017952E+001  0.4460011E+001  0.3071605E+001  0.2624902E+002 -0.1133304E+002  0.0000000E+000
 359.000    24122004  0.3991658E+001  0.4459029E+001  0.3060944E+001  0.2626341E+002 -0.1133823E+002  0.0000000E+000
 360.000    25122004  0.3962207E+001  0.4457995E+001  0.3056184E+001  0.2627241E+002 -0.1134308E+002  0.0000000E+000
 361.000    26122004  0.3936418E+001  0.4455936E+001  0.3051745E+001  0.2628233E+002 -0.1134773E+002  0.0000000E+000
 362.000    27122004  0.3915719E+001  0.4453968E+001  0.3047525E+001  0.2629596E+002 -0.1135251E+002  0.0000000E+000
 363.000    28122004  0.3895864E+001  0.4452105E+001  0.3043515E+001  0.2630913E+002 -0.1135733E+002  0.0000000E+000
 364.000    29122004  0.3887006E+001  0.4451556E+001  0.3039925E+001  0.2634129E+002 -0.1136674E+002  0.0000000E+000
 365.000    30122004  0.3882230E+001  0.4451236E+001  0.3034020E+001  0.2638391E+002 -0.1138012E+002  0.0000000E+000
 366.000    31122004  0.3874444E+001  0.4451096E+001  0.3027556E+001  0.2642148E+002 -0.1139291E+002  0.0000000E+000
