    DOY     DATE    SHOOT_C         ROOT_C          LAI             GPP             AUTO_RESP       HVST_C          
   1.000    01011991  0.3637264E+004  0.3197929E+003  0.8984790E+001  0.1996126E+001 -0.1135639E+001  0.0000000E+000
   2.000    02011991  0.3637799E+004  0.3200713E+003  0.8977083E+001  0.4561478E+001 -0.2460568E+001  0.0000000E+000
   3.000    03011991  0.3638590E+004  0.3203869E+003  0.8970546E+001  0.7403305E+001 -0.3830635E+001  0.0000000E+000
   4.000    04011991  0.3639463E+004  0.3207393E+003  0.8966929E+001  0.1029297E+002 -0.5235102E+001  0.0000000E+000
   5.000    05011991  0.3639356E+004  0.3211237E+003  0.8957535E+001  0.1221437E+002 -0.6386518E+001  0.0000000E+000
   6.000    06011991  0.3640036E+004  0.3215337E+003  0.8951362E+001  0.1523164E+002 -0.7914008E+001  0.0000000E+000
   7.000    07011991  0.3641524E+004  0.3218694E+003  0.8950967E+001  0.1906503E+002 -0.9797792E+001  0.0000000E+000
   8.000    08011991  0.3640207E+004  0.3222634E+003  0.8938871E+001  0.1984406E+002 -0.1088793E+002  0.0000000E+000
   9.000    09011991  0.3639962E+004  0.3226667E+003  0.8929074E+001  0.2167544E+002 -0.1201861E+002  0.0000000E+000
  10.000    10011991  0.3640276E+004  0.3230851E+003  0.8922725E+001  0.2410212E+002 -0.1332036E+002  0.0000000E+000
  11.000    11011991  0.3641247E+004  0.3234970E+003  0.8919910E+001  0.2733940E+002 -0.1491234E+002  0.0000000E+000
  12.000    12011991  0.3641695E+004  0.3237707E+003  0.8921391E+001  0.3051141E+002 -0.1723106E+002  0.0000000E+000
  13.000    13011991  0.3641613E+004  0.3240540E+003  0.8915362E+001  0.3248368E+002 -0.1868217E+002  0.0000000E+000
  14.000    14011991  0.3641510E+004  0.3244192E+003  0.8906048E+001  0.3441594E+002 -0.1983522E+002  0.0000000E+000
  15.000    15011991  0.3642153E+004  0.3248156E+003  0.8898807E+001  0.3728082E+002 -0.2120921E+002  0.0000000E+000
  16.000    16011991  0.3643705E+004  0.3251245E+003  0.8901015E+001  0.4200490E+002 -0.2393684E+002  0.0000000E+000
  17.000    17011991  0.3644256E+004  0.3253097E+003  0.8898841E+001  0.4497303E+002 -0.2598335E+002  0.0000000E+000
  18.000    18011991  0.3644398E+004  0.3256089E+003  0.8891200E+001  0.4722340E+002 -0.2734586E+002  0.0000000E+000
  19.000    19011991  0.3644972E+004  0.3259493E+003  0.8883391E+001  0.4987282E+002 -0.2862859E+002  0.0000000E+000
  20.000    20011991  0.3646159E+004  0.3263193E+003  0.8880176E+001  0.5339398E+002 -0.3030227E+002  0.0000000E+000
  21.000    21011991  0.3646562E+004  0.3266344E+003  0.8878322E+001  0.5591765E+002 -0.3191710E+002  0.0000000E+000
  22.000    22011991  0.3645068E+004  0.3270103E+003  0.8865018E+001  0.5641593E+002 -0.3284418E+002  0.0000000E+000
  23.000    23011991  0.3644170E+004  0.3273788E+003  0.8854492E+001  0.5738951E+002 -0.3375232E+002  0.0000000E+000
  24.000    24011991  0.3644261E+004  0.3277507E+003  0.8844445E+001  0.5948336E+002 -0.3479680E+002  0.0000000E+000
  25.000    25011991  0.3643428E+004  0.3281310E+003  0.8832373E+001  0.6070220E+002 -0.3578926E+002  0.0000000E+000
  26.000    26011991  0.3642585E+004  0.3285048E+003  0.8821975E+001  0.6176457E+002 -0.3670316E+002  0.0000000E+000
  27.000    27011991  0.3642382E+004  0.3288734E+003  0.8813455E+001  0.6363345E+002 -0.3784169E+002  0.0000000E+000
  28.000    28011991  0.3643286E+004  0.3292411E+003  0.8808156E+001  0.6682091E+002 -0.3931449E+002  0.0000000E+000
  29.000    29011991  0.3645160E+004  0.3296103E+003  0.8807599E+001  0.7107938E+002 -0.4107264E+002  0.0000000E+000
  30.000    30011991  0.3644943E+004  0.3297466E+003  0.8803574E+001  0.7612651E+002 -0.4336457E+002  0.0000000E+000
  31.000    31011991  0.3645588E+004  0.3299194E+003  0.8802421E+001  0.7959296E+002 -0.4583301E+002  0.0000000E+000
  32.000    01021991  0.3645181E+004  0.3301969E+003  0.8792147E+001  0.8106827E+002 -0.4684468E+002  0.0000000E+000
  33.000    02021991  0.3645390E+004  0.3305111E+003  0.8784163E+001  0.8347452E+002 -0.4817624E+002  0.0000000E+000
  34.000    03021991  0.3646029E+004  0.3308216E+003  0.8779626E+001  0.8653744E+002 -0.4988993E+002  0.0000000E+000
  35.000    04021991  0.3646828E+004  0.3310826E+003  0.8776501E+001  0.8982070E+002 -0.5179313E+002  0.0000000E+000
  36.000    05021991  0.3648045E+004  0.3312785E+003  0.8775262E+001  0.9373292E+002 -0.5403446E+002  0.0000000E+000
  37.000    06021991  0.3649195E+004  0.3313491E+003  0.8776747E+001  0.9748989E+002 -0.5640279E+002  0.0000000E+000
  38.000    07021991  0.3651378E+004  0.3313924E+003  0.8778475E+001  0.1025685E+003 -0.5909343E+002  0.0000000E+000
  39.000    08021991  0.3653105E+004  0.3314247E+003  0.8779461E+001  0.1067383E+003 -0.6134800E+002  0.0000000E+000
  40.000    09021991  0.3653794E+004  0.3316059E+003  0.8772092E+001  0.1096325E+003 -0.6301043E+002  0.0000000E+000
  41.000    10021991  0.3654594E+004  0.3318484E+003  0.8766992E+001  0.1126735E+003 -0.6463925E+002  0.0000000E+000
  42.000    11021991  0.3655349E+004  0.3321270E+003  0.8761795E+001  0.1154950E+003 -0.6607175E+002  0.0000000E+000
  43.000    12021991  0.3654994E+004  0.3324663E+003  0.8751370E+001  0.1171011E+003 -0.6711476E+002  0.0000000E+000
  44.000    13021991  0.3656285E+004  0.3328497E+003  0.8744298E+001  0.1208230E+003 -0.6864781E+002  0.0000000E+000
  45.000    14021991  0.3658598E+004  0.3331796E+003  0.8746097E+001  0.1259546E+003 -0.7097887E+002  0.0000000E+000
  46.000    15021991  0.3658039E+004  0.3335051E+003  0.8737462E+001  0.1274870E+003 -0.7230057E+002  0.0000000E+000
  47.000    16021991  0.3656414E+004  0.3338701E+003  0.8725480E+001  0.1276874E+003 -0.7309072E+002  0.0000000E+000
  48.000    17021991  0.3656241E+004  0.3342220E+003  0.8716536E+001  0.1293243E+003 -0.7398706E+002  0.0000000E+000
  49.000    18021991  0.3656851E+004  0.3346047E+003  0.8708320E+001  0.1320097E+003 -0.7512648E+002  0.0000000E+000
  50.000    19021991  0.3659179E+004  0.3349915E+003  0.8711347E+001  0.1377223E+003 -0.7791385E+002  0.0000000E+000
  51.000    20021991  0.3661106E+004  0.3351872E+003  0.8714916E+001  0.1438613E+003 -0.8174033E+002  0.0000000E+000
  52.000    21021991  0.3663482E+004  0.3352015E+003  0.8716576E+001  0.1492275E+003 -0.8455414E+002  0.0000000E+000
  53.000    22021991  0.3666039E+004  0.3352606E+003  0.8717665E+001  0.1543389E+003 -0.8689059E+002  0.0000000E+000
  54.000    23021991  0.3667563E+004  0.3353908E+003  0.8712326E+001  0.1578952E+003 -0.8859595E+002  0.0000000E+000
  55.000    24021991  0.3667828E+004  0.3356871E+003  0.8703699E+001  0.1601440E+003 -0.8976712E+002  0.0000000E+000
  56.000    25021991  0.3670245E+004  0.3360341E+003  0.8701402E+001  0.1649604E+003 -0.9152278E+002  0.0000000E+000
  57.000    26021991  0.3671380E+004  0.3363726E+003  0.8700220E+001  0.1681563E+003 -0.9306339E+002  0.0000000E+000
  58.000    27021991  0.3671482E+004  0.3367987E+003  0.8692269E+001  0.1703157E+003 -0.9419807E+002  0.0000000E+000
  59.000    28021991  0.3672234E+004  0.3372614E+003  0.8686458E+001  0.1736307E+003 -0.9582959E+002  0.0000000E+000
  60.000    01031991  0.3671340E+004  0.3374396E+003  0.8679821E+001  0.1782623E+003 -0.9825377E+002  0.0000000E+000
  61.000    02031991  0.3673358E+004  0.3375424E+003  0.8683408E+001  0.1843558E+003 -0.1020623E+003  0.0000000E+000
  62.000    03031991  0.3675792E+004  0.3375989E+003  0.8685198E+001  0.1898095E+003 -0.1048693E+003  0.0000000E+000
  63.000    04031991  0.3677538E+004  0.3376490E+003  0.8686417E+001  0.1942214E+003 -0.1073363E+003  0.0000000E+000
  64.000    05031991  0.3678608E+004  0.3378949E+003  0.8677544E+001  0.1975387E+003 -0.1089617E+003  0.0000000E+000
  65.000    06031991  0.3680590E+004  0.3381976E+003  0.8675469E+001  0.2021984E+003 -0.1110616E+003  0.0000000E+000
  66.000    07031991  0.3683366E+004  0.3384000E+003  0.8677937E+001  0.2083078E+003 -0.1140471E+003  0.0000000E+000
  67.000    08031991  0.3685064E+004  0.3386896E+003  0.8674291E+001  0.2121002E+003 -0.1156322E+003  0.0000000E+000
  68.000    09031991  0.3685658E+004  0.3390993E+003  0.8667191E+001  0.2148624E+003 -0.1169345E+003  0.0000000E+000
  69.000    10031991  0.3686979E+004  0.3395719E+003  0.8660641E+001  0.2184124E+003 -0.1182508E+003  0.0000000E+000
  70.000    11031991  0.3687536E+004  0.3400919E+003  0.8654003E+001  0.2212397E+003 -0.1195528E+003  0.0000000E+000
  71.000    12031991  0.3688183E+004  0.3406281E+003  0.8647261E+001  0.2242319E+003 -0.1208936E+003  0.0000000E+000
  72.000    13031991  0.3689731E+004  0.3411830E+003  0.8644207E+001  0.2281672E+003 -0.1224124E+003  0.0000000E+000
  73.000    14031991  0.3691804E+004  0.3417122E+003  0.8644842E+001  0.2328276E+003 -0.1242930E+003  0.0000000E+000
  74.000    15031991  0.3693205E+004  0.3422364E+003  0.8643162E+001  0.2366421E+003 -0.1259385E+003  0.0000000E+000
  75.000    16031991  0.3694870E+004  0.3428032E+003  0.8641090E+001  0.2408233E+003 -0.1275992E+003  0.0000000E+000
  76.000    17031991  0.3695507E+004  0.3433773E+003  0.8636891E+001  0.2436786E+003 -0.1289095E+003  0.0000000E+000
  77.000    18031991  0.3697713E+004  0.3439453E+003  0.8638449E+001  0.2491708E+003 -0.1313963E+003  0.0000000E+000
  78.000    19031991  0.3699486E+004  0.3443308E+003  0.8640505E+001  0.2540445E+003 -0.1339292E+003  0.0000000E+000
  79.000    20031991  0.3701369E+004  0.3447573E+003  0.8638377E+001  0.2589778E+003 -0.1362981E+003  0.0000000E+000
  80.000    21031991  0.3703707E+004  0.3450642E+003  0.8641546E+001  0.2652232E+003 -0.1397187E+003  0.0000000E+000
  81.000    22031991  0.3704673E+004  0.3451820E+003  0.8644996E+001  0.2726093E+003 -0.1436449E+003  0.0000000E+000
  82.000    23031991  0.3707855E+004  0.3450231E+003  0.8687687E+001  0.2807349E+003 -0.1486882E+003  0.0000000E+000
  83.000    24031991  0.3711022E+004  0.3447994E+003  0.8709341E+001  0.2877248E+003 -0.1526593E+003  0.0000000E+000
  84.000    25031991  0.3714676E+004  0.3447507E+003  0.8719993E+001  0.2941345E+003 -0.1553350E+003  0.0000000E+000
  85.000    26031991  0.3717730E+004  0.3448268E+003  0.8733352E+001  0.3002959E+003 -0.1582707E+003  0.0000000E+000
  86.000    27031991  0.3721323E+004  0.3448754E+003  0.8757126E+001  0.3081871E+003 -0.1625230E+003  0.0000000E+000
  87.000    28031991  0.3725527E+004  0.3448012E+003  0.8780815E+001  0.3168017E+003 -0.1670507E+003  0.0000000E+000
  88.000    29031991  0.3730353E+004  0.3448511E+003  0.8795261E+001  0.3248958E+003 -0.1702309E+003  0.0000000E+000
  89.000    30031991  0.3733837E+004  0.3448955E+003  0.8810384E+001  0.3317966E+003 -0.1735821E+003  0.0000000E+000
  90.000    31031991  0.3733877E+004  0.3448943E+003  0.8806782E+001  0.3363012E+003 -0.1752135E+003  0.0000000E+000
  91.000    01041991  0.3737167E+004  0.3452494E+003  0.8814188E+001  0.3422875E+003 -0.1774608E+003  0.0000000E+000
  92.000    02041991  0.3740338E+004  0.3456286E+003  0.8823370E+001  0.3483932E+003 -0.1799305E+003  0.0000000E+000
  93.000    03041991  0.3742838E+004  0.3460331E+003  0.8831847E+001  0.3536915E+003 -0.1822136E+003  0.0000000E+000
  94.000    04041991  0.3745671E+004  0.3464437E+003  0.8843110E+001  0.3597111E+003 -0.1848959E+003  0.0000000E+000
  95.000    05041991  0.3749111E+004  0.3467641E+003  0.8861249E+001  0.3670502E+003 -0.1884209E+003  0.0000000E+000
  96.000    06041991  0.3752628E+004  0.3469914E+003  0.8881949E+001  0.3750735E+003 -0.1926896E+003  0.0000000E+000
  97.000    07041991  0.3756474E+004  0.3471157E+003  0.8902108E+001  0.3835461E+003 -0.1972063E+003  0.0000000E+000
  98.000    08041991  0.3760413E+004  0.3471733E+003  0.8922064E+001  0.3923335E+003 -0.2020442E+003  0.0000000E+000
  99.000    09041991  0.3764247E+004  0.3471213E+003  0.8942198E+001  0.4013860E+003 -0.2074159E+003  0.0000000E+000
 100.000    10041991  0.3768629E+004  0.3470263E+003  0.8956949E+001  0.4103322E+003 -0.2121552E+003  0.0000000E+000
 101.000    11041991  0.3772237E+004  0.3470739E+003  0.8962056E+001  0.4166206E+003 -0.2147340E+003  0.0000000E+000
 102.000    12041991  0.3776680E+004  0.3472828E+003  0.8967243E+001  0.4237387E+003 -0.2171327E+003  0.0000000E+000
 103.000    13041991  0.3780361E+004  0.3475841E+003  0.8973210E+001  0.4301295E+003 -0.2194628E+003  0.0000000E+000
 104.000    14041991  0.3785005E+004  0.3479000E+003  0.8989033E+001  0.4388771E+003 -0.2232337E+003  0.0000000E+000
 105.000    15041991  0.3789403E+004  0.3481484E+003  0.9006461E+001  0.4477356E+003 -0.2274438E+003  0.0000000E+000
 106.000    16041991  0.3793533E+004  0.3482662E+003  0.9026445E+001  0.4570927E+003 -0.2326039E+003  0.0000000E+000
 107.000    17041991  0.3798082E+004  0.3483570E+003  0.9042191E+001  0.4666905E+003 -0.2376104E+003  0.0000000E+000
 108.000    18041991  0.3802854E+004  0.3483931E+003  0.9054977E+001  0.4759782E+003 -0.2421195E+003  0.0000000E+000
 109.000    19041991  0.3806544E+004  0.3484951E+003  0.9061809E+001  0.4827353E+003 -0.2450325E+003  0.0000000E+000
 110.000    20041991  0.3811051E+004  0.3487170E+003  0.9070350E+001  0.4904936E+003 -0.2480064E+003  0.0000000E+000
 111.000    21041991  0.3814092E+004  0.3489888E+003  0.9076163E+001  0.4963706E+003 -0.2504834E+003  0.0000000E+000
 112.000    22041991  0.3818057E+004  0.3493497E+003  0.9080925E+001  0.5030789E+003 -0.2527108E+003  0.0000000E+000
 113.000    23041991  0.3823050E+004  0.3497732E+003  0.9089048E+001  0.5114914E+003 -0.2555202E+003  0.0000000E+000
 114.000    24041991  0.3827151E+004  0.3501881E+003  0.9102400E+001  0.5200835E+003 -0.2594017E+003  0.0000000E+000
 115.000    25041991  0.3830773E+004  0.3505665E+003  0.9111113E+001  0.5273875E+003 -0.2625062E+003  0.0000000E+000
 116.000    26041991  0.3835717E+004  0.3509204E+003  0.9122883E+001  0.5364300E+003 -0.2660498E+003  0.0000000E+000
 117.000    27041991  0.3840200E+004  0.3511864E+003  0.9141286E+001  0.5465226E+003 -0.2711916E+003  0.0000000E+000
 118.000    28041991  0.3844816E+004  0.3512507E+003  0.9159914E+001  0.5569783E+003 -0.2767758E+003  0.0000000E+000
 119.000    29041991  0.3849700E+004  0.3512177E+003  0.9177783E+001  0.5680330E+003 -0.2828050E+003  0.0000000E+000
 120.000    30041991  0.3854226E+004  0.3510659E+003  0.9193311E+001  0.5785785E+003 -0.2888213E+003  0.0000000E+000
 121.000    01051991  0.3856966E+004  0.3507276E+003  0.9198724E+001  0.5892445E+003 -0.2941575E+003  0.0000000E+000
 122.000    02051991  0.3861832E+004  0.3506595E+003  0.9207790E+001  0.5988330E+003 -0.2988183E+003  0.0000000E+000
 123.000    03051991  0.3866448E+004  0.3507622E+003  0.9214076E+001  0.6074715E+003 -0.3026037E+003  0.0000000E+000
 124.000    04051991  0.3870821E+004  0.3508817E+003  0.9222482E+001  0.6160117E+003 -0.3065261E+003  0.0000000E+000
 125.000    05051991  0.3876705E+004  0.3510126E+003  0.9233756E+001  0.6266980E+003 -0.3110771E+003  0.0000000E+000
 126.000    06051991  0.3881756E+004  0.3510646E+003  0.9247949E+001  0.6375353E+003 -0.3166927E+003  0.0000000E+000
 127.000    07051991  0.3886781E+004  0.3510932E+003  0.9257373E+001  0.6473107E+003 -0.3212991E+003  0.0000000E+000
 128.000    08051991  0.3891640E+004  0.3512575E+003  0.9263964E+001  0.6561749E+003 -0.3250216E+003  0.0000000E+000
 129.000    09051991  0.3896782E+004  0.3514256E+003  0.9274273E+001  0.6661227E+003 -0.3295457E+003  0.0000000E+000
 130.000    10051991  0.3902259E+004  0.3515334E+003  0.9286129E+001  0.6769514E+003 -0.3346752E+003  0.0000000E+000
 131.000    11051991  0.3907454E+004  0.3515847E+003  0.9297493E+001  0.6874605E+003 -0.3398258E+003  0.0000000E+000
 132.000    12051991  0.3912779E+004  0.3516283E+003  0.9308767E+001  0.6985019E+003 -0.3453890E+003  0.0000000E+000
 133.000    13051991  0.3918048E+004  0.3516099E+003  0.9319264E+001  0.7096766E+003 -0.3512056E+003  0.0000000E+000
 134.000    14051991  0.3923611E+004  0.3515528E+003  0.9329125E+001  0.7211477E+003 -0.3570671E+003  0.0000000E+000
 135.000    15051991  0.3928846E+004  0.3514621E+003  0.9338696E+001  0.7325724E+003 -0.3632431E+003  0.0000000E+000
 136.000    16051991  0.3934074E+004  0.3513330E+003  0.9347105E+001  0.7438939E+003 -0.3693556E+003  0.0000000E+000
 137.000    17051991  0.3939439E+004  0.3511599E+003  0.9355329E+001  0.7555260E+003 -0.3756797E+003  0.0000000E+000
 138.000    18051991  0.3944316E+004  0.3509408E+003  0.9362902E+001  0.7669952E+003 -0.3823627E+003  0.0000000E+000
 139.000    19051991  0.3950320E+004  0.3507714E+003  0.9366819E+001  0.7769912E+003 -0.3863839E+003  0.0000000E+000
 140.000    20051991  0.3955288E+004  0.3508397E+003  0.9370292E+001  0.7851971E+003 -0.3894167E+003  0.0000000E+000
 141.000    21051991  0.3959958E+004  0.3509957E+003  0.9376349E+001  0.7939746E+003 -0.3932410E+003  0.0000000E+000
 142.000    22051991  0.3965521E+004  0.3511489E+003  0.9384842E+001  0.8050843E+003 -0.3985230E+003  0.0000000E+000
 143.000    23051991  0.3970611E+004  0.3511752E+003  0.9393447E+001  0.8165005E+003 -0.4047248E+003  0.0000000E+000
 144.000    24051991  0.3975595E+004  0.3511343E+003  0.9400355E+001  0.8274979E+003 -0.4106811E+003  0.0000000E+000
 145.000    25051991  0.3980593E+004  0.3510340E+003  0.9406947E+001  0.8387736E+003 -0.4169597E+003  0.0000000E+000
 146.000    26051991  0.3985719E+004  0.3509165E+003  0.9413256E+001  0.8502835E+003 -0.4233561E+003  0.0000000E+000
 147.000    27051991  0.3990577E+004  0.3507493E+003  0.9419608E+001  0.8612556E+003 -0.4295253E+003  0.0000000E+000
 148.000    28051991  0.3995606E+004  0.3505647E+003  0.9426216E+001  0.8728105E+003 -0.4361111E+003  0.0000000E+000
 149.000    29051991  0.4000331E+004  0.3503569E+003  0.9432176E+001  0.8844972E+003 -0.4431433E+003  0.0000000E+000
 150.000    30051991  0.4004142E+004  0.3500895E+003  0.9436877E+001  0.8955055E+003 -0.4504548E+003  0.0000000E+000
 151.000    31051991  0.4005240E+004  0.3495060E+003  0.9434698E+001  0.9066415E+003 -0.4580183E+003  0.0000000E+000
 152.000    01061991  0.4010245E+004  0.3491166E+003  0.9438555E+001  0.9182585E+003 -0.4648242E+003  0.0000000E+000
 153.000    02061991  0.4014947E+004  0.3487573E+003  0.9442711E+001  0.9291679E+003 -0.4711821E+003  0.0000000E+000
 154.000    03061991  0.4020604E+004  0.3484583E+003  0.9446716E+001  0.9410152E+003 -0.4774575E+003  0.0000000E+000
 155.000    04061991  0.4025259E+004  0.3481542E+003  0.9450723E+001  0.9524852E+003 -0.4843611E+003  0.0000000E+000
 156.000    05061991  0.4030896E+004  0.3479582E+003  0.9452956E+001  0.9628131E+003 -0.4890421E+003  0.0000000E+000
 157.000    06061991  0.4036549E+004  0.3479767E+003  0.9455341E+001  0.9728670E+003 -0.4932438E+003  0.0000000E+000
 158.000    07061991  0.4041648E+004  0.3481284E+003  0.9457973E+001  0.9824964E+003 -0.4974637E+003  0.0000000E+000
 159.000    08061991  0.4046702E+004  0.3483173E+003  0.9461196E+001  0.9927496E+003 -0.5023371E+003  0.0000000E+000
 160.000    09061991  0.4051276E+004  0.3484677E+003  0.9464706E+001  0.1003264E+004 -0.5080106E+003  0.0000000E+000
 161.000    10061991  0.4055543E+004  0.3485218E+003  0.9468083E+001  0.1013806E+004 -0.5141277E+003  0.0000000E+000
 162.000    11061991  0.4060403E+004  0.3484980E+003  0.9471132E+001  0.1024831E+004 -0.5202173E+003  0.0000000E+000
 163.000    12061991  0.4063942E+004  0.3484000E+003  0.9474081E+001  0.1034351E+004 -0.5261976E+003  0.0000000E+000
 164.000    13061991  0.4068731E+004  0.3482637E+003  0.9476668E+001  0.1045465E+004 -0.5325558E+003  0.0000000E+000
 165.000    14061991  0.4074063E+004  0.3481164E+003  0.9479086E+001  0.1057098E+004 -0.5388932E+003  0.0000000E+000
 166.000    15061991  0.4078732E+004  0.3479267E+003  0.9481549E+001  0.1068392E+004 -0.5455893E+003  0.0000000E+000
 167.000    16061991  0.4083548E+004  0.3476694E+003  0.9483742E+001  0.1080267E+004 -0.5527693E+003  0.0000000E+000
 168.000    17061991  0.4087600E+004  0.3473432E+003  0.9485676E+001  0.1090865E+004 -0.5594843E+003  0.0000000E+000
 169.000    18061991  0.4091472E+004  0.3469784E+003  0.9487383E+001  0.1101126E+004 -0.5660569E+003  0.0000000E+000
 170.000    19061991  0.4096229E+004  0.3465916E+003  0.9488924E+001  0.1112138E+004 -0.5724958E+003  0.0000000E+000
 171.000    20061991  0.4100668E+004  0.3461976E+003  0.9490314E+001  0.1122610E+004 -0.5787031E+003  0.0000000E+000
 172.000    21061991  0.4105780E+004  0.3458364E+003  0.9491612E+001  0.1134057E+004 -0.5851697E+003  0.0000000E+000
 173.000    22061991  0.4110063E+004  0.3454534E+003  0.9492757E+001  0.1145087E+004 -0.5920617E+003  0.0000000E+000
 174.000    23061991  0.4115074E+004  0.3450534E+003  0.9493602E+001  0.1156240E+004 -0.5983569E+003  0.0000000E+000
 175.000    24061991  0.4120785E+004  0.3448359E+003  0.9494202E+001  0.1166762E+004 -0.6031525E+003  0.0000000E+000
 176.000    25061991  0.4125664E+004  0.3447604E+003  0.9494795E+001  0.1176962E+004 -0.6083413E+003  0.0000000E+000
 177.000    26061991  0.4130993E+004  0.3447054E+003  0.9495348E+001  0.1187956E+004 -0.6138759E+003  0.0000000E+000
 178.000    27061991  0.4136037E+004  0.3446252E+003  0.9495943E+001  0.1199597E+004 -0.6203824E+003  0.0000000E+000
 179.000    28061991  0.4140001E+004  0.3444285E+003  0.9496532E+001  0.1210797E+004 -0.6276505E+003  0.0000000E+000
 180.000    29061991  0.4144112E+004  0.3441087E+003  0.9497045E+001  0.1222474E+004 -0.6353602E+003  0.0000000E+000
 181.000    30061991  0.4147818E+004  0.3436931E+003  0.9497520E+001  0.1233686E+004 -0.6430825E+003  0.0000000E+000
 182.000    01071991  0.4149548E+004  0.3429891E+003  0.9491628E+001  0.1245588E+004 -0.6507546E+003  0.0000000E+000
 183.000    02071991  0.4153928E+004  0.3424851E+003  0.9492088E+001  0.1257383E+004 -0.6584162E+003  0.0000000E+000
 184.000    03071991  0.4158446E+004  0.3419302E+003  0.9492560E+001  0.1269138E+004 -0.6659247E+003  0.0000000E+000
 185.000    04071991  0.4162332E+004  0.3413699E+003  0.9493044E+001  0.1280204E+004 -0.6733598E+003  0.0000000E+000
 186.000    05071991  0.4166806E+004  0.3408343E+003  0.9493488E+001  0.1291647E+004 -0.6805498E+003  0.0000000E+000
 187.000    06071991  0.4171130E+004  0.3403478E+003  0.9493928E+001  0.1303021E+004 -0.6877716E+003  0.0000000E+000
 188.000    07071991  0.4174473E+004  0.3398533E+003  0.9494365E+001  0.1314131E+004 -0.6957181E+003  0.0000000E+000
 189.000    08071991  0.4177467E+004  0.3392961E+003  0.9494761E+001  0.1324915E+004 -0.7037425E+003  0.0000000E+000
 190.000    09071991  0.4181322E+004  0.3387136E+003  0.9495119E+001  0.1335957E+004 -0.7111811E+003  0.0000000E+000
 191.000    10071991  0.4185147E+004  0.3381167E+003  0.9495510E+001  0.1346830E+004 -0.7184849E+003  0.0000000E+000
 192.000    11071991  0.4188426E+004  0.3374760E+003  0.9495943E+001  0.1356749E+004 -0.7254124E+003  0.0000000E+000
 193.000    12071991  0.4193928E+004  0.3368902E+003  0.9496385E+001  0.1368778E+004 -0.7321701E+003  0.0000000E+000
 194.000    13071991  0.4197217E+004  0.3362857E+003  0.9496846E+001  0.1379527E+004 -0.7398732E+003  0.0000000E+000
 195.000    14071991  0.4200714E+004  0.3356831E+003  0.9497185E+001  0.1390105E+004 -0.7471961E+003  0.0000000E+000
 196.000    15071991  0.4204989E+004  0.3350965E+003  0.9497535E+001  0.1401151E+004 -0.7541947E+003  0.0000000E+000
 197.000    16071991  0.4209975E+004  0.3345285E+003  0.9497934E+001  0.1412783E+004 -0.7610509E+003  0.0000000E+000
 198.000    17071991  0.4214415E+004  0.3340074E+003  0.9498364E+001  0.1423442E+004 -0.7674423E+003  0.0000000E+000
 199.000    18071991  0.4219005E+004  0.3335036E+003  0.9498826E+001  0.1434277E+004 -0.7738497E+003  0.0000000E+000
 200.000    19071991  0.4223540E+004  0.3329788E+003  0.9499325E+001  0.1445345E+004 -0.7805699E+003  0.0000000E+000
 201.000    20071991  0.4227634E+004  0.3324290E+003  0.9499817E+001  0.1456672E+004 -0.7880121E+003  0.0000000E+000
 202.000    21071991  0.4231653E+004  0.3318051E+003  0.9500260E+001  0.1468141E+004 -0.7957343E+003  0.0000000E+000
 203.000    22071991  0.4234874E+004  0.3311185E+003  0.9500634E+001  0.1479233E+004 -0.8039227E+003  0.0000000E+000
 204.000    23071991  0.4237544E+004  0.3303653E+003  0.9500947E+001  0.1489872E+004 -0.8122512E+003  0.0000000E+000
 205.000    24071991  0.4240716E+004  0.3295756E+003  0.9501234E+001  0.1500846E+004 -0.8204294E+003  0.0000000E+000
 206.000    25071991  0.4244771E+004  0.3287828E+003  0.9501576E+001  0.1512000E+004 -0.8278914E+003  0.0000000E+000
 207.000    26071991  0.4248748E+004  0.3280070E+003  0.9501955E+001  0.1522697E+004 -0.8349533E+003  0.0000000E+000
 208.000    27071991  0.4253159E+004  0.3272731E+003  0.9502337E+001  0.1533187E+004 -0.8413349E+003  0.0000000E+000
 209.000    28071991  0.4257995E+004  0.3266324E+003  0.9503177E+001  0.1543552E+004 -0.8470915E+003  0.0000000E+000
 210.000    29071991  0.4262947E+004  0.3261290E+003  0.9504256E+001  0.1553632E+004 -0.8523387E+003  0.0000000E+000
 211.000    30071991  0.4267661E+004  0.3256777E+003  0.9505341E+001  0.1563923E+004 -0.8580082E+003  0.0000000E+000
 212.000    31071991  0.4269641E+004  0.3250387E+003  0.9500081E+001  0.1575025E+004 -0.8643853E+003  0.0000000E+000
 213.000    01081991  0.4274240E+004  0.3245569E+003  0.9501053E+001  0.1586129E+004 -0.8710455E+003  0.0000000E+000
 214.000    02081991  0.4278386E+004  0.3240509E+003  0.9501924E+001  0.1596557E+004 -0.8775104E+003  0.0000000E+000
 215.000    03081991  0.4282846E+004  0.3235511E+003  0.9502820E+001  0.1607408E+004 -0.8840784E+003  0.0000000E+000
 216.000    04081991  0.4286301E+004  0.3229633E+003  0.9503611E+001  0.1618060E+004 -0.8915337E+003  0.0000000E+000
 217.000    05081991  0.4290298E+004  0.3223213E+003  0.9504259E+001  0.1628714E+004 -0.8984872E+003  0.0000000E+000
 218.000    06081991  0.4294066E+004  0.3216630E+003  0.9504951E+001  0.1639085E+004 -0.9053897E+003  0.0000000E+000
 219.000    07081991  0.4298332E+004  0.3209793E+003  0.9505644E+001  0.1650035E+004 -0.9123846E+003  0.0000000E+000
 220.000    08081991  0.4302137E+004  0.3202849E+003  0.9506298E+001  0.1660571E+004 -0.9194250E+003  0.0000000E+000
 221.000    09081991  0.4306312E+004  0.3195716E+003  0.9506944E+001  0.1671276E+004 -0.9262719E+003  0.0000000E+000
 222.000    10081991  0.4310808E+004  0.3188851E+003  0.9507606E+001  0.1682214E+004 -0.9329995E+003  0.0000000E+000
 223.000    11081991  0.4314485E+004  0.3182035E+003  0.9508224E+001  0.1692401E+004 -0.9397913E+003  0.0000000E+000
 224.000    12081991  0.4318722E+004  0.3175853E+003  0.9508778E+001  0.1702250E+004 -0.9456307E+003  0.0000000E+000
 225.000    13081991  0.4323454E+004  0.3170364E+003  0.9509402E+001  0.1712585E+004 -0.9514073E+003  0.0000000E+000
 226.000    14081991  0.4328613E+004  0.3165467E+003  0.9510093E+001  0.1723397E+004 -0.9571905E+003  0.0000000E+000
 227.000    15081991  0.4333151E+004  0.3160590E+003  0.9510835E+001  0.1733836E+004 -0.9632363E+003  0.0000000E+000
 228.000    16081991  0.4337047E+004  0.3156065E+003  0.9511493E+001  0.1743874E+004 -0.9695004E+003  0.0000000E+000
 229.000    17081991  0.4340788E+004  0.3151266E+003  0.9512136E+001  0.1754100E+004 -0.9761452E+003  0.0000000E+000
 230.000    18081991  0.4344803E+004  0.3145949E+003  0.9512748E+001  0.1764725E+004 -0.9829651E+003  0.0000000E+000
 231.000    19081991  0.4349166E+004  0.3140504E+003  0.9513341E+001  0.1775456E+004 -0.9895518E+003  0.0000000E+000
 232.000    20081991  0.4352483E+004  0.3134751E+003  0.9513949E+001  0.1784955E+004 -0.9959774E+003  0.0000000E+000
 233.000    21081991  0.4356582E+004  0.3129608E+003  0.9514423E+001  0.1794578E+004 -0.1001684E+004  0.0000000E+000
 234.000    22081991  0.4360585E+004  0.3125287E+003  0.9514924E+001  0.1804283E+004 -0.1007500E+004  0.0000000E+000
 235.000    23081991  0.4364523E+004  0.3120884E+003  0.9515497E+001  0.1814343E+004 -0.1013753E+004  0.0000000E+000
 236.000    24081991  0.4368867E+004  0.3116281E+003  0.9516098E+001  0.1824813E+004 -0.1020036E+004  0.0000000E+000
 237.000    25081991  0.4373093E+004  0.3111634E+003  0.9516689E+001  0.1834650E+004 -0.1025810E+004  0.0000000E+000
 238.000    26081991  0.4376104E+004  0.3107456E+003  0.9517234E+001  0.1842522E+004 -0.1030793E+004  0.0000000E+000
 239.000    27081991  0.4380552E+004  0.3103810E+003  0.9517841E+001  0.1852044E+004 -0.1035946E+004  0.0000000E+000
 240.000    28081991  0.4384681E+004  0.3100261E+003  0.9518538E+001  0.1861815E+004 -0.1041670E+004  0.0000000E+000
 241.000    29081991  0.4388511E+004  0.3096152E+003  0.9519258E+001  0.1872186E+004 -0.1048353E+004  0.0000000E+000
 242.000    30081991  0.4391310E+004  0.3090989E+003  0.9519877E+001  0.1882084E+004 -0.1055690E+004  0.0000000E+000
 243.000    31081991  0.4391416E+004  0.3083231E+003  0.9514011E+001  0.1891958E+004 -0.1062821E+004  0.0000000E+000
 244.000    01091991  0.4395461E+004  0.3077210E+003  0.9514441E+001  0.1902100E+004 -0.1069201E+004  0.0000000E+000
 245.000    02091991  0.4399788E+004  0.3072895E+003  0.9514841E+001  0.1911273E+004 -0.1074165E+004  0.0000000E+000
 246.000    03091991  0.4403288E+004  0.3069259E+003  0.9515345E+001  0.1920059E+004 -0.1079520E+004  0.0000000E+000
 247.000    04091991  0.4406842E+004  0.3065772E+003  0.9515896E+001  0.1929422E+004 -0.1085398E+004  0.0000000E+000
 248.000    05091991  0.4410736E+004  0.3061771E+003  0.9516458E+001  0.1939400E+004 -0.1091611E+004  0.0000000E+000
 249.000    06091991  0.4414200E+004  0.3057258E+003  0.9517045E+001  0.1948986E+004 -0.1097910E+004  0.0000000E+000
 250.000    07091991  0.4417276E+004  0.3052552E+003  0.9517576E+001  0.1957701E+004 -0.1103739E+004  0.0000000E+000
 251.000    08091991  0.4420974E+004  0.3048437E+003  0.9518024E+001  0.1966820E+004 -0.1109290E+004  0.0000000E+000
 252.000    09091991  0.4424399E+004  0.3044884E+003  0.9518438E+001  0.1975534E+004 -0.1114662E+004  0.0000000E+000
 253.000    10091991  0.4427684E+004  0.3041505E+003  0.9518908E+001  0.1984467E+004 -0.1120386E+004  0.0000000E+000
 254.000    11091991  0.4430656E+004  0.3037511E+003  0.9519415E+001  0.1993691E+004 -0.1126782E+004  0.0000000E+000
 255.000    12091991  0.4433673E+004  0.3032876E+003  0.9519864E+001  0.2002923E+004 -0.1133197E+004  0.0000000E+000
 256.000    13091991  0.4437026E+004  0.3028343E+003  0.9520290E+001  0.2011838E+004 -0.1138941E+004  0.0000000E+000
 257.000    14091991  0.4439547E+004  0.3023791E+003  0.9520769E+001  0.2020841E+004 -0.1145602E+004  0.0000000E+000
 258.000    15091991  0.4442098E+004  0.3018155E+003  0.9521191E+001  0.2030294E+004 -0.1152777E+004  0.0000000E+000
 259.000    16091991  0.4444793E+004  0.3012106E+003  0.9521586E+001  0.2039803E+004 -0.1159883E+004  0.0000000E+000
 260.000    17091991  0.4447321E+004  0.3005764E+003  0.9521964E+001  0.2049099E+004 -0.1166953E+004  0.0000000E+000
 261.000    18091991  0.4450354E+004  0.2999238E+003  0.9522332E+001  0.2058402E+004 -0.1173528E+004  0.0000000E+000
 262.000    19091991  0.4454321E+004  0.2993247E+003  0.9522749E+001  0.2068233E+004 -0.1179637E+004  0.0000000E+000
 263.000    20091991  0.4456821E+004  0.2988762E+003  0.9521071E+001  0.2074237E+004 -0.1183227E+004  0.0000000E+000
 264.000    21091991  0.4460497E+004  0.2987030E+003  0.9518827E+001  0.2081070E+004 -0.1186226E+004  0.0000000E+000
 265.000    22091991  0.4464061E+004  0.2986801E+003  0.9519005E+001  0.2088469E+004 -0.1189833E+004  0.0000000E+000
 266.000    23091991  0.4468002E+004  0.2986611E+003  0.9519549E+001  0.2097298E+004 -0.1194533E+004  0.0000000E+000
 267.000    24091991  0.4469888E+004  0.2985850E+003  0.9520065E+001  0.2103618E+004 -0.1198867E+004  0.0000000E+000
 268.000    25091991  0.4473713E+004  0.2984587E+003  0.9520631E+001  0.2111991E+004 -0.1203375E+004  0.0000000E+000
 269.000    26091991  0.4477052E+004  0.2983224E+003  0.9521126E+001  0.2119787E+004 -0.1207809E+004  0.0000000E+000
 270.000    27091991  0.4480566E+004  0.2983263E+003  0.9521408E+001  0.2126828E+004 -0.1211177E+004  0.0000000E+000
 271.000    28091991  0.4483758E+004  0.2984553E+003  0.9521512E+001  0.2133527E+004 -0.1214413E+004  0.0000000E+000
 272.000    29091991  0.4486858E+004  0.2986352E+003  0.9521930E+001  0.2140697E+004 -0.1218181E+004  0.0000000E+000
 273.000    30091991  0.4489750E+004  0.2987588E+003  0.9522474E+001  0.2148338E+004 -0.1222698E+004  0.0000000E+000
 274.000    01101991  0.4489934E+004  0.2986081E+003  0.9516684E+001  0.2156336E+004 -0.1227389E+004  0.0000000E+000
 275.000    02101991  0.4493789E+004  0.2985968E+003  0.9517242E+001  0.2165036E+004 -0.1232149E+004  0.0000000E+000
 276.000    03101991  0.4496537E+004  0.2985398E+003  0.9517825E+001  0.2172577E+004 -0.1236906E+004  0.0000000E+000
 277.000    04101991  0.4499698E+004  0.2984882E+003  0.9518393E+001  0.2180728E+004 -0.1241854E+004  0.0000000E+000
 278.000    05101991  0.4503209E+004  0.2983905E+003  0.9518945E+001  0.2189218E+004 -0.1246836E+004  0.0000000E+000
 279.000    06101991  0.4506186E+004  0.2982676E+003  0.9519417E+001  0.2196849E+004 -0.1251517E+004  0.0000000E+000
 280.000    07101991  0.4508167E+004  0.2983343E+003  0.9506058E+001  0.2201403E+004 -0.1253697E+004  0.0000000E+000
 281.000    08101991  0.4510603E+004  0.2985566E+003  0.9495853E+001  0.2206694E+004 -0.1256056E+004  0.0000000E+000
 282.000    09101991  0.4513192E+004  0.2988579E+003  0.9491516E+001  0.2212735E+004 -0.1259040E+004  0.0000000E+000
 283.000    10101991  0.4515907E+004  0.2990808E+003  0.9492084E+001  0.2219879E+004 -0.1263162E+004  0.0000000E+000
 284.000    11101991  0.4518600E+004  0.2992256E+003  0.9492560E+001  0.2226740E+004 -0.1267105E+004  0.0000000E+000
 285.000    12101991  0.4521308E+004  0.2993655E+003  0.9492974E+001  0.2233416E+004 -0.1270856E+004  0.0000000E+000
 286.000    13101991  0.4524259E+004  0.2995605E+003  0.9492943E+001  0.2239741E+004 -0.1273952E+004  0.0000000E+000
 287.000    14101991  0.4526682E+004  0.2998128E+003  0.9491884E+001  0.2245634E+004 -0.1277068E+004  0.0000000E+000
 288.000    15101991  0.4529427E+004  0.3000157E+003  0.9492398E+001  0.2252373E+004 -0.1280779E+004  0.0000000E+000
 289.000    16101991  0.4531398E+004  0.3001413E+003  0.9492782E+001  0.2257856E+004 -0.1284085E+004  0.0000000E+000
 290.000    17101991  0.4533909E+004  0.3004100E+003  0.9492092E+001  0.2263099E+004 -0.1286455E+004  0.0000000E+000
 291.000    18101991  0.4535700E+004  0.3007338E+003  0.9488853E+001  0.2268381E+004 -0.1289479E+004  0.0000000E+000
 292.000    19101991  0.4537565E+004  0.3009749E+003  0.9489333E+001  0.2274321E+004 -0.1293226E+004  0.0000000E+000
 293.000    20101991  0.4539727E+004  0.3011351E+003  0.9489641E+001  0.2279750E+004 -0.1296247E+004  0.0000000E+000
 294.000    21101991  0.4542333E+004  0.3014111E+003  0.9488911E+001  0.2285291E+004 -0.1298803E+004  0.0000000E+000
 295.000    22101991  0.4544540E+004  0.3016573E+003  0.9489468E+001  0.2291710E+004 -0.1302680E+004  0.0000000E+000
 296.000    23101991  0.4546593E+004  0.3017659E+003  0.9490113E+001  0.2298481E+004 -0.1307202E+004  0.0000000E+000
 297.000    24101991  0.4548913E+004  0.3017796E+003  0.9490669E+001  0.2305426E+004 -0.1311733E+004  0.0000000E+000
 298.000    25101991  0.4551460E+004  0.3017733E+003  0.9491182E+001  0.2312451E+004 -0.1316142E+004  0.0000000E+000
 299.000    26101991  0.4553945E+004  0.3017449E+003  0.9491685E+001  0.2319518E+004 -0.1320679E+004  0.0000000E+000
 300.000    27101991  0.4556449E+004  0.3017000E+003  0.9492151E+001  0.2326661E+004 -0.1325292E+004  0.0000000E+000
 301.000    28101991  0.4558981E+004  0.3016655E+003  0.9492564E+001  0.2333590E+004 -0.1329651E+004  0.0000000E+000
 302.000    29101991  0.4561065E+004  0.3017099E+003  0.9489432E+001  0.2338740E+004 -0.1332546E+004  0.0000000E+000
 303.000    30101991  0.4562284E+004  0.3019026E+003  0.9475132E+001  0.2342603E+004 -0.1334681E+004  0.0000000E+000
 304.000    31101991  0.4561317E+004  0.3019682E+003  0.9466529E+001  0.2347601E+004 -0.1337238E+004  0.0000000E+000
 305.000    01111991  0.4563237E+004  0.3022512E+003  0.9464439E+001  0.2352711E+004 -0.1340031E+004  0.0000000E+000
 306.000    02111991  0.4565528E+004  0.3024513E+003  0.9464954E+001  0.2359077E+004 -0.1343830E+004  0.0000000E+000
 307.000    03111991  0.4567208E+004  0.3026591E+003  0.9460535E+001  0.2363602E+004 -0.1346316E+004  0.0000000E+000
 308.000    04111991  0.4568523E+004  0.3029756E+003  0.9448997E+001  0.2367277E+004 -0.1348087E+004  0.0000000E+000
 309.000    05111991  0.4569156E+004  0.3033736E+003  0.9431400E+001  0.2370203E+004 -0.1349596E+004  0.0000000E+000
 310.000    06111991  0.4569229E+004  0.3038173E+003  0.9408265E+001  0.2372797E+004 -0.1351170E+004  0.0000000E+000
 311.000    07111991  0.4569993E+004  0.3042647E+003  0.9393384E+001  0.2376314E+004 -0.1353104E+004  0.0000000E+000
 312.000    08111991  0.4570445E+004  0.3046944E+003  0.9381948E+001  0.2379090E+004 -0.1354687E+004  0.0000000E+000
 313.000    09111991  0.4569601E+004  0.3051499E+003  0.9356606E+001  0.2380607E+004 -0.1355998E+004  0.0000000E+000
 314.000    10111991  0.4569777E+004  0.3056099E+003  0.9348548E+001  0.2383099E+004 -0.1357374E+004  0.0000000E+000
 315.000    11111991  0.4570515E+004  0.3061177E+003  0.9344314E+001  0.2386296E+004 -0.1359013E+004  0.0000000E+000
 316.000    12111991  0.4570818E+004  0.3066340E+003  0.9337828E+001  0.2389212E+004 -0.1360712E+004  0.0000000E+000
 317.000    13111991  0.4571209E+004  0.3071362E+003  0.9332998E+001  0.2392267E+004 -0.1362544E+004  0.0000000E+000
 318.000    14111991  0.4571718E+004  0.3076077E+003  0.9328808E+001  0.2395720E+004 -0.1364701E+004  0.0000000E+000
 319.000    15111991  0.4573047E+004  0.3079516E+003  0.9330087E+001  0.2400603E+004 -0.1367788E+004  0.0000000E+000
 320.000    16111991  0.4574182E+004  0.3081770E+003  0.9331310E+001  0.2405470E+004 -0.1371175E+004  0.0000000E+000
 321.000    17111991  0.4575227E+004  0.3082503E+003  0.9332199E+001  0.2409851E+004 -0.1374325E+004  0.0000000E+000
 322.000    18111991  0.4575947E+004  0.3084766E+003  0.9323907E+001  0.2413016E+004 -0.1376176E+004  0.0000000E+000
 323.000    19111991  0.4577132E+004  0.3086755E+003  0.9325240E+001  0.2417719E+004 -0.1379388E+004  0.0000000E+000
 324.000    20111991  0.4578594E+004  0.3087116E+003  0.9326715E+001  0.2423521E+004 -0.1383489E+004  0.0000000E+000
 325.000    21111991  0.4577359E+004  0.3086232E+003  0.9327979E+001  0.2428963E+004 -0.1387797E+004  0.0000000E+000
 326.000    22111991  0.4577049E+004  0.3085004E+003  0.9328961E+001  0.2435004E+004 -0.1391980E+004  0.0000000E+000
 327.000    23111991  0.4576887E+004  0.3084859E+003  0.9326426E+001  0.2439961E+004 -0.1394963E+004  0.0000000E+000
 328.000    24111991  0.4576652E+004  0.3085865E+003  0.9325720E+001  0.2444245E+004 -0.1397357E+004  0.0000000E+000
 329.000    25111991  0.4574510E+004  0.3088201E+003  0.9314026E+001  0.2445988E+004 -0.1398668E+004  0.0000000E+000
 330.000    26111991  0.4572090E+004  0.3091150E+003  0.9301024E+001  0.2447289E+004 -0.1399788E+004  0.0000000E+000
 331.000    27111991  0.4569937E+004  0.3094391E+003  0.9289878E+001  0.2448690E+004 -0.1400879E+004  0.0000000E+000
 332.000    28111991  0.4568735E+004  0.3097956E+003  0.9280614E+001  0.2451322E+004 -0.1402376E+004  0.0000000E+000
 333.000    29111991  0.4568166E+004  0.3101636E+003  0.9275922E+001  0.2455016E+004 -0.1404570E+004  0.0000000E+000
 334.000    30111991  0.4568275E+004  0.3104139E+003  0.9277410E+001  0.2460244E+004 -0.1408074E+004  0.0000000E+000
 335.000    01121991  0.4564931E+004  0.3102394E+003  0.9272653E+001  0.2465342E+004 -0.1412178E+004  0.0000000E+000
 336.000    02121991  0.4564707E+004  0.3101311E+003  0.9273846E+001  0.2470579E+004 -0.1416558E+004  0.0000000E+000
 337.000    03121991  0.4565149E+004  0.3099926E+003  0.9274528E+001  0.2475692E+004 -0.1420259E+004  0.0000000E+000
 338.000    04121991  0.4564216E+004  0.3100067E+003  0.9264344E+001  0.2478002E+004 -0.1422165E+004  0.0000000E+000
 339.000    05121991  0.4562417E+004  0.3101655E+003  0.9250932E+001  0.2478915E+004 -0.1423186E+004  0.0000000E+000
 340.000    06121991  0.4561571E+004  0.3103785E+003  0.9240735E+001  0.2480813E+004 -0.1424357E+004  0.0000000E+000
 341.000    07121991  0.4561360E+004  0.3106401E+003  0.9231768E+001  0.2483595E+004 -0.1425811E+004  0.0000000E+000
 342.000    08121991  0.4561443E+004  0.3109417E+003  0.9225423E+001  0.2486916E+004 -0.1427625E+004  0.0000000E+000
 343.000    09121991  0.4562456E+004  0.3112445E+003  0.9225325E+001  0.2491250E+004 -0.1429854E+004  0.0000000E+000
 344.000    10121991  0.4563008E+004  0.3114635E+003  0.9225403E+001  0.2495286E+004 -0.1432391E+004  0.0000000E+000
 345.000    11121991  0.4563107E+004  0.3117595E+003  0.9219124E+001  0.2498263E+004 -0.1434030E+004  0.0000000E+000
 346.000    12121991  0.4564093E+004  0.3120847E+003  0.9216862E+001  0.2502407E+004 -0.1436103E+004  0.0000000E+000
 347.000    13121991  0.4564973E+004  0.3123314E+003  0.9218260E+001  0.2507265E+004 -0.1439222E+004  0.0000000E+000
 348.000    14121991  0.4565315E+004  0.3124155E+003  0.9219565E+001  0.2511781E+004 -0.1442738E+004  0.0000000E+000
 349.000    15121991  0.4564352E+004  0.3125555E+003  0.9209484E+001  0.2513392E+004 -0.1444306E+004  0.0000000E+000
 350.000    16121991  0.4563019E+004  0.3127835E+003  0.9195997E+001  0.2514419E+004 -0.1445363E+004  0.0000000E+000
 351.000    17121991  0.4562289E+004  0.3130464E+003  0.9186141E+001  0.2516002E+004 -0.1446493E+004  0.0000000E+000
 352.000    18121991  0.4561875E+004  0.3133352E+003  0.9175763E+001  0.2517952E+004 -0.1447656E+004  0.0000000E+000
 353.000    19121991  0.4560131E+004  0.3136461E+003  0.9162615E+001  0.2518449E+004 -0.1448576E+004  0.0000000E+000
 354.000    20121991  0.4558857E+004  0.3139429E+003  0.9151804E+001  0.2519251E+004 -0.1449459E+004  0.0000000E+000
 355.000    21121991  0.4559254E+004  0.3142571E+003  0.9142450E+001  0.2521970E+004 -0.1450639E+004  0.0000000E+000
 356.000    22121991  0.4558992E+004  0.3146068E+003  0.9134160E+001  0.2524150E+004 -0.1451956E+004  0.0000000E+000
 357.000    23121991  0.4559690E+004  0.3149675E+003  0.9128150E+001  0.2527448E+004 -0.1453521E+004  0.0000000E+000
 358.000    24121991  0.4560634E+004  0.3153040E+003  0.9129071E+001  0.2531266E+004 -0.1455659E+004  0.0000000E+000
 359.000    25121991  0.4560229E+004  0.3156582E+003  0.9119165E+001  0.2533124E+004 -0.1456839E+004  0.0000000E+000
 360.000    26121991  0.4559761E+004  0.3160218E+003  0.9109587E+001  0.2534915E+004 -0.1457979E+004  0.0000000E+000
 361.000    27121991  0.4558904E+004  0.3163869E+003  0.9098990E+001  0.2536316E+004 -0.1459104E+004  0.0000000E+000
 362.000    28121991  0.4558512E+004  0.3167609E+003  0.9088127E+001  0.2538176E+004 -0.1460216E+004  0.0000000E+000
 363.000    29121991  0.4559646E+004  0.3171154E+003  0.9087921E+001  0.2541897E+004 -0.1462095E+004  0.0000000E+000
 364.000    30121991  0.4559973E+004  0.3174140E+003  0.9084184E+001  0.2544601E+004 -0.1463746E+004  0.0000000E+000
 365.000    31121991  0.4557048E+004  0.3175470E+003  0.9071014E+001  0.2546733E+004 -0.1465014E+004  0.0000000E+000
