    DOY     DATE    PRECN           ET              WATER           DISCHG          SNOWPACK        WTR_1           WTR_2           WTR_3           WTR_4           WTR_5           WTR_6           ICE_2           ICE_3           ICE_4           ICE_5           ICE_6           ICE_7           PSI_3           PSI_4           PSI_5           PSI_6           PSI_7           PSI_8           ACTV_LYR        
  30.000    30011978  0.1697200E+003  0.2232857E+002  0.8389340E+003  0.1331786E+003  0.4505272E+002  0.3524898E+000  0.3547076E+000  0.3656078E+000  0.2998950E+000  0.2941891E+000  0.3574998E+000  0.9500020E-012  0.9411501E-012  0.0000000E+000  0.0000000E+000  0.0000000E+000  0.0000000E+000 -0.4511806E-002 -0.4094864E-002 -0.2721416E-002 -0.2517200E-002 -0.2615774E-002 -0.3696056E-002 -0.9999000E+004
  60.000    01031978  0.3115400E+003  0.4745186E+002  0.8963897E+003  0.1822076E+003  0.1051694E+003  0.3465128E+000  0.3864618E+000  0.3767072E+000  0.3386584E+000  0.3918686E+000  0.4174528E+000  0.9449708E-012  0.9411501E-012  0.0000000E+000  0.0000000E+000  0.0000000E+000  0.0000000E+000 -0.2954578E-002 -0.2472245E-002 -0.6589596E-003 -0.7317097E-003 -0.2426616E-002 -0.2566088E-002 -0.9999000E+004
  90.000    31031978  0.3958800E+003  0.8647726E+002  0.8281757E+003  0.3082387E+003  0.0000000E+000  0.3564764E+000  0.3509201E+000  0.3705489E+000  0.3084072E+000  0.2933670E+000  0.3576918E+000  0.9449708E-012  0.9411501E-012  0.0000000E+000  0.0000000E+000  0.0000000E+000  0.0000000E+000 -0.4236851E-002 -0.3415841E-002 -0.2795299E-002 -0.2505802E-002 -0.2513059E-002 -0.2727008E-002 -0.9999000E+004
 120.000    30041978  0.5435500E+003  0.1419602E+003  0.8299978E+003  0.3986036E+003  0.0000000E+000  0.3395807E+000  0.3352095E+000  0.3396412E+000  0.2701431E+000  0.2633065E+000  0.3552241E+000  0.9449708E-012  0.9411501E-012  0.0000000E+000  0.0000000E+000  0.0000000E+000  0.0000000E+000 -0.7754751E-002 -0.6575631E-002 -0.4584114E-002 -0.2646051E-002 -0.2642685E-002 -0.3561926E-002 -0.9999000E+004
 150.000    30051978  0.6106200E+003  0.2087423E+003  0.7769901E+003  0.4518992E+003  0.0000000E+000  0.3334532E+000  0.3325627E+000  0.3358950E+000  0.2652078E+000  0.2578142E+000  0.3522635E+000  0.9449708E-012  0.9411501E-012  0.0000000E+000  0.0000000E+000  0.0000000E+000  0.0000000E+000 -0.8625880E-002 -0.7171624E-002 -0.5071383E-002 -0.2830437E-002 -0.2834323E-002 -0.4128632E-002 -0.9999000E+004
 180.000    29061978  0.6709000E+003  0.2988340E+003  0.7287483E+003  0.4703292E+003  0.0000000E+000  0.3162985E+000  0.3187402E+000  0.3238876E+000  0.2504972E+000  0.2358783E+000  0.3256220E+000  0.9449708E-012  0.9411501E-012  0.0000000E+000  0.0000000E+000  0.0000000E+000  0.0000000E+000 -0.1090898E-001 -0.9400719E-002 -0.7777714E-002 -0.5334161E-002 -0.4328528E-002 -0.6609048E-002 -0.9999000E+004
 210.000    29071978  0.7384000E+003  0.3891865E+003  0.6957042E+003  0.4805209E+003  0.0000000E+000  0.2858850E+000  0.3085508E+000  0.3078399E+000  0.2393096E+000  0.2322088E+000  0.3189435E+000  0.9449708E-012  0.9411501E-012  0.0000000E+000  0.0000000E+000  0.0000000E+000  0.0000000E+000 -0.1363576E-001 -0.1186606E-001 -0.8368014E-002 -0.6303783E-002 -0.6247422E-002 -0.9363437E-002 -0.9999000E+004
 240.000    28081978  0.8038200E+003  0.4897408E+003  0.6543602E+003  0.4867306E+003  0.0000000E+000  0.2606852E+000  0.2627140E+000  0.2644656E+000  0.2083726E+000  0.2051492E+000  0.3045876E+000  0.9449708E-012  0.9411501E-012  0.0000000E+000  0.0000000E+000  0.0000000E+000  0.0000000E+000 -0.2837324E-001 -0.2424340E-001 -0.1687075E-001 -0.9133512E-002 -0.8434725E-002 -0.1357212E-001 -0.9999000E+004
 270.000    27091978  0.9763900E+003  0.5607277E+003  0.7523617E+003  0.4903121E+003  0.0000000E+000  0.3059833E+000  0.3312800E+000  0.3305645E+000  0.2582357E+000  0.2509486E+000  0.3508501E+000  0.9449708E-012  0.9411501E-012  0.0000000E+000  0.0000000E+000  0.0000000E+000  0.0000000E+000 -0.9719673E-002 -0.8152573E-002 -0.5770675E-002 -0.2923345E-002 -0.2973594E-002 -0.4529715E-002 -0.9999000E+004
 300.000    27101978  0.1051370E+004  0.6094041E+003  0.7756445E+003  0.4933329E+003  0.0000000E+000  0.3721499E+000  0.3843510E+000  0.3782719E+000  0.3079172E+000  0.3199183E+000  0.3506073E+000  0.9449708E-012  0.9411501E-012  0.0000000E+000  0.0000000E+000  0.0000000E+000  0.0000000E+000 -0.3124191E-002 -0.3553399E-002 -0.1867799E-002 -0.3304306E-002 -0.3824240E-002 -0.6168910E-002 -0.9999000E+004
 330.000    26111978  0.1092390E+004  0.6489370E+003  0.7718474E+003  0.4986137E+003  0.0000000E+000  0.3257349E+000  0.3628809E+000  0.3557778E+000  0.2895239E+000  0.2747253E+000  0.3533303E+000  0.9449708E-012  0.9411501E-012  0.0000000E+000  0.0000000E+000  0.0000000E+000  0.0000000E+000 -0.5623657E-002 -0.4856373E-002 -0.3771141E-002 -0.2765372E-002 -0.3235629E-002 -0.5038470E-002 -0.9999000E+004
 360.000    26121978  0.1192970E+004  0.6754855E+003  0.8300368E+003  0.5144158E+003  0.0000000E+000  0.3392294E+000  0.3432870E+000  0.3560750E+000  0.2866595E+000  0.2796718E+000  0.3571732E+000  0.9449708E-012  0.9411501E-012  0.0000000E+000  0.0000000E+000  0.0000000E+000  0.0000000E+000 -0.6312224E-002 -0.4950583E-002 -0.3446911E-002 -0.2534575E-002 -0.2568067E-002 -0.3343246E-002 -0.9999000E+004
