    DOY     DATE    PRECN           ET              WATER           DISCHG          SNOWPACK        WTR_1           WTR_2           WTR_3           WTR_4           WTR_5           WTR_6           ICE_2           ICE_3           ICE_4           ICE_5           ICE_6           ICE_7           PSI_3           PSI_4           PSI_5           PSI_6           PSI_7           PSI_8           ACTV_LYR        
  30.000    30011924  0.9311000E+002  0.5519790E+001  0.7729016E+003  0.0000000E+000  0.0000000E+000  0.3345123E+000  0.3398236E+000  0.3482904E+000  0.2787112E+000  0.2711788E+000  0.3572525E+000  0.9564939E-012  0.9527960E-012  0.0000000E+000  0.0000000E+000  0.0000000E+000  0.0000000E+000 -0.6968821E-002 -0.5662077E-002 -0.3989445E-002 -0.2529486E-002 -0.2551723E-002 -0.3278009E-002 -0.9999000E+004
  60.000    29021924  0.1540600E+003  0.3689262E+002  0.8000429E+003  0.2402578E+001  0.0000000E+000  0.3057758E+000  0.3290558E+000  0.3280998E+000  0.2558823E+000  0.2498289E+000  0.3534608E+000  0.9421965E-012  0.9527960E-012  0.0000000E+000  0.0000000E+000  0.0000000E+000  0.0000000E+000 -0.1016155E-001 -0.8507459E-002 -0.5898379E-002 -0.2754620E-002 -0.2673901E-002 -0.3902258E-002 -0.9999000E+004
  90.000    30031924  0.2096400E+003  0.8805779E+002  0.7640921E+003  0.4275822E+002  0.0000000E+000  0.3333118E+000  0.3266748E+000  0.3324263E+000  0.2611661E+000  0.2579871E+000  0.3470687E+000  0.9421965E-012  0.9527960E-012  0.0000000E+000  0.0000000E+000  0.0000000E+000  0.0000000E+000 -0.9386013E-002 -0.7711232E-002 -0.5047208E-002 -0.3192826E-002 -0.3321271E-002 -0.5284297E-002 -0.9999000E+004
 120.000    29041924  0.2936700E+003  0.1786361E+003  0.7364411E+003  0.6386087E+002  0.0000000E+000  0.2644133E+000  0.2670800E+000  0.2693291E+000  0.2188424E+000  0.2242847E+000  0.3466998E+000  0.9421965E-012  0.9527960E-012  0.0000000E+000  0.0000000E+000  0.0000000E+000  0.0000000E+000 -0.2605141E-001 -0.1869224E-001 -0.9881179E-002 -0.3216150E-002 -0.2761602E-002 -0.4054341E-002 -0.9999000E+004
 150.000    29051924  0.3817200E+003  0.3110801E+003  0.6787524E+003  0.7715555E+002  0.0000000E+000  0.1490364E+000  0.1502634E+000  0.1749094E+000  0.1656373E+000  0.1847409E+000  0.3129252E+000  0.9421965E-012  0.9527960E-012  0.0000000E+000  0.0000000E+000  0.0000000E+000  0.0000000E+000 -0.1997793E+000 -0.7841406E-001 -0.3158214E-001 -0.7338106E-002 -0.4268072E-002 -0.6081347E-002 -0.9999000E+004
 180.000    28061924  0.4598400E+003  0.4711900E+003  0.5872488E+003  0.8666924E+002  0.0000000E+000  0.1262724E+000  0.1223810E+000  0.1336664E+000  0.1101507E+000  0.1146091E+000  0.2561328E+000  0.9421965E-012  0.9527960E-012  0.0000000E+000  0.0000000E+000  0.0000000E+000  0.0000000E+000 -0.7251358E+000 -0.6465918E+000 -0.5588873E+000 -0.4183847E-001 -0.1185875E-001 -0.1601247E-001 -0.9999000E+004
 210.000    28071924  0.5405900E+003  0.6108823E+003  0.5227398E+003  0.9223595E+002  0.0000000E+000  0.1787003E+000  0.1756273E+000  0.1692751E+000  0.1235859E+000  0.1182770E+000  0.2013594E+000  0.9421965E-012  0.9527960E-012  0.0000000E+000  0.0000000E+000  0.0000000E+000  0.0000000E+000 -0.2438078E+000 -0.3614171E+000 -0.4666991E+000 -0.3543641E+000 -0.6856874E-001 -0.9755084E-001 -0.9999000E+004
 240.000    27081924  0.5954600E+003  0.7391354E+003  0.4488401E+003  0.9275257E+002  0.0000000E+000  0.1113164E+000  0.1112352E+000  0.1161491E+000  0.1000673E+000  0.1037998E+000  0.1821033E+000  0.9421965E-012  0.9527960E-012  0.0000000E+000  0.0000000E+000  0.0000000E+000  0.0000000E+000 -0.1453006E+001 -0.1062034E+001 -0.1016370E+001 -0.8613349E+000 -0.4130715E+000 -0.5562337E+000 -0.9999000E+004
 270.000    26091924  0.7703700E+003  0.8438255E+003  0.5190599E+003  0.9275257E+002  0.0000000E+000  0.2845097E+000  0.2969165E+000  0.2976906E+000  0.2352374E+000  0.1477870E+000  0.2062018E+000  0.9421965E-012  0.9527960E-012  0.0000000E+000  0.0000000E+000  0.0000000E+000  0.0000000E+000 -0.1605902E-001 -0.1286682E-001 -0.1219395E+000 -0.2872832E+000 -0.2511636E+000 -0.2733616E+000 -0.9999000E+004
 300.000    26101924  0.8546700E+003  0.8945792E+003  0.5526062E+003  0.9275257E+002  0.0000000E+000  0.3488368E+000  0.3505252E+000  0.3534813E+000  0.2914952E+000  0.1723843E+000  0.2214384E+000  0.9421965E-012  0.9527960E-012  0.0000000E+000  0.0000000E+000  0.0000000E+000  0.0000000E+000 -0.5803964E-002 -0.4560166E-002 -0.4827882E-001 -0.1527051E+000 -0.1631014E+000 -0.1646378E+000 -0.9999000E+004
 330.000    25111924  0.9454800E+003  0.9272009E+003  0.6107945E+003  0.9275257E+002  0.0000000E+000  0.3124968E+000  0.3398547E+000  0.3370404E+000  0.2680294E+000  0.2609476E+000  0.3467405E+000  0.9421965E-012  0.9527960E-012  0.0000000E+000  0.0000000E+000  0.0000000E+000  0.0000000E+000 -0.8442907E-002 -0.6810776E-002 -0.4788538E-002 -0.3218930E-002 -0.1165366E+000 -0.1142511E+000 -0.9999000E+004
 360.000    25121924  0.9938000E+003  0.9510641E+003  0.6351310E+003  0.9275257E+002  0.0000000E+000  0.3281433E+000  0.3202019E+000  0.3274651E+000  0.2553375E+000  0.2479812E+000  0.3527917E+000  0.9615589E-012  0.9527960E-012  0.0000000E+000  0.0000000E+000  0.0000000E+000  0.0000000E+000 -0.1025627E-001 -0.8573488E-002 -0.6114961E-002 -0.2798074E-002 -0.8303934E-002 -0.8422739E-001 -0.9999000E+004
