    DOY     DATE    SHOOT_C         ROOT_C          LAI             GPP             AUTO_RESP       HVST_C          
  30.000    30011953  0.7869639E+003  0.9073451E+002  0.4613099E+001  0.2554055E+002 -0.1251520E+002  0.0000000E+000
  60.000    01031953  0.8106215E+003  0.9452776E+002  0.4585080E+001  0.7851592E+002 -0.3335773E+002  0.0000000E+000
  90.000    31031953  0.8443638E+003  0.1005650E+003  0.4920858E+001  0.1520191E+003 -0.6199713E+002  0.0000000E+000
 120.000    30041953  0.9446021E+003  0.1068895E+003  0.6236374E+001  0.3296465E+003 -0.1317593E+003  0.0000000E+000
 150.000    30051953  0.1071106E+004  0.1174906E+003  0.7201992E+001  0.5596355E+003 -0.2224167E+003  0.0000000E+000
 180.000    29061953  0.1212293E+004  0.1222011E+003  0.7681432E+001  0.8589230E+003 -0.3740852E+003  0.0000000E+000
 210.000    29071953  0.1350909E+004  0.1265146E+003  0.7761747E+001  0.1160634E+004 -0.5311521E+003  0.0000000E+000
 240.000    28081953  0.1481144E+004  0.1305052E+003  0.7829863E+001  0.1432449E+004 -0.6670016E+003  0.0000000E+000
 270.000    27091953  0.1591890E+004  0.1360504E+003  0.7887210E+001  0.1664416E+004 -0.7807801E+003  0.0000000E+000
 300.000    27101953  0.1665620E+004  0.1452064E+003  0.7902371E+001  0.1830267E+004 -0.8603102E+003  0.0000000E+000
 330.000    26111953  0.1695152E+004  0.1556729E+003  0.7842746E+001  0.1942370E+004 -0.9162509E+003  0.0000000E+000
 360.000    26121953  0.1680064E+004  0.1678640E+003  0.7668958E+001  0.1999158E+004 -0.9483838E+003  0.0000000E+000
