    DOY     DATE    RESIDUE_C       HUMUS_C         ATM_CO2         NBP             ECO_LAI         ECO_GPP         ECO_RA          ECO_NPP         ECO_RH          
  30.000    30011925  0.1777121E+004  0.8498655E+004  0.3406120E+003 -0.6598452E+002  0.2239090E+000  0.7581582E+000 -0.3320287E+002 -0.3244471E+002 -0.3738839E+002
  60.000    01031925  0.1746929E+004  0.8504250E+004  0.3406120E+003 -0.1352575E+003  0.1540873E+001  0.4838140E+002 -0.8337991E+002 -0.3499851E+002 -0.8604048E+002
  90.000    31031925  0.1699608E+004  0.8509584E+004  0.3406120E+003 -0.7172375E+002  0.3606136E+001  0.2366296E+003 -0.1643324E+003  0.7229716E+002 -0.1395101E+003
 120.000    30041925  0.1644091E+004  0.8514798E+004  0.3406120E+003  0.1015261E+003  0.6489353E+001  0.6180265E+003 -0.3194960E+003  0.2985306E+003 -0.2028884E+003
 150.000    30051925  0.1570251E+004  0.8517103E+004  0.3406120E+003  0.2890989E+003  0.8279996E+001  0.1090450E+004 -0.5310147E+003  0.5594351E+003 -0.2915265E+003
 180.000    29061925  0.1506797E+004  0.8516332E+004  0.3406120E+003  0.4174110E+003  0.8975727E+001  0.1566431E+004 -0.7952597E+003  0.7711714E+003 -0.3745934E+003
 210.000    29071925  0.1453424E+004  0.8510574E+004  0.3406120E+003  0.4430060E+003  0.8748738E+001  0.1979659E+004 -0.1087701E+004  0.8919575E+003 -0.4554145E+003
 240.000    28081925  0.1539085E+004  0.8502584E+004  0.3406120E+003  0.4872978E+003  0.3113260E+001  0.2377592E+004 -0.1354482E+004  0.1023110E+004 -0.5414758E+003
 270.000    27091925  0.1557297E+004  0.8495755E+004  0.3406120E+003  0.4065294E+003  0.5019313E+000  0.2541562E+004 -0.1521115E+004  0.1020448E+004 -0.6096914E+003
 300.000    27101925  0.1552489E+004  0.8489865E+004  0.3406120E+003  0.2516607E+003  0.4400890E-001  0.2562094E+004 -0.1623145E+004  0.9389497E+003 -0.6915547E+003
 330.000    26111925  0.1722133E+004  0.8492323E+004  0.3406120E+003  0.1467880E+003  0.4058633E-003  0.2563341E+004 -0.1682659E+004  0.8806824E+003 -0.7521390E+003
 360.000    26121925  0.1860003E+004  0.8497056E+004  0.3406120E+003  0.5713316E+002  0.0000000E+000  0.2563341E+004 -0.1725993E+004  0.8373476E+003 -0.8029012E+003
