    DOY     DATE    SHOOT_C         ROOT_C          LAI             GPP             AUTO_RESP       HVST_C          
  30.000    30011971  0.3533391E+001  0.3507893E+001  0.3371609E+001  0.1927971E+000 -0.1850398E+000  0.0000000E+000
  60.000    01031971  0.3762980E+001  0.3534618E+001  0.3232401E+001  0.9045649E+000 -0.4793664E+000  0.0000000E+000
  90.000    31031971  0.4314414E+001  0.3580920E+001  0.3006163E+001  0.2232496E+001 -0.9813732E+000  0.0000000E+000
 120.000    30041971  0.4693506E+001  0.3646716E+001  0.2819734E+001  0.4213763E+001 -0.1687828E+001  0.0000000E+000
 150.000    30051971  0.4610768E+001  0.3559644E+001  0.3619915E+001  0.7401623E+001 -0.2906774E+001  0.0000000E+000
 180.000    29061971  0.4183366E+001  0.3444104E+001  0.5263681E+001  0.1119018E+002 -0.4545151E+001  0.0000000E+000
 210.000    29071971  0.6180786E+001  0.3331270E+001  0.6114427E+001  0.1528661E+002 -0.6533995E+001  0.0000000E+000
 240.000    28081971  0.8209521E+001  0.3262995E+001  0.6092822E+001  0.1951966E+002 -0.8536820E+001  0.0000000E+000
 270.000    27091971  0.9976441E+001  0.3316406E+001  0.5899108E+001  0.2314882E+002 -0.1012736E+002  0.0000000E+000
 300.000    27101971  0.1004981E+002  0.3447547E+001  0.5357482E+001  0.2555525E+002 -0.1123227E+002  0.0000000E+000
 330.000    26111971  0.7398580E+001  0.3602795E+001  0.4911052E+001  0.2741908E+002 -0.1206342E+002  0.0000000E+000
 360.000    26121971  0.5166409E+001  0.3719105E+001  0.4518820E+001  0.2866789E+002 -0.1267146E+002  0.0000000E+000
