    DOY     DATE    SHOOT_C         ROOT_C          LAI             GPP             AUTO_RESP       HVST_C          
   1.000    01012005  0.1498142E+005  0.4512963E+003  0.8419354E+001  0.5972884E+001 -0.3608099E+001  0.0000000E+000
   2.000    02012005  0.1498355E+005  0.4515482E+003  0.8418802E+001  0.1203544E+002 -0.7052462E+001  0.0000000E+000
   3.000    03012005  0.1498536E+005  0.4516585E+003  0.8418925E+001  0.1810639E+002 -0.1098201E+002  0.0000000E+000
   4.000    04012005  0.1498650E+005  0.4515677E+003  0.8421006E+001  0.2427908E+002 -0.1595058E+002  0.0000000E+000
   5.000    05012005  0.1498849E+005  0.4514172E+003  0.8422292E+001  0.3050491E+002 -0.2019730E+002  0.0000000E+000
   6.000    06012005  0.1498939E+005  0.4512810E+003  0.8423718E+001  0.3584869E+002 -0.2464133E+002  0.0000000E+000
   7.000    07012005  0.1499179E+005  0.4512374E+003  0.8421018E+001  0.4144996E+002 -0.2771493E+002  0.0000000E+000
   8.000    08012005  0.1499241E+005  0.4512798E+003  0.8420264E+001  0.4570240E+002 -0.3113768E+002  0.0000000E+000
   9.000    09012005  0.1499432E+005  0.4514693E+003  0.8411187E+001  0.5028652E+002 -0.3310786E+002  0.0000000E+000
  10.000    10012005  0.1499613E+005  0.4517983E+003  0.8403365E+001  0.5524449E+002 -0.3544030E+002  0.0000000E+000
  11.000    11012005  0.1499844E+005  0.4521854E+003  0.8397153E+001  0.6081883E+002 -0.3789593E+002  0.0000000E+000
  12.000    12012005  0.1500042E+005  0.4525257E+003  0.8398149E+001  0.6744884E+002 -0.4201629E+002  0.0000000E+000
  13.000    13012005  0.1500047E+005  0.4526173E+003  0.8400590E+001  0.7275741E+002 -0.4707148E+002  0.0000000E+000
  14.000    14012005  0.1500099E+005  0.4526336E+003  0.8394870E+001  0.7653015E+002 -0.5000810E+002  0.0000000E+000
  15.000    15012005  0.1500109E+005  0.4528764E+003  0.8379216E+001  0.7920662E+002 -0.5153104E+002  0.0000000E+000
  16.000    16012005  0.1500121E+005  0.4532215E+003  0.8364332E+001  0.8191309E+002 -0.5298575E+002  0.0000000E+000
  17.000    17012005  0.1499960E+005  0.4536093E+003  0.8348862E+001  0.8267626E+002 -0.5415240E+002  0.0000000E+000
  18.000    18012005  0.1499787E+005  0.4539858E+003  0.8336400E+001  0.8300822E+002 -0.5514078E+002  0.0000000E+000
  19.000    19012005  0.1499600E+005  0.4543416E+003  0.8323418E+001  0.8321712E+002 -0.5613437E+002  0.0000000E+000
  20.000    20012005  0.1499529E+005  0.4547074E+003  0.8307935E+001  0.8499898E+002 -0.5741566E+002  0.0000000E+000
  21.000    21012005  0.1499349E+005  0.4550859E+003  0.8291213E+001  0.8566442E+002 -0.5860037E+002  0.0000000E+000
  22.000    22012005  0.1499148E+005  0.4554393E+003  0.8275409E+001  0.8596547E+002 -0.5969507E+002  0.0000000E+000
  23.000    23012005  0.1498967E+005  0.4557660E+003  0.8261408E+001  0.8627785E+002 -0.6069873E+002  0.0000000E+000
  24.000    24012005  0.1498925E+005  0.4560990E+003  0.8248501E+001  0.8807085E+002 -0.6183259E+002  0.0000000E+000
  25.000    25012005  0.1499088E+005  0.4564854E+003  0.8238294E+001  0.9244306E+002 -0.6354256E+002  0.0000000E+000
  26.000    26012005  0.1499281E+005  0.4569193E+003  0.8232075E+001  0.9750507E+002 -0.6575638E+002  0.0000000E+000
  27.000    27012005  0.1499286E+005  0.4573631E+003  0.8219122E+001  0.1001374E+003 -0.6712438E+002  0.0000000E+000
  28.000    28012005  0.1499130E+005  0.4578018E+003  0.8204722E+001  0.1008824E+003 -0.6815862E+002  0.0000000E+000
  29.000    29012005  0.1498963E+005  0.4582066E+003  0.8190050E+001  0.1014978E+003 -0.6919600E+002  0.0000000E+000
  30.000    30012005  0.1497853E+005  0.4582935E+003  0.8168371E+001  0.1028522E+003 -0.7039393E+002  0.0000000E+000
  31.000    31012005  0.1497917E+005  0.4587035E+003  0.8156026E+001  0.1059767E+003 -0.7171955E+002  0.0000000E+000
  32.000    01022005  0.1497965E+005  0.4591480E+003  0.8144164E+001  0.1089320E+003 -0.7301525E+002  0.0000000E+000
  33.000    02022005  0.1498060E+005  0.4596239E+003  0.8133811E+001  0.1124337E+003 -0.7441664E+002  0.0000000E+000
  34.000    03022005  0.1497907E+005  0.4600949E+003  0.8117950E+001  0.1135162E+003 -0.7564604E+002  0.0000000E+000
  35.000    04022005  0.1498050E+005  0.4605680E+003  0.8108828E+001  0.1176483E+003 -0.7724416E+002  0.0000000E+000
  36.000    05022005  0.1498268E+005  0.4610591E+003  0.8103261E+001  0.1231214E+003 -0.7953989E+002  0.0000000E+000
  37.000    06022005  0.1498487E+005  0.4615381E+003  0.8098266E+001  0.1286940E+003 -0.8196004E+002  0.0000000E+000
  38.000    07022005  0.1498707E+005  0.4619901E+003  0.8092431E+001  0.1345465E+003 -0.8462925E+002  0.0000000E+000
  39.000    08022005  0.1498940E+005  0.4623914E+003  0.8092188E+001  0.1411782E+003 -0.8814806E+002  0.0000000E+000
  40.000    09022005  0.1499011E+005  0.4626904E+003  0.8094386E+001  0.1454631E+003 -0.9118789E+002  0.0000000E+000
  41.000    10022005  0.1499236E+005  0.4629599E+003  0.8086716E+001  0.1502736E+003 -0.9303277E+002  0.0000000E+000
  42.000    11022005  0.1499313E+005  0.4632998E+003  0.8074791E+001  0.1534572E+003 -0.9434587E+002  0.0000000E+000
  43.000    12022005  0.1499539E+005  0.4636843E+003  0.8068162E+001  0.1586861E+003 -0.9638145E+002  0.0000000E+000
  44.000    13022005  0.1499854E+005  0.4640896E+003  0.8064357E+001  0.1653102E+003 -0.9899783E+002  0.0000000E+000
  45.000    14022005  0.1499968E+005  0.4644821E+003  0.8064752E+001  0.1696532E+003 -0.1014787E+003  0.0000000E+000
  46.000    15022005  0.1500310E+005  0.4648254E+003  0.8065239E+001  0.1767615E+003 -0.1045431E+003  0.0000000E+000
  47.000    16022005  0.1500663E+005  0.4650745E+003  0.8067801E+001  0.1845124E+003 -0.1082874E+003  0.0000000E+000
  48.000    17022005  0.1500920E+005  0.4653355E+003  0.8057684E+001  0.1897846E+003 -0.1101868E+003  0.0000000E+000
  49.000    18022005  0.1501051E+005  0.4657233E+003  0.8047324E+001  0.1936321E+003 -0.1116511E+003  0.0000000E+000
  50.000    19022005  0.1501252E+005  0.4661662E+003  0.8039573E+001  0.1983889E+003 -0.1133610E+003  0.0000000E+000
  51.000    20022005  0.1501329E+005  0.4666381E+003  0.8032746E+001  0.2017661E+003 -0.1149542E+003  0.0000000E+000
  52.000    21022005  0.1501420E+005  0.4669995E+003  0.8034883E+001  0.2063555E+003 -0.1179847E+003  0.0000000E+000
  53.000    22022005  0.1501754E+005  0.4671719E+003  0.8034590E+001  0.2135552E+003 -0.1214338E+003  0.0000000E+000
  54.000    23022005  0.1502072E+005  0.4673691E+003  0.8031834E+001  0.2201534E+003 -0.1243199E+003  0.0000000E+000
  55.000    24022005  0.1501970E+005  0.4676763E+003  0.8018543E+001  0.2217071E+003 -0.1257894E+003  0.0000000E+000
  56.000    25022005  0.1501992E+005  0.4680710E+003  0.8005593E+001  0.2244158E+003 -0.1270933E+003  0.0000000E+000
  57.000    26022005  0.1502204E+005  0.4685250E+003  0.7997232E+001  0.2294336E+003 -0.1289136E+003  0.0000000E+000
  58.000    27022005  0.1502364E+005  0.4690292E+003  0.7988708E+001  0.2337486E+003 -0.1304940E+003  0.0000000E+000
  59.000    28022005  0.1502249E+005  0.4695442E+003  0.7973781E+001  0.2352577E+003 -0.1317442E+003  0.0000000E+000
  60.000    01032005  0.1501337E+005  0.4697642E+003  0.7958084E+001  0.2387042E+003 -0.1331021E+003  0.0000000E+000
  61.000    02032005  0.1501426E+005  0.4703271E+003  0.7948117E+001  0.2422879E+003 -0.1345339E+003  0.0000000E+000
  62.000    03032005  0.1501554E+005  0.4709118E+003  0.7939092E+001  0.2462764E+003 -0.1359912E+003  0.0000000E+000
  63.000    04032005  0.1501803E+005  0.4715026E+003  0.7934801E+001  0.2520889E+003 -0.1382329E+003  0.0000000E+000
  64.000    05032005  0.1502097E+005  0.4720843E+003  0.7930263E+001  0.2582340E+003 -0.1403678E+003  0.0000000E+000
  65.000    06032005  0.1502362E+005  0.4726456E+003  0.7928633E+001  0.2647731E+003 -0.1432046E+003  0.0000000E+000
  66.000    07032005  0.1502592E+005  0.4729727E+003  0.7929769E+001  0.2725012E+003 -0.1479754E+003  0.0000000E+000
  67.000    08032005  0.1502733E+005  0.4730761E+003  0.7923225E+001  0.2767998E+003 -0.1503387E+003  0.0000000E+000
  68.000    09032005  0.1502935E+005  0.4734370E+003  0.7914448E+001  0.2814554E+003 -0.1519710E+003  0.0000000E+000
  69.000    10032005  0.1503175E+005  0.4738895E+003  0.7906723E+001  0.2868203E+003 -0.1538691E+003  0.0000000E+000
  70.000    11032005  0.1503467E+005  0.4743491E+003  0.7900682E+001  0.2931002E+003 -0.1562223E+003  0.0000000E+000
  71.000    12032005  0.1503761E+005  0.4747854E+003  0.7896918E+001  0.3000756E+003 -0.1593496E+003  0.0000000E+000
  72.000    13032005  0.1504074E+005  0.4750640E+003  0.7897722E+001  0.3081978E+003 -0.1636538E+003  0.0000000E+000
  73.000    14032005  0.1504196E+005  0.4753400E+003  0.7888310E+001  0.3119237E+003 -0.1653513E+003  0.0000000E+000
  74.000    15032005  0.1504522E+005  0.4757728E+003  0.7881719E+001  0.3184205E+003 -0.1675955E+003  0.0000000E+000
  75.000    16032005  0.1504465E+005  0.4762450E+003  0.7871182E+001  0.3205028E+003 -0.1690732E+003  0.0000000E+000
  76.000    17032005  0.1504357E+005  0.4767535E+003  0.7856880E+001  0.3221181E+003 -0.1703830E+003  0.0000000E+000
  77.000    18032005  0.1504700E+005  0.4772695E+003  0.7850687E+001  0.3291124E+003 -0.1728643E+003  0.0000000E+000
  78.000    19032005  0.1505037E+005  0.4777797E+003  0.7849362E+001  0.3364699E+003 -0.1758762E+003  0.0000000E+000
  79.000    20032005  0.1505405E+005  0.4781333E+003  0.7849034E+001  0.3449723E+003 -0.1799848E+003  0.0000000E+000
  80.000    21032005  0.1505608E+005  0.4784291E+003  0.7844982E+001  0.3530431E+003 -0.1832832E+003  0.0000000E+000
  81.000    22032005  0.1505950E+005  0.4786734E+003  0.7875214E+001  0.3603769E+003 -0.1867306E+003  0.0000000E+000
  82.000    23032005  0.1506175E+005  0.4786243E+003  0.7922474E+001  0.3679303E+003 -0.1918627E+003  0.0000000E+000
  83.000    24032005  0.1506643E+005  0.4785930E+003  0.7948290E+001  0.3769250E+003 -0.1960100E+003  0.0000000E+000
  84.000    25032005  0.1506880E+005  0.4786988E+003  0.7961679E+001  0.3825258E+003 -0.1989428E+003  0.0000000E+000
  85.000    26032005  0.1507047E+005  0.4789268E+003  0.7970549E+001  0.3871118E+003 -0.2014302E+003  0.0000000E+000
  86.000    27032005  0.1507113E+005  0.4791020E+003  0.7988118E+001  0.3912742E+003 -0.2045738E+003  0.0000000E+000
  87.000    28032005  0.1507459E+005  0.4790834E+003  0.8016743E+001  0.3993163E+003 -0.2090020E+003  0.0000000E+000
  88.000    29032005  0.1507883E+005  0.4791391E+003  0.8042593E+001  0.4086514E+003 -0.2139405E+003  0.0000000E+000
  89.000    30032005  0.1508305E+005  0.4791548E+003  0.8067016E+001  0.4181938E+003 -0.2191613E+003  0.0000000E+000
  90.000    31032005  0.1507420E+005  0.4787831E+003  0.8081943E+001  0.4236121E+003 -0.2233769E+003  0.0000000E+000
  91.000    01042005  0.1507815E+005  0.4787699E+003  0.8104653E+001  0.4320183E+003 -0.2277818E+003  0.0000000E+000
  92.000    02042005  0.1508177E+005  0.4787626E+003  0.8119059E+001  0.4393701E+003 -0.2314536E+003  0.0000000E+000
  93.000    03042005  0.1508667E+005  0.4789676E+003  0.8131487E+001  0.4481139E+003 -0.2350154E+003  0.0000000E+000
  94.000    04042005  0.1509078E+005  0.4791976E+003  0.8149297E+001  0.4573885E+003 -0.2399623E+003  0.0000000E+000
  95.000    05042005  0.1509384E+005  0.4793801E+003  0.8168386E+001  0.4663369E+003 -0.2457320E+003  0.0000000E+000
  96.000    06042005  0.1509684E+005  0.4794391E+003  0.8186473E+001  0.4754307E+003 -0.2518708E+003  0.0000000E+000
  97.000    07042005  0.1510100E+005  0.4794227E+003  0.8202542E+001  0.4844713E+003 -0.2568287E+003  0.0000000E+000
  98.000    08042005  0.1510464E+005  0.4794408E+003  0.8218851E+001  0.4925659E+003 -0.2613012E+003  0.0000000E+000
  99.000    09042005  0.1511036E+005  0.4795648E+003  0.8228915E+001  0.5022604E+003 -0.2651514E+003  0.0000000E+000
 100.000    10042005  0.1511505E+005  0.4798341E+003  0.8241411E+001  0.5115882E+003 -0.2695351E+003  0.0000000E+000
 101.000    11042005  0.1511848E+005  0.4800852E+003  0.8258234E+001  0.5209010E+003 -0.2752619E+003  0.0000000E+000
 102.000    12042005  0.1512266E+005  0.4803023E+003  0.8262979E+001  0.5281879E+003 -0.2780914E+003  0.0000000E+000
 103.000    13042005  0.1512385E+005  0.4806460E+003  0.8262979E+001  0.5317441E+003 -0.2799951E+003  0.0000000E+000
 104.000    14042005  0.1512933E+005  0.4810939E+003  0.8273569E+001  0.5409965E+003 -0.2832592E+003  0.0000000E+000
 105.000    15042005  0.1513455E+005  0.4816006E+003  0.8282832E+001  0.5500259E+003 -0.2864845E+003  0.0000000E+000
 106.000    16042005  0.1513945E+005  0.4821800E+003  0.8293416E+001  0.5589731E+003 -0.2898746E+003  0.0000000E+000
 107.000    17042005  0.1514388E+005  0.4827619E+003  0.8308018E+001  0.5683213E+003 -0.2941382E+003  0.0000000E+000
 108.000    18042005  0.1514734E+005  0.4832229E+003  0.8328709E+001  0.5782286E+003 -0.3001334E+003  0.0000000E+000
 109.000    19042005  0.1514976E+005  0.4834560E+003  0.8348305E+001  0.5874043E+003 -0.3067108E+003  0.0000000E+000
 110.000    20042005  0.1515261E+005  0.4835177E+003  0.8366326E+001  0.5972816E+003 -0.3137839E+003  0.0000000E+000
 111.000    21042005  0.1515534E+005  0.4834692E+003  0.8379640E+001  0.6065925E+003 -0.3205287E+003  0.0000000E+000
 112.000    22042005  0.1516046E+005  0.4834568E+003  0.8390147E+001  0.6169082E+003 -0.3257918E+003  0.0000000E+000
 113.000    23042005  0.1516664E+005  0.4835450E+003  0.8397744E+001  0.6270121E+003 -0.3296107E+003  0.0000000E+000
 114.000    24042005  0.1517175E+005  0.4838789E+003  0.8399070E+001  0.6347091E+003 -0.3317422E+003  0.0000000E+000
 115.000    25042005  0.1517760E+005  0.4843800E+003  0.8408664E+001  0.6446076E+003 -0.3352090E+003  0.0000000E+000
 116.000    26042005  0.1518170E+005  0.4849278E+003  0.8418790E+001  0.6527074E+003 -0.3385782E+003  0.0000000E+000
 117.000    27042005  0.1518706E+005  0.4854271E+003  0.8434923E+001  0.6633058E+003 -0.3432648E+003  0.0000000E+000
 118.000    28042005  0.1519175E+005  0.4859500E+003  0.8448483E+001  0.6729326E+003 -0.3476044E+003  0.0000000E+000
 119.000    29042005  0.1519441E+005  0.4863878E+003  0.8464608E+001  0.6803164E+003 -0.3518095E+003  0.0000000E+000
 120.000    30042005  0.1519722E+005  0.4866226E+003  0.8490427E+001  0.6893855E+003 -0.3576394E+003  0.0000000E+000
 121.000    01052005  0.1519321E+005  0.4864960E+003  0.8497301E+001  0.7002694E+003 -0.3620570E+003  0.0000000E+000
 122.000    02052005  0.1519930E+005  0.4868892E+003  0.8507859E+001  0.7109732E+003 -0.3660739E+003  0.0000000E+000
 123.000    03052005  0.1520502E+005  0.4873498E+003  0.8517728E+001  0.7212910E+003 -0.3700159E+003  0.0000000E+000
 124.000    04052005  0.1521064E+005  0.4878711E+003  0.8530913E+001  0.7319824E+003 -0.3743555E+003  0.0000000E+000
 125.000    05052005  0.1521483E+005  0.4883773E+003  0.8542671E+001  0.7408145E+003 -0.3782906E+003  0.0000000E+000
 126.000    06052005  0.1521918E+005  0.4889480E+003  0.8548742E+001  0.7487763E+003 -0.3811128E+003  0.0000000E+000
 127.000    07052005  0.1522392E+005  0.4895320E+003  0.8566829E+001  0.7595703E+003 -0.3863605E+003  0.0000000E+000
 128.000    08052005  0.1522802E+005  0.4899190E+003  0.8584645E+001  0.7704291E+003 -0.3925192E+003  0.0000000E+000
 129.000    09052005  0.1523168E+005  0.4901827E+003  0.8599468E+001  0.7808225E+003 -0.3987769E+003  0.0000000E+000
 130.000    10052005  0.1523567E+005  0.4903615E+003  0.8614353E+001  0.7916482E+003 -0.4052349E+003  0.0000000E+000
 131.000    11052005  0.1523962E+005  0.4903869E+003  0.8630943E+001  0.8031411E+003 -0.4125780E+003  0.0000000E+000
 132.000    12052005  0.1524233E+005  0.4902979E+003  0.8643613E+001  0.8131868E+003 -0.4198485E+003  0.0000000E+000
 133.000    13052005  0.1524819E+005  0.4902997E+003  0.8651441E+001  0.8237422E+003 -0.4244053E+003  0.0000000E+000
 134.000    14052005  0.1525345E+005  0.4903632E+003  0.8666090E+001  0.8359278E+003 -0.4311347E+003  0.0000000E+000
 135.000    15052005  0.1525860E+005  0.4903989E+003  0.8678564E+001  0.8474725E+003 -0.4373792E+003  0.0000000E+000
 136.000    16052005  0.1526404E+005  0.4905047E+003  0.8687580E+001  0.8585715E+003 -0.4428162E+003  0.0000000E+000
 137.000    17052005  0.1526983E+005  0.4906818E+003  0.8697418E+001  0.8702014E+003 -0.4483647E+003  0.0000000E+000
 138.000    18052005  0.1527454E+005  0.4908772E+003  0.8709568E+001  0.8815940E+003 -0.4547435E+003  0.0000000E+000
 139.000    19052005  0.1527858E+005  0.4910066E+003  0.8720612E+001  0.8914685E+003 -0.4603451E+003  0.0000000E+000
 140.000    20052005  0.1528434E+005  0.4911329E+003  0.8731014E+001  0.9026545E+003 -0.4655436E+003  0.0000000E+000
 141.000    21052005  0.1529100E+005  0.4914267E+003  0.8738305E+001  0.9140969E+003 -0.4699307E+003  0.0000000E+000
 142.000    22052005  0.1529586E+005  0.4917498E+003  0.8750216E+001  0.9255511E+003 -0.4760894E+003  0.0000000E+000
 143.000    23052005  0.1529959E+005  0.4919186E+003  0.8762690E+001  0.9366796E+003 -0.4832162E+003  0.0000000E+000
 144.000    24052005  0.1530576E+005  0.4921138E+003  0.8769377E+001  0.9476695E+003 -0.4877405E+003  0.0000000E+000
 145.000    25052005  0.1531221E+005  0.4924569E+003  0.8777849E+001  0.9590724E+003 -0.4922559E+003  0.0000000E+000
 146.000    26052005  0.1531675E+005  0.4927583E+003  0.8789699E+001  0.9705409E+003 -0.4987754E+003  0.0000000E+000
 147.000    27052005  0.1532039E+005  0.4929384E+003  0.8800350E+001  0.9816011E+003 -0.5059131E+003  0.0000000E+000
 148.000    28052005  0.1532470E+005  0.4930353E+003  0.8808905E+001  0.9919405E+003 -0.5117520E+003  0.0000000E+000
 149.000    29052005  0.1532944E+005  0.4931771E+003  0.8816952E+001  0.1003025E+004 -0.5178556E+003  0.0000000E+000
 150.000    30052005  0.1533528E+005  0.4932916E+003  0.8825370E+001  0.1014964E+004 -0.5237447E+003  0.0000000E+000
 151.000    31052005  0.1533130E+005  0.4931363E+003  0.8829135E+001  0.1027621E+004 -0.5299530E+003  0.0000000E+000
 152.000    01062005  0.1533504E+005  0.4933137E+003  0.8836375E+001  0.1036365E+004 -0.5346855E+003  0.0000000E+000
 153.000    02062005  0.1533624E+005  0.4934724E+003  0.8843584E+001  0.1042273E+004 -0.5391441E+003  0.0000000E+000
 154.000    03062005  0.1533952E+005  0.4935736E+003  0.8853142E+001  0.1050982E+004 -0.5443844E+003  0.0000000E+000
 155.000    04062005  0.1534599E+005  0.4936175E+003  0.8864586E+001  0.1064738E+004 -0.5515436E+003  0.0000000E+000
 156.000    05062005  0.1534980E+005  0.4935839E+003  0.8873991E+001  0.1076967E+004 -0.5599134E+003  0.0000000E+000
 157.000    06062005  0.1535211E+005  0.4934206E+003  0.8880471E+001  0.1088175E+004 -0.5688889E+003  0.0000000E+000
 158.000    07062005  0.1535587E+005  0.4932020E+003  0.8884960E+001  0.1099414E+004 -0.5764955E+003  0.0000000E+000
 159.000    08062005  0.1536127E+005  0.4930818E+003  0.8891462E+001  0.1112057E+004 -0.5837637E+003  0.0000000E+000
 160.000    09062005  0.1536538E+005  0.4929958E+003  0.8900140E+001  0.1123941E+004 -0.5915194E+003  0.0000000E+000
 161.000    10062005  0.1537030E+005  0.4928995E+003  0.8908796E+001  0.1137050E+004 -0.5997029E+003  0.0000000E+000
 162.000    11062005  0.1537512E+005  0.4928525E+003  0.8915776E+001  0.1149592E+004 -0.6073598E+003  0.0000000E+000
 163.000    12062005  0.1537942E+005  0.4927843E+003  0.8923918E+001  0.1162069E+004 -0.6154913E+003  0.0000000E+000
 164.000    13062005  0.1538340E+005  0.4926524E+003  0.8932005E+001  0.1175007E+004 -0.6244718E+003  0.0000000E+000
 165.000    14062005  0.1538581E+005  0.4924235E+003  0.8938194E+001  0.1186637E+004 -0.6337883E+003  0.0000000E+000
 166.000    15062005  0.1538788E+005  0.4921428E+003  0.8942002E+001  0.1197663E+004 -0.6428848E+003  0.0000000E+000
 167.000    16062005  0.1539151E+005  0.4919367E+003  0.8945145E+001  0.1208894E+004 -0.6505497E+003  0.0000000E+000
 168.000    17062005  0.1539648E+005  0.4918641E+003  0.8948093E+001  0.1220359E+004 -0.6569614E+003  0.0000000E+000
 169.000    18062005  0.1540096E+005  0.4919008E+003  0.8952204E+001  0.1232055E+004 -0.6640108E+003  0.0000000E+000
 170.000    19062005  0.1540497E+005  0.4919368E+003  0.8956219E+001  0.1242834E+004 -0.6706190E+003  0.0000000E+000
 171.000    20062005  0.1541134E+005  0.4920308E+003  0.8960292E+001  0.1255540E+004 -0.6767446E+003  0.0000000E+000
 172.000    21062005  0.1541620E+005  0.4922141E+003  0.8965380E+001  0.1267837E+004 -0.6838982E+003  0.0000000E+000
 173.000    22062005  0.1541952E+005  0.4922607E+003  0.8970246E+001  0.1279391E+004 -0.6920017E+003  0.0000000E+000
 174.000    23062005  0.1542413E+005  0.4922857E+003  0.8974678E+001  0.1291856E+004 -0.6997406E+003  0.0000000E+000
 175.000    24062005  0.1542770E+005  0.4922697E+003  0.8978346E+001  0.1303401E+004 -0.7076539E+003  0.0000000E+000
 176.000    25062005  0.1543127E+005  0.4922359E+003  0.8981748E+001  0.1314603E+004 -0.7152354E+003  0.0000000E+000
 177.000    26062005  0.1543552E+005  0.4921390E+003  0.8985962E+001  0.1326786E+004 -0.7231725E+003  0.0000000E+000
 178.000    27062005  0.1543887E+005  0.4919899E+003  0.8989704E+001  0.1338506E+004 -0.7315997E+003  0.0000000E+000
 179.000    28062005  0.1544101E+005  0.4917873E+003  0.8992848E+001  0.1347825E+004 -0.7388788E+003  0.0000000E+000
 180.000    29062005  0.1544595E+005  0.4915659E+003  0.8996243E+001  0.1360600E+004 -0.7468085E+003  0.0000000E+000
 181.000    30062005  0.1544853E+005  0.4913066E+003  0.8998910E+001  0.1372543E+004 -0.7563005E+003  0.0000000E+000
 182.000    01072005  0.1543985E+005  0.4906245E+003  0.8994734E+001  0.1383673E+004 -0.7660464E+003  0.0000000E+000
 183.000    02072005  0.1544312E+005  0.4902399E+003  0.8996301E+001  0.1395255E+004 -0.7745607E+003  0.0000000E+000
 184.000    03072005  0.1544696E+005  0.4898788E+003  0.8998047E+001  0.1406745E+004 -0.7823730E+003  0.0000000E+000
 185.000    04072005  0.1545161E+005  0.4895372E+003  0.9000167E+001  0.1419337E+004 -0.7904526E+003  0.0000000E+000
 186.000    05072005  0.1545507E+005  0.4891667E+003  0.9002050E+001  0.1431794E+004 -0.7996006E+003  0.0000000E+000
 187.000    06072005  0.1545738E+005  0.4887460E+003  0.9003292E+001  0.1442901E+004 -0.8085803E+003  0.0000000E+000
 188.000    07072005  0.1545997E+005  0.4882902E+003  0.9004284E+001  0.1453639E+004 -0.8169430E+003  0.0000000E+000
 189.000    08072005  0.1546593E+005  0.4879162E+003  0.9005258E+001  0.1466785E+004 -0.8242576E+003  0.0000000E+000
 190.000    09072005  0.1546892E+005  0.4875950E+003  0.9006208E+001  0.1478368E+004 -0.8329265E+003  0.0000000E+000
 191.000    10072005  0.1547180E+005  0.4872107E+003  0.9006936E+001  0.1490028E+004 -0.8418448E+003  0.0000000E+000
 192.000    11072005  0.1547572E+005  0.4867903E+003  0.9007608E+001  0.1502084E+004 -0.8501559E+003  0.0000000E+000
 193.000    12072005  0.1547830E+005  0.4862844E+003  0.9008141E+001  0.1514062E+004 -0.8597908E+003  0.0000000E+000
 194.000    13072005  0.1548132E+005  0.4857622E+003  0.9008564E+001  0.1525121E+004 -0.8680630E+003  0.0000000E+000
 195.000    14072005  0.1548632E+005  0.4852968E+003  0.9009156E+001  0.1537742E+004 -0.8758695E+003  0.0000000E+000
 196.000    15072005  0.1549018E+005  0.4848358E+003  0.9009787E+001  0.1550446E+004 -0.8848821E+003  0.0000000E+000
 197.000    16072005  0.1549311E+005  0.4843165E+003  0.9010317E+001  0.1562478E+004 -0.8942064E+003  0.0000000E+000
 198.000    17072005  0.1549542E+005  0.4837293E+003  0.9010751E+001  0.1574100E+004 -0.9037915E+003  0.0000000E+000
 199.000    18072005  0.1549729E+005  0.4830890E+003  0.9011096E+001  0.1585240E+004 -0.9133728E+003  0.0000000E+000
 200.000    19072005  0.1549864E+005  0.4824254E+003  0.9011412E+001  0.1596300E+004 -0.9233938E+003  0.0000000E+000
 201.000    20072005  0.1550164E+005  0.4817632E+003  0.9011761E+001  0.1608079E+004 -0.9324784E+003  0.0000000E+000
 202.000    21072005  0.1550240E+005  0.4810948E+003  0.9012038E+001  0.1618264E+004 -0.9422077E+003  0.0000000E+000
 203.000    22072005  0.1550428E+005  0.4803996E+003  0.9012332E+001  0.1629188E+004 -0.9515614E+003  0.0000000E+000
 204.000    23072005  0.1550667E+005  0.4797224E+003  0.9012643E+001  0.1640455E+004 -0.9607354E+003  0.0000000E+000
 205.000    24072005  0.1551066E+005  0.4791266E+003  0.9013012E+001  0.1652302E+004 -0.9688118E+003  0.0000000E+000
 206.000    25072005  0.1551134E+005  0.4784992E+003  0.9013379E+001  0.1663073E+004 -0.9791499E+003  0.0000000E+000
 207.000    26072005  0.1550991E+005  0.4777406E+003  0.9013515E+001  0.1672363E+004 -0.9902350E+003  0.0000000E+000
 208.000    27072005  0.1550869E+005  0.4769117E+003  0.9013618E+001  0.1681940E+004 -0.1001447E+004  0.0000000E+000
 209.000    28072005  0.1551097E+005  0.4761058E+003  0.9013797E+001  0.1692817E+004 -0.1010420E+004  0.0000000E+000
 210.000    29072005  0.1551270E+005  0.4753958E+003  0.9014079E+001  0.1700576E+004 -0.1016738E+004  0.0000000E+000
 211.000    30072005  0.1551687E+005  0.4747289E+003  0.9014595E+001  0.1711862E+004 -0.1024109E+004  0.0000000E+000
 212.000    31072005  0.1550975E+005  0.4737839E+003  0.9009063E+001  0.1721638E+004 -0.1030921E+004  0.0000000E+000
 213.000    01082005  0.1551506E+005  0.4732288E+003  0.9009618E+001  0.1734603E+004 -0.1038739E+004  0.0000000E+000
 214.000    02082005  0.1551806E+005  0.4726777E+003  0.9010127E+001  0.1746259E+004 -0.1047575E+004  0.0000000E+000
 215.000    03082005  0.1552011E+005  0.4720541E+003  0.9010494E+001  0.1757259E+004 -0.1056775E+004  0.0000000E+000
 216.000    04082005  0.1552229E+005  0.4713991E+003  0.9010797E+001  0.1768087E+004 -0.1065706E+004  0.0000000E+000
 217.000    05082005  0.1552457E+005  0.4707298E+003  0.9011125E+001  0.1779107E+004 -0.1074737E+004  0.0000000E+000
 218.000    06082005  0.1552785E+005  0.4700505E+003  0.9011439E+001  0.1790568E+004 -0.1083209E+004  0.0000000E+000
 219.000    07082005  0.1553170E+005  0.4694458E+003  0.9011825E+001  0.1802050E+004 -0.1091061E+004  0.0000000E+000
 220.000    08082005  0.1553453E+005  0.4688655E+003  0.9012086E+001  0.1811972E+004 -0.1098343E+004  0.0000000E+000
 221.000    09082005  0.1553845E+005  0.4682606E+003  0.9012286E+001  0.1823153E+004 -0.1105816E+004  0.0000000E+000
 222.000    10082005  0.1554239E+005  0.4676591E+003  0.9012398E+001  0.1835309E+004 -0.1114242E+004  0.0000000E+000
 223.000    11082005  0.1554463E+005  0.4670091E+003  0.9012114E+001  0.1846648E+004 -0.1123599E+004  0.0000000E+000
 224.000    12082005  0.1554625E+005  0.4663025E+003  0.9011607E+001  0.1857435E+004 -0.1133066E+004  0.0000000E+000
 225.000    13082005  0.1554950E+005  0.4655725E+003  0.9011253E+001  0.1868931E+004 -0.1141624E+004  0.0000000E+000
 226.000    14082005  0.1555250E+005  0.4648404E+003  0.9011027E+001  0.1880152E+004 -0.1150151E+004  0.0000000E+000
 227.000    15082005  0.1555373E+005  0.4640730E+003  0.9010432E+001  0.1890886E+004 -0.1159987E+004  0.0000000E+000
 228.000    16082005  0.1555532E+005  0.4632564E+003  0.9009798E+001  0.1901464E+004 -0.1169331E+004  0.0000000E+000
 229.000    17082005  0.1555975E+005  0.4625097E+003  0.9009568E+001  0.1912786E+004 -0.1176523E+004  0.0000000E+000
 230.000    18082005  0.1556302E+005  0.4618767E+003  0.9009580E+001  0.1922628E+004 -0.1183296E+004  0.0000000E+000
 231.000    19082005  0.1556640E+005  0.4612191E+003  0.9009533E+001  0.1934625E+004 -0.1192138E+004  0.0000000E+000
 232.000    20082005  0.1556753E+005  0.4604641E+003  0.9009088E+001  0.1944450E+004 -0.1201157E+004  0.0000000E+000
 233.000    21082005  0.1556947E+005  0.4596597E+003  0.9008547E+001  0.1955298E+004 -0.1210421E+004  0.0000000E+000
 234.000    22082005  0.1557159E+005  0.4588995E+003  0.9008050E+001  0.1965353E+004 -0.1218662E+004  0.0000000E+000
 235.000    23082005  0.1557639E+005  0.4581906E+003  0.9007927E+001  0.1976795E+004 -0.1225574E+004  0.0000000E+000
 236.000    24082005  0.1558117E+005  0.4575595E+003  0.9007948E+001  0.1988913E+004 -0.1233110E+004  0.0000000E+000
 237.000    25082005  0.1558536E+005  0.4569946E+003  0.9007849E+001  0.2000040E+004 -0.1240201E+004  0.0000000E+000
 238.000    26082005  0.1558911E+005  0.4565311E+003  0.9007775E+001  0.2010545E+004 -0.1247032E+004  0.0000000E+000
 239.000    27082005  0.1559264E+005  0.4560286E+003  0.9007788E+001  0.2021569E+004 -0.1254666E+004  0.0000000E+000
 240.000    28082005  0.1559544E+005  0.4554704E+003  0.9007635E+001  0.2032568E+004 -0.1263055E+004  0.0000000E+000
 241.000    29082005  0.1559819E+005  0.4548547E+003  0.9007408E+001  0.2043513E+004 -0.1271493E+004  0.0000000E+000
 242.000    30082005  0.1560055E+005  0.4541492E+003  0.9007081E+001  0.2054707E+004 -0.1280645E+004  0.0000000E+000
 243.000    31082005  0.1559218E+005  0.4530759E+003  0.9000513E+001  0.2064978E+004 -0.1289285E+004  0.0000000E+000
 244.000    01092005  0.1559502E+005  0.4524005E+003  0.9000075E+001  0.2075019E+004 -0.1296753E+004  0.0000000E+000
 245.000    02092005  0.1559721E+005  0.4517832E+003  0.8999652E+001  0.2084622E+004 -0.1304383E+004  0.0000000E+000
 246.000    03092005  0.1559918E+005  0.4511767E+003  0.8999210E+001  0.2093967E+004 -0.1311963E+004  0.0000000E+000
 247.000    04092005  0.1560247E+005  0.4506343E+003  0.8998926E+001  0.2103734E+004 -0.1318604E+004  0.0000000E+000
 248.000    05092005  0.1560502E+005  0.4501318E+003  0.8998649E+001  0.2113253E+004 -0.1325708E+004  0.0000000E+000
 249.000    06092005  0.1560843E+005  0.4496528E+003  0.8998430E+001  0.2123299E+004 -0.1332463E+004  0.0000000E+000
 250.000    07092005  0.1561225E+005  0.4492342E+003  0.8998308E+001  0.2133699E+004 -0.1339116E+004  0.0000000E+000
 251.000    08092005  0.1561544E+005  0.4488418E+003  0.8996736E+001  0.2143433E+004 -0.1345724E+004  0.0000000E+000
 252.000    09092005  0.1561780E+005  0.4484830E+003  0.8991575E+001  0.2152805E+004 -0.1352721E+004  0.0000000E+000
 253.000    10092005  0.1562007E+005  0.4480920E+003  0.8991131E+001  0.2162206E+004 -0.1359945E+004  0.0000000E+000
 254.000    11092005  0.1562287E+005  0.4476975E+003  0.8990902E+001  0.2171591E+004 -0.1366632E+004  0.0000000E+000
 255.000    12092005  0.1562535E+005  0.4473222E+003  0.8989780E+001  0.2181229E+004 -0.1373858E+004  0.0000000E+000
 256.000    13092005  0.1562775E+005  0.4468754E+003  0.8989892E+001  0.2190614E+004 -0.1381002E+004  0.0000000E+000
 257.000    14092005  0.1562893E+005  0.4463468E+003  0.8989910E+001  0.2198680E+004 -0.1388132E+004  0.0000000E+000
 258.000    15092005  0.1563112E+005  0.4457730E+003  0.8989619E+001  0.2208923E+004 -0.1396448E+004  0.0000000E+000
 259.000    16092005  0.1563264E+005  0.4451937E+003  0.8989211E+001  0.2217611E+004 -0.1403866E+004  0.0000000E+000
 260.000    17092005  0.1563397E+005  0.4446258E+003  0.8988040E+001  0.2226507E+004 -0.1411657E+004  0.0000000E+000
 261.000    18092005  0.1563586E+005  0.4440536E+003  0.8986628E+001  0.2235717E+004 -0.1419201E+004  0.0000000E+000
 262.000    19092005  0.1563771E+005  0.4434833E+003  0.8986000E+001  0.2245155E+004 -0.1427005E+004  0.0000000E+000
 263.000    20092005  0.1563964E+005  0.4428625E+003  0.8985696E+001  0.2254734E+004 -0.1434915E+004  0.0000000E+000
 264.000    21092005  0.1564325E+005  0.4423075E+003  0.8985567E+001  0.2264734E+004 -0.1441499E+004  0.0000000E+000
 265.000    22092005  0.1564677E+005  0.4418356E+003  0.8985552E+001  0.2274969E+004 -0.1448343E+004  0.0000000E+000
 266.000    23092005  0.1564810E+005  0.4413481E+003  0.8985332E+001  0.2284038E+004 -0.1456221E+004  0.0000000E+000
 267.000    24092005  0.1564977E+005  0.4408265E+003  0.8985239E+001  0.2291983E+004 -0.1462688E+004  0.0000000E+000
 268.000    25092005  0.1565297E+005  0.4402990E+003  0.8985158E+001  0.2302084E+004 -0.1469777E+004  0.0000000E+000
 269.000    26092005  0.1565440E+005  0.4397685E+003  0.8985071E+001  0.2309980E+004 -0.1476439E+004  0.0000000E+000
 270.000    27092005  0.1565767E+005  0.4392600E+003  0.8984648E+001  0.2319489E+004 -0.1482849E+004  0.0000000E+000
 271.000    28092005  0.1566076E+005  0.4388691E+003  0.8982271E+001  0.2328416E+004 -0.1488724E+004  0.0000000E+000
 272.000    29092005  0.1566362E+005  0.4385316E+003  0.8982432E+001  0.2337428E+004 -0.1494908E+004  0.0000000E+000
 273.000    30092005  0.1566696E+005  0.4382808E+003  0.8981548E+001  0.2345656E+004 -0.1499755E+004  0.0000000E+000
 274.000    01102005  0.1565974E+005  0.4377696E+003  0.8975866E+001  0.2354696E+004 -0.1505556E+004  0.0000000E+000
 275.000    02102005  0.1566180E+005  0.4375634E+003  0.8975446E+001  0.2362679E+004 -0.1511438E+004  0.0000000E+000
 276.000    03102005  0.1566494E+005  0.4373628E+003  0.8973220E+001  0.2371713E+004 -0.1517252E+004  0.0000000E+000
 277.000    04102005  0.1566733E+005  0.4371176E+003  0.8973482E+001  0.2380373E+004 -0.1523543E+004  0.0000000E+000
 278.000    05102005  0.1566970E+005  0.4368143E+003  0.8973771E+001  0.2389306E+004 -0.1530194E+004  0.0000000E+000
 279.000    06102005  0.1566982E+005  0.4364234E+003  0.8973897E+001  0.2395820E+004 -0.1536764E+004  0.0000000E+000
 280.000    07102005  0.1566884E+005  0.4359417E+003  0.8973788E+001  0.2400753E+004 -0.1542915E+004  0.0000000E+000
 281.000    08102005  0.1567071E+005  0.4354110E+003  0.8973570E+001  0.2408764E+004 -0.1549332E+004  0.0000000E+000
 282.000    09102005  0.1566999E+005  0.4349472E+003  0.8970695E+001  0.2412302E+004 -0.1553760E+004  0.0000000E+000
 283.000    10102005  0.1567043E+005  0.4345368E+003  0.8968037E+001  0.2416700E+004 -0.1557790E+004  0.0000000E+000
 284.000    11102005  0.1567126E+005  0.4341737E+003  0.8967961E+001  0.2421926E+004 -0.1562274E+004  0.0000000E+000
 285.000    12102005  0.1567256E+005  0.4338570E+003  0.8967621E+001  0.2427413E+004 -0.1566503E+004  0.0000000E+000
 286.000    13102005  0.1567670E+005  0.4336305E+003  0.8967848E+001  0.2436376E+004 -0.1571299E+004  0.0000000E+000
 287.000    14102005  0.1568026E+005  0.4335065E+003  0.8967650E+001  0.2444899E+004 -0.1576151E+004  0.0000000E+000
 288.000    15102005  0.1568327E+005  0.4334218E+003  0.8967951E+001  0.2453323E+004 -0.1581433E+004  0.0000000E+000
 289.000    16102005  0.1568665E+005  0.4334016E+003  0.8964041E+001  0.2460998E+004 -0.1585479E+004  0.0000000E+000
 290.000    17102005  0.1569006E+005  0.4335011E+003  0.8956759E+001  0.2468604E+004 -0.1589211E+004  0.0000000E+000
 291.000    18102005  0.1569203E+005  0.4336125E+003  0.8953024E+001  0.2476522E+004 -0.1594774E+004  0.0000000E+000
 292.000    19102005  0.1569375E+005  0.4335787E+003  0.8952917E+001  0.2484520E+004 -0.1600923E+004  0.0000000E+000
 293.000    20102005  0.1569539E+005  0.4334359E+003  0.8953148E+001  0.2492610E+004 -0.1607359E+004  0.0000000E+000
 294.000    21102005  0.1569869E+005  0.4333095E+003  0.8953195E+001  0.2500450E+004 -0.1611878E+004  0.0000000E+000
 295.000    22102005  0.1570177E+005  0.4333004E+003  0.8952077E+001  0.2507912E+004 -0.1616121E+004  0.0000000E+000
 296.000    23102005  0.1570510E+005  0.4334234E+003  0.8941108E+001  0.2515063E+004 -0.1619412E+004  0.0000000E+000
 297.000    24102005  0.1570763E+005  0.4336791E+003  0.8928675E+001  0.2521054E+004 -0.1622191E+004  0.0000000E+000
 298.000    25102005  0.1570981E+005  0.4340360E+003  0.8917282E+001  0.2526616E+004 -0.1624809E+004  0.0000000E+000
 299.000    26102005  0.1571281E+005  0.4344650E+003  0.8903569E+001  0.2533443E+004 -0.1627745E+004  0.0000000E+000
 300.000    27102005  0.1571554E+005  0.4349663E+003  0.8886744E+001  0.2539960E+004 -0.1630491E+004  0.0000000E+000
 301.000    28102005  0.1571776E+005  0.4355076E+003  0.8870354E+001  0.2545840E+004 -0.1633074E+004  0.0000000E+000
 302.000    29102005  0.1572027E+005  0.4360741E+003  0.8853264E+001  0.2552139E+004 -0.1635734E+004  0.0000000E+000
 303.000    30102005  0.1572252E+005  0.4366033E+003  0.8839646E+001  0.2559115E+004 -0.1639440E+004  0.0000000E+000
 304.000    31102005  0.1571407E+005  0.4367375E+003  0.8823913E+001  0.2566192E+004 -0.1643695E+004  0.0000000E+000
 305.000    01112005  0.1571653E+005  0.4370896E+003  0.8816929E+001  0.2573376E+004 -0.1647738E+004  0.0000000E+000
 306.000    02112005  0.1571901E+005  0.4373713E+003  0.8812268E+001  0.2580207E+004 -0.1651545E+004  0.0000000E+000
 307.000    03112005  0.1572142E+005  0.4377308E+003  0.8803741E+001  0.2587040E+004 -0.1655202E+004  0.0000000E+000
 308.000    04112005  0.1572328E+005  0.4380240E+003  0.8802070E+001  0.2594095E+004 -0.1659825E+004  0.0000000E+000
 309.000    05112005  0.1572523E+005  0.4381854E+003  0.8802639E+001  0.2601368E+004 -0.1664852E+004  0.0000000E+000
 310.000    06112005  0.1572725E+005  0.4382869E+003  0.8803473E+001  0.2608815E+004 -0.1670079E+004  0.0000000E+000
 311.000    07112005  0.1572943E+005  0.4383706E+003  0.8801643E+001  0.2615662E+004 -0.1674490E+004  0.0000000E+000
 312.000    08112005  0.1573112E+005  0.4385398E+003  0.8797895E+001  0.2622522E+004 -0.1679178E+004  0.0000000E+000
 313.000    09112005  0.1573262E+005  0.4386239E+003  0.8798104E+001  0.2629867E+004 -0.1684829E+004  0.0000000E+000
 314.000    10112005  0.1573485E+005  0.4386815E+003  0.8793704E+001  0.2636059E+004 -0.1688470E+004  0.0000000E+000
 315.000    11112005  0.1573737E+005  0.4389789E+003  0.8783261E+001  0.2641858E+004 -0.1690869E+004  0.0000000E+000
 316.000    12112005  0.1573975E+005  0.4393867E+003  0.8775080E+001  0.2648052E+004 -0.1693783E+004  0.0000000E+000
 317.000    13112005  0.1574180E+005  0.4397848E+003  0.8770692E+001  0.2654823E+004 -0.1697748E+004  0.0000000E+000
 318.000    14112005  0.1574248E+005  0.4399832E+003  0.8772290E+001  0.2661348E+004 -0.1703299E+004  0.0000000E+000
 319.000    15112005  0.1574419E+005  0.4400431E+003  0.8773617E+001  0.2668578E+004 -0.1708677E+004  0.0000000E+000
 320.000    16112005  0.1574505E+005  0.4400113E+003  0.8771754E+001  0.2675006E+004 -0.1714139E+004  0.0000000E+000
 321.000    17112005  0.1574667E+005  0.4401755E+003  0.8758622E+001  0.2679524E+004 -0.1716191E+004  0.0000000E+000
 322.000    18112005  0.1574729E+005  0.4405008E+003  0.8744149E+001  0.2682872E+004 -0.1717819E+004  0.0000000E+000
 323.000    19112005  0.1574902E+005  0.4409310E+003  0.8733757E+001  0.2687507E+004 -0.1719688E+004  0.0000000E+000
 324.000    20112005  0.1575013E+005  0.4414229E+003  0.8727677E+001  0.2692041E+004 -0.1722117E+004  0.0000000E+000
 325.000    21112005  0.1574729E+005  0.4418260E+003  0.8728097E+001  0.2694528E+004 -0.1724948E+004  0.0000000E+000
 326.000    22112005  0.1574700E+005  0.4422412E+003  0.8720777E+001  0.2699141E+004 -0.1727145E+004  0.0000000E+000
 327.000    23112005  0.1574586E+005  0.4427490E+003  0.8709835E+001  0.2702663E+004 -0.1728932E+004  0.0000000E+000
 328.000    24112005  0.1574635E+005  0.4432451E+003  0.8705436E+001  0.2708891E+004 -0.1732195E+004  0.0000000E+000
 329.000    25112005  0.1574463E+005  0.4437444E+003  0.8691000E+001  0.2711618E+004 -0.1733825E+004  0.0000000E+000
 330.000    26112005  0.1574430E+005  0.4442907E+003  0.8680572E+001  0.2715574E+004 -0.1735489E+004  0.0000000E+000
 331.000    27112005  0.1574219E+005  0.4448508E+003  0.8671252E+001  0.2717683E+004 -0.1737207E+004  0.0000000E+000
 332.000    28112005  0.1573959E+005  0.4452461E+003  0.8672764E+001  0.2721446E+004 -0.1741710E+004  0.0000000E+000
 333.000    29112005  0.1573580E+005  0.4451752E+003  0.8673791E+001  0.2723857E+004 -0.1746677E+004  0.0000000E+000
 334.000    30112005  0.1573699E+005  0.4452166E+003  0.8666912E+001  0.2729274E+004 -0.1749382E+004  0.0000000E+000
 335.000    01122005  0.1572694E+005  0.4451660E+003  0.8651345E+001  0.2733587E+004 -0.1751474E+004  0.0000000E+000
 336.000    02122005  0.1572713E+005  0.4455416E+003  0.8640070E+001  0.2737604E+004 -0.1753342E+004  0.0000000E+000
 337.000    03122005  0.1572663E+005  0.4459960E+003  0.8628301E+001  0.2740822E+004 -0.1755034E+004  0.0000000E+000
 338.000    04122005  0.1572754E+005  0.4464220E+003  0.8627072E+001  0.2746673E+004 -0.1758462E+004  0.0000000E+000
 339.000    05122005  0.1572482E+005  0.4467928E+003  0.8613473E+001  0.2747600E+004 -0.1760238E+004  0.0000000E+000
 340.000    06122005  0.1572424E+005  0.4472359E+003  0.8599522E+001  0.2750495E+004 -0.1761752E+004  0.0000000E+000
 341.000    07122005  0.1572433E+005  0.4477578E+003  0.8588329E+001  0.2753984E+004 -0.1763294E+004  0.0000000E+000
 342.000    08122005  0.1572233E+005  0.4483004E+003  0.8572001E+001  0.2755495E+004 -0.1764728E+004  0.0000000E+000
 343.000    09122005  0.1572222E+005  0.4488542E+003  0.8559378E+001  0.2758803E+004 -0.1766273E+004  0.0000000E+000
 344.000    10122005  0.1572212E+005  0.4494409E+003  0.8548166E+001  0.2762099E+004 -0.1767855E+004  0.0000000E+000
 345.000    11122005  0.1572261E+005  0.4500512E+003  0.8537419E+001  0.2766160E+004 -0.1769632E+004  0.0000000E+000
 346.000    12122005  0.1572282E+005  0.4506796E+003  0.8527375E+001  0.2769906E+004 -0.1771434E+004  0.0000000E+000
 347.000    13122005  0.1572173E+005  0.4513053E+003  0.8512855E+001  0.2772142E+004 -0.1772851E+004  0.0000000E+000
 348.000    14122005  0.1571913E+005  0.4518961E+003  0.8497223E+001  0.2772646E+004 -0.1774048E+004  0.0000000E+000
 349.000    15122005  0.1571660E+005  0.4524340E+003  0.8480947E+001  0.2773326E+004 -0.1775406E+004  0.0000000E+000
 350.000    16122005  0.1571715E+005  0.4529668E+003  0.8469939E+001  0.2777202E+004 -0.1777141E+004  0.0000000E+000
 351.000    17122005  0.1571655E+005  0.4535193E+003  0.8457411E+001  0.2779807E+004 -0.1778687E+004  0.0000000E+000
 352.000    18122005  0.1571555E+005  0.4540705E+003  0.8442934E+001  0.2781959E+004 -0.1780116E+004  0.0000000E+000
 353.000    19122005  0.1571603E+005  0.4546345E+003  0.8432021E+001  0.2785649E+004 -0.1781767E+004  0.0000000E+000
 354.000    20122005  0.1571564E+005  0.4552098E+003  0.8419711E+001  0.2788236E+004 -0.1783129E+004  0.0000000E+000
 355.000    21122005  0.1571479E+005  0.4557850E+003  0.8406098E+001  0.2790369E+004 -0.1784447E+004  0.0000000E+000
 356.000    22122005  0.1571484E+005  0.4563606E+003  0.8394648E+001  0.2793434E+004 -0.1785906E+004  0.0000000E+000
 357.000    23122005  0.1571564E+005  0.4569394E+003  0.8385205E+001  0.2797675E+004 -0.1787883E+004  0.0000000E+000
 358.000    24122005  0.1571661E+005  0.4575022E+003  0.8377293E+001  0.2802269E+004 -0.1790127E+004  0.0000000E+000
 359.000    25122005  0.1571621E+005  0.4580056E+003  0.8375291E+001  0.2805569E+004 -0.1792754E+004  0.0000000E+000
 360.000    26122005  0.1571743E+005  0.4584676E+003  0.8369827E+001  0.2809910E+004 -0.1794788E+004  0.0000000E+000
 361.000    27122005  0.1571863E+005  0.4589383E+003  0.8361068E+001  0.2814500E+004 -0.1796913E+004  0.0000000E+000
 362.000    28122005  0.1572003E+005  0.4593306E+003  0.8359154E+001  0.2819840E+004 -0.1799899E+004  0.0000000E+000
 363.000    29122005  0.1572173E+005  0.4595963E+003  0.8356396E+001  0.2825021E+004 -0.1802690E+004  0.0000000E+000
 364.000    30122005  0.1572289E+005  0.4599567E+003  0.8347794E+001  0.2829513E+004 -0.1804917E+004  0.0000000E+000
 365.000    31122005  0.1571428E+005  0.4600173E+003  0.8337810E+001  0.2834847E+004 -0.1807627E+004  0.0000000E+000
