    DOY     DATE    SHOOT_C         ROOT_C          LAI             GPP             AUTO_RESP       HVST_C          
  30.000    30011902  0.6626671E+001  0.3017933E+003  0.0000000E+000  0.0000000E+000 -0.7423126E+001  0.0000000E+000
  60.000    01031902  0.6625978E+001  0.2834939E+003  0.0000000E+000  0.0000000E+000 -0.1656196E+002  0.0000000E+000
  90.000    31031902  0.1339069E+001  0.2626407E+003  0.3568726E-001  0.8060542E-002 -0.2674111E+002  0.0000000E+000
 120.000    30041902  0.6391732E+002  0.2821351E+003  0.1803003E+001  0.8989371E+002 -0.7256810E+002  0.0000000E+000
 150.000    30051902  0.1322039E+003  0.3281917E+003  0.3145989E+001  0.2826075E+003 -0.1396108E+003  0.0000000E+000
 180.000    29061902  0.2249139E+003  0.3635913E+003  0.4438852E+001  0.5539323E+003 -0.2666338E+003  0.0000000E+000
 210.000    29071902  0.3131438E+003  0.3911090E+003  0.4453626E+001  0.8106545E+003 -0.3924329E+003  0.0000000E+000
 240.000    28081902  0.2896718E+003  0.4715490E+003  0.2778724E+001  0.1026208E+004 -0.4950641E+003  0.0000000E+000
 270.000    27091902  0.2061344E+003  0.5316802E+003  0.1057940E+001  0.1148984E+004 -0.5813697E+003  0.0000000E+000
 300.000    27101902  0.1622256E+003  0.5173607E+003  0.3766259E+000  0.1183480E+004 -0.6223536E+003  0.0000000E+000
 330.000    26111902  0.3003363E+002  0.4678139E+003  0.3153952E+000  0.1184554E+004 -0.6485269E+003  0.0000000E+000
 360.000    26121902  0.1431251E+002  0.4404160E+003  0.1801829E+000  0.1184554E+004 -0.6627762E+003  0.0000000E+000
