    DOY     DATE    PRECN           ET              WATER           DISCHG          SNOWPACK        WTR_1           WTR_2           WTR_3           WTR_4           WTR_5           WTR_6           ICE_2           ICE_3           ICE_4           ICE_5           ICE_6           ICE_7           PSI_3           PSI_4           PSI_5           PSI_6           PSI_7           PSI_8           ACTV_LYR        
  30.000    30011926  0.1008100E+003  0.2510370E+002  0.8382570E+003  0.1755017E+002  0.0000000E+000  0.3481889E+000  0.3472671E+000  0.3493246E+000  0.2850613E+000  0.2778962E+000  0.3569161E+000  0.9615589E-012  0.9527960E-012  0.0000000E+000  0.0000000E+000  0.0000000E+000  0.0000000E+000 -0.6242385E-002 -0.5069935E-002 -0.3553490E-002 -0.2549475E-002 -0.2549670E-002 -0.3265156E-002 -0.9999000E+004
  60.000    01031926  0.2181400E+003  0.6220065E+002  0.8244742E+003  0.1115493E+003  0.0000000E+000  0.3254764E+000  0.3294750E+000  0.3368570E+000  0.2644288E+000  0.2582766E+000  0.3553558E+000  0.9615589E-012  0.9527960E-012  0.0000000E+000  0.0000000E+000  0.0000000E+000  0.0000000E+000 -0.8491502E-002 -0.7253743E-002 -0.5029136E-002 -0.2638948E-002 -0.2602508E-002 -0.3639942E-002 -0.9999000E+004
  90.000    31031926  0.3271000E+003  0.1241999E+003  0.8128659E+003  0.1701184E+003  0.0000000E+000  0.3393678E+000  0.3698515E+000  0.3656259E+000  0.3133329E+000  0.2889127E+000  0.3574827E+000  0.9615589E-012  0.9527960E-012  0.0000000E+000  0.0000000E+000  0.0000000E+000  0.0000000E+000 -0.3909318E-002 -0.3184898E-002 -0.3022140E-002 -0.2517923E-002 -0.2510084E-002 -0.2747073E-002 -0.9999000E+004
 120.000    30041926  0.3994800E+003  0.2308054E+003  0.7467284E+003  0.2020303E+003  0.0000000E+000  0.2981667E+000  0.2894166E+000  0.2936025E+000  0.1979917E+000  0.2085677E+000  0.3368121E+000  0.9615589E-012  0.9527960E-012  0.0000000E+000  0.0000000E+000  0.0000000E+000  0.0000000E+000 -0.1710275E-001 -0.3206547E-001 -0.1528594E-001 -0.4061607E-002 -0.3232789E-002 -0.5066482E-002 -0.9999000E+004
 150.000    30051926  0.5992200E+003  0.3503385E+003  0.7999336E+003  0.2290320E+003  0.0000000E+000  0.3263602E+000  0.3369245E+000  0.3457839E+000  0.2774198E+000  0.2640710E+000  0.3576134E+000  0.9615589E-012  0.9527960E-012  0.0000000E+000  0.0000000E+000  0.0000000E+000  0.0000000E+000 -0.7354388E-002 -0.5687492E-002 -0.4461566E-002 -0.2450666E-002 -0.2497239E-002 -0.2574111E-002 -0.9999000E+004
 180.000    29061926  0.6362100E+003  0.4994059E+003  0.6637606E+003  0.2531276E+003  0.0000000E+000  0.1243092E+000  0.1220457E+000  0.1307258E+000  0.1142300E+000  0.1456731E+000  0.3038424E+000  0.9615589E-012  0.9527960E-012  0.0000000E+000  0.0000000E+000  0.0000000E+000  0.0000000E+000 -0.8118279E+000 -0.5340106E+000 -0.1309737E+000 -0.9283996E-002 -0.4992831E-002 -0.7033589E-002 -0.9999000E+004
 210.000    29071926  0.7075500E+003  0.6389233E+003  0.5791980E+003  0.2695128E+003  0.0000000E+000  0.1266874E+000  0.1210683E+000  0.1267371E+000  0.1068985E+000  0.1128976E+000  0.2448824E+000  0.9615589E-012  0.9527960E-012  0.0000000E+000  0.0000000E+000  0.0000000E+000  0.0000000E+000 -0.9501401E+000 -0.7555137E+000 -0.6118051E+000 -0.6224436E-001 -0.1562247E-001 -0.2094757E-001 -0.9999000E+004
 240.000    28081926  0.7988700E+003  0.7649221E+003  0.5372492E+003  0.2767827E+003  0.0000000E+000  0.1321163E+000  0.1260530E+000  0.1384765E+000  0.1233020E+000  0.1237640E+000  0.2144479E+000  0.9615589E-012  0.9527960E-012  0.0000000E+000  0.0000000E+000  0.0000000E+000  0.0000000E+000 -0.6170854E+000 -0.3601945E+000 -0.3517738E+000 -0.2021068E+000 -0.4254981E-001 -0.5620231E-001 -0.9999000E+004
 270.000    27091926  0.8200800E+003  0.8629125E+003  0.4581490E+003  0.2791025E+003  0.0000000E+000  0.1219215E+000  0.1196166E+000  0.1224429E+000  0.1001006E+000  0.1030942E+000  0.1831900E+000  0.9615589E-012  0.9527960E-012  0.0000000E+000  0.0000000E+000  0.0000000E+000  0.0000000E+000 -0.1135829E+001 -0.1067473E+001 -0.1062832E+001 -0.8177263E+000 -0.3354007E+000 -0.4502284E+000 -0.9999000E+004
 300.000    27101926  0.1059310E+004  0.9037275E+003  0.6565640E+003  0.2791025E+003  0.0000000E+000  0.3410007E+000  0.3450957E+000  0.3571835E+000  0.2902150E+000  0.2929043E+000  0.3577265E+000  0.9615589E-012  0.9527960E-012  0.0000000E+000  0.0000000E+000  0.0000000E+000  0.0000000E+000 -0.6143074E-002 -0.4668513E-002 -0.2746108E-002 -0.2504561E-002 -0.2773277E-002 -0.3181577E+000 -0.9999000E+004
 330.000    26111926  0.1095560E+004  0.9352736E+003  0.6612647E+003  0.2791025E+003  0.0000000E+000  0.3131122E+000  0.3130939E+000  0.3176146E+000  0.2471866E+000  0.2408494E+000  0.3467023E+000  0.9615589E-012  0.9527960E-012  0.0000000E+000  0.0000000E+000  0.0000000E+000  0.0000000E+000 -0.1188417E-001 -0.1002641E-001 -0.7031805E-002 -0.3218006E-002 -0.2659955E-002 -0.6807209E-002 -0.9999000E+004
 360.000    26121926  0.1195380E+004  0.9597326E+003  0.7366123E+003  0.2791025E+003  0.0000000E+000  0.3210620E+000  0.3491520E+000  0.3469033E+000  0.2727645E+000  0.2619430E+000  0.3567524E+000  0.9615589E-012  0.9527960E-012  0.0000000E+000  0.0000000E+000  0.0000000E+000  0.0000000E+000 -0.6244553E-002 -0.6465570E-002 -0.4711341E-002 -0.2557195E-002 -0.2571820E-002 -0.3425724E-002 -0.9999000E+004
