    DOY     DATE    SHOOT_C         ROOT_C          LAI             GPP             AUTO_RESP       HVST_C          
   1.000    01011985  0.1508679E+002  0.2015699E+001  0.3097885E+000  0.7463749E-001 -0.2385143E-001  0.0000000E+000
   2.000    02011985  0.1512233E+002  0.2017469E+001  0.3100630E+000  0.1413041E+000 -0.5236070E-001  0.0000000E+000
   3.000    03011985  0.1512634E+002  0.2019873E+001  0.3101476E+000  0.1637887E+000 -0.6760752E-001  0.0000000E+000
   4.000    04011985  0.1512498E+002  0.2023820E+001  0.3099837E+000  0.1761857E+000 -0.7503206E-001  0.0000000E+000
   5.000    05011985  0.1512583E+002  0.2028376E+001  0.3098561E+000  0.1913088E+000 -0.8250241E-001  0.0000000E+000
   6.000    06011985  0.1512710E+002  0.2033243E+001  0.3096729E+000  0.2079878E+000 -0.9005657E-001  0.0000000E+000
   7.000    07011985  0.1513255E+002  0.2038348E+001  0.3095098E+000  0.2300067E+000 -0.9843972E-001  0.0000000E+000
   8.000    08011985  0.1513195E+002  0.2043579E+001  0.3094127E+000  0.2444675E+000 -0.1058645E+000  0.0000000E+000
   9.000    09011985  0.1512380E+002  0.2048840E+001  0.3091784E+000  0.2512087E+000 -0.1119593E+000  0.0000000E+000
  10.000    10011985  0.1511372E+002  0.2053998E+001  0.3088567E+000  0.2562652E+000 -0.1175778E+000  0.0000000E+000
  11.000    11011985  0.1511243E+002  0.2058879E+001  0.3086254E+000  0.2703094E+000 -0.1242619E+000  0.0000000E+000
  12.000    12011985  0.1510117E+002  0.2063613E+001  0.3083426E+000  0.2736411E+000 -0.1299700E+000  0.0000000E+000
  13.000    13011985  0.1509777E+002  0.2067941E+001  0.3081051E+000  0.2845898E+000 -0.1361111E+000  0.0000000E+000
  14.000    14011985  0.1509948E+002  0.2072316E+001  0.3079125E+000  0.3016946E+000 -0.1434610E+000  0.0000000E+000
  15.000    15011985  0.1508903E+002  0.2076689E+001  0.3076300E+000  0.3056087E+000 -0.1491940E+000  0.0000000E+000
  16.000    16011985  0.1507999E+002  0.2080472E+001  0.3073365E+000  0.3095648E+000 -0.1540148E+000  0.0000000E+000
  17.000    17011985  0.1507312E+002  0.2084037E+001  0.3070479E+000  0.3158501E+000 -0.1592188E+000  0.0000000E+000
  18.000    18011985  0.1507623E+002  0.2087932E+001  0.3068584E+000  0.3332981E+000 -0.1659670E+000  0.0000000E+000
  19.000    19011985  0.1508086E+002  0.2092031E+001  0.3067606E+000  0.3522795E+000 -0.1732619E+000  0.0000000E+000
  20.000    20011985  0.1507331E+002  0.2096208E+001  0.3065010E+000  0.3585283E+000 -0.1786840E+000  0.0000000E+000
  21.000    21011985  0.1506260E+002  0.2100171E+001  0.3063487E+000  0.3585439E+000 -0.1821466E+000  0.0000000E+000
  22.000    22011985  0.1505210E+002  0.2103773E+001  0.3061184E+000  0.3597005E+000 -0.1862083E+000  0.0000000E+000
  23.000    23011985  0.1504520E+002  0.2107088E+001  0.3058853E+000  0.3649397E+000 -0.1909991E+000  0.0000000E+000
  24.000    24011985  0.1504481E+002  0.2110024E+001  0.3056746E+000  0.3776249E+000 -0.1971140E+000  0.0000000E+000
  25.000    25011985  0.1505018E+002  0.2113070E+001  0.3055107E+000  0.3972161E+000 -0.2045548E+000  0.0000000E+000
  26.000    26011985  0.1503972E+002  0.2116140E+001  0.3052597E+000  0.3994332E+000 -0.2098896E+000  0.0000000E+000
  27.000    27011985  0.1503675E+002  0.2118714E+001  0.3050388E+000  0.4082150E+000 -0.2150200E+000  0.0000000E+000
  28.000    28011985  0.1503227E+002  0.2121541E+001  0.3047912E+000  0.4162902E+000 -0.2205042E+000  0.0000000E+000
  29.000    29011985  0.1502755E+002  0.2124400E+001  0.3045174E+000  0.4242466E+000 -0.2258604E+000  0.0000000E+000
  30.000    30011985  0.1501993E+002  0.2125630E+001  0.3041058E+000  0.4394871E+000 -0.2320550E+000  0.0000000E+000
  31.000    31011985  0.1503125E+002  0.2128643E+001  0.3040983E+000  0.4641783E+000 -0.2399549E+000  0.0000000E+000
  32.000    01021985  0.1505898E+002  0.2131819E+001  0.3042179E+000  0.5108333E+000 -0.2535495E+000  0.0000000E+000
  33.000    02021985  0.1506500E+002  0.2134726E+001  0.3042948E+000  0.5330072E+000 -0.2646342E+000  0.0000000E+000
  34.000    03021985  0.1506185E+002  0.2137504E+001  0.3042037E+000  0.5427339E+000 -0.2716449E+000  0.0000000E+000
  35.000    04021985  0.1505740E+002  0.2140258E+001  0.3039657E+000  0.5507392E+000 -0.2771278E+000  0.0000000E+000
  36.000    05021985  0.1504804E+002  0.2142940E+001  0.3036466E+000  0.5539411E+000 -0.2821089E+000  0.0000000E+000
  37.000    06021985  0.1505305E+002  0.2145536E+001  0.3034526E+000  0.5718117E+000 -0.2884058E+000  0.0000000E+000
  38.000    07021985  0.1505415E+002  0.2148281E+001  0.3033111E+000  0.5852339E+000 -0.2945218E+000  0.0000000E+000
  39.000    08021985  0.1504396E+002  0.2151011E+001  0.3030115E+000  0.5873037E+000 -0.2992864E+000  0.0000000E+000
  40.000    09021985  0.1503700E+002  0.2153534E+001  0.3027596E+000  0.5918500E+000 -0.3039149E+000  0.0000000E+000
  41.000    10021985  0.1503313E+002  0.2155947E+001  0.3025088E+000  0.5996818E+000 -0.3088213E+000  0.0000000E+000
  42.000    11021985  0.1504482E+002  0.2158398E+001  0.3023517E+000  0.6263599E+000 -0.3173289E+000  0.0000000E+000
  43.000    12021985  0.1505751E+002  0.2160702E+001  0.3024232E+000  0.6542018E+000 -0.3279395E+000  0.0000000E+000
  44.000    13021985  0.1505388E+002  0.2163146E+001  0.3022175E+000  0.6624661E+000 -0.3333915E+000  0.0000000E+000
  45.000    14021985  0.1505858E+002  0.2165599E+001  0.3020440E+000  0.6803730E+000 -0.3402163E+000  0.0000000E+000
  46.000    15021985  0.1505923E+002  0.2168094E+001  0.3018687E+000  0.6933734E+000 -0.3462230E+000  0.0000000E+000
  47.000    16021985  0.1506157E+002  0.2170645E+001  0.3016854E+000  0.7082418E+000 -0.3522436E+000  0.0000000E+000
  48.000    17021985  0.1507490E+002  0.2173284E+001  0.3015586E+000  0.7367985E+000 -0.3610109E+000  0.0000000E+000
  49.000    18021985  0.1508221E+002  0.2175958E+001  0.3014645E+000  0.7577977E+000 -0.3686687E+000  0.0000000E+000
  50.000    19021985  0.1509905E+002  0.2178843E+001  0.3014170E+000  0.7896260E+000 -0.3776196E+000  0.0000000E+000
  51.000    20021985  0.1511668E+002  0.2181815E+001  0.3014900E+000  0.8230297E+000 -0.3881126E+000  0.0000000E+000
  52.000    21021985  0.1513655E+002  0.2184852E+001  0.3014781E+000  0.8604060E+000 -0.3993807E+000  0.0000000E+000
  53.000    22021985  0.1517525E+002  0.2187912E+001  0.3016720E+000  0.9226326E+000 -0.4174870E+000  0.0000000E+000
  54.000    23021985  0.1522894E+002  0.2190143E+001  0.3020593E+000  0.1011328E+001 -0.4479114E+000  0.0000000E+000
  55.000    24021985  0.1529060E+002  0.2191112E+001  0.3025280E+000  0.1112726E+001 -0.4843442E+000  0.0000000E+000
  56.000    25021985  0.1534286E+002  0.2191162E+001  0.3028861E+000  0.1197229E+001 -0.5142138E+000  0.0000000E+000
  57.000    26021985  0.1538644E+002  0.2191119E+001  0.3031292E+000  0.1265517E+001 -0.5367541E+000  0.0000000E+000
  58.000    27021985  0.1544480E+002  0.2189850E+001  0.3033906E+000  0.1350258E+001 -0.5623050E+000  0.0000000E+000
  59.000    28021985  0.1546022E+002  0.2189294E+001  0.3033983E+000  0.1381313E+001 -0.5758692E+000  0.0000000E+000
  60.000    01031985  0.1548426E+002  0.2189059E+001  0.3032214E+000  0.1434127E+001 -0.5905246E+000  0.0000000E+000
  61.000    02031985  0.1552889E+002  0.2188960E+001  0.3034652E+000  0.1505437E+001 -0.6153863E+000  0.0000000E+000
  62.000    03031985  0.1555514E+002  0.2188885E+001  0.3036199E+000  0.1552853E+001 -0.6348107E+000  0.0000000E+000
  63.000    04031985  0.1560037E+002  0.2189493E+001  0.3038403E+000  0.1623918E+001 -0.6582924E+000  0.0000000E+000
  64.000    05031985  0.1566245E+002  0.2187302E+001  0.3042744E+000  0.1726065E+001 -0.6988607E+000  0.0000000E+000
  65.000    06031985  0.1566962E+002  0.2186962E+001  0.3043223E+000  0.1751138E+001 -0.7152171E+000  0.0000000E+000
  66.000    07031985  0.1568590E+002  0.2189499E+001  0.3042130E+000  0.1783689E+001 -0.7260786E+000  0.0000000E+000
  67.000    08031985  0.1573476E+002  0.2192006E+001  0.3044383E+000  0.1859541E+001 -0.7491796E+000  0.0000000E+000
  68.000    09031985  0.1578763E+002  0.2192472E+001  0.3047854E+000  0.1947394E+001 -0.7823361E+000  0.0000000E+000
  69.000    10031985  0.1582105E+002  0.2194065E+001  0.3049658E+000  0.2004939E+001 -0.8035964E+000  0.0000000E+000
  70.000    11031985  0.1585525E+002  0.2197052E+001  0.3051072E+000  0.2061053E+001 -0.8213094E+000  0.0000000E+000
  71.000    12031985  0.1591545E+002  0.2199264E+001  0.3054498E+000  0.2156607E+001 -0.8532369E+000  0.0000000E+000
  72.000    13031985  0.1595097E+002  0.2202283E+001  0.3056064E+000  0.2216594E+001 -0.8734027E+000  0.0000000E+000
  73.000    14031985  0.1600161E+002  0.2205444E+001  0.3058913E+000  0.2299187E+001 -0.9010573E+000  0.0000000E+000
  74.000    15031985  0.1602825E+002  0.2208404E+001  0.3060856E+000  0.2351707E+001 -0.9228724E+000  0.0000000E+000
  75.000    16031985  0.1605934E+002  0.2212662E+001  0.3061500E+000  0.2405000E+001 -0.9391065E+000  0.0000000E+000
  76.000    17031985  0.1610175E+002  0.2217159E+001  0.3063480E+000  0.2474140E+001 -0.9602437E+000  0.0000000E+000
  77.000    18031985  0.1610444E+002  0.2222209E+001  0.3062979E+000  0.2495200E+001 -0.9714694E+000  0.0000000E+000
  78.000    19031985  0.1611751E+002  0.2227923E+001  0.3061767E+000  0.2527475E+001 -0.9819483E+000  0.0000000E+000
  79.000    20031985  0.1615122E+002  0.2233957E+001  0.3062458E+000  0.2587090E+001 -0.9994791E+000  0.0000000E+000
  80.000    21031985  0.1615168E+002  0.2239571E+001  0.3063972E+000  0.2639292E+001 -0.1017278E+001  0.0000000E+000
  81.000    22031985  0.1616937E+002  0.2245993E+001  0.3073943E+000  0.2674622E+001 -0.1031134E+001  0.0000000E+000
  82.000    23031985  0.1620267E+002  0.2252706E+001  0.3091258E+000  0.2728786E+001 -0.1049548E+001  0.0000000E+000
  83.000    24031985  0.1624393E+002  0.2259190E+001  0.3118371E+000  0.2795374E+001 -0.1074887E+001  0.0000000E+000
  84.000    25031985  0.1627719E+002  0.2265342E+001  0.3137319E+000  0.2850876E+001 -0.1095500E+001  0.0000000E+000
  85.000    26031985  0.1631966E+002  0.2271921E+001  0.3159869E+000  0.2917564E+001 -0.1118447E+001  0.0000000E+000
  86.000    27031985  0.1637520E+002  0.2279153E+001  0.3192381E+000  0.3002369E+001 -0.1148079E+001  0.0000000E+000
  87.000    28031985  0.1645080E+002  0.2286351E+001  0.3246877E+000  0.3118085E+001 -0.1193891E+001  0.0000000E+000
  88.000    29031985  0.1654607E+002  0.2292718E+001  0.3323187E+000  0.3265176E+001 -0.1258934E+001  0.0000000E+000
  89.000    30031985  0.1664873E+002  0.2297520E+001  0.3397551E+000  0.3420029E+001 -0.1327062E+001  0.0000000E+000
  90.000    31031985  0.1671193E+002  0.2299891E+001  0.3443426E+000  0.3533683E+001 -0.1375982E+001  0.0000000E+000
  91.000    01041985  0.1678331E+002  0.2304155E+001  0.3483678E+000  0.3641261E+001 -0.1419237E+001  0.0000000E+000
  92.000    02041985  0.1681780E+002  0.2309473E+001  0.3494534E+000  0.3696874E+001 -0.1438179E+001  0.0000000E+000
  93.000    03041985  0.1687252E+002  0.2316668E+001  0.3511065E+000  0.3776747E+001 -0.1460458E+001  0.0000000E+000
  94.000    04041985  0.1695828E+002  0.2325182E+001  0.3548917E+000  0.3901309E+001 -0.1500151E+001  0.0000000E+000
  95.000    05041985  0.1704916E+002  0.2333338E+001  0.3598018E+000  0.4038652E+001 -0.1550045E+001  0.0000000E+000
  96.000    06041985  0.1713758E+002  0.2341060E+001  0.3642914E+000  0.4172281E+001 -0.1597877E+001  0.0000000E+000
  97.000    07041985  0.1720834E+002  0.2349813E+001  0.3668638E+000  0.4277921E+001 -0.1629708E+001  0.0000000E+000
  98.000    08041985  0.1724836E+002  0.2359095E+001  0.3687352E+000  0.4349567E+001 -0.1656046E+001  0.0000000E+000
  99.000    09041985  0.1726717E+002  0.2369166E+001  0.3693081E+000  0.4392420E+001 -0.1671213E+001  0.0000000E+000
 100.000    10041985  0.1728552E+002  0.2379680E+001  0.3697663E+000  0.4435379E+001 -0.1684958E+001  0.0000000E+000
 101.000    11041985  0.1734579E+002  0.2390996E+001  0.3715035E+000  0.4527489E+001 -0.1708455E+001  0.0000000E+000
 102.000    12041985  0.1744335E+002  0.2402474E+001  0.3759968E+000  0.4675952E+001 -0.1756338E+001  0.0000000E+000
 103.000    13041985  0.1754619E+002  0.2413065E+001  0.3810239E+000  0.4834373E+001 -0.1810507E+001  0.0000000E+000
 104.000    14041985  0.1763546E+002  0.2423191E+001  0.3854737E+000  0.4976724E+001 -0.1861266E+001  0.0000000E+000
 105.000    15041985  0.1772667E+002  0.2433792E+001  0.3895884E+000  0.5119869E+001 -0.1909684E+001  0.0000000E+000
 106.000    16041985  0.1783670E+002  0.2444958E+001  0.3943843E+000  0.5288138E+001 -0.1965147E+001  0.0000000E+000
 107.000    17041985  0.1794324E+002  0.2456347E+001  0.3990722E+000  0.5454025E+001 -0.2021279E+001  0.0000000E+000
 108.000    18041985  0.1804553E+002  0.2469207E+001  0.4030188E+000  0.5612090E+001 -0.2071070E+001  0.0000000E+000
 109.000    19041985  0.1817347E+002  0.2482279E+001  0.4084975E+000  0.5813293E+001 -0.2141980E+001  0.0000000E+000
 110.000    20041985  0.1830864E+002  0.2494914E+001  0.4140671E+000  0.6027783E+001 -0.2220448E+001  0.0000000E+000
 111.000    21041985  0.1844946E+002  0.2507632E+001  0.4194408E+000  0.6248957E+001 -0.2299591E+001  0.0000000E+000
 112.000    22041985  0.1858999E+002  0.2521062E+001  0.4243696E+000  0.6469936E+001 -0.2377441E+001  0.0000000E+000
 113.000    23041985  0.1872756E+002  0.2533252E+001  0.4290806E+000  0.6694150E+001 -0.2453584E+001  0.0000000E+000
 114.000    24041985  0.1886268E+002  0.2545431E+001  0.4339558E+000  0.6915218E+001 -0.2525791E+001  0.0000000E+000
 115.000    25041985  0.1900315E+002  0.2558703E+001  0.4388173E+000  0.7144844E+001 -0.2600090E+001  0.0000000E+000
 116.000    26041985  0.1913383E+002  0.2574391E+001  0.4423855E+000  0.7355753E+001 -0.2663029E+001  0.0000000E+000
 117.000    27041985  0.1927649E+002  0.2591062E+001  0.4465461E+000  0.7590500E+001 -0.2736758E+001  0.0000000E+000
 118.000    28041985  0.1941883E+002  0.2607656E+001  0.4519650E+000  0.7832535E+001 -0.2818106E+001  0.0000000E+000
 119.000    29041985  0.1952751E+002  0.2625220E+001  0.4559390E+000  0.8026172E+001 -0.2883691E+001  0.0000000E+000
 120.000    30041985  0.1964441E+002  0.2645568E+001  0.4586015E+000  0.8215464E+001 -0.2933857E+001  0.0000000E+000
 121.000    01051985  0.1975780E+002  0.2665183E+001  0.4618089E+000  0.8426737E+001 -0.2995343E+001  0.0000000E+000
 122.000    02051985  0.1988059E+002  0.2687045E+001  0.4656582E+000  0.8638458E+001 -0.3060267E+001  0.0000000E+000
 123.000    03051985  0.1998287E+002  0.2709405E+001  0.4689920E+000  0.8824901E+001 -0.3119806E+001  0.0000000E+000
 124.000    04051985  0.2007398E+002  0.2734068E+001  0.4710421E+000  0.8986470E+001 -0.3163230E+001  0.0000000E+000
 125.000    05051985  0.2018511E+002  0.2759642E+001  0.4739054E+000  0.9179570E+001 -0.3217100E+001  0.0000000E+000
 126.000    06051985  0.2031478E+002  0.2784975E+001  0.4777267E+000  0.9407928E+001 -0.3287736E+001  0.0000000E+000
 127.000    07051985  0.2046293E+002  0.2809107E+001  0.4824364E+000  0.9670085E+001 -0.3374727E+001  0.0000000E+000
 128.000    08051985  0.2057143E+002  0.2834195E+001  0.4860908E+000  0.9875022E+001 -0.3443130E+001  0.0000000E+000
 129.000    09051985  0.2069074E+002  0.2861095E+001  0.4891505E+000  0.1008441E+002 -0.3503267E+001  0.0000000E+000
 130.000    10051985  0.2083495E+002  0.2887813E+001  0.4935981E+000  0.1033839E+002 -0.3583106E+001  0.0000000E+000
 131.000    11051985  0.2098334E+002  0.2913602E+001  0.4986855E+000  0.1060715E+002 -0.3674346E+001  0.0000000E+000
 132.000    12051985  0.2113773E+002  0.2939840E+001  0.5035548E+000  0.1088202E+002 -0.3765180E+001  0.0000000E+000
 133.000    13051985  0.2130555E+002  0.2965769E+001  0.5089269E+000  0.1118407E+002 -0.3869980E+001  0.0000000E+000
 134.000    14051985  0.2148337E+002  0.2991277E+001  0.5141301E+000  0.1150601E+002 -0.3985059E+001  0.0000000E+000
 135.000    15051985  0.2165847E+002  0.3017799E+001  0.5190151E+000  0.1181897E+002 -0.4092861E+001  0.0000000E+000
 136.000    16051985  0.2181182E+002  0.3046324E+001  0.5230954E+000  0.1209729E+002 -0.4185757E+001  0.0000000E+000
 137.000    17051985  0.2195467E+002  0.3077075E+001  0.5264868E+000  0.1235698E+002 -0.4268238E+001  0.0000000E+000
 138.000    18051985  0.2208030E+002  0.3111172E+001  0.5288645E+000  0.1258564E+002 -0.4333484E+001  0.0000000E+000
 139.000    19051985  0.2221697E+002  0.3146776E+001  0.5315306E+000  0.1283403E+002 -0.4405743E+001  0.0000000E+000
 140.000    20051985  0.2237278E+002  0.3182666E+001  0.5350793E+000  0.1311748E+002 -0.4493424E+001  0.0000000E+000
 141.000    21051985  0.2253878E+002  0.3216650E+001  0.5395314E+000  0.1342969E+002 -0.4601359E+001  0.0000000E+000
 142.000    22051985  0.2271499E+002  0.3249930E+001  0.5440595E+000  0.1375549E+002 -0.4713285E+001  0.0000000E+000
 143.000    23051985  0.2288819E+002  0.3282532E+001  0.5485115E+000  0.1408049E+002 -0.4828049E+001  0.0000000E+000
 144.000    24051985  0.2299008E+002  0.3316895E+001  0.5512895E+000  0.1430485E+002 -0.4911770E+001  0.0000000E+000
 145.000    25051985  0.2312841E+002  0.3354019E+001  0.5536773E+000  0.1455967E+002 -0.4986717E+001  0.0000000E+000
 146.000    26051985  0.2328802E+002  0.3391821E+001  0.5566046E+000  0.1485421E+002 -0.5079271E+001  0.0000000E+000
 147.000    27051985  0.2345513E+002  0.3428895E+001  0.5600934E+000  0.1517235E+002 -0.5188514E+001  0.0000000E+000
 148.000    28051985  0.2362762E+002  0.3465297E+001  0.5638625E+000  0.1550236E+002 -0.5304813E+001  0.0000000E+000
 149.000    29051985  0.2380445E+002  0.3500862E+001  0.5679847E+000  0.1583815E+002 -0.5423356E+001  0.0000000E+000
 150.000    30051985  0.2396302E+002  0.3535271E+001  0.5718201E+000  0.1614668E+002 -0.5534096E+001  0.0000000E+000
 151.000    31051985  0.2413818E+002  0.3566881E+001  0.5756864E+000  0.1650708E+002 -0.5664717E+001  0.0000000E+000
 152.000    01061985  0.2433786E+002  0.3596773E+001  0.5809386E+000  0.1690616E+002 -0.5829388E+001  0.0000000E+000
 153.000    02061985  0.2455196E+002  0.3624929E+001  0.5858159E+000  0.1731232E+002 -0.5988588E+001  0.0000000E+000
 154.000    03061985  0.2477177E+002  0.3653427E+001  0.5905227E+000  0.1771971E+002 -0.6143084E+001  0.0000000E+000
 155.000    04061985  0.2500629E+002  0.3680868E+001  0.5951831E+000  0.1815222E+002 -0.6309135E+001  0.0000000E+000
 156.000    05061985  0.2524142E+002  0.3707894E+001  0.6000478E+000  0.1858381E+002 -0.6474173E+001  0.0000000E+000
 157.000    06061985  0.2549414E+002  0.3734349E+001  0.6093447E+000  0.1903549E+002 -0.6642388E+001  0.0000000E+000
 158.000    07061985  0.2569233E+002  0.3764539E+001  0.6147206E+000  0.1938916E+002 -0.6763510E+001  0.0000000E+000
 159.000    08061985  0.2594438E+002  0.3797159E+001  0.6202673E+000  0.1981738E+002 -0.6902874E+001  0.0000000E+000
 160.000    09061985  0.2618665E+002  0.3829471E+001  0.6255608E+000  0.2025830E+002 -0.7064961E+001  0.0000000E+000
 161.000    10061985  0.2642991E+002  0.3859722E+001  0.6307246E+000  0.2071567E+002 -0.7244546E+001  0.0000000E+000
 162.000    11061985  0.2668351E+002  0.3887398E+001  0.6363023E+000  0.2118764E+002 -0.7431046E+001  0.0000000E+000
 163.000    12061985  0.2693244E+002  0.3916373E+001  0.6407656E+000  0.2162760E+002 -0.7589005E+001  0.0000000E+000
 164.000    13061985  0.2710426E+002  0.3951000E+001  0.6431093E+000  0.2193958E+002 -0.7690527E+001  0.0000000E+000
 165.000    14061985  0.2730665E+002  0.3991012E+001  0.6451828E+000  0.2228226E+002 -0.7786688E+001  0.0000000E+000
 166.000    15061985  0.2754311E+002  0.4031973E+001  0.6481688E+000  0.2269139E+002 -0.7914054E+001  0.0000000E+000
 167.000    16061985  0.2776641E+002  0.4071352E+001  0.6515840E+000  0.2309990E+002 -0.8055398E+001  0.0000000E+000
 168.000    17061985  0.2801251E+002  0.4110183E+001  0.6547890E+000  0.2355065E+002 -0.8216608E+001  0.0000000E+000
 169.000    18061985  0.2827110E+002  0.4144371E+001  0.6589193E+000  0.2403623E+002 -0.8404781E+001  0.0000000E+000
 170.000    19061985  0.2852593E+002  0.4179383E+001  0.6618326E+000  0.2448710E+002 -0.8561273E+001  0.0000000E+000
 171.000    20061985  0.2875257E+002  0.4217160E+001  0.6641987E+000  0.2489577E+002 -0.8701027E+001  0.0000000E+000
 172.000    21061985  0.2900143E+002  0.4259967E+001  0.6663462E+000  0.2533439E+002 -0.8843471E+001  0.0000000E+000
 173.000    22061985  0.2924801E+002  0.4302194E+001  0.6686190E+000  0.2578866E+002 -0.9004390E+001  0.0000000E+000
 174.000    23061985  0.2949522E+002  0.4342193E+001  0.6710915E+000  0.2625017E+002 -0.9174211E+001  0.0000000E+000
 175.000    24061985  0.2975545E+002  0.4379902E+001  0.6733783E+000  0.2674253E+002 -0.9364244E+001  0.0000000E+000
 176.000    25061985  0.3002145E+002  0.4413892E+001  0.6754923E+000  0.2724931E+002 -0.9566812E+001  0.0000000E+000
 177.000    26061985  0.3029608E+002  0.4446829E+001  0.6772489E+000  0.2775654E+002 -0.9762502E+001  0.0000000E+000
 178.000    27061985  0.3050805E+002  0.4485003E+001  0.6782704E+000  0.2814319E+002 -0.9895356E+001  0.0000000E+000
 179.000    28061985  0.3074244E+002  0.4527815E+001  0.6792140E+000  0.2855829E+002 -0.1002964E+002  0.0000000E+000
 180.000    29061985  0.3100401E+002  0.4569626E+001  0.6803743E+000  0.2903285E+002 -0.1019714E+002  0.0000000E+000
 181.000    30061985  0.3124503E+002  0.4609013E+001  0.6813012E+000  0.2947950E+002 -0.1035971E+002  0.0000000E+000
 182.000    01071985  0.3139827E+002  0.4647952E+001  0.6813755E+000  0.2982022E+002 -0.1048132E+002  0.0000000E+000
 183.000    02071985  0.3165504E+002  0.4692846E+001  0.6820514E+000  0.3026907E+002 -0.1062495E+002  0.0000000E+000
 184.000    03071985  0.3192382E+002  0.4734157E+001  0.6829248E+000  0.3076547E+002 -0.1080758E+002  0.0000000E+000
 185.000    04071985  0.3219356E+002  0.4772736E+001  0.6838365E+000  0.3126984E+002 -0.1100001E+002  0.0000000E+000
 186.000    05071985  0.3247442E+002  0.4809032E+001  0.6847683E+000  0.3178032E+002 -0.1118980E+002  0.0000000E+000
 187.000    06071985  0.3273937E+002  0.4843662E+001  0.6856921E+000  0.3226922E+002 -0.1137571E+002  0.0000000E+000
 188.000    07071985  0.3301997E+002  0.4877752E+001  0.6866219E+000  0.3278044E+002 -0.1156896E+002  0.0000000E+000
 189.000    08071985  0.3329624E+002  0.4911525E+001  0.6874750E+000  0.3329506E+002 -0.1177037E+002  0.0000000E+000
 190.000    09071985  0.3357427E+002  0.4942979E+001  0.6883765E+000  0.3383052E+002 -0.1199327E+002  0.0000000E+000
 191.000    10071985  0.3388307E+002  0.4972829E+001  0.6893070E+000  0.3439260E+002 -0.1221376E+002  0.0000000E+000
 192.000    11071985  0.3418213E+002  0.5003959E+001  0.6901814E+000  0.3493804E+002 -0.1242624E+002  0.0000000E+000
 193.000    12071985  0.3447570E+002  0.5036454E+001  0.6910726E+000  0.3547810E+002 -0.1263757E+002  0.0000000E+000
 194.000    13071985  0.3477447E+002  0.5070030E+001  0.6919259E+000  0.3602890E+002 -0.1285341E+002  0.0000000E+000
 195.000    14071985  0.3507586E+002  0.5103258E+001  0.6928951E+000  0.3657871E+002 -0.1306605E+002  0.0000000E+000
 196.000    15071985  0.3538694E+002  0.5134157E+001  0.6939747E+000  0.3714800E+002 -0.1329087E+002  0.0000000E+000
 197.000    16071985  0.3568912E+002  0.5163190E+001  0.6950017E+000  0.3769350E+002 -0.1350278E+002  0.0000000E+000
 198.000    17071985  0.3599566E+002  0.5193031E+001  0.6959296E+000  0.3822522E+002 -0.1369582E+002  0.0000000E+000
 199.000    18071985  0.3630182E+002  0.5224362E+001  0.6968181E+000  0.3876646E+002 -0.1389732E+002  0.0000000E+000
 200.000    19071985  0.3660518E+002  0.5254649E+001  0.6977299E+000  0.3931069E+002 -0.1410563E+002  0.0000000E+000
 201.000    20071985  0.3691714E+002  0.5280986E+001  0.6987774E+000  0.3988736E+002 -0.1434177E+002  0.0000000E+000
 202.000    21071985  0.3724942E+002  0.5304000E+001  0.6998748E+000  0.4048342E+002 -0.1458039E+002  0.0000000E+000
 203.000    22071985  0.3757856E+002  0.5325092E+001  0.7009755E+000  0.4107212E+002 -0.1481683E+002  0.0000000E+000
 204.000    23071985  0.3791473E+002  0.5346440E+001  0.7019927E+000  0.4164117E+002 -0.1502645E+002  0.0000000E+000
 205.000    24071985  0.3822868E+002  0.5371030E+001  0.7028814E+000  0.4216362E+002 -0.1520851E+002  0.0000000E+000
 206.000    25071985  0.3846968E+002  0.5395395E+001  0.7037013E+000  0.4260058E+002 -0.1537826E+002  0.0000000E+000
 207.000    26071985  0.3879448E+002  0.5422317E+001  0.7046331E+000  0.4313867E+002 -0.1556274E+002  0.0000000E+000
 208.000    27071985  0.3911948E+002  0.5448048E+001  0.7056573E+000  0.4368987E+002 -0.1576131E+002  0.0000000E+000
 209.000    28071985  0.3943052E+002  0.5473495E+001  0.7066199E+000  0.4421690E+002 -0.1594994E+002  0.0000000E+000
 210.000    29071985  0.3973473E+002  0.5499212E+001  0.7075987E+000  0.4473847E+002 -0.1613967E+002  0.0000000E+000
 211.000    30071985  0.4005258E+002  0.5523878E+001  0.7086368E+000  0.4528086E+002 -0.1633765E+002  0.0000000E+000
 212.000    31071985  0.4035272E+002  0.5543184E+001  0.7092740E+000  0.4584149E+002 -0.1654715E+002  0.0000000E+000
 213.000    01081985  0.4069663E+002  0.5563385E+001  0.7104799E+000  0.4643394E+002 -0.1677363E+002  0.0000000E+000
 214.000    02081985  0.4096812E+002  0.5586099E+001  0.7112409E+000  0.4688572E+002 -0.1692944E+002  0.0000000E+000
 215.000    03081985  0.4126901E+002  0.5614135E+001  0.7120159E+000  0.4737453E+002 -0.1708753E+002  0.0000000E+000
 216.000    04081985  0.4156500E+002  0.5642371E+001  0.7128853E+000  0.4787309E+002 -0.1725996E+002  0.0000000E+000
 217.000    05081985  0.4186918E+002  0.5669642E+001  0.7138378E+000  0.4839055E+002 -0.1744401E+002  0.0000000E+000
 218.000    06081985  0.4217889E+002  0.5695017E+001  0.7148901E+000  0.4892269E+002 -0.1763905E+002  0.0000000E+000
 219.000    07081985  0.4249037E+002  0.5717260E+001  0.7160259E+000  0.4946613E+002 -0.1784677E+002  0.0000000E+000
 220.000    08081985  0.4280419E+002  0.5736844E+001  0.7171657E+000  0.5001091E+002 -0.1805621E+002  0.0000000E+000
 221.000    09081985  0.4312638E+002  0.5756470E+001  0.7182216E+000  0.5055135E+002 -0.1825297E+002  0.0000000E+000
 222.000    10081985  0.4346592E+002  0.5775758E+001  0.7193527E+000  0.5112710E+002 -0.1846809E+002  0.0000000E+000
 223.000    11081985  0.4380094E+002  0.5793441E+001  0.7204507E+000  0.5170196E+002 -0.1868847E+002  0.0000000E+000
 224.000    12081985  0.4414902E+002  0.5808731E+001  0.7216957E+000  0.5230183E+002 -0.1892327E+002  0.0000000E+000
 225.000    13081985  0.4449937E+002  0.5823592E+001  0.7228232E+000  0.5289575E+002 -0.1915034E+002  0.0000000E+000
 226.000    14081985  0.4484606E+002  0.5835921E+001  0.7240093E+000  0.5349300E+002 -0.1938702E+002  0.0000000E+000
 227.000    15081985  0.4519609E+002  0.5848348E+001  0.7250789E+000  0.5407566E+002 -0.1960573E+002  0.0000000E+000
 228.000    16081985  0.4555943E+002  0.5862523E+001  0.7261802E+000  0.5465831E+002 -0.1980940E+002  0.0000000E+000
 229.000    17081985  0.4589773E+002  0.5876420E+001  0.7272480E+000  0.5520616E+002 -0.2000358E+002  0.0000000E+000
 230.000    18081985  0.4623646E+002  0.5889689E+001  0.7283437E+000  0.5575941E+002 -0.2020335E+002  0.0000000E+000
 231.000    19081985  0.4654364E+002  0.5908672E+001  0.7291836E+000  0.5624641E+002 -0.2036275E+002  0.0000000E+000
 232.000    20081985  0.4689624E+002  0.5926946E+001  0.7303896E+000  0.5683696E+002 -0.2058093E+002  0.0000000E+000
 233.000    21081985  0.4722998E+002  0.5941148E+001  0.7316266E+000  0.5740486E+002 -0.2079939E+002  0.0000000E+000
 234.000    22081985  0.4756185E+002  0.5957261E+001  0.7326388E+000  0.5793864E+002 -0.2098375E+002  0.0000000E+000
 235.000    23081985  0.4787491E+002  0.5976452E+001  0.7335499E+000  0.5844025E+002 -0.2115166E+002  0.0000000E+000
 236.000    24081985  0.4816847E+002  0.5999388E+001  0.7343756E+000  0.5891104E+002 -0.2130444E+002  0.0000000E+000
 237.000    25081985  0.4848689E+002  0.6020346E+001  0.7355185E+000  0.5944982E+002 -0.2150226E+002  0.0000000E+000
 238.000    26081985  0.4879948E+002  0.6037163E+001  0.7367167E+000  0.5998838E+002 -0.2170979E+002  0.0000000E+000
 239.000    27081985  0.4913642E+002  0.6052908E+001  0.7379205E+000  0.6055228E+002 -0.2191944E+002  0.0000000E+000
 240.000    28081985  0.4948342E+002  0.6067696E+001  0.7390932E+000  0.6112488E+002 -0.2212873E+002  0.0000000E+000
 241.000    29081985  0.4982620E+002  0.6081989E+001  0.7403084E+000  0.6169654E+002 -0.2234180E+002  0.0000000E+000
 242.000    30081985  0.5016042E+002  0.6095265E+001  0.7414634E+000  0.6225012E+002 -0.2254643E+002  0.0000000E+000
 243.000    31081985  0.5045893E+002  0.6106115E+001  0.7420243E+000  0.6278859E+002 -0.2273737E+002  0.0000000E+000
 244.000    01091985  0.5079494E+002  0.6121914E+001  0.7431207E+000  0.6333957E+002 -0.2293509E+002  0.0000000E+000
 245.000    02091985  0.5113170E+002  0.6137260E+001  0.7442599E+000  0.6389843E+002 -0.2314037E+002  0.0000000E+000
 246.000    03091985  0.5147573E+002  0.6151509E+001  0.7454195E+000  0.6447692E+002 -0.2335911E+002  0.0000000E+000
 247.000    04091985  0.5181981E+002  0.6163018E+001  0.7466286E+000  0.6506397E+002 -0.2358911E+002  0.0000000E+000
 248.000    05091985  0.5217145E+002  0.6173718E+001  0.7478167E+000  0.6565771E+002 -0.2381910E+002  0.0000000E+000
 249.000    06091985  0.5252740E+002  0.6183541E+001  0.7489769E+000  0.6625023E+002 -0.2404446E+002  0.0000000E+000
 250.000    07091985  0.5288228E+002  0.6192188E+001  0.7501755E+000  0.6685104E+002 -0.2428038E+002  0.0000000E+000
 251.000    08091985  0.5324171E+002  0.6199450E+001  0.7513989E+000  0.6745975E+002 -0.2452106E+002  0.0000000E+000
 252.000    09091985  0.5360975E+002  0.6207340E+001  0.7525606E+000  0.6806681E+002 -0.2475088E+002  0.0000000E+000
 253.000    10091985  0.5396647E+002  0.6215602E+001  0.7536718E+000  0.6866441E+002 -0.2498218E+002  0.0000000E+000
 254.000    11091985  0.5432297E+002  0.6223121E+001  0.7548217E+000  0.6925643E+002 -0.2520887E+002  0.0000000E+000
 255.000    12091985  0.5460587E+002  0.6235805E+001  0.7555848E+000  0.6970656E+002 -0.2536215E+002  0.0000000E+000
 256.000    13091985  0.5483624E+002  0.6256110E+001  0.7561333E+000  0.7007512E+002 -0.2547870E+002  0.0000000E+000
 257.000    14091985  0.5502555E+002  0.6283700E+001  0.7565237E+000  0.7038461E+002 -0.2556975E+002  0.0000000E+000
 258.000    15091985  0.5524225E+002  0.6314303E+001  0.7570759E+000  0.7074630E+002 -0.2568246E+002  0.0000000E+000
 259.000    16091985  0.5548398E+002  0.6344906E+001  0.7577862E+000  0.7115449E+002 -0.2581644E+002  0.0000000E+000
 260.000    17091985  0.5572351E+002  0.6374131E+001  0.7585873E+000  0.7157273E+002 -0.2596388E+002  0.0000000E+000
 261.000    18091985  0.5598845E+002  0.6400830E+001  0.7595296E+000  0.7203456E+002 -0.2613190E+002  0.0000000E+000
 262.000    19091985  0.5625763E+002  0.6424243E+001  0.7604994E+000  0.7250450E+002 -0.2630704E+002  0.0000000E+000
 263.000    20091985  0.5655603E+002  0.6444331E+001  0.7616106E+000  0.7302104E+002 -0.2650287E+002  0.0000000E+000
 264.000    21091985  0.5685477E+002  0.6460323E+001  0.7627645E+000  0.7353963E+002 -0.2670459E+002  0.0000000E+000
 265.000    22091985  0.5712803E+002  0.6474175E+001  0.7638074E+000  0.7400968E+002 -0.2688551E+002  0.0000000E+000
 266.000    23091985  0.5740821E+002  0.6490721E+001  0.7647247E+000  0.7447035E+002 -0.2704758E+002  0.0000000E+000
 267.000    24091985  0.5770044E+002  0.6507869E+001  0.7657455E+000  0.7495718E+002 -0.2722317E+002  0.0000000E+000
 268.000    25091985  0.5798717E+002  0.6522931E+001  0.7667760E+000  0.7543958E+002 -0.2740195E+002  0.0000000E+000
 269.000    26091985  0.5827312E+002  0.6540674E+001  0.7677375E+000  0.7591532E+002 -0.2757224E+002  0.0000000E+000
 270.000    27091985  0.5855918E+002  0.6555757E+001  0.7687119E+000  0.7639776E+002 -0.2775176E+002  0.0000000E+000
 271.000    28091985  0.5877619E+002  0.6576106E+001  0.7693158E+000  0.7675592E+002 -0.2787084E+002  0.0000000E+000
 272.000    29091985  0.5901907E+002  0.6600652E+001  0.7699759E+000  0.7714997E+002 -0.2799567E+002  0.0000000E+000
 273.000    30091985  0.5930301E+002  0.6623961E+001  0.7709274E+000  0.7762731E+002 -0.2816382E+002  0.0000000E+000
 274.000    01101985  0.5953192E+002  0.6638905E+001  0.7714429E+000  0.7809352E+002 -0.2834097E+002  0.0000000E+000
 275.000    02101985  0.5981930E+002  0.6654313E+001  0.7725271E+000  0.7858180E+002 -0.2852448E+002  0.0000000E+000
 276.000    03101985  0.6004466E+002  0.6669520E+001  0.7733459E+000  0.7897300E+002 -0.2867322E+002  0.0000000E+000
 277.000    04101985  0.6032412E+002  0.6686975E+001  0.7743567E+000  0.7944399E+002 -0.2884546E+002  0.0000000E+000
 278.000    05101985  0.6062081E+002  0.6698940E+001  0.7755435E+000  0.7995607E+002 -0.2904705E+002  0.0000000E+000
 279.000    06101985  0.6078147E+002  0.6717102E+001  0.7759976E+000  0.8023537E+002 -0.2914585E+002  0.0000000E+000
 280.000    07101985  0.6097294E+002  0.6742147E+001  0.7764230E+000  0.8054478E+002 -0.2923698E+002  0.0000000E+000
 281.000    08101985  0.6117715E+002  0.6769600E+001  0.7770659E+000  0.8089671E+002 -0.2935532E+002  0.0000000E+000
 282.000    09101985  0.6141787E+002  0.6790972E+001  0.7780817E+000  0.8133093E+002 -0.2952535E+002  0.0000000E+000
 283.000    10101985  0.6169005E+002  0.6808265E+001  0.7791601E+000  0.8180591E+002 -0.2970874E+002  0.0000000E+000
 284.000    11101985  0.6198422E+002  0.6820896E+001  0.7803448E+000  0.8231751E+002 -0.2991148E+002  0.0000000E+000
 285.000    12101985  0.6225748E+002  0.6830739E+001  0.7813784E+000  0.8278202E+002 -0.3009098E+002  0.0000000E+000
 286.000    13101985  0.6252896E+002  0.6843605E+001  0.7822846E+000  0.8322841E+002 -0.3025125E+002  0.0000000E+000
 287.000    14101985  0.6280317E+002  0.6857103E+001  0.7832791E+000  0.8368955E+002 -0.3042295E+002  0.0000000E+000
 288.000    15101985  0.6311089E+002  0.6868040E+001  0.7844509E+000  0.8421202E+002 -0.3062506E+002  0.0000000E+000
 289.000    16101985  0.6336345E+002  0.6877242E+001  0.7854124E+000  0.8464764E+002 -0.3079730E+002  0.0000000E+000
 290.000    17101985  0.6361163E+002  0.6890811E+001  0.7861814E+000  0.8505386E+002 -0.3094023E+002  0.0000000E+000
 291.000    18101985  0.6385917E+002  0.6905817E+001  0.7870185E+000  0.8546918E+002 -0.3109144E+002  0.0000000E+000
 292.000    19101985  0.6412524E+002  0.6920339E+001  0.7879577E+000  0.8591882E+002 -0.3125887E+002  0.0000000E+000
 293.000    20101985  0.6438859E+002  0.6933309E+001  0.7888788E+000  0.8636017E+002 -0.3142228E+002  0.0000000E+000
 294.000    21101985  0.6454851E+002  0.6948005E+001  0.7894576E+000  0.8665281E+002 -0.3153870E+002  0.0000000E+000
 295.000    22101985  0.6474550E+002  0.6966342E+001  0.7900289E+000  0.8698219E+002 -0.3165112E+002  0.0000000E+000
 296.000    23101985  0.6496377E+002  0.6985742E+001  0.7907679E+000  0.8735541E+002 -0.3178495E+002  0.0000000E+000
 297.000    24101985  0.6520194E+002  0.7001955E+001  0.7916674E+000  0.8776848E+002 -0.3194183E+002  0.0000000E+000
 298.000    25101985  0.6547223E+002  0.7017137E+001  0.7926621E+000  0.8822641E+002 -0.3211249E+002  0.0000000E+000
 299.000    26101985  0.6567566E+002  0.7031446E+001  0.7934280E+000  0.8858726E+002 -0.3225384E+002  0.0000000E+000
 300.000    27101985  0.6588535E+002  0.7051381E+001  0.7940039E+000  0.8893051E+002 -0.3236572E+002  0.0000000E+000
 301.000    28101985  0.6609135E+002  0.7069771E+001  0.7947260E+000  0.8928851E+002 -0.3249747E+002  0.0000000E+000
 302.000    29101985  0.6619347E+002  0.7091491E+001  0.7950844E+000  0.8949739E+002 -0.3258064E+002  0.0000000E+000
 303.000    30101985  0.6631146E+002  0.7115684E+001  0.7954457E+000  0.8972335E+002 -0.3266245E+002  0.0000000E+000
 304.000    31101985  0.6645144E+002  0.7132754E+001  0.7955962E+000  0.9005395E+002 -0.3278555E+002  0.0000000E+000
 305.000    01111985  0.6667526E+002  0.7150819E+001  0.7965174E+000  0.9045375E+002 -0.3294124E+002  0.0000000E+000
 306.000    02111985  0.6684467E+002  0.7163784E+001  0.7973267E+000  0.9078325E+002 -0.3308620E+002  0.0000000E+000
 307.000    03111985  0.6698873E+002  0.7179177E+001  0.7979006E+000  0.9105719E+002 -0.3319866E+002  0.0000000E+000
 308.000    04111985  0.6718838E+002  0.7196836E+001  0.7984759E+000  0.9138730E+002 -0.3330946E+002  0.0000000E+000
 309.000    05111985  0.6726680E+002  0.7216710E+001  0.7988203E+000  0.9156872E+002 -0.3339058E+002  0.0000000E+000
 310.000    06111985  0.6741261E+002  0.7239757E+001  0.7992689E+000  0.9183119E+002 -0.3348213E+002  0.0000000E+000
 311.000    07111985  0.6756648E+002  0.7262079E+001  0.7998335E+000  0.9211594E+002 -0.3358849E+002  0.0000000E+000
 312.000    08111985  0.6766165E+002  0.7282977E+001  0.8002582E+000  0.9232395E+002 -0.3367818E+002  0.0000000E+000
 313.000    09111985  0.6777855E+002  0.7307914E+001  0.8005660E+000  0.9254392E+002 -0.3375354E+002  0.0000000E+000
 314.000    10111985  0.6797149E+002  0.7329055E+001  0.8014102E+000  0.9290075E+002 -0.3389381E+002  0.0000000E+000
 315.000    11111985  0.6818245E+002  0.7343511E+001  0.8023433E+000  0.9328436E+002 -0.3404948E+002  0.0000000E+000
 316.000    12111985  0.6841705E+002  0.7354646E+001  0.8032542E+000  0.9368768E+002 -0.3420464E+002  0.0000000E+000
 317.000    13111985  0.6865741E+002  0.7363770E+001  0.8042481E+000  0.9410749E+002 -0.3437268E+002  0.0000000E+000
 318.000    14111985  0.6890348E+002  0.7371082E+001  0.8052481E+000  0.9453485E+002 -0.3454457E+002  0.0000000E+000
 319.000    15111985  0.6914148E+002  0.7378127E+001  0.8060734E+000  0.9493191E+002 -0.3469467E+002  0.0000000E+000
 320.000    16111985  0.6931171E+002  0.7390203E+001  0.8066296E+000  0.9522668E+002 -0.3480538E+002  0.0000000E+000
 321.000    17111985  0.6955756E+002  0.7402756E+001  0.8074575E+000  0.9563270E+002 -0.3495124E+002  0.0000000E+000
 322.000    18111985  0.6980748E+002  0.7414356E+001  0.8083890E+000  0.9605694E+002 -0.3511221E+002  0.0000000E+000
 323.000    19111985  0.7003991E+002  0.7423647E+001  0.8093622E+000  0.9646960E+002 -0.3528144E+002  0.0000000E+000
 324.000    20111985  0.7027445E+002  0.7430961E+001  0.8101779E+000  0.9686906E+002 -0.3543208E+002  0.0000000E+000
 325.000    21111985  0.7039305E+002  0.7440804E+001  0.8108609E+000  0.9725335E+002 -0.3556287E+002  0.0000000E+000
 326.000    22111985  0.7037351E+002  0.7459359E+001  0.8110088E+000  0.9742577E+002 -0.3561946E+002  0.0000000E+000
 327.000    23111985  0.7034802E+002  0.7481417E+001  0.8112572E+000  0.9759881E+002 -0.3568670E+002  0.0000000E+000
 328.000    24111985  0.7035367E+002  0.7506628E+001  0.8114155E+000  0.9780035E+002 -0.3575353E+002  0.0000000E+000
 329.000    25111985  0.7041428E+002  0.7530399E+001  0.8119955E+000  0.9808698E+002 -0.3586016E+002  0.0000000E+000
 330.000    26111985  0.7050678E+002  0.7550330E+001  0.8134631E+000  0.9841254E+002 -0.3598380E+002  0.0000000E+000
 331.000    27111985  0.7064591E+002  0.7564986E+001  0.8161602E+000  0.9882311E+002 -0.3615687E+002  0.0000000E+000
 332.000    28111985  0.7079514E+002  0.7572794E+001  0.8182734E+000  0.9923227E+002 -0.3633084E+002  0.0000000E+000
 333.000    29111985  0.7093740E+002  0.7579958E+001  0.8197480E+000  0.9959743E+002 -0.3647371E+002  0.0000000E+000
 334.000    30111985  0.7099195E+002  0.7592596E+001  0.8204227E+000  0.9981872E+002 -0.3655984E+002  0.0000000E+000
 335.000    01121985  0.7101453E+002  0.7605222E+001  0.8204962E+000  0.1000490E+003 -0.3663969E+002  0.0000000E+000
 336.000    02121985  0.7110148E+002  0.7623181E+001  0.8212970E+000  0.1003071E+003 -0.3673339E+002  0.0000000E+000
 337.000    03121985  0.7100452E+002  0.7645987E+001  0.8205181E+000  0.1003297E+003 -0.3676364E+002  0.0000000E+000
 338.000    04121985  0.7092862E+002  0.7670195E+001  0.8197495E+000  0.1003698E+003 -0.3679181E+002  0.0000000E+000
 339.000    05121985  0.7087423E+002  0.7695253E+001  0.8190912E+000  0.1004295E+003 -0.3682153E+002  0.0000000E+000
 340.000    06121985  0.7083319E+002  0.7721731E+001  0.8187476E+000  0.1005005E+003 -0.3685450E+002  0.0000000E+000
 341.000    07121985  0.7078539E+002  0.7748762E+001  0.8181775E+000  0.1005641E+003 -0.3688593E+002  0.0000000E+000
 342.000    08121985  0.7077735E+002  0.7776188E+001  0.8178244E+000  0.1006767E+003 -0.3692922E+002  0.0000000E+000
 343.000    09121985  0.7082381E+002  0.7803809E+001  0.8181578E+000  0.1008504E+003 -0.3698768E+002  0.0000000E+000
 344.000    10121985  0.7090913E+002  0.7829606E+001  0.8190239E+000  0.1010893E+003 -0.3707747E+002  0.0000000E+000
 345.000    11121985  0.7099051E+002  0.7852657E+001  0.8199065E+000  0.1013221E+003 -0.3717024E+002  0.0000000E+000
 346.000    12121985  0.7113109E+002  0.7866234E+001  0.8213193E+000  0.1016483E+003 -0.3730959E+002  0.0000000E+000
 347.000    13121985  0.7122619E+002  0.7873002E+001  0.8223736E+000  0.1019012E+003 -0.3742990E+002  0.0000000E+000
 348.000    14121985  0.7117435E+002  0.7879818E+001  0.8225808E+000  0.1019586E+003 -0.3750131E+002  0.0000000E+000
 349.000    15121985  0.7113312E+002  0.7893907E+001  0.8218609E+000  0.1019963E+003 -0.3752978E+002  0.0000000E+000
 350.000    16121985  0.7112090E+002  0.7910595E+001  0.8212772E+000  0.1020672E+003 -0.3756199E+002  0.0000000E+000
 351.000    17121985  0.7112055E+002  0.7929212E+001  0.8207835E+000  0.1021532E+003 -0.3759729E+002  0.0000000E+000
 352.000    18121985  0.7109246E+002  0.7948966E+001  0.8202422E+000  0.1022046E+003 -0.3762637E+002  0.0000000E+000
 353.000    19121985  0.7102652E+002  0.7968881E+001  0.8193068E+000  0.1022170E+003 -0.3765044E+002  0.0000000E+000
 354.000    20121985  0.7096423E+002  0.7987479E+001  0.8184269E+000  0.1022282E+003 -0.3767272E+002  0.0000000E+000
 355.000    21121985  0.7090585E+002  0.8005320E+001  0.8175031E+000  0.1022433E+003 -0.3769612E+002  0.0000000E+000
 356.000    22121985  0.7086033E+002  0.8022882E+001  0.8167988E+000  0.1022664E+003 -0.3771872E+002  0.0000000E+000
 357.000    23121985  0.7086993E+002  0.8040912E+001  0.8163201E+000  0.1023572E+003 -0.3775521E+002  0.0000000E+000
 358.000    24121985  0.7093545E+002  0.8059591E+001  0.8166777E+000  0.1025160E+003 -0.3781154E+002  0.0000000E+000
 359.000    25121985  0.7090917E+002  0.8077331E+001  0.8166042E+000  0.1025657E+003 -0.3785002E+002  0.0000000E+000
 360.000    26121985  0.7084693E+002  0.8094387E+001  0.8157573E+000  0.1025683E+003 -0.3787070E+002  0.0000000E+000
 361.000    27121985  0.7082112E+002  0.8110059E+001  0.8151192E+000  0.1026080E+003 -0.3789606E+002  0.0000000E+000
 362.000    28121985  0.7082139E+002  0.8126101E+001  0.8145779E+000  0.1026771E+003 -0.3792580E+002  0.0000000E+000
 363.000    29121985  0.7082669E+002  0.8142448E+001  0.8140774E+000  0.1027531E+003 -0.3795775E+002  0.0000000E+000
 364.000    30121985  0.7080321E+002  0.8158570E+001  0.8134523E+000  0.1027935E+003 -0.3798330E+002  0.0000000E+000
 365.000    31121985  0.7076899E+002  0.8168761E+001  0.8123658E+000  0.1028656E+003 -0.3801297E+002  0.0000000E+000
