    DOY     DATE    SHOOT_C         ROOT_C          LAI             GPP             AUTO_RESP       HVST_C          
   1.000    01012001  0.4113145E+001  0.4702583E+001  0.3188294E+001  0.1489485E-001 -0.4939018E-002  0.0000000E+000
   2.000    02012001  0.4097203E+001  0.4698710E+001  0.3182936E+001  0.2557377E-001 -0.9707437E-002  0.0000000E+000
   3.000    03012001  0.4082794E+001  0.4695320E+001  0.3177684E+001  0.3657474E-001 -0.1380017E-001  0.0000000E+000
   4.000    04012001  0.4076365E+001  0.4692244E+001  0.3172782E+001  0.5619892E-001 -0.1893559E-001  0.0000000E+000
   5.000    05012001  0.4070387E+001  0.4689568E+001  0.3168413E+001  0.7226008E-001 -0.2418181E-001  0.0000000E+000
   6.000    06012001  0.4075756E+001  0.4686995E+001  0.3165140E+001  0.1006642E+000 -0.3083321E-001  0.0000000E+000
   7.000    07012001  0.4081408E+001  0.4684416E+001  0.3163059E+001  0.1309079E+000 -0.3890269E-001  0.0000000E+000
   8.000    08012001  0.4084830E+001  0.4682837E+001  0.3161239E+001  0.1567968E+000 -0.4596512E-001  0.0000000E+000
   9.000    09012001  0.4078506E+001  0.4681182E+001  0.3156371E+001  0.1716593E+000 -0.5123143E-001  0.0000000E+000
  10.000    10012001  0.4082943E+001  0.4679054E+001  0.3152675E+001  0.1987716E+000 -0.5815650E-001  0.0000000E+000
  11.000    11012001  0.4089743E+001  0.4677493E+001  0.3151032E+001  0.2317701E+000 -0.6781270E-001  0.0000000E+000
  12.000    12012001  0.4095722E+001  0.4676044E+001  0.3150752E+001  0.2629490E+000 -0.7774033E-001  0.0000000E+000
  13.000    13012001  0.4098904E+001  0.4674478E+001  0.3147601E+001  0.2892896E+000 -0.8600903E-001  0.0000000E+000
  14.000    14012001  0.4107179E+001  0.4672998E+001  0.3147179E+001  0.3211363E+000 -0.9506478E-001  0.0000000E+000
  15.000    15012001  0.4125825E+001  0.4671641E+001  0.3147140E+001  0.3690614E+000 -0.1083576E+000  0.0000000E+000
  16.000    16012001  0.4134443E+001  0.4670228E+001  0.3145522E+001  0.4035434E+000 -0.1183553E+000  0.0000000E+000
  17.000    17012001  0.4131967E+001  0.4668683E+001  0.3140244E+001  0.4248571E+000 -0.1263013E+000  0.0000000E+000
  18.000    18012001  0.4132022E+001  0.4666961E+001  0.3138468E+001  0.4472141E+000 -0.1342112E+000  0.0000000E+000
  19.000    19012001  0.4139618E+001  0.4665273E+001  0.3135988E+001  0.4892703E+000 -0.1500628E+000  0.0000000E+000
  20.000    20012001  0.4137154E+001  0.4661900E+001  0.3132438E+001  0.5091332E+000 -0.1591295E+000  0.0000000E+000
  21.000    21012001  0.4134716E+001  0.4658518E+001  0.3123833E+001  0.5251369E+000 -0.1646603E+000  0.0000000E+000
  22.000    22012001  0.4135759E+001  0.4655496E+001  0.3119256E+001  0.5451374E+000 -0.1706140E+000  0.0000000E+000
  23.000    23012001  0.4141173E+001  0.4652495E+001  0.3114841E+001  0.5674926E+000 -0.1768473E+000  0.0000000E+000
  24.000    24012001  0.4152900E+001  0.4649470E+001  0.3111921E+001  0.5986745E+000 -0.1849602E+000  0.0000000E+000
  25.000    25012001  0.4158945E+001  0.4647887E+001  0.3108550E+001  0.6215631E+000 -0.1910829E+000  0.0000000E+000
  26.000    26012001  0.4162403E+001  0.4645611E+001  0.3105684E+001  0.6424940E+000 -0.1974694E+000  0.0000000E+000
  27.000    27012001  0.4173404E+001  0.4644381E+001  0.3103083E+001  0.6748190E+000 -0.2063853E+000  0.0000000E+000
  28.000    28012001  0.4178609E+001  0.4643153E+001  0.3098563E+001  0.7002508E+000 -0.2139165E+000  0.0000000E+000
  29.000    29012001  0.4187758E+001  0.4641809E+001  0.3096003E+001  0.7326949E+000 -0.2236162E+000  0.0000000E+000
  30.000    30012001  0.4203406E+001  0.4639900E+001  0.3093609E+001  0.7841264E+000 -0.2422273E+000  0.0000000E+000
  31.000    31012001  0.4217960E+001  0.4636860E+001  0.3090780E+001  0.8293384E+000 -0.2582599E+000  0.0000000E+000
  32.000    01022001  0.4229112E+001  0.4633774E+001  0.3087608E+001  0.8598199E+000 -0.2670116E+000  0.0000000E+000
  33.000    02022001  0.4242290E+001  0.4631333E+001  0.3083593E+001  0.8928466E+000 -0.2755627E+000  0.0000000E+000
  34.000    03022001  0.4246829E+001  0.4629237E+001  0.3076390E+001  0.9146972E+000 -0.2815997E+000  0.0000000E+000
  35.000    04022001  0.4252700E+001  0.4627506E+001  0.3073913E+001  0.9383009E+000 -0.2882252E+000  0.0000000E+000
  36.000    05022001  0.4267722E+001  0.4625992E+001  0.3074179E+001  0.9737326E+000 -0.2979904E+000  0.0000000E+000
  37.000    06022001  0.4277614E+001  0.4624592E+001  0.3072177E+001  0.1004527E+001 -0.3073527E+000  0.0000000E+000
  38.000    07022001  0.4295361E+001  0.4623158E+001  0.3071955E+001  0.1045679E+001 -0.3190602E+000  0.0000000E+000
  39.000    08022001  0.4312973E+001  0.4621666E+001  0.3071586E+001  0.1087816E+001 -0.3316934E+000  0.0000000E+000
  40.000    09022001  0.4330176E+001  0.4619434E+001  0.3073268E+001  0.1138596E+001 -0.3524009E+000  0.0000000E+000
  41.000    10022001  0.4345590E+001  0.4615324E+001  0.3069687E+001  0.1186619E+001 -0.3715539E+000  0.0000000E+000
  42.000    11022001  0.4357980E+001  0.4611525E+001  0.3065724E+001  0.1214789E+001 -0.3788007E+000  0.0000000E+000
  43.000    12022001  0.4345008E+001  0.4607459E+001  0.3059793E+001  0.1215279E+001 -0.3839111E+000  0.0000000E+000
  44.000    13022001  0.4332467E+001  0.4602531E+001  0.3055947E+001  0.1215279E+001 -0.3890825E+000  0.0000000E+000
  45.000    14022001  0.4345756E+001  0.4597653E+001  0.3053139E+001  0.1256458E+001 -0.4054125E+000  0.0000000E+000
  46.000    15022001  0.4357811E+001  0.4584792E+001  0.3043796E+001  0.1314979E+001 -0.4397571E+000  0.0000000E+000
  47.000    16022001  0.4375780E+001  0.4569951E+001  0.3034536E+001  0.1376808E+001 -0.4753000E+000  0.0000000E+000
  48.000    17022001  0.4393939E+001  0.4562542E+001  0.3029236E+001  0.1419377E+001 -0.4939796E+000  0.0000000E+000
  49.000    18022001  0.4393588E+001  0.4562429E+001  0.3019853E+001  0.1436393E+001 -0.4999868E+000  0.0000000E+000
  50.000    19022001  0.4411073E+001  0.4562690E+001  0.3013363E+001  0.1475709E+001 -0.5081754E+000  0.0000000E+000
  51.000    20022001  0.4419253E+001  0.4562900E+001  0.3007926E+001  0.1519633E+001 -0.5255842E+000  0.0000000E+000
  52.000    21022001  0.4441647E+001  0.4558423E+001  0.3005902E+001  0.1572919E+001 -0.5479163E+000  0.0000000E+000
  53.000    22022001  0.4426086E+001  0.4559040E+001  0.2997446E+001  0.1573749E+001 -0.5546758E+000  0.0000000E+000
  54.000    23022001  0.4411237E+001  0.4558857E+001  0.2993541E+001  0.1573749E+001 -0.5604151E+000  0.0000000E+000
  55.000    24022001  0.4397530E+001  0.4557757E+001  0.2990591E+001  0.1573749E+001 -0.5665391E+000  0.0000000E+000
  56.000    25022001  0.4370660E+001  0.4553166E+001  0.2987415E+001  0.1573749E+001 -0.5832238E+000  0.0000000E+000
  57.000    26022001  0.4399150E+001  0.4541492E+001  0.2980410E+001  0.1639237E+001 -0.6121406E+000  0.0000000E+000
  58.000    27022001  0.4416479E+001  0.4535912E+001  0.2974710E+001  0.1683746E+001 -0.6309436E+000  0.0000000E+000
  59.000    28022001  0.4434508E+001  0.4531841E+001  0.2969874E+001  0.1728810E+001 -0.6491312E+000  0.0000000E+000
  60.000    01032001  0.4451400E+001  0.4532058E+001  0.2964350E+001  0.1771016E+001 -0.6626251E+000  0.0000000E+000
  61.000    02032001  0.4468770E+001  0.4531569E+001  0.2958431E+001  0.1823032E+001 -0.6828991E+000  0.0000000E+000
  62.000    03032001  0.4483231E+001  0.4530827E+001  0.2953241E+001  0.1869359E+001 -0.7023937E+000  0.0000000E+000
  63.000    04032001  0.4491266E+001  0.4531022E+001  0.2949030E+001  0.1907754E+001 -0.7204563E+000  0.0000000E+000
  64.000    05032001  0.4507043E+001  0.4533475E+001  0.2945138E+001  0.1951365E+001 -0.7351987E+000  0.0000000E+000
  65.000    06032001  0.4504160E+001  0.4538250E+001  0.2939179E+001  0.1969041E+001 -0.7414639E+000  0.0000000E+000
  66.000    07032001  0.4517254E+001  0.4542849E+001  0.2934146E+001  0.2006110E+001 -0.7502362E+000  0.0000000E+000
  67.000    08032001  0.4530801E+001  0.4547511E+001  0.2928457E+001  0.2047488E+001 -0.7614798E+000  0.0000000E+000
  68.000    09032001  0.4552630E+001  0.4551750E+001  0.2924735E+001  0.2099190E+001 -0.7758135E+000  0.0000000E+000
  69.000    10032001  0.4562985E+001  0.4557421E+001  0.2918430E+001  0.2135713E+001 -0.7852045E+000  0.0000000E+000
  70.000    11032001  0.4576189E+001  0.4562122E+001  0.2912144E+001  0.2182496E+001 -0.7997101E+000  0.0000000E+000
  71.000    12032001  0.4581222E+001  0.4563760E+001  0.2906400E+001  0.2229102E+001 -0.8231049E+000  0.0000000E+000
  72.000    13032001  0.4603412E+001  0.4557072E+001  0.2898639E+001  0.2304160E+001 -0.8614421E+000  0.0000000E+000
  73.000    14032001  0.4624879E+001  0.4553505E+001  0.2893014E+001  0.2365335E+001 -0.8892520E+000  0.0000000E+000
  74.000    15032001  0.4632091E+001  0.4553410E+001  0.2888725E+001  0.2404654E+001 -0.9092517E+000  0.0000000E+000
  75.000    16032001  0.4644104E+001  0.4555040E+001  0.2885935E+001  0.2446964E+001 -0.9273668E+000  0.0000000E+000
  76.000    17032001  0.4670225E+001  0.4556232E+001  0.2880205E+001  0.2510895E+001 -0.9492651E+000  0.0000000E+000
  77.000    18032001  0.4691659E+001  0.4560590E+001  0.2876154E+001  0.2562367E+001 -0.9645517E+000  0.0000000E+000
  78.000    19032001  0.4710524E+001  0.4566720E+001  0.2871163E+001  0.2611463E+001 -0.9778417E+000  0.0000000E+000
  79.000    20032001  0.4714178E+001  0.4573468E+001  0.2868287E+001  0.2642842E+001 -0.9895657E+000  0.0000000E+000
  80.000    21032001  0.4733675E+001  0.4577471E+001  0.2863773E+001  0.2697714E+001 -0.1008606E+001  0.0000000E+000
  81.000    22032001  0.4756465E+001  0.4581230E+001  0.2858090E+001  0.2760780E+001 -0.1030932E+001  0.0000000E+000
  82.000    23032001  0.4776339E+001  0.4585392E+001  0.2852532E+001  0.2819657E+001 -0.1051952E+001  0.0000000E+000
  83.000    24032001  0.4789454E+001  0.4588386E+001  0.2845131E+001  0.2878404E+001 -0.1078110E+001  0.0000000E+000
  84.000    25032001  0.4808588E+001  0.4592441E+001  0.2840572E+001  0.2930081E+001 -0.1095680E+001  0.0000000E+000
  85.000    26032001  0.4822555E+001  0.4599286E+001  0.2837404E+001  0.2971764E+001 -0.1107923E+001  0.0000000E+000
  86.000    27032001  0.4828583E+001  0.4606663E+001  0.2832371E+001  0.3003034E+001 -0.1116021E+001  0.0000000E+000
  87.000    28032001  0.4841874E+001  0.4613239E+001  0.2827966E+001  0.3045628E+001 -0.1126369E+001  0.0000000E+000
  88.000    29032001  0.4841746E+001  0.4619046E+001  0.2825208E+001  0.3072495E+001 -0.1137779E+001  0.0000000E+000
  89.000    30032001  0.4864243E+001  0.4620531E+001  0.2818383E+001  0.3141691E+001 -0.1165604E+001  0.0000000E+000
  90.000    31032001  0.4887042E+001  0.4619403E+001  0.2810627E+001  0.3211495E+001 -0.1195599E+001  0.0000000E+000
  91.000    01042001  0.4899363E+001  0.4620704E+001  0.2806292E+001  0.3253685E+001 -0.1213539E+001  0.0000000E+000
  92.000    02042001  0.4923612E+001  0.4624324E+001  0.2801279E+001  0.3311480E+001 -0.1231341E+001  0.0000000E+000
  93.000    03042001  0.4941725E+001  0.4626776E+001  0.2795067E+001  0.3369163E+001 -0.1254261E+001  0.0000000E+000
  94.000    04042001  0.4963772E+001  0.4629442E+001  0.2788992E+001  0.3427964E+001 -0.1275271E+001  0.0000000E+000
  95.000    05042001  0.4987079E+001  0.4633318E+001  0.2781219E+001  0.3494329E+001 -0.1298843E+001  0.0000000E+000
  96.000    06042001  0.4997849E+001  0.4631594E+001  0.2767368E+001  0.3566469E+001 -0.1338001E+001  0.0000000E+000
  97.000    07042001  0.5016671E+001  0.4620406E+001  0.2746397E+001  0.3663930E+001 -0.1394810E+001  0.0000000E+000
  98.000    08042001  0.5037598E+001  0.4607321E+001  0.2727780E+001  0.3756819E+001 -0.1449016E+001  0.0000000E+000
  99.000    09042001  0.5066892E+001  0.4594109E+001  0.2708404E+001  0.3856481E+001 -0.1501922E+001  0.0000000E+000
 100.000    10042001  0.5095781E+001  0.4582843E+001  0.2688425E+001  0.3949846E+001 -0.1548683E+001  0.0000000E+000
 101.000    11042001  0.5125190E+001  0.4576388E+001  0.2675018E+001  0.4031011E+001 -0.1585807E+001  0.0000000E+000
 102.000    12042001  0.5153978E+001  0.4569172E+001  0.2656431E+001  0.4120150E+001 -0.1627352E+001  0.0000000E+000
 103.000    13042001  0.5175394E+001  0.4562844E+001  0.2639123E+001  0.4194605E+001 -0.1663682E+001  0.0000000E+000
 104.000    14042001  0.5203237E+001  0.4559701E+001  0.2622997E+001  0.4269853E+001 -0.1693341E+001  0.0000000E+000
 105.000    15042001  0.5230723E+001  0.4558710E+001  0.2607565E+001  0.4343255E+001 -0.1721252E+001  0.0000000E+000
 106.000    16042001  0.5269114E+001  0.4558792E+001  0.2595300E+001  0.4420818E+001 -0.1744646E+001  0.0000000E+000
 107.000    17042001  0.5286293E+001  0.4561405E+001  0.2590755E+001  0.4460944E+001 -0.1756742E+001  0.0000000E+000
 108.000    18042001  0.5309805E+001  0.4565690E+001  0.2584863E+001  0.4507754E+001 -0.1767074E+001  0.0000000E+000
 109.000    19042001  0.5347814E+001  0.4571412E+001  0.2577316E+001  0.4578214E+001 -0.1782041E+001  0.0000000E+000
 110.000    20042001  0.4878458E+001  0.4576636E+001  0.2569389E+001  0.4641329E+001 -0.1804031E+001  0.0000000E+000
 111.000    21042001  0.4913167E+001  0.4579017E+001  0.2571675E+001  0.4730205E+001 -0.1839310E+001  0.0000000E+000
 112.000    22042001  0.4963945E+001  0.4578054E+001  0.2567927E+001  0.4841086E+001 -0.1880100E+001  0.0000000E+000
 113.000    23042001  0.5008463E+001  0.4576204E+001  0.2562193E+001  0.4947594E+001 -0.1922854E+001  0.0000000E+000
 114.000    24042001  0.5050201E+001  0.4573315E+001  0.2556085E+001  0.5047707E+001 -0.1964039E+001  0.0000000E+000
 115.000    25042001  0.5069506E+001  0.4574419E+001  0.2552854E+001  0.5093601E+001 -0.1980577E+001  0.0000000E+000
 116.000    26042001  0.5100204E+001  0.4576624E+001  0.2549637E+001  0.5153692E+001 -0.1997158E+001  0.0000000E+000
 117.000    27042001  0.5138662E+001  0.4579150E+001  0.2545299E+001  0.5233240E+001 -0.2021331E+001  0.0000000E+000
 118.000    28042001  0.5179675E+001  0.4580376E+001  0.2539707E+001  0.5324060E+001 -0.2053369E+001  0.0000000E+000
 119.000    29042001  0.5204275E+001  0.4582084E+001  0.2534852E+001  0.5387932E+001 -0.2077712E+001  0.0000000E+000
 120.000    30042001  0.5232543E+001  0.4583624E+001  0.2529023E+001  0.5459417E+001 -0.2104173E+001  0.0000000E+000
 121.000    01052001  0.5280690E+001  0.4583383E+001  0.2526447E+001  0.5563263E+001 -0.2140801E+001  0.0000000E+000
 122.000    02052001  0.5338347E+001  0.4582628E+001  0.2523095E+001  0.5677650E+001 -0.2179917E+001  0.0000000E+000
 123.000    03052001  0.5385011E+001  0.4581894E+001  0.2517961E+001  0.5782783E+001 -0.2219422E+001  0.0000000E+000
 124.000    04052001  0.5433868E+001  0.4580989E+001  0.2509839E+001  0.5892699E+001 -0.2260520E+001  0.0000000E+000
 125.000    05052001  0.5479156E+001  0.4579370E+001  0.2502399E+001  0.6000557E+001 -0.2303811E+001  0.0000000E+000
 126.000    06052001  0.5523993E+001  0.4577656E+001  0.2495941E+001  0.6089961E+001 -0.2334867E+001  0.0000000E+000
 127.000    07052001  0.5564624E+001  0.4579238E+001  0.2491164E+001  0.6171446E+001 -0.2360908E+001  0.0000000E+000
 128.000    08052001  0.4405472E+001  0.4580970E+001  0.2486435E+001  0.6249977E+001 -0.2389526E+001  0.0000000E+000
 129.000    09052001  0.4445587E+001  0.4581118E+001  0.2499681E+001  0.6341082E+001 -0.2423688E+001  0.0000000E+000
 130.000    10052001  0.4488870E+001  0.4580791E+001  0.2513833E+001  0.6440536E+001 -0.2462180E+001  0.0000000E+000
 131.000    11052001  0.4555181E+001  0.4578945E+001  0.2529753E+001  0.6569610E+001 -0.2506789E+001  0.0000000E+000
 132.000    12052001  0.4591387E+001  0.4577049E+001  0.2540256E+001  0.6664824E+001 -0.2548269E+001  0.0000000E+000
 133.000    13052001  0.4631588E+001  0.4576878E+001  0.2544128E+001  0.6748670E+001 -0.2577612E+001  0.0000000E+000
 134.000    14052001  0.4689318E+001  0.4579758E+001  0.2551985E+001  0.6848707E+001 -0.2603518E+001  0.0000000E+000
 135.000    15052001  0.4713651E+001  0.4582947E+001  0.2561075E+001  0.6919267E+001 -0.2632406E+001  0.0000000E+000
 136.000    16052001  0.4749611E+001  0.4584632E+001  0.2566487E+001  0.6996943E+001 -0.2658739E+001  0.0000000E+000
 137.000    17052001  0.4775441E+001  0.4587362E+001  0.2570875E+001  0.7062820E+001 -0.2682820E+001  0.0000000E+000
 138.000    18052001  0.4812465E+001  0.4586030E+001  0.2582691E+001  0.7160624E+001 -0.2723668E+001  0.0000000E+000
 139.000    19052001  0.4848751E+001  0.4580138E+001  0.2591841E+001  0.7266246E+001 -0.2773725E+001  0.0000000E+000
 140.000    20052001  0.4873028E+001  0.4573740E+001  0.2603231E+001  0.7346354E+001 -0.2814464E+001  0.0000000E+000
 141.000    21052001  0.4885449E+001  0.4565910E+001  0.2610787E+001  0.7414042E+001 -0.2855521E+001  0.0000000E+000
 142.000    22052001  0.4912729E+001  0.4557125E+001  0.2614889E+001  0.7492668E+001 -0.2894577E+001  0.0000000E+000
 143.000    23052001  0.4960479E+001  0.4552262E+001  0.2620682E+001  0.7579455E+001 -0.2923013E+001  0.0000000E+000
 144.000    24052001  0.5028185E+001  0.4550560E+001  0.2631404E+001  0.7696551E+001 -0.2956781E+001  0.0000000E+000
 145.000    25052001  0.5087354E+001  0.4547839E+001  0.2641664E+001  0.7810236E+001 -0.2994785E+001  0.0000000E+000
 146.000    26052001  0.4092328E+001  0.4545586E+001  0.2649799E+001  0.7892770E+001 -0.3027143E+001  0.0000000E+000
 147.000    27052001  0.4139397E+001  0.4544894E+001  0.2670622E+001  0.7990343E+001 -0.3061155E+001  0.0000000E+000
 148.000    28052001  0.4169565E+001  0.4544700E+001  0.2687928E+001  0.8064947E+001 -0.3091234E+001  0.0000000E+000
 149.000    29052001  0.4218912E+001  0.4544053E+001  0.2713126E+001  0.8165941E+001 -0.3127020E+001  0.0000000E+000
 150.000    30052001  0.4278120E+001  0.4544661E+001  0.2740379E+001  0.8279536E+001 -0.3164208E+001  0.0000000E+000
 151.000    31052001  0.4326238E+001  0.4546252E+001  0.2760228E+001  0.8377440E+001 -0.3197816E+001  0.0000000E+000
 152.000    01062001  0.4337982E+001  0.4544572E+001  0.2781926E+001  0.8442712E+001 -0.3235720E+001  0.0000000E+000
 153.000    02062001  0.4391654E+001  0.4541945E+001  0.2810814E+001  0.8552582E+001 -0.3277350E+001  0.0000000E+000
 154.000    03062001  0.4436184E+001  0.4540870E+001  0.2832090E+001  0.8651362E+001 -0.3316758E+001  0.0000000E+000
 155.000    04062001  0.4475556E+001  0.4538548E+001  0.2853889E+001  0.8748958E+001 -0.3359321E+001  0.0000000E+000
 156.000    05062001  0.4536531E+001  0.4531194E+001  0.2878314E+001  0.8878861E+001 -0.3412904E+001  0.0000000E+000
 157.000    06062001  0.4584740E+001  0.4525830E+001  0.2906821E+001  0.8991420E+001 -0.3462643E+001  0.0000000E+000
 158.000    07062001  0.4626443E+001  0.4521775E+001  0.2929246E+001  0.9090752E+001 -0.3507610E+001  0.0000000E+000
 159.000    08062001  0.4683563E+001  0.4518672E+001  0.2949590E+001  0.9202482E+001 -0.3549722E+001  0.0000000E+000
 160.000    09062001  0.4741443E+001  0.4518231E+001  0.2972580E+001  0.9314436E+001 -0.3589711E+001  0.0000000E+000
 161.000    10062001  0.4804609E+001  0.4519002E+001  0.2993589E+001  0.9435562E+001 -0.3631821E+001  0.0000000E+000
 162.000    11062001  0.4862092E+001  0.4520244E+001  0.3015244E+001  0.9557588E+001 -0.3678698E+001  0.0000000E+000
 163.000    12062001  0.4918752E+001  0.4518931E+001  0.3039752E+001  0.9683961E+001 -0.3730844E+001  0.0000000E+000
 164.000    13062001  0.4014682E+001  0.4517437E+001  0.3067880E+001  0.9794285E+001 -0.3780828E+001  0.0000000E+000
 165.000    14062001  0.4047757E+001  0.4514351E+001  0.3100082E+001  0.9887357E+001 -0.3827263E+001  0.0000000E+000
 166.000    15062001  0.4112331E+001  0.4510136E+001  0.3136280E+001  0.1001319E+002 -0.3875269E+001  0.0000000E+000
 167.000    16062001  0.4174406E+001  0.4507673E+001  0.3170933E+001  0.1014165E+002 -0.3926919E+001  0.0000000E+000
 168.000    17062001  0.4244795E+001  0.4505759E+001  0.3198221E+001  0.1027218E+002 -0.3971833E+001  0.0000000E+000
 169.000    18062001  0.4307048E+001  0.4508276E+001  0.3221726E+001  0.1039615E+002 -0.4016045E+001  0.0000000E+000
 170.000    19062001  0.4369951E+001  0.4511640E+001  0.3250871E+001  0.1052469E+002 -0.4061983E+001  0.0000000E+000
 171.000    20062001  0.4442278E+001  0.4514121E+001  0.3282084E+001  0.1066899E+002 -0.4112877E+001  0.0000000E+000
 172.000    21062001  0.4513616E+001  0.4518750E+001  0.3314485E+001  0.1081559E+002 -0.4166517E+001  0.0000000E+000
 173.000    22062001  0.3194044E+001  0.4524206E+001  0.3347809E+001  0.1095507E+002 -0.4218002E+001  0.0000000E+000
 174.000    23062001  0.3246385E+001  0.4531679E+001  0.3381455E+001  0.1107418E+002 -0.4262552E+001  0.0000000E+000
 175.000    24062001  0.3299517E+001  0.4539765E+001  0.3408074E+001  0.1119330E+002 -0.4305688E+001  0.0000000E+000
 176.000    25062001  0.3345479E+001  0.4546785E+001  0.3434606E+001  0.1130668E+002 -0.4349564E+001  0.0000000E+000
 177.000    26062001  0.3386781E+001  0.4546990E+001  0.3471061E+001  0.1142024E+002 -0.4400413E+001  0.0000000E+000
 178.000    27062001  0.3427087E+001  0.4549287E+001  0.3503042E+001  0.1153303E+002 -0.4453225E+001  0.0000000E+000
 179.000    28062001  0.3480859E+001  0.4547946E+001  0.3534945E+001  0.1166008E+002 -0.4507623E+001  0.0000000E+000
 180.000    29062001  0.3546733E+001  0.4549329E+001  0.3563592E+001  0.1179837E+002 -0.4560835E+001  0.0000000E+000
 181.000    30062001  0.3600558E+001  0.4551727E+001  0.3588378E+001  0.1192655E+002 -0.4614909E+001  0.0000000E+000
 182.000    01072001  0.3628532E+001  0.4555121E+001  0.3612707E+001  0.1202612E+002 -0.4666854E+001  0.0000000E+000
 183.000    02072001  0.3686255E+001  0.4560166E+001  0.3634750E+001  0.1214758E+002 -0.4711151E+001  0.0000000E+000
 184.000    03072001  0.3705904E+001  0.4569202E+001  0.3653231E+001  0.1223031E+002 -0.4752534E+001  0.0000000E+000
 185.000    04072001  0.3731725E+001  0.4572582E+001  0.3679465E+001  0.1232542E+002 -0.4803926E+001  0.0000000E+000
 186.000    05072001  0.3785492E+001  0.4574141E+001  0.3700363E+001  0.1244565E+002 -0.4852332E+001  0.0000000E+000
 187.000    06072001  0.3854829E+001  0.4577868E+001  0.3717100E+001  0.1257938E+002 -0.4896419E+001  0.0000000E+000
 188.000    07072001  0.3920871E+001  0.4590037E+001  0.3732481E+001  0.1271192E+002 -0.4937343E+001  0.0000000E+000
 189.000    08072001  0.3929009E+001  0.4598279E+001  0.3750839E+001  0.1278739E+002 -0.4982021E+001  0.0000000E+000
 190.000    09072001  0.3942149E+001  0.4601022E+001  0.3775504E+001  0.1287091E+002 -0.5035485E+001  0.0000000E+000
 191.000    10072001  0.3985064E+001  0.4599352E+001  0.3796663E+001  0.1298255E+002 -0.5088541E+001  0.0000000E+000
 192.000    11072001  0.4030772E+001  0.4594002E+001  0.3813719E+001  0.1309590E+002 -0.5141543E+001  0.0000000E+000
 193.000    12072001  0.4105739E+001  0.4599288E+001  0.3827546E+001  0.1323533E+002 -0.5186647E+001  0.0000000E+000
 194.000    13072001  0.4136396E+001  0.4608330E+001  0.3837242E+001  0.1332629E+002 -0.5226108E+001  0.0000000E+000
 195.000    14072001  0.4196106E+001  0.4620017E+001  0.3850414E+001  0.1345138E+002 -0.5267714E+001  0.0000000E+000
 196.000    15072001  0.4221735E+001  0.4628265E+001  0.3866019E+001  0.1354275E+002 -0.5310065E+001  0.0000000E+000
 197.000    16072001  0.4250968E+001  0.4635624E+001  0.3879508E+001  0.1363657E+002 -0.5353671E+001  0.0000000E+000
 198.000    17072001  0.4281744E+001  0.4639871E+001  0.3896383E+001  0.1373599E+002 -0.5404214E+001  0.0000000E+000
 199.000    18072001  0.4290951E+001  0.4641199E+001  0.3909540E+001  0.1380899E+002 -0.5453460E+001  0.0000000E+000
 200.000    19072001  0.4304049E+001  0.4638746E+001  0.3920388E+001  0.1388097E+002 -0.5502042E+001  0.0000000E+000
 201.000    20072001  0.4353548E+001  0.4636610E+001  0.3928473E+001  0.1398583E+002 -0.5544652E+001  0.0000000E+000
 202.000    21072001  0.4414406E+001  0.4640519E+001  0.3937111E+001  0.1410329E+002 -0.5583913E+001  0.0000000E+000
 203.000    22072001  0.4469116E+001  0.4648746E+001  0.3948738E+001  0.1422005E+002 -0.5626474E+001  0.0000000E+000
 204.000    23072001  0.4481374E+001  0.4653228E+001  0.3961350E+001  0.1429814E+002 -0.5676777E+001  0.0000000E+000
 205.000    24072001  0.4533106E+001  0.4652570E+001  0.3972663E+001  0.1441752E+002 -0.5731819E+001  0.0000000E+000
 206.000    25072001  0.4547493E+001  0.4647889E+001  0.3983210E+001  0.1449606E+002 -0.5783587E+001  0.0000000E+000
 207.000    26072001  0.4560692E+001  0.4645493E+001  0.3990493E+001  0.1456868E+002 -0.5833336E+001  0.0000000E+000
 208.000    27072001  0.4571441E+001  0.4643633E+001  0.3995961E+001  0.1463045E+002 -0.5875253E+001  0.0000000E+000
 209.000    28072001  0.4587594E+001  0.4644174E+001  0.4001121E+001  0.1469120E+002 -0.5909780E+001  0.0000000E+000
 210.000    29072001  0.4601258E+001  0.4643490E+001  0.4007957E+001  0.1475377E+002 -0.5949530E+001  0.0000000E+000
 211.000    30072001  0.4644482E+001  0.4640156E+001  0.4013883E+001  0.1484428E+002 -0.5987894E+001  0.0000000E+000
 212.000    31072001  0.4705590E+001  0.4641148E+001  0.4020315E+001  0.1495847E+002 -0.6030026E+001  0.0000000E+000
 213.000    01082001  0.4756590E+001  0.4645009E+001  0.4026443E+001  0.1506258E+002 -0.6069509E+001  0.0000000E+000
 214.000    02082001  0.4815803E+001  0.4652616E+001  0.4032543E+001  0.1517811E+002 -0.6108871E+001  0.0000000E+000
 215.000    03082001  0.4849071E+001  0.4658880E+001  0.4038487E+001  0.1527073E+002 -0.6150729E+001  0.0000000E+000
 216.000    04082001  0.4872862E+001  0.4661954E+001  0.4046386E+001  0.1535825E+002 -0.6201364E+001  0.0000000E+000
 217.000    05082001  0.4922185E+001  0.4662401E+001  0.4055132E+001  0.1547025E+002 -0.6252260E+001  0.0000000E+000
 218.000    06082001  0.4976196E+001  0.4664020E+001  0.4061868E+001  0.1558781E+002 -0.6302811E+001  0.0000000E+000
 219.000    07082001  0.5022745E+001  0.4663588E+001  0.4068666E+001  0.1570680E+002 -0.6363150E+001  0.0000000E+000
 220.000    08082001  0.5079135E+001  0.4659455E+001  0.4076224E+001  0.1583657E+002 -0.6424940E+001  0.0000000E+000
 221.000    09082001  0.5108280E+001  0.4655984E+001  0.4081162E+001  0.1593786E+002 -0.6486714E+001  0.0000000E+000
 222.000    10082001  0.5159934E+001  0.4650307E+001  0.4088408E+001  0.1606046E+002 -0.6548494E+001  0.0000000E+000
 223.000    11082001  0.5177495E+001  0.4645038E+001  0.4093221E+001  0.1614279E+002 -0.6605135E+001  0.0000000E+000
 224.000    12082001  0.5209904E+001  0.4639586E+001  0.4096225E+001  0.1623699E+002 -0.6659492E+001  0.0000000E+000
 225.000    13082001  0.5234477E+001  0.4632572E+001  0.4099376E+001  0.1632121E+002 -0.6713559E+001  0.0000000E+000
 226.000    14082001  0.5297052E+001  0.4626557E+001  0.4100740E+001  0.1644161E+002 -0.6765089E+001  0.0000000E+000
 227.000    15082001  0.5328684E+001  0.4622483E+001  0.4102402E+001  0.1652960E+002 -0.6812817E+001  0.0000000E+000
 228.000    16082001  0.5359543E+001  0.4617079E+001  0.4105012E+001  0.1661596E+002 -0.6859912E+001  0.0000000E+000
 229.000    17082001  0.5385526E+001  0.4610932E+001  0.4106885E+001  0.1670160E+002 -0.6913420E+001  0.0000000E+000
 230.000    18082001  0.5405198E+001  0.4602185E+001  0.4107506E+001  0.1677673E+002 -0.6965693E+001  0.0000000E+000
 231.000    19082001  0.5435297E+001  0.4592461E+001  0.4109263E+001  0.1686029E+002 -0.7016091E+001  0.0000000E+000
 232.000    20082001  0.5462922E+001  0.4582940E+001  0.4109666E+001  0.1693847E+002 -0.7064774E+001  0.0000000E+000
 233.000    21082001  0.5536862E+001  0.4580498E+001  0.4110582E+001  0.1705934E+002 -0.7105717E+001  0.0000000E+000
 234.000    22082001  0.5584520E+001  0.4579140E+001  0.4113321E+001  0.1715774E+002 -0.7147146E+001  0.0000000E+000
 235.000    23082001  0.5644954E+001  0.4577561E+001  0.4116227E+001  0.1727536E+002 -0.7194546E+001  0.0000000E+000
 236.000    24082001  0.5689377E+001  0.4575588E+001  0.4118255E+001  0.1737399E+002 -0.7240275E+001  0.0000000E+000
 237.000    25082001  0.5728350E+001  0.4574661E+001  0.4119614E+001  0.1746617E+002 -0.7284211E+001  0.0000000E+000
 238.000    26082001  0.5799412E+001  0.4576317E+001  0.4120926E+001  0.1759288E+002 -0.7329001E+001  0.0000000E+000
 239.000    27082001  0.5857112E+001  0.4574704E+001  0.4122517E+001  0.1771321E+002 -0.7381061E+001  0.0000000E+000
 240.000    28082001  0.5910727E+001  0.4572912E+001  0.4124821E+001  0.1782888E+002 -0.7433836E+001  0.0000000E+000
 241.000    29082001  0.5957600E+001  0.4569504E+001  0.4127379E+001  0.1793814E+002 -0.7487975E+001  0.0000000E+000
 242.000    30082001  0.5970418E+001  0.4566344E+001  0.4129290E+001  0.1800559E+002 -0.7535109E+001  0.0000000E+000
 243.000    31082001  0.5997184E+001  0.4560324E+001  0.4129760E+001  0.1808755E+002 -0.7586155E+001  0.0000000E+000
 244.000    01092001  0.6023032E+001  0.4554555E+001  0.4129524E+001  0.1816118E+002 -0.7630531E+001  0.0000000E+000
 245.000    02092001  0.6053155E+001  0.4546860E+001  0.4128321E+001  0.1823780E+002 -0.7673719E+001  0.0000000E+000
 246.000    03092001  0.6085273E+001  0.4541373E+001  0.4127624E+001  0.1831304E+002 -0.7712968E+001  0.0000000E+000
 247.000    04092001  0.6124624E+001  0.4537054E+001  0.4126879E+001  0.1839825E+002 -0.7755286E+001  0.0000000E+000
 248.000    05092001  0.6178079E+001  0.4530403E+001  0.4125557E+001  0.1849978E+002 -0.7798758E+001  0.0000000E+000
 249.000    06092001  0.6220571E+001  0.4527221E+001  0.4124619E+001  0.1858938E+002 -0.7839482E+001  0.0000000E+000
 250.000    07092001  0.6288610E+001  0.4526007E+001  0.4123256E+001  0.1870477E+002 -0.7877433E+001  0.0000000E+000
 251.000    08092001  0.6321837E+001  0.4527579E+001  0.4121719E+001  0.1878847E+002 -0.7917509E+001  0.0000000E+000
 252.000    09092001  0.6347666E+001  0.4524855E+001  0.4118996E+001  0.1886843E+002 -0.7963487E+001  0.0000000E+000
 253.000    10092001  0.6380889E+001  0.4516919E+001  0.4115216E+001  0.1896041E+002 -0.8018575E+001  0.0000000E+000
 254.000    11092001  0.6441037E+001  0.4512132E+001  0.4111706E+001  0.1906749E+002 -0.8060445E+001  0.0000000E+000
 255.000    12092001  0.6499890E+001  0.4512489E+001  0.4108453E+001  0.1917270E+002 -0.8096164E+001  0.0000000E+000
 256.000    13092001  0.6556119E+001  0.4515533E+001  0.4106144E+001  0.1927728E+002 -0.8131665E+001  0.0000000E+000
 257.000    14092001  0.6581607E+001  0.4520399E+001  0.4104253E+001  0.1934553E+002 -0.8161320E+001  0.0000000E+000
 258.000    15092001  0.6638818E+001  0.4528011E+001  0.4102315E+001  0.1944393E+002 -0.8187025E+001  0.0000000E+000
 259.000    16092001  0.6665815E+001  0.4537367E+001  0.4100363E+001  0.1951396E+002 -0.8213464E+001  0.0000000E+000
 260.000    17092001  0.6686837E+001  0.4545694E+001  0.4098385E+001  0.1957905E+002 -0.8241451E+001  0.0000000E+000
 261.000    18092001  0.6706406E+001  0.4550315E+001  0.4095717E+001  0.1964495E+002 -0.8274077E+001  0.0000000E+000
 262.000    19092001  0.6727697E+001  0.4553154E+001  0.4092364E+001  0.1971306E+002 -0.8309584E+001  0.0000000E+000
 263.000    20092001  0.6746123E+001  0.4547760E+001  0.4088794E+001  0.1978215E+002 -0.8353044E+001  0.0000000E+000
 264.000    21092001  0.6773367E+001  0.4542476E+001  0.4085379E+001  0.1985593E+002 -0.8394492E+001  0.0000000E+000
 265.000    22092001  0.6825857E+001  0.4538322E+001  0.4081444E+001  0.1995492E+002 -0.8434447E+001  0.0000000E+000
 266.000    23092001  0.6872240E+001  0.4534768E+001  0.4077399E+001  0.2005314E+002 -0.8478951E+001  0.0000000E+000
 267.000    24092001  0.6888081E+001  0.4530779E+001  0.4072673E+001  0.2011791E+002 -0.8522189E+001  0.0000000E+000
 268.000    25092001  0.6933262E+001  0.4531601E+001  0.4069260E+001  0.2019700E+002 -0.8547353E+001  0.0000000E+000
 269.000    26092001  0.6966250E+001  0.4538376E+001  0.4065463E+001  0.2026207E+002 -0.8565974E+001  0.0000000E+000
 270.000    27092001  0.7003069E+001  0.4545509E+001  0.4062940E+001  0.2033538E+002 -0.8587863E+001  0.0000000E+000
 271.000    28092001  0.7038625E+001  0.4553645E+001  0.4060431E+001  0.2040902E+002 -0.8610543E+001  0.0000000E+000
 272.000    29092001  0.7063127E+001  0.4562950E+001  0.4057998E+001  0.2047139E+002 -0.8632018E+001  0.0000000E+000
 273.000    30092001  0.7088006E+001  0.4571971E+001  0.4055482E+001  0.2053302E+002 -0.8652707E+001  0.0000000E+000
 274.000    01102001  0.7111751E+001  0.4580893E+001  0.4051139E+001  0.2059595E+002 -0.8674224E+001  0.0000000E+000
 275.000    02102001  0.7139164E+001  0.4588361E+001  0.4046901E+001  0.2066862E+002 -0.8702980E+001  0.0000000E+000
 276.000    03102001  0.7159983E+001  0.4592526E+001  0.4042127E+001  0.2073808E+002 -0.8736895E+001  0.0000000E+000
 277.000    04102001  0.7180908E+001  0.4593328E+001  0.4036545E+001  0.2080639E+002 -0.8771749E+001  0.0000000E+000
 278.000    05102001  0.7209208E+001  0.4594505E+001  0.4029989E+001  0.2088288E+002 -0.8808036E+001  0.0000000E+000
 279.000    06102001  0.7213837E+001  0.4593654E+001  0.4025014E+001  0.2092571E+002 -0.8836700E+001  0.0000000E+000
 280.000    07102001  0.7245877E+001  0.4599686E+001  0.4017044E+001  0.2098714E+002 -0.8852029E+001  0.0000000E+000
 281.000    08102001  0.7261448E+001  0.4606926E+001  0.4009141E+001  0.2103369E+002 -0.8866642E+001  0.0000000E+000
 282.000    09102001  0.7273223E+001  0.4614840E+001  0.4000663E+001  0.2107754E+002 -0.8881154E+001  0.0000000E+000
 283.000    10102001  0.7285775E+001  0.4620553E+001  0.3995367E+001  0.2112969E+002 -0.8905089E+001  0.0000000E+000
 284.000    11102001  0.7298417E+001  0.4622569E+001  0.3991129E+001  0.2118284E+002 -0.8933721E+001  0.0000000E+000
 285.000    12102001  0.7320348E+001  0.4623872E+001  0.3986545E+001  0.2124509E+002 -0.8963388E+001  0.0000000E+000
 286.000    13102001  0.7352846E+001  0.4623454E+001  0.3980969E+001  0.2132095E+002 -0.8996612E+001  0.0000000E+000
 287.000    14102001  0.7356578E+001  0.4619443E+001  0.3973668E+001  0.2137220E+002 -0.9036688E+001  0.0000000E+000
 288.000    15102001  0.7395061E+001  0.4618819E+001  0.3968049E+001  0.2144465E+002 -0.9061292E+001  0.0000000E+000
 289.000    16102001  0.7409172E+001  0.4622126E+001  0.3962141E+001  0.2149203E+002 -0.9081696E+001  0.0000000E+000
 290.000    17102001  0.7440176E+001  0.4628696E+001  0.3954695E+001  0.2155199E+002 -0.9096185E+001  0.0000000E+000
 291.000    18102001  0.7449639E+001  0.4635913E+001  0.3945293E+001  0.2159173E+002 -0.9109146E+001  0.0000000E+000
 292.000    19102001  0.7458129E+001  0.4642912E+001  0.3939205E+001  0.2163500E+002 -0.9126854E+001  0.0000000E+000
 293.000    20102001  0.7469846E+001  0.4646353E+001  0.3934843E+001  0.2168601E+002 -0.9152591E+001  0.0000000E+000
 294.000    21102001  0.7475708E+001  0.4647762E+001  0.3929424E+001  0.2173771E+002 -0.9183431E+001  0.0000000E+000
 295.000    22102001  0.7422095E+001  0.4644064E+001  0.3923019E+001  0.2179515E+002 -0.9219758E+001  0.0000000E+000
 296.000    23102001  0.7371616E+001  0.4639982E+001  0.3912745E+001  0.2185260E+002 -0.9254952E+001  0.0000000E+000
 297.000    24102001  0.7339994E+001  0.4633701E+001  0.3899023E+001  0.2193260E+002 -0.9297821E+001  0.0000000E+000
 298.000    25102001  0.7297356E+001  0.4628068E+001  0.3889036E+001  0.2198639E+002 -0.9331277E+001  0.0000000E+000
 299.000    26102001  0.7258950E+001  0.4630718E+001  0.3883166E+001  0.2202809E+002 -0.9348898E+001  0.0000000E+000
 300.000    27102001  0.7220954E+001  0.4635388E+001  0.3872699E+001  0.2206240E+002 -0.9359732E+001  0.0000000E+000
 301.000    28102001  0.7187814E+001  0.4640688E+001  0.3860482E+001  0.2210019E+002 -0.9370579E+001  0.0000000E+000
 302.000    29102001  0.7174604E+001  0.4647223E+001  0.3850845E+001  0.2215754E+002 -0.9381563E+001  0.0000000E+000
 303.000    30102001  0.7169699E+001  0.4655077E+001  0.3845025E+001  0.2222578E+002 -0.9396973E+001  0.0000000E+000
 304.000    31102001  0.7144500E+001  0.4662919E+001  0.3838761E+001  0.2227386E+002 -0.9415130E+001  0.0000000E+000
 305.000    01112001  0.7138065E+001  0.4669259E+001  0.3834919E+001  0.2234519E+002 -0.9440038E+001  0.0000000E+000
 306.000    02112001  0.7133352E+001  0.4672122E+001  0.3828187E+001  0.2242606E+002 -0.9474740E+001  0.0000000E+000
 307.000    03112001  0.7117658E+001  0.4671608E+001  0.3820631E+001  0.2249373E+002 -0.9511187E+001  0.0000000E+000
 308.000    04112001  0.7093724E+001  0.4674217E+001  0.3814474E+001  0.2253615E+002 -0.9533804E+001  0.0000000E+000
 309.000    05112001  0.7096504E+001  0.4680539E+001  0.3808674E+001  0.2259964E+002 -0.9550694E+001  0.0000000E+000
 310.000    06112001  0.7091600E+001  0.4688729E+001  0.3797241E+001  0.2265276E+002 -0.9563437E+001  0.0000000E+000
 311.000    07112001  0.7082872E+001  0.4696435E+001  0.3792021E+001  0.2270710E+002 -0.9582982E+001  0.0000000E+000
 312.000    08112001  0.7083446E+001  0.4703525E+001  0.3787321E+001  0.2277411E+002 -0.9603582E+001  0.0000000E+000
 313.000    09112001  0.6980553E+001  0.4710868E+001  0.3779927E+001  0.2283442E+002 -0.9624267E+001  0.0000000E+000
 314.000    10112001  0.6878074E+001  0.4718952E+001  0.3769930E+001  0.2288975E+002 -0.9644256E+001  0.0000000E+000
 315.000    11112001  0.6782689E+001  0.4725811E+001  0.3763649E+001  0.2294389E+002 -0.9665785E+001  0.0000000E+000
 316.000    12112001  0.6690205E+001  0.4734318E+001  0.3753978E+001  0.2298636E+002 -0.9679604E+001  0.0000000E+000
 317.000    13112001  0.6613827E+001  0.4743226E+001  0.3744504E+001  0.2303810E+002 -0.9690863E+001  0.0000000E+000
 318.000    14112001  0.6547857E+001  0.4751867E+001  0.3739408E+001  0.2310126E+002 -0.9708502E+001  0.0000000E+000
 319.000    15112001  0.6480997E+001  0.4760011E+001  0.3734334E+001  0.2315801E+002 -0.9727321E+001  0.0000000E+000
 320.000    16112001  0.6407159E+001  0.4766858E+001  0.3727493E+001  0.2320610E+002 -0.9749249E+001  0.0000000E+000
 321.000    17112001  0.6343738E+001  0.4770300E+001  0.3720068E+001  0.2326357E+002 -0.9776750E+001  0.0000000E+000
 322.000    18112001  0.6296301E+001  0.4776595E+001  0.3714321E+001  0.2332327E+002 -0.9795223E+001  0.0000000E+000
 323.000    19112001  0.6251922E+001  0.4783144E+001  0.3707053E+001  0.2338971E+002 -0.9818600E+001  0.0000000E+000
 324.000    20112001  0.6208788E+001  0.4789469E+001  0.3701052E+001  0.2344810E+002 -0.9838838E+001  0.0000000E+000
 325.000    21112001  0.6153084E+001  0.4798271E+001  0.3688349E+001  0.2348298E+002 -0.9849153E+001  0.0000000E+000
 326.000    22112001  0.6103672E+001  0.4806680E+001  0.3677590E+001  0.2352318E+002 -0.9860882E+001  0.0000000E+000
 327.000    23112001  0.6066706E+001  0.4814152E+001  0.3672450E+001  0.2357760E+002 -0.9877550E+001  0.0000000E+000
 328.000    24112001  0.6023041E+001  0.4816637E+001  0.3665947E+001  0.2363653E+002 -0.9909776E+001  0.0000000E+000
 329.000    25112001  0.5968553E+001  0.4811318E+001  0.3654585E+001  0.2369060E+002 -0.9952747E+001  0.0000000E+000
 330.000    26112001  0.5920627E+001  0.4803671E+001  0.3641961E+001  0.2374451E+002 -0.9992116E+001  0.0000000E+000
 331.000    27112001  0.5819303E+001  0.4798959E+001  0.3629726E+001  0.2379129E+002 -0.1002482E+002  0.0000000E+000
 332.000    28112001  0.5734535E+001  0.4792653E+001  0.3618327E+001  0.2385060E+002 -0.1005986E+002  0.0000000E+000
 333.000    29112001  0.5660122E+001  0.4787066E+001  0.3601501E+001  0.2392323E+002 -0.1009736E+002  0.0000000E+000
 334.000    30112001  0.5568757E+001  0.4780085E+001  0.3582842E+001  0.2397642E+002 -0.1013696E+002  0.0000000E+000
 335.000    01122001  0.5517649E+001  0.4777021E+001  0.3570438E+001  0.2404212E+002 -0.1016541E+002  0.0000000E+000
 336.000    02122001  0.5468651E+001  0.4779812E+001  0.3561580E+001  0.2409793E+002 -0.1018484E+002  0.0000000E+000
 337.000    03122001  0.5421808E+001  0.4785486E+001  0.3552454E+001  0.2414659E+002 -0.1019830E+002  0.0000000E+000
 338.000    04122001  0.5377450E+001  0.4791985E+001  0.3541636E+001  0.2419759E+002 -0.1021259E+002  0.0000000E+000
 339.000    05122001  0.5331860E+001  0.4797638E+001  0.3532622E+001  0.2424998E+002 -0.1023241E+002  0.0000000E+000
 340.000    06122001  0.5279990E+001  0.4800126E+001  0.3520046E+001  0.2430228E+002 -0.1026077E+002  0.0000000E+000
 341.000    07122001  0.5220962E+001  0.4798678E+001  0.3506486E+001  0.2434646E+002 -0.1029278E+002  0.0000000E+000
 342.000    08122001  0.5167146E+001  0.4795941E+001  0.3492080E+001  0.2439011E+002 -0.1032273E+002  0.0000000E+000
 343.000    09122001  0.5137314E+001  0.4796270E+001  0.3481862E+001  0.2444295E+002 -0.1034283E+002  0.0000000E+000
 344.000    10122001  0.5097466E+001  0.4799932E+001  0.3476640E+001  0.2447244E+002 -0.1035363E+002  0.0000000E+000
 345.000    11122001  0.5062574E+001  0.4804069E+001  0.3470074E+001  0.2450853E+002 -0.1036675E+002  0.0000000E+000
 346.000    12122001  0.5025890E+001  0.4807740E+001  0.3461766E+001  0.2454474E+002 -0.1038341E+002  0.0000000E+000
 347.000    13122001  0.4993223E+001  0.4809668E+001  0.3450604E+001  0.2458953E+002 -0.1040523E+002  0.0000000E+000
 348.000    14122001  0.4962733E+001  0.4807238E+001  0.3432454E+001  0.2465165E+002 -0.1043891E+002  0.0000000E+000
 349.000    15122001  0.4909495E+001  0.4807348E+001  0.3423044E+001  0.2470207E+002 -0.1045871E+002  0.0000000E+000
 350.000    16122001  0.4858750E+001  0.4810962E+001  0.3414904E+001  0.2474329E+002 -0.1046997E+002  0.0000000E+000
 351.000    17122001  0.4808350E+001  0.4814724E+001  0.3403667E+001  0.2479500E+002 -0.1049000E+002  0.0000000E+000
 352.000    18122001  0.4760287E+001  0.4815848E+001  0.3393827E+001  0.2484173E+002 -0.1051008E+002  0.0000000E+000
 353.000    19122001  0.4717262E+001  0.4819521E+001  0.3385448E+001  0.2487051E+002 -0.1052366E+002  0.0000000E+000
 354.000    20122001  0.4688471E+001  0.4823485E+001  0.3378368E+001  0.2490639E+002 -0.1053477E+002  0.0000000E+000
 355.000    21122001  0.4661875E+001  0.4827999E+001  0.3369188E+001  0.2494117E+002 -0.1054391E+002  0.0000000E+000
 356.000    22122001  0.4630691E+001  0.4832572E+001  0.3359812E+001  0.2496779E+002 -0.1055096E+002  0.0000000E+000
 357.000    23122001  0.4602121E+001  0.4837090E+001  0.3352405E+001  0.2500472E+002 -0.1056402E+002  0.0000000E+000
 358.000    24122001  0.4585059E+001  0.4841085E+001  0.3343137E+001  0.2504719E+002 -0.1057726E+002  0.0000000E+000
 359.000    25122001  0.4558805E+001  0.4844771E+001  0.3335807E+001  0.2507156E+002 -0.1058399E+002  0.0000000E+000
 360.000    26122001  0.4533978E+001  0.4848227E+001  0.3329828E+001  0.2509540E+002 -0.1059062E+002  0.0000000E+000
 361.000    27122001  0.4506097E+001  0.4851414E+001  0.3324273E+001  0.2511345E+002 -0.1059682E+002  0.0000000E+000
 362.000    28122001  0.4488465E+001  0.4853816E+001  0.3319352E+001  0.2514195E+002 -0.1060449E+002  0.0000000E+000
 363.000    29122001  0.4476799E+001  0.4856739E+001  0.3312699E+001  0.2517779E+002 -0.1061366E+002  0.0000000E+000
 364.000    30122001  0.4453724E+001  0.4859304E+001  0.3306439E+001  0.2519524E+002 -0.1061942E+002  0.0000000E+000
 365.000    31122001  0.4434879E+001  0.4860708E+001  0.3301335E+001  0.2521494E+002 -0.1062541E+002  0.0000000E+000
