    DOY     DATE    SHOOT_C         ROOT_C          LAI             GPP             AUTO_RESP       HVST_C          
  30.000    30011915  0.1577879E+002  0.7814217E+003  0.0000000E+000  0.0000000E+000 -0.2295439E+002  0.0000000E+000
  60.000    01031915  0.1409786E+002  0.7168324E+003  0.0000000E+000  0.0000000E+000 -0.4568556E+002  0.0000000E+000
  90.000    31031915  0.1056666E+002  0.6419570E+003  0.0000000E+000  0.0000000E+000 -0.6856332E+002  0.0000000E+000
 120.000    30041915  0.8348240E+002  0.6257984E+003  0.2465154E+001  0.1154249E+003 -0.1362607E+003  0.0000000E+000
 150.000    30051915  0.2342995E+003  0.6882303E+003  0.5355452E+001  0.4756528E+003 -0.2722252E+003  0.0000000E+000
 180.000    29061915  0.3920980E+003  0.7371149E+003  0.7025775E+001  0.9306532E+003 -0.5071098E+003  0.0000000E+000
 210.000    29071915  0.5128941E+003  0.7760231E+003  0.7063088E+001  0.1338405E+004 -0.7411151E+003  0.0000000E+000
 240.000    28081915  0.5128242E+003  0.8986889E+003  0.5406734E+001  0.1719118E+004 -0.9456118E+003  0.0000000E+000
 270.000    27091915  0.3465539E+003  0.1046724E+004  0.1768921E+001  0.1996837E+004 -0.1119438E+004  0.0000000E+000
 300.000    27101915  0.2680198E+003  0.1040036E+004  0.6831300E+000  0.2084950E+004 -0.1201940E+004  0.0000000E+000
 330.000    26111915  0.5134238E+002  0.9415958E+003  0.5588581E+000  0.2089424E+004 -0.1256250E+004  0.0000000E+000
 360.000    26121915  0.2482570E+002  0.8803142E+003  0.4050870E+000  0.2089424E+004 -0.1288098E+004  0.0000000E+000
