    DOY     DATE    PRECN           ET              WATER           DISCHG          SNOWPACK        WTR_1           WTR_2           WTR_3           WTR_4           WTR_5           WTR_6           ICE_2           ICE_3           ICE_4           ICE_5           ICE_6           ICE_7           PSI_3           PSI_4           PSI_5           PSI_6           PSI_7           PSI_8           ACTV_LYR        
  30.000    30011904  0.9311000E+002  0.6933775E+001  0.8326690E+003  0.1086446E+002  0.0000000E+000  0.3438992E+000  0.3455897E+000  0.3595839E+000  0.2824792E+000  0.2603233E+000  0.3560334E+000  0.1885776E-001  0.9927069E-012  0.0000000E+000  0.0000000E+000  0.0000000E+000  0.0000000E+000 -0.5872881E-002 -0.5489671E-002 -0.4884048E-002 -0.2598966E-002 -0.2558618E-002 -0.3311534E-002 -0.9999000E+004
  60.000    29021904  0.1540600E+003  0.3855352E+002  0.7858130E+003  0.8701736E+002  0.0000000E+000  0.3164663E+000  0.3222434E+000  0.3254755E+000  0.2530474E+000  0.2465610E+000  0.3520185E+000  0.9594813E-012  0.9927069E-012  0.0000000E+000  0.0000000E+000  0.0000000E+000  0.0000000E+000 -0.1065278E-001 -0.8979327E-002 -0.6285247E-002 -0.2846619E-002 -0.2671314E-002 -0.3807714E-002 -0.9999000E+004
  90.000    30031904  0.2096400E+003  0.8988673E+002  0.7578690E+003  0.1191981E+003  0.0000000E+000  0.3138279E+000  0.3207342E+000  0.3263906E+000  0.2579827E+000  0.2566293E+000  0.3446061E+000  0.9594813E-012  0.9927069E-012  0.0000000E+000  0.0000000E+000  0.0000000E+000  0.0000000E+000 -0.1034048E-001 -0.8110647E-002 -0.5171804E-002 -0.3381355E-002 -0.3395574E-002 -0.5310397E-002 -0.9999000E+004
 120.000    29041904  0.2936700E+003  0.1781525E+003  0.7346563E+003  0.1381750E+003  0.0000000E+000  0.2743043E+000  0.2768966E+000  0.2791179E+000  0.2241784E+000  0.2274552E+000  0.3476551E+000  0.9594813E-012  0.9927069E-012  0.0000000E+000  0.0000000E+000  0.0000000E+000  0.0000000E+000 -0.2199158E-001 -0.1653434E-001 -0.9237933E-002 -0.3145885E-002 -0.2771325E-002 -0.4650792E-002 -0.9999000E+004
 150.000    29051904  0.3817200E+003  0.2996618E+003  0.6883165E+003  0.1510555E+003  0.0000000E+000  0.1622898E+000  0.1727436E+000  0.1976658E+000  0.1804368E+000  0.1974814E+000  0.3179428E+000  0.9594813E-012  0.9927069E-012  0.0000000E+000  0.0000000E+000  0.0000000E+000  0.0000000E+000 -0.1114841E+000 -0.5059205E-001 -0.2118693E-001 -0.6461438E-002 -0.3997588E-002 -0.5848949E-002 -0.9999000E+004
 180.000    28061904  0.4598400E+003  0.4416755E+003  0.6142113E+003  0.1612670E+003  0.0000000E+000  0.1193329E+000  0.1196362E+000  0.1339833E+000  0.1094507E+000  0.1217499E+000  0.2750121E+000  0.9594813E-012  0.9927069E-012  0.0000000E+000  0.0000000E+000  0.0000000E+000  0.0000000E+000 -0.7142415E+000 -0.6688088E+000 -0.3879598E+000 -0.2231140E-001 -0.7855016E-002 -0.9902590E-002 -0.9999000E+004
 210.000    28071904  0.5405900E+003  0.5583414E+003  0.5695772E+003  0.1699852E+003  0.0000000E+000  0.1990714E+000  0.2011098E+000  0.1998907E+000  0.1188248E+000  0.1132637E+000  0.2179075E+000  0.9594813E-012  0.9927069E-012  0.0000000E+000  0.0000000E+000  0.0000000E+000  0.0000000E+000 -0.1095855E+000 -0.4433029E+000 -0.6059405E+000 -0.1759615E+000 -0.2479433E-001 -0.3061222E-001 -0.9999000E+004
 240.000    27081904  0.5954600E+003  0.6698695E+003  0.5066165E+003  0.1762877E+003  0.0000000E+000  0.1052624E+000  0.1088031E+000  0.1157965E+000  0.9913313E-001  0.1024460E+000  0.1874336E+000  0.9594813E-012  0.9927069E-012  0.0000000E+000  0.0000000E+000  0.0000000E+000  0.0000000E+000 -0.1462580E+001 -0.1115223E+001 -0.1100793E+001 -0.6668146E+000 -0.9500854E-001 -0.1176490E+000 -0.9999000E+004
 270.000    26091904  0.7703700E+003  0.7618010E+003  0.5850677E+003  0.1808149E+003  0.0000000E+000  0.3484072E+000  0.3461579E+000  0.3570260E+000  0.2934298E+000  0.1744040E+000  0.2038747E+000  0.9594813E-012  0.9927069E-012  0.0000000E+000  0.0000000E+000  0.0000000E+000  0.0000000E+000 -0.5983146E-002 -0.4392387E-002 -0.4499622E-001 -0.3175826E+000 -0.9290267E-001 -0.1091605E+000 -0.9999000E+004
 300.000    26101904  0.8546700E+003  0.8126469E+003  0.6157417E+003  0.1835950E+003  0.0000000E+000  0.3220482E+000  0.3439291E+000  0.3430010E+000  0.2760197E+000  0.2744809E+000  0.2568169E+000  0.9594813E-012  0.9927069E-012  0.0000000E+000  0.0000000E+000  0.0000000E+000  0.0000000E+000 -0.7481682E-002 -0.5927581E-002 -0.3752172E-002 -0.4106096E-001 -0.8306876E-001 -0.9323775E-001 -0.9999000E+004
 330.000    25111904  0.9454800E+003  0.8485064E+003  0.6693934E+003  0.1848938E+003  0.0000000E+000  0.3278523E+000  0.3315041E+000  0.3391051E+000  0.2670984E+000  0.2603749E+000  0.3573626E+000  0.9594813E-012  0.9927069E-012  0.0000000E+000  0.0000000E+000  0.0000000E+000  0.0000000E+000 -0.8097075E-002 -0.6923401E-002 -0.4839277E-002 -0.2523279E-002 -0.6640711E-002 -0.7668948E-001 -0.9999000E+004
 360.000    25121904  0.9938000E+003  0.8725399E+003  0.6927448E+003  0.1857055E+003  0.0000000E+000  0.3107801E+000  0.3330717E+000  0.3310472E+000  0.2582509E+000  0.2441308E+000  0.3393434E+000  0.9953538E-012  0.9927069E-012  0.0000000E+000  0.0000000E+000  0.0000000E+000  0.0000000E+000 -0.9467689E-002 -0.8151809E-002 -0.6604559E-002 -0.3826932E-002 -0.3120467E-002 -0.3865149E-002 -0.9999000E+004
