    DOY     DATE    RESIDUE_C       HUMUS_C         ATM_CO2         NBP             ECO_LAI         ECO_GPP         ECO_RA          ECO_NPP         ECO_RH          
  30.000    30011920  0.1816271E+004  0.8455460E+004  0.3406120E+003 -0.4842128E+002  0.0000000E+000  0.0000000E+000 -0.2299206E+002 -0.2299206E+002 -0.1939379E+002
  60.000    29021920  0.1814354E+004  0.8461606E+004  0.3406120E+003 -0.9343413E+002  0.0000000E+000  0.0000000E+000 -0.4488965E+002 -0.4488965E+002 -0.4582470E+002
  90.000    30031920  0.1832508E+004  0.8467332E+004  0.3406120E+003 -0.1553516E+003  0.4266323E-001  0.1321660E-001 -0.6902791E+002 -0.6901469E+002 -0.8880103E+002
 120.000    29041920  0.1780045E+004  0.8471902E+004  0.3406120E+003 -0.1722818E+003  0.2241767E+001  0.1016914E+003 -0.1279481E+003 -0.2625663E+002 -0.1522540E+003
 150.000    29051920  0.1715865E+004  0.8474512E+004  0.3406120E+003  0.1218262E+002  0.5625070E+001  0.5052742E+003 -0.2804497E+003  0.2248245E+003 -0.2231479E+003
 180.000    28061920  0.1661390E+004  0.8474655E+004  0.3406120E+003  0.1911635E+003  0.7366574E+001  0.9767011E+003 -0.5044260E+003  0.4722750E+003 -0.2911733E+003
 210.000    28071920  0.1603763E+004  0.8471436E+004  0.3406120E+003  0.2654265E+003  0.7475126E+001  0.1370571E+004 -0.7456453E+003  0.6249258E+003 -0.3650350E+003
 240.000    27081920  0.1586117E+004  0.8465381E+004  0.3406120E+003  0.3268215E+003  0.5663651E+001  0.1757452E+004 -0.9951823E+003  0.7622702E+003 -0.4411353E+003
 270.000    26091920  0.1610611E+004  0.8458521E+004  0.3406120E+003  0.3506839E+003  0.1558636E+001  0.2063187E+004 -0.1183727E+004  0.8794598E+003 -0.5527440E+003
 300.000    26101920  0.1563392E+004  0.8458688E+004  0.3406120E+003  0.2585449E+003  0.5684816E+000  0.2145236E+004 -0.1270702E+004  0.8745339E+003 -0.6348986E+003
 330.000    25111920  0.1736595E+004  0.8463696E+004  0.3406120E+003  0.1501088E+003  0.4416179E+000  0.2150579E+004 -0.1325837E+004  0.8247416E+003 -0.6943318E+003
 360.000    25121920  0.1762055E+004  0.8470387E+004  0.3406120E+003  0.7661921E+002  0.3135365E+000  0.2150579E+004 -0.1360537E+004  0.7900423E+003 -0.7256026E+003
