    DOY     DATE    RESIDUE_C       HUMUS_C         ATM_CO2         NBP             ECO_LAI         ECO_GPP         ECO_RA          ECO_NPP         ECO_RH          
  30.000    30011916  0.1733485E+004  0.8394491E+004  0.3406120E+003 -0.4782125E+002  0.9753946E-001  0.0000000E+000 -0.2310523E+002 -0.2310523E+002 -0.1337870E+002
  60.000    29021916  0.1725163E+004  0.8399970E+004  0.3406120E+003 -0.9883973E+002  0.1843378E-001  0.0000000E+000 -0.4901237E+002 -0.4901237E+002 -0.4227177E+002
  90.000    30031916  0.1721857E+004  0.8405621E+004  0.3406120E+003 -0.1579044E+003  0.4847434E+000  0.4499497E+001 -0.7950092E+002 -0.7500143E+002 -0.8084272E+002
 120.000    29041916  0.1678446E+004  0.8411012E+004  0.3406120E+003 -0.1515991E+003  0.2546267E+001  0.1278361E+003 -0.1460288E+003 -0.1819276E+002 -0.1348773E+003
 150.000    29051916  0.1617057E+004  0.8413862E+004  0.3406120E+003  0.1766370E+002  0.5783680E+001  0.5239427E+003 -0.3085813E+003  0.2153614E+003 -0.2050371E+003
 180.000    28061916  0.1554216E+004  0.8413118E+004  0.3406120E+003  0.1803875E+003  0.7260183E+001  0.9882261E+003 -0.5331236E+003  0.4551025E+003 -0.2852564E+003
 210.000    28071916  0.1463240E+004  0.8407881E+004  0.3406120E+003  0.2372682E+003  0.7351529E+001  0.1376333E+004 -0.7626046E+003  0.6137286E+003 -0.3982145E+003
 240.000    27081916  0.1379857E+004  0.8401172E+004  0.3406120E+003  0.2922548E+003  0.7351529E+001  0.1754307E+004 -0.9860168E+003  0.7682897E+003 -0.5067648E+003
 270.000    26091916  0.1465888E+004  0.8397883E+004  0.3406120E+003  0.3522598E+003  0.2478020E+001  0.2080218E+004 -0.1180381E+004  0.8998369E+003 -0.5765927E+003
 300.000    26101916  0.1457928E+004  0.8396861E+004  0.3406120E+003  0.2873036E+003  0.7066017E+000  0.2213017E+004 -0.1300382E+004  0.9126346E+003 -0.6441998E+003
 330.000    25111916  0.1588427E+004  0.8398642E+004  0.3406120E+003  0.1827817E+003  0.3319425E+000  0.2231681E+004 -0.1369112E+004  0.8625690E+003 -0.6885805E+003
 360.000    25121916  0.1695037E+004  0.8403696E+004  0.3406120E+003  0.9714656E+002  0.2531631E+000  0.2231681E+004 -0.1412884E+004  0.8187977E+003 -0.7251684E+003
