    DOY     DATE    RESIDUE_C       HUMUS_C         ATM_CO2         NBP             ECO_LAI         ECO_GPP         ECO_RA          ECO_NPP         ECO_RH          
  30.000    30011960  0.5340258E+003  0.7651252E+004  0.3406120E+003  0.2640693E+002  0.1258476E+002  0.7307005E+002 -0.4665485E+002  0.2641521E+002 -0.5550355E+001
  60.000    29021960  0.5378263E+003  0.7651422E+004  0.3406120E+003  0.6934096E+002  0.1230392E+002  0.1760523E+003 -0.1036789E+003  0.7237336E+002 -0.1155026E+002
  90.000    30031960  0.5391514E+003  0.7651345E+004  0.3406120E+003  0.1384195E+003  0.1210854E+002  0.3213328E+003 -0.1741355E+003  0.1471972E+003 -0.1987833E+002
 120.000    29041960  0.5321472E+003  0.7650221E+004  0.3406120E+003  0.2419045E+003  0.1219191E+002  0.5446495E+003 -0.2823777E+003  0.2622717E+003 -0.3272910E+002
 150.000    29051960  0.5232875E+003  0.7647789E+004  0.3406120E+003  0.3679749E+003  0.1293924E+002  0.8182720E+003 -0.4133170E+003  0.4049550E+003 -0.4993410E+002
 180.000    28061960  0.5128299E+003  0.7642160E+004  0.3406120E+003  0.4933345E+003  0.1496119E+002  0.1140479E+004 -0.5870187E+003  0.5534603E+003 -0.7399339E+002
 210.000    28071960  0.5053425E+003  0.7631215E+004  0.3406120E+003  0.5674106E+003  0.1557139E+002  0.1464537E+004 -0.8091446E+003  0.6553923E+003 -0.1044669E+003
 240.000    27081960  0.4996994E+003  0.7619533E+004  0.3406120E+003  0.6465896E+003  0.1548592E+002  0.1765040E+004 -0.1002937E+004  0.7621036E+003 -0.1340756E+003
 270.000    26091960  0.4946960E+003  0.7609106E+004  0.3406120E+003  0.7140999E+003  0.1509343E+002  0.2027499E+004 -0.1171060E+004  0.8564398E+003 -0.1600323E+003
 300.000    26101960  0.4898117E+003  0.7603967E+004  0.3406120E+003  0.7741867E+003  0.1463706E+002  0.2212260E+004 -0.1279245E+004  0.9330159E+003 -0.1765933E+003
 330.000    25111960  0.4995010E+003  0.7601403E+004  0.3406120E+003  0.8109490E+003  0.1399498E+002  0.2345418E+004 -0.1364435E+004  0.9809825E+003 -0.1885214E+003
 360.000    25121960  0.5228910E+003  0.7600828E+004  0.3406120E+003  0.8324821E+003  0.1347187E+002  0.2428640E+004 -0.1418962E+004  0.1009679E+004 -0.1958822E+003
