    DOY     DATE    RESIDUE_C       HUMUS_C         ATM_CO2         NBP             ECO_LAI         ECO_GPP         ECO_RA          ECO_NPP         ECO_RH          
  30.000    30011958  0.5285704E+003  0.7763348E+004  0.3406120E+003  0.1699907E+002  0.1244268E+002  0.5315309E+002 -0.3468378E+002  0.1846931E+002 -0.2911229E+001
  60.000    01031958  0.5391597E+003  0.7763870E+004  0.3406120E+003  0.4581843E+002  0.1205775E+002  0.1203431E+003 -0.7352471E+002  0.4681837E+002 -0.6418404E+001
  90.000    31031958  0.5438934E+003  0.7764120E+004  0.3406120E+003  0.1120095E+003  0.1198420E+002  0.2538762E+003 -0.1384941E+003  0.1153821E+003 -0.1284048E+002
 120.000    30041958  0.5360884E+003  0.7763428E+004  0.3406120E+003  0.2183758E+003  0.1208834E+002  0.4625789E+003 -0.2315705E+003  0.2310083E+003 -0.2572812E+002
 150.000    30051958  0.5230166E+003  0.7759542E+004  0.3406120E+003  0.3478709E+003  0.1251830E+002  0.7599339E+003 -0.3793482E+003  0.3805858E+003 -0.4804207E+002
 180.000    29061958  0.5103715E+003  0.7750827E+004  0.3406120E+003  0.4583641E+003  0.1400942E+002  0.1087539E+004 -0.5669486E+003  0.5205900E+003 -0.7735747E+002
 210.000    29071958  0.5011306E+003  0.7737160E+004  0.3406120E+003  0.5294827E+003  0.1572906E+002  0.1410338E+004 -0.7838710E+003  0.6264673E+003 -0.1108352E+003
 240.000    28081958  0.4977164E+003  0.7723719E+004  0.3406120E+003  0.5964110E+003  0.1591637E+002  0.1714197E+004 -0.9868834E+003  0.7273138E+003 -0.1405274E+003
 270.000    27091958  0.4912201E+003  0.7711889E+004  0.3406120E+003  0.6712421E+003  0.1551210E+002  0.1974362E+004 -0.1149489E+004  0.8248726E+003 -0.1685919E+003
 300.000    27101958  0.4870489E+003  0.7707073E+004  0.3406120E+003  0.7367922E+003  0.1514584E+002  0.2148727E+004 -0.1245445E+004  0.9032826E+003 -0.1841740E+003
 330.000    26111958  0.5010670E+003  0.7705038E+004  0.3406120E+003  0.7718943E+003  0.1460741E+002  0.2272748E+004 -0.1323986E+004  0.9487617E+003 -0.1945933E+003
 360.000    26121958  0.5262385E+003  0.7704487E+004  0.3406120E+003  0.7819480E+003  0.1418271E+002  0.2356853E+004 -0.1379107E+004  0.9777460E+003 -0.2017187E+003
