    DOY     DATE    RESIDUE_C       HUMUS_C         ATM_CO2         NBP             ECO_LAI         ECO_GPP         ECO_RA          ECO_NPP         ECO_RH          
   1.000    01011997  0.2114879E+004  0.7444490E+004  0.3406120E+003  0.3528742E+000  0.1126111E+002  0.3090383E+001 -0.1650149E+001  0.1440235E+001 -0.1014322E+001
   2.000    02011997  0.2114656E+004  0.7444639E+004  0.3406120E+003  0.5697821E+000  0.1125150E+002  0.6097424E+001 -0.3509844E+001  0.2587580E+001 -0.1883905E+001
   3.000    03011997  0.2114340E+004  0.7444762E+004  0.3406120E+003  0.9432135E+000  0.1124451E+002  0.1032339E+002 -0.6259837E+001  0.4063550E+001 -0.2969623E+001
   4.000    04011997  0.2114018E+004  0.7444859E+004  0.3406120E+003  0.1106642E+001  0.1123661E+002  0.1494343E+002 -0.9442678E+001  0.5500756E+001 -0.4241194E+001
   5.000    05011997  0.2113633E+004  0.7444934E+004  0.3406120E+003  0.6837581E+000  0.1122646E+002  0.1925236E+002 -0.1276643E+002  0.6485937E+001 -0.5675995E+001
   6.000    06011997  0.2113037E+004  0.7445026E+004  0.3406120E+003  0.6458636E+000  0.1121196E+002  0.2281156E+002 -0.1504835E+002  0.7763216E+001 -0.6978586E+001
   7.000    07011997  0.2112562E+004  0.7445158E+004  0.3406120E+003  0.5965259E+000  0.1120066E+002  0.2538225E+002 -0.1660713E+002  0.8775119E+001 -0.7987357E+001
   8.000    08011997  0.2112441E+004  0.7445334E+004  0.3406120E+003 -0.1152858E+000  0.1118259E+002  0.2661099E+002 -0.1778578E+002  0.8825206E+001 -0.8667221E+001
   9.000    09011997  0.2112412E+004  0.7445524E+004  0.3406120E+003 -0.1202266E+001  0.1116243E+002  0.2715093E+002 -0.1882830E+002  0.8322634E+001 -0.9248696E+001
  10.000    10011997  0.2112268E+004  0.7445699E+004  0.3406120E+003 -0.1500298E+001  0.1114515E+002  0.2870219E+002 -0.1997357E+002  0.8728624E+001 -0.9937519E+001
  11.000    11011997  0.2112113E+004  0.7445870E+004  0.3406120E+003 -0.2617307E+001  0.1112706E+002  0.2939770E+002 -0.2108366E+002  0.8314042E+001 -0.1066046E+002
  12.000    12011997  0.2111852E+004  0.7446040E+004  0.3406120E+003 -0.3887661E+001  0.1110974E+002  0.2976303E+002 -0.2200201E+002  0.7761017E+001 -0.1137286E+002
  13.000    13011997  0.2111611E+004  0.7446211E+004  0.3406120E+003 -0.5091470E+001  0.1109419E+002  0.3018892E+002 -0.2292381E+002  0.7265114E+001 -0.1206639E+002
  14.000    14011997  0.2111375E+004  0.7446384E+004  0.3406120E+003 -0.6295332E+001  0.1108020E+002  0.3065331E+002 -0.2383710E+002  0.6816212E+001 -0.1274091E+002
  15.000    15011997  0.2111159E+004  0.7446557E+004  0.3406120E+003 -0.7157766E+001  0.1106670E+002  0.3150410E+002 -0.2482965E+002  0.6674447E+001 -0.1340604E+002
  16.000    16011997  0.2110984E+004  0.7446730E+004  0.3406120E+003 -0.5472633E+001  0.1105773E+002  0.3533611E+002 -0.2637704E+002  0.8959072E+001 -0.1407388E+002
  17.000    17011997  0.2110785E+004  0.7446905E+004  0.3406120E+003 -0.6940153E+001  0.1104375E+002  0.3547460E+002 -0.2731162E+002  0.8162984E+001 -0.1471951E+002
  18.000    18011997  0.2110553E+004  0.7447084E+004  0.3406120E+003 -0.8297693E+001  0.1103172E+002  0.3558861E+002 -0.2810462E+002  0.7483983E+001 -0.1530722E+002
  19.000    19011997  0.2110342E+004  0.7447267E+004  0.3406120E+003 -0.9611109E+001  0.1102038E+002  0.3568390E+002 -0.2886874E+002  0.6815160E+001 -0.1585045E+002
  20.000    20011997  0.2110255E+004  0.7447450E+004  0.3406120E+003 -0.1006479E+002  0.1100713E+002  0.3683000E+002 -0.2986073E+002  0.6969264E+001 -0.1638929E+002
  21.000    21011997  0.2110169E+004  0.7447628E+004  0.3406120E+003 -0.9952394E+001  0.1099450E+002  0.3871305E+002 -0.3103164E+002  0.7681406E+001 -0.1695768E+002
  22.000    22011997  0.2110157E+004  0.7447805E+004  0.3406120E+003 -0.9068039E+001  0.1098511E+002  0.4175873E+002 -0.3261587E+002  0.9142855E+001 -0.1753764E+002
  23.000    23011997  0.2110171E+004  0.7447982E+004  0.3406120E+003 -0.7351564E+001  0.1098482E+002  0.4635991E+002 -0.3500739E+002  0.1135252E+002 -0.1810595E+002
  24.000    24011997  0.2109987E+004  0.7448153E+004  0.3406120E+003 -0.7215991E+001  0.1097356E+002  0.4858030E+002 -0.3654605E+002  0.1203425E+002 -0.1873655E+002
  25.000    25011997  0.2109688E+004  0.7448308E+004  0.3406120E+003 -0.5905598E+001  0.1097384E+002  0.5269305E+002 -0.3865458E+002  0.1403846E+002 -0.1952423E+002
  26.000    26011997  0.2109520E+004  0.7448475E+004  0.3406120E+003 -0.6151444E+001  0.1095801E+002  0.5451057E+002 -0.3997174E+002  0.1453882E+002 -0.2017657E+002
  27.000    27011997  0.2109527E+004  0.7448659E+004  0.3406120E+003 -0.5880582E+001  0.1094712E+002  0.5660482E+002 -0.4120140E+002  0.1540342E+002 -0.2065886E+002
  28.000    28011997  0.2109268E+004  0.7448816E+004  0.3406120E+003 -0.4194922E+001  0.1094671E+002  0.6119730E+002 -0.4339873E+002  0.1779857E+002 -0.2141816E+002
  29.000    29011997  0.2109094E+004  0.7448983E+004  0.3406120E+003 -0.4369133E+001  0.1093029E+002  0.6295977E+002 -0.4466479E+002  0.1829498E+002 -0.2206559E+002
  30.000    30011997  0.2109772E+004  0.7449165E+004  0.3406120E+003 -0.5203940E+001  0.1090813E+002  0.6374007E+002 -0.4569630E+002  0.1804377E+002 -0.2255765E+002
  31.000    31011997  0.2109744E+004  0.7449346E+004  0.3406120E+003 -0.5161659E+001  0.1089597E+002  0.6548125E+002 -0.4682622E+002  0.1865503E+002 -0.2306533E+002
  32.000    01021997  0.2109778E+004  0.7449523E+004  0.3406120E+003 -0.4543478E+001  0.1088901E+002  0.6840511E+002 -0.4857355E+002  0.1983156E+002 -0.2359167E+002
  33.000    02021997  0.2109558E+004  0.7449684E+004  0.3406120E+003 -0.3740889E+001  0.1088204E+002  0.7169846E+002 -0.5036045E+002  0.2133801E+002 -0.2427875E+002
  34.000    03021997  0.2109328E+004  0.7449835E+004  0.3406120E+003 -0.2585456E+001  0.1087808E+002  0.7580038E+002 -0.5254583E+002  0.2325455E+002 -0.2505140E+002
  35.000    04021997  0.2108894E+004  0.7449972E+004  0.3406120E+003 -0.1930506E+001  0.1087252E+002  0.7939787E+002 -0.5461709E+002  0.2478078E+002 -0.2595139E+002
  36.000    05021997  0.2108527E+004  0.7450107E+004  0.3406120E+003 -0.8300936E+000  0.1087092E+002  0.8380911E+002 -0.5703217E+002  0.2677694E+002 -0.2687827E+002
  37.000    06021997  0.2108198E+004  0.7450254E+004  0.3406120E+003 -0.1002282E+001  0.1085971E+002  0.8609674E+002 -0.5866713E+002  0.2742961E+002 -0.2769580E+002
  38.000    07021997  0.2107972E+004  0.7450416E+004  0.3406120E+003 -0.1525086E+000  0.1085352E+002  0.8916910E+002 -0.6018316E+002  0.2898594E+002 -0.2838702E+002
  39.000    08021997  0.2107626E+004  0.7450574E+004  0.3406120E+003  0.4307167E+000  0.1084660E+002  0.9186396E+002 -0.6160277E+002  0.3026118E+002 -0.2912457E+002
  40.000    09021997  0.2107566E+004  0.7450748E+004  0.3406120E+003  0.3864129E+000  0.1083205E+002  0.9353957E+002 -0.6275266E+002  0.3078691E+002 -0.2969766E+002
  41.000    10021997  0.2107614E+004  0.7450932E+004  0.3406120E+003  0.6610739E+000  0.1081703E+002  0.9541188E+002 -0.6384453E+002  0.3156735E+002 -0.3014806E+002
  42.000    11021997  0.2107737E+004  0.7451120E+004  0.3406120E+003  0.7299072E+000  0.1080203E+002  0.9699922E+002 -0.6492258E+002  0.3207663E+002 -0.3055033E+002
  43.000    12021997  0.2107768E+004  0.7451304E+004  0.3406120E+003  0.1572483E+001  0.1079140E+002  0.9950859E+002 -0.6613753E+002  0.3337106E+002 -0.3098067E+002
  44.000    13021997  0.2107815E+004  0.7451484E+004  0.3406120E+003  0.1116924E+001  0.1077654E+002  0.1005727E+003 -0.6724561E+002  0.3332711E+002 -0.3143998E+002
  45.000    14021997  0.2107958E+004  0.7451668E+004  0.3406120E+003  0.4792429E+000  0.1076150E+002  0.1013236E+003 -0.6824124E+002  0.3308232E+002 -0.3183730E+002
  46.000    15021997  0.2107991E+004  0.7451850E+004  0.3406120E+003  0.1407375E+001  0.1075253E+002  0.1038670E+003 -0.6948450E+002  0.3438254E+002 -0.3225973E+002
  47.000    16021997  0.2108029E+004  0.7452030E+004  0.3406120E+003  0.2042429E+001  0.1074284E+002  0.1061509E+003 -0.7072562E+002  0.3542527E+002 -0.3268766E+002
  48.000    17021997  0.2108064E+004  0.7452208E+004  0.3406120E+003  0.2392530E+001  0.1073179E+002  0.1080790E+003 -0.7188539E+002  0.3619362E+002 -0.3311428E+002
  49.000    18021997  0.2108242E+004  0.7452389E+004  0.3406120E+003  0.3201403E+001  0.1072561E+002  0.1109058E+003 -0.7345782E+002  0.3744793E+002 -0.3350027E+002
  50.000    19021997  0.2108280E+004  0.7452548E+004  0.3406120E+003  0.4930071E+001  0.1072718E+002  0.1160450E+003 -0.7620799E+002  0.3983702E+002 -0.3413738E+002
  51.000    20021997  0.2108201E+004  0.7452677E+004  0.3406120E+003  0.6337705E+001  0.1072970E+002  0.1216628E+003 -0.7949675E+002  0.4216606E+002 -0.3506998E+002
  52.000    21021997  0.2107998E+004  0.7452792E+004  0.3406120E+003  0.8224582E+001  0.1073046E+002  0.1278294E+003 -0.8273530E+002  0.4509405E+002 -0.3612749E+002
  53.000    22021997  0.2107910E+004  0.7452874E+004  0.3406120E+003  0.9314231E+001  0.1072845E+002  0.1344708E+003 -0.8698965E+002  0.4748113E+002 -0.3747978E+002
  54.000    23021997  0.2107494E+004  0.7452996E+004  0.3406120E+003  0.9205183E+001  0.1070656E+002  0.1371957E+003 -0.8877971E+002  0.4841594E+002 -0.3848223E+002
  55.000    24021997  0.2107345E+004  0.7453153E+004  0.3406120E+003  0.1021559E+002  0.1069771E+002  0.1406328E+003 -0.9042405E+002  0.5020871E+002 -0.3920319E+002
  56.000    25021997  0.2107125E+004  0.7453310E+004  0.3406120E+003  0.1117862E+002  0.1068955E+002  0.1440302E+003 -0.9208060E+002  0.5194955E+002 -0.3993338E+002
  57.000    26021997  0.2106898E+004  0.7453468E+004  0.3406120E+003  0.1230721E+002  0.1068189E+002  0.1475462E+003 -0.9370859E+002  0.5383762E+002 -0.4064764E+002
  58.000    27021997  0.2106874E+004  0.7453588E+004  0.3406120E+003  0.1464289E+002  0.1068260E+002  0.1548276E+003 -0.9760150E+002  0.5722613E+002 -0.4172856E+002
  59.000    28021997  0.2106618E+004  0.7453664E+004  0.3406120E+003  0.1532943E+002  0.1068168E+002  0.1608277E+003 -0.1015880E+003  0.5923960E+002 -0.4316962E+002
  60.000    01031997  0.2107041E+004  0.7453724E+004  0.3406120E+003  0.1680698E+002  0.1067374E+002  0.1680716E+003 -0.1058958E+003  0.6217582E+002 -0.4473963E+002
  61.000    02031997  0.2106932E+004  0.7453745E+004  0.3406120E+003  0.1802615E+002  0.1066724E+002  0.1759471E+003 -0.1107735E+003  0.6517359E+002 -0.4659832E+002
  62.000    03031997  0.2106464E+004  0.7453762E+004  0.3406120E+003  0.1963270E+002  0.1065838E+002  0.1834013E+003 -0.1148229E+003  0.6857833E+002 -0.4850773E+002
  63.000    04031997  0.2105717E+004  0.7453820E+004  0.3406120E+003  0.2049487E+002  0.1063540E+002  0.1884167E+003 -0.1173574E+003  0.7105921E+002 -0.5007563E+002
  64.000    05031997  0.2104982E+004  0.7453903E+004  0.3406120E+003  0.2195350E+002  0.1063226E+002  0.1938044E+003 -0.1198520E+003  0.7395239E+002 -0.5151032E+002
  65.000    06031997  0.2104278E+004  0.7453970E+004  0.3406120E+003  0.2275994E+002  0.1062948E+002  0.1990554E+003 -0.1227703E+003  0.7628507E+002 -0.5307756E+002
  66.000    07031997  0.2103840E+004  0.7454114E+004  0.3406120E+003  0.2327568E+002  0.1061389E+002  0.2020916E+003 -0.1242231E+003  0.7786843E+002 -0.5403994E+002
  67.000    08031997  0.2103485E+004  0.7454266E+004  0.3406120E+003  0.2456865E+002  0.1060726E+002  0.2062607E+003 -0.1260852E+003  0.8017549E+002 -0.5496074E+002
  68.000    09031997  0.2102926E+004  0.7454404E+004  0.3406120E+003  0.2596531E+002  0.1060184E+002  0.2106718E+003 -0.1280177E+003  0.8265402E+002 -0.5599320E+002
  69.000    10031997  0.2102554E+004  0.7454527E+004  0.3406120E+003  0.2782183E+002  0.1060162E+002  0.2168524E+003 -0.1311699E+003  0.8568254E+002 -0.5715607E+002
  70.000    11031997  0.2102138E+004  0.7454620E+004  0.3406120E+003  0.2937175E+002  0.1059979E+002  0.2232165E+003 -0.1346148E+003  0.8860175E+002 -0.5853135E+002
  71.000    12031997  0.2101507E+004  0.7454729E+004  0.3406120E+003  0.3057578E+002  0.1058904E+002  0.2279863E+003 -0.1369158E+003  0.9107045E+002 -0.5977173E+002
  72.000    13031997  0.2100977E+004  0.7454860E+004  0.3406120E+003  0.3274378E+002  0.1058437E+002  0.2334829E+003 -0.1391134E+003  0.9436954E+002 -0.6087143E+002
  73.000    14031997  0.2100517E+004  0.7454962E+004  0.3406120E+003  0.3545267E+002  0.1058366E+002  0.2408754E+003 -0.1425897E+003  0.9828572E+002 -0.6222926E+002
  74.000    15031997  0.2099716E+004  0.7455045E+004  0.3406120E+003  0.3590101E+002  0.1057533E+002  0.2453214E+003 -0.1452255E+003  0.1000960E+003 -0.6370738E+002
  75.000    16031997  0.2099228E+004  0.7455198E+004  0.3406120E+003  0.3623700E+002  0.1056266E+002  0.2480394E+003 -0.1465912E+003  0.1014482E+003 -0.6464673E+002
  76.000    17031997  0.2099018E+004  0.7455374E+004  0.3406120E+003  0.3742822E+002  0.1055372E+002  0.2518075E+003 -0.1483175E+003  0.1034900E+003 -0.6542219E+002
  77.000    18031997  0.2098575E+004  0.7455515E+004  0.3406120E+003  0.4045023E+002  0.1055272E+002  0.2585694E+003 -0.1510037E+003  0.1075657E+003 -0.6648045E+002
  78.000    19031997  0.2097876E+004  0.7455623E+004  0.3406120E+003  0.4240795E+002  0.1055097E+002  0.2643515E+003 -0.1537093E+003  0.1106422E+003 -0.6781050E+002
  79.000    20031997  0.2097336E+004  0.7455764E+004  0.3406120E+003  0.4428105E+002  0.1054029E+002  0.2693176E+003 -0.1557485E+003  0.1135691E+003 -0.6886421E+002
  80.000    21031997  0.2099041E+004  0.7455882E+004  0.3406120E+003  0.4651309E+002  0.1054057E+002  0.2760584E+003 -0.1590482E+003  0.1170102E+003 -0.7010264E+002
  81.000    22031997  0.2098694E+004  0.7455970E+004  0.3406120E+003  0.4837531E+002  0.1058132E+002  0.2835189E+003 -0.1632019E+003  0.1203170E+003 -0.7156983E+002
  82.000    23031997  0.2097921E+004  0.7456083E+004  0.3406120E+003  0.4984589E+002  0.1058863E+002  0.2884321E+003 -0.1653875E+003  0.1230446E+003 -0.7280296E+002
  83.000    24031997  0.2097230E+004  0.7456226E+004  0.3406120E+003  0.5147918E+002  0.1059415E+002  0.2930714E+003 -0.1673279E+003  0.1257435E+003 -0.7384333E+002
  84.000    25031997  0.2096674E+004  0.7456377E+004  0.3406120E+003  0.5332600E+002  0.1060697E+002  0.2982466E+003 -0.1696554E+003  0.1285912E+003 -0.7482850E+002
  85.000    26031997  0.2096337E+004  0.7456471E+004  0.3406120E+003  0.5529869E+002  0.1063782E+002  0.3058165E+003 -0.1738908E+003  0.1319257E+003 -0.7627311E+002
  86.000    27031997  0.2095712E+004  0.7456579E+004  0.3406120E+003  0.5713124E+002  0.1064822E+002  0.3117497E+003 -0.1767093E+003  0.1350403E+003 -0.7757098E+002
  87.000    28031997  0.2095148E+004  0.7456688E+004  0.3406120E+003  0.6028215E+002  0.1066101E+002  0.3192272E+003 -0.1797355E+003  0.1394918E+003 -0.7888487E+002
  88.000    29031997  0.2094820E+004  0.7456768E+004  0.3406120E+003  0.6324643E+002  0.1068584E+002  0.3281160E+003 -0.1841760E+003  0.1439400E+003 -0.8041120E+002
  89.000    30031997  0.2094265E+004  0.7456845E+004  0.3406120E+003  0.6517505E+002  0.1069877E+002  0.3352058E+003 -0.1878063E+003  0.1473996E+003 -0.8194901E+002
  90.000    31031997  0.2094086E+004  0.7456928E+004  0.3406120E+003  0.6666839E+002  0.1069818E+002  0.3408507E+003 -0.1904668E+003  0.1503838E+003 -0.8343078E+002
  91.000    01041997  0.2093363E+004  0.7457075E+004  0.3406120E+003  0.6771816E+002  0.1069527E+002  0.3447415E+003 -0.1922304E+003  0.1525112E+003 -0.8444798E+002
  92.000    02041997  0.2092816E+004  0.7457233E+004  0.3406120E+003  0.6962670E+002  0.1069875E+002  0.3498884E+003 -0.1944490E+003  0.1554394E+003 -0.8541559E+002
  93.000    03041997  0.2092379E+004  0.7457374E+004  0.3406120E+003  0.7187502E+002  0.1070896E+002  0.3561598E+003 -0.1973446E+003  0.1588152E+003 -0.8650557E+002
  94.000    04041997  0.2092117E+004  0.7457492E+004  0.3406120E+003  0.7396072E+002  0.1072332E+002  0.3633546E+003 -0.2011702E+003  0.1621843E+003 -0.8776259E+002
  95.000    05041997  0.2091902E+004  0.7457576E+004  0.3406120E+003  0.7622872E+002  0.1073834E+002  0.3716383E+003 -0.2056612E+003  0.1659771E+003 -0.8926792E+002
  96.000    06041997  0.2091442E+004  0.7457627E+004  0.3406120E+003  0.7812396E+002  0.1075250E+002  0.3796130E+003 -0.2100774E+003  0.1695357E+003 -0.9103667E+002
  97.000    07041997  0.2091012E+004  0.7457651E+004  0.3406120E+003  0.8039151E+002  0.1076686E+002  0.3885241E+003 -0.2148709E+003  0.1736532E+003 -0.9296928E+002
  98.000    08041997  0.2090122E+004  0.7457736E+004  0.3406120E+003  0.8216556E+002  0.1076917E+002  0.3942461E+003 -0.2172891E+003  0.1769570E+003 -0.9444880E+002
  99.000    09041997  0.2089332E+004  0.7457847E+004  0.3406120E+003  0.8477627E+002  0.1077167E+002  0.4005274E+003 -0.2195816E+003  0.1809458E+003 -0.9577079E+002
 100.000    10041997  0.2088634E+004  0.7458005E+004  0.3406120E+003  0.8563254E+002  0.1076094E+002  0.4039295E+003 -0.2210745E+003  0.1828551E+003 -0.9673580E+002
 101.000    11041997  0.2088123E+004  0.7458176E+004  0.3406120E+003  0.8801252E+002  0.1076350E+002  0.4094733E+003 -0.2232592E+003  0.1862141E+003 -0.9764061E+002
 102.000    12041997  0.2087647E+004  0.7458294E+004  0.3406120E+003  0.9116365E+002  0.1077894E+002  0.4174042E+003 -0.2268270E+003  0.1905772E+003 -0.9897023E+002
 103.000    13041997  0.2087190E+004  0.7458363E+004  0.3406120E+003  0.9418373E+002  0.1079753E+002  0.4265012E+003 -0.2313793E+003  0.1951218E+003 -0.1006421E+003
 104.000    14041997  0.2086275E+004  0.7458467E+004  0.3406120E+003  0.9588017E+002  0.1079992E+002  0.4317470E+003 -0.2335806E+003  0.1981664E+003 -0.1020040E+003
 105.000    15041997  0.2085590E+004  0.7458604E+004  0.3406120E+003  0.9902586E+002  0.1080414E+002  0.4383990E+003 -0.2359495E+003  0.2024495E+003 -0.1031540E+003
 106.000    16041997  0.2085066E+004  0.7458735E+004  0.3406120E+003  0.1018287E+003  0.1081243E+002  0.4454510E+003 -0.2390169E+003  0.2064341E+003 -0.1043538E+003
 107.000    17041997  0.2084461E+004  0.7458846E+004  0.3406120E+003  0.1048189E+003  0.1082257E+002  0.4529886E+003 -0.2422358E+003  0.2107527E+003 -0.1057008E+003
 108.000    18041997  0.2083694E+004  0.7458986E+004  0.3406120E+003  0.1062030E+003  0.1082210E+002  0.4574571E+003 -0.2441894E+003  0.2132677E+003 -0.1068039E+003
 109.000    19041997  0.2083069E+004  0.7459149E+004  0.3406120E+003  0.1086330E+003  0.1082291E+002  0.4629036E+003 -0.2462185E+003  0.2166852E+003 -0.1077610E+003
 110.000    20041997  0.2082899E+004  0.7459287E+004  0.3406120E+003  0.1122148E+003  0.1083238E+002  0.4707185E+003 -0.2492982E+003  0.2214204E+003 -0.1089099E+003
 111.000    21041997  0.2082363E+004  0.7459405E+004  0.3406120E+003  0.1152757E+003  0.1085006E+002  0.4784815E+003 -0.2527205E+003  0.2257610E+003 -0.1101877E+003
 112.000    22041997  0.2081736E+004  0.7459499E+004  0.3406120E+003  0.1178205E+003  0.1087047E+002  0.4861999E+003 -0.2565559E+003  0.2296439E+003 -0.1116855E+003
 113.000    23041997  0.2080907E+004  0.7459587E+004  0.3406120E+003  0.1199166E+003  0.1088482E+002  0.4928910E+003 -0.2597243E+003  0.2331667E+003 -0.1132203E+003
 114.000    24041997  0.2080078E+004  0.7459704E+004  0.3406120E+003  0.1223726E+003  0.1089168E+002  0.4990135E+003 -0.2620908E+003  0.2369227E+003 -0.1145025E+003
 115.000    25041997  0.2079481E+004  0.7459817E+004  0.3406120E+003  0.1260317E+003  0.1090563E+002  0.5073519E+003 -0.2654329E+003  0.2419190E+003 -0.1158236E+003
 116.000    26041997  0.2078917E+004  0.7459926E+004  0.3406120E+003  0.1293842E+003  0.1091844E+002  0.5155435E+003 -0.2689207E+003  0.2466228E+003 -0.1171661E+003
 117.000    27041997  0.2078166E+004  0.7460026E+004  0.3406120E+003  0.1320325E+003  0.1093010E+002  0.5226283E+003 -0.2720915E+003  0.2505367E+003 -0.1186028E+003
 118.000    28041997  0.2077684E+004  0.7460099E+004  0.3406120E+003  0.1355764E+003  0.1095813E+002  0.5326735E+003 -0.2770816E+003  0.2555919E+003 -0.1202850E+003
 119.000    29041997  0.2076755E+004  0.7460158E+004  0.3406120E+003  0.1350925E+003  0.1097134E+002  0.5388743E+003 -0.2805045E+003  0.2583698E+003 -0.1220305E+003
 120.000    30041997  0.2076176E+004  0.7460246E+004  0.3406120E+003  0.1384832E+003  0.1098705E+002  0.5474769E+003 -0.2843634E+003  0.2631135E+003 -0.1235447E+003
 121.000    01051997  0.2076535E+004  0.7460291E+004  0.3406120E+003  0.1420463E+003  0.1100429E+002  0.5581795E+003 -0.2898639E+003  0.2683156E+003 -0.1253709E+003
 122.000    02051997  0.2075822E+004  0.7460340E+004  0.3406120E+003  0.1446604E+003  0.1101457E+002  0.5662951E+003 -0.2936878E+003  0.2726072E+003 -0.1271260E+003
 123.000    03051997  0.2075277E+004  0.7460385E+004  0.3406120E+003  0.1478215E+003  0.1103008E+002  0.5757805E+003 -0.2983014E+003  0.2774791E+003 -0.1289604E+003
 124.000    04051997  0.2074417E+004  0.7460423E+004  0.3406120E+003  0.1508440E+003  0.1104039E+002  0.5842244E+003 -0.3019697E+003  0.2822547E+003 -0.1308253E+003
 125.000    05051997  0.2073667E+004  0.7460509E+004  0.3406120E+003  0.1540746E+003  0.1104753E+002  0.5921443E+003 -0.3051646E+003  0.2869797E+003 -0.1323570E+003
 126.000    06051997  0.2073077E+004  0.7460588E+004  0.3406120E+003  0.1575927E+003  0.1105826E+002  0.6010870E+003 -0.3090594E+003  0.2920276E+003 -0.1339502E+003
 127.000    07051997  0.2072444E+004  0.7460658E+004  0.3406120E+003  0.1605041E+003  0.1106732E+002  0.6094107E+003 -0.3128897E+003  0.2965210E+003 -0.1355881E+003
 128.000    08051997  0.2072598E+004  0.7460733E+004  0.3406120E+003  0.1639980E+003  0.1107861E+002  0.6185659E+003 -0.3169933E+003  0.3015726E+003 -0.1372030E+003
 129.000    09051997  0.2072249E+004  0.7460769E+004  0.3406120E+003  0.1677348E+003  0.1111024E+002  0.6294343E+003 -0.3223290E+003  0.3071052E+003 -0.1390829E+003
 130.000    10051997  0.2071326E+004  0.7460816E+004  0.3406120E+003  0.1706526E+003  0.1112232E+002  0.6372894E+003 -0.3255388E+003  0.3117506E+003 -0.1408502E+003
 131.000    11051997  0.2070579E+004  0.7460916E+004  0.3406120E+003  0.1737341E+003  0.1113295E+002  0.6447914E+003 -0.3285480E+003  0.3162433E+003 -0.1422770E+003
 132.000    12051997  0.2070072E+004  0.7461004E+004  0.3406120E+003  0.1771894E+003  0.1115272E+002  0.6537725E+003 -0.3325818E+003  0.3211907E+003 -0.1438076E+003
 133.000    13051997  0.2069527E+004  0.7461054E+004  0.3406120E+003  0.1812205E+003  0.1117800E+002  0.6641362E+003 -0.3371856E+003  0.3269506E+003 -0.1455936E+003
 134.000    14051997  0.2068898E+004  0.7461109E+004  0.3406120E+003  0.1846004E+003  0.1119750E+002  0.6733786E+003 -0.3413518E+003  0.3320268E+003 -0.1473227E+003
 135.000    15051997  0.2068607E+004  0.7461149E+004  0.3406120E+003  0.1875902E+003  0.1122434E+002  0.6834929E+003 -0.3466866E+003  0.3368063E+003 -0.1491489E+003
 136.000    16051997  0.2067818E+004  0.7461197E+004  0.3406120E+003  0.1900307E+003  0.1123705E+002  0.6912243E+003 -0.3502243E+003  0.3410000E+003 -0.1509002E+003
 137.000    17051997  0.2067234E+004  0.7461276E+004  0.3406120E+003  0.1933081E+003  0.1125158E+002  0.6998564E+003 -0.3539860E+003  0.3458704E+003 -0.1524746E+003
 138.000    18051997  0.2067108E+004  0.7461325E+004  0.3406120E+003  0.1958783E+003  0.1128103E+002  0.7097223E+003 -0.3595155E+003  0.3502069E+003 -0.1542424E+003
 139.000    19051997  0.2067202E+004  0.7461328E+004  0.3406120E+003  0.1980854E+003  0.1131030E+002  0.7202311E+003 -0.3658221E+003  0.3544090E+003 -0.1562436E+003
 140.000    20051997  0.2067275E+004  0.7461282E+004  0.3406120E+003  0.2009131E+003  0.1133653E+002  0.7315436E+003 -0.3721109E+003  0.3594327E+003 -0.1584418E+003
 141.000    21051997  0.2066615E+004  0.7461253E+004  0.3406120E+003  0.2045623E+003  0.1134992E+002  0.7416774E+003 -0.3764189E+003  0.3652584E+003 -0.1605628E+003
 142.000    22051997  0.2065712E+004  0.7461286E+004  0.3406120E+003  0.2079411E+003  0.1135857E+002  0.7502974E+003 -0.3797181E+003  0.3705793E+003 -0.1624101E+003
 143.000    23051997  0.2065053E+004  0.7461339E+004  0.3406120E+003  0.2112998E+003  0.1137425E+002  0.7593780E+003 -0.3836002E+003  0.3757778E+003 -0.1641570E+003
 144.000    24051997  0.2064795E+004  0.7461370E+004  0.3406120E+003  0.2144358E+003  0.1139874E+002  0.7696975E+003 -0.3888755E+003  0.3808220E+003 -0.1659927E+003
 145.000    25051997  0.2064564E+004  0.7461355E+004  0.3406120E+003  0.2175269E+003  0.1142695E+002  0.7805535E+003 -0.3945583E+003  0.3859952E+003 -0.1680370E+003
 146.000    26051997  0.2064927E+004  0.7461297E+004  0.3406120E+003  0.2209342E+003  0.1145437E+002  0.7921341E+003 -0.4005426E+003  0.3915915E+003 -0.1703419E+003
 147.000    27051997  0.2063831E+004  0.7461271E+004  0.3406120E+003  0.2234184E+003  0.1147926E+002  0.8002935E+003 -0.4040893E+003  0.3962042E+003 -0.1725153E+003
 148.000    28051997  0.2062822E+004  0.7461290E+004  0.3406120E+003  0.2273403E+003  0.1150036E+002  0.8096484E+003 -0.4075256E+003  0.4021228E+003 -0.1744719E+003
 149.000    29051997  0.2061992E+004  0.7461320E+004  0.3406120E+003  0.2315266E+003  0.1152509E+002  0.8197469E+003 -0.4114879E+003  0.4082590E+003 -0.1763675E+003
 150.000    30051997  0.2061315E+004  0.7461326E+004  0.3406120E+003  0.2349175E+003  0.1155732E+002  0.8299363E+003 -0.4162554E+003  0.4136809E+003 -0.1783649E+003
 151.000    31051997  0.2061320E+004  0.7461313E+004  0.3406120E+003  0.2367932E+003  0.1158436E+002  0.8388611E+003 -0.4212123E+003  0.4176488E+003 -0.1804539E+003
 152.000    01061997  0.2060854E+004  0.7461270E+004  0.3406120E+003  0.2395951E+003  0.1162049E+002  0.8496655E+003 -0.4270753E+003  0.4225902E+003 -0.1827632E+003
 153.000    02061997  0.2060265E+004  0.7461189E+004  0.3406120E+003  0.2417798E+003  0.1165654E+002  0.8598988E+003 -0.4328564E+003  0.4270424E+003 -0.1853128E+003
 154.000    03061997  0.2059187E+004  0.7461112E+004  0.3406120E+003  0.2449556E+003  0.1168334E+002  0.8700040E+003 -0.4373095E+003  0.4326944E+003 -0.1878703E+003
 155.000    04061997  0.2057889E+004  0.7461094E+004  0.3406120E+003  0.2477384E+003  0.1170009E+002  0.8782571E+003 -0.4405967E+003  0.4376604E+003 -0.1901104E+003
 156.000    05061997  0.2056859E+004  0.7461109E+004  0.3406120E+003  0.2515686E+003  0.1171851E+002  0.8877755E+003 -0.4442641E+003  0.4435114E+003 -0.1921301E+003
 157.000    06061997  0.2055726E+004  0.7461129E+004  0.3406120E+003  0.2548233E+003  0.1173475E+002  0.8962092E+003 -0.4475988E+003  0.4486104E+003 -0.1941137E+003
 158.000    07061997  0.2054711E+004  0.7461154E+004  0.3406120E+003  0.2588276E+003  0.1175811E+002  0.9057298E+003 -0.4513185E+003  0.4544113E+003 -0.1960468E+003
 159.000    08061997  0.2053810E+004  0.7461177E+004  0.3406120E+003  0.2624011E+003  0.1178389E+002  0.9152739E+003 -0.4554520E+003  0.4598219E+003 -0.1979786E+003
 160.000    09061997  0.2053020E+004  0.7461193E+004  0.3406120E+003  0.2663839E+003  0.1180943E+002  0.9256541E+003 -0.4599718E+003  0.4656823E+003 -0.1999397E+003
 161.000    10061997  0.2052507E+004  0.7461203E+004  0.3406120E+003  0.2694753E+003  0.1183670E+002  0.9359451E+003 -0.4652862E+003  0.4706589E+003 -0.2019175E+003
 162.000    11061997  0.2052210E+004  0.7461185E+004  0.3406120E+003  0.2725624E+003  0.1186689E+002  0.9470169E+003 -0.4712675E+003  0.4757494E+003 -0.2040228E+003
 163.000    12061997  0.2051968E+004  0.7461131E+004  0.3406120E+003  0.2757403E+003  0.1189956E+002  0.9585369E+003 -0.4774646E+003  0.4810723E+003 -0.2062759E+003
 164.000    13061997  0.2052449E+004  0.7461032E+004  0.3406120E+003  0.2787838E+003  0.1194106E+002  0.9706498E+003 -0.4842561E+003  0.4863937E+003 -0.2088170E+003
 165.000    14061997  0.2052361E+004  0.7460892E+004  0.3406120E+003  0.2808635E+003  0.1199511E+002  0.9821256E+003 -0.4911653E+003  0.4909603E+003 -0.2115063E+003
 166.000    15061997  0.2051951E+004  0.7460755E+004  0.3406120E+003  0.2837396E+003  0.1203259E+002  0.9934430E+003 -0.4970958E+003  0.4963472E+003 -0.2141433E+003
 167.000    16061997  0.2051423E+004  0.7460655E+004  0.3406120E+003  0.2864774E+003  0.1206763E+002  0.1003916E+004 -0.5024358E+003  0.5014807E+003 -0.2166121E+003
 168.000    17061997  0.2051144E+004  0.7460547E+004  0.3406120E+003  0.2895114E+003  0.1210618E+002  0.1015589E+004 -0.5086505E+003  0.5069387E+003 -0.2191242E+003
 169.000    18061997  0.2051169E+004  0.7460380E+004  0.3406120E+003  0.2910745E+003  0.1215143E+002  0.1027130E+004 -0.5159926E+003  0.5111374E+003 -0.2219034E+003
 170.000    19061997  0.2051071E+004  0.7460200E+004  0.3406120E+003  0.2931137E+003  0.1218803E+002  0.1038767E+004 -0.5228844E+003  0.5158828E+003 -0.2246943E+003
 171.000    20061997  0.2051201E+004  0.7460018E+004  0.3406120E+003  0.2946451E+003  0.1222909E+002  0.1050316E+004 -0.5301700E+003  0.5201463E+003 -0.2274880E+003
 172.000    21061997  0.2051459E+004  0.7459804E+004  0.3406120E+003  0.2956935E+003  0.1226825E+002  0.1061837E+004 -0.5377868E+003  0.5240502E+003 -0.2304014E+003
 173.000    22061997  0.2052981E+004  0.7459576E+004  0.3406120E+003  0.2969028E+003  0.1231343E+002  0.1073444E+004 -0.5452701E+003  0.5281737E+003 -0.2333541E+003
 174.000    23061997  0.2053145E+004  0.7459334E+004  0.3406120E+003  0.2979253E+003  0.1235933E+002  0.1084781E+004 -0.5526222E+003  0.5321583E+003 -0.2363382E+003
 175.000    24061997  0.2053348E+004  0.7459095E+004  0.3406120E+003  0.2990524E+003  0.1239875E+002  0.1096278E+004 -0.5600270E+003  0.5362507E+003 -0.2393114E+003
 176.000    25061997  0.2053803E+004  0.7458822E+004  0.3406120E+003  0.2994631E+003  0.1244616E+002  0.1107810E+004 -0.5680736E+003  0.5397369E+003 -0.2424008E+003
 177.000    26061997  0.2053962E+004  0.7458521E+004  0.3406120E+003  0.3001939E+003  0.1248561E+002  0.1119238E+004 -0.5756214E+003  0.5436167E+003 -0.2456593E+003
 178.000    27061997  0.2053584E+004  0.7458220E+004  0.3406120E+003  0.3011309E+003  0.1251633E+002  0.1129998E+004 -0.5822844E+003  0.5477135E+003 -0.2489939E+003
 179.000    28061997  0.2053262E+004  0.7457957E+004  0.3406120E+003  0.3032291E+003  0.1254536E+002  0.1141793E+004 -0.5889049E+003  0.5528878E+003 -0.2521041E+003
 180.000    29061997  0.2052982E+004  0.7457709E+004  0.3406120E+003  0.3047309E+003  0.1256977E+002  0.1152953E+004 -0.5955349E+003  0.5574181E+003 -0.2551453E+003
 181.000    30061997  0.2052498E+004  0.7457473E+004  0.3406120E+003  0.3077393E+003  0.1259547E+002  0.1165102E+004 -0.6016937E+003  0.5634086E+003 -0.2581302E+003
 182.000    01071997  0.2052533E+004  0.7457220E+004  0.3406120E+003  0.3088568E+003  0.1262072E+002  0.1175678E+004 -0.6081669E+003  0.5675113E+003 -0.2613520E+003
 183.000    02071997  0.2051950E+004  0.7456946E+004  0.3406120E+003  0.3107267E+003  0.1265085E+002  0.1187446E+004 -0.6149698E+003  0.5724765E+003 -0.2646901E+003
 184.000    03071997  0.2052020E+004  0.7456658E+004  0.3406120E+003  0.3108259E+003  0.1268041E+002  0.1198821E+004 -0.6229725E+003  0.5758489E+003 -0.2679583E+003
 185.000    04071997  0.2052259E+004  0.7456355E+004  0.3406120E+003  0.3101370E+003  0.1270721E+002  0.1209207E+004 -0.6307868E+003  0.5784201E+003 -0.2712357E+003
 186.000    05071997  0.2052276E+004  0.7456050E+004  0.3406120E+003  0.3108722E+003  0.1273093E+002  0.1220308E+004 -0.6379546E+003  0.5823530E+003 -0.2744962E+003
 187.000    06071997  0.2051986E+004  0.7455747E+004  0.3406120E+003  0.3125403E+003  0.1275729E+002  0.1231867E+004 -0.6446751E+003  0.5871922E+003 -0.2777355E+003
 188.000    07071997  0.2052046E+004  0.7455440E+004  0.3406120E+003  0.3134493E+003  0.1278433E+002  0.1243504E+004 -0.6522233E+003  0.5912806E+003 -0.2809771E+003
 189.000    08071997  0.2052114E+004  0.7455132E+004  0.3406120E+003  0.3139651E+003  0.1280857E+002  0.1254589E+004 -0.6596111E+003  0.5949776E+003 -0.2842007E+003
 190.000    09071997  0.2052046E+004  0.7454813E+004  0.3406120E+003  0.3149147E+003  0.1283203E+002  0.1265868E+004 -0.6667295E+003  0.5991387E+003 -0.2874520E+003
 191.000    10071997  0.2051846E+004  0.7454491E+004  0.3406120E+003  0.3163178E+003  0.1285265E+002  0.1277420E+004 -0.6736598E+003  0.6037605E+003 -0.2907081E+003
 192.000    11071997  0.2051514E+004  0.7454190E+004  0.3406120E+003  0.3178862E+003  0.1287225E+002  0.1288796E+004 -0.6803075E+003  0.6084882E+003 -0.2938786E+003
 193.000    12071997  0.2051340E+004  0.7453912E+004  0.3406120E+003  0.3187918E+003  0.1289234E+002  0.1299579E+004 -0.6871052E+003  0.6124737E+003 -0.2969417E+003
 194.000    13071997  0.2051431E+004  0.7453638E+004  0.3406120E+003  0.3190612E+003  0.1291312E+002  0.1310169E+004 -0.6943485E+003  0.6158205E+003 -0.2999815E+003
 195.000    14071997  0.2051710E+004  0.7453341E+004  0.3406120E+003  0.3190924E+003  0.1293301E+002  0.1320973E+004 -0.7019736E+003  0.6189994E+003 -0.3030902E+003
 196.000    15071997  0.2052162E+004  0.7453000E+004  0.3406120E+003  0.3191455E+003  0.1295390E+002  0.1332368E+004 -0.7100221E+003  0.6223459E+003 -0.3063480E+003
 197.000    16071997  0.2052166E+004  0.7452633E+004  0.3406120E+003  0.3195963E+003  0.1297278E+002  0.1343590E+004 -0.7174858E+003  0.6261041E+003 -0.3098143E+003
 198.000    17071997  0.2051578E+004  0.7452237E+004  0.3406120E+003  0.3196721E+003  0.1299129E+002  0.1354108E+004 -0.7245252E+003  0.6295826E+003 -0.3136566E+003
 199.000    18071997  0.2051394E+004  0.7451850E+004  0.3406120E+003  0.3202522E+003  0.1300888E+002  0.1365794E+004 -0.7320944E+003  0.6336993E+003 -0.3173173E+003
 200.000    19071997  0.2051613E+004  0.7451451E+004  0.3406120E+003  0.3194743E+003  0.1302617E+002  0.1376922E+004 -0.7403857E+003  0.6365359E+003 -0.3209530E+003
 201.000    20071997  0.2051558E+004  0.7451040E+004  0.3406120E+003  0.3190487E+003  0.1304134E+002  0.1387589E+004 -0.7478444E+003  0.6397447E+003 -0.3245940E+003
 202.000    21071997  0.2051454E+004  0.7450631E+004  0.3406120E+003  0.3189852E+003  0.1305695E+002  0.1398592E+004 -0.7553059E+003  0.6432859E+003 -0.3282099E+003
 203.000    22071997  0.2051337E+004  0.7450209E+004  0.3406120E+003  0.3188568E+003  0.1307314E+002  0.1409665E+004 -0.7628908E+003  0.6467743E+003 -0.3319005E+003
 204.000    23071997  0.2050576E+004  0.7449774E+004  0.3406120E+003  0.3182219E+003  0.1308668E+002  0.1419880E+004 -0.7700080E+003  0.6498724E+003 -0.3360127E+003
 205.000    24071997  0.2049630E+004  0.7449354E+004  0.3406120E+003  0.3183766E+003  0.1309699E+002  0.1430364E+004 -0.7766697E+003  0.6536943E+003 -0.3400490E+003
 206.000    25071997  0.2048766E+004  0.7448983E+004  0.3406120E+003  0.3194289E+003  0.1310547E+002  0.1441167E+004 -0.7829693E+003  0.6581974E+003 -0.3436666E+003
 207.000    26071997  0.2048521E+004  0.7448594E+004  0.3406120E+003  0.3200663E+003  0.1311536E+002  0.1452980E+004 -0.7907494E+003  0.6622311E+003 -0.3472930E+003
 208.000    27071997  0.2048686E+004  0.7448161E+004  0.3406120E+003  0.3193292E+003  0.1312893E+002  0.1464595E+004 -0.7994682E+003  0.6651271E+003 -0.3510639E+003
 209.000    28071997  0.2049165E+004  0.7447686E+004  0.3406120E+003  0.3174556E+003  0.1314044E+002  0.1475723E+004 -0.8086580E+003  0.6670650E+003 -0.3549600E+003
 210.000    29071997  0.2049346E+004  0.7447175E+004  0.3406120E+003  0.3157562E+003  0.1314894E+002  0.1486139E+004 -0.8168891E+003  0.6692503E+003 -0.3589354E+003
 211.000    30071997  0.2048400E+004  0.7446747E+004  0.3406120E+003  0.3177733E+003  0.1315289E+002  0.1497234E+004 -0.8224162E+003  0.6748182E+003 -0.3625800E+003
 212.000    31071997  0.2048054E+004  0.7446445E+004  0.3406120E+003  0.3200290E+003  0.1314991E+002  0.1507749E+004 -0.8275686E+003  0.6801805E+003 -0.3657526E+003
 213.000    01081997  0.2047397E+004  0.7446167E+004  0.3406120E+003  0.3212256E+003  0.1315526E+002  0.1518009E+004 -0.8335993E+003  0.6844098E+003 -0.3688340E+003
 214.000    02081997  0.2047054E+004  0.7445880E+004  0.3406120E+003  0.3216865E+003  0.1316322E+002  0.1528291E+004 -0.8403538E+003  0.6879368E+003 -0.3719528E+003
 215.000    03081997  0.2046955E+004  0.7445569E+004  0.3406120E+003  0.3216725E+003  0.1317026E+002  0.1538689E+004 -0.8476205E+003  0.6910681E+003 -0.3751541E+003
 216.000    04081997  0.2046902E+004  0.7445210E+004  0.3406120E+003  0.3218510E+003  0.1317593E+002  0.1549592E+004 -0.8550345E+003  0.6945575E+003 -0.3785311E+003
 217.000    05081997  0.2046333E+004  0.7444855E+004  0.3406120E+003  0.3229198E+003  0.1318020E+002  0.1560222E+004 -0.8613196E+003  0.6989028E+003 -0.3818942E+003
 218.000    06081997  0.2045657E+004  0.7444540E+004  0.3406120E+003  0.3247450E+003  0.1318281E+002  0.1571168E+004 -0.8672844E+003  0.7038839E+003 -0.3850858E+003
 219.000    07081997  0.2045057E+004  0.7444241E+004  0.3406120E+003  0.3264191E+003  0.1318565E+002  0.1582115E+004 -0.8734376E+003  0.7086775E+003 -0.3882117E+003
 220.000    08081997  0.2044513E+004  0.7443967E+004  0.3406120E+003  0.3273876E+003  0.1318979E+002  0.1592241E+004 -0.8795605E+003  0.7126805E+003 -0.3912217E+003
 221.000    09081997  0.2044063E+004  0.7443703E+004  0.3406120E+003  0.3283388E+003  0.1319355E+002  0.1602414E+004 -0.8857679E+003  0.7166461E+003 -0.3941857E+003
 222.000    10081997  0.2043480E+004  0.7443427E+004  0.3406120E+003  0.3292702E+003  0.1319654E+002  0.1612379E+004 -0.8917473E+003  0.7206314E+003 -0.3971985E+003
 223.000    11081997  0.2043090E+004  0.7443136E+004  0.3406120E+003  0.3298326E+003  0.1319837E+002  0.1622628E+004 -0.8983333E+003  0.7242950E+003 -0.4002608E+003
 224.000    12081997  0.2043183E+004  0.7442813E+004  0.3406120E+003  0.3295063E+003  0.1320050E+002  0.1633176E+004 -0.9059774E+003  0.7271981E+003 -0.4034361E+003
 225.000    13081997  0.2043418E+004  0.7442443E+004  0.3406120E+003  0.3290754E+003  0.1320052E+002  0.1644025E+004 -0.9138540E+003  0.7301712E+003 -0.4067737E+003
 226.000    14081997  0.2043627E+004  0.7442052E+004  0.3406120E+003  0.3289850E+003  0.1320085E+002  0.1655244E+004 -0.9216898E+003  0.7335537E+003 -0.4101611E+003
 227.000    15081997  0.2043965E+004  0.7441639E+004  0.3406120E+003  0.3280098E+003  0.1320018E+002  0.1665888E+004 -0.9297603E+003  0.7361274E+003 -0.4136081E+003
 228.000    16081997  0.2044507E+004  0.7441209E+004  0.3406120E+003  0.3266410E+003  0.1319803E+002  0.1676577E+004 -0.9382102E+003  0.7383665E+003 -0.4170988E+003
 229.000    17081997  0.2045100E+004  0.7440765E+004  0.3406120E+003  0.3250697E+003  0.1319541E+002  0.1687125E+004 -0.9466699E+003  0.7404547E+003 -0.4206176E+003
 230.000    18081997  0.2045610E+004  0.7440305E+004  0.3406120E+003  0.3237516E+003  0.1319391E+002  0.1697668E+004 -0.9548397E+003  0.7428287E+003 -0.4241560E+003
 231.000    19081997  0.2045598E+004  0.7439908E+004  0.3406120E+003  0.3239516E+003  0.1319376E+002  0.1708156E+004 -0.9616523E+003  0.7465033E+003 -0.4274363E+003
 232.000    20081997  0.2045334E+004  0.7439519E+004  0.3406120E+003  0.3239464E+003  0.1319277E+002  0.1718113E+004 -0.9682631E+003  0.7498499E+003 -0.4307910E+003
 233.000    21081997  0.2044656E+004  0.7439088E+004  0.3406120E+003  0.3239539E+003  0.1319057E+002  0.1728282E+004 -0.9749880E+003  0.7532942E+003 -0.4346213E+003
 234.000    22081997  0.2044045E+004  0.7438707E+004  0.3406120E+003  0.3241512E+003  0.1318863E+002  0.1738059E+004 -0.9811234E+003  0.7569353E+003 -0.4380501E+003
 235.000    23081997  0.2043183E+004  0.7438405E+004  0.3406120E+003  0.3249949E+003  0.1318689E+002  0.1747232E+004 -0.9862354E+003  0.7609970E+003 -0.4411437E+003
 236.000    24081997  0.2042511E+004  0.7438139E+004  0.3406120E+003  0.3258870E+003  0.1318605E+002  0.1756680E+004 -0.9916888E+003  0.7649916E+003 -0.4440750E+003
 237.000    25081997  0.2041892E+004  0.7437885E+004  0.3406120E+003  0.3269181E+003  0.1318561E+002  0.1766369E+004 -0.9972727E+003  0.7690961E+003 -0.4469525E+003
 238.000    26081997  0.2041446E+004  0.7437626E+004  0.3406120E+003  0.3272701E+003  0.1318653E+002  0.1775871E+004 -0.1003337E+004  0.7725339E+003 -0.4498429E+003
 239.000    27081997  0.2041123E+004  0.7437358E+004  0.3406120E+003  0.3277624E+003  0.1318727E+002  0.1785748E+004 -0.1009607E+004  0.7761409E+003 -0.4527549E+003
 240.000    28081997  0.2041155E+004  0.7437057E+004  0.3406120E+003  0.3274322E+003  0.1318881E+002  0.1795793E+004 -0.1016747E+004  0.7790458E+003 -0.4557926E+003
 241.000    29081997  0.2041182E+004  0.7436726E+004  0.3406120E+003  0.3267009E+003  0.1318925E+002  0.1805375E+004 -0.1023725E+004  0.7816500E+003 -0.4589207E+003
 242.000    30081997  0.2040783E+004  0.7436432E+004  0.3406120E+003  0.3277185E+003  0.1318870E+002  0.1815357E+004 -0.1029496E+004  0.7858612E+003 -0.4618756E+003
 243.000    31081997  0.2041194E+004  0.7436149E+004  0.3406120E+003  0.3285947E+003  0.1318235E+002  0.1825674E+004 -0.1035792E+004  0.7898827E+003 -0.4647938E+003
 244.000    01091997  0.2041166E+004  0.7435824E+004  0.3406120E+003  0.3286530E+003  0.1318329E+002  0.1836007E+004 -0.1042775E+004  0.7932317E+003 -0.4678734E+003
 245.000    02091997  0.2041017E+004  0.7435479E+004  0.3406120E+003  0.3278749E+003  0.1318304E+002  0.1845217E+004 -0.1049417E+004  0.7957992E+003 -0.4710040E+003
 246.000    03091997  0.2041018E+004  0.7435146E+004  0.3406120E+003  0.3280238E+003  0.1318267E+002  0.1855460E+004 -0.1056213E+004  0.7992472E+003 -0.4740693E+003
 247.000    04091997  0.2040193E+004  0.7434877E+004  0.3406120E+003  0.3287971E+003  0.1318160E+002  0.1863626E+004 -0.1060569E+004  0.8030566E+003 -0.4768270E+003
 248.000    05091997  0.2039373E+004  0.7434719E+004  0.3406120E+003  0.3304278E+003  0.1318097E+002  0.1871710E+004 -0.1064419E+004  0.8072903E+003 -0.4791311E+003
 249.000    06091997  0.2038910E+004  0.7434570E+004  0.3406120E+003  0.3313337E+003  0.1318060E+002  0.1880105E+004 -0.1069342E+004  0.8107631E+003 -0.4814113E+003
 250.000    07091997  0.2038753E+004  0.7434397E+004  0.3406120E+003  0.3315561E+003  0.1318078E+002  0.1888884E+004 -0.1075231E+004  0.8136528E+003 -0.4838041E+003
 251.000    08091997  0.2038751E+004  0.7434193E+004  0.3406120E+003  0.3317165E+003  0.1318191E+002  0.1898065E+004 -0.1081476E+004  0.8165885E+003 -0.4863053E+003
 252.000    09091997  0.2038583E+004  0.7433963E+004  0.3406120E+003  0.3319563E+003  0.1318273E+002  0.1907081E+004 -0.1087396E+004  0.8196852E+003 -0.4889166E+003
 253.000    10091997  0.2037518E+004  0.7433651E+004  0.3406120E+003  0.3314877E+003  0.1318219E+002  0.1915158E+004 -0.1093107E+004  0.8220513E+003 -0.4924009E+003
 254.000    11091997  0.2036376E+004  0.7433333E+004  0.3406120E+003  0.3310280E+003  0.1318165E+002  0.1923377E+004 -0.1098602E+004  0.8247749E+003 -0.4958901E+003
 255.000    12091997  0.2035621E+004  0.7433035E+004  0.3406120E+003  0.3312700E+003  0.1318026E+002  0.1932389E+004 -0.1104351E+004  0.8280384E+003 -0.4990770E+003
 256.000    13091997  0.2035007E+004  0.7432732E+004  0.3406120E+003  0.3314385E+003  0.1317870E+002  0.1941542E+004 -0.1110350E+004  0.8311929E+003 -0.5022545E+003
 257.000    14091997  0.2034337E+004  0.7432439E+004  0.3406120E+003  0.3322718E+003  0.1317682E+002  0.1951188E+004 -0.1116160E+004  0.8350275E+003 -0.5053920E+003
 258.000    15091997  0.2033571E+004  0.7432143E+004  0.3406120E+003  0.3317912E+003  0.1317533E+002  0.1959362E+004 -0.1121778E+004  0.8375833E+003 -0.5085317E+003
 259.000    16091997  0.2032855E+004  0.7431869E+004  0.3406120E+003  0.3328295E+003  0.1317332E+002  0.1969000E+004 -0.1127395E+004  0.8416044E+003 -0.5115799E+003
 260.000    17091997  0.2032322E+004  0.7431599E+004  0.3406120E+003  0.3331061E+003  0.1317079E+002  0.1978268E+004 -0.1133402E+004  0.8448662E+003 -0.5146050E+003
 261.000    18091997  0.2031979E+004  0.7431307E+004  0.3406120E+003  0.3330648E+003  0.1316824E+002  0.1987768E+004 -0.1139865E+004  0.8479030E+003 -0.5177137E+003
 262.000    19091997  0.2031770E+004  0.7431000E+004  0.3406120E+003  0.3327195E+003  0.1316458E+002  0.1997334E+004 -0.1146627E+004  0.8507063E+003 -0.5208661E+003
 263.000    20091997  0.2031684E+004  0.7430679E+004  0.3406120E+003  0.3318897E+003  0.1316008E+002  0.2006634E+004 -0.1153559E+004  0.8530749E+003 -0.5240563E+003
 264.000    21091997  0.2030974E+004  0.7430368E+004  0.3406120E+003  0.3317774E+003  0.1315599E+002  0.2014946E+004 -0.1158816E+004  0.8561298E+003 -0.5271817E+003
 265.000    22091997  0.2029930E+004  0.7430175E+004  0.3406120E+003  0.3327910E+003  0.1315070E+002  0.2022483E+004 -0.1162626E+004  0.8598578E+003 -0.5297990E+003
 266.000    23091997  0.2029292E+004  0.7429979E+004  0.3406120E+003  0.3334237E+003  0.1314767E+002  0.2031068E+004 -0.1167846E+004  0.8632224E+003 -0.5324578E+003
 267.000    24091997  0.2027989E+004  0.7429758E+004  0.3406120E+003  0.3340324E+003  0.1314433E+002  0.2038848E+004 -0.1172214E+004  0.8666341E+003 -0.5354892E+003
 268.000    25091997  0.2026664E+004  0.7429598E+004  0.3406120E+003  0.3348311E+003  0.1314156E+002  0.2045997E+004 -0.1175926E+004  0.8700709E+003 -0.5381274E+003
 269.000    26091997  0.2025752E+004  0.7429442E+004  0.3406120E+003  0.3358230E+003  0.1313951E+002  0.2054272E+004 -0.1180650E+004  0.8736217E+003 -0.5406712E+003
 270.000    27091997  0.2024696E+004  0.7429278E+004  0.3406120E+003  0.3359588E+003  0.1313668E+002  0.2061225E+004 -0.1184940E+004  0.8762845E+003 -0.5432377E+003
 271.000    28091997  0.2023640E+004  0.7429119E+004  0.3406120E+003  0.3353094E+003  0.1313337E+002  0.2067201E+004 -0.1189200E+004  0.8780013E+003 -0.5457791E+003
 272.000    29091997  0.2022834E+004  0.7428947E+004  0.3406120E+003  0.3364620E+003  0.1313025E+002  0.2075797E+004 -0.1194238E+004  0.8815581E+003 -0.5483918E+003
 273.000    30091997  0.2022057E+004  0.7428803E+004  0.3406120E+003  0.3372060E+003  0.1312710E+002  0.2083430E+004 -0.1198848E+004  0.8845818E+003 -0.5508196E+003
 274.000    01101997  0.2021841E+004  0.7428672E+004  0.3406120E+003  0.3386251E+003  0.1311757E+002  0.2091263E+004 -0.1203024E+004  0.8882386E+003 -0.5531856E+003
 275.000    02101997  0.2020810E+004  0.7428580E+004  0.3406120E+003  0.3399016E+003  0.1311385E+002  0.2097942E+004 -0.1206392E+004  0.8915502E+003 -0.5553190E+003
 276.000    03101997  0.2019965E+004  0.7428524E+004  0.3406120E+003  0.3411260E+003  0.1310889E+002  0.2104632E+004 -0.1209985E+004  0.8946471E+003 -0.5572742E+003
 277.000    04101997  0.2019340E+004  0.7428450E+004  0.3406120E+003  0.3419731E+003  0.1310521E+002  0.2112155E+004 -0.1214654E+004  0.8975009E+003 -0.5593699E+003
 278.000    05101997  0.2018917E+004  0.7428337E+004  0.3406120E+003  0.3421793E+003  0.1310036E+002  0.2120085E+004 -0.1220163E+004  0.8999212E+003 -0.5616756E+003
 279.000    06101997  0.2018591E+004  0.7428194E+004  0.3406120E+003  0.3420696E+003  0.1309400E+002  0.2128112E+004 -0.1225925E+004  0.9021874E+003 -0.5641271E+003
 280.000    07101997  0.2018289E+004  0.7428034E+004  0.3406120E+003  0.3418474E+003  0.1308590E+002  0.2136073E+004 -0.1231636E+004  0.9044365E+003 -0.5666473E+003
 281.000    08101997  0.2017956E+004  0.7427869E+004  0.3406120E+003  0.3418532E+003  0.1307591E+002  0.2144132E+004 -0.1237194E+004  0.9069381E+003 -0.5691701E+003
 282.000    09101997  0.2017549E+004  0.7427698E+004  0.3406120E+003  0.3420869E+003  0.1306613E+002  0.2152341E+004 -0.1242639E+004  0.9097021E+003 -0.5717154E+003
 283.000    10101997  0.2017142E+004  0.7427524E+004  0.3406120E+003  0.3423200E+003  0.1305554E+002  0.2160599E+004 -0.1248112E+004  0.9124876E+003 -0.5742713E+003
 284.000    11101997  0.2016712E+004  0.7427340E+004  0.3406120E+003  0.3423709E+003  0.1304404E+002  0.2168647E+004 -0.1253514E+004  0.9151332E+003 -0.5768574E+003
 285.000    12101997  0.2015974E+004  0.7427190E+004  0.3406120E+003  0.3430896E+003  0.1303472E+002  0.2176292E+004 -0.1257964E+004  0.9183281E+003 -0.5792892E+003
 286.000    13101997  0.2015332E+004  0.7427062E+004  0.3406120E+003  0.3435705E+003  0.1302607E+002  0.2183799E+004 -0.1262599E+004  0.9211996E+003 -0.5816263E+003
 287.000    14101997  0.2014783E+004  0.7426910E+004  0.3406120E+003  0.3436676E+003  0.1301488E+002  0.2191467E+004 -0.1267685E+004  0.9237816E+003 -0.5840715E+003
 288.000    15101997  0.2013506E+004  0.7426752E+004  0.3406120E+003  0.3441678E+003  0.1300591E+002  0.2197982E+004 -0.1271403E+004  0.9265781E+003 -0.5867230E+003
 289.000    16101997  0.2012415E+004  0.7426688E+004  0.3406120E+003  0.3455058E+003  0.1299432E+002  0.2204055E+004 -0.1274165E+004  0.9298900E+003 -0.5887495E+003
 290.000    17101997  0.2011286E+004  0.7426646E+004  0.3406120E+003  0.3464240E+003  0.1298787E+002  0.2209606E+004 -0.1276874E+004  0.9327316E+003 -0.5906654E+003
 291.000    18101997  0.2010275E+004  0.7426635E+004  0.3406120E+003  0.3480362E+003  0.1297829E+002  0.2215519E+004 -0.1279478E+004  0.9360403E+003 -0.5924014E+003
 292.000    19101997  0.2009177E+004  0.7426611E+004  0.3406120E+003  0.3482905E+003  0.1297171E+002  0.2220480E+004 -0.1282532E+004  0.9379486E+003 -0.5942877E+003
 293.000    20101997  0.2008252E+004  0.7426609E+004  0.3406120E+003  0.3492621E+003  0.1296505E+002  0.2226255E+004 -0.1285624E+004  0.9406305E+003 -0.5959974E+003
 294.000    21101997  0.2007345E+004  0.7426609E+004  0.3406120E+003  0.3507531E+003  0.1295921E+002  0.2232576E+004 -0.1288793E+004  0.9437831E+003 -0.5977018E+003
 295.000    22101997  0.2006476E+004  0.7426604E+004  0.3406120E+003  0.3514716E+003  0.1295311E+002  0.2238200E+004 -0.1291972E+004  0.9462278E+003 -0.5994364E+003
 296.000    23101997  0.2005778E+004  0.7426656E+004  0.3406120E+003  0.3518497E+003  0.1293251E+002  0.2242092E+004 -0.1294086E+004  0.9480062E+003 -0.6008221E+003
 297.000    24101997  0.2005139E+004  0.7426722E+004  0.3406120E+003  0.3532339E+003  0.1292004E+002  0.2247336E+004 -0.1296624E+004  0.9507113E+003 -0.6021598E+003
 298.000    25101997  0.2004667E+004  0.7426737E+004  0.3406120E+003  0.3539616E+003  0.1291123E+002  0.2254151E+004 -0.1301124E+004  0.9530271E+003 -0.6038300E+003
 299.000    26101997  0.2003897E+004  0.7426715E+004  0.3406120E+003  0.3537191E+003  0.1290242E+002  0.2259436E+004 -0.1304963E+004  0.9544737E+003 -0.6057009E+003
 300.000    27101997  0.2003229E+004  0.7426682E+004  0.3406120E+003  0.3548109E+003  0.1289094E+002  0.2266556E+004 -0.1309254E+004  0.9573024E+003 -0.6076583E+003
 301.000    28101997  0.2002368E+004  0.7426699E+004  0.3406120E+003  0.3545695E+003  0.1287323E+002  0.2270097E+004 -0.1311512E+004  0.9585853E+003 -0.6092585E+003
 302.000    29101997  0.2001808E+004  0.7426774E+004  0.3406120E+003  0.3554079E+003  0.1285096E+002  0.2274406E+004 -0.1313749E+004  0.9606573E+003 -0.6105481E+003
 303.000    30101997  0.2001206E+004  0.7426844E+004  0.3406120E+003  0.3562267E+003  0.1283865E+002  0.2279143E+004 -0.1316397E+004  0.9627462E+003 -0.6118826E+003
 304.000    31101997  0.2001268E+004  0.7426903E+004  0.3406120E+003  0.3574095E+003  0.1282342E+002  0.2284702E+004 -0.1319446E+004  0.9652563E+003 -0.6132839E+003
 305.000    01111997  0.2000669E+004  0.7426921E+004  0.3406120E+003  0.3573083E+003  0.1281273E+002  0.2290042E+004 -0.1323360E+004  0.9666824E+003 -0.6149545E+003
 306.000    02111997  0.1999957E+004  0.7426918E+004  0.3406120E+003  0.3577379E+003  0.1280212E+002  0.2295828E+004 -0.1327080E+004  0.9687479E+003 -0.6167366E+003
 307.000    03111997  0.1999217E+004  0.7426954E+004  0.3406120E+003  0.3582657E+003  0.1278959E+002  0.2300501E+004 -0.1329770E+004  0.9707311E+003 -0.6182500E+003
 308.000    04111997  0.1998465E+004  0.7427015E+004  0.3406120E+003  0.3592355E+003  0.1277783E+002  0.2305244E+004 -0.1332114E+004  0.9731296E+003 -0.6196292E+003
 309.000    05111997  0.1997916E+004  0.7427110E+004  0.3406120E+003  0.3593519E+003  0.1275420E+002  0.2308584E+004 -0.1334119E+004  0.9744650E+003 -0.6207993E+003
 310.000    06111997  0.1997296E+004  0.7427211E+004  0.3406120E+003  0.3605308E+003  0.1273896E+002  0.2312942E+004 -0.1336138E+004  0.9768045E+003 -0.6219478E+003
 311.000    07111997  0.1996544E+004  0.7427293E+004  0.3406120E+003  0.3608711E+003  0.1273185E+002  0.2316956E+004 -0.1338583E+004  0.9783734E+003 -0.6232189E+003
 312.000    08111997  0.1995772E+004  0.7427378E+004  0.3406120E+003  0.3617735E+003  0.1272425E+002  0.2321280E+004 -0.1340798E+004  0.9804819E+003 -0.6244598E+003
 313.000    09111997  0.1995200E+004  0.7427469E+004  0.3406120E+003  0.3627934E+003  0.1271683E+002  0.2326044E+004 -0.1343363E+004  0.9826809E+003 -0.6256688E+003
 314.000    10111997  0.1994675E+004  0.7427554E+004  0.3406120E+003  0.3632345E+003  0.1270711E+002  0.2330435E+004 -0.1346100E+004  0.9843349E+003 -0.6269109E+003
 315.000    11111997  0.1994060E+004  0.7427637E+004  0.3406120E+003  0.3642084E+003  0.1270045E+002  0.2335228E+004 -0.1348689E+004  0.9865392E+003 -0.6281636E+003
 316.000    12111997  0.1993440E+004  0.7427725E+004  0.3406120E+003  0.3651994E+003  0.1269350E+002  0.2339933E+004 -0.1351196E+004  0.9887376E+003 -0.6293823E+003
 317.000    13111997  0.1992785E+004  0.7427827E+004  0.3406120E+003  0.3646084E+003  0.1268018E+002  0.2342122E+004 -0.1353007E+004  0.9891152E+003 -0.6305337E+003
 318.000    14111997  0.1992334E+004  0.7427953E+004  0.3406120E+003  0.3651461E+003  0.1266387E+002  0.2345649E+004 -0.1355024E+004  0.9906247E+003 -0.6315566E+003
 319.000    15111997  0.1991766E+004  0.7428063E+004  0.3406120E+003  0.3653482E+003  0.1265500E+002  0.2349240E+004 -0.1357309E+004  0.9919308E+003 -0.6326639E+003
 320.000    16111997  0.1991285E+004  0.7428189E+004  0.3406120E+003  0.3647851E+003  0.1263578E+002  0.2351431E+004 -0.1359016E+004  0.9924146E+003 -0.6336579E+003
 321.000    17111997  0.1991154E+004  0.7428356E+004  0.3406120E+003  0.3642019E+003  0.1259611E+002  0.2353043E+004 -0.1360384E+004  0.9926587E+003 -0.6343976E+003
 322.000    18111997  0.1991091E+004  0.7428539E+004  0.3406120E+003  0.3641694E+003  0.1256310E+002  0.2355160E+004 -0.1361832E+004  0.9933284E+003 -0.6350247E+003
 323.000    19111997  0.1990995E+004  0.7428717E+004  0.3406120E+003  0.3647501E+003  0.1253680E+002  0.2358026E+004 -0.1363433E+004  0.9945932E+003 -0.6356700E+003
 324.000    20111997  0.1990964E+004  0.7428881E+004  0.3406120E+003  0.3650998E+003  0.1251437E+002  0.2361095E+004 -0.1365404E+004  0.9956906E+003 -0.6363970E+003
 325.000    21111997  0.1992810E+004  0.7429030E+004  0.3406120E+003  0.3660678E+003  0.1249798E+002  0.2364730E+004 -0.1367311E+004  0.9974189E+003 -0.6372116E+003
 326.000    22111997  0.1994579E+004  0.7429132E+004  0.3406120E+003  0.3668327E+003  0.1249217E+002  0.2370369E+004 -0.1371180E+004  0.9991892E+003 -0.6383656E+003
 327.000    23111997  0.1995969E+004  0.7429209E+004  0.3406120E+003  0.3671336E+003  0.1248591E+002  0.2375154E+004 -0.1374418E+004  0.1000736E+004 -0.6396537E+003
 328.000    24111997  0.1997270E+004  0.7429326E+004  0.3406120E+003  0.3667142E+003  0.1246242E+002  0.2377577E+004 -0.1376192E+004  0.1001385E+004 -0.6406550E+003
 329.000    25111997  0.1998791E+004  0.7429497E+004  0.3406120E+003  0.3665833E+003  0.1242759E+002  0.2379611E+004 -0.1377585E+004  0.1002025E+004 -0.6413167E+003
 330.000    26111997  0.2000322E+004  0.7429676E+004  0.3406120E+003  0.3668763E+003  0.1240094E+002  0.2382341E+004 -0.1379336E+004  0.1003005E+004 -0.6419270E+003
 331.000    27111997  0.2001529E+004  0.7429819E+004  0.3406120E+003  0.3672945E+003  0.1239157E+002  0.2385961E+004 -0.1381674E+004  0.1004287E+004 -0.6427685E+003
 332.000    28111997  0.2002703E+004  0.7429962E+004  0.3406120E+003  0.3676006E+003  0.1237475E+002  0.2389406E+004 -0.1383954E+004  0.1005452E+004 -0.6435993E+003
 333.000    29111997  0.2003718E+004  0.7430080E+004  0.3406120E+003  0.3680241E+003  0.1236783E+002  0.2393833E+004 -0.1386955E+004  0.1006878E+004 -0.6445953E+003
 334.000    30111997  0.2004394E+004  0.7430170E+004  0.3406120E+003  0.3682399E+003  0.1236048E+002  0.2397889E+004 -0.1389702E+004  0.1008186E+004 -0.6457925E+003
 335.000    01121997  0.2005649E+004  0.7430278E+004  0.3406120E+003  0.3690838E+003  0.1234511E+002  0.2402089E+004 -0.1392042E+004  0.1010047E+004 -0.6468610E+003
 336.000    02121997  0.2006423E+004  0.7430422E+004  0.3406120E+003  0.3690172E+003  0.1231465E+002  0.2404495E+004 -0.1393661E+004  0.1010834E+004 -0.6476795E+003
 337.000    03121997  0.2007182E+004  0.7430571E+004  0.3406120E+003  0.3699131E+003  0.1229455E+002  0.2408181E+004 -0.1395632E+004  0.1012549E+004 -0.6484741E+003
 338.000    04121997  0.2007692E+004  0.7430686E+004  0.3406120E+003  0.3703502E+003  0.1229063E+002  0.2412454E+004 -0.1398449E+004  0.1014005E+004 -0.6495016E+003
 339.000    05121997  0.2008017E+004  0.7430794E+004  0.3406120E+003  0.3701874E+003  0.1227812E+002  0.2415508E+004 -0.1400608E+004  0.1014900E+004 -0.6505517E+003
 340.000    06121997  0.2008772E+004  0.7430960E+004  0.3406120E+003  0.3691069E+003  0.1223244E+002  0.2416373E+004 -0.1401823E+004  0.1014549E+004 -0.6512052E+003
 341.000    07121997  0.2009575E+004  0.7431146E+004  0.3406120E+003  0.3687089E+003  0.1220867E+002  0.2417604E+004 -0.1402983E+004  0.1014621E+004 -0.6516938E+003
 342.000    08121997  0.2010344E+004  0.7431334E+004  0.3406120E+003  0.3598813E+003  0.1219341E+002  0.2419119E+004 -0.1404166E+004  0.1014953E+004 -0.6521360E+003
 343.000    09121997  0.2011144E+004  0.7431519E+004  0.3406120E+003  0.3588318E+003  0.1217793E+002  0.2420855E+004 -0.1405433E+004  0.1015422E+004 -0.6525560E+003
 344.000    10121997  0.2011831E+004  0.7431704E+004  0.3406120E+003  0.3591606E+003  0.1216607E+002  0.2423290E+004 -0.1406804E+004  0.1016486E+004 -0.6529740E+003
 345.000    11121997  0.2012352E+004  0.7431879E+004  0.3406120E+003  0.3599469E+003  0.1215668E+002  0.2426317E+004 -0.1408459E+004  0.1017858E+004 -0.6535069E+003
 346.000    12121997  0.2012640E+004  0.7432037E+004  0.3406120E+003  0.3605896E+003  0.1214866E+002  0.2429310E+004 -0.1410081E+004  0.1019229E+004 -0.6541630E+003
 347.000    13121997  0.2012991E+004  0.7432200E+004  0.3406120E+003  0.3607823E+003  0.1213518E+002  0.2431579E+004 -0.1411517E+004  0.1020061E+004 -0.6547655E+003
 348.000    14121997  0.2013341E+004  0.7432368E+004  0.3406120E+003  0.3608768E+003  0.1212386E+002  0.2433660E+004 -0.1412944E+004  0.1020716E+004 -0.6553345E+003
 349.000    15121997  0.2013844E+004  0.7432545E+004  0.3406120E+003  0.3608158E+003  0.1211016E+002  0.2435347E+004 -0.1414245E+004  0.1021102E+004 -0.6557963E+003
 350.000    16121997  0.2014429E+004  0.7432726E+004  0.3406120E+003  0.3611396E+003  0.1209782E+002  0.2437510E+004 -0.1415715E+004  0.1021795E+004 -0.6561903E+003
 351.000    17121997  0.2014947E+004  0.7432903E+004  0.3406120E+003  0.3617114E+003  0.1208640E+002  0.2440156E+004 -0.1417405E+004  0.1022751E+004 -0.6566306E+003
 352.000    18121997  0.2015290E+004  0.7433069E+004  0.3406120E+003  0.3620996E+003  0.1207519E+002  0.2442676E+004 -0.1419061E+004  0.1023615E+004 -0.6571662E+003
 353.000    19121997  0.2015646E+004  0.7433232E+004  0.3406120E+003  0.3623191E+003  0.1206459E+002  0.2445226E+004 -0.1420900E+004  0.1024325E+004 -0.6577175E+003
 354.000    20121997  0.2015945E+004  0.7433388E+004  0.3406120E+003  0.3624113E+003  0.1205426E+002  0.2447915E+004 -0.1422948E+004  0.1024968E+004 -0.6583340E+003
 355.000    21121997  0.2015922E+004  0.7433525E+004  0.3406120E+003  0.3628553E+003  0.1204886E+002  0.2451143E+004 -0.1425053E+004  0.1026090E+004 -0.6590950E+003
 356.000    22121997  0.2015972E+004  0.7433673E+004  0.3406120E+003  0.3629941E+003  0.1203893E+002  0.2453344E+004 -0.1426599E+004  0.1026745E+004 -0.6597790E+003
 357.000    23121997  0.2016101E+004  0.7433824E+004  0.3406120E+003  0.3632953E+003  0.1203030E+002  0.2456125E+004 -0.1428484E+004  0.1027641E+004 -0.6604500E+003
 358.000    24121997  0.2015964E+004  0.7433961E+004  0.3406120E+003  0.3633452E+003  0.1202289E+002  0.2458657E+004 -0.1430331E+004  0.1028326E+004 -0.6612250E+003
 359.000    25121997  0.2015896E+004  0.7434087E+004  0.3406120E+003  0.3642562E+003  0.1201821E+002  0.2463018E+004 -0.1433014E+004  0.1030003E+004 -0.6620947E+003
 360.000    26121997  0.2015754E+004  0.7434210E+004  0.3406120E+003  0.3644917E+003  0.1200871E+002  0.2466314E+004 -0.1435243E+004  0.1031071E+004 -0.6629814E+003
 361.000    27121997  0.2015558E+004  0.7434345E+004  0.3406120E+003  0.3646311E+003  0.1199942E+002  0.2468794E+004 -0.1436908E+004  0.1031886E+004 -0.6637882E+003
 362.000    28121997  0.2015658E+004  0.7434500E+004  0.3406120E+003  0.3640943E+003  0.1198277E+002  0.2470204E+004 -0.1438236E+004  0.1031968E+004 -0.6644244E+003
 363.000    29121997  0.2015920E+004  0.7434674E+004  0.3406120E+003  0.3639902E+003  0.1196135E+002  0.2471749E+004 -0.1439425E+004  0.1032324E+004 -0.6648851E+003
 364.000    30121997  0.2016234E+004  0.7434850E+004  0.3406120E+003  0.3633849E+003  0.1194281E+002  0.2472690E+004 -0.1440572E+004  0.1032119E+004 -0.6653130E+003
 365.000    31121997  0.2017123E+004  0.7435029E+004  0.3406120E+003  0.3629654E+003  0.1191927E+002  0.2473734E+004 -0.1441658E+004  0.1032076E+004 -0.6656842E+003
