    DOY     DATE    PRECN           ET              WATER           DISCHG          SNOWPACK        WTR_1           WTR_2           WTR_3           WTR_4           WTR_5           WTR_6           ICE_2           ICE_3           ICE_4           ICE_5           ICE_6           ICE_7           PSI_3           PSI_4           PSI_5           PSI_6           PSI_7           PSI_8           ACTV_LYR        
  30.000    30011909  0.1462400E+003  0.2112832E+002  0.8320004E+003  0.1257941E+003  0.0000000E+000  0.3155540E+000  0.3427167E+000  0.3397679E+000  0.2685977E+000  0.2627699E+000  0.3563501E+000  0.9663458E-012  0.9830121E-012  0.0000000E+000  0.0000000E+000  0.0000000E+000  0.0000000E+000 -0.7859841E-002 -0.6823441E-002 -0.4629167E-002 -0.2580665E-002 -0.2576452E-002 -0.3441258E-002 -0.9999000E+004
  60.000    01031909  0.2273100E+003  0.4925811E+002  0.8084467E+003  0.1903187E+003  0.9555836E+002  0.3202729E+000  0.3516863E+000  0.3474539E+000  0.2740676E+000  0.2577607E+000  0.3538825E+000  0.9663458E-012  0.9830121E-012  0.0000000E+000  0.0000000E+000  0.0000000E+000  0.0000000E+000 -0.6654256E-002 -0.6307704E-002 -0.5101177E-002 -0.2728918E-002 -0.2625435E-002 -0.3742018E-002 -0.9999000E+004
  90.000    31031909  0.4160900E+003  0.9047810E+002  0.8493950E+003  0.3113473E+003  0.0000000E+000  0.3263555E+000  0.3303080E+000  0.3376340E+000  0.2661608E+000  0.2636416E+000  0.3566920E+000  0.9641561E-012  0.9830121E-012  0.0000000E+000  0.0000000E+000  0.0000000E+000  0.0000000E+000 -0.8378882E-002 -0.7034795E-002 -0.4546263E-002 -0.2560912E-002 -0.2545079E-002 -0.3192586E-002 -0.9999000E+004
 120.000    30041909  0.5533600E+003  0.1899554E+003  0.7493887E+003  0.4491462E+003  0.0000000E+000  0.2268726E+000  0.2298588E+000  0.2353444E+000  0.2013319E+000  0.2135813E+000  0.3388451E+000  0.9641561E-012  0.9830121E-012  0.0000000E+000  0.0000000E+000  0.0000000E+000  0.0000000E+000 -0.4881880E-001 -0.2873171E-001 -0.1322266E-001 -0.3868405E-002 -0.3053118E-002 -0.4717714E-002 -0.9999000E+004
 150.000    30051909  0.6489300E+003  0.3079134E+003  0.6940451E+003  0.4821018E+003  0.0000000E+000  0.2397128E+000  0.2417858E+000  0.2434040E+000  0.1672246E+000  0.1790939E+000  0.3098666E+000  0.9641561E-012  0.9830121E-012  0.0000000E+000  0.0000000E+000  0.0000000E+000  0.0000000E+000 -0.4168634E-001 -0.7600051E-001 -0.3828583E-001 -0.7955661E-002 -0.4556611E-002 -0.6456611E-002 -0.9999000E+004
 180.000    29061909  0.6890600E+003  0.4353223E+003  0.5915828E+003  0.4972851E+003  0.0000000E+000  0.1266737E+000  0.1197316E+000  0.1212282E+000  0.9988264E-001  0.1085105E+000  0.2580502E+000  0.9641561E-012  0.9830121E-012  0.0000000E+000  0.0000000E+000  0.0000000E+000  0.0000000E+000 -0.1200318E+001 -0.1080952E+001 -0.7795965E+000 -0.3918525E-001 -0.1101378E-001 -0.1504697E-001 -0.9999000E+004
 210.000    29071909  0.8121500E+003  0.5780791E+003  0.5643995E+003  0.5048017E+003  0.0000000E+000  0.1354982E+000  0.1351961E+000  0.1586054E+000  0.1292446E+000  0.1252284E+000  0.2315560E+000  0.9641561E-012  0.9830121E-012  0.0000000E+000  0.0000000E+000  0.0000000E+000  0.0000000E+000 -0.3146101E+000 -0.2831363E+000 -0.3283816E+000 -0.1024501E+000 -0.2148421E-001 -0.2798515E-001 -0.9999000E+004
 240.000    28081909  0.9024900E+003  0.7041063E+003  0.5246551E+003  0.5088588E+003  0.0000000E+000  0.1296674E+000  0.1240908E+000  0.1363545E+000  0.1107443E+000  0.1159542E+000  0.2110241E+000  0.9641561E-012  0.9830121E-012  0.0000000E+000  0.0000000E+000  0.0000000E+000  0.0000000E+000 -0.6623087E+000 -0.6306950E+000 -0.5218467E+000 -0.2331109E+000 -0.4449750E-001 -0.5690000E-001 -0.9999000E+004
 270.000    27091909  0.9923500E+003  0.7849181E+003  0.5336691E+003  0.5088929E+003  0.0000000E+000  0.1991834E+000  0.2004099E+000  0.2035924E+000  0.1671857E+000  0.1407951E+000  0.2111596E+000  0.9641561E-012  0.9830121E-012  0.0000000E+000  0.0000000E+000  0.0000000E+000  0.0000000E+000 -0.9927353E-001 -0.7553422E-001 -0.1631350E+000 -0.2326141E+000 -0.7098261E-001 -0.8784827E-001 -0.9999000E+004
 300.000    27101909  0.1038160E+004  0.8175632E+003  0.5468340E+003  0.5088929E+003  0.0000000E+000  0.2571048E+000  0.2584683E+000  0.2595743E+000  0.1774178E+000  0.1511040E+000  0.2193261E+000  0.9641561E-012  0.9830121E-012  0.0000000E+000  0.0000000E+000  0.0000000E+000  0.0000000E+000 -0.3093690E-001 -0.5602992E-001 -0.1066340E+000 -0.1662174E+000 -0.7380308E-001 -0.8609430E-001 -0.9999000E+004
 330.000    26111909  0.1102560E+004  0.8544277E+003  0.5743694E+003  0.5088929E+003  0.0000000E+000  0.2740384E+000  0.2751512E+000  0.2770348E+000  0.2175210E+000  0.2141302E+000  0.2295033E+000  0.9641561E-012  0.9830121E-012  0.0000000E+000  0.0000000E+000  0.0000000E+000  0.0000000E+000 -0.2281710E-001 -0.1943677E-001 -0.1303777E-001 -0.1112015E+000 -0.6506108E-001 -0.7135666E-001 -0.9999000E+004
 360.000    26121909  0.1274170E+004  0.8766370E+003  0.7237468E+003  0.5088929E+003  0.0000000E+000  0.3188845E+000  0.3479161E+000  0.3464089E+000  0.2778406E+000  0.2734622E+000  0.3575890E+000  0.9641561E-012  0.9830121E-012  0.0000000E+000  0.0000000E+000  0.0000000E+000  0.0000000E+000 -0.6834460E-002 -0.5775750E-002 -0.3823775E-002 -0.2510596E-002 -0.2527124E-002 -0.3034712E-002 -0.9999000E+004
