    DOY     DATE    PRECN           ET              WATER           DISCHG          SNOWPACK        WTR_1           WTR_2           WTR_3           WTR_4           WTR_5           WTR_6           ICE_2           ICE_3           ICE_4           ICE_5           ICE_6           ICE_7           PSI_3           PSI_4           PSI_5           PSI_6           PSI_7           PSI_8           ACTV_LYR        
  30.000    30011905  0.2918000E+002  0.2466489E+002  0.7071039E+003  0.5596773E+000  0.4806184E+002  0.3548268E+000  0.3588994E+000  0.3616233E+000  0.3047722E+000  0.2483234E+000  0.3252048E+000  0.9554096E-012  0.9482321E-012  0.0000000E+000  0.0000000E+000  0.0000000E+000  0.0000000E+000 -0.4503779E-002 -0.3695246E-002 -0.6164863E-002 -0.5394082E-002 -0.3751311E-002 -0.2988684E-002 -0.9999000E+004
  60.000    01031905  0.1248700E+003  0.5609075E+002  0.7738249E+003  0.1187712E+001  0.0000000E+000  0.3187171E+000  0.3132382E+000  0.3190747E+000  0.2493605E+000  0.2463901E+000  0.3528538E+000  0.9854021E-012  0.9482321E-012  0.0000000E+000  0.0000000E+000  0.0000000E+000  0.0000000E+000 -0.1174702E-001 -0.9606395E-002 -0.6299204E-002 -0.2792701E-002 -0.2657131E-002 -0.3866789E-002 -0.9999000E+004
  90.000    31031905  0.1900000E+003  0.1072911E+003  0.7829956E+003  0.5926678E+001  0.0000000E+000  0.3446772E+000  0.3425688E+000  0.3466016E+000  0.2818522E+000  0.2727855E+000  0.3394947E+000  0.9854021E-012  0.9482321E-012  0.0000000E+000  0.0000000E+000  0.0000000E+000  0.0000000E+000 -0.7007178E-002 -0.5305348E-002 -0.3886464E-002 -0.3815550E-002 -0.3436748E-002 -0.5302208E-002 -0.9999000E+004
 120.000    30041905  0.2229400E+003  0.1887489E+003  0.7058321E+003  0.3457229E+002  0.0000000E+000  0.2027744E+000  0.2078075E+000  0.2158778E+000  0.1887652E+000  0.2073059E+000  0.3277308E+000  0.9854021E-012  0.9482321E-012  0.0000000E+000  0.0000000E+000  0.0000000E+000  0.0000000E+000 -0.7411410E-001 -0.4018635E-001 -0.1582591E-001 -0.5062099E-002 -0.4133125E-002 -0.6218209E-002 -0.9999000E+004
 150.000    30051905  0.3196000E+003  0.3088190E+003  0.6653812E+003  0.5161303E+002  0.0000000E+000  0.2057803E+000  0.2121102E+000  0.2204446E+000  0.1637145E+000  0.1692739E+000  0.3026484E+000  0.9854021E-012  0.9482321E-012  0.0000000E+000  0.0000000E+000  0.0000000E+000  0.0000000E+000 -0.6484600E-001 -0.8445830E-001 -0.5374119E-001 -0.9617187E-002 -0.5682186E-002 -0.7821850E-002 -0.9999000E+004
 180.000    29061905  0.4039200E+003  0.4608005E+003  0.5874294E+003  0.6190328E+002  0.0000000E+000  0.1089401E+000  0.1097589E+000  0.1144022E+000  0.9780700E-001  0.1121778E+000  0.2630255E+000  0.9854021E-012  0.9482321E-012  0.0000000E+000  0.0000000E+000  0.0000000E+000  0.0000000E+000 -0.1559324E+001 -0.1197187E+001 -0.6340681E+000 -0.3304242E-001 -0.1071023E-001 -0.1433813E-001 -0.9999000E+004
 210.000    29071905  0.5617100E+003  0.6056624E+003  0.5935679E+003  0.6869281E+002  0.0000000E+000  0.1555749E+000  0.1626298E+000  0.1809664E+000  0.1492968E+000  0.1505938E+000  0.2511600E+000  0.9854021E-012  0.9482321E-012  0.0000000E+000  0.0000000E+000  0.0000000E+000  0.0000000E+000 -0.1697716E+000 -0.1351487E+000 -0.1084216E+000 -0.4995314E-001 -0.1441562E-001 -0.1807837E-001 -0.9999000E+004
 240.000    28081905  0.7067700E+003  0.7278192E+003  0.6117349E+003  0.7342903E+002  0.0000000E+000  0.2730756E+000  0.2743080E+000  0.2759795E+000  0.2210282E+000  0.1851989E+000  0.2421735E+000  0.9854021E-012  0.9482321E-012  0.0000000E+000  0.0000000E+000  0.0000000E+000  0.0000000E+000 -0.2341806E-001 -0.1773715E-001 -0.3133757E-001 -0.6906928E-001 -0.1868098E-001 -0.2229103E-001 -0.9999000E+004
 270.000    27091905  0.8074200E+003  0.8221507E+003  0.6152581E+003  0.7622434E+002  0.0000000E+000  0.2547854E+000  0.2555722E+000  0.2575670E+000  0.2076907E+000  0.2121243E+000  0.2701138E+000  0.9854021E-012  0.9482321E-012  0.0000000E+000  0.0000000E+000  0.0000000E+000  0.0000000E+000 -0.3221345E-001 -0.2463189E-001 -0.1378604E-001 -0.2625352E-001 -0.1954040E-001 -0.2234126E-001 -0.9999000E+004
 300.000    27101905  0.9156700E+003  0.8595228E+003  0.6849183E+003  0.7744196E+002  0.0000000E+000  0.3397739E+000  0.3610728E+000  0.3577402E+000  0.2996353E+000  0.2989138E+000  0.3509162E+000  0.9854021E-012  0.9482321E-012  0.0000000E+000  0.0000000E+000  0.0000000E+000  0.0000000E+000 -0.5048901E-002 -0.4016062E-002 -0.2514548E-002 -0.2926071E-002 -0.2096629E-001 -0.2322610E-001 -0.9999000E+004
 330.000    26111905  0.9318700E+003  0.8961592E+003  0.6635739E+003  0.7826652E+002  0.0000000E+000  0.3220781E+000  0.3184879E+000  0.3244570E+000  0.2507553E+000  0.2374497E+000  0.3480773E+000  0.9854021E-012  0.9482321E-012  0.0000000E+000  0.0000000E+000  0.0000000E+000  0.0000000E+000 -0.1065072E-001 -0.9381381E-002 -0.7544289E-002 -0.3117801E-002 -0.1454746E-001 -0.2166302E-001 -0.9999000E+004
 360.000    26121905  0.1028370E+004  0.9167129E+003  0.7278592E+003  0.7896292E+002  0.0000000E+000  0.3496205E+000  0.3453333E+000  0.3544140E+000  0.2883710E+000  0.2677429E+000  0.3606903E+000  0.9346345E-012  0.9482321E-012  0.0000000E+000  0.0000000E+000  0.0000000E+000  0.0000000E+000 -0.6175516E-002 -0.4790268E-002 -0.4178731E-002 -0.2293411E-002 -0.2525637E-002 -0.3132830E-002 -0.9999000E+004
