    DOY     DATE    SHOOT_C         ROOT_C          LAI             GPP             AUTO_RESP       HVST_C          
  30.000    30011965  0.1076510E+005  0.3572640E+003  0.8704470E+001  0.7923181E+002 -0.5187105E+002  0.0000000E+000
  60.000    01031965  0.1076462E+005  0.3676302E+003  0.8467277E+001  0.1548238E+003 -0.9589396E+002  0.0000000E+000
  90.000    31031965  0.1081361E+005  0.3746316E+003  0.8661124E+001  0.2999252E+003 -0.1668054E+003  0.0000000E+000
 120.000    30041965  0.1092119E+005  0.3833130E+003  0.9048145E+001  0.5202154E+003 -0.2694690E+003  0.0000000E+000
 150.000    30051965  0.1105992E+005  0.3848354E+003  0.9338872E+001  0.8297125E+003 -0.4286130E+003  0.0000000E+000
 180.000    29061965  0.1118437E+005  0.3791783E+003  0.9447314E+001  0.1167274E+004 -0.6358526E+003  0.0000000E+000
 210.000    29071965  0.1126401E+005  0.3576566E+003  0.9452885E+001  0.1489189E+004 -0.8805822E+003  0.0000000E+000
 240.000    28081965  0.1135695E+005  0.3378939E+003  0.9460226E+001  0.1793536E+004 -0.1092793E+004  0.0000000E+000
 270.000    27091965  0.1143730E+005  0.3208032E+003  0.9464056E+001  0.2070987E+004 -0.1289079E+004  0.0000000E+000
 300.000    27101965  0.1150713E+005  0.3218048E+003  0.9417887E+001  0.2274334E+004 -0.1409659E+004  0.0000000E+000
 330.000    26111965  0.1153065E+005  0.3287693E+003  0.9213933E+001  0.2416319E+004 -0.1498188E+004  0.0000000E+000
 360.000    26121965  0.1151269E+005  0.3402062E+003  0.8867287E+001  0.2499282E+004 -0.1552594E+004  0.0000000E+000
