    DOY     DATE    SHOOT_C         ROOT_C          LAI             GPP             AUTO_RESP       HVST_C          
   1.000    01012000  0.3996148E+001  0.4626569E+001  0.2928665E+001  0.3180895E-001 -0.1157748E-001  0.0000000E+000
   2.000    02012000  0.3983394E+001  0.4623442E+001  0.2919296E+001  0.7344452E-001 -0.3229413E-001  0.0000000E+000
   3.000    03012000  0.3966264E+001  0.4615230E+001  0.2906598E+001  0.1176525E+000 -0.6211626E-001  0.0000000E+000
   4.000    04012000  0.3942769E+001  0.4604177E+001  0.2896989E+001  0.1505420E+000 -0.9363120E-001  0.0000000E+000
   5.000    05012000  0.3933315E+001  0.4601186E+001  0.2891037E+001  0.1725858E+000 -0.1035719E+000  0.0000000E+000
   6.000    06012000  0.3927880E+001  0.4599256E+001  0.2883820E+001  0.1926011E+000 -0.1107433E+000  0.0000000E+000
   7.000    07012000  0.3928844E+001  0.4597972E+001  0.2877300E+001  0.2217044E+000 -0.1207009E+000  0.0000000E+000
   8.000    08012000  0.3924578E+001  0.4596887E+001  0.2870986E+001  0.2431158E+000 -0.1284340E+000  0.0000000E+000
   9.000    09012000  0.3915677E+001  0.4596462E+001  0.2866768E+001  0.2616479E+000 -0.1387127E+000  0.0000000E+000
  10.000    10012000  0.3909058E+001  0.4591532E+001  0.2857795E+001  0.2965585E+000 -0.1609503E+000  0.0000000E+000
  11.000    11012000  0.3907669E+001  0.4587024E+001  0.2850648E+001  0.3290324E+000 -0.1789716E+000  0.0000000E+000
  12.000    12012000  0.3903446E+001  0.4586044E+001  0.2844077E+001  0.3515354E+000 -0.1903741E+000  0.0000000E+000
  13.000    13012000  0.3902602E+001  0.4583330E+001  0.2835998E+001  0.3866446E+000 -0.2086942E+000  0.0000000E+000
  14.000    14012000  0.3894077E+001  0.4582766E+001  0.2826722E+001  0.3978538E+000 -0.2145129E+000  0.0000000E+000
  15.000    15012000  0.3892347E+001  0.4581911E+001  0.2820030E+001  0.4157714E+000 -0.2198410E+000  0.0000000E+000
  16.000    16012000  0.3892887E+001  0.4581456E+001  0.2815987E+001  0.4452160E+000 -0.2301716E+000  0.0000000E+000
  17.000    17012000  0.3893335E+001  0.4580880E+001  0.2808764E+001  0.4663099E+000 -0.2369558E+000  0.0000000E+000
  18.000    18012000  0.3875830E+001  0.4579788E+001  0.2804034E+001  0.4663099E+000 -0.2416617E+000  0.0000000E+000
  19.000    19012000  0.3859377E+001  0.4577718E+001  0.2799816E+001  0.4663099E+000 -0.2467418E+000  0.0000000E+000
  20.000    20012000  0.3843886E+001  0.4574906E+001  0.2795924E+001  0.4663099E+000 -0.2524094E+000  0.0000000E+000
  21.000    21012000  0.3829809E+001  0.4571416E+001  0.2791788E+001  0.4663099E+000 -0.2575729E+000  0.0000000E+000
  22.000    22012000  0.3816702E+001  0.4567349E+001  0.2787725E+001  0.4663099E+000 -0.2625388E+000  0.0000000E+000
  23.000    23012000  0.3804031E+001  0.4562909E+001  0.2783435E+001  0.4663099E+000 -0.2678852E+000  0.0000000E+000
  24.000    24012000  0.3794871E+001  0.4558219E+001  0.2779172E+001  0.4663099E+000 -0.2735086E+000  0.0000000E+000
  25.000    25012000  0.3786373E+001  0.4553358E+001  0.2774811E+001  0.4663099E+000 -0.2790001E+000  0.0000000E+000
  26.000    26012000  0.3778559E+001  0.4548315E+001  0.2770773E+001  0.4663099E+000 -0.2842465E+000  0.0000000E+000
  27.000    27012000  0.3771056E+001  0.4543129E+001  0.2766798E+001  0.4663099E+000 -0.2894548E+000  0.0000000E+000
  28.000    28012000  0.3764031E+001  0.4537779E+001  0.2763301E+001  0.4663099E+000 -0.2945393E+000  0.0000000E+000
  29.000    29012000  0.3757019E+001  0.4532302E+001  0.2759765E+001  0.4663099E+000 -0.2996911E+000  0.0000000E+000
  30.000    30012000  0.3749285E+001  0.4526828E+001  0.2755519E+001  0.4663099E+000 -0.3053763E+000  0.0000000E+000
  31.000    31012000  0.3741751E+001  0.4521378E+001  0.2751625E+001  0.4663099E+000 -0.3111378E+000  0.0000000E+000
  32.000    01022000  0.3734632E+001  0.4515908E+001  0.2747962E+001  0.4663099E+000 -0.3167217E+000  0.0000000E+000
  33.000    02022000  0.3727527E+001  0.4510465E+001  0.2744196E+001  0.4663099E+000 -0.3223601E+000  0.0000000E+000
  34.000    03022000  0.3720516E+001  0.4505003E+001  0.2740555E+001  0.4663099E+000 -0.3280029E+000  0.0000000E+000
  35.000    04022000  0.3713095E+001  0.4499615E+001  0.2737020E+001  0.4663099E+000 -0.3340143E+000  0.0000000E+000
  36.000    05022000  0.3705755E+001  0.4494260E+001  0.2733475E+001  0.4663099E+000 -0.3400482E+000  0.0000000E+000
  37.000    06022000  0.3698582E+001  0.4488912E+001  0.2729943E+001  0.4663099E+000 -0.3459985E+000  0.0000000E+000
  38.000    07022000  0.3691306E+001  0.4483554E+001  0.2726394E+001  0.4663099E+000 -0.3520765E+000  0.0000000E+000
  39.000    08022000  0.3684096E+001  0.4478191E+001  0.2722834E+001  0.4663099E+000 -0.3581458E+000  0.0000000E+000
  40.000    09022000  0.3677110E+001  0.4472794E+001  0.2719331E+001  0.4663099E+000 -0.3640619E+000  0.0000000E+000
  41.000    10022000  0.3670123E+001  0.4467340E+001  0.2715784E+001  0.4663099E+000 -0.3699687E+000  0.0000000E+000
  42.000    11022000  0.3663068E+001  0.4461799E+001  0.2712213E+001  0.4663099E+000 -0.3759127E+000  0.0000000E+000
  43.000    12022000  0.3656100E+001  0.4456107E+001  0.2708637E+001  0.4663099E+000 -0.3817533E+000  0.0000000E+000
  44.000    13022000  0.3649319E+001  0.4450412E+001  0.2705064E+001  0.4663099E+000 -0.3874182E+000  0.0000000E+000
  45.000    14022000  0.3642500E+001  0.4444535E+001  0.2701477E+001  0.4663099E+000 -0.3931322E+000  0.0000000E+000
  46.000    15022000  0.3635664E+001  0.4438618E+001  0.2697909E+001  0.4663099E+000 -0.3987507E+000  0.0000000E+000
  47.000    16022000  0.3671865E+001  0.4433159E+001  0.2697979E+001  0.5209632E+000 -0.4131870E+000  0.0000000E+000
  48.000    17022000  0.3695199E+001  0.4430549E+001  0.2697802E+001  0.5572048E+000 -0.4235239E+000  0.0000000E+000
  49.000    18022000  0.3685508E+001  0.4428721E+001  0.2691792E+001  0.5572048E+000 -0.4294367E+000  0.0000000E+000
  50.000    19022000  0.3697624E+001  0.4425515E+001  0.2692996E+001  0.5875165E+000 -0.4434112E+000  0.0000000E+000
  51.000    20022000  0.3714573E+001  0.4424193E+001  0.2691420E+001  0.6173672E+000 -0.4518588E+000  0.0000000E+000
  52.000    21022000  0.3726900E+001  0.4423621E+001  0.2688203E+001  0.6440765E+000 -0.4591733E+000  0.0000000E+000
  53.000    22022000  0.3742396E+001  0.4423710E+001  0.2686287E+001  0.6763314E+000 -0.4671753E+000  0.0000000E+000
  54.000    23022000  0.3761445E+001  0.4424506E+001  0.2684409E+001  0.7166633E+000 -0.4784439E+000  0.0000000E+000
  55.000    24022000  0.3784458E+001  0.4424131E+001  0.2682647E+001  0.7697306E+000 -0.4976402E+000  0.0000000E+000
  56.000    25022000  0.3794758E+001  0.4420795E+001  0.2675129E+001  0.8207192E+000 -0.5236790E+000  0.0000000E+000
  57.000    26022000  0.3811851E+001  0.4416433E+001  0.2666867E+001  0.8787141E+000 -0.5507701E+000  0.0000000E+000
  58.000    27022000  0.3834462E+001  0.4412532E+001  0.2664965E+001  0.9369319E+000 -0.5785762E+000  0.0000000E+000
  59.000    28022000  0.3855189E+001  0.4411698E+001  0.2663094E+001  0.9817226E+000 -0.5960008E+000  0.0000000E+000
  60.000    29022000  0.3876095E+001  0.4413760E+001  0.2660966E+001  0.1024049E+001 -0.6084125E+000  0.0000000E+000
  61.000    01032000  0.3893053E+001  0.4415190E+001  0.2658333E+001  0.1072367E+001 -0.6279703E+000  0.0000000E+000
  62.000    02032000  0.3908396E+001  0.4416416E+001  0.2653384E+001  0.1116971E+001 -0.6452113E+000  0.0000000E+000
  63.000    03032000  0.3922363E+001  0.4419365E+001  0.2648911E+001  0.1156146E+001 -0.6583549E+000  0.0000000E+000
  64.000    04032000  0.3941378E+001  0.4423153E+001  0.2645092E+001  0.1197813E+001 -0.6691937E+000  0.0000000E+000
  65.000    05032000  0.3960906E+001  0.4426725E+001  0.2640471E+001  0.1247361E+001 -0.6847540E+000  0.0000000E+000
  66.000    06032000  0.3981643E+001  0.4429466E+001  0.2634693E+001  0.1303301E+001 -0.7047595E+000  0.0000000E+000
  67.000    07032000  0.3996454E+001  0.4431328E+001  0.2628130E+001  0.1355693E+001 -0.7265854E+000  0.0000000E+000
  68.000    08032000  0.4020732E+001  0.4430141E+001  0.2618424E+001  0.1427037E+001 -0.7563698E+000  0.0000000E+000
  69.000    09032000  0.4033080E+001  0.4427186E+001  0.2604754E+001  0.1493520E+001 -0.7911532E+000  0.0000000E+000
  70.000    10032000  0.4052295E+001  0.4422923E+001  0.2589534E+001  0.1565166E+001 -0.8248738E+000  0.0000000E+000
  71.000    11032000  0.4074741E+001  0.4419340E+001  0.2574802E+001  0.1640825E+001 -0.8590965E+000  0.0000000E+000
  72.000    12032000  0.4090107E+001  0.4418896E+001  0.2568374E+001  0.1682160E+001 -0.8752213E+000  0.0000000E+000
  73.000    13032000  0.4109833E+001  0.4421621E+001  0.2562443E+001  0.1721678E+001 -0.8839779E+000  0.0000000E+000
  74.000    14032000  0.4130233E+001  0.4425195E+001  0.2556897E+001  0.1767865E+001 -0.8957142E+000  0.0000000E+000
  75.000    15032000  0.4149840E+001  0.4428221E+001  0.2551007E+001  0.1821582E+001 -0.9141274E+000  0.0000000E+000
  76.000    16032000  0.4163630E+001  0.4429411E+001  0.2542173E+001  0.1879649E+001 -0.9404655E+000  0.0000000E+000
  77.000    17032000  0.4183837E+001  0.4427386E+001  0.2533030E+001  0.1936499E+001 -0.9644617E+000  0.0000000E+000
  78.000    18032000  0.4197236E+001  0.4429493E+001  0.2529205E+001  0.1967940E+001 -0.9731898E+000  0.0000000E+000
  79.000    19032000  0.4207640E+001  0.4432261E+001  0.2524276E+001  0.2002863E+001 -0.9854947E+000  0.0000000E+000
  80.000    20032000  0.4217923E+001  0.4434272E+001  0.2518397E+001  0.2040872E+001 -0.1001083E+001  0.0000000E+000
  81.000    21032000  0.4238574E+001  0.4436137E+001  0.2513556E+001  0.2087157E+001 -0.1015392E+001  0.0000000E+000
  82.000    22032000  0.4255075E+001  0.4438693E+001  0.2509274E+001  0.2130942E+001 -0.1030569E+001  0.0000000E+000
  83.000    23032000  0.4276121E+001  0.4440336E+001  0.2503476E+001  0.2183544E+001 -0.1049198E+001  0.0000000E+000
  84.000    24032000  0.4298852E+001  0.4441655E+001  0.2496587E+001  0.2241101E+001 -0.1069959E+001  0.0000000E+000
  85.000    25032000  0.4313630E+001  0.4440019E+001  0.2485578E+001  0.2301870E+001 -0.1099910E+001  0.0000000E+000
  86.000    26032000  0.4349330E+001  0.4437210E+001  0.2475974E+001  0.2376514E+001 -0.1125927E+001  0.0000000E+000
  87.000    27032000  0.4363724E+001  0.4438097E+001  0.2468119E+001  0.2424302E+001 -0.1145485E+001  0.0000000E+000
  88.000    28032000  0.4384272E+001  0.4438382E+001  0.2460111E+001  0.2477119E+001 -0.1164912E+001  0.0000000E+000
  89.000    29032000  0.4409763E+001  0.4440297E+001  0.2454196E+001  0.2529603E+001 -0.1179745E+001  0.0000000E+000
  90.000    30032000  0.4427648E+001  0.4443057E+001  0.2447374E+001  0.2578000E+001 -0.1196704E+001  0.0000000E+000
  91.000    31032000  0.4453141E+001  0.4445330E+001  0.2440005E+001  0.2635530E+001 -0.1214647E+001  0.0000000E+000
  92.000    01042000  0.4481233E+001  0.4447999E+001  0.2432037E+001  0.2700331E+001 -0.1235289E+001  0.0000000E+000
  93.000    02042000  0.4494865E+001  0.4448954E+001  0.2422986E+001  0.2755889E+001 -0.1261297E+001  0.0000000E+000
  94.000    03042000  0.4511164E+001  0.4443912E+001  0.2410532E+001  0.2825202E+001 -0.1298176E+001  0.0000000E+000
  95.000    04042000  0.4533648E+001  0.4438767E+001  0.2401239E+001  0.2883067E+001 -0.1323278E+001  0.0000000E+000
  96.000    05042000  0.4557065E+001  0.4439534E+001  0.2396105E+001  0.2929984E+001 -0.1336898E+001  0.0000000E+000
  97.000    06042000  0.4594750E+001  0.4439818E+001  0.2384788E+001  0.3011857E+001 -0.1363674E+001  0.0000000E+000
  98.000    07042000  0.4634070E+001  0.4436943E+001  0.2370167E+001  0.3106510E+001 -0.1399898E+001  0.0000000E+000
  99.000    08042000  0.4654510E+001  0.4435405E+001  0.2361720E+001  0.3161398E+001 -0.1422981E+001  0.0000000E+000
 100.000    09042000  0.4677843E+001  0.4436996E+001  0.2357120E+001  0.3208117E+001 -0.1436057E+001  0.0000000E+000
 101.000    10042000  0.4698609E+001  0.4438036E+001  0.2349193E+001  0.3263379E+001 -0.1456804E+001  0.0000000E+000
 102.000    11042000  0.4720995E+001  0.4436968E+001  0.2338084E+001  0.3328936E+001 -0.1484854E+001  0.0000000E+000
 103.000    12042000  0.4750110E+001  0.4433954E+001  0.2325012E+001  0.3404055E+001 -0.1515481E+001  0.0000000E+000
 104.000    13042000  0.4754918E+001  0.4433895E+001  0.2321636E+001  0.3425943E+001 -0.1525490E+001  0.0000000E+000
 105.000    14042000  0.4769745E+001  0.4434841E+001  0.2316435E+001  0.3463693E+001 -0.1538283E+001  0.0000000E+000
 106.000    15042000  0.4794693E+001  0.4434487E+001  0.2305897E+001  0.3526376E+001 -0.1561797E+001  0.0000000E+000
 107.000    16042000  0.4817945E+001  0.4430263E+001  0.2291080E+001  0.3598895E+001 -0.1594877E+001  0.0000000E+000
 108.000    17042000  0.4839649E+001  0.4424566E+001  0.2278512E+001  0.3663995E+001 -0.1625749E+001  0.0000000E+000
 109.000    18042000  0.4857724E+001  0.4421817E+001  0.2273013E+001  0.3704517E+001 -0.1641451E+001  0.0000000E+000
 110.000    19042000  0.4882414E+001  0.4420285E+001  0.2264931E+001  0.3762157E+001 -0.1662567E+001  0.0000000E+000
 111.000    20042000  0.4380628E+001  0.4417793E+001  0.2253596E+001  0.3822625E+001 -0.1688688E+001  0.0000000E+000
 112.000    21042000  0.4408030E+001  0.4413378E+001  0.2251004E+001  0.3888668E+001 -0.1717041E+001  0.0000000E+000
 113.000    22042000  0.4428123E+001  0.4411525E+001  0.2249876E+001  0.3932900E+001 -0.1734212E+001  0.0000000E+000
 114.000    23042000  0.4458229E+001  0.4410564E+001  0.2248371E+001  0.3991687E+001 -0.1753726E+001  0.0000000E+000
 115.000    24042000  0.4473912E+001  0.4410028E+001  0.2246397E+001  0.4035517E+001 -0.1772899E+001  0.0000000E+000
 116.000    25042000  0.4486785E+001  0.4409101E+001  0.2244285E+001  0.4070523E+001 -0.1788190E+001  0.0000000E+000
 117.000    26042000  0.4508378E+001  0.4408992E+001  0.2242258E+001  0.4115521E+001 -0.1803291E+001  0.0000000E+000
 118.000    27042000  0.4534993E+001  0.4408881E+001  0.2241247E+001  0.4169505E+001 -0.1821838E+001  0.0000000E+000
 119.000    28042000  0.4539766E+001  0.4408080E+001  0.2239752E+001  0.4198522E+001 -0.1838425E+001  0.0000000E+000
 120.000    29042000  0.4566724E+001  0.4407001E+001  0.2237716E+001  0.4253266E+001 -0.1857614E+001  0.0000000E+000
 121.000    30042000  0.4596216E+001  0.4405355E+001  0.2235123E+001  0.4315690E+001 -0.1880681E+001  0.0000000E+000
 122.000    01052000  0.4621998E+001  0.4402704E+001  0.2234220E+001  0.4378568E+001 -0.1907434E+001  0.0000000E+000
 123.000    02052000  0.4642348E+001  0.4398041E+001  0.2233199E+001  0.4436822E+001 -0.1936689E+001  0.0000000E+000
 124.000    03052000  0.4686243E+001  0.4393294E+001  0.2231889E+001  0.4516399E+001 -0.1964156E+001  0.0000000E+000
 125.000    04052000  0.4724998E+001  0.4390707E+001  0.2231073E+001  0.4592080E+001 -0.1991077E+001  0.0000000E+000
 126.000    05052000  0.4775009E+001  0.4388566E+001  0.2228872E+001  0.4686555E+001 -0.2023491E+001  0.0000000E+000
 127.000    06052000  0.4831692E+001  0.4385322E+001  0.2227970E+001  0.4796639E+001 -0.2063898E+001  0.0000000E+000
 128.000    07052000  0.4884144E+001  0.4381353E+001  0.2224825E+001  0.4901275E+001 -0.2103861E+001  0.0000000E+000
 129.000    08052000  0.3896129E+001  0.4375817E+001  0.2222283E+001  0.5001764E+001 -0.2144218E+001  0.0000000E+000
 130.000    09052000  0.3950632E+001  0.4370437E+001  0.2242907E+001  0.5107589E+001 -0.2184407E+001  0.0000000E+000
 131.000    10052000  0.3995102E+001  0.4365084E+001  0.2262577E+001  0.5202289E+001 -0.2223848E+001  0.0000000E+000
 132.000    11052000  0.4051216E+001  0.4361770E+001  0.2276675E+001  0.5300722E+001 -0.2255852E+001  0.0000000E+000
 133.000    12052000  0.4105301E+001  0.4358593E+001  0.2294572E+001  0.5411170E+001 -0.2298630E+001  0.0000000E+000
 134.000    13052000  0.4167403E+001  0.4352484E+001  0.2318492E+001  0.5533423E+001 -0.2346566E+001  0.0000000E+000
 135.000    14052000  0.4222265E+001  0.4348488E+001  0.2329382E+001  0.5631696E+001 -0.2380346E+001  0.0000000E+000
 136.000    15052000  0.4269180E+001  0.4347825E+001  0.2337830E+001  0.5714625E+001 -0.2405965E+001  0.0000000E+000
 137.000    16052000  0.4314705E+001  0.4348853E+001  0.2346986E+001  0.5800256E+001 -0.2433062E+001  0.0000000E+000
 138.000    17052000  0.4359005E+001  0.4348644E+001  0.2360500E+001  0.5894206E+001 -0.2467890E+001  0.0000000E+000
 139.000    18052000  0.4415050E+001  0.4345119E+001  0.2384789E+001  0.6009010E+001 -0.2512008E+001  0.0000000E+000
 140.000    19052000  0.4472999E+001  0.4339532E+001  0.2406821E+001  0.6128396E+001 -0.2559968E+001  0.0000000E+000
 141.000    20052000  0.4527451E+001  0.4333330E+001  0.2428291E+001  0.6241037E+001 -0.2605922E+001  0.0000000E+000
 142.000    21052000  0.4580552E+001  0.4327942E+001  0.2445807E+001  0.6341610E+001 -0.2643650E+001  0.0000000E+000
 143.000    22052000  0.4636649E+001  0.4321862E+001  0.2461117E+001  0.6445964E+001 -0.2681420E+001  0.0000000E+000
 144.000    23052000  0.4675468E+001  0.4318474E+001  0.2473311E+001  0.6527699E+001 -0.2713417E+001  0.0000000E+000
 145.000    24052000  0.4729884E+001  0.4311331E+001  0.2490277E+001  0.6638847E+001 -0.2758294E+001  0.0000000E+000
 146.000    25052000  0.4759610E+001  0.4301733E+001  0.2510863E+001  0.6717173E+001 -0.2798284E+001  0.0000000E+000
 147.000    26052000  0.3866333E+001  0.4295125E+001  0.2524721E+001  0.6808120E+001 -0.2831277E+001  0.0000000E+000
 148.000    27052000  0.3917481E+001  0.4289992E+001  0.2558667E+001  0.6910523E+001 -0.2871722E+001  0.0000000E+000
 149.000    28052000  0.3959455E+001  0.4283963E+001  0.2590360E+001  0.6997486E+001 -0.2908630E+001  0.0000000E+000
 150.000    29052000  0.4008169E+001  0.4280971E+001  0.2605474E+001  0.7078214E+001 -0.2932549E+001  0.0000000E+000
 151.000    30052000  0.4060403E+001  0.4282594E+001  0.2619551E+001  0.7163855E+001 -0.2954427E+001  0.0000000E+000
 152.000    31052000  0.4122875E+001  0.4285344E+001  0.2643925E+001  0.7272738E+001 -0.2986031E+001  0.0000000E+000
 153.000    01062000  0.4176811E+001  0.4284845E+001  0.2678669E+001  0.7389678E+001 -0.3033014E+001  0.0000000E+000
 154.000    02062000  0.4250804E+001  0.4281064E+001  0.2722726E+001  0.7534799E+001 -0.3089952E+001  0.0000000E+000
 155.000    03062000  0.4313139E+001  0.4276128E+001  0.2760507E+001  0.7659562E+001 -0.3140012E+001  0.0000000E+000
 156.000    04062000  0.4343845E+001  0.4272662E+001  0.2780630E+001  0.7738207E+001 -0.3177067E+001  0.0000000E+000
 157.000    05062000  0.4365850E+001  0.4267419E+001  0.2805478E+001  0.7804390E+001 -0.3212246E+001  0.0000000E+000
 158.000    06062000  0.4427332E+001  0.4263526E+001  0.2824339E+001  0.7908868E+001 -0.3245865E+001  0.0000000E+000
 159.000    07062000  0.4492818E+001  0.4265322E+001  0.2839073E+001  0.8015050E+001 -0.3273664E+001  0.0000000E+000
 160.000    08062000  0.4552068E+001  0.4269258E+001  0.2856412E+001  0.8121596E+001 -0.3305171E+001  0.0000000E+000
 161.000    09062000  0.4618693E+001  0.4272104E+001  0.2880333E+001  0.8248691E+001 -0.3347721E+001  0.0000000E+000
 162.000    10062000  0.4699683E+001  0.4274285E+001  0.2914034E+001  0.8395024E+001 -0.3394747E+001  0.0000000E+000
 163.000    11062000  0.4776550E+001  0.4277275E+001  0.2945922E+001  0.8540726E+001 -0.3444560E+001  0.0000000E+000
 164.000    12062000  0.4826179E+001  0.4278756E+001  0.2978836E+001  0.8661562E+001 -0.3497769E+001  0.0000000E+000
 165.000    13062000  0.4002608E+001  0.4276239E+001  0.3009694E+001  0.8804569E+001 -0.3555375E+001  0.0000000E+000
 166.000    14062000  0.4039276E+001  0.4274236E+001  0.3044514E+001  0.8907523E+001 -0.3606122E+001  0.0000000E+000
 167.000    15062000  0.4078744E+001  0.4273996E+001  0.3073902E+001  0.9008710E+001 -0.3653530E+001  0.0000000E+000
 168.000    16062000  0.4142217E+001  0.4270745E+001  0.3107127E+001  0.9134449E+001 -0.3701602E+001  0.0000000E+000
 169.000    17062000  0.4201986E+001  0.4267375E+001  0.3135218E+001  0.9257956E+001 -0.3750976E+001  0.0000000E+000
 170.000    18062000  0.4250428E+001  0.4265187E+001  0.3167788E+001  0.9372963E+001 -0.3802675E+001  0.0000000E+000
 171.000    19062000  0.4296126E+001  0.4265019E+001  0.3194060E+001  0.9479949E+001 -0.3849527E+001  0.0000000E+000
 172.000    20062000  0.4316355E+001  0.4265588E+001  0.3211129E+001  0.9552553E+001 -0.3887693E+001  0.0000000E+000
 173.000    21062000  0.4355564E+001  0.4262654E+001  0.3234870E+001  0.9652012E+001 -0.3934943E+001  0.0000000E+000
 174.000    22062000  0.2996783E+001  0.4257431E+001  0.3264781E+001  0.9749179E+001 -0.3981888E+001  0.0000000E+000
 175.000    23062000  0.3070431E+001  0.4254884E+001  0.3294027E+001  0.9880907E+001 -0.4025777E+001  0.0000000E+000
 176.000    24062000  0.3134188E+001  0.4258617E+001  0.3325025E+001  0.1000663E+002 -0.4071225E+001  0.0000000E+000
 177.000    25062000  0.3192930E+001  0.4262263E+001  0.3357564E+001  0.1013286E+002 -0.4121683E+001  0.0000000E+000
 178.000    26062000  0.3244619E+001  0.4266525E+001  0.3385852E+001  0.1025273E+002 -0.4172264E+001  0.0000000E+000
 179.000    27062000  0.3275393E+001  0.4269380E+001  0.3411873E+001  0.1034869E+002 -0.4219161E+001  0.0000000E+000
 180.000    28062000  0.3287478E+001  0.4268811E+001  0.3437705E+001  0.1042060E+002 -0.4262638E+001  0.0000000E+000
 181.000    29062000  0.3307354E+001  0.4269199E+001  0.3457464E+001  0.1049353E+002 -0.4302162E+001  0.0000000E+000
 182.000    30062000  0.3378697E+001  0.4275962E+001  0.3476928E+001  0.1061796E+002 -0.4338895E+001  0.0000000E+000
 183.000    01072000  0.3434934E+001  0.4284920E+001  0.3494206E+001  0.1073032E+002 -0.4375104E+001  0.0000000E+000
 184.000    02072000  0.3493421E+001  0.4293069E+001  0.3515210E+001  0.1084955E+002 -0.4414281E+001  0.0000000E+000
 185.000    03072000  0.3539836E+001  0.4298883E+001  0.3536514E+001  0.1096184E+002 -0.4459502E+001  0.0000000E+000
 186.000    04072000  0.3572160E+001  0.4303327E+001  0.3559655E+001  0.1106099E+002 -0.4507735E+001  0.0000000E+000
 187.000    05072000  0.3606905E+001  0.4307748E+001  0.3586611E+001  0.1116289E+002 -0.4558852E+001  0.0000000E+000
 188.000    06072000  0.3633662E+001  0.4308162E+001  0.3609457E+001  0.1125319E+002 -0.4607736E+001  0.0000000E+000
 189.000    07072000  0.3682398E+001  0.4310040E+001  0.3626028E+001  0.1136150E+002 -0.4650901E+001  0.0000000E+000
 190.000    08072000  0.3730117E+001  0.4315099E+001  0.3644560E+001  0.1147118E+002 -0.4694715E+001  0.0000000E+000
 191.000    09072000  0.3777366E+001  0.4319576E+001  0.3663773E+001  0.1158778E+002 -0.4746762E+001  0.0000000E+000
 192.000    10072000  0.3830124E+001  0.4321977E+001  0.3686791E+001  0.1171364E+002 -0.4803873E+001  0.0000000E+000
 193.000    11072000  0.3881383E+001  0.4325164E+001  0.3706194E+001  0.1183446E+002 -0.4857122E+001  0.0000000E+000
 194.000    12072000  0.3930247E+001  0.4331812E+001  0.3719824E+001  0.1194533E+002 -0.4900803E+001  0.0000000E+000
 195.000    13072000  0.3955886E+001  0.4341269E+001  0.3730979E+001  0.1202972E+002 -0.4939191E+001  0.0000000E+000
 196.000    14072000  0.4003694E+001  0.4347853E+001  0.3745804E+001  0.1214268E+002 -0.4986045E+001  0.0000000E+000
 197.000    15072000  0.4053156E+001  0.4353799E+001  0.3758685E+001  0.1225759E+002 -0.5032482E+001  0.0000000E+000
 198.000    16072000  0.4109665E+001  0.4363125E+001  0.3772388E+001  0.1237958E+002 -0.5076787E+001  0.0000000E+000
 199.000    17072000  0.4151833E+001  0.4372242E+001  0.3786628E+001  0.1248802E+002 -0.5121203E+001  0.0000000E+000
 200.000    18072000  0.4210082E+001  0.4381369E+001  0.3801778E+001  0.1261697E+002 -0.5170530E+001  0.0000000E+000
 201.000    19072000  0.4268619E+001  0.4388130E+001  0.3816129E+001  0.1275038E+002 -0.5225344E+001  0.0000000E+000
 202.000    20072000  0.4319862E+001  0.4397483E+001  0.3825741E+001  0.1286773E+002 -0.5268922E+001  0.0000000E+000
 203.000    21072000  0.4351747E+001  0.4408609E+001  0.3834096E+001  0.1296527E+002 -0.5311719E+001  0.0000000E+000
 204.000    22072000  0.4383576E+001  0.4416936E+001  0.3842869E+001  0.1306081E+002 -0.5353929E+001  0.0000000E+000
 205.000    23072000  0.4390198E+001  0.4422774E+001  0.3853370E+001  0.1312960E+002 -0.5397003E+001  0.0000000E+000
 206.000    24072000  0.4406679E+001  0.4427032E+001  0.3860088E+001  0.1320082E+002 -0.5435068E+001  0.0000000E+000
 207.000    25072000  0.4421064E+001  0.4432560E+001  0.3866511E+001  0.1326537E+002 -0.5469073E+001  0.0000000E+000
 208.000    26072000  0.4460479E+001  0.4433519E+001  0.3873027E+001  0.1335900E+002 -0.5508585E+001  0.0000000E+000
 209.000    27072000  0.4512759E+001  0.4431732E+001  0.3881848E+001  0.1347214E+002 -0.5554599E+001  0.0000000E+000
 210.000    28072000  0.4573247E+001  0.4432815E+001  0.3888879E+001  0.1359668E+002 -0.5603591E+001  0.0000000E+000
 211.000    29072000  0.4599594E+001  0.4432842E+001  0.3895912E+001  0.1368726E+002 -0.5652365E+001  0.0000000E+000
 212.000    30072000  0.4644873E+001  0.4433082E+001  0.3904431E+001  0.1379752E+002 -0.5702806E+001  0.0000000E+000
 213.000    31072000  0.4682254E+001  0.4430117E+001  0.3911121E+001  0.1390113E+002 -0.5755560E+001  0.0000000E+000
 214.000    01082000  0.4721132E+001  0.4430502E+001  0.3915776E+001  0.1400330E+002 -0.5804560E+001  0.0000000E+000
 215.000    02082000  0.4750615E+001  0.4432389E+001  0.3921320E+001  0.1409688E+002 -0.5855652E+001  0.0000000E+000
 216.000    03082000  0.4774936E+001  0.4430789E+001  0.3925059E+001  0.1418385E+002 -0.5906085E+001  0.0000000E+000
 217.000    04082000  0.4812717E+001  0.4430375E+001  0.3928970E+001  0.1428286E+002 -0.5955537E+001  0.0000000E+000
 218.000    05082000  0.4864505E+001  0.4431353E+001  0.3934002E+001  0.1439479E+002 -0.6001806E+001  0.0000000E+000
 219.000    06082000  0.4919369E+001  0.4430726E+001  0.3938911E+001  0.1451646E+002 -0.6053988E+001  0.0000000E+000
 220.000    07082000  0.4962672E+001  0.4426199E+001  0.3943001E+001  0.1463238E+002 -0.6114136E+001  0.0000000E+000
 221.000    08082000  0.5001890E+001  0.4420161E+001  0.3946996E+001  0.1474197E+002 -0.6173588E+001  0.0000000E+000
 222.000    09082000  0.5053849E+001  0.4416080E+001  0.3949270E+001  0.1486493E+002 -0.6233181E+001  0.0000000E+000
 223.000    10082000  0.5107297E+001  0.4415271E+001  0.3952289E+001  0.1498350E+002 -0.6283863E+001  0.0000000E+000
 224.000    11082000  0.5158095E+001  0.4415474E+001  0.3954293E+001  0.1509979E+002 -0.6334062E+001  0.0000000E+000
 225.000    12082000  0.5205930E+001  0.4421340E+001  0.3955727E+001  0.1520778E+002 -0.6376160E+001  0.0000000E+000
 226.000    13082000  0.5229010E+001  0.4431249E+001  0.3955782E+001  0.1528393E+002 -0.6409111E+001  0.0000000E+000
 227.000    14082000  0.5263982E+001  0.4441058E+001  0.3957482E+001  0.1537848E+002 -0.6449297E+001  0.0000000E+000
 228.000    15082000  0.5317439E+001  0.4446887E+001  0.3958555E+001  0.1549344E+002 -0.6492477E+001  0.0000000E+000
 229.000    16082000  0.5374902E+001  0.4449614E+001  0.3960639E+001  0.1562010E+002 -0.6544991E+001  0.0000000E+000
 230.000    17082000  0.5405841E+001  0.4454313E+001  0.3963290E+001  0.1571283E+002 -0.6590626E+001  0.0000000E+000
 231.000    18082000  0.5410186E+001  0.4454333E+001  0.3966072E+001  0.1578055E+002 -0.6641504E+001  0.0000000E+000
 232.000    19082000  0.5447134E+001  0.4455365E+001  0.3967539E+001  0.1587048E+002 -0.6682742E+001  0.0000000E+000
 233.000    20082000  0.5489122E+001  0.4461005E+001  0.3967798E+001  0.1596020E+002 -0.6715527E+001  0.0000000E+000
 234.000    21082000  0.5529834E+001  0.4468594E+001  0.3968435E+001  0.1605052E+002 -0.6748419E+001  0.0000000E+000
 235.000    22082000  0.5572397E+001  0.4477852E+001  0.3969267E+001  0.1614424E+002 -0.6781904E+001  0.0000000E+000
 236.000    23082000  0.5616095E+001  0.4484798E+001  0.3969889E+001  0.1624440E+002 -0.6821059E+001  0.0000000E+000
 237.000    24082000  0.5657372E+001  0.4489447E+001  0.3970994E+001  0.1634518E+002 -0.6866153E+001  0.0000000E+000
 238.000    25082000  0.5700921E+001  0.4491102E+001  0.3972471E+001  0.1645028E+002 -0.6914390E+001  0.0000000E+000
 239.000    26082000  0.5742827E+001  0.4493532E+001  0.3972864E+001  0.1655316E+002 -0.6961649E+001  0.0000000E+000
 240.000    27082000  0.5755848E+001  0.4492808E+001  0.3973883E+001  0.1662290E+002 -0.7006576E+001  0.0000000E+000
 241.000    28082000  0.5814181E+001  0.4493577E+001  0.3973560E+001  0.1673515E+002 -0.7048008E+001  0.0000000E+000
 242.000    29082000  0.5856472E+001  0.4495313E+001  0.3973541E+001  0.1683498E+002 -0.7092825E+001  0.0000000E+000
 243.000    30082000  0.5865770E+001  0.4495665E+001  0.3972296E+001  0.1689994E+002 -0.7137339E+001  0.0000000E+000
 244.000    31082000  0.5889698E+001  0.4490948E+001  0.3971208E+001  0.1698316E+002 -0.7189549E+001  0.0000000E+000
 245.000    01092000  0.5939706E+001  0.4482414E+001  0.3969942E+001  0.1709302E+002 -0.7244346E+001  0.0000000E+000
 246.000    02092000  0.5977066E+001  0.4474310E+001  0.3968098E+001  0.1718580E+002 -0.7292811E+001  0.0000000E+000
 247.000    03092000  0.6008175E+001  0.4467888E+001  0.3965443E+001  0.1727157E+002 -0.7341554E+001  0.0000000E+000
 248.000    04092000  0.6011556E+001  0.4460571E+001  0.3962055E+001  0.1732514E+002 -0.7387236E+001  0.0000000E+000
 249.000    05092000  0.6021113E+001  0.4455032E+001  0.3958751E+001  0.1737132E+002 -0.7419043E+001  0.0000000E+000
 250.000    06092000  0.6068656E+001  0.4456423E+001  0.3955878E+001  0.1745409E+002 -0.7445553E+001  0.0000000E+000
 251.000    07092000  0.6124939E+001  0.4459702E+001  0.3953570E+001  0.1755270E+002 -0.7476731E+001  0.0000000E+000
 252.000    08092000  0.6165110E+001  0.4460658E+001  0.3950889E+001  0.1764195E+002 -0.7514064E+001  0.0000000E+000
 253.000    09092000  0.6221230E+001  0.4461381E+001  0.3947740E+001  0.1775075E+002 -0.7554286E+001  0.0000000E+000
 254.000    10092000  0.6269751E+001  0.4463797E+001  0.3943964E+001  0.1785488E+002 -0.7597207E+001  0.0000000E+000
 255.000    11092000  0.6328854E+001  0.4464242E+001  0.3939726E+001  0.1797047E+002 -0.7640442E+001  0.0000000E+000
 256.000    12092000  0.6369426E+001  0.4466733E+001  0.3934591E+001  0.1806838E+002 -0.7684558E+001  0.0000000E+000
 257.000    13092000  0.6405978E+001  0.4468178E+001  0.3928359E+001  0.1816533E+002 -0.7732916E+001  0.0000000E+000
 258.000    14092000  0.6433092E+001  0.4464656E+001  0.3922102E+001  0.1824972E+002 -0.7780744E+001  0.0000000E+000
 259.000    15092000  0.6465055E+001  0.4463141E+001  0.3917201E+001  0.1832788E+002 -0.7817131E+001  0.0000000E+000
 260.000    16092000  0.6507979E+001  0.4471302E+001  0.3913908E+001  0.1840732E+002 -0.7838475E+001  0.0000000E+000
 261.000    17092000  0.6548146E+001  0.4480848E+001  0.3910564E+001  0.1848715E+002 -0.7859922E+001  0.0000000E+000
 262.000    18092000  0.6557823E+001  0.4490958E+001  0.3906869E+001  0.1853947E+002 -0.7884793E+001  0.0000000E+000
 263.000    19092000  0.6578958E+001  0.4492648E+001  0.3901845E+001  0.1861267E+002 -0.7924234E+001  0.0000000E+000
 264.000    20092000  0.6597470E+001  0.4491632E+001  0.3894991E+001  0.1868621E+002 -0.7969104E+001  0.0000000E+000
 265.000    21092000  0.6635965E+001  0.4487677E+001  0.3887106E+001  0.1877915E+002 -0.8015975E+001  0.0000000E+000
 266.000    22092000  0.6666465E+001  0.4488561E+001  0.3881428E+001  0.1885163E+002 -0.8048297E+001  0.0000000E+000
 267.000    23092000  0.6693705E+001  0.4487454E+001  0.3874405E+001  0.1892581E+002 -0.8085621E+001  0.0000000E+000
 268.000    24092000  0.6739001E+001  0.4483148E+001  0.3864863E+001  0.1902649E+002 -0.8130880E+001  0.0000000E+000
 269.000    25092000  0.6749144E+001  0.4480816E+001  0.3857472E+001  0.1908173E+002 -0.8166983E+001  0.0000000E+000
 270.000    26092000  0.6766479E+001  0.4484225E+001  0.3852591E+001  0.1913157E+002 -0.8188040E+001  0.0000000E+000
 271.000    27092000  0.6799283E+001  0.4487660E+001  0.3847305E+001  0.1919979E+002 -0.8210969E+001  0.0000000E+000
 272.000    28092000  0.6838305E+001  0.4493925E+001  0.3842586E+001  0.1927640E+002 -0.8234249E+001  0.0000000E+000
 273.000    29092000  0.6873580E+001  0.4499974E+001  0.3837838E+001  0.1935182E+002 -0.8259447E+001  0.0000000E+000
 274.000    30092000  0.6912282E+001  0.4506453E+001  0.3832532E+001  0.1943403E+002 -0.8287175E+001  0.0000000E+000
 275.000    01102000  0.6950042E+001  0.4512501E+001  0.3827009E+001  0.1951714E+002 -0.8317000E+001  0.0000000E+000
 276.000    02102000  0.6983142E+001  0.4518834E+001  0.3821443E+001  0.1959693E+002 -0.8348129E+001  0.0000000E+000
 277.000    03102000  0.7012385E+001  0.4521751E+001  0.3814087E+001  0.1967873E+002 -0.8386332E+001  0.0000000E+000
 278.000    04102000  0.7023400E+001  0.4521702E+001  0.3805753E+001  0.1974093E+002 -0.8425300E+001  0.0000000E+000
 279.000    05102000  0.7044928E+001  0.4520010E+001  0.3794659E+001  0.1981740E+002 -0.8467133E+001  0.0000000E+000
 280.000    06102000  0.7063525E+001  0.4516367E+001  0.3784062E+001  0.1988737E+002 -0.8507723E+001  0.0000000E+000
 281.000    07102000  0.7096226E+001  0.4517582E+001  0.3777574E+001  0.1995636E+002 -0.8532326E+001  0.0000000E+000
 282.000    08102000  0.7114056E+001  0.4524794E+001  0.3770146E+001  0.2000184E+002 -0.8544842E+001  0.0000000E+000
 283.000    09102000  0.7142713E+001  0.4533778E+001  0.3760016E+001  0.2006019E+002 -0.8555830E+001  0.0000000E+000
 284.000    10102000  0.7171904E+001  0.4544235E+001  0.3753670E+001  0.2012347E+002 -0.8569739E+001  0.0000000E+000
 285.000    11102000  0.7200391E+001  0.4554605E+001  0.3747720E+001  0.2018969E+002 -0.8586320E+001  0.0000000E+000
 286.000    12102000  0.7225613E+001  0.4565078E+001  0.3743020E+001  0.2025569E+002 -0.8606571E+001  0.0000000E+000
 287.000    13102000  0.7253491E+001  0.4575257E+001  0.3737255E+001  0.2032566E+002 -0.8627889E+001  0.0000000E+000
 288.000    14102000  0.7280408E+001  0.4584858E+001  0.3731133E+001  0.2039746E+002 -0.8652232E+001  0.0000000E+000
 289.000    15102000  0.7304959E+001  0.4593141E+001  0.3724783E+001  0.2046812E+002 -0.8678141E+001  0.0000000E+000
 290.000    16102000  0.7321700E+001  0.4599774E+001  0.3717520E+001  0.2053278E+002 -0.8707473E+001  0.0000000E+000
 291.000    17102000  0.7336685E+001  0.4604099E+001  0.3709302E+001  0.2059573E+002 -0.8738699E+001  0.0000000E+000
 292.000    18102000  0.7349100E+001  0.4604025E+001  0.3699899E+001  0.2065721E+002 -0.8773915E+001  0.0000000E+000
 293.000    19102000  0.7357957E+001  0.4607059E+001  0.3692253E+001  0.2070561E+002 -0.8798766E+001  0.0000000E+000
 294.000    20102000  0.7367375E+001  0.4611628E+001  0.3686173E+001  0.2075435E+002 -0.8819861E+001  0.0000000E+000
 295.000    21102000  0.7304570E+001  0.4614493E+001  0.3678475E+001  0.2080028E+002 -0.8845815E+001  0.0000000E+000
 296.000    22102000  0.7248505E+001  0.4612918E+001  0.3668457E+001  0.2085256E+002 -0.8878054E+001  0.0000000E+000
 297.000    23102000  0.7201388E+001  0.4613252E+001  0.3660945E+001  0.2089918E+002 -0.8900506E+001  0.0000000E+000
 298.000    24102000  0.7169803E+001  0.4616698E+001  0.3651838E+001  0.2095951E+002 -0.8921726E+001  0.0000000E+000
 299.000    25102000  0.7142895E+001  0.4617462E+001  0.3642625E+001  0.2102714E+002 -0.8949038E+001  0.0000000E+000
 300.000    26102000  0.7118177E+001  0.4621118E+001  0.3632929E+001  0.2109331E+002 -0.8973538E+001  0.0000000E+000
 301.000    27102000  0.7092179E+001  0.4623902E+001  0.3621202E+001  0.2116041E+002 -0.9002321E+001  0.0000000E+000
 302.000    28102000  0.7071456E+001  0.4625786E+001  0.3608118E+001  0.2123347E+002 -0.9034126E+001  0.0000000E+000
 303.000    29102000  0.7043726E+001  0.4632384E+001  0.3600420E+001  0.2128129E+002 -0.9051230E+001  0.0000000E+000
 304.000    30102000  0.7005118E+001  0.4639677E+001  0.3590936E+001  0.2131553E+002 -0.9066816E+001  0.0000000E+000
 305.000    31102000  0.6976727E+001  0.4646250E+001  0.3580980E+001  0.2135619E+002 -0.9081752E+001  0.0000000E+000
 306.000    01112000  0.6962524E+001  0.4653008E+001  0.3570269E+001  0.2140993E+002 -0.9096442E+001  0.0000000E+000
 307.000    02112000  0.6951677E+001  0.4659816E+001  0.3561333E+001  0.2146672E+002 -0.9112427E+001  0.0000000E+000
 308.000    03112000  0.6942757E+001  0.4666358E+001  0.3552607E+001  0.2152850E+002 -0.9133136E+001  0.0000000E+000
 309.000    04112000  0.6926331E+001  0.4670299E+001  0.3543293E+001  0.2158728E+002 -0.9160639E+001  0.0000000E+000
 310.000    05112000  0.6904621E+001  0.4675023E+001  0.3534505E+001  0.2162859E+002 -0.9179990E+001  0.0000000E+000
 311.000    06112000  0.6881643E+001  0.4681323E+001  0.3523526E+001  0.2166404E+002 -0.9194030E+001  0.0000000E+000
 312.000    07112000  0.6860464E+001  0.4685326E+001  0.3516248E+001  0.2171061E+002 -0.9215791E+001  0.0000000E+000
 313.000    08112000  0.6755689E+001  0.4685581E+001  0.3505407E+001  0.2178057E+002 -0.9247052E+001  0.0000000E+000
 314.000    09112000  0.6633572E+001  0.4681848E+001  0.3490508E+001  0.2183342E+002 -0.9285879E+001  0.0000000E+000
 315.000    10112000  0.6537603E+001  0.4679861E+001  0.3480372E+001  0.2188877E+002 -0.9312423E+001  0.0000000E+000
 316.000    11112000  0.6452375E+001  0.4684618E+001  0.3474226E+001  0.2194027E+002 -0.9328264E+001  0.0000000E+000
 317.000    12112000  0.6355951E+001  0.4690085E+001  0.3465205E+001  0.2197338E+002 -0.9342183E+001  0.0000000E+000
 318.000    13112000  0.6276170E+001  0.4695038E+001  0.3454759E+001  0.2202137E+002 -0.9358379E+001  0.0000000E+000
 319.000    14112000  0.6201497E+001  0.4699686E+001  0.3447926E+001  0.2206613E+002 -0.9374602E+001  0.0000000E+000
 320.000    15112000  0.6122214E+001  0.4705590E+001  0.3436124E+001  0.2209478E+002 -0.9383701E+001  0.0000000E+000
 321.000    16112000  0.6039729E+001  0.4710428E+001  0.3428964E+001  0.2211495E+002 -0.9392646E+001  0.0000000E+000
 322.000    17112000  0.5970355E+001  0.4714739E+001  0.3423227E+001  0.2214545E+002 -0.9405651E+001  0.0000000E+000
 323.000    18112000  0.5898555E+001  0.4718082E+001  0.3415021E+001  0.2216223E+002 -0.9413067E+001  0.0000000E+000
 324.000    19112000  0.5822831E+001  0.4720291E+001  0.3408367E+001  0.2216912E+002 -0.9419679E+001  0.0000000E+000
 325.000    20112000  0.5758819E+001  0.4721151E+001  0.3401303E+001  0.2218275E+002 -0.9425700E+001  0.0000000E+000
 326.000    21112000  0.5699197E+001  0.4721644E+001  0.3394325E+001  0.2219580E+002 -0.9431278E+001  0.0000000E+000
 327.000    22112000  0.5653803E+001  0.4721528E+001  0.3387550E+001  0.2221911E+002 -0.9436899E+001  0.0000000E+000
 328.000    23112000  0.5615220E+001  0.4721152E+001  0.3381275E+001  0.2224712E+002 -0.9443381E+001  0.0000000E+000
 329.000    24112000  0.5570173E+001  0.4721404E+001  0.3376556E+001  0.2226580E+002 -0.9450052E+001  0.0000000E+000
 330.000    25112000  0.5520391E+001  0.4721583E+001  0.3373523E+001  0.2228220E+002 -0.9459119E+001  0.0000000E+000
 331.000    26112000  0.5445720E+001  0.4721496E+001  0.3369767E+001  0.2232276E+002 -0.9469040E+001  0.0000000E+000
 332.000    27112000  0.5376828E+001  0.4722699E+001  0.3365474E+001  0.2236561E+002 -0.9481654E+001  0.0000000E+000
 333.000    28112000  0.5314002E+001  0.4724975E+001  0.3357178E+001  0.2240836E+002 -0.9493214E+001  0.0000000E+000
 334.000    29112000  0.5242574E+001  0.4727418E+001  0.3351704E+001  0.2244095E+002 -0.9506149E+001  0.0000000E+000
 335.000    30112000  0.5187392E+001  0.4729957E+001  0.3344553E+001  0.2247398E+002 -0.9516291E+001  0.0000000E+000
 336.000    01122000  0.5135052E+001  0.4732723E+001  0.3338341E+001  0.2250541E+002 -0.9523525E+001  0.0000000E+000
 337.000    02122000  0.5077165E+001  0.4735453E+001  0.3333308E+001  0.2252521E+002 -0.9529604E+001  0.0000000E+000
 338.000    03122000  0.5015652E+001  0.4737343E+001  0.3326863E+001  0.2253675E+002 -0.9535050E+001  0.0000000E+000
 339.000    04122000  0.4969703E+001  0.4738572E+001  0.3320891E+001  0.2256048E+002 -0.9541016E+001  0.0000000E+000
 340.000    05122000  0.4934179E+001  0.4738891E+001  0.3316000E+001  0.2259187E+002 -0.9548080E+001  0.0000000E+000
 341.000    06122000  0.4891111E+001  0.4740203E+001  0.3311109E+001  0.2261197E+002 -0.9553969E+001  0.0000000E+000
 342.000    07122000  0.4854117E+001  0.4741416E+001  0.3307736E+001  0.2263639E+002 -0.9561398E+001  0.0000000E+000
 343.000    08122000  0.4831686E+001  0.4742791E+001  0.3306694E+001  0.2267455E+002 -0.9570513E+001  0.0000000E+000
 344.000    09122000  0.4806624E+001  0.4744354E+001  0.3303058E+001  0.2270598E+002 -0.9577892E+001  0.0000000E+000
 345.000    10122000  0.4764693E+001  0.4745407E+001  0.3299558E+001  0.2271594E+002 -0.9583637E+001  0.0000000E+000
 346.000    11122000  0.4739215E+001  0.4746796E+001  0.3298089E+001  0.2274366E+002 -0.9592988E+001  0.0000000E+000
 347.000    12122000  0.4711093E+001  0.4746331E+001  0.3291702E+001  0.2277254E+002 -0.9607953E+001  0.0000000E+000
 348.000    13122000  0.4680024E+001  0.4746196E+001  0.3287171E+001  0.2278882E+002 -0.9613944E+001  0.0000000E+000
 349.000    14122000  0.4626955E+001  0.4746257E+001  0.3284125E+001  0.2281078E+002 -0.9621450E+001  0.0000000E+000
 350.000    15122000  0.4585041E+001  0.4747155E+001  0.3280856E+001  0.2284157E+002 -0.9630277E+001  0.0000000E+000
 351.000    16122000  0.4534568E+001  0.4748319E+001  0.3277590E+001  0.2286021E+002 -0.9638815E+001  0.0000000E+000
 352.000    17122000  0.4495640E+001  0.4745244E+001  0.3270779E+001  0.2289704E+002 -0.9657626E+001  0.0000000E+000
 353.000    18122000  0.4460856E+001  0.4745453E+001  0.3264732E+001  0.2291657E+002 -0.9663795E+001  0.0000000E+000
 354.000    19122000  0.4422501E+001  0.4745377E+001  0.3259507E+001  0.2292890E+002 -0.9669422E+001  0.0000000E+000
 355.000    20122000  0.4381836E+001  0.4743211E+001  0.3252943E+001  0.2293443E+002 -0.9674026E+001  0.0000000E+000
 356.000    21122000  0.4353469E+001  0.4740364E+001  0.3248140E+001  0.2294942E+002 -0.9679106E+001  0.0000000E+000
 357.000    22122000  0.4326228E+001  0.4738504E+001  0.3242544E+001  0.2296543E+002 -0.9684516E+001  0.0000000E+000
 358.000    23122000  0.4293634E+001  0.4734902E+001  0.3236367E+001  0.2297168E+002 -0.9688733E+001  0.0000000E+000
 359.000    24122000  0.4273897E+001  0.4732427E+001  0.3231013E+001  0.2299132E+002 -0.9694121E+001  0.0000000E+000
 360.000    25122000  0.4243224E+001  0.4729015E+001  0.3224445E+001  0.2299714E+002 -0.9698666E+001  0.0000000E+000
 361.000    26122000  0.4214573E+001  0.4725304E+001  0.3218310E+001  0.2300245E+002 -0.9702819E+001  0.0000000E+000
 362.000    27122000  0.4201129E+001  0.4721889E+001  0.3214694E+001  0.2302298E+002 -0.9708784E+001  0.0000000E+000
 363.000    28122000  0.4180962E+001  0.4719054E+001  0.3209904E+001  0.2303534E+002 -0.9713953E+001  0.0000000E+000
 364.000    29122000  0.4163638E+001  0.4714977E+001  0.3204576E+001  0.2304842E+002 -0.9718772E+001  0.0000000E+000
 365.000    30122000  0.4142922E+001  0.4710746E+001  0.3198644E+001  0.2305646E+002 -0.9723008E+001  0.0000000E+000
 366.000    31122000  0.4125603E+001  0.4706555E+001  0.3193148E+001  0.2306679E+002 -0.9727375E+001  0.0000000E+000
