    DOY     DATE    RESIDUE_C       HUMUS_C         ATM_CO2         NBP             ECO_LAI         ECO_GPP         ECO_RA          ECO_NPP         ECO_RH          
  30.000    30011969  0.6265913E+003  0.7224227E+004  0.3406120E+003  0.1250295E+002  0.1216789E+002  0.4496300E+002 -0.3639328E+002  0.8569715E+001 -0.2993809E+001
  60.000    01031969  0.6361971E+003  0.7225014E+004  0.3406120E+003  0.5215890E+002  0.1177917E+002  0.1493014E+003 -0.9343365E+002  0.5586776E+002 -0.7611839E+001
  90.000    31031969  0.6371471E+003  0.7225549E+004  0.3406120E+003  0.1377127E+003  0.1156012E+002  0.3299961E+003 -0.1785510E+003  0.1514451E+003 -0.1740487E+002
 120.000    30041969  0.6292182E+003  0.7225617E+004  0.3406120E+003  0.2456896E+003  0.1170041E+002  0.5625069E+003 -0.2882519E+003  0.2742550E+003 -0.3237999E+002
 150.000    30051969  0.6171035E+003  0.7223032E+004  0.3406120E+003  0.3672997E+003  0.1270218E+002  0.8864353E+003 -0.4663266E+003  0.4201086E+003 -0.5791765E+002
 180.000    29061969  0.6013076E+003  0.7217212E+004  0.3406120E+003  0.4809640E+003  0.1465220E+002  0.1251996E+004 -0.6786336E+003  0.5733619E+003 -0.9161559E+002
 210.000    29071969  0.5888762E+003  0.7208396E+004  0.3406120E+003  0.5668373E+003  0.1551920E+002  0.1606817E+004 -0.9190909E+003  0.6877256E+003 -0.1277014E+003
 240.000    28081969  0.5819714E+003  0.7198101E+004  0.3406120E+003  0.6386107E+003  0.1538857E+002  0.1941244E+004 -0.1151701E+004  0.7895428E+003 -0.1628782E+003
 270.000    27091969  0.5753133E+003  0.7190330E+004  0.3406120E+003  0.7115336E+003  0.1508721E+002  0.2231859E+004 -0.1338202E+004  0.8936567E+003 -0.1901979E+003
 300.000    27101969  0.5696525E+003  0.7185700E+004  0.3406120E+003  0.7734943E+003  0.1437072E+002  0.2451565E+004 -0.1472842E+004  0.9787230E+003 -0.2104063E+003
 330.000    26111969  0.5852446E+003  0.7184157E+004  0.3406120E+003  0.8180756E+003  0.1365465E+002  0.2605765E+004 -0.1572071E+004  0.1033693E+004 -0.2234067E+003
 360.000    26121969  0.6146793E+003  0.7183773E+004  0.3406120E+003  0.8221144E+003  0.1296993E+002  0.2717395E+004 -0.1650029E+004  0.1067366E+004 -0.2330548E+003
