    DOY     DATE    SHOOT_C         ROOT_C          LAI             GPP             AUTO_RESP       HVST_C          
  30.000    30011921  0.1606718E+002  0.8204780E+003  0.4737532E-001  0.0000000E+000 -0.2544287E+002  0.0000000E+000
  60.000    01031921  0.1506968E+002  0.7803801E+003  0.4181079E-004  0.0000000E+000 -0.4574635E+002  0.0000000E+000
  90.000    31031921  0.5929541E+001  0.7287538E+003  0.2893101E+000  0.1046437E+001 -0.7540571E+002  0.0000000E+000
 120.000    30041921  0.1051968E+003  0.7242903E+003  0.2891187E+001  0.1555521E+003 -0.1544466E+003  0.0000000E+000
 150.000    30051921  0.2841161E+003  0.7905500E+003  0.6352443E+001  0.5837701E+003 -0.3269910E+003  0.0000000E+000
 180.000    29061921  0.4480702E+003  0.8648927E+003  0.7863300E+001  0.1060660E+004 -0.5500776E+003  0.0000000E+000
 210.000    29071921  0.5566216E+003  0.9110918E+003  0.8082227E+001  0.1475064E+004 -0.7928388E+003  0.0000000E+000
 240.000    28081921  0.6191459E+003  0.9715267E+003  0.8082227E+001  0.1861348E+004 -0.1039084E+004  0.0000000E+000
 270.000    27091921  0.4610625E+003  0.1133554E+004  0.3598781E+001  0.2212809E+004 -0.1254869E+004  0.0000000E+000
 300.000    27101921  0.3345564E+003  0.1192168E+004  0.1510190E+001  0.2391460E+004 -0.1381491E+004  0.0000000E+000
 330.000    26111921  0.1002744E+003  0.1079412E+004  0.1132908E+001  0.2418828E+004 -0.1452803E+004  0.0000000E+000
 360.000    26121921  0.4282141E+002  0.9966937E+003  0.9428277E+000  0.2418828E+004 -0.1497020E+004  0.0000000E+000
