    DOY     DATE    SHOOT_C         ROOT_C          LAI             GPP             AUTO_RESP       HVST_C          
  30.000    30011967  0.1218148E+005  0.3595703E+003  0.8330358E+001  0.5005660E+002 -0.3645354E+002  0.0000000E+000
  60.000    01031967  0.1219681E+005  0.3641845E+003  0.8140563E+001  0.1438527E+003 -0.8919670E+002  0.0000000E+000
  90.000    31031967  0.1223715E+005  0.3745716E+003  0.8246479E+001  0.2792362E+003 -0.1547221E+003  0.0000000E+000
 120.000    30041967  0.1235391E+005  0.3792031E+003  0.8722840E+001  0.5288156E+003 -0.2824208E+003  0.0000000E+000
 150.000    30051967  0.1247719E+005  0.3848257E+003  0.9020930E+001  0.8116808E+003 -0.4249949E+003  0.0000000E+000
 180.000    29061967  0.1256621E+005  0.3757669E+003  0.9124308E+001  0.1138365E+004 -0.6579531E+003  0.0000000E+000
 210.000    29071967  0.1265867E+005  0.3616912E+003  0.9134010E+001  0.1466773E+004 -0.8914117E+003  0.0000000E+000
 240.000    28081967  0.1275959E+005  0.3479930E+003  0.9136322E+001  0.1773977E+004 -0.1093827E+004  0.0000000E+000
 270.000    27091967  0.1285018E+005  0.3423063E+003  0.9120958E+001  0.2041430E+004 -0.1262014E+004  0.0000000E+000
 300.000    27101967  0.1291290E+005  0.3476704E+003  0.9027412E+001  0.2238021E+004 -0.1377167E+004  0.0000000E+000
 330.000    26111967  0.1293044E+005  0.3562163E+003  0.8782992E+001  0.2372273E+004 -0.1459699E+004  0.0000000E+000
 360.000    26121967  0.1290171E+005  0.3675087E+003  0.8488109E+001  0.2441928E+004 -0.1508306E+004  0.0000000E+000
