    DOY     DATE    PRECN           ET              WATER           DISCHG          SNOWPACK        WTR_1           WTR_2           WTR_3           WTR_4           WTR_5           WTR_6           ICE_2           ICE_3           ICE_4           ICE_5           ICE_6           ICE_7           PSI_3           PSI_4           PSI_5           PSI_6           PSI_7           PSI_8           ACTV_LYR        
  30.000    30011906  0.5409000E+002  0.1786536E+002  0.7676580E+003  0.1345789E+001  0.0000000E+000  0.3352262E+000  0.3536523E+000  0.3530613E+000  0.2907194E+000  0.2921969E+000  0.3532294E+000  0.9435942E-012  0.9482321E-012  0.0000000E+000  0.0000000E+000  0.0000000E+000  0.0000000E+000 -0.5834579E-002 -0.4642151E-002 -0.2782629E-002 -0.2773205E-002 -0.3004982E-002 -0.4706667E-002 -0.9999000E+004
  60.000    01031906  0.2160300E+003  0.4075495E+002  0.8569360E+003  0.5049743E+002  0.0000000E+000  0.3449625E+000  0.3602760E+000  0.3620367E+000  0.2989992E+000  0.3044487E+000  0.3667721E+000  0.9435942E-012  0.9482321E-012  0.0000000E+000  0.0000000E+000  0.0000000E+000  0.0000000E+000 -0.4660176E-002 -0.3997678E-002 -0.2216988E-002 -0.2094719E-002 -0.2498792E-002 -0.2807864E-002 -0.9999000E+004
  90.000    31031906  0.3985700E+003  0.8570810E+002  0.8466218E+003  0.1981484E+003  0.0000000E+000  0.3534641E+000  0.3516002E+000  0.3638805E+000  0.3025202E+000  0.2809379E+000  0.3590209E+000  0.9435942E-012  0.9482321E-012  0.0000000E+000  0.0000000E+000  0.0000000E+000  0.0000000E+000 -0.5104118E-002 -0.3779675E-002 -0.3230583E-002 -0.2453435E-002 -0.2494889E-002 -0.3027246E-002 -0.9999000E+004
 120.000    30041906  0.5374000E+003  0.1620992E+003  0.8056236E+003  0.3015855E+003  0.0000000E+000  0.2933501E+000  0.2896685E+000  0.2940447E+000  0.2347781E+000  0.2373205E+000  0.3524221E+000  0.9435942E-012  0.9482321E-012  0.0000000E+000  0.0000000E+000  0.0000000E+000  0.0000000E+000 -0.1709869E-001 -0.1300897E-001 -0.7532429E-002 -0.2818947E-002 -0.2616087E-002 -0.3571422E-002 -0.9999000E+004
 150.000    30051906  0.6646200E+003  0.2675107E+003  0.7697222E+003  0.3592953E+003  0.0000000E+000  0.3263388E+000  0.3345178E+000  0.3432309E+000  0.2744916E+000  0.2712495E+000  0.3481624E+000  0.9435942E-012  0.9482321E-012  0.0000000E+000  0.0000000E+000  0.0000000E+000  0.0000000E+000 -0.7827689E-002 -0.6008609E-002 -0.3972291E-002 -0.3113847E-002 -0.3602340E-002 -0.5535444E-002 -0.9999000E+004
 180.000    29061906  0.7415000E+003  0.3948794E+003  0.6976292E+003  0.3808995E+003  0.0000000E+000  0.2645239E+000  0.2097862E+000  0.2037613E+000  0.1787571E+000  0.2012790E+000  0.3256701E+000  0.9435942E-012  0.9482321E-012  0.0000000E+000  0.0000000E+000  0.0000000E+000  0.0000000E+000 -0.9989439E-001 -0.5338677E-001 -0.1891204E-001 -0.5326181E-002 -0.4317498E-002 -0.6542927E-002 -0.9999000E+004
 210.000    29071906  0.7767200E+003  0.5243811E+003  0.5906374E+003  0.3936096E+003  0.0000000E+000  0.1154050E+000  0.1129729E+000  0.1182211E+000  0.9964113E-001  0.1083340E+000  0.2652395E+000  0.9435942E-012  0.9482321E-012  0.0000000E+000  0.0000000E+000  0.0000000E+000  0.0000000E+000 -0.1330726E+001 -0.1088459E+001 -0.7846960E+000 -0.3068899E-001 -0.1054955E-001 -0.1519686E-001 -0.9999000E+004
 240.000    28081906  0.8431600E+003  0.6373591E+003  0.5361824E+003  0.4015265E+003  0.0000000E+000  0.1355488E+000  0.1337736E+000  0.1506253E+000  0.1120103E+000  0.1098870E+000  0.2116803E+000  0.9435942E-012  0.9482321E-012  0.0000000E+000  0.0000000E+000  0.0000000E+000  0.0000000E+000 -0.4095669E+000 -0.5969975E+000 -0.7244125E+000 -0.2270525E+000 -0.3735803E-001 -0.5393707E-001 -0.9999000E+004
 270.000    27091906  0.9017100E+003  0.7265088E+003  0.5014776E+003  0.4056316E+003  0.0000000E+000  0.1453497E+000  0.1461301E+000  0.1540098E+000  0.1271308E+000  0.1207792E+000  0.1959737E+000  0.9435942E-012  0.9482321E-012  0.0000000E+000  0.0000000E+000  0.0000000E+000  0.0000000E+000 -0.3748530E+000 -0.3102732E+000 -0.4098439E+000 -0.4502608E+000 -0.1083645E+000 -0.1575823E+000 -0.9999000E+004
 300.000    27101906  0.1022010E+004  0.7651912E+003  0.5830952E+003  0.4056316E+003  0.0000000E+000  0.3248242E+000  0.3469513E+000  0.3476099E+000  0.2819732E+000  0.2679555E+000  0.2084853E+000  0.9435942E-012  0.9482321E-012  0.0000000E+000  0.0000000E+000  0.0000000E+000  0.0000000E+000 -0.6742799E-002 -0.5309260E-002 -0.4246132E-002 -0.2605147E+000 -0.1136507E+000 -0.1494638E+000 -0.9999000E+004
 330.000    26111906  0.1142040E+004  0.7966848E+003  0.6716316E+003  0.4056316E+003  0.0000000E+000  0.3229153E+000  0.3559991E+000  0.3520102E+000  0.2906731E+000  0.2937567E+000  0.3573234E+000  0.9435942E-012  0.9482321E-012  0.0000000E+000  0.0000000E+000  0.0000000E+000  0.0000000E+000 -0.5594960E-002 -0.4638717E-002 -0.2707959E-002 -0.2528467E-002 -0.5467222E-002 -0.1142297E+000 -0.9999000E+004
 360.000    26121906  0.1289740E+004  0.8207316E+003  0.7958457E+003  0.4056316E+003  0.0000000E+000  0.9150937E-001  0.1022244E+000  0.3178736E+000  0.2501106E+000  0.2515221E+000  0.3560512E+000  0.3951735E+000  0.2987251E-001  0.0000000E+000  0.0000000E+000  0.0000000E+000  0.0000000E+000 -0.1179578E-001 -0.9472722E-002 -0.5691256E-002 -0.2596752E-002 -0.2551471E-002 -0.3287532E-002 -0.9999000E+004
