    DOY     DATE    PRECN           ET              WATER           DISCHG          SNOWPACK        WTR_1           WTR_2           WTR_3           WTR_4           WTR_5           WTR_6           ICE_2           ICE_3           ICE_4           ICE_5           ICE_6           ICE_7           PSI_3           PSI_4           PSI_5           PSI_6           PSI_7           PSI_8           ACTV_LYR        
  30.000    30011955  0.4526000E+002  0.1916604E+002  0.8102028E+003  0.2075469E+002  0.0000000E+000  0.1776414E+000  0.3385202E+000  0.3418152E+000  0.2713705E+000  0.2635133E+000  0.3563637E+000  0.4296631E-001  0.9399186E-012  0.0000000E+000  0.0000000E+000  0.0000000E+000  0.0000000E+000 -0.7652114E-002 -0.6448536E-002 -0.4572541E-002 -0.2579925E-002 -0.2553724E-002 -0.3276130E-002 -0.9999000E+004
  60.000    01031955  0.9693000E+002  0.4558006E+002  0.8004991E+003  0.5557279E+002  0.0000000E+000  0.3386428E+000  0.3455676E+000  0.3590805E+000  0.2909676E+000  0.2903393E+000  0.3567847E+000  0.9581478E-012  0.9399186E-012  0.0000000E+000  0.0000000E+000  0.0000000E+000  0.0000000E+000 -0.5849389E-002 -0.4626643E-002 -0.2873432E-002 -0.2558072E-002 -0.2857856E-002 -0.4521189E-002 -0.9999000E+004
  90.000    31031955  0.1733100E+003  0.8331190E+002  0.7994463E+003  0.9527365E+002  0.0000000E+000  0.3273671E+000  0.3257426E+000  0.3317827E+000  0.2590708E+000  0.2520637E+000  0.3514331E+000  0.9655549E-012  0.9399186E-012  0.0000000E+000  0.0000000E+000  0.0000000E+000  0.0000000E+000 -0.9700222E-002 -0.8008675E-002 -0.5646352E-002 -0.2883389E-002 -0.2820643E-002 -0.4234182E-002 -0.9999000E+004
 120.000    30041955  0.2064900E+003  0.1507985E+003  0.7244103E+003  0.1360030E+003  0.0000000E+000  0.2834395E+000  0.3023254E+000  0.3021255E+000  0.2348893E+000  0.2216273E+000  0.3217425E+000  0.9655549E-012  0.9399186E-012  0.0000000E+000  0.0000000E+000  0.0000000E+000  0.0000000E+000 -0.1491344E-001 -0.1303817E-001 -0.1059964E-001 -0.5872060E-002 -0.4375503E-002 -0.6590302E-002 -0.9999000E+004
 150.000    30051955  0.2816200E+003  0.2278849E+003  0.7073054E+003  0.1511516E+003  0.0000000E+000  0.3569206E+000  0.3383652E+000  0.3474737E+000  0.2655592E+000  0.2568536E+000  0.3043868E+000  0.9655549E-012  0.9399186E-012  0.0000000E+000  0.0000000E+000  0.0000000E+000  0.0000000E+000 -0.7898788E-002 -0.7254612E-002 -0.5161356E-002 -0.9182349E-002 -0.6575521E-002 -0.9350218E-002 -0.9999000E+004
 180.000    29061955  0.3241500E+003  0.3355243E+003  0.6344215E+003  0.1589260E+003  0.0000000E+000  0.2965395E+000  0.2905727E+000  0.2949889E+000  0.1841779E+000  0.1878367E+000  0.2871412E+000  0.9655549E-012  0.9399186E-012  0.0000000E+000  0.0000000E+000  0.0000000E+000  0.0000000E+000 -0.1676657E-001 -0.4625172E-001 -0.2866509E-001 -0.1525532E-001 -0.1085497E-001 -0.1746308E-001 -0.9999000E+004
 210.000    29071955  0.4242200E+003  0.4686062E+003  0.5977225E+003  0.1626131E+003  0.0000000E+000  0.3375563E+000  0.3365637E+000  0.3406739E+000  0.1709270E+000  0.1613993E+000  0.2665216E+000  0.9655549E-012  0.9399186E-012  0.0000000E+000  0.0000000E+000  0.0000000E+000  0.0000000E+000 -0.7646585E-002 -0.6777586E-001 -0.7145476E-001 -0.2951173E-001 -0.1977811E-001 -0.3530724E-001 -0.9999000E+004
 240.000    28081955  0.6532200E+003  0.5725494E+003  0.7227805E+003  0.1626119E+003  0.0000000E+000  0.3413812E+000  0.3479647E+000  0.3646515E+000  0.2962666E+000  0.2941836E+000  0.3741119E+000  0.9655549E-012  0.9399186E-012  0.0000000E+000  0.0000000E+000  0.0000000E+000  0.0000000E+000 -0.4944804E-002 -0.4270874E-002 -0.2561091E-002 -0.1745103E-002 -0.2495031E-002 -0.3847014E-002 -0.9999000E+004
 270.000    27091955  0.6738600E+003  0.6403099E+003  0.6756601E+003  0.1626117E+003  0.0000000E+000  0.2934355E+000  0.2854161E+000  0.2899362E+000  0.2264584E+000  0.2212408E+000  0.3332922E+000  0.9655549E-012  0.9399186E-012  0.0000000E+000  0.0000000E+000  0.0000000E+000  0.0000000E+000 -0.1835383E-001 -0.1576108E-001 -0.1070488E-001 -0.4418573E-002 -0.3535331E-002 -0.3249008E-002 -0.9999000E+004
 300.000    27101955  0.7335900E+003  0.6991856E+003  0.6765146E+003  0.1626115E+003  0.0000000E+000  0.3324473E+000  0.3603817E+000  0.3564370E+000  0.2975702E+000  0.2104763E+000  0.3097349E+000  0.9655549E-012  0.9399186E-012  0.0000000E+000  0.0000000E+000  0.0000000E+000  0.0000000E+000 -0.5333717E-002 -0.4135318E-002 -0.1456014E-001 -0.7981897E-002 -0.4883542E-002 -0.4619460E-002 -0.9999000E+004
 330.000    26111955  0.8301500E+003  0.7375104E+003  0.7355152E+003  0.1626114E+003  0.0000000E+000  0.3322166E+000  0.3688872E+000  0.3669924E+000  0.3106367E+000  0.2767341E+000  0.3577266E+000  0.9655549E-012  0.9399186E-012  0.0000000E+000  0.0000000E+000  0.0000000E+000  0.0000000E+000 -0.4484080E-002 -0.3377084E-002 -0.3700596E-002 -0.2502683E-002 -0.2504910E-002 -0.2597487E-002 -0.9999000E+004
 360.000    26121955  0.9398700E+003  0.7652445E+003  0.8173311E+003  0.1626115E+003  0.0000000E+000  0.3568329E+000  0.3438682E+000  0.3513958E+000  0.2854737E+000  0.2669678E+000  0.3573347E+000  0.9655549E-012  0.9399186E-012  0.0000000E+000  0.0000000E+000  0.0000000E+000  0.0000000E+000 -0.6261155E-002 -0.5031105E-002 -0.4326911E-002 -0.2524094E-002 -0.2505613E-002 -0.2671789E-002 -0.9999000E+004
