    DOY     DATE    PRECN           ET              WATER           DISCHG          SNOWPACK        WTR_1           WTR_2           WTR_3           WTR_4           WTR_5           WTR_6           ICE_2           ICE_3           ICE_4           ICE_5           ICE_6           ICE_7           PSI_3           PSI_4           PSI_5           PSI_6           PSI_7           PSI_8           ACTV_LYR        
  30.000    30011932  0.1255900E+003  0.1496948E+002  0.8306296E+003  0.6118876E+002  0.0000000E+000  0.3424198E+000  0.3458392E+000  0.3474636E+000  0.2781277E+000  0.2716061E+000  0.3574055E+000  0.9941994E-012  0.9515698E-012  0.0000000E+000  0.0000000E+000  0.0000000E+000  0.0000000E+000 -0.6729414E-002 -0.5775541E-002 -0.3955719E-002 -0.2520806E-002 -0.2543821E-002 -0.3156188E-002 -0.9999000E+004
  60.000    29021932  0.3094100E+003  0.4283201E+002  0.8695444E+003  0.1782314E+003  0.0000000E+000  0.3476197E+000  0.3438267E+000  0.3540215E+000  0.2874478E+000  0.2722954E+000  0.3687129E+000  0.9677451E-012  0.9515698E-012  0.0000000E+000  0.0000000E+000  0.0000000E+000  0.0000000E+000 -0.6174202E-002 -0.4847154E-002 -0.3856044E-002 -0.1911763E-002 -0.2493626E-002 -0.2501889E-002 -0.9999000E+004
  90.000    30031932  0.4729900E+003  0.8871193E+002  0.8599256E+003  0.3054567E+003  0.0000000E+000  0.3423569E+000  0.3429461E+000  0.3526951E+000  0.2862856E+000  0.2760050E+000  0.3738325E+000  0.9677451E-012  0.9515698E-012  0.0000000E+000  0.0000000E+000  0.0000000E+000  0.0000000E+000 -0.6315784E-002 -0.4929743E-002 -0.3599018E-002 -0.1709837E-002 -0.2498760E-002 -0.2530434E-002 -0.9999000E+004
 120.000    29041932  0.5912900E+003  0.1723794E+003  0.7900823E+003  0.4099325E+003  0.0000000E+000  0.2837718E+000  0.2845106E+000  0.2877142E+000  0.2314205E+000  0.2361711E+000  0.3518927E+000  0.9677451E-012  0.9515698E-012  0.0000000E+000  0.0000000E+000  0.0000000E+000  0.0000000E+000 -0.1891884E-001 -0.1402620E-001 -0.7705632E-002 -0.2853153E-002 -0.2630899E-002 -0.3538512E-002 -0.9999000E+004
 150.000    29051932  0.7429600E+003  0.2957049E+003  0.7772425E+003  0.4511167E+003  0.0000000E+000  0.3700781E+000  0.3624969E+000  0.3845293E+000  0.3268514E+000  0.2908085E+000  0.3191654E+000  0.9677451E-012  0.9515698E-012  0.0000000E+000  0.0000000E+000  0.0000000E+000  0.0000000E+000 -0.3792624E-002 -0.2756679E-002 -0.2972912E-002 -0.6275300E-002 -0.3995170E-002 -0.5833546E-002 -0.9999000E+004
 180.000    28061932  0.8054600E+003  0.4387445E+003  0.6761141E+003  0.4717056E+003  0.0000000E+000  0.2146864E+000  0.1656036E+000  0.1473803E+000  0.1230043E+000  0.1558202E+000  0.3085335E+000  0.9677451E-012  0.9515698E-012  0.0000000E+000  0.0000000E+000  0.0000000E+000  0.0000000E+000 -0.4869956E+000 -0.3709785E+000 -0.8842667E-001 -0.8233669E-002 -0.4607568E-002 -0.6484654E-002 -0.9999000E+004
 210.000    28071932  0.1040160E+004  0.5749159E+003  0.7590681E+003  0.4872802E+003  0.0000000E+000  0.3163961E+000  0.3613611E+000  0.3539293E+000  0.2947576E+000  0.2943467E+000  0.3577764E+000  0.9677451E-012  0.9515698E-012  0.0000000E+000  0.0000000E+000  0.0000000E+000  0.0000000E+000 -0.5405580E-002 -0.4305523E-002 -0.2682621E-002 -0.2501099E-002 -0.3839183E-002 -0.7698002E-002 -0.9999000E+004
 240.000    27081932  0.1120360E+004  0.6989002E+003  0.7041721E+003  0.4983919E+003  0.0000000E+000  0.1696021E+000  0.1678325E+000  0.1838693E+000  0.1700653E+000  0.1985766E+000  0.3293602E+000  0.9677451E-012  0.9515698E-012  0.0000000E+000  0.0000000E+000  0.0000000E+000  0.0000000E+000 -0.1598322E+000 -0.6881372E-001 -0.2049178E-001 -0.4860952E-002 -0.3447582E-002 -0.5173713E-002 -0.9999000E+004
 270.000    26091932  0.1152040E+004  0.8030814E+003  0.6196246E+003  0.5104382E+003  0.0000000E+000  0.1386550E+000  0.1344444E+000  0.1398609E+000  0.1151507E+000  0.1234621E+000  0.2811461E+000  0.9677451E-012  0.9515698E-012  0.0000000E+000  0.0000000E+000  0.0000000E+000  0.0000000E+000 -0.5995379E+000 -0.5174457E+000 -0.3579461E+000 -0.1836106E-001 -0.7647863E-002 -0.1003773E-001 -0.9999000E+004
 300.000    26101932  0.1216800E+004  0.8474437E+003  0.6312638E+003  0.5191965E+003  0.0000000E+000  0.2295921E+000  0.2299219E+000  0.2306635E+000  0.1796759E+000  0.1553898E+000  0.2729383E+000  0.9677451E-012  0.9515698E-012  0.0000000E+000  0.0000000E+000  0.0000000E+000  0.0000000E+000 -0.5488046E-001 -0.5220219E-001 -0.9011573E-001 -0.2393668E-001 -0.9391612E-002 -0.1180187E-001 -0.9999000E+004
 330.000    25111932  0.1246940E+004  0.8751827E+003  0.6274837E+003  0.5253777E+003  0.0000000E+000  0.2428241E+000  0.2431288E+000  0.2438773E+000  0.1886672E+000  0.1696416E+000  0.2700352E+000  0.9677451E-012  0.9515698E-012  0.0000000E+000  0.0000000E+000  0.0000000E+000  0.0000000E+000 -0.4211463E-001 -0.4058036E-001 -0.5310664E-001 -0.2631831E-001 -0.1047132E-001 -0.1265404E-001 -0.9999000E+004
 360.000    25121932  0.1337470E+004  0.8945685E+003  0.6949880E+003  0.5299956E+003  0.0000000E+000  0.3351018E+000  0.3417337E+000  0.3521247E+000  0.2839365E+000  0.2839268E+000  0.3188845E+000  0.9677451E-012  0.9515698E-012  0.0000000E+000  0.0000000E+000  0.0000000E+000  0.0000000E+000 -0.6224363E-002 -0.5179022E-002 -0.3192030E-002 -0.6319350E-002 -0.1033641E-001 -0.1256466E-001 -0.9999000E+004
