    DOY     DATE    SHOOT_C         ROOT_C          LAI             GPP             AUTO_RESP       HVST_C          
 135.000    15051983  0.9171935E-001  0.1395956E-001  0.1811162E-003  0.3588642E-007 -0.7293588E-004  0.0000000E+000
 136.000    16051983  0.1677134E+000  0.1942455E-001  0.5329402E-003  0.5225088E-006 -0.2730942E-003  0.0000000E+000
 137.000    17051983  0.2146849E+000  0.2205471E-001  0.8916718E-003  0.1984008E-005 -0.5461236E-003  0.0000000E+000
 138.000    18051983  0.2574131E+000  0.2669878E-001  0.1343648E-002  0.5989099E-005 -0.9365244E-003  0.0000000E+000
 139.000    19051983  0.3051529E+000  0.3165573E-001  0.1967538E-002  0.1459133E-004 -0.1548088E-002  0.0000000E+000
 140.000    20051983  0.3625561E+000  0.3853698E-001  0.2836162E-002  0.3309175E-004 -0.2576004E-002  0.0000000E+000
 141.000    21051983  0.4257220E+000  0.4588597E-001  0.3902259E-002  0.6751321E-004 -0.4127483E-002  0.0000000E+000
 142.000    22051983  0.4946098E+000  0.5600594E-001  0.5228065E-002  0.1301457E-003 -0.6369426E-002  0.0000000E+000
 143.000    23051983  0.5688869E+000  0.6847453E-001  0.6809125E-002  0.2346813E-003 -0.9464198E-002  0.0000000E+000
 144.000    24051983  0.6271074E+000  0.7718367E-001  0.8178337E-002  0.3696501E-003 -0.1258807E-001  0.0000000E+000
 145.000    25051983  0.6792755E+000  0.8674489E-001  0.9603096E-002  0.5628112E-003 -0.1606485E-001  0.0000000E+000
 146.000    26051983  0.7204336E+000  0.9415115E-001  0.1091385E-001  0.7891458E-003 -0.1957760E-001  0.0000000E+000
 147.000    27051983  0.7553677E+000  0.1022528E+000  0.1222473E-001  0.1061979E-002 -0.2336910E-001  0.0000000E+000
 148.000    28051983  0.7898193E+000  0.1125609E+000  0.1372198E-001  0.1431013E-002 -0.2774932E-001  0.0000000E+000
 149.000    29051983  0.8274001E+000  0.1241226E+000  0.1551712E-001  0.1911900E-002 -0.3331868E-001  0.0000000E+000
 150.000    30051983  0.8707485E+000  0.1385000E+000  0.1772634E-001  0.2561957E-002 -0.4062598E-001  0.0000000E+000
 151.000    31051983  0.9107254E+000  0.1528665E+000  0.1991772E-001  0.3358297E-002 -0.4854514E-001  0.0000000E+000
 152.000    01061983  0.9370997E+000  0.1642222E+000  0.2159665E-001  0.4169828E-002 -0.5531869E-001  0.0000000E+000
 153.000    02061983  0.9636657E+000  0.1779924E+000  0.2350793E-001  0.5197074E-002 -0.6294592E-001  0.0000000E+000
 154.000    03061983  0.9714385E+000  0.1857899E+000  0.2539636E-001  0.6411289E-002 -0.7096629E-001  0.0000000E+000
 155.000    04061983  0.9556597E+000  0.1894988E+000  0.2790404E-001  0.7987927E-002 -0.8188034E-001  0.0000000E+000
 156.000    05061983  0.9382777E+000  0.1952508E+000  0.3014668E-001  0.9791674E-002 -0.9256315E-001  0.0000000E+000
 157.000    06061983  0.9193879E+000  0.2019615E+000  0.3250803E-001  0.1202740E-001 -0.1042199E+000  0.0000000E+000
 158.000    07061983  0.9007787E+000  0.2088415E+000  0.3458055E-001  0.1443047E-001 -0.1155722E+000  0.0000000E+000
 159.000    08061983  0.8827499E+000  0.2158240E+000  0.3639289E-001  0.1696689E-001 -0.1264264E+000  0.0000000E+000
 160.000    09061983  0.8653950E+000  0.2226284E+000  0.3815623E-001  0.1991800E-001 -0.1372802E+000  0.0000000E+000
 161.000    10061983  0.8484271E+000  0.2289420E+000  0.3997201E-001  0.2320365E-001 -0.1486223E+000  0.0000000E+000
 162.000    11061983  0.8318467E+000  0.2346301E+000  0.4190080E-001  0.2706965E-001 -0.1608347E+000  0.0000000E+000
 163.000    12061983  0.8158568E+000  0.2396446E+000  0.4388377E-001  0.3148494E-001 -0.1737502E+000  0.0000000E+000
 164.000    13061983  0.8005093E+000  0.2438751E+000  0.4587530E-001  0.3635913E-001 -0.1873433E+000  0.0000000E+000
 165.000    14061983  0.7858542E+000  0.2472173E+000  0.4787718E-001  0.4182763E-001 -0.2018129E+000  0.0000000E+000
 166.000    15061983  0.7719339E+000  0.2497211E+000  0.4987923E-001  0.4799208E-001 -0.2172223E+000  0.0000000E+000
 167.000    16061983  0.7586349E+000  0.2517677E+000  0.5188481E-001  0.5494360E-001 -0.2334522E+000  0.0000000E+000
 168.000    17061983  0.7465495E+000  0.2531197E+000  0.5378566E-001  0.6266254E-001 -0.2501550E+000  0.0000000E+000
 169.000    18061983  0.7372850E+000  0.2540263E+000  0.5529305E-001  0.7077998E-001 -0.2651499E+000  0.0000000E+000
 170.000    19061983  0.7300970E+000  0.2548590E+000  0.5662967E-001  0.7953387E-001 -0.2790532E+000  0.0000000E+000
 171.000    20061983  0.7243699E+000  0.2557426E+000  0.5791389E-001  0.8899583E-001 -0.2923915E+000  0.0000000E+000
 172.000    21061983  0.7203708E+000  0.2565659E+000  0.5915576E-001  0.9932368E-001 -0.3051309E+000  0.0000000E+000
 173.000    22061983  0.7182065E+000  0.2578025E+000  0.6013952E-001  0.1092491E+000 -0.3153844E+000  0.0000000E+000
 174.000    23061983  0.7176320E+000  0.2593563E+000  0.6125971E-001  0.1209394E+000 -0.3255890E+000  0.0000000E+000
 175.000    24061983  0.7185661E+000  0.2605781E+000  0.6251847E-001  0.1344624E+000 -0.3365107E+000  0.0000000E+000
 176.000    25061983  0.7206489E+000  0.2613516E+000  0.6378427E-001  0.1488997E+000 -0.3476995E+000  0.0000000E+000
 177.000    26061983  0.7252317E+000  0.2615704E+000  0.6502916E-001  0.1651233E+000 -0.3587766E+000  0.0000000E+000
 178.000    27061983  0.7316669E+000  0.2616101E+000  0.6617354E-001  0.1824383E+000 -0.3693221E+000  0.0000000E+000
 179.000    28061983  0.7397720E+000  0.2615710E+000  0.6711346E-001  0.1998960E+000 -0.3784657E+000  0.0000000E+000
 180.000    29061983  0.7490012E+000  0.2616074E+000  0.6800658E-001  0.2182795E+000 -0.3873763E+000  0.0000000E+000
 181.000    30061983  0.7585352E+000  0.2617494E+000  0.6872434E-001  0.2357871E+000 -0.3950335E+000  0.0000000E+000
 182.000    01071983  0.7692468E+000  0.2620219E+000  0.6946969E-001  0.2548842E+000 -0.4029959E+000  0.0000000E+000
 183.000    02071983  0.7808265E+000  0.2622168E+000  0.7029384E-001  0.2758603E+000 -0.4120589E+000  0.0000000E+000
 184.000    03071983  0.7929400E+000  0.2623449E+000  0.7109122E-001  0.2975923E+000 -0.4214216E+000  0.0000000E+000
 185.000    04071983  0.8059414E+000  0.2624816E+000  0.7182037E-001  0.3198685E+000 -0.4304359E+000  0.0000000E+000
 186.000    05071983  0.8192663E+000  0.2627200E+000  0.7244391E-001  0.3416813E+000 -0.4385521E+000  0.0000000E+000
 187.000    06071983  0.8321717E+000  0.2631288E+000  0.7298239E-001  0.3624996E+000 -0.4459226E+000  0.0000000E+000
 188.000    07071983  0.8446490E+000  0.2637308E+000  0.7346046E-001  0.3825379E+000 -0.4527627E+000  0.0000000E+000
 189.000    08071983  0.8567013E+000  0.2645499E+000  0.7387878E-001  0.4017329E+000 -0.4589823E+000  0.0000000E+000
 190.000    09071983  0.8694731E+000  0.2654547E+000  0.7433005E-001  0.4222911E+000 -0.4657612E+000  0.0000000E+000
 191.000    10071983  0.8822989E+000  0.2662700E+000  0.7483419E-001  0.4437786E+000 -0.4734987E+000  0.0000000E+000
 192.000    11071983  0.8957456E+000  0.2669948E+000  0.7536465E-001  0.4665276E+000 -0.4819628E+000  0.0000000E+000
 193.000    12071983  0.9091444E+000  0.2676290E+000  0.7588504E-001  0.4896729E+000 -0.4909600E+000  0.0000000E+000
 194.000    13071983  0.9230173E+000  0.2680725E+000  0.7642454E-001  0.5143429E+000 -0.5011949E+000  0.0000000E+000
 195.000    14071983  0.9375771E+000  0.2683487E+000  0.7693347E-001  0.5400061E+000 -0.5119025E+000  0.0000000E+000
 196.000    15071983  0.9528025E+000  0.2686175E+000  0.7736645E-001  0.5659698E+000 -0.5222512E+000  0.0000000E+000
 197.000    16071983  0.9677114E+000  0.2689692E+000  0.7772462E-001  0.5913728E+000 -0.5322687E+000  0.0000000E+000
 198.000    17071983  0.9829466E+000  0.2692514E+000  0.7807132E-001  0.6175545E+000 -0.5428016E+000  0.0000000E+000
 199.000    18071983  0.9987661E+000  0.2695454E+000  0.7836673E-001  0.6439334E+000 -0.5529262E+000  0.0000000E+000
 200.000    19071983  0.1014852E+001  0.2698971E+000  0.7863647E-001  0.6704801E+000 -0.5628932E+000  0.0000000E+000
 201.000    20071983  0.1030747E+001  0.2702476E+000  0.7886601E-001  0.6971932E+000 -0.5732197E+000  0.0000000E+000
 202.000    21071983  0.1045906E+001  0.2704726E+000  0.7905438E-001  0.7238084E+000 -0.5843000E+000  0.0000000E+000
 203.000    22071983  0.1062163E+001  0.2706600E+000  0.7920337E-001  0.7510584E+000 -0.5949385E+000  0.0000000E+000
 204.000    23071983  0.1078009E+001  0.2710033E+000  0.7930330E-001  0.7768946E+000 -0.6044204E+000  0.0000000E+000
 205.000    24071983  0.1093855E+001  0.2713375E+000  0.7940062E-001  0.8034449E+000 -0.6146305E+000  0.0000000E+000
 206.000    25071983  0.1109705E+001  0.2717461E+000  0.7949763E-001  0.8293246E+000 -0.6241010E+000  0.0000000E+000
 207.000    26071983  0.1125121E+001  0.2723123E+000  0.7958300E-001  0.8537363E+000 -0.6323944E+000  0.0000000E+000
 208.000    27071983  0.1141041E+001  0.2731279E+000  0.7966781E-001  0.8789886E+000 -0.6407972E+000  0.0000000E+000
 209.000    28071983  0.1155907E+001  0.2739751E+000  0.7975334E-001  0.9033189E+000 -0.6493065E+000  0.0000000E+000
 210.000    29071983  0.1170919E+001  0.2748343E+000  0.7983806E-001  0.9281584E+000 -0.6581634E+000  0.0000000E+000
 211.000    30071983  0.1185704E+001  0.2756431E+000  0.7992721E-001  0.9532834E+000 -0.6675792E+000  0.0000000E+000
 212.000    31071983  0.1200606E+001  0.2764390E+000  0.8002265E-001  0.9789523E+000 -0.6774340E+000  0.0000000E+000
 213.000    01081983  0.1215589E+001  0.2771664E+000  0.8012614E-001  0.1005047E+001 -0.6877006E+000  0.0000000E+000
 214.000    02081983  0.1230239E+001  0.2779276E+000  0.8022051E-001  0.1030232E+001 -0.6973590E+000  0.0000000E+000
 215.000    03081983  0.1245008E+001  0.2788006E+000  0.8031041E-001  0.1055473E+001 -0.7068428E+000  0.0000000E+000
 216.000    04081983  0.1260251E+001  0.2796282E+000  0.8041429E-001  0.1082039E+001 -0.7172190E+000  0.0000000E+000
 217.000    05081983  0.1275817E+001  0.2803017E+000  0.8052683E-001  0.1108794E+001 -0.7276156E+000  0.0000000E+000
 218.000    06081983  0.1291570E+001  0.2809641E+000  0.8063787E-001  0.1135596E+001 -0.7378843E+000  0.0000000E+000
 219.000    07081983  0.1307216E+001  0.2815985E+000  0.8074645E-001  0.1162039E+001 -0.7479306E+000  0.0000000E+000
 220.000    08081983  0.1322744E+001  0.2821514E+000  0.8085751E-001  0.1189004E+001 -0.7586982E+000  0.0000000E+000
 221.000    09081983  0.1337734E+001  0.2825435E+000  0.8096658E-001  0.1215876E+001 -0.7700722E+000  0.0000000E+000
 222.000    10081983  0.1353079E+001  0.2829184E+000  0.8106852E-001  0.1242525E+001 -0.7808821E+000  0.0000000E+000
 223.000    11081983  0.1368247E+001  0.2832241E+000  0.8117891E-001  0.1269315E+001 -0.7920747E+000  0.0000000E+000
 224.000    12081983  0.1383641E+001  0.2835391E+000  0.8128162E-001  0.1295416E+001 -0.8023345E+000  0.0000000E+000
 225.000    13081983  0.1397616E+001  0.2841616E+000  0.8136145E-001  0.1318054E+001 -0.8102500E+000  0.0000000E+000
 226.000    14081983  0.1409516E+001  0.2851330E+000  0.8142492E-001  0.1337345E+001 -0.8165650E+000  0.0000000E+000
 227.000    15081983  0.1423551E+001  0.2862499E+000  0.8150061E-001  0.1359970E+001 -0.8239354E+000  0.0000000E+000
 228.000    16081983  0.1437710E+001  0.2872570E+000  0.8158528E-001  0.1383840E+001 -0.8325291E+000  0.0000000E+000
 229.000    17081983  0.1452090E+001  0.2880250E+000  0.8168665E-001  0.1409023E+001 -0.8424476E+000  0.0000000E+000
 230.000    18081983  0.1466521E+001  0.2886041E+000  0.8179694E-001  0.1435095E+001 -0.8533945E+000  0.0000000E+000
 231.000    19081983  0.1481252E+001  0.2889401E+000  0.8191677E-001  0.1462061E+001 -0.8651800E+000  0.0000000E+000
 232.000    20081983  0.1495160E+001  0.2890624E+000  0.8201529E-001  0.1488199E+001 -0.8771746E+000  0.0000000E+000
 233.000    21081983  0.1508552E+001  0.2889902E+000  0.8210823E-001  0.1513881E+001 -0.8893865E+000  0.0000000E+000
 234.000    22081983  0.1523219E+001  0.2887994E+000  0.8220485E-001  0.1540662E+001 -0.9014917E+000  0.0000000E+000
 235.000    23081983  0.1538564E+001  0.2884864E+000  0.8230666E-001  0.1568174E+001 -0.9137183E+000  0.0000000E+000
 236.000    24081983  0.1555160E+001  0.2882330E+000  0.8242471E-001  0.1595522E+001 -0.9244379E+000  0.0000000E+000
 237.000    25081983  0.1570554E+001  0.2884123E+000  0.8252422E-001  0.1620282E+001 -0.9333809E+000  0.0000000E+000
 238.000    26081983  0.1587080E+001  0.2888407E+000  0.8262385E-001  0.1646583E+001 -0.9425306E+000  0.0000000E+000
 239.000    27081983  0.1603221E+001  0.2892197E+000  0.8273505E-001  0.1673677E+001 -0.9529331E+000  0.0000000E+000
 240.000    28081983  0.1619547E+001  0.2894456E+000  0.8286130E-001  0.1701667E+001 -0.9642114E+000  0.0000000E+000
 241.000    29081983  0.1636081E+001  0.2896744E+000  0.8297819E-001  0.1728978E+001 -0.9746039E+000  0.0000000E+000
 242.000    30081983  0.1652633E+001  0.2899734E+000  0.8308390E-001  0.1756585E+001 -0.9852113E+000  0.0000000E+000
 243.000    31081983  0.1668720E+001  0.2902819E+000  0.8318455E-001  0.1783661E+001 -0.9957497E+000  0.0000000E+000
 244.000    01091983  0.1685224E+001  0.2904936E+000  0.8331437E-001  0.1811394E+001 -0.1006623E+001  0.0000000E+000
 245.000    02091983  0.1700681E+001  0.2908726E+000  0.8342345E-001  0.1836162E+001 -0.1015418E+001  0.0000000E+000
 246.000    03091983  0.1716198E+001  0.2913905E+000  0.8353196E-001  0.1861019E+001 -0.1024119E+001  0.0000000E+000
 247.000    04091983  0.1732626E+001  0.2918757E+000  0.8365517E-001  0.1887803E+001 -0.1033882E+001  0.0000000E+000
 248.000    05091983  0.1749072E+001  0.2921701E+000  0.8378330E-001  0.1916109E+001 -0.1045344E+001  0.0000000E+000
 249.000    06091983  0.1765742E+001  0.2922645E+000  0.8390574E-001  0.1944787E+001 -0.1057139E+001  0.0000000E+000
 250.000    07091983  0.1781788E+001  0.2923604E+000  0.8401173E-001  0.1971954E+001 -0.1068024E+001  0.0000000E+000
 251.000    08091983  0.1797603E+001  0.2924627E+000  0.8411700E-001  0.1998735E+001 -0.1078737E+001  0.0000000E+000
 252.000    09091983  0.1812818E+001  0.2926831E+000  0.8421221E-001  0.2024313E+001 -0.1088723E+001  0.0000000E+000
 253.000    10091983  0.1827582E+001  0.2927543E+000  0.8432037E-001  0.2050520E+001 -0.1099930E+001  0.0000000E+000
 254.000    11091983  0.1841482E+001  0.2928731E+000  0.8440770E-001  0.2074835E+001 -0.1110054E+001  0.0000000E+000
 255.000    12091983  0.1856670E+001  0.2929776E+000  0.8450322E-001  0.2100461E+001 -0.1120210E+001  0.0000000E+000
 256.000    13091983  0.1871682E+001  0.2931239E+000  0.8461391E-001  0.2125001E+001 -0.1129411E+001  0.0000000E+000
 257.000    14091983  0.1881992E+001  0.2935001E+000  0.8468882E-001  0.2142454E+001 -0.1136018E+001  0.0000000E+000
 258.000    15091983  0.1893947E+001  0.2943506E+000  0.8476327E-001  0.2161589E+001 -0.1142226E+001  0.0000000E+000
 259.000    16091983  0.1906875E+001  0.2952955E+000  0.8485398E-001  0.2182704E+001 -0.1149373E+001  0.0000000E+000
 260.000    17091983  0.1920398E+001  0.2961572E+000  0.8496136E-001  0.2205591E+001 -0.1157784E+001  0.0000000E+000
 261.000    18091983  0.1934610E+001  0.2967311E+000  0.8508008E-001  0.2230409E+001 -0.1167722E+001  0.0000000E+000
 262.000    19091983  0.1949236E+001  0.2971752E+000  0.8520002E-001  0.2255445E+001 -0.1177593E+001  0.0000000E+000
 263.000    20091983  0.1962824E+001  0.2975804E+000  0.8531086E-001  0.2278119E+001 -0.1186183E+001  0.0000000E+000
 264.000    21091983  0.1976896E+001  0.2980820E+000  0.8591173E-001  0.2301187E+001 -0.1194588E+001  0.0000000E+000
 265.000    22091983  0.1985952E+001  0.2987716E+000  0.8622530E-001  0.2316726E+001 -0.1200294E+001  0.0000000E+000
 266.000    23091983  0.1994527E+001  0.2999822E+000  0.8639431E-001  0.2330460E+001 -0.1204150E+001  0.0000000E+000
 267.000    24091983  0.2004079E+001  0.3013622E+000  0.8659821E-001  0.2345969E+001 -0.1208632E+001  0.0000000E+000
 268.000    25091983  0.2012928E+001  0.3028372E+000  0.8680563E-001  0.2361118E+001 -0.1213352E+001  0.0000000E+000
 269.000    26091983  0.2022986E+001  0.3042426E+000  0.8706622E-001  0.2378532E+001 -0.1219186E+001  0.0000000E+000
 270.000    27091983  0.2032862E+001  0.3054958E+000  0.8734829E-001  0.2396344E+001 -0.1225745E+001  0.0000000E+000
 271.000    28091983  0.2043593E+001  0.3066291E+000  0.8763648E-001  0.2415297E+001 -0.1232707E+001  0.0000000E+000
 272.000    29091983  0.2053933E+001  0.3076071E+000  0.8790814E-001  0.2433701E+001 -0.1239667E+001  0.0000000E+000
 273.000    30091983  0.2059554E+001  0.3086694E+000  0.8806289E-001  0.2445248E+001 -0.1244407E+001  0.0000000E+000
 274.000    01101983  0.2070481E+001  0.3098194E+000  0.8827703E-001  0.2463356E+001 -0.1250312E+001  0.0000000E+000
 275.000    02101983  0.2082368E+001  0.3107186E+000  0.8856787E-001  0.2484088E+001 -0.1258127E+001  0.0000000E+000
 276.000    03101983  0.2094302E+001  0.3114685E+000  0.8885247E-001  0.2505223E+001 -0.1266451E+001  0.0000000E+000
 277.000    04101983  0.2105944E+001  0.3120884E+000  0.8913094E-001  0.2525863E+001 -0.1274707E+001  0.0000000E+000
 278.000    05101983  0.2118504E+001  0.3124755E+000  0.8943811E-001  0.2547991E+001 -0.1283772E+001  0.0000000E+000
 279.000    06101983  0.2130678E+001  0.3128233E+000  0.8968262E-001  0.2568481E+001 -0.1291631E+001  0.0000000E+000
 280.000    07101983  0.2142178E+001  0.3135114E+000  0.8986275E-001  0.2586942E+001 -0.1297803E+001  0.0000000E+000
 281.000    08101983  0.2152628E+001  0.3143703E+000  0.9003298E-001  0.2604172E+001 -0.1303623E+001  0.0000000E+000
 282.000    09101983  0.2164081E+001  0.3151513E+000  0.9024411E-001  0.2623452E+001 -0.1310563E+001  0.0000000E+000
 283.000    10101983  0.2174637E+001  0.3158768E+000  0.9044320E-001  0.2641607E+001 -0.1317329E+001  0.0000000E+000
 284.000    11101983  0.2182283E+001  0.3165978E+000  0.9060390E-001  0.2655920E+001 -0.1323169E+001  0.0000000E+000
 285.000    12101983  0.2193994E+001  0.3172650E+000  0.9081643E-001  0.2675639E+001 -0.1330401E+001  0.0000000E+000
 286.000    13101983  0.2207317E+001  0.3176515E+000  0.9108831E-001  0.2698583E+001 -0.1339528E+001  0.0000000E+000
 287.000    14101983  0.2216106E+001  0.3180553E+000  0.9125257E-001  0.2714224E+001 -0.1345873E+001  0.0000000E+000
 288.000    15101983  0.2226019E+001  0.3189734E+000  0.9136295E-001  0.2729696E+001 -0.1350416E+001  0.0000000E+000
 289.000    16101983  0.2235896E+001  0.3200322E+000  0.9149283E-001  0.2745764E+001 -0.1355445E+001  0.0000000E+000
 290.000    17101983  0.2245786E+001  0.3211151E+000  0.9163956E-001  0.2762359E+001 -0.1360958E+001  0.0000000E+000
 291.000    18101983  0.2257014E+001  0.3221221E+000  0.9181807E-001  0.2781166E+001 -0.1367414E+001  0.0000000E+000
 292.000    19101983  0.2268706E+001  0.3230109E+000  0.9201096E-001  0.2800823E+001 -0.1374372E+001  0.0000000E+000
 293.000    20101983  0.2275739E+001  0.3238844E+000  0.9214320E-001  0.2814185E+001 -0.1379709E+001  0.0000000E+000
 294.000    21101983  0.2281846E+001  0.3248508E+000  0.9225087E-001  0.2825980E+001 -0.1384313E+001  0.0000000E+000
 295.000    22101983  0.2288022E+001  0.3257914E+000  0.9233932E-001  0.2837386E+001 -0.1388483E+001  0.0000000E+000
 296.000    23101983  0.2297346E+001  0.3266945E+000  0.9248233E-001  0.2853397E+001 -0.1394142E+001  0.0000000E+000
 297.000    24101983  0.2307437E+001  0.3273069E+000  0.9267199E-001  0.2871402E+001 -0.1401314E+001  0.0000000E+000
 298.000    25101983  0.2315992E+001  0.3278692E+000  0.9282611E-001  0.2886881E+001 -0.1407552E+001  0.0000000E+000
 299.000    26101983  0.2323224E+001  0.3287546E+000  0.9292969E-001  0.2899726E+001 -0.1412162E+001  0.0000000E+000
 300.000    27101983  0.2328647E+001  0.3299558E+000  0.9300104E-001  0.2909974E+001 -0.1415668E+001  0.0000000E+000
 301.000    28101983  0.2335890E+001  0.3313676E+000  0.9307781E-001  0.2922563E+001 -0.1419470E+001  0.0000000E+000
 302.000    29101983  0.2344461E+001  0.3325815E+000  0.9322485E-001  0.2938033E+001 -0.1425019E+001  0.0000000E+000
 303.000    30101983  0.2348762E+001  0.3336134E+000  0.9333163E-001  0.2948074E+001 -0.1429588E+001  0.0000000E+000
 304.000    31101983  0.2355199E+001  0.3348066E+000  0.9341627E-001  0.2959668E+001 -0.1433412E+001  0.0000000E+000
 305.000    01111983  0.2362820E+001  0.3359072E+000  0.9354202E-001  0.2973543E+001 -0.1438419E+001  0.0000000E+000
 306.000    02111983  0.2371114E+001  0.3368597E+000  0.9369115E-001  0.2988696E+001 -0.1444176E+001  0.0000000E+000
 307.000    03111983  0.2378820E+001  0.3376944E+000  0.9384254E-001  0.3003300E+001 -0.1450092E+001  0.0000000E+000
 308.000    04111983  0.2384403E+001  0.3383850E+000  0.9396116E-001  0.3014802E+001 -0.1455178E+001  0.0000000E+000
 309.000    05111983  0.2387062E+001  0.3394397E+000  0.9397823E-001  0.3021334E+001 -0.1457734E+001  0.0000000E+000
 310.000    06111983  0.2390794E+001  0.3406775E+000  0.9401596E-001  0.3029256E+001 -0.1460479E+001  0.0000000E+000
 311.000    07111983  0.2397136E+001  0.3419133E+000  0.9409830E-001  0.3040752E+001 -0.1464237E+001  0.0000000E+000
 312.000    08111983  0.2405415E+001  0.3429098E+000  0.9423799E-001  0.3055641E+001 -0.1469693E+001  0.0000000E+000
 313.000    09111983  0.2413125E+001  0.3437101E+000  0.9438964E-001  0.3070245E+001 -0.1475627E+001  0.0000000E+000
 314.000    10111983  0.2421585E+001  0.3441239E+000  0.9456248E-001  0.3086091E+001 -0.1482446E+001  0.0000000E+000
 315.000    11111983  0.2426724E+001  0.3444654E+000  0.9468216E-001  0.3097091E+001 -0.1487823E+001  0.0000000E+000
 316.000    12111983  0.2427940E+001  0.3452699E+000  0.9470264E-001  0.3101713E+001 -0.1490243E+001  0.0000000E+000
 317.000    13111983  0.2429197E+001  0.3464181E+000  0.9466358E-001  0.3106017E+001 -0.1491706E+001  0.0000000E+000
 318.000    14111983  0.2432319E+001  0.3477064E+000  0.9464048E-001  0.3112735E+001 -0.1493557E+001  0.0000000E+000
 319.000    15111983  0.2436214E+001  0.3489692E+000  0.9468277E-001  0.3120607E+001 -0.1496110E+001  0.0000000E+000
 320.000    16111983  0.2439850E+001  0.3497893E+000  0.9476768E-001  0.3129294E+001 -0.1500176E+001  0.0000000E+000
 321.000    17111983  0.2442067E+001  0.3508779E+000  0.9479826E-001  0.3135109E+001 -0.1502521E+001  0.0000000E+000
 322.000    18111983  0.2445555E+001  0.3521227E+000  0.9482718E-001  0.3142709E+001 -0.1505109E+001  0.0000000E+000
 323.000    19111983  0.2449457E+001  0.3533021E+000  0.9488105E-001  0.3150865E+001 -0.1508005E+001  0.0000000E+000
 324.000    20111983  0.2455418E+001  0.3542798E+000  0.9499738E-001  0.3162987E+001 -0.1512758E+001  0.0000000E+000
 325.000    21111983  0.2455239E+001  0.3545313E+000  0.9513959E-001  0.3174894E+001 -0.1518798E+001  0.0000000E+000
 326.000    22111983  0.2456649E+001  0.3551426E+000  0.9522977E-001  0.3186583E+001 -0.1523064E+001  0.0000000E+000
 327.000    23111983  0.2458876E+001  0.3558047E+000  0.9533891E-001  0.3199282E+001 -0.1527827E+001  0.0000000E+000
 328.000    24111983  0.2461911E+001  0.3562521E+000  0.9547124E-001  0.3213071E+001 -0.1533420E+001  0.0000000E+000
 329.000    25111983  0.2459934E+001  0.3565119E+000  0.9555606E-001  0.3220181E+001 -0.1537846E+001  0.0000000E+000
 330.000    26111983  0.2460092E+001  0.3573706E+000  0.9556022E-001  0.3227936E+001 -0.1540281E+001  0.0000000E+000
 331.000    27111983  0.2461390E+001  0.3583643E+000  0.9560450E-001  0.3236814E+001 -0.1543007E+001  0.0000000E+000
 332.000    28111983  0.2467687E+001  0.3591651E+000  0.9574539E-001  0.3253099E+001 -0.1548591E+001  0.0000000E+000
 333.000    29111983  0.2468845E+001  0.3596305E+000  0.9584829E-001  0.3262886E+001 -0.1553384E+001  0.0000000E+000
 334.000    30111983  0.2468318E+001  0.3605460E+000  0.9584546E-001  0.3268720E+001 -0.1555514E+001  0.0000000E+000
 335.000    01121983  0.2469475E+001  0.3616687E+000  0.9585794E-001  0.3276282E+001 -0.1557717E+001  0.0000000E+000
 336.000    02121983  0.2469808E+001  0.3628956E+000  0.9585539E-001  0.3282904E+001 -0.1559796E+001  0.0000000E+000
 337.000    03121983  0.2471400E+001  0.3640451E+000  0.9590220E-001  0.3290939E+001 -0.1562484E+001  0.0000000E+000
 338.000    04121983  0.2474976E+001  0.3650911E+000  0.9598690E-001  0.3301870E+001 -0.1566341E+001  0.0000000E+000
 339.000    05121983  0.2478653E+001  0.3658745E+000  0.9608519E-001  0.3313063E+001 -0.1570769E+001  0.0000000E+000
 340.000    06121983  0.2482972E+001  0.3665598E+000  0.9618102E-001  0.3324666E+001 -0.1575208E+001  0.0000000E+000
 341.000    07121983  0.2480536E+001  0.3671391E+000  0.9621047E-001  0.3327792E+001 -0.1578116E+001  0.0000000E+000
 342.000    08121983  0.2480083E+001  0.3682338E+000  0.9617153E-001  0.3332295E+001 -0.1579730E+001  0.0000000E+000
 343.000    09121983  0.2480071E+001  0.3694579E+000  0.9614252E-001  0.3337268E+001 -0.1581378E+001  0.0000000E+000
 344.000    10121983  0.2482422E+001  0.3706713E+000  0.9615961E-001  0.3344983E+001 -0.1583683E+001  0.0000000E+000
 345.000    11121983  0.2484803E+001  0.3717731E+000  0.9620681E-001  0.3352906E+001 -0.1586490E+001  0.0000000E+000
 346.000    12121983  0.2490042E+001  0.3723183E+000  0.9633585E-001  0.3365608E+001 -0.1591889E+001  0.0000000E+000
 347.000    13121983  0.2493590E+001  0.3726127E+000  0.9643791E-001  0.3375717E+001 -0.1596734E+001  0.0000000E+000
 348.000    14121983  0.2496390E+001  0.3731881E+000  0.9649285E-001  0.3383667E+001 -0.1599986E+001  0.0000000E+000
 349.000    15121983  0.2499146E+001  0.3738732E+000  0.9654942E-001  0.3391569E+001 -0.1603207E+001  0.0000000E+000
 350.000    16121983  0.2500395E+001  0.3747869E+000  0.9655256E-001  0.3397222E+001 -0.1605384E+001  0.0000000E+000
 351.000    17121983  0.2502604E+001  0.3758462E+000  0.9655974E-001  0.3403822E+001 -0.1607482E+001  0.0000000E+000
 352.000    18121983  0.2502984E+001  0.3769949E+000  0.9654143E-001  0.3408331E+001 -0.1609186E+001  0.0000000E+000
 353.000    19121983  0.2503525E+001  0.3781789E+000  0.9655501E-001  0.3412718E+001 -0.1610845E+001  0.0000000E+000
 354.000    20121983  0.2500601E+001  0.3794106E+000  0.9648167E-001  0.3413488E+001 -0.1611876E+001  0.0000000E+000
 355.000    21121983  0.2497649E+001  0.3806297E+000  0.9639679E-001  0.3414143E+001 -0.1612767E+001  0.0000000E+000
 356.000    22121983  0.2499272E+001  0.3818236E+000  0.9639057E-001  0.3419642E+001 -0.1614321E+001  0.0000000E+000
 357.000    23121983  0.2498489E+001  0.3830063E+000  0.9636257E-001  0.3422382E+001 -0.1615513E+001  0.0000000E+000
 358.000    24121983  0.2495980E+001  0.3841579E+000  0.9628549E-001  0.3423230E+001 -0.1616355E+001  0.0000000E+000
 359.000    25121983  0.2493214E+001  0.3852299E+000  0.9623679E-001  0.3423234E+001 -0.1616855E+001  0.0000000E+000
 360.000    26121983  0.2490576E+001  0.3861580E+000  0.9617892E-001  0.3423281E+001 -0.1617365E+001  0.0000000E+000
 361.000    27121983  0.2488870E+001  0.3868643E+000  0.9611116E-001  0.3424210E+001 -0.1617997E+001  0.0000000E+000
 362.000    28121983  0.2488230E+001  0.3876743E+000  0.9605345E-001  0.3426525E+001 -0.1618900E+001  0.0000000E+000
 363.000    29121983  0.2489798E+001  0.3885150E+000  0.9605839E-001  0.3431151E+001 -0.1620226E+001  0.0000000E+000
 364.000    30121983  0.2487220E+001  0.3893614E+000  0.9597972E-001  0.3431439E+001 -0.1620974E+001  0.0000000E+000
 365.000    31121983  0.2485347E+001  0.3901387E+000  0.9590701E-001  0.3431834E+001 -0.1621584E+001  0.0000000E+000
