    DOY     DATE    WTR_STRESS      
   1.000    01011998  0.0000000E+000
   2.000    02011998  0.0000000E+000
   3.000    03011998  0.0000000E+000
   4.000    04011998  0.0000000E+000
   5.000    05011998  0.0000000E+000
   6.000    06011998  0.0000000E+000
   7.000    07011998  0.0000000E+000
   8.000    08011998  0.0000000E+000
   9.000    09011998  0.0000000E+000
  10.000    10011998  0.0000000E+000
  11.000    11011998  0.0000000E+000
  12.000    12011998  0.0000000E+000
  13.000    13011998  0.0000000E+000
  14.000    14011998  0.0000000E+000
  15.000    15011998  0.0000000E+000
  16.000    16011998  0.0000000E+000
  17.000    17011998  0.0000000E+000
  18.000    18011998  0.0000000E+000
  19.000    19011998  0.0000000E+000
  20.000    20011998  0.0000000E+000
  21.000    21011998  0.0000000E+000
  22.000    22011998  0.0000000E+000
  23.000    23011998  0.0000000E+000
  24.000    24011998  0.0000000E+000
  25.000    25011998  0.0000000E+000
  26.000    26011998  0.0000000E+000
  27.000    27011998  0.0000000E+000
  28.000    28011998  0.0000000E+000
  29.000    29011998  0.0000000E+000
  30.000    30011998  0.0000000E+000
  31.000    31011998  0.0000000E+000
  32.000    01021998  0.0000000E+000
  33.000    02021998  0.0000000E+000
  34.000    03021998  0.0000000E+000
  35.000    04021998  0.0000000E+000
  36.000    05021998  0.0000000E+000
  37.000    06021998  0.0000000E+000
  38.000    07021998  0.0000000E+000
  39.000    08021998  0.0000000E+000
  40.000    09021998  0.0000000E+000
  41.000    10021998  0.0000000E+000
  42.000    11021998  0.0000000E+000
  43.000    12021998  0.0000000E+000
  44.000    13021998  0.0000000E+000
  45.000    14021998  0.0000000E+000
  46.000    15021998  0.0000000E+000
  47.000    16021998  0.0000000E+000
  48.000    17021998  0.0000000E+000
  49.000    18021998  0.0000000E+000
  50.000    19021998  0.0000000E+000
  51.000    20021998  0.0000000E+000
  52.000    21021998  0.0000000E+000
  53.000    22021998  0.0000000E+000
  54.000    23021998  0.0000000E+000
  55.000    24021998  0.0000000E+000
  56.000    25021998  0.0000000E+000
  57.000    26021998  0.0000000E+000
  58.000    27021998  0.0000000E+000
  59.000    28021998  0.0000000E+000
  60.000    01031998  0.0000000E+000
  61.000    02031998  0.0000000E+000
  62.000    03031998  0.0000000E+000
  63.000    04031998  0.0000000E+000
  64.000    05031998  0.0000000E+000
  65.000    06031998  0.0000000E+000
  66.000    07031998  0.0000000E+000
  67.000    08031998  0.0000000E+000
  68.000    09031998  0.0000000E+000
  69.000    10031998  0.0000000E+000
  70.000    11031998  0.0000000E+000
  71.000    12031998  0.0000000E+000
  72.000    13031998  0.0000000E+000
  73.000    14031998  0.0000000E+000
  74.000    15031998  0.0000000E+000
  75.000    16031998  0.0000000E+000
  76.000    17031998  0.0000000E+000
  77.000    18031998  0.0000000E+000
  78.000    19031998  0.0000000E+000
  79.000    20031998  0.0000000E+000
  80.000    21031998  0.0000000E+000
  81.000    22031998  0.0000000E+000
  82.000    23031998  0.0000000E+000
  83.000    24031998  0.0000000E+000
  84.000    25031998  0.0000000E+000
  85.000    26031998  0.0000000E+000
  86.000    27031998  0.0000000E+000
  87.000    28031998  0.0000000E+000
  88.000    29031998  0.0000000E+000
  89.000    30031998  0.0000000E+000
  90.000    31031998  0.0000000E+000
  91.000    01041998  0.0000000E+000
  92.000    02041998  0.0000000E+000
  93.000    03041998  0.0000000E+000
  94.000    04041998  0.0000000E+000
  95.000    05041998  0.0000000E+000
  96.000    06041998  0.0000000E+000
  97.000    07041998  0.0000000E+000
  98.000    08041998  0.0000000E+000
  99.000    09041998  0.0000000E+000
 100.000    10041998  0.0000000E+000
 101.000    11041998  0.0000000E+000
 102.000    12041998  0.0000000E+000
 103.000    13041998  0.0000000E+000
 104.000    14041998  0.0000000E+000
 105.000    15041998  0.0000000E+000
 106.000    16041998  0.0000000E+000
 107.000    17041998  0.0000000E+000
 108.000    18041998  0.0000000E+000
 109.000    19041998  0.0000000E+000
 110.000    20041998  0.0000000E+000
 111.000    21041998  0.0000000E+000
 112.000    22041998  0.0000000E+000
 113.000    23041998  0.0000000E+000
 114.000    24041998  0.0000000E+000
 115.000    25041998  0.0000000E+000
 116.000    26041998  0.0000000E+000
 117.000    27041998  0.0000000E+000
 118.000    28041998  0.0000000E+000
 119.000    29041998  0.0000000E+000
 120.000    30041998  0.0000000E+000
 121.000    01051998  0.0000000E+000
 122.000    02051998  0.0000000E+000
 123.000    03051998  0.0000000E+000
 124.000    04051998  0.0000000E+000
 125.000    05051998  0.0000000E+000
 126.000    06051998  0.0000000E+000
 127.000    07051998  0.0000000E+000
 128.000    08051998  0.0000000E+000
 129.000    09051998  0.0000000E+000
 130.000    10051998  0.0000000E+000
 131.000    11051998  0.0000000E+000
 132.000    12051998  0.0000000E+000
 133.000    13051998  0.0000000E+000
 134.000    14051998  0.0000000E+000
 135.000    15051998  0.0000000E+000
 136.000    16051998  0.0000000E+000
 137.000    17051998  0.0000000E+000
 138.000    18051998  0.0000000E+000
 139.000    19051998  0.2000000E+001
 140.000    20051998  0.2000000E+001
 141.000    21051998  0.2000000E+001
 142.000    22051998  0.2000000E+001
 143.000    23051998  0.2000000E+001
 144.000    24051998  0.2000000E+001
 145.000    25051998  0.2000000E+001
 146.000    26051998  0.2000000E+001
 147.000    27051998  0.2000000E+001
 148.000    28051998  0.2000000E+001
 149.000    29051998  0.2000000E+001
 150.000    30051998  0.2000000E+001
 151.000    31051998  0.2000000E+001
 152.000    01061998  0.2000000E+001
 153.000    02061998  0.2000000E+001
 154.000    03061998  0.2000000E+001
 155.000    04061998  0.2000000E+001
 156.000    05061998  0.2000000E+001
 157.000    06061998  0.2000000E+001
 158.000    07061998  0.2000000E+001
 159.000    08061998  0.2000000E+001
 160.000    09061998  0.2000000E+001
 161.000    10061998  0.2000000E+001
 162.000    11061998  0.2000000E+001
 163.000    12061998  0.2000000E+001
 164.000    13061998  0.2000000E+001
 165.000    14061998  0.2000000E+001
 166.000    15061998  0.2000000E+001
 167.000    16061998  0.2000000E+001
 168.000    17061998  0.2000000E+001
 169.000    18061998  0.2000000E+001
 170.000    19061998  0.2000000E+001
 171.000    20061998  0.2000000E+001
 172.000    21061998  0.2000000E+001
 173.000    22061998  0.2000000E+001
 174.000    23061998  0.2000000E+001
 175.000    24061998  0.2000000E+001
 176.000    25061998  0.2000000E+001
 177.000    26061998  0.5000000E+001
 178.000    27061998  0.8000000E+001
 179.000    28061998  0.8000000E+001
 180.000    29061998  0.8000000E+001
 181.000    30061998  0.8000000E+001
 182.000    01071998  0.8000000E+001
 183.000    02071998  0.8000000E+001
 184.000    03071998  0.8000000E+001
 185.000    04071998  0.8000000E+001
 186.000    05071998  0.8000000E+001
 187.000    06071998  0.8000000E+001
 188.000    07071998  0.8000000E+001
 189.000    08071998  0.8000000E+001
 190.000    09071998  0.8000000E+001
 191.000    10071998  0.8000000E+001
 192.000    11071998  0.8000000E+001
 193.000    12071998  0.8000000E+001
 194.000    13071998  0.8000000E+001
 195.000    14071998  0.8000000E+001
 196.000    15071998  0.8000000E+001
 197.000    16071998  0.8000000E+001
 198.000    17071998  0.8000000E+001
 199.000    18071998  0.9000000E+001
 200.000    19071998  0.9000000E+001
 201.000    20071998  0.1200000E+002
 202.000    21071998  0.1600000E+002
 203.000    22071998  0.2000000E+002
 204.000    23071998  0.2000000E+002
 205.000    24071998  0.2000000E+002
 206.000    25071998  0.2000000E+002
 207.000    26071998  0.2000000E+002
 208.000    27071998  0.2000000E+002
 209.000    28071998  0.2000000E+002
 210.000    29071998  0.2400000E+002
 211.000    30071998  0.2400000E+002
 212.000    31071998  0.2400000E+002
 213.000    01081998  0.2400000E+002
 214.000    02081998  0.2400000E+002
 215.000    03081998  0.2400000E+002
 216.000    04081998  0.2600000E+002
 217.000    05081998  0.2800000E+002
 218.000    06081998  0.3000000E+002
 219.000    07081998  0.3000000E+002
 220.000    08081998  0.3000000E+002
 221.000    09081998  0.3000000E+002
 222.000    10081998  0.3000000E+002
 223.000    11081998  0.3000000E+002
 224.000    12081998  0.3000000E+002
 225.000    13081998  0.3000000E+002
 226.000    14081998  0.3000000E+002
 227.000    15081998  0.3000000E+002
 228.000    16081998  0.3000000E+002
 229.000    17081998  0.3000000E+002
 230.000    18081998  0.3000000E+002
 231.000    19081998  0.3000000E+002
 232.000    20081998  0.3000000E+002
 233.000    21081998  0.3000000E+002
 234.000    22081998  0.3400000E+002
 235.000    23081998  0.3400000E+002
 236.000    24081998  0.3800000E+002
 237.000    25081998  0.3800000E+002
 238.000    26081998  0.3800000E+002
 239.000    27081998  0.3800000E+002
 240.000    28081998  0.4100000E+002
 241.000    29081998  0.4500000E+002
 242.000    30081998  0.4500000E+002
 243.000    31081998  0.4500000E+002
 244.000    01091998  0.4500000E+002
 245.000    02091998  0.4500000E+002
 246.000    03091998  0.4500000E+002
 247.000    04091998  0.4500000E+002
 248.000    05091998  0.4500000E+002
 249.000    06091998  0.4500000E+002
 250.000    07091998  0.4700000E+002
 251.000    08091998  0.4700000E+002
 252.000    09091998  0.4700000E+002
 253.000    10091998  0.4700000E+002
 254.000    11091998  0.4700000E+002
 255.000    12091998  0.4700000E+002
 256.000    13091998  0.4700000E+002
 257.000    14091998  0.4700000E+002
 258.000    15091998  0.4700000E+002
 259.000    16091998  0.4700000E+002
 260.000    17091998  0.4700000E+002
 261.000    18091998  0.4700000E+002
 262.000    19091998  0.4700000E+002
 263.000    20091998  0.4700000E+002
 264.000    21091998  0.4700000E+002
 265.000    22091998  0.4700000E+002
 266.000    23091998  0.4700000E+002
 267.000    24091998  0.4700000E+002
 268.000    25091998  0.4700000E+002
 269.000    26091998  0.4700000E+002
 270.000    27091998  0.4700000E+002
 271.000    28091998  0.4700000E+002
 272.000    29091998  0.4700000E+002
 273.000    30091998  0.4700000E+002
 274.000    01101998  0.4700000E+002
 275.000    02101998  0.4700000E+002
 276.000    03101998  0.4700000E+002
 277.000    04101998  0.4700000E+002
 278.000    05101998  0.4700000E+002
 279.000    06101998  0.4700000E+002
 280.000    07101998  0.4700000E+002
 281.000    08101998  0.4700000E+002
 282.000    09101998  0.4700000E+002
 283.000    10101998  0.4700000E+002
 284.000    11101998  0.4700000E+002
 285.000    12101998  0.4700000E+002
 286.000    13101998  0.4700000E+002
 287.000    14101998  0.4700000E+002
 288.000    15101998  0.4700000E+002
 289.000    16101998  0.4700000E+002
 290.000    17101998  0.4700000E+002
 291.000    18101998  0.4700000E+002
 292.000    19101998  0.4700000E+002
 293.000    20101998  0.4700000E+002
 294.000    21101998  0.4700000E+002
 295.000    22101998  0.4700000E+002
 296.000    23101998  0.4700000E+002
 297.000    24101998  0.4700000E+002
 298.000    25101998  0.4700000E+002
 299.000    26101998  0.4700000E+002
 300.000    27101998  0.4700000E+002
 301.000    28101998  0.4700000E+002
 302.000    29101998  0.4700000E+002
 303.000    30101998  0.4700000E+002
 304.000    31101998  0.4700000E+002
 305.000    01111998  0.4700000E+002
 306.000    02111998  0.4700000E+002
 307.000    03111998  0.4700000E+002
 308.000    04111998  0.4700000E+002
 309.000    05111998  0.4700000E+002
 310.000    06111998  0.4700000E+002
 311.000    07111998  0.4700000E+002
 312.000    08111998  0.4700000E+002
 313.000    09111998  0.4700000E+002
 314.000    10111998  0.4700000E+002
 315.000    11111998  0.4700000E+002
 316.000    12111998  0.4700000E+002
 317.000    13111998  0.4700000E+002
 318.000    14111998  0.4700000E+002
 319.000    15111998  0.4700000E+002
 320.000    16111998  0.4700000E+002
 321.000    17111998  0.4700000E+002
 322.000    18111998  0.4700000E+002
 323.000    19111998  0.4700000E+002
 324.000    20111998  0.4700000E+002
 325.000    21111998  0.4700000E+002
 326.000    22111998  0.4700000E+002
 327.000    23111998  0.4700000E+002
 328.000    24111998  0.4700000E+002
 329.000    25111998  0.4700000E+002
 330.000    26111998  0.4700000E+002
 331.000    27111998  0.4700000E+002
 332.000    28111998  0.4700000E+002
 333.000    29111998  0.4700000E+002
 334.000    30111998  0.4700000E+002
 335.000    01121998  0.4700000E+002
 336.000    02121998  0.4700000E+002
 337.000    03121998  0.4700000E+002
 338.000    04121998  0.4700000E+002
 339.000    05121998  0.4700000E+002
 340.000    06121998  0.4700000E+002
 341.000    07121998  0.4700000E+002
 342.000    08121998  0.4700000E+002
 343.000    09121998  0.4700000E+002
 344.000    10121998  0.4700000E+002
 345.000    11121998  0.4700000E+002
 346.000    12121998  0.4700000E+002
 347.000    13121998  0.4700000E+002
 348.000    14121998  0.4700000E+002
 349.000    15121998  0.4700000E+002
 350.000    16121998  0.4700000E+002
 351.000    17121998  0.4700000E+002
 352.000    18121998  0.4700000E+002
 353.000    19121998  0.4700000E+002
 354.000    20121998  0.4700000E+002
 355.000    21121998  0.4700000E+002
 356.000    22121998  0.4700000E+002
 357.000    23121998  0.4700000E+002
 358.000    24121998  0.4700000E+002
 359.000    25121998  0.4700000E+002
 360.000    26121998  0.4700000E+002
 361.000    27121998  0.4700000E+002
 362.000    28121998  0.4700000E+002
 363.000    29121998  0.4700000E+002
 364.000    30121998  0.4700000E+002
 365.000    31121998  0.4700000E+002
