    DOY     DATE    SHOOT_C         ROOT_C          LAI             GPP             AUTO_RESP       HVST_C          
   1.000    01011990  0.2652628E+004  0.3072944E+003  0.8387215E+001  0.3061205E+001 -0.1528968E+001  0.0000000E+000
   2.000    02011990  0.2652293E+004  0.3075981E+003  0.8377321E+001  0.4510285E+001 -0.2454788E+001  0.0000000E+000
   3.000    03011990  0.2652555E+004  0.3079202E+003  0.8369466E+001  0.6711562E+001 -0.3571232E+001  0.0000000E+000
   4.000    04011990  0.2653804E+004  0.3082556E+003  0.8366480E+001  0.1014371E+002 -0.5096734E+001  0.0000000E+000
   5.000    05011990  0.2655186E+004  0.3084519E+003  0.8368756E+001  0.1418372E+002 -0.7389859E+001  0.0000000E+000
   6.000    06011990  0.2656449E+004  0.3085662E+003  0.8370098E+001  0.1776348E+002 -0.9426339E+001  0.0000000E+000
   7.000    07011990  0.2657105E+004  0.3087797E+003  0.8361512E+001  0.2025112E+002 -0.1066645E+002  0.0000000E+000
   8.000    08011990  0.2657831E+004  0.3090657E+003  0.8358251E+001  0.2280149E+002 -0.1190149E+002  0.0000000E+000
   9.000    09011990  0.2658206E+004  0.3094004E+003  0.8352751E+001  0.2525652E+002 -0.1323961E+002  0.0000000E+000
  10.000    10011990  0.2658840E+004  0.3097184E+003  0.8349581E+001  0.2803771E+002 -0.1476233E+002  0.0000000E+000
  11.000    11011990  0.2658908E+004  0.3100584E+003  0.8342725E+001  0.3024129E+002 -0.1611037E+002  0.0000000E+000
  12.000    12011990  0.2659146E+004  0.3103722E+003  0.8338364E+001  0.3236611E+002 -0.1737424E+002  0.0000000E+000
  13.000    13011990  0.2658050E+004  0.3107235E+003  0.8327141E+001  0.3316618E+002 -0.1829557E+002  0.0000000E+000
  14.000    14011990  0.2657463E+004  0.3110750E+003  0.8317227E+001  0.3438892E+002 -0.1916651E+002  0.0000000E+000
  15.000    15011990  0.2657998E+004  0.3114366E+003  0.8310702E+001  0.3700469E+002 -0.2038683E+002  0.0000000E+000
  16.000    16011990  0.2659433E+004  0.3117971E+003  0.8311462E+001  0.4090703E+002 -0.2228126E+002  0.0000000E+000
  17.000    17011990  0.2660851E+004  0.3120185E+003  0.8312802E+001  0.4500965E+002 -0.2456909E+002  0.0000000E+000
  18.000    18011990  0.2662669E+004  0.3121117E+003  0.8315616E+001  0.4991021E+002 -0.2738959E+002  0.0000000E+000
  19.000    19011990  0.2664426E+004  0.3121317E+003  0.8317019E+001  0.5407073E+002 -0.2961189E+002  0.0000000E+000
  20.000    20011990  0.2665534E+004  0.3123188E+003  0.8310239E+001  0.5702412E+002 -0.3098827E+002  0.0000000E+000
  21.000    21011990  0.2667511E+004  0.3124597E+003  0.8313845E+001  0.6220477E+002 -0.3389502E+002  0.0000000E+000
  22.000    22011990  0.2668232E+004  0.3125760E+003  0.8309639E+001  0.6508224E+002 -0.3568465E+002  0.0000000E+000
  23.000    23011990  0.2669176E+004  0.3128091E+003  0.8304945E+001  0.6813841E+002 -0.3720904E+002  0.0000000E+000
  24.000    24011990  0.2671207E+004  0.3130594E+003  0.8305536E+001  0.7233732E+002 -0.3897651E+002  0.0000000E+000
  25.000    25011990  0.2673534E+004  0.3133082E+003  0.8307930E+001  0.7742887E+002 -0.4134435E+002  0.0000000E+000
  26.000    26011990  0.2673833E+004  0.3134309E+003  0.8305901E+001  0.8026877E+002 -0.4360971E+002  0.0000000E+000
  27.000    27011990  0.2674166E+004  0.3137157E+003  0.8297962E+001  0.8255048E+002 -0.4478041E+002  0.0000000E+000
  28.000    28011990  0.2674695E+004  0.3140623E+003  0.8291303E+001  0.8523659E+002 -0.4614372E+002  0.0000000E+000
  29.000    29011990  0.2676569E+004  0.3144053E+003  0.8290689E+001  0.8944274E+002 -0.4792651E+002  0.0000000E+000
  30.000    30011990  0.2675450E+004  0.3144462E+003  0.8283570E+001  0.9256729E+002 -0.4993705E+002  0.0000000E+000
  31.000    31011990  0.2676952E+004  0.3147749E+003  0.8281432E+001  0.9621107E+002 -0.5149285E+002  0.0000000E+000
  32.000    01021990  0.2677983E+004  0.3151301E+003  0.8279033E+001  0.9975472E+002 -0.5336267E+002  0.0000000E+000
  33.000    02021990  0.2679760E+004  0.3153769E+003  0.8282334E+001  0.1048365E+003 -0.5627481E+002  0.0000000E+000
  34.000    03021990  0.2682029E+004  0.3154173E+003  0.8285594E+001  0.1106914E+003 -0.5967939E+002  0.0000000E+000
  35.000    04021990  0.2683813E+004  0.3153874E+003  0.8288378E+001  0.1159640E+003 -0.6306474E+002  0.0000000E+000
  36.000    05021990  0.2684176E+004  0.3154242E+003  0.8278869E+001  0.1183532E+003 -0.6478850E+002  0.0000000E+000
  37.000    06021990  0.2684698E+004  0.3156292E+003  0.8270802E+001  0.1207813E+003 -0.6600487E+002  0.0000000E+000
  38.000    07021990  0.2687128E+004  0.3159077E+003  0.8269452E+001  0.1254991E+003 -0.6778357E+002  0.0000000E+000
  39.000    08021990  0.2689296E+004  0.3161992E+003  0.8269459E+001  0.1300762E+003 -0.6974889E+002  0.0000000E+000
  40.000    09021990  0.2691725E+004  0.3164942E+003  0.8271744E+001  0.1352726E+003 -0.7209144E+002  0.0000000E+000
  41.000    10021990  0.2693955E+004  0.3166340E+003  0.8275284E+001  0.1412007E+003 -0.7552143E+002  0.0000000E+000
  42.000    11021990  0.2695476E+004  0.3168322E+003  0.8270108E+001  0.1448001E+003 -0.7720954E+002  0.0000000E+000
  43.000    12021990  0.2696710E+004  0.3171625E+003  0.8266011E+001  0.1480114E+003 -0.7856290E+002  0.0000000E+000
  44.000    13021990  0.2697531E+004  0.3175630E+003  0.8260718E+001  0.1513115E+003 -0.8023729E+002  0.0000000E+000
  45.000    14021990  0.2699481E+004  0.3178969E+003  0.8263525E+001  0.1563297E+003 -0.8283970E+002  0.0000000E+000
  46.000    15021990  0.2701675E+004  0.3181205E+003  0.8266222E+001  0.1617323E+003 -0.8569354E+002  0.0000000E+000
  47.000    16021990  0.2702363E+004  0.3181543E+003  0.8269609E+001  0.1662761E+003 -0.8939009E+002  0.0000000E+000
  48.000    17021990  0.2704995E+004  0.3181226E+003  0.8271301E+001  0.1717514E+003 -0.9214770E+002  0.0000000E+000
  49.000    18021990  0.2705541E+004  0.3183065E+003  0.8257984E+001  0.1741207E+003 -0.9339034E+002  0.0000000E+000
  50.000    19021990  0.2707493E+004  0.3186037E+003  0.8255822E+001  0.1780221E+003 -0.9480792E+002  0.0000000E+000
  51.000    20021990  0.2708373E+004  0.3189645E+003  0.8251332E+001  0.1808703E+003 -0.9612653E+002  0.0000000E+000
  52.000    21021990  0.2708655E+004  0.3193801E+003  0.8243788E+001  0.1832418E+003 -0.9730960E+002  0.0000000E+000
  53.000    22021990  0.2710571E+004  0.3198219E+003  0.8244245E+001  0.1877396E+003 -0.9925539E+002  0.0000000E+000
  54.000    23021990  0.2712244E+004  0.3200623E+003  0.8248144E+001  0.1930927E+003 -0.1025639E+003  0.0000000E+000
  55.000    24021990  0.2713729E+004  0.3202592E+003  0.8244525E+001  0.1969395E+003 -0.1045658E+003  0.0000000E+000
  56.000    25021990  0.2712611E+004  0.3205750E+003  0.8233669E+001  0.1976957E+003 -0.1055618E+003  0.0000000E+000
  57.000    26021990  0.2711292E+004  0.3209103E+003  0.8221840E+001  0.1981290E+003 -0.1063348E+003  0.0000000E+000
  58.000    27021990  0.2711466E+004  0.3212510E+003  0.8213904E+001  0.2002207E+003 -0.1073814E+003  0.0000000E+000
  59.000    28021990  0.2713065E+004  0.3216207E+003  0.8209298E+001  0.2039842E+003 -0.1087710E+003  0.0000000E+000
  60.000    01031990  0.2713014E+004  0.3218154E+003  0.8202706E+001  0.2076911E+003 -0.1100782E+003  0.0000000E+000
  61.000    02031990  0.2715478E+004  0.3222898E+003  0.8200560E+001  0.2124152E+003 -0.1115535E+003  0.0000000E+000
  62.000    03031990  0.2717954E+004  0.3227260E+003  0.8203436E+001  0.2178455E+003 -0.1139135E+003  0.0000000E+000
  63.000    04031990  0.2719076E+004  0.3231503E+003  0.8199002E+001  0.2211773E+003 -0.1154307E+003  0.0000000E+000
  64.000    05031990  0.2720081E+004  0.3236332E+003  0.8193516E+001  0.2245234E+003 -0.1168632E+003  0.0000000E+000
  65.000    06031990  0.2722438E+004  0.3240924E+003  0.8194254E+001  0.2297350E+003 -0.1190490E+003  0.0000000E+000
  66.000    07031990  0.2722485E+004  0.3244648E+003  0.8190000E+001  0.2319865E+003 -0.1206043E+003  0.0000000E+000
  67.000    08031990  0.2722615E+004  0.3249014E+003  0.8181333E+001  0.2340668E+003 -0.1215749E+003  0.0000000E+000
  68.000    09031990  0.2724404E+004  0.3253848E+003  0.8177903E+001  0.2383000E+003 -0.1231241E+003  0.0000000E+000
  69.000    10031990  0.2726830E+004  0.3257902E+003  0.8180944E+001  0.2440990E+003 -0.1259119E+003  0.0000000E+000
  70.000    11031990  0.2729340E+004  0.3259723E+003  0.8185603E+001  0.2509105E+003 -0.1298562E+003  0.0000000E+000
  71.000    12031990  0.2732118E+004  0.3258888E+003  0.8190054E+001  0.2584414E+003 -0.1345259E+003  0.0000000E+000
  72.000    13031990  0.2735318E+004  0.3256849E+003  0.8193337E+001  0.2659272E+003 -0.1388591E+003  0.0000000E+000
  73.000    14031990  0.2738911E+004  0.3254677E+003  0.8196150E+001  0.2736653E+003 -0.1430773E+003  0.0000000E+000
  74.000    15031990  0.2743293E+004  0.3252988E+003  0.8198629E+001  0.2817141E+003 -0.1467804E+003  0.0000000E+000
  75.000    16031990  0.2747501E+004  0.3251907E+003  0.8201419E+001  0.2899180E+003 -0.1507589E+003  0.0000000E+000
  76.000    17031990  0.2749561E+004  0.3250815E+003  0.8203786E+001  0.2956542E+003 -0.1544264E+003  0.0000000E+000
  77.000    18031990  0.2753000E+004  0.3250793E+003  0.8204964E+001  0.3017375E+003 -0.1569625E+003  0.0000000E+000
  78.000    19031990  0.2756697E+004  0.3252894E+003  0.8199529E+001  0.3081316E+003 -0.1593062E+003  0.0000000E+000
  79.000    20031990  0.2758109E+004  0.3255545E+003  0.8193861E+001  0.3117419E+003 -0.1610989E+003  0.0000000E+000
  80.000    21031990  0.2758940E+004  0.3259364E+003  0.8185034E+001  0.3147274E+003 -0.1624117E+003  0.0000000E+000
  81.000    22031990  0.2758411E+004  0.3263734E+003  0.8181471E+001  0.3193704E+003 -0.1642527E+003  0.0000000E+000
  82.000    23031990  0.2761424E+004  0.3267812E+003  0.8205761E+001  0.3254482E+003 -0.1668553E+003  0.0000000E+000
  83.000    24031990  0.2764969E+004  0.3271328E+003  0.8221946E+001  0.3317233E+003 -0.1691497E+003  0.0000000E+000
  84.000    25031990  0.2767322E+004  0.3275619E+003  0.8228406E+001  0.3362914E+003 -0.1708000E+003  0.0000000E+000
  85.000    26031990  0.2769896E+004  0.3280370E+003  0.8238258E+001  0.3413351E+003 -0.1726609E+003  0.0000000E+000
  86.000    27031990  0.2772547E+004  0.3285481E+003  0.8246451E+001  0.3464085E+003 -0.1744201E+003  0.0000000E+000
  87.000    28031990  0.2774574E+004  0.3291029E+003  0.8253584E+001  0.3510465E+003 -0.1762809E+003  0.0000000E+000
  88.000    29031990  0.2776605E+004  0.3296120E+003  0.8264452E+001  0.3557073E+003 -0.1782313E+003  0.0000000E+000
  89.000    30031990  0.2779947E+004  0.3301211E+003  0.8280056E+001  0.3620266E+003 -0.1805387E+003  0.0000000E+000
  90.000    31031990  0.2781610E+004  0.3303556E+003  0.8299858E+001  0.3692195E+003 -0.1836444E+003  0.0000000E+000
  91.000    01041990  0.2785464E+004  0.3307173E+003  0.8333008E+001  0.3774695E+003 -0.1875976E+003  0.0000000E+000
  92.000    02041990  0.2789370E+004  0.3309334E+003  0.8367099E+001  0.3860142E+003 -0.1919755E+003  0.0000000E+000
  93.000    03041990  0.2792254E+004  0.3310825E+003  0.8385396E+001  0.3922294E+003 -0.1950520E+003  0.0000000E+000
  94.000    04041990  0.2794626E+004  0.3314067E+003  0.8391136E+001  0.3968780E+003 -0.1968300E+003  0.0000000E+000
  95.000    05041990  0.2797932E+004  0.3318125E+003  0.8403788E+001  0.4031751E+003 -0.1992811E+003  0.0000000E+000
  96.000    06041990  0.2802245E+004  0.3321937E+003  0.8422346E+001  0.4110427E+003 -0.2023517E+003  0.0000000E+000
  97.000    07041990  0.2804540E+004  0.3325324E+003  0.8432822E+001  0.4161436E+003 -0.2046671E+003  0.0000000E+000
  98.000    08041990  0.2806654E+004  0.3330051E+003  0.8428960E+001  0.4205850E+003 -0.2062213E+003  0.0000000E+000
  99.000    09041990  0.2809389E+004  0.3335407E+003  0.8436067E+001  0.4260581E+003 -0.2082103E+003  0.0000000E+000
 100.000    10041990  0.2813521E+004  0.3340334E+003  0.8458328E+001  0.4341585E+003 -0.2115678E+003  0.0000000E+000
 101.000    11041990  0.2817042E+004  0.3343206E+003  0.8485796E+001  0.4421560E+003 -0.2156777E+003  0.0000000E+000
 102.000    12041990  0.2819493E+004  0.3346846E+003  0.8487841E+001  0.4469532E+003 -0.2174133E+003  0.0000000E+000
 103.000    13041990  0.2822181E+004  0.3351661E+003  0.8492223E+001  0.4521311E+003 -0.2191879E+003  0.0000000E+000
 104.000    14041990  0.2826136E+004  0.3356886E+003  0.8504950E+001  0.4592534E+003 -0.2216545E+003  0.0000000E+000
 105.000    15041990  0.2830039E+004  0.3360878E+003  0.8529968E+001  0.4675202E+003 -0.2255061E+003  0.0000000E+000
 106.000    16041990  0.2833204E+004  0.3363678E+003  0.8551533E+001  0.4747655E+003 -0.2291914E+003  0.0000000E+000
 107.000    17041990  0.2837608E+004  0.3366026E+003  0.8575349E+001  0.4837938E+003 -0.2335144E+003  0.0000000E+000
 108.000    18041990  0.2840220E+004  0.3367999E+003  0.8584735E+001  0.4892872E+003 -0.2360418E+003  0.0000000E+000
 109.000    19041990  0.2842916E+004  0.3371807E+003  0.8587929E+001  0.4946376E+003 -0.2380754E+003  0.0000000E+000
 110.000    20041990  0.2847233E+004  0.3375624E+003  0.8603238E+001  0.5025021E+003 -0.2411160E+003  0.0000000E+000
 111.000    21041990  0.2851777E+004  0.3378664E+003  0.8626022E+001  0.5115124E+003 -0.2452106E+003  0.0000000E+000
 112.000    22041990  0.2856168E+004  0.3380856E+003  0.8646604E+001  0.5201892E+003 -0.2492084E+003  0.0000000E+000
 113.000    23041990  0.2860374E+004  0.3383265E+003  0.8665083E+001  0.5287317E+003 -0.2532495E+003  0.0000000E+000
 114.000    24041990  0.2864386E+004  0.3385084E+003  0.8685652E+001  0.5376526E+003 -0.2579710E+003  0.0000000E+000
 115.000    25041990  0.2868504E+004  0.3385791E+003  0.8706262E+001  0.5469492E+003 -0.2631148E+003  0.0000000E+000
 116.000    26041990  0.2872582E+004  0.3385579E+003  0.8725816E+001  0.5564821E+003 -0.2686735E+003  0.0000000E+000
 117.000    27041990  0.2876936E+004  0.3384700E+003  0.8742831E+001  0.5661452E+003 -0.2741701E+003  0.0000000E+000
 118.000    28041990  0.2882244E+004  0.3383908E+003  0.8755362E+001  0.5756785E+003 -0.2784847E+003  0.0000000E+000
 119.000    29041990  0.2887512E+004  0.3383636E+003  0.8768046E+001  0.5850022E+003 -0.2823809E+003  0.0000000E+000
 120.000    30041990  0.2892394E+004  0.3384919E+003  0.8779173E+001  0.5934676E+003 -0.2856594E+003  0.0000000E+000
 121.000    01051990  0.2895716E+004  0.3383785E+003  0.8792593E+001  0.6040681E+003 -0.2907357E+003  0.0000000E+000
 122.000    02051990  0.2900778E+004  0.3383910E+003  0.8810155E+001  0.6143092E+003 -0.2957378E+003  0.0000000E+000
 123.000    03051990  0.2906088E+004  0.3384996E+003  0.8822710E+001  0.6236066E+003 -0.2994605E+003  0.0000000E+000
 124.000    04051990  0.2911227E+004  0.3386302E+003  0.8840148E+001  0.6336613E+003 -0.3040917E+003  0.0000000E+000
 125.000    05051990  0.2916534E+004  0.3386595E+003  0.8859524E+001  0.6445722E+003 -0.3095182E+003  0.0000000E+000
 126.000    06051990  0.2921074E+004  0.3387691E+003  0.8868040E+001  0.6526002E+003 -0.3127510E+003  0.0000000E+000
 127.000    07051990  0.2926320E+004  0.3390587E+003  0.8875698E+001  0.6611907E+003 -0.3156595E+003  0.0000000E+000
 128.000    08051990  0.2931132E+004  0.3394310E+003  0.8886721E+001  0.6701627E+003 -0.3192985E+003  0.0000000E+000
 129.000    09051990  0.2936753E+004  0.3397633E+003  0.8900421E+001  0.6802909E+003 -0.3233213E+003  0.0000000E+000
 130.000    10051990  0.2941695E+004  0.3400198E+003  0.8918406E+001  0.6903482E+003 -0.3280243E+003  0.0000000E+000
 131.000    11051990  0.2945998E+004  0.3403169E+003  0.8927129E+001  0.6982524E+003 -0.3311719E+003  0.0000000E+000
 132.000    12051990  0.2950917E+004  0.3407007E+003  0.8938188E+001  0.7073532E+003 -0.3348111E+003  0.0000000E+000
 133.000    13051990  0.2955985E+004  0.3409905E+003  0.8955113E+001  0.7175910E+003 -0.3395278E+003  0.0000000E+000
 134.000    14051990  0.2960888E+004  0.3411780E+003  0.8971300E+001  0.7278505E+003 -0.3445348E+003  0.0000000E+000
 135.000    15051990  0.2965673E+004  0.3413201E+003  0.8987632E+001  0.7382970E+003 -0.3498981E+003  0.0000000E+000
 136.000    16051990  0.2970524E+004  0.3413338E+003  0.9003729E+001  0.7491617E+003 -0.3557501E+003  0.0000000E+000
 137.000    17051990  0.2975753E+004  0.3412601E+003  0.9019219E+001  0.7605924E+003 -0.3618860E+003  0.0000000E+000
 138.000    18051990  0.2981049E+004  0.3412752E+003  0.9027112E+001  0.7701362E+003 -0.3659871E+003  0.0000000E+000
 139.000    19051990  0.2985922E+004  0.3414459E+003  0.9034972E+001  0.7793985E+003 -0.3700727E+003  0.0000000E+000
 140.000    20051990  0.2991302E+004  0.3415951E+003  0.9045993E+001  0.7896170E+003 -0.3746356E+003  0.0000000E+000
 141.000    21051990  0.2996745E+004  0.3416676E+003  0.9059418E+001  0.8007955E+003 -0.3801740E+003  0.0000000E+000
 142.000    22051990  0.3002275E+004  0.3417437E+003  0.9067810E+001  0.8104770E+003 -0.3841269E+003  0.0000000E+000
 143.000    23051990  0.3007797E+004  0.3420534E+003  0.9072955E+001  0.8192832E+003 -0.3869740E+003  0.0000000E+000
 144.000    24051990  0.3012818E+004  0.3424467E+003  0.9081547E+001  0.8286314E+003 -0.3907786E+003  0.0000000E+000
 145.000    25051990  0.3017966E+004  0.3427484E+003  0.9092820E+001  0.8387381E+003 -0.3953016E+003  0.0000000E+000
 146.000    26051990  0.3023334E+004  0.3429666E+003  0.9106179E+001  0.8497277E+003 -0.4005693E+003  0.0000000E+000
 147.000    27051990  0.3027233E+004  0.3430084E+003  0.9119441E+001  0.8594467E+003 -0.4062137E+003  0.0000000E+000
 148.000    28051990  0.3031792E+004  0.3430380E+003  0.9128010E+001  0.8684474E+003 -0.4104996E+003  0.0000000E+000
 149.000    29051990  0.3037480E+004  0.3431296E+003  0.9136470E+001  0.8786034E+003 -0.4147524E+003  0.0000000E+000
 150.000    30051990  0.3043013E+004  0.3433165E+003  0.9143554E+001  0.8883683E+003 -0.4186765E+003  0.0000000E+000
 151.000    31051990  0.3046885E+004  0.3433318E+003  0.9145482E+001  0.8990573E+003 -0.4231110E+003  0.0000000E+000
 152.000    01061990  0.3052472E+004  0.3435197E+003  0.9155465E+001  0.9103277E+003 -0.4284826E+003  0.0000000E+000
 153.000    02061990  0.3058096E+004  0.3436280E+003  0.9165393E+001  0.9214936E+003 -0.4337940E+003  0.0000000E+000
 154.000    03061990  0.3064003E+004  0.3437048E+003  0.9176524E+001  0.9333532E+003 -0.4395494E+003  0.0000000E+000
 155.000    04061990  0.3069024E+004  0.3436674E+003  0.9193911E+001  0.9449057E+003 -0.4460010E+003  0.0000000E+000
 156.000    05061990  0.3073990E+004  0.3436995E+003  0.9201914E+001  0.9541846E+003 -0.4501680E+003  0.0000000E+000
 157.000    06061990  0.3078989E+004  0.3439051E+003  0.9211443E+001  0.9642679E+003 -0.4549288E+003  0.0000000E+000
 158.000    07061990  0.3083574E+004  0.3439740E+003  0.9224122E+001  0.9756044E+003 -0.4614990E+003  0.0000000E+000
 159.000    08061990  0.3087687E+004  0.3438421E+003  0.9235675E+001  0.9871722E+003 -0.4689753E+003  0.0000000E+000
 160.000    09061990  0.3092490E+004  0.3436117E+003  0.9244418E+001  0.9990139E+003 -0.4761331E+003  0.0000000E+000
 161.000    10061990  0.3097557E+004  0.3433756E+003  0.9251861E+001  0.1010489E+004 -0.4826495E+003  0.0000000E+000
 162.000    11061990  0.3103079E+004  0.3432583E+003  0.9256820E+001  0.1020863E+004 -0.4874754E+003  0.0000000E+000
 163.000    12061990  0.3108999E+004  0.3433020E+003  0.9261678E+001  0.1031274E+004 -0.4917803E+003  0.0000000E+000
 164.000    13061990  0.3114317E+004  0.3434896E+003  0.9267068E+001  0.1041450E+004 -0.4963166E+003  0.0000000E+000
 165.000    14061990  0.3118989E+004  0.3436339E+003  0.9274702E+001  0.1052505E+004 -0.5024373E+003  0.0000000E+000
 166.000    15061990  0.3122981E+004  0.3435864E+003  0.9282248E+001  0.1062715E+004 -0.5085931E+003  0.0000000E+000
 167.000    16061990  0.3128350E+004  0.3435273E+003  0.9288159E+001  0.1073502E+004 -0.5139565E+003  0.0000000E+000
 168.000    17061990  0.3133962E+004  0.3435220E+003  0.9293900E+001  0.1084866E+004 -0.5195967E+003  0.0000000E+000
 169.000    18061990  0.3139476E+004  0.3434973E+003  0.9299776E+001  0.1096710E+004 -0.5258359E+003  0.0000000E+000
 170.000    19061990  0.3143874E+004  0.3433627E+003  0.9305549E+001  0.1107888E+004 -0.5326347E+003  0.0000000E+000
 171.000    20061990  0.3149126E+004  0.3432476E+003  0.9309589E+001  0.1118912E+004 -0.5383936E+003  0.0000000E+000
 172.000    21061990  0.3154297E+004  0.3431209E+003  0.9314392E+001  0.1130738E+004 -0.5450448E+003  0.0000000E+000
 173.000    22061990  0.3158974E+004  0.3428863E+003  0.9318853E+001  0.1142496E+004 -0.5522188E+003  0.0000000E+000
 174.000    23061990  0.3164495E+004  0.3426099E+003  0.9322709E+001  0.1154475E+004 -0.5587946E+003  0.0000000E+000
 175.000    24061990  0.3169614E+004  0.3424445E+003  0.9325469E+001  0.1165076E+004 -0.5642730E+003  0.0000000E+000
 176.000    25061990  0.3174818E+004  0.3423868E+003  0.9328029E+001  0.1175538E+004 -0.5694248E+003  0.0000000E+000
 177.000    26061990  0.3179863E+004  0.3423497E+003  0.9331128E+001  0.1186661E+004 -0.5753848E+003  0.0000000E+000
 178.000    27061990  0.3184129E+004  0.3422082E+003  0.9334277E+001  0.1197127E+004 -0.5815750E+003  0.0000000E+000
 179.000    28061990  0.3189154E+004  0.3420437E+003  0.9337081E+001  0.1208771E+004 -0.5882033E+003  0.0000000E+000
 180.000    29061990  0.3192584E+004  0.3417791E+003  0.9339496E+001  0.1219436E+004 -0.5955385E+003  0.0000000E+000
 181.000    30061990  0.3197038E+004  0.3414527E+003  0.9341269E+001  0.1230758E+004 -0.6025512E+003  0.0000000E+000
 182.000    01071990  0.3199190E+004  0.3408855E+003  0.9336554E+001  0.1241721E+004 -0.6093876E+003  0.0000000E+000
 183.000    02071990  0.3204851E+004  0.3405994E+003  0.9337687E+001  0.1252683E+004 -0.6147682E+003  0.0000000E+000
 184.000    03071990  0.3210066E+004  0.3404780E+003  0.9338882E+001  0.1263563E+004 -0.6203558E+003  0.0000000E+000
 185.000    04071990  0.3214452E+004  0.3403469E+003  0.9340123E+001  0.1274569E+004 -0.6269187E+003  0.0000000E+000
 186.000    05071990  0.3217919E+004  0.3401196E+003  0.9341021E+001  0.1285134E+004 -0.6340558E+003  0.0000000E+000
 187.000    06071990  0.3221888E+004  0.3397634E+003  0.9341684E+001  0.1296420E+004 -0.6415282E+003  0.0000000E+000
 188.000    07071990  0.3226426E+004  0.3393873E+003  0.9342272E+001  0.1307786E+004 -0.6485138E+003  0.0000000E+000
 189.000    08071990  0.3231339E+004  0.3390041E+003  0.9342922E+001  0.1319709E+004 -0.6556742E+003  0.0000000E+000
 190.000    09071990  0.3234916E+004  0.3385378E+003  0.9343574E+001  0.1330645E+004 -0.6632466E+003  0.0000000E+000
 191.000    10071990  0.3238740E+004  0.3380339E+003  0.9344149E+001  0.1341757E+004 -0.6707635E+003  0.0000000E+000
 192.000    11071990  0.3242718E+004  0.3374816E+003  0.9344770E+001  0.1352901E+004 -0.6781829E+003  0.0000000E+000
 193.000    12071990  0.3246893E+004  0.3369245E+003  0.9345360E+001  0.1364083E+004 -0.6854329E+003  0.0000000E+000
 194.000    13071990  0.3251511E+004  0.3364302E+003  0.9345946E+001  0.1375082E+004 -0.6919907E+003  0.0000000E+000
 195.000    14071990  0.3255479E+004  0.3359891E+003  0.9346555E+001  0.1385103E+004 -0.6981742E+003  0.0000000E+000
 196.000    15071990  0.3259669E+004  0.3356042E+003  0.9347174E+001  0.1395325E+004 -0.7042920E+003  0.0000000E+000
 197.000    16071990  0.3263871E+004  0.3352502E+003  0.9347822E+001  0.1405721E+004 -0.7105512E+003  0.0000000E+000
 198.000    17071990  0.3267753E+004  0.3349037E+003  0.9348539E+001  0.1415738E+004 -0.7167534E+003  0.0000000E+000
 199.000    18071990  0.3272846E+004  0.3345471E+003  0.9349266E+001  0.1427055E+004 -0.7230590E+003  0.0000000E+000
 200.000    19071990  0.3277785E+004  0.3341929E+003  0.9349980E+001  0.1438386E+004 -0.7295335E+003  0.0000000E+000
 201.000    20071990  0.3282131E+004  0.3338169E+003  0.9350718E+001  0.1449434E+004 -0.7363414E+003  0.0000000E+000
 202.000    21071990  0.3286513E+004  0.3333894E+003  0.9351398E+001  0.1460501E+004 -0.7431798E+003  0.0000000E+000
 203.000    22071990  0.3290913E+004  0.3329565E+003  0.9352046E+001  0.1471798E+004 -0.7502289E+003  0.0000000E+000
 204.000    23071990  0.3294761E+004  0.3324524E+003  0.9352661E+001  0.1482971E+004 -0.7577638E+003  0.0000000E+000
 205.000    24071990  0.3298836E+004  0.3319263E+003  0.9353197E+001  0.1493465E+004 -0.7644040E+003  0.0000000E+000
 206.000    25071990  0.3302917E+004  0.3314431E+003  0.9353762E+001  0.1503615E+004 -0.7706482E+003  0.0000000E+000
 207.000    26071990  0.3307331E+004  0.3310018E+003  0.9354319E+001  0.1514428E+004 -0.7771841E+003  0.0000000E+000
 208.000    27071990  0.3312656E+004  0.3305975E+003  0.9354863E+001  0.1525691E+004 -0.7832277E+003  0.0000000E+000
 209.000    28071990  0.3317783E+004  0.3302320E+003  0.9355522E+001  0.1536984E+004 -0.7894689E+003  0.0000000E+000
 210.000    29071990  0.3322066E+004  0.3298721E+003  0.9356190E+001  0.1547682E+004 -0.7959619E+003  0.0000000E+000
 211.000    30071990  0.3326945E+004  0.3295033E+003  0.9356802E+001  0.1558782E+004 -0.8022750E+003  0.0000000E+000
 212.000    31071990  0.3328183E+004  0.3288607E+003  0.9351204E+001  0.1569294E+004 -0.8094908E+003  0.0000000E+000
 213.000    01081990  0.3332439E+004  0.3284082E+003  0.9351708E+001  0.1579783E+004 -0.8158915E+003  0.0000000E+000
 214.000    02081990  0.3336803E+004  0.3280207E+003  0.9352186E+001  0.1590005E+004 -0.8218554E+003  0.0000000E+000
 215.000    03081990  0.3340851E+004  0.3276474E+003  0.9352726E+001  0.1600220E+004 -0.8281213E+003  0.0000000E+000
 216.000    04081990  0.3344994E+004  0.3272345E+003  0.9353292E+001  0.1610941E+004 -0.8348358E+003  0.0000000E+000
 217.000    05081990  0.3349050E+004  0.3267644E+003  0.9353867E+001  0.1621639E+004 -0.8416632E+003  0.0000000E+000
 218.000    06081990  0.3353383E+004  0.3262748E+003  0.9354431E+001  0.1631989E+004 -0.8478770E+003  0.0000000E+000
 219.000    07081990  0.3356290E+004  0.3257924E+003  0.9354953E+001  0.1640235E+004 -0.8534009E+003  0.0000000E+000
 220.000    08081990  0.3361792E+004  0.3253963E+003  0.9355497E+001  0.1651210E+004 -0.8589774E+003  0.0000000E+000
 221.000    09081990  0.3366315E+004  0.3250120E+003  0.9356153E+001  0.1661507E+004 -0.8648488E+003  0.0000000E+000
 222.000    10081990  0.3371569E+004  0.3247086E+003  0.9356758E+001  0.1672088E+004 -0.8702040E+003  0.0000000E+000
 223.000    11081990  0.3375953E+004  0.3243938E+003  0.9357470E+001  0.1682839E+004 -0.8766210E+003  0.0000000E+000
 224.000    12081990  0.3379761E+004  0.3240160E+003  0.9358102E+001  0.1693330E+004 -0.8834203E+003  0.0000000E+000
 225.000    13081990  0.3383840E+004  0.3235646E+003  0.9358709E+001  0.1704016E+004 -0.8902110E+003  0.0000000E+000
 226.000    14081990  0.3388397E+004  0.3231112E+003  0.9359303E+001  0.1714929E+004 -0.8967409E+003  0.0000000E+000
 227.000    15081990  0.3391218E+004  0.3225959E+003  0.9359965E+001  0.1723749E+004 -0.9029657E+003  0.0000000E+000
 228.000    16081990  0.3395707E+004  0.3220585E+003  0.9360572E+001  0.1734023E+004 -0.9089838E+003  0.0000000E+000
 229.000    17081990  0.3400058E+004  0.3215331E+003  0.9361197E+001  0.1744131E+004 -0.9149535E+003  0.0000000E+000
 230.000    18081990  0.3404699E+004  0.3210367E+003  0.9361826E+001  0.1754882E+004 -0.9212433E+003  0.0000000E+000
 231.000    19081990  0.3408977E+004  0.3205087E+003  0.9362473E+001  0.1765776E+004 -0.9280654E+003  0.0000000E+000
 232.000    20081990  0.3412682E+004  0.3199148E+003  0.9363100E+001  0.1776254E+004 -0.9350978E+003  0.0000000E+000
 233.000    21081990  0.3416736E+004  0.3193042E+003  0.9363671E+001  0.1786482E+004 -0.9415351E+003  0.0000000E+000
 234.000    22081990  0.3421531E+004  0.3187349E+003  0.9364241E+001  0.1797101E+004 -0.9475784E+003  0.0000000E+000
 235.000    23081990  0.3426129E+004  0.3182245E+003  0.9364839E+001  0.1807223E+004 -0.9532685E+003  0.0000000E+000
 236.000    24081990  0.3430790E+004  0.3177717E+003  0.9365448E+001  0.1817144E+004 -0.9586487E+003  0.0000000E+000
 237.000    25081990  0.3434757E+004  0.3173445E+003  0.9366174E+001  0.1826878E+004 -0.9645219E+003  0.0000000E+000
 238.000    26081990  0.3439073E+004  0.3168687E+003  0.9366912E+001  0.1837456E+004 -0.9709438E+003  0.0000000E+000
 239.000    27081990  0.3442135E+004  0.3163178E+003  0.9367564E+001  0.1847467E+004 -0.9781189E+003  0.0000000E+000
 240.000    28081990  0.3444996E+004  0.3156990E+003  0.9368058E+001  0.1857176E+004 -0.9852464E+003  0.0000000E+000
 241.000    29081990  0.3448290E+004  0.3150519E+003  0.9368505E+001  0.1867160E+004 -0.9922292E+003  0.0000000E+000
 242.000    30081990  0.3452689E+004  0.3144574E+003  0.9368926E+001  0.1877121E+004 -0.9980272E+003  0.0000000E+000
 243.000    31081990  0.3454636E+004  0.3137230E+003  0.9363211E+001  0.1887189E+004 -0.1004034E+004  0.0000000E+000
 244.000    01091990  0.3458472E+004  0.3132359E+003  0.9363743E+001  0.1896854E+004 -0.1010007E+004  0.0000000E+000
 245.000    02091990  0.3461844E+004  0.3127850E+003  0.9364255E+001  0.1906131E+004 -0.1016034E+004  0.0000000E+000
 246.000    03091990  0.3464951E+004  0.3122460E+003  0.9364798E+001  0.1915821E+004 -0.1022828E+004  0.0000000E+000
 247.000    04091990  0.3468695E+004  0.3116870E+003  0.9365266E+001  0.1925348E+004 -0.1028833E+004  0.0000000E+000
 248.000    05091990  0.3472697E+004  0.3112691E+003  0.9365664E+001  0.1934286E+004 -0.1033863E+004  0.0000000E+000
 249.000    06091990  0.3475665E+004  0.3108568E+003  0.9366208E+001  0.1943402E+004 -0.1040114E+004  0.0000000E+000
 250.000    07091990  0.3477676E+004  0.3102926E+003  0.9366722E+001  0.1952618E+004 -0.1047567E+004  0.0000000E+000
 251.000    08091990  0.3480564E+004  0.3096535E+003  0.9367140E+001  0.1961634E+004 -0.1053998E+004  0.0000000E+000
 252.000    09091990  0.3484885E+004  0.3090705E+003  0.9367598E+001  0.1971576E+004 -0.1059856E+004  0.0000000E+000
 253.000    10091990  0.3488876E+004  0.3084948E+003  0.9368180E+001  0.1981692E+004 -0.1066206E+004  0.0000000E+000
 254.000    11091990  0.3492575E+004  0.3079081E+003  0.9368742E+001  0.1991327E+004 -0.1072375E+004  0.0000000E+000
 255.000    12091990  0.3495951E+004  0.3073884E+003  0.9369215E+001  0.2000223E+004 -0.1078066E+004  0.0000000E+000
 256.000    13091990  0.3498973E+004  0.3068731E+003  0.9369696E+001  0.2008307E+004 -0.1083304E+004  0.0000000E+000
 257.000    14091990  0.3503361E+004  0.3064146E+003  0.9370235E+001  0.2017989E+004 -0.1088727E+004  0.0000000E+000
 258.000    15091990  0.3506534E+004  0.3059501E+003  0.9370785E+001  0.2027093E+004 -0.1094799E+004  0.0000000E+000
 259.000    16091990  0.3510088E+004  0.3055533E+003  0.9371159E+001  0.2035538E+004 -0.1099777E+004  0.0000000E+000
 260.000    17091990  0.3514075E+004  0.3052810E+003  0.9371443E+001  0.2043405E+004 -0.1103642E+004  0.0000000E+000
 261.000    18091990  0.3517537E+004  0.3052075E+003  0.9370865E+001  0.2050376E+004 -0.1106951E+004  0.0000000E+000
 262.000    19091990  0.3521225E+004  0.3052087E+003  0.9371319E+001  0.2058452E+004 -0.1111118E+004  0.0000000E+000
 263.000    20091990  0.3524328E+004  0.3051497E+003  0.9371974E+001  0.2066994E+004 -0.1116430E+004  0.0000000E+000
 264.000    21091990  0.3527717E+004  0.3049970E+003  0.9372567E+001  0.2075578E+004 -0.1121606E+004  0.0000000E+000
 265.000    22091990  0.3531432E+004  0.3048196E+003  0.9373192E+001  0.2084683E+004 -0.1127007E+004  0.0000000E+000
 266.000    23091990  0.3534374E+004  0.3046330E+003  0.9373620E+001  0.2092285E+004 -0.1131685E+004  0.0000000E+000
 267.000    24091990  0.3537358E+004  0.3045936E+003  0.9369056E+001  0.2098297E+004 -0.1134488E+004  0.0000000E+000
 268.000    25091990  0.3540537E+004  0.3047139E+003  0.9367684E+001  0.2104960E+004 -0.1137662E+004  0.0000000E+000
 269.000    26091990  0.3543217E+004  0.3048675E+003  0.9368101E+001  0.2111972E+004 -0.1141708E+004  0.0000000E+000
 270.000    27091990  0.3546071E+004  0.3049365E+003  0.9368595E+001  0.2119651E+004 -0.1146349E+004  0.0000000E+000
 271.000    28091990  0.3549011E+004  0.3049582E+003  0.9369054E+001  0.2127345E+004 -0.1150975E+004  0.0000000E+000
 272.000    29091990  0.3551877E+004  0.3049197E+003  0.9369539E+001  0.2135299E+004 -0.1155999E+004  0.0000000E+000
 273.000    30091990  0.3555217E+004  0.3048319E+003  0.9370005E+001  0.2143717E+004 -0.1161064E+004  0.0000000E+000
 274.000    01101990  0.3556518E+004  0.3045699E+003  0.9364138E+001  0.2151699E+004 -0.1165348E+004  0.0000000E+000
 275.000    02101990  0.3559398E+004  0.3045792E+003  0.9364521E+001  0.2158974E+004 -0.1169635E+004  0.0000000E+000
 276.000    03101990  0.3561945E+004  0.3045948E+003  0.9364937E+001  0.2166233E+004 -0.1174234E+004  0.0000000E+000
 277.000    04101990  0.3563865E+004  0.3044781E+003  0.9365443E+001  0.2173068E+004 -0.1179174E+004  0.0000000E+000
 278.000    05101990  0.3567056E+004  0.3043724E+003  0.9365831E+001  0.2180492E+004 -0.1183416E+004  0.0000000E+000
 279.000    06101990  0.3569768E+004  0.3043599E+003  0.9366198E+001  0.2187606E+004 -0.1187730E+004  0.0000000E+000
 280.000    07101990  0.3572298E+004  0.3042917E+003  0.9366694E+001  0.2195389E+004 -0.1192954E+004  0.0000000E+000
 281.000    08101990  0.3574685E+004  0.3041113E+003  0.9367173E+001  0.2203388E+004 -0.1198645E+004  0.0000000E+000
 282.000    09101990  0.3577241E+004  0.3038945E+003  0.9367583E+001  0.2211325E+004 -0.1204133E+004  0.0000000E+000
 283.000    10101990  0.3579171E+004  0.3036346E+003  0.9367922E+001  0.2217617E+004 -0.1208630E+004  0.0000000E+000
 284.000    11101990  0.3579564E+004  0.3033511E+003  0.9368298E+001  0.2222231E+004 -0.1212998E+004  0.0000000E+000
 285.000    12101990  0.3583065E+004  0.3030630E+003  0.9368690E+001  0.2230224E+004 -0.1217626E+004  0.0000000E+000
 286.000    13101990  0.3585819E+004  0.3027570E+003  0.9369164E+001  0.2237683E+004 -0.1222470E+004  0.0000000E+000
 287.000    14101990  0.3589296E+004  0.3024815E+003  0.9369635E+001  0.2245908E+004 -0.1227315E+004  0.0000000E+000
 288.000    15101990  0.3592544E+004  0.3022719E+003  0.9370009E+001  0.2253429E+004 -0.1231616E+004  0.0000000E+000
 289.000    16101990  0.3595618E+004  0.3021744E+003  0.9370291E+001  0.2260150E+004 -0.1235185E+004  0.0000000E+000
 290.000    17101990  0.3598349E+004  0.3021661E+003  0.9370693E+001  0.2266911E+004 -0.1239062E+004  0.0000000E+000
 291.000    18101990  0.3601475E+004  0.3020751E+003  0.9371292E+001  0.2274891E+004 -0.1243867E+004  0.0000000E+000
 292.000    19101990  0.3603026E+004  0.3020379E+003  0.9365050E+001  0.2279217E+004 -0.1246411E+004  0.0000000E+000
 293.000    20101990  0.3604933E+004  0.3021758E+003  0.9354485E+001  0.2283821E+004 -0.1248620E+004  0.0000000E+000
 294.000    21101990  0.3607952E+004  0.3023938E+003  0.9354726E+001  0.2290129E+004 -0.1251571E+004  0.0000000E+000
 295.000    22101990  0.3609427E+004  0.3025348E+003  0.9355238E+001  0.2295501E+004 -0.1255227E+004  0.0000000E+000
 296.000    23101990  0.3611486E+004  0.3024885E+003  0.9355914E+001  0.2302268E+004 -0.1259886E+004  0.0000000E+000
 297.000    24101990  0.3614359E+004  0.3024894E+003  0.9356268E+001  0.2308617E+004 -0.1263272E+004  0.0000000E+000
 298.000    25101990  0.3616838E+004  0.3025958E+003  0.9356510E+001  0.2314036E+004 -0.1266017E+004  0.0000000E+000
 299.000    26101990  0.3618902E+004  0.3028323E+003  0.9354109E+001  0.2318464E+004 -0.1268010E+004  0.0000000E+000
 300.000    27101990  0.3619757E+004  0.3031902E+003  0.9337930E+001  0.2321739E+004 -0.1269655E+004  0.0000000E+000
 301.000    28101990  0.3620873E+004  0.3036023E+003  0.9325612E+001  0.2325703E+004 -0.1271743E+004  0.0000000E+000
 302.000    29101990  0.3621605E+004  0.3040086E+003  0.9313987E+001  0.2329005E+004 -0.1273578E+004  0.0000000E+000
 303.000    30101990  0.3622627E+004  0.3044427E+003  0.9302330E+001  0.2332779E+004 -0.1275561E+004  0.0000000E+000
 304.000    31101990  0.3621458E+004  0.3046534E+003  0.9290785E+001  0.2337176E+004 -0.1278095E+004  0.0000000E+000
 305.000    01111990  0.3623173E+004  0.3049550E+003  0.9291864E+001  0.2342531E+004 -0.1281335E+004  0.0000000E+000
 306.000    02111990  0.3624867E+004  0.3051609E+003  0.9292901E+001  0.2347944E+004 -0.1284751E+004  0.0000000E+000
 307.000    03111990  0.3626583E+004  0.3052962E+003  0.9293871E+001  0.2353410E+004 -0.1288269E+004  0.0000000E+000
 308.000    04111990  0.3628445E+004  0.3053862E+003  0.9294749E+001  0.2358953E+004 -0.1291765E+004  0.0000000E+000
 309.000    05111990  0.3630410E+004  0.3054410E+003  0.9295670E+001  0.2364790E+004 -0.1295492E+004  0.0000000E+000
 310.000    06111990  0.3632388E+004  0.3054636E+003  0.9296258E+001  0.2369982E+004 -0.1298596E+004  0.0000000E+000
 311.000    07111990  0.3633773E+004  0.3056431E+003  0.9288415E+001  0.2373960E+004 -0.1300768E+004  0.0000000E+000
 312.000    08111990  0.3634936E+004  0.3058807E+003  0.9281861E+001  0.2377462E+004 -0.1302656E+004  0.0000000E+000
 313.000    09111990  0.3636265E+004  0.3062191E+003  0.9266680E+001  0.2381069E+004 -0.1304205E+004  0.0000000E+000
 314.000    10111990  0.3638957E+004  0.3065432E+003  0.9267527E+001  0.2387207E+004 -0.1307237E+004  0.0000000E+000
 315.000    11111990  0.3639753E+004  0.3068878E+003  0.9258622E+001  0.2390502E+004 -0.1309122E+004  0.0000000E+000
 316.000    12111990  0.3641043E+004  0.3072915E+003  0.9248873E+001  0.2394601E+004 -0.1311235E+004  0.0000000E+000
 317.000    13111990  0.3641756E+004  0.3076848E+003  0.9240159E+001  0.2397814E+004 -0.1313069E+004  0.0000000E+000
 318.000    14111990  0.3642259E+004  0.3081195E+003  0.9226427E+001  0.2400741E+004 -0.1314682E+004  0.0000000E+000
 319.000    15111990  0.3642929E+004  0.3085727E+003  0.9215319E+001  0.2404223E+004 -0.1316709E+004  0.0000000E+000
 320.000    16111990  0.3644020E+004  0.3089499E+003  0.9213557E+001  0.2408461E+004 -0.1319325E+004  0.0000000E+000
 321.000    17111990  0.3645846E+004  0.3092320E+003  0.9214130E+001  0.2413170E+004 -0.1321817E+004  0.0000000E+000
 322.000    18111990  0.3645979E+004  0.3095901E+003  0.9201102E+001  0.2415622E+004 -0.1323415E+004  0.0000000E+000
 323.000    19111990  0.3646416E+004  0.3100044E+003  0.9185549E+001  0.2418544E+004 -0.1325064E+004  0.0000000E+000
 324.000    20111990  0.3647706E+004  0.3104157E+003  0.9179926E+001  0.2422656E+004 -0.1327143E+004  0.0000000E+000
 325.000    21111990  0.3646554E+004  0.3107934E+003  0.9177154E+001  0.2426647E+004 -0.1329365E+004  0.0000000E+000
 326.000    22111990  0.3645399E+004  0.3111366E+003  0.9175213E+001  0.2430711E+004 -0.1331867E+004  0.0000000E+000
 327.000    23111990  0.3644395E+004  0.3113574E+003  0.9176104E+001  0.2435044E+004 -0.1334807E+004  0.0000000E+000
 328.000    24111990  0.3643650E+004  0.3115451E+003  0.9175418E+001  0.2439114E+004 -0.1337374E+004  0.0000000E+000
 329.000    25111990  0.3642989E+004  0.3117744E+003  0.9173310E+001  0.2443179E+004 -0.1339916E+004  0.0000000E+000
 330.000    26111990  0.3642512E+004  0.3119793E+003  0.9171693E+001  0.2447383E+004 -0.1342567E+004  0.0000000E+000
 331.000    27111990  0.3642317E+004  0.3121536E+003  0.9172292E+001  0.2451979E+004 -0.1345513E+004  0.0000000E+000
 332.000    28111990  0.3642070E+004  0.3122160E+003  0.9173252E+001  0.2456725E+004 -0.1348881E+004  0.0000000E+000
 333.000    29111990  0.3641962E+004  0.3121689E+003  0.9174180E+001  0.2461614E+004 -0.1352468E+004  0.0000000E+000
 334.000    30111990  0.3640699E+004  0.3123132E+003  0.9153253E+001  0.2463604E+004 -0.1353812E+004  0.0000000E+000
 335.000    01121990  0.3637306E+004  0.3123614E+003  0.9135923E+001  0.2465953E+004 -0.1355192E+004  0.0000000E+000
 336.000    02121990  0.3637113E+004  0.3126761E+003  0.9130935E+001  0.2468964E+004 -0.1356679E+004  0.0000000E+000
 337.000    03121990  0.3638036E+004  0.3130089E+003  0.9131700E+001  0.2473579E+004 -0.1358903E+004  0.0000000E+000
 338.000    04121990  0.3637835E+004  0.3131908E+003  0.9133389E+001  0.2477720E+004 -0.1362003E+004  0.0000000E+000
 339.000    05121990  0.3636571E+004  0.3134698E+003  0.9120938E+001  0.2479414E+004 -0.1363247E+004  0.0000000E+000
 340.000    06121990  0.3635874E+004  0.3138147E+003  0.9111577E+001  0.2481720E+004 -0.1364558E+004  0.0000000E+000
 341.000    07121990  0.3635731E+004  0.3142014E+003  0.9103738E+001  0.2484603E+004 -0.1365976E+004  0.0000000E+000
 342.000    08121990  0.3635789E+004  0.3146184E+003  0.9099958E+001  0.2487499E+004 -0.1367417E+004  0.0000000E+000
 343.000    09121990  0.3635136E+004  0.3150607E+003  0.9092249E+001  0.2489761E+004 -0.1368772E+004  0.0000000E+000
 344.000    10121990  0.3634686E+004  0.3155152E+003  0.9084907E+001  0.2492404E+004 -0.1370339E+004  0.0000000E+000
 345.000    11121990  0.3634262E+004  0.3159454E+003  0.9079131E+001  0.2494843E+004 -0.1371832E+004  0.0000000E+000
 346.000    12121990  0.3634122E+004  0.3163838E+003  0.9073123E+001  0.2497827E+004 -0.1373572E+004  0.0000000E+000
 347.000    13121990  0.3634373E+004  0.3167457E+003  0.9072038E+001  0.2501420E+004 -0.1375841E+004  0.0000000E+000
 348.000    14121990  0.3634060E+004  0.3169880E+003  0.9071299E+001  0.2503996E+004 -0.1377874E+004  0.0000000E+000
 349.000    15121990  0.3633745E+004  0.3173270E+003  0.9063785E+001  0.2506338E+004 -0.1379304E+004  0.0000000E+000
 350.000    16121990  0.3634910E+004  0.3175804E+003  0.9065477E+001  0.2510921E+004 -0.1381927E+004  0.0000000E+000
 351.000    17121990  0.3635297E+004  0.3178514E+003  0.9061351E+001  0.2513868E+004 -0.1383576E+004  0.0000000E+000
 352.000    18121990  0.3636133E+004  0.3181453E+003  0.9062753E+001  0.2518105E+004 -0.1386188E+004  0.0000000E+000
 353.000    19121990  0.3636634E+004  0.3181946E+003  0.9064931E+001  0.2522698E+004 -0.1389771E+004  0.0000000E+000
 354.000    20121990  0.3636827E+004  0.3182809E+003  0.9060819E+001  0.2525364E+004 -0.1391644E+004  0.0000000E+000
 355.000    21121990  0.3637889E+004  0.3184858E+003  0.9060999E+001  0.2529221E+004 -0.1393792E+004  0.0000000E+000
 356.000    22121990  0.3638701E+004  0.3185645E+003  0.9063273E+001  0.2534120E+004 -0.1397415E+004  0.0000000E+000
 357.000    23121990  0.3639333E+004  0.3184966E+003  0.9065054E+001  0.2538826E+004 -0.1401195E+004  0.0000000E+000
 358.000    24121990  0.3640121E+004  0.3184000E+003  0.9061923E+001  0.2542853E+004 -0.1404156E+004  0.0000000E+000
 359.000    25121990  0.3638829E+004  0.3185130E+003  0.9048466E+001  0.2543572E+004 -0.1405186E+004  0.0000000E+000
 360.000    26121990  0.3638173E+004  0.3186940E+003  0.9035914E+001  0.2544915E+004 -0.1406169E+004  0.0000000E+000
 361.000    27121990  0.3636859E+004  0.3189183E+003  0.9021819E+001  0.2545677E+004 -0.1407130E+004  0.0000000E+000
 362.000    28121990  0.3636180E+004  0.3191614E+003  0.9008477E+001  0.2547134E+004 -0.1408168E+004  0.0000000E+000
 363.000    29121990  0.3637098E+004  0.3194472E+003  0.9000910E+001  0.2550350E+004 -0.1409545E+004  0.0000000E+000
 364.000    30121990  0.3638326E+004  0.3197305E+003  0.9002965E+001  0.2555056E+004 -0.1412464E+004  0.0000000E+000
 365.000    31121990  0.3637184E+004  0.3195849E+003  0.8998563E+001  0.2559715E+004 -0.1415678E+004  0.0000000E+000
