    DOY     DATE    PRECN           ET              WATER           DISCHG          SNOWPACK        WTR_1           WTR_2           WTR_3           WTR_4           WTR_5           WTR_6           ICE_2           ICE_3           ICE_4           ICE_5           ICE_6           ICE_7           PSI_3           PSI_4           PSI_5           PSI_6           PSI_7           PSI_8           ACTV_LYR        
  30.000    30011943  0.1008100E+003  0.2451955E+002  0.8405935E+003  0.3210566E+001  0.0000000E+000  0.3388600E+000  0.3437021E+000  0.3532064E+000  0.2854388E+000  0.2782673E+000  0.3568719E+000  0.9801243E-012  0.9372614E-012  0.0000000E+000  0.0000000E+000  0.0000000E+000  0.0000000E+000 -0.5969017E-002 -0.5038861E-002 -0.3531252E-002 -0.2552045E-002 -0.2552106E-002 -0.3309363E-002 -0.9999000E+004
  60.000    01031943  0.2181400E+003  0.6143480E+002  0.8254185E+003  0.9878365E+002  0.0000000E+000  0.3116561E+000  0.3373991E+000  0.3342093E+000  0.2646771E+000  0.2585857E+000  0.3554392E+000  0.9801243E-012  0.9372614E-012  0.0000000E+000  0.0000000E+000  0.0000000E+000  0.0000000E+000 -0.8979060E-002 -0.7222501E-002 -0.5000289E-002 -0.2633980E-002 -0.2609088E-002 -0.3642003E-002 -0.9999000E+004
  90.000    31031943  0.3271000E+003  0.1247972E+003  0.8124354E+003  0.1573644E+003  0.0000000E+000  0.3614145E+000  0.3580105E+000  0.3693409E+000  0.3132460E+000  0.2895230E+000  0.3575462E+000  0.9801243E-012  0.9372614E-012  0.0000000E+000  0.0000000E+000  0.0000000E+000  0.0000000E+000 -0.4455924E-002 -0.3178010E-002 -0.2995376E-002 -0.2514351E-002 -0.2509049E-002 -0.2617305E-002 -0.9999000E+004
 120.000    30041943  0.3994800E+003  0.2321857E+003  0.7459494E+003  0.1888418E+003  0.0000000E+000  0.2963648E+000  0.2879996E+000  0.2918647E+000  0.1953954E+000  0.2077075E+000  0.3361022E+000  0.9801243E-012  0.9372614E-012  0.0000000E+000  0.0000000E+000  0.0000000E+000  0.0000000E+000 -0.1755185E-001 -0.3438434E-001 -0.1566229E-001 -0.4131590E-002 -0.3260007E-002 -0.5099497E-002 -0.9999000E+004
 150.000    30051943  0.5992200E+003  0.3549785E+003  0.7966199E+003  0.2151186E+003  0.0000000E+000  0.3256811E+000  0.3364114E+000  0.3453442E+000  0.2769899E+000  0.2646854E+000  0.3575927E+000  0.9801243E-012  0.9372614E-012  0.0000000E+000  0.0000000E+000  0.0000000E+000  0.0000000E+000 -0.7413664E-002 -0.5733622E-002 -0.4491178E-002 -0.2509186E-002 -0.2501647E-002 -0.2602252E-002 -0.9999000E+004
 180.000    29061943  0.6362100E+003  0.5090032E+003  0.6586641E+003  0.2360396E+003  0.0000000E+000  0.1223077E+000  0.1212969E+000  0.1296117E+000  0.1122658E+000  0.1406719E+000  0.3016005E+000  0.9801243E-012  0.9372614E-012  0.0000000E+000  0.0000000E+000  0.0000000E+000  0.0000000E+000 -0.8469044E+000 -0.5843839E+000 -0.1615495E+000 -0.9853064E-002 -0.5175091E-002 -0.7242252E-002 -0.9999000E+004
 210.000    29071943  0.7075500E+003  0.6516053E+003  0.5721523E+003  0.2512892E+003  0.0000000E+000  0.1247803E+000  0.1206659E+000  0.1262247E+000  0.1061274E+000  0.1120048E+000  0.2394610E+000  0.9801243E-012  0.9372614E-012  0.0000000E+000  0.0000000E+000  0.0000000E+000  0.0000000E+000 -0.9701237E+000 -0.7847331E+000 -0.6419817E+000 -0.7588758E-001 -0.1763263E-001 -0.2375426E-001 -0.9999000E+004
 240.000    28081943  0.7988700E+003  0.7799745E+003  0.5284734E+003  0.2579190E+003  0.0000000E+000  0.1326465E+000  0.1251360E+000  0.1364655E+000  0.1215604E+000  0.1226884E+000  0.2100150E+000  0.9801243E-012  0.9372614E-012  0.0000000E+000  0.0000000E+000  0.0000000E+000  0.0000000E+000 -0.6637502E+000 -0.3874921E+000 -0.3706294E+000 -0.2431952E+000 -0.5213954E-001 -0.7011115E-001 -0.9999000E+004
 270.000    27091943  0.8200800E+003  0.8721786E+003  0.4557184E+003  0.2596799E+003  0.0000000E+000  0.1261022E+000  0.1247305E+000  0.1269192E+000  0.1028968E+000  0.1052511E+000  0.1838471E+000  0.9801243E-012  0.9372614E-012  0.0000000E+000  0.0000000E+000  0.0000000E+000  0.0000000E+000 -0.9559713E+000 -0.9263239E+000 -0.9386093E+000 -0.7924436E+000 -0.3664132E+000 -0.4827967E+000 -0.9999000E+004
 300.000    27101943  0.1059310E+004  0.9080388E+003  0.6590882E+003  0.2596799E+003  0.0000000E+000  0.3188998E+000  0.3492381E+000  0.3474709E+000  0.2815827E+000  0.2746527E+000  0.3577527E+000  0.9801243E-012  0.9372614E-012  0.0000000E+000  0.0000000E+000  0.0000000E+000  0.0000000E+000 -0.6810531E-002 -0.5381955E-002 -0.3754365E-002 -0.2501591E-002 -0.2665674E-002 -0.6394303E-001 -0.9999000E+004
 330.000    26111943  0.1095560E+004  0.9383209E+003  0.6650528E+003  0.2596799E+003  0.0000000E+000  0.3167313E+000  0.3147590E+000  0.3203054E+000  0.2491251E+000  0.2422312E+000  0.3472834E+000  0.9801243E-012  0.9372614E-012  0.0000000E+000  0.0000000E+000  0.0000000E+000  0.0000000E+000 -0.1141838E-001 -0.9660135E-002 -0.6843355E-002 -0.3174942E-002 -0.2801946E-002 -0.4802131E-002 -0.9999000E+004
 360.000    26121943  0.1195380E+004  0.9617478E+003  0.7414325E+003  0.2596799E+003  0.0000000E+000  0.3220544E+000  0.3493924E+000  0.3471319E+000  0.2730966E+000  0.2625608E+000  0.3567228E+000  0.9801243E-012  0.9372614E-012  0.0000000E+000  0.0000000E+000  0.0000000E+000  0.0000000E+000 -0.6232657E-002 -0.6422263E-002 -0.4657928E-002 -0.2558979E-002 -0.2572569E-002 -0.3499522E-002 -0.9999000E+004
