    DOY     DATE    RESIDUE_C       HUMUS_C         ATM_CO2         NBP             ECO_LAI         ECO_GPP         ECO_RA          ECO_NPP         ECO_RH          
   1.000    01012005  0.1671199E+004  0.7349794E+004  0.3406120E+003  0.1028404E+001  0.1143681E+002  0.6022271E+001 -0.3627048E+001  0.2395223E+001 -0.3349639E+000
   2.000    02012005  0.1671255E+004  0.7349894E+004  0.3406120E+003  0.2036075E+001  0.1142567E+002  0.1213759E+002 -0.7093787E+001  0.5043805E+001 -0.9343653E+000
   3.000    03012005  0.1671236E+004  0.7349972E+004  0.3406120E+003  0.2929251E+001  0.1141604E+002  0.1826297E+002 -0.1104999E+002  0.7212980E+001 -0.1698913E+001
   4.000    04012005  0.1671223E+004  0.7350020E+004  0.3406120E+003  0.2902867E+001  0.1140659E+002  0.2449424E+002 -0.1605272E+002  0.8441516E+001 -0.2672694E+001
   5.000    05012005  0.1671006E+004  0.7350057E+004  0.3406120E+003  0.3646775E+001  0.1139711E+002  0.3076344E+002 -0.2033155E+002  0.1043189E+002 -0.3729003E+001
   6.000    06012005  0.1670780E+004  0.7350086E+004  0.3406120E+003  0.3313521E+001  0.1138317E+002  0.3615765E+002 -0.2480847E+002  0.1134918E+002 -0.4843878E+001
   7.000    07012005  0.1670384E+004  0.7350129E+004  0.3406120E+003  0.4708854E+001  0.1137011E+002  0.4180413E+002 -0.2790416E+002  0.1389997E+002 -0.5870171E+001
   8.000    08012005  0.1670046E+004  0.7350175E+004  0.3406120E+003  0.4446673E+001  0.1135655E+002  0.4610767E+002 -0.3135157E+002  0.1475610E+002 -0.6889723E+001
   9.000    09012005  0.1669896E+004  0.7350255E+004  0.3406120E+003  0.6171305E+001  0.1134149E+002  0.5072383E+002 -0.3333363E+002  0.1739020E+002 -0.7687361E+001
  10.000    10012005  0.1669874E+004  0.7350354E+004  0.3406120E+003  0.8051865E+001  0.1132930E+002  0.5572534E+002 -0.3567914E+002  0.2004620E+002 -0.8373034E+001
  11.000    11012005  0.1669779E+004  0.7350448E+004  0.3406120E+003  0.1041832E+002  0.1131931E+002  0.6134496E+002 -0.3814938E+002  0.2319558E+002 -0.9087927E+001
  12.000    12012005  0.1669624E+004  0.7350517E+004  0.3406120E+003  0.1203664E+002  0.1131049E+002  0.6803245E+002 -0.4229547E+002  0.2573697E+002 -0.9982899E+001
  13.000    13012005  0.1669381E+004  0.7350543E+004  0.3406120E+003  0.1123478E+002  0.1129747E+002  0.7339254E+002 -0.4738608E+002  0.2600646E+002 -0.1118151E+002
  14.000    14012005  0.1668927E+004  0.7350570E+004  0.3406120E+003  0.1049482E+002  0.1128207E+002  0.7720218E+002 -0.5034430E+002  0.2685788E+002 -0.1235171E+002
  15.000    15012005  0.1669078E+004  0.7350680E+004  0.3406120E+003  0.1110377E+002  0.1126108E+002  0.7989827E+002 -0.5187418E+002  0.2802409E+002 -0.1297745E+002
  16.000    16012005  0.1669312E+004  0.7350808E+004  0.3406120E+003  0.1193576E+002  0.1123943E+002  0.8262519E+002 -0.5333519E+002  0.2928999E+002 -0.1346973E+002
  17.000    17012005  0.1669622E+004  0.7350948E+004  0.3406120E+003  0.1133108E+002  0.1121442E+002  0.8339299E+002 -0.5450652E+002  0.2888646E+002 -0.1385980E+002
  18.000    18012005  0.1669880E+004  0.7351094E+004  0.3406120E+003  0.2936103E+001  0.1119545E+002  0.8372689E+002 -0.5549866E+002  0.2822823E+002 -0.1416288E+002
  19.000    19012005  0.1670230E+004  0.7351239E+004  0.3406120E+003  0.1651526E+001  0.1117633E+002  0.8393744E+002 -0.5649583E+002  0.2744161E+002 -0.1440394E+002
  20.000    20012005  0.1670751E+004  0.7351381E+004  0.3406120E+003  0.2313079E+001  0.1115597E+002  0.8573353E+002 -0.5778183E+002  0.2795170E+002 -0.1463203E+002
  21.000    21012005  0.1671287E+004  0.7351519E+004  0.3406120E+003  0.2046469E+001  0.1113411E+002  0.8640549E+002 -0.5897110E+002  0.2743439E+002 -0.1488131E+002
  22.000    22012005  0.1671809E+004  0.7351659E+004  0.3406120E+003  0.1453064E+001  0.1111405E+002  0.8670933E+002 -0.6006985E+002  0.2663949E+002 -0.1509731E+002
  23.000    23012005  0.1672266E+004  0.7351800E+004  0.3406120E+003  0.1012167E+001  0.1109702E+002  0.8702352E+002 -0.6107715E+002  0.2594637E+002 -0.1529538E+002
  24.000    24012005  0.1672715E+004  0.7351940E+004  0.3406120E+003  0.1918186E+001  0.1108106E+002  0.8882815E+002 -0.6221505E+002  0.2661310E+002 -0.1548832E+002
  25.000    25012005  0.1673167E+004  0.7352074E+004  0.3406120E+003  0.4849192E+001  0.1106798E+002  0.9322562E+002 -0.6393224E+002  0.2929338E+002 -0.1570685E+002
  26.000    26012005  0.1673557E+004  0.7352206E+004  0.3406120E+003  0.7982072E+001  0.1105656E+002  0.9831927E+002 -0.6615608E+002  0.3216318E+002 -0.1593966E+002
  27.000    27012005  0.1674028E+004  0.7352338E+004  0.3406120E+003  0.9490822E+001  0.1103667E+002  0.1009690E+003 -0.6752977E+002  0.3343919E+002 -0.1617622E+002
  28.000    28012005  0.1674522E+004  0.7352470E+004  0.3406120E+003  0.9373636E+001  0.1101913E+002  0.1017187E+003 -0.6856811E+002  0.3315055E+002 -0.1638949E+002
  29.000    29012005  0.1675061E+004  0.7352604E+004  0.3406120E+003  0.9116538E+001  0.1100123E+002  0.1023388E+003 -0.6960934E+002  0.3272950E+002 -0.1657188E+002
  30.000    30012005  0.1676430E+004  0.7352733E+004  0.3406120E+003  0.9502690E+001  0.1097620E+002  0.1036932E+003 -0.7081177E+002  0.3288145E+002 -0.1677381E+002
  31.000    31012005  0.1676913E+004  0.7352862E+004  0.3406120E+003  0.1135869E+002  0.1096052E+002  0.1068177E+003 -0.7214198E+002  0.3467574E+002 -0.1698316E+002
  32.000    01022005  0.1677373E+004  0.7352990E+004  0.3406120E+003  0.1315563E+002  0.1094537E+002  0.1097730E+003 -0.7344224E+002  0.3633075E+002 -0.1719558E+002
  33.000    02022005  0.1677796E+004  0.7353118E+004  0.3406120E+003  0.1541269E+002  0.1093171E+002  0.1132747E+003 -0.7484822E+002  0.3842647E+002 -0.1740912E+002
  34.000    03022005  0.1678398E+004  0.7353245E+004  0.3406120E+003  0.1548380E+002  0.1091251E+002  0.1143572E+003 -0.7608239E+002  0.3827484E+002 -0.1762266E+002
  35.000    04022005  0.1678814E+004  0.7353372E+004  0.3406120E+003  0.1823083E+002  0.1089998E+002  0.1184893E+003 -0.7768520E+002  0.4080407E+002 -0.1783656E+002
  36.000    05022005  0.1679229E+004  0.7353498E+004  0.3406120E+003  0.2160742E+002  0.1089099E+002  0.1239624E+003 -0.7998570E+002  0.4397671E+002 -0.1805035E+002
  37.000    06022005  0.1679649E+004  0.7353624E+004  0.3406120E+003  0.2494762E+002  0.1088254E+002  0.1295350E+003 -0.8241063E+002  0.4712441E+002 -0.1826397E+002
  38.000    07022005  0.1680157E+004  0.7353750E+004  0.3406120E+003  0.2830693E+002  0.1087327E+002  0.1353875E+003 -0.8508552E+002  0.5030196E+002 -0.1847688E+002
  39.000    08022005  0.1680717E+004  0.7353875E+004  0.3406120E+003  0.3163796E+002  0.1086468E+002  0.1420687E+003 -0.8861825E+002  0.5345049E+002 -0.1868817E+002
  40.000    09022005  0.1681069E+004  0.7354000E+004  0.3406120E+003  0.3308423E+002  0.1085665E+002  0.1463908E+003 -0.9167275E+002  0.5471809E+002 -0.1889761E+002
  41.000    10022005  0.1681391E+004  0.7354124E+004  0.3406120E+003  0.3624625E+002  0.1084229E+002  0.1512383E+003 -0.9352637E+002  0.5771191E+002 -0.1911566E+002
  42.000    11022005  0.1681888E+004  0.7354249E+004  0.3406120E+003  0.3829916E+002  0.1082227E+002  0.1544413E+003 -0.9484499E+002  0.5959629E+002 -0.1932550E+002
  43.000    12022005  0.1682327E+004  0.7354372E+004  0.3406120E+003  0.4167761E+002  0.1081106E+002  0.1597024E+003 -0.9688905E+002  0.6281338E+002 -0.1953476E+002
  44.000    13022005  0.1682771E+004  0.7354496E+004  0.3406120E+003  0.4587231E+002  0.1080325E+002  0.1663660E+003 -0.9951665E+002  0.6684933E+002 -0.1974322E+002
  45.000    14022005  0.1683065E+004  0.7354619E+004  0.3406120E+003  0.4724799E+002  0.1079890E+002  0.1707525E+003 -0.1020106E+003  0.6874190E+002 -0.1996894E+002
  46.000    15022005  0.1683335E+004  0.7354737E+004  0.3406120E+003  0.5016943E+002  0.1079661E+002  0.1779097E+003 -0.1050906E+003  0.7281906E+002 -0.2028356E+002
  47.000    16022005  0.1683518E+004  0.7354841E+004  0.3406120E+003  0.5274105E+002  0.1079186E+002  0.1857089E+003 -0.1088559E+003  0.7685305E+002 -0.2076393E+002
  48.000    17022005  0.1683661E+004  0.7354948E+004  0.3406120E+003  0.5500974E+002  0.1077671E+002  0.1910132E+003 -0.1107654E+003  0.8024783E+002 -0.2123947E+002
  49.000    18022005  0.1684026E+004  0.7355070E+004  0.3406120E+003  0.5670734E+002  0.1075990E+002  0.1948839E+003 -0.1122362E+003  0.8264765E+002 -0.2153381E+002
  50.000    19022005  0.1684399E+004  0.7355194E+004  0.3406120E+003  0.5961073E+002  0.1074694E+002  0.1996673E+003 -0.1139537E+003  0.8571356E+002 -0.2177726E+002
  51.000    20022005  0.1684657E+004  0.7355316E+004  0.3406120E+003  0.6076287E+002  0.1073743E+002  0.2030719E+003 -0.1155552E+003  0.8751676E+002 -0.2206789E+002
  52.000    21022005  0.1684698E+004  0.7355419E+004  0.3406120E+003  0.6170116E+002  0.1073438E+002  0.2077107E+003 -0.1186037E+003  0.8910699E+002 -0.2257373E+002
  53.000    22022005  0.1684626E+004  0.7355507E+004  0.3406120E+003  0.6474971E+002  0.1072770E+002  0.2149593E+003 -0.1220740E+003  0.9288525E+002 -0.2324137E+002
  54.000    23022005  0.1684560E+004  0.7355598E+004  0.3406120E+003  0.6778705E+002  0.1072136E+002  0.2215988E+003 -0.1249772E+003  0.9662157E+002 -0.2389132E+002
  55.000    24022005  0.1684826E+004  0.7355710E+004  0.3406120E+003  0.6743438E+002  0.1070616E+002  0.2231670E+003 -0.1264541E+003  0.9671299E+002 -0.2437159E+002
  56.000    25022005  0.1685229E+004  0.7355834E+004  0.3406120E+003  0.6846389E+002  0.1068807E+002  0.2258925E+003 -0.1277637E+003  0.9812884E+002 -0.2468703E+002
  57.000    26022005  0.1685614E+004  0.7355961E+004  0.3406120E+003  0.7158272E+002  0.1067467E+002  0.2309384E+003 -0.1295918E+003  0.1013465E+003 -0.2495102E+002
  58.000    27022005  0.1685972E+004  0.7356088E+004  0.3406120E+003  0.7405231E+002  0.1066251E+002  0.2352822E+003 -0.1311796E+003  0.1041026E+003 -0.2520478E+002
  59.000    28022005  0.1686529E+004  0.7356214E+004  0.3406120E+003  0.7399427E+002  0.1064467E+002  0.2368036E+003 -0.1324348E+003  0.1043688E+003 -0.2545505E+002
  60.000    01032005  0.1687685E+004  0.7356338E+004  0.3406120E+003  0.7580160E+002  0.1062707E+002  0.2402718E+003 -0.1337987E+003  0.1064730E+003 -0.2571062E+002
  61.000    02032005  0.1688097E+004  0.7356463E+004  0.3406120E+003  0.7768330E+002  0.1061410E+002  0.2438772E+003 -0.1352367E+003  0.1086404E+003 -0.2595356E+002
  62.000    03032005  0.1688489E+004  0.7356587E+004  0.3406120E+003  0.8002226E+002  0.1060023E+002  0.2478891E+003 -0.1367005E+003  0.1111886E+003 -0.2619111E+002
  63.000    04032005  0.1688851E+004  0.7356710E+004  0.3406120E+003  0.8293020E+002  0.1059492E+002  0.2537362E+003 -0.1389520E+003  0.1147842E+003 -0.2641816E+002
  64.000    05032005  0.1689177E+004  0.7356833E+004  0.3406120E+003  0.8655302E+002  0.1058822E+002  0.2599218E+003 -0.1410975E+003  0.1188243E+003 -0.2666804E+002
  65.000    06032005  0.1689525E+004  0.7356950E+004  0.3406120E+003  0.8978744E+002  0.1058091E+002  0.2664984E+003 -0.1439473E+003  0.1225510E+003 -0.2698954E+002
  66.000    07032005  0.1689819E+004  0.7357047E+004  0.3406120E+003  0.9219231E+002  0.1057838E+002  0.2742743E+003 -0.1487405E+003  0.1255338E+003 -0.2756248E+002
  67.000    08032005  0.1689727E+004  0.7357137E+004  0.3406120E+003  0.9348339E+002  0.1056933E+002  0.2786071E+003 -0.1511202E+003  0.1274870E+003 -0.2823032E+002
  68.000    09032005  0.1690032E+004  0.7357260E+004  0.3406120E+003  0.9618067E+002  0.1055547E+002  0.2832910E+003 -0.1527599E+003  0.1305311E+003 -0.2856279E+002
  69.000    10032005  0.1690352E+004  0.7357382E+004  0.3406120E+003  0.9931671E+002  0.1054360E+002  0.2886871E+003 -0.1546668E+003  0.1340204E+003 -0.2889148E+002
  70.000    11032005  0.1690557E+004  0.7357494E+004  0.3406120E+003  0.1028446E+003  0.1053571E+002  0.2949996E+003 -0.1570322E+003  0.1379674E+003 -0.2934263E+002
  71.000    12032005  0.1690770E+004  0.7357602E+004  0.3406120E+003  0.1062763E+003  0.1052866E+002  0.3020177E+003 -0.1601753E+003  0.1418424E+003 -0.2983826E+002
  72.000    13032005  0.1690985E+004  0.7357696E+004  0.3406120E+003  0.1095602E+003  0.1052419E+002  0.3101904E+003 -0.1645020E+003  0.1456884E+003 -0.3048692E+002
  73.000    14032005  0.1690965E+004  0.7357799E+004  0.3406120E+003  0.1110777E+003  0.1051150E+002  0.3139433E+003 -0.1662102E+003  0.1477332E+003 -0.3106154E+002
  74.000    15032005  0.1691176E+004  0.7357916E+004  0.3406120E+003  0.1149537E+003  0.1050023E+002  0.3204780E+003 -0.1684653E+003  0.1520127E+003 -0.3150221E+002
  75.000    16032005  0.1691376E+004  0.7358032E+004  0.3406120E+003  0.1152358E+003  0.1048753E+002  0.3225809E+003 -0.1699507E+003  0.1526302E+003 -0.3195939E+002
  76.000    17032005  0.1691811E+004  0.7358156E+004  0.3406120E+003  0.1152342E+003  0.1047131E+002  0.3242087E+003 -0.1712663E+003  0.1529424E+003 -0.3231180E+002
  77.000    18032005  0.1692093E+004  0.7358275E+004  0.3406120E+003  0.1193991E+003  0.1046019E+002  0.3312439E+003 -0.1737596E+003  0.1574842E+003 -0.3271775E+002
  78.000    19032005  0.1692305E+004  0.7358389E+004  0.3406120E+003  0.1233216E+003  0.1045307E+002  0.3386368E+003 -0.1767869E+003  0.1618499E+003 -0.3318031E+002
  79.000    20032005  0.1692422E+004  0.7358484E+004  0.3406120E+003  0.1271518E+003  0.1044661E+002  0.3471938E+003 -0.1809173E+003  0.1662766E+003 -0.3383768E+002
  80.000    21032005  0.1694465E+004  0.7358578E+004  0.3406120E+003  0.1313251E+003  0.1043728E+002  0.3553133E+003 -0.1842344E+003  0.1710788E+003 -0.3452934E+002
  81.000    22032005  0.1694298E+004  0.7358672E+004  0.3406120E+003  0.1346147E+003  0.1046264E+002  0.3626900E+003 -0.1877016E+003  0.1749884E+003 -0.3522281E+002
  82.000    23032005  0.1694148E+004  0.7358736E+004  0.3406120E+003  0.1362969E+003  0.1050217E+002  0.3703128E+003 -0.1928662E+003  0.1774466E+003 -0.3619632E+002
  83.000    24032005  0.1693852E+004  0.7358799E+004  0.3406120E+003  0.1403343E+003  0.1052302E+002  0.3793704E+003 -0.1970403E+003  0.1823301E+003 -0.3718362E+002
  84.000    25032005  0.1693406E+004  0.7358873E+004  0.3406120E+003  0.1422287E+003  0.1053236E+002  0.3850251E+003 -0.1999937E+003  0.1850314E+003 -0.3809791E+002
  85.000    26032005  0.1692956E+004  0.7358960E+004  0.3406120E+003  0.1436210E+003  0.1053767E+002  0.3896565E+003 -0.2024980E+003  0.1871584E+003 -0.3892196E+002
  86.000    27032005  0.1692542E+004  0.7359039E+004  0.3406120E+003  0.1438712E+003  0.1054966E+002  0.3938628E+003 -0.2056630E+003  0.1881998E+003 -0.3982122E+002
  87.000    28032005  0.1692141E+004  0.7359091E+004  0.3406120E+003  0.1458008E+003  0.1056938E+002  0.4019659E+003 -0.2101204E+003  0.1918455E+003 -0.4096027E+002
  88.000    29032005  0.1691868E+004  0.7359144E+004  0.3406120E+003  0.1492310E+003  0.1058535E+002  0.4113658E+003 -0.2150876E+003  0.1962782E+003 -0.4208942E+002
  89.000    30032005  0.1691582E+004  0.7359185E+004  0.3406120E+003  0.1524598E+003  0.1060164E+002  0.4209743E+003 -0.2203387E+003  0.2006356E+003 -0.4331076E+002
  90.000    31032005  0.1691788E+004  0.7359214E+004  0.3406120E+003  0.1524282E+003  0.1060729E+002  0.4264416E+003 -0.2245827E+003  0.2018589E+003 -0.4462147E+002
  91.000    01042005  0.1691259E+004  0.7359244E+004  0.3406120E+003  0.1552104E+003  0.1061920E+002  0.4349152E+003 -0.2290162E+003  0.2058990E+003 -0.4594011E+002
  92.000    02042005  0.1690562E+004  0.7359270E+004  0.3406120E+003  0.1577068E+003  0.1062428E+002  0.4423286E+003 -0.2327115E+003  0.2096171E+003 -0.4730336E+002
  93.000    03042005  0.1690034E+004  0.7359333E+004  0.3406120E+003  0.1618752E+003  0.1063017E+002  0.4511260E+003 -0.2362916E+003  0.2148343E+003 -0.4842512E+002
  94.000    04042005  0.1689690E+004  0.7359379E+004  0.3406120E+003  0.1650756E+003  0.1063840E+002  0.4604589E+003 -0.2412629E+003  0.2191960E+003 -0.4967013E+002
  95.000    05042005  0.1689494E+004  0.7359416E+004  0.3406120E+003  0.1670645E+003  0.1064577E+002  0.4694703E+003 -0.2470601E+003  0.2224103E+003 -0.5097053E+002
  96.000    06042005  0.1689313E+004  0.7359427E+004  0.3406120E+003  0.1686797E+003  0.1065037E+002  0.4786351E+003 -0.2532286E+003  0.2254065E+003 -0.5242398E+002
  97.000    07042005  0.1688748E+004  0.7359419E+004  0.3406120E+003  0.1712966E+003  0.1065366E+002  0.4877458E+003 -0.2582178E+003  0.2295280E+003 -0.5401249E+002
  98.000    08042005  0.1687931E+004  0.7359410E+004  0.3406120E+003  0.1734630E+003  0.1065907E+002  0.4959120E+003 -0.2627192E+003  0.2331929E+003 -0.5571865E+002
  99.000    09042005  0.1687108E+004  0.7359422E+004  0.3406120E+003  0.1778985E+003  0.1066099E+002  0.5056686E+003 -0.2665916E+003  0.2390770E+003 -0.5728205E+002
 100.000    10042005  0.1686570E+004  0.7359469E+004  0.3406120E+003  0.1815569E+003  0.1066519E+002  0.5150561E+003 -0.2709963E+003  0.2440598E+003 -0.5860465E+002
 101.000    11042005  0.1686271E+004  0.7359497E+004  0.3406120E+003  0.1838118E+003  0.1067027E+002  0.5244378E+003 -0.2767503E+003  0.2476875E+003 -0.6001037E+002
 102.000    12042005  0.1685335E+004  0.7359533E+004  0.3406120E+003  0.1869561E+003  0.1066820E+002  0.5317731E+003 -0.2795973E+003  0.2521758E+003 -0.6143155E+002
 103.000    13042005  0.1684439E+004  0.7359613E+004  0.3406120E+003  0.1876360E+003  0.1066484E+002  0.5353613E+003 -0.2815124E+003  0.2538489E+003 -0.6255252E+002
 104.000    14042005  0.1683795E+004  0.7359696E+004  0.3406120E+003  0.1926560E+003  0.1067021E+002  0.5446651E+003 -0.2847927E+003  0.2598724E+003 -0.6366705E+002
 105.000    15042005  0.1683095E+004  0.7359768E+004  0.3406120E+003  0.1974347E+003  0.1067462E+002  0.5537455E+003 -0.2880336E+003  0.2657118E+003 -0.6484186E+002
 106.000    16042005  0.1682466E+004  0.7359851E+004  0.3406120E+003  0.2020254E+003  0.1068060E+002  0.5627429E+003 -0.2914389E+003  0.2713040E+003 -0.6593978E+002
 107.000    17042005  0.1681966E+004  0.7359932E+004  0.3406120E+003  0.2061175E+003  0.1068935E+002  0.5721426E+003 -0.2957209E+003  0.2764217E+003 -0.6706346E+002
 108.000    18042005  0.1681677E+004  0.7359988E+004  0.3406120E+003  0.2088916E+003  0.1070176E+002  0.5821150E+003 -0.3017423E+003  0.2803727E+003 -0.6834710E+002
 109.000    19042005  0.1681433E+004  0.7360011E+004  0.3406120E+003  0.2101607E+003  0.1071200E+002  0.5913559E+003 -0.3083496E+003  0.2830063E+003 -0.6981520E+002
 110.000    20042005  0.1681793E+004  0.7360009E+004  0.3406120E+003  0.2114944E+003  0.1071637E+002  0.6013137E+003 -0.3154577E+003  0.2858560E+003 -0.7141740E+002
 111.000    21042005  0.1681618E+004  0.7359988E+004  0.3406120E+003  0.2125036E+003  0.1073067E+002  0.6107186E+003 -0.3222390E+003  0.2884796E+003 -0.7309383E+002
 112.000    22042005  0.1681071E+004  0.7359974E+004  0.3406120E+003  0.2159862E+003  0.1074246E+002  0.6211258E+003 -0.3275335E+003  0.2935923E+003 -0.7476644E+002
 113.000    23042005  0.1680151E+004  0.7359971E+004  0.3406120E+003  0.2206999E+003  0.1074986E+002  0.6312905E+003 -0.3313760E+003  0.2999145E+003 -0.7643490E+002
 114.000    24042005  0.1679105E+004  0.7360038E+004  0.3406120E+003  0.2249820E+003  0.1075043E+002  0.6390267E+003 -0.3335190E+003  0.3055077E+003 -0.7774785E+002
 115.000    25042005  0.1678370E+004  0.7360117E+004  0.3406120E+003  0.2302393E+003  0.1076009E+002  0.6489867E+003 -0.3370028E+003  0.3119839E+003 -0.7898152E+002
 116.000    26042005  0.1677565E+004  0.7360186E+004  0.3406120E+003  0.2337538E+003  0.1077025E+002  0.6571409E+003 -0.3403904E+003  0.3167505E+003 -0.8026090E+002
 117.000    27042005  0.1676897E+004  0.7360232E+004  0.3406120E+003  0.2383485E+003  0.1078611E+002  0.6678108E+003 -0.3451015E+003  0.3227093E+003 -0.8166352E+002
 118.000    28042005  0.1676241E+004  0.7360293E+004  0.3406120E+003  0.2424020E+003  0.1080121E+002  0.6775055E+003 -0.3494623E+003  0.3280431E+003 -0.8296289E+002
 119.000    29042005  0.1675475E+004  0.7360341E+004  0.3406120E+003  0.2442728E+003  0.1081796E+002  0.6849379E+003 -0.3536907E+003  0.3312472E+003 -0.8435236E+002
 120.000    30042005  0.1674863E+004  0.7360354E+004  0.3406120E+003  0.2460403E+003  0.1084301E+002  0.6940752E+003 -0.3595523E+003  0.3345229E+003 -0.8592279E+002
 121.000    01052005  0.1674747E+004  0.7360365E+004  0.3406120E+003  0.2510762E+003  0.1084841E+002  0.7050289E+003 -0.3639938E+003  0.3410350E+003 -0.8759197E+002
 122.000    02052005  0.1673995E+004  0.7360422E+004  0.3406120E+003  0.2564862E+003  0.1085882E+002  0.7157853E+003 -0.3680295E+003  0.3477557E+003 -0.8895306E+002
 123.000    03052005  0.1673234E+004  0.7360477E+004  0.3406120E+003  0.2615919E+003  0.1086842E+002  0.7261699E+003 -0.3719910E+003  0.3541789E+003 -0.9031012E+002
 124.000    04052005  0.1672540E+004  0.7360536E+004  0.3406120E+003  0.2667001E+003  0.1088162E+002  0.7369295E+003 -0.3763522E+003  0.3605773E+003 -0.9164034E+002
 125.000    05052005  0.1671736E+004  0.7360588E+004  0.3406120E+003  0.2702934E+003  0.1089305E+002  0.7458132E+003 -0.3803077E+003  0.3655055E+003 -0.9301443E+002
 126.000    06052005  0.1670849E+004  0.7360662E+004  0.3406120E+003  0.2743384E+003  0.1089836E+002  0.7538153E+003 -0.3831446E+003  0.3706707E+003 -0.9425569E+002
 127.000    07052005  0.1670335E+004  0.7360735E+004  0.3406120E+003  0.2787467E+003  0.1092049E+002  0.7646707E+003 -0.3884162E+003  0.3762545E+003 -0.9551368E+002
 128.000    08052005  0.1671047E+004  0.7360769E+004  0.3406120E+003  0.2821064E+003  0.1094141E+002  0.7756206E+003 -0.3946043E+003  0.3810162E+003 -0.9699637E+002
 129.000    09052005  0.1670637E+004  0.7360797E+004  0.3406120E+003  0.2848520E+003  0.1097910E+002  0.7861096E+003 -0.4008930E+003  0.3852166E+003 -0.9850411E+002
 130.000    10052005  0.1670282E+004  0.7360817E+004  0.3406120E+003  0.2877779E+003  0.1101709E+002  0.7970287E+003 -0.4073859E+003  0.3896428E+003 -0.1000354E+003
 131.000    11052005  0.1670014E+004  0.7360796E+004  0.3406120E+003  0.2903062E+003  0.1106190E+002  0.8086407E+003 -0.4147719E+003  0.3938688E+003 -0.1017611E+003
 132.000    12052005  0.1669760E+004  0.7360747E+004  0.3406120E+003  0.2913110E+003  0.1110133E+002  0.8187865E+003 -0.4220879E+003  0.3966986E+003 -0.1035926E+003
 133.000    13052005  0.1668912E+004  0.7360716E+004  0.3406120E+003  0.2955532E+003  0.1112062E+002  0.8294119E+003 -0.4266740E+003  0.4027379E+003 -0.1053608E+003
 134.000    14052005  0.1668494E+004  0.7360676E+004  0.3406120E+003  0.2992620E+003  0.1115361E+002  0.8417072E+003 -0.4334430E+003  0.4082642E+003 -0.1071565E+003
 135.000    15052005  0.1667923E+004  0.7360612E+004  0.3406120E+003  0.3027062E+003  0.1118016E+002  0.8533450E+003 -0.4397258E+003  0.4136192E+003 -0.1090363E+003
 136.000    16052005  0.1667234E+004  0.7360570E+004  0.3406120E+003  0.3065664E+003  0.1120576E+002  0.8645356E+003 -0.4451949E+003  0.4193408E+003 -0.1108422E+003
 137.000    17052005  0.1666576E+004  0.7360540E+004  0.3406120E+003  0.3108939E+003  0.1123116E+002  0.8762669E+003 -0.4507757E+003  0.4254912E+003 -0.1126029E+003
 138.000    18052005  0.1666089E+004  0.7360511E+004  0.3406120E+003  0.3141666E+003  0.1126310E+002  0.8877675E+003 -0.4571915E+003  0.4305760E+003 -0.1143517E+003
 139.000    19052005  0.1665160E+004  0.7360461E+004  0.3406120E+003  0.3166193E+003  0.1128977E+002  0.8977236E+003 -0.4628282E+003  0.4348954E+003 -0.1163946E+003
 140.000    20052005  0.1664107E+004  0.7360405E+004  0.3406120E+003  0.3207566E+003  0.1131906E+002  0.9089896E+003 -0.4680587E+003  0.4409308E+003 -0.1184808E+003
 141.000    21052005  0.1663072E+004  0.7360396E+004  0.3406120E+003  0.3261502E+003  0.1134043E+002  0.9205137E+003 -0.4724707E+003  0.4480430E+003 -0.1203104E+003
 142.000    22052005  0.1662413E+004  0.7360385E+004  0.3406120E+003  0.3297804E+003  0.1137042E+002  0.9320550E+003 -0.4786609E+003  0.4533941E+003 -0.1221058E+003
 143.000    23052005  0.1661914E+004  0.7360339E+004  0.3406120E+003  0.3320041E+003  0.1140348E+002  0.9432717E+003 -0.4858258E+003  0.4574458E+003 -0.1240298E+003
 144.000    24052005  0.1660902E+004  0.7360307E+004  0.3406120E+003  0.3366985E+003  0.1142176E+002  0.9543349E+003 -0.4903776E+003  0.4639574E+003 -0.1259007E+003
 145.000    25052005  0.1659912E+004  0.7360302E+004  0.3406120E+003  0.3419022E+003  0.1144030E+002  0.9658083E+003 -0.4949176E+003  0.4708907E+003 -0.1276652E+003
 146.000    26052005  0.1660220E+004  0.7360280E+004  0.3406120E+003  0.3451507E+003  0.1147212E+002  0.9773810E+003 -0.5014699E+003  0.4759111E+003 -0.1294748E+003
 147.000    27052005  0.1659781E+004  0.7360243E+004  0.3406120E+003  0.3473074E+003  0.1152611E+002  0.9885504E+003 -0.5086473E+003  0.4799032E+003 -0.1313326E+003
 148.000    28052005  0.1659053E+004  0.7360191E+004  0.3406120E+003  0.3499711E+003  0.1156861E+002  0.9989843E+003 -0.5145222E+003  0.4844620E+003 -0.1332331E+003
 149.000    29052005  0.1658442E+004  0.7360156E+004  0.3406120E+003  0.3531752E+003  0.1160802E+002  0.1010182E+004 -0.5206617E+003  0.4895202E+003 -0.1350662E+003
 150.000    30052005  0.1657736E+004  0.7360102E+004  0.3406120E+003  0.3573887E+003  0.1165134E+002  0.1022234E+004 -0.5265884E+003  0.4956459E+003 -0.1369551E+003
 151.000    31052005  0.1657899E+004  0.7360051E+004  0.3406120E+003  0.3620198E+003  0.1169347E+002  0.1035018E+004 -0.5328367E+003  0.5021808E+003 -0.1388280E+003
 152.000    01062005  0.1656901E+004  0.7360005E+004  0.3406120E+003  0.3641933E+003  0.1172511E+002  0.1043842E+004 -0.5376013E+003  0.5062404E+003 -0.1407143E+003
 153.000    02062005  0.1655725E+004  0.7359970E+004  0.3406120E+003  0.3639126E+003  0.1175431E+002  0.1049813E+004 -0.5420903E+003  0.5077230E+003 -0.1427132E+003
 154.000    03062005  0.1654570E+004  0.7359921E+004  0.3406120E+003  0.3653727E+003  0.1178919E+002  0.1058614E+004 -0.5473663E+003  0.5112481E+003 -0.1448725E+003
 155.000    04062005  0.1654013E+004  0.7359838E+004  0.3406120E+003  0.3700080E+003  0.1183457E+002  0.1072481E+004 -0.5545722E+003  0.5179088E+003 -0.1469079E+003
 156.000    05062005  0.1653738E+004  0.7359728E+004  0.3406120E+003  0.3718280E+003  0.1189057E+002  0.1084836E+004 -0.5629943E+003  0.5218418E+003 -0.1490481E+003
 157.000    06062005  0.1653656E+004  0.7359580E+004  0.3406120E+003  0.3719337E+003  0.1194114E+002  0.1096174E+004 -0.5720268E+003  0.5241470E+003 -0.1513188E+003
 158.000    07062005  0.1653251E+004  0.7359404E+004  0.3406120E+003  0.3733943E+003  0.1198641E+002  0.1107533E+004 -0.5796854E+003  0.5278476E+003 -0.1536605E+003
 159.000    08062005  0.1652719E+004  0.7359244E+004  0.3406120E+003  0.3766797E+003  0.1202845E+002  0.1120306E+004 -0.5870026E+003  0.5333034E+003 -0.1559310E+003
 160.000    09062005  0.1652185E+004  0.7359064E+004  0.3406120E+003  0.3786684E+003  0.1206994E+002  0.1132311E+004 -0.5948090E+003  0.5375020E+003 -0.1582702E+003
 161.000    10062005  0.1651660E+004  0.7358862E+004  0.3406120E+003  0.3814143E+003  0.1211243E+002  0.1145564E+004 -0.6030454E+003  0.5425191E+003 -0.1607201E+003
 162.000    11062005  0.1651080E+004  0.7358679E+004  0.3406120E+003  0.3841323E+003  0.1215731E+002  0.1158237E+004 -0.6107513E+003  0.5474853E+003 -0.1630858E+003
 163.000    12062005  0.1650565E+004  0.7358477E+004  0.3406120E+003  0.3862690E+003  0.1220318E+002  0.1170853E+004 -0.6189362E+003  0.5519163E+003 -0.1654942E+003
 164.000    13062005  0.1651033E+004  0.7358251E+004  0.3406120E+003  0.3879316E+003  0.1225697E+002  0.1183940E+004 -0.6279761E+003  0.5559641E+003 -0.1679914E+003
 165.000    14062005  0.1650803E+004  0.7357997E+004  0.3406120E+003  0.3878463E+003  0.1231960E+002  0.1195714E+004 -0.6373544E+003  0.5583595E+003 -0.1705834E+003
 166.000    15062005  0.1650651E+004  0.7357739E+004  0.3406120E+003  0.3873879E+003  0.1236893E+002  0.1206913E+004 -0.6465096E+003  0.5604031E+003 -0.1731540E+003
 167.000    16062005  0.1650235E+004  0.7357524E+004  0.3406120E+003  0.3886851E+003  0.1241070E+002  0.1218306E+004 -0.6542233E+003  0.5640830E+003 -0.1755676E+003
 168.000    17062005  0.1649567E+004  0.7357358E+004  0.3406120E+003  0.3916053E+003  0.1244687E+002  0.1229911E+004 -0.6606761E+003  0.5692347E+003 -0.1778065E+003
 169.000    18062005  0.1649044E+004  0.7357218E+004  0.3406120E+003  0.3942113E+003  0.1248284E+002  0.1241752E+004 -0.6677690E+003  0.5739829E+003 -0.1799487E+003
 170.000    19062005  0.1648372E+004  0.7357066E+004  0.3406120E+003  0.3963010E+003  0.1252107E+002  0.1252671E+004 -0.6744212E+003  0.5782496E+003 -0.1821232E+003
 171.000    20062005  0.1647560E+004  0.7356920E+004  0.3406120E+003  0.4008394E+003  0.1255284E+002  0.1265534E+004 -0.6805878E+003  0.5849464E+003 -0.1842739E+003
 172.000    21062005  0.1646991E+004  0.7356797E+004  0.3406120E+003  0.4040103E+003  0.1259002E+002  0.1277976E+004 -0.6877855E+003  0.5901905E+003 -0.1863281E+003
 173.000    22062005  0.1647921E+004  0.7356626E+004  0.3406120E+003  0.4053234E+003  0.1263532E+002  0.1289646E+004 -0.6959425E+003  0.5937035E+003 -0.1885517E+003
 174.000    23062005  0.1647446E+004  0.7356461E+004  0.3406120E+003  0.4079052E+003  0.1267790E+002  0.1302220E+004 -0.7037313E+003  0.5984889E+003 -0.1907455E+003
 175.000    24062005  0.1647056E+004  0.7356287E+004  0.3406120E+003  0.4093511E+003  0.1272025E+002  0.1313872E+004 -0.7116955E+003  0.6021769E+003 -0.1929456E+003
 176.000    25062005  0.1646618E+004  0.7356116E+004  0.3406120E+003  0.4107900E+003  0.1275898E+002  0.1325183E+004 -0.7193253E+003  0.6058572E+003 -0.1951254E+003
 177.000    26062005  0.1646165E+004  0.7355907E+004  0.3406120E+003  0.4127473E+003  0.1280036E+002  0.1337478E+004 -0.7273169E+003  0.6101615E+003 -0.1974166E+003
 178.000    27062005  0.1645826E+004  0.7355679E+004  0.3406120E+003  0.4136651E+003  0.1283779E+002  0.1349300E+004 -0.7358010E+003  0.6134985E+003 -0.1997716E+003
 179.000    28062005  0.1645248E+004  0.7355446E+004  0.3406120E+003  0.4133274E+003  0.1287015E+002  0.1358719E+004 -0.7431314E+003  0.6155875E+003 -0.2021280E+003
 180.000    29062005  0.1644805E+004  0.7355201E+004  0.3406120E+003  0.4157912E+003  0.1289948E+002  0.1371627E+004 -0.7511147E+003  0.6205128E+003 -0.2045175E+003
 181.000    30062005  0.1644786E+004  0.7354941E+004  0.3406120E+003  0.4158206E+003  0.1293552E+002  0.1383733E+004 -0.7606666E+003  0.6230662E+003 -0.2069511E+003
 182.000    01072005  0.1645729E+004  0.7354658E+004  0.3406120E+003  0.4146922E+003  0.1296427E+002  0.1395015E+004 -0.7704747E+003  0.6245405E+003 -0.2094425E+003
 183.000    02072005  0.1645589E+004  0.7354377E+004  0.3406120E+003  0.4152510E+003  0.1299521E+002  0.1406732E+004 -0.7790464E+003  0.6276860E+003 -0.2119010E+003
 184.000    03072005  0.1645253E+004  0.7354106E+004  0.3406120E+003  0.4164364E+003  0.1302276E+002  0.1418341E+004 -0.7869133E+003  0.6314273E+003 -0.2143280E+003
 185.000    04072005  0.1644519E+004  0.7353802E+004  0.3406120E+003  0.4183834E+003  0.1304706E+002  0.1431017E+004 -0.7950474E+003  0.6359693E+003 -0.2171999E+003
 186.000    05072005  0.1644283E+004  0.7353487E+004  0.3406120E+003  0.4190610E+003  0.1307419E+002  0.1443592E+004 -0.8042538E+003  0.6393383E+003 -0.2198796E+003
 187.000    06072005  0.1644105E+004  0.7353170E+004  0.3406120E+003  0.4185383E+003  0.1310415E+002  0.1454839E+004 -0.8132919E+003  0.6415471E+003 -0.2225431E+003
 188.000    07072005  0.1643568E+004  0.7352854E+004  0.3406120E+003  0.4182466E+003  0.1313038E+002  0.1465694E+004 -0.8217112E+003  0.6439832E+003 -0.2254264E+003
 189.000    08072005  0.1642619E+004  0.7352542E+004  0.3406120E+003  0.4214725E+003  0.1314829E+002  0.1478950E+004 -0.8290738E+003  0.6498761E+003 -0.2283966E+003
 190.000    09072005  0.1642169E+004  0.7352252E+004  0.3406120E+003  0.4217843E+003  0.1316751E+002  0.1490642E+004 -0.8377914E+003  0.6528506E+003 -0.2311606E+003
 191.000    10072005  0.1641825E+004  0.7351944E+004  0.3406120E+003  0.4218894E+003  0.1318604E+002  0.1502412E+004 -0.8467628E+003  0.6556496E+003 -0.2339365E+003
 192.000    11072005  0.1641289E+004  0.7351621E+004  0.3406120E+003  0.4229314E+003  0.1320628E+002  0.1514571E+004 -0.8551284E+003  0.6594429E+003 -0.2367513E+003
 193.000    12072005  0.1641087E+004  0.7351265E+004  0.3406120E+003  0.4224895E+003  0.1322933E+002  0.1526696E+004 -0.8648262E+003  0.6618702E+003 -0.2396607E+003
 194.000    13072005  0.1640597E+004  0.7350914E+004  0.3406120E+003  0.4224563E+003  0.1324970E+002  0.1537862E+004 -0.8731558E+003  0.6647066E+003 -0.2425331E+003
 195.000    14072005  0.1639968E+004  0.7350582E+004  0.3406120E+003  0.4245099E+003  0.1326641E+002  0.1550585E+004 -0.8810162E+003  0.6695689E+003 -0.2453374E+003
 196.000    15072005  0.1639631E+004  0.7350244E+004  0.3406120E+003  0.4254406E+003  0.1328200E+002  0.1563416E+004 -0.8900862E+003  0.6733295E+003 -0.2481488E+003
 197.000    16072005  0.1639414E+004  0.7349886E+004  0.3406120E+003  0.4253062E+003  0.1329900E+002  0.1575555E+004 -0.8994698E+003  0.6760847E+003 -0.2510021E+003
 198.000    17072005  0.1639309E+004  0.7349509E+004  0.3406120E+003  0.4244503E+003  0.1331646E+002  0.1587284E+004 -0.9091166E+003  0.6781675E+003 -0.2538927E+003
 199.000    18072005  0.1639239E+004  0.7349118E+004  0.3406120E+003  0.4230779E+003  0.1333212E+002  0.1598537E+004 -0.9187600E+003  0.6797771E+003 -0.2568136E+003
 200.000    19072005  0.1639155E+004  0.7348725E+004  0.3406120E+003  0.4213073E+003  0.1334552E+002  0.1609718E+004 -0.9288444E+003  0.6808734E+003 -0.2598706E+003
 201.000    20072005  0.1638492E+004  0.7348322E+004  0.3406120E+003  0.4208266E+003  0.1335565E+002  0.1621638E+004 -0.9379862E+003  0.6836513E+003 -0.2632773E+003
 202.000    21072005  0.1638361E+004  0.7347925E+004  0.3406120E+003  0.4184979E+003  0.1336700E+002  0.1631956E+004 -0.9477737E+003  0.6841826E+003 -0.2663208E+003
 203.000    22072005  0.1638151E+004  0.7347518E+004  0.3406120E+003  0.4173198E+003  0.1337978E+002  0.1643020E+004 -0.9571871E+003  0.6858328E+003 -0.2693708E+003
 204.000    23072005  0.1637939E+004  0.7347122E+004  0.3406120E+003  0.4166699E+003  0.1339072E+002  0.1654414E+004 -0.9664169E+003  0.6879966E+003 -0.2723667E+003
 205.000    24072005  0.1637490E+004  0.7346765E+004  0.3406120E+003  0.4177672E+003  0.1339849E+002  0.1666353E+004 -0.9745430E+003  0.6918100E+003 -0.2752301E+003
 206.000    25072005  0.1637577E+004  0.7346388E+004  0.3406120E+003  0.4154923E+003  0.1340921E+002  0.1677269E+004 -0.9849440E+003  0.6923248E+003 -0.2781513E+003
 207.000    26072005  0.1637825E+004  0.7345969E+004  0.3406120E+003  0.4108513E+003  0.1341753E+002  0.1686702E+004 -0.9960971E+003  0.6906049E+003 -0.2811727E+003
 208.000    27072005  0.1638149E+004  0.7345528E+004  0.3406120E+003  0.4063221E+003  0.1342733E+002  0.1696438E+004 -0.1007379E+004  0.6890591E+003 -0.2842326E+003
 209.000    28072005  0.1637946E+004  0.7345115E+004  0.3406120E+003  0.4055126E+003  0.1343377E+002  0.1707442E+004 -0.1016415E+004  0.6910261E+003 -0.2873061E+003
 210.000    29072005  0.1636931E+004  0.7344734E+004  0.3406120E+003  0.4042705E+003  0.1343634E+002  0.1715272E+004 -0.1022782E+004  0.6924903E+003 -0.2903728E+003
 211.000    30072005  0.1636243E+004  0.7344364E+004  0.3406120E+003  0.4053525E+003  0.1343986E+002  0.1726636E+004 -0.1030206E+004  0.6964305E+003 -0.2933042E+003
 212.000    31072005  0.1636251E+004  0.7344000E+004  0.3406120E+003  0.4056065E+003  0.1343455E+002  0.1736487E+004 -0.1037066E+004  0.6994208E+003 -0.2962050E+003
 213.000    01082005  0.1635694E+004  0.7343650E+004  0.3406120E+003  0.4081864E+003  0.1343635E+002  0.1749587E+004 -0.1044934E+004  0.7046535E+003 -0.2990294E+003
 214.000    02082005  0.1635408E+004  0.7343296E+004  0.3406120E+003  0.4084494E+003  0.1344038E+002  0.1761381E+004 -0.1053822E+004  0.7075595E+003 -0.3018436E+003
 215.000    03082005  0.1635267E+004  0.7342925E+004  0.3406120E+003  0.4076485E+003  0.1344361E+002  0.1772527E+004 -0.1063077E+004  0.7094500E+003 -0.3046959E+003
 216.000    04082005  0.1635084E+004  0.7342547E+004  0.3406120E+003  0.4068954E+003  0.1344592E+002  0.1783474E+004 -0.1072067E+004  0.7114067E+003 -0.3075577E+003
 217.000    05082005  0.1634948E+004  0.7342167E+004  0.3406120E+003  0.4062156E+003  0.1344831E+002  0.1794607E+004 -0.1081159E+004  0.7134483E+003 -0.3104075E+003
 218.000    06082005  0.1634684E+004  0.7341783E+004  0.3406120E+003  0.4065347E+003  0.1344842E+002  0.1806191E+004 -0.1089690E+004  0.7165006E+003 -0.3132526E+003
 219.000    07082005  0.1634299E+004  0.7341433E+004  0.3406120E+003  0.4075922E+003  0.1344852E+002  0.1817779E+004 -0.1097595E+004  0.7201841E+003 -0.3159702E+003
 220.000    08082005  0.1633728E+004  0.7341088E+004  0.3406120E+003  0.4076597E+003  0.1344897E+002  0.1827776E+004 -0.1104928E+004  0.7228478E+003 -0.3187120E+003
 221.000    09082005  0.1632727E+004  0.7340720E+004  0.3406120E+003  0.4085694E+003  0.1344762E+002  0.1839046E+004 -0.1112453E+004  0.7265931E+003 -0.3219327E+003
 222.000    10082005  0.1632315E+004  0.7340344E+004  0.3406120E+003  0.4096238E+003  0.1344430E+002  0.1851306E+004 -0.1120935E+004  0.7303714E+003 -0.3247984E+003
 223.000    11082005  0.1632202E+004  0.7339954E+004  0.3406120E+003  0.4088748E+003  0.1344134E+002  0.1862773E+004 -0.1130350E+004  0.7324234E+003 -0.3276751E+003
 224.000    12082005  0.1632189E+004  0.7339554E+004  0.3406120E+003  0.4074943E+003  0.1343718E+002  0.1873703E+004 -0.1139880E+004  0.7338226E+003 -0.3305595E+003
 225.000    13082005  0.1631926E+004  0.7339142E+004  0.3406120E+003  0.4077597E+003  0.1343513E+002  0.1885339E+004 -0.1148501E+004  0.7368377E+003 -0.3334719E+003
 226.000    14082005  0.1631635E+004  0.7338725E+004  0.3406120E+003  0.4077393E+003  0.1343259E+002  0.1896661E+004 -0.1157088E+004  0.7395731E+003 -0.3363883E+003
 227.000    15082005  0.1631742E+004  0.7338301E+004  0.3406120E+003  0.4059244E+003  0.1342872E+002  0.1907524E+004 -0.1166989E+004  0.7405349E+003 -0.3393088E+003
 228.000    16082005  0.1631672E+004  0.7337860E+004  0.3406120E+003  0.4044815E+003  0.1342425E+002  0.1918215E+004 -0.1176399E+004  0.7418167E+003 -0.3423412E+003
 229.000    17082005  0.1630991E+004  0.7337443E+004  0.3406120E+003  0.4059247E+003  0.1341990E+002  0.1929644E+004 -0.1183642E+004  0.7460027E+003 -0.3453376E+003
 230.000    18082005  0.1630282E+004  0.7337077E+004  0.3406120E+003  0.4064098E+003  0.1341652E+002  0.1939559E+004 -0.1190461E+004  0.7490977E+003 -0.3481228E+003
 231.000    19082005  0.1630036E+004  0.7336685E+004  0.3406120E+003  0.4069344E+003  0.1341282E+002  0.1951653E+004 -0.1199358E+004  0.7522943E+003 -0.3509760E+003
 232.000    20082005  0.1629785E+004  0.7336249E+004  0.3406120E+003  0.4050570E+003  0.1340762E+002  0.1961579E+004 -0.1208437E+004  0.7531424E+003 -0.3540281E+003
 233.000    21082005  0.1629679E+004  0.7335800E+004  0.3406120E+003  0.4038773E+003  0.1340221E+002  0.1972539E+004 -0.1217758E+004  0.7547809E+003 -0.3570740E+003
 234.000    22082005  0.1629437E+004  0.7335397E+004  0.3406120E+003  0.4030578E+003  0.1339783E+002  0.1982708E+004 -0.1226049E+004  0.7566594E+003 -0.3599549E+003
 235.000    23082005  0.1628761E+004  0.7335002E+004  0.3406120E+003  0.4049295E+003  0.1339431E+002  0.1994237E+004 -0.1233010E+004  0.7612278E+003 -0.3628345E+003
 236.000    24082005  0.1628219E+004  0.7334620E+004  0.3406120E+003  0.4068936E+003  0.1339120E+002  0.2006446E+004 -0.1240595E+004  0.7658508E+003 -0.3656494E+003
 237.000    25082005  0.1627650E+004  0.7334269E+004  0.3406120E+003  0.4084076E+003  0.1338807E+002  0.2017672E+004 -0.1247729E+004  0.7699427E+003 -0.3683484E+003
 238.000    26082005  0.1627102E+004  0.7333968E+004  0.3406120E+003  0.4097036E+003  0.1338608E+002  0.2028277E+004 -0.1254602E+004  0.7736749E+003 -0.3708664E+003
 239.000    27082005  0.1626649E+004  0.7333634E+004  0.3406120E+003  0.4106054E+003  0.1338330E+002  0.2039399E+004 -0.1262284E+004  0.7771151E+003 -0.3734954E+003
 240.000    28082005  0.1626386E+004  0.7333278E+004  0.3406120E+003  0.4106572E+003  0.1337928E+002  0.2050504E+004 -0.1270727E+004  0.7797771E+003 -0.3761819E+003
 241.000    29082005  0.1626155E+004  0.7332903E+004  0.3406120E+003  0.4105392E+003  0.1337404E+002  0.2061546E+004 -0.1279220E+004  0.7823264E+003 -0.3789073E+003
 242.000    30082005  0.1626080E+004  0.7332485E+004  0.3406120E+003  0.4098465E+003  0.1336887E+002  0.2072852E+004 -0.1288432E+004  0.7844196E+003 -0.3817522E+003
 243.000    31082005  0.1626799E+004  0.7332054E+004  0.3406120E+003  0.4087263E+003  0.1335658E+002  0.2083263E+004 -0.1297127E+004  0.7861363E+003 -0.3846144E+003
 244.000    01092005  0.1626512E+004  0.7331691E+004  0.3406120E+003  0.4087071E+003  0.1335242E+002  0.2093416E+004 -0.1304642E+004  0.7887741E+003 -0.3872568E+003
 245.000    02092005  0.1626319E+004  0.7331359E+004  0.3406120E+003  0.4081687E+003  0.1334819E+002  0.2103122E+004 -0.1312318E+004  0.7908037E+003 -0.3897915E+003
 246.000    03092005  0.1626146E+004  0.7331035E+004  0.3406120E+003  0.4074693E+003  0.1334432E+002  0.2112600E+004 -0.1319942E+004  0.7926577E+003 -0.3922893E+003
 247.000    04092005  0.1625754E+004  0.7330740E+004  0.3406120E+003  0.4081903E+003  0.1334092E+002  0.2122483E+004 -0.1326625E+004  0.7958575E+003 -0.3946861E+003
 248.000    05092005  0.1625486E+004  0.7330453E+004  0.3406120E+003  0.4082154E+003  0.1333836E+002  0.2132115E+004 -0.1333775E+004  0.7983404E+003 -0.3970431E+003
 249.000    06092005  0.1625108E+004  0.7330169E+004  0.3406120E+003  0.4091224E+003  0.1333659E+002  0.2142279E+004 -0.1340574E+004  0.8017057E+003 -0.3993902E+003
 250.000    07092005  0.1624707E+004  0.7329902E+004  0.3406120E+003  0.4105066E+003  0.1333420E+002  0.2152766E+004 -0.1347271E+004  0.8054955E+003 -0.4016709E+003
 251.000    08092005  0.1624317E+004  0.7329642E+004  0.3406120E+003  0.4112926E+003  0.1332988E+002  0.2162590E+004 -0.1353921E+004  0.8086699E+003 -0.4039200E+003
 252.000    09092005  0.1624132E+004  0.7329408E+004  0.3406120E+003  0.4114072E+003  0.1332293E+002  0.2172056E+004 -0.1360958E+004  0.8110981E+003 -0.4060722E+003
 253.000    10092005  0.1623936E+004  0.7329159E+004  0.3406120E+003  0.4112640E+003  0.1331965E+002  0.2181552E+004 -0.1368226E+004  0.8133260E+003 -0.4082700E+003
 254.000    11092005  0.1623634E+004  0.7328914E+004  0.3406120E+003  0.4116686E+003  0.1331677E+002  0.2191049E+004 -0.1374954E+004  0.8160948E+003 -0.4104380E+003
 255.000    12092005  0.1623473E+004  0.7328675E+004  0.3406120E+003  0.4118068E+003  0.1331253E+002  0.2200802E+004 -0.1382226E+004  0.8185757E+003 -0.4125783E+003
 256.000    13092005  0.1623174E+004  0.7328392E+004  0.3406120E+003  0.4116244E+003  0.1330937E+002  0.2210293E+004 -0.1389424E+004  0.8208684E+003 -0.4148608E+003
 257.000    14092005  0.1622846E+004  0.7328077E+004  0.3406120E+003  0.4100241E+003  0.1330552E+002  0.2218441E+004 -0.1396609E+004  0.8218326E+003 -0.4172382E+003
 258.000    15092005  0.1622871E+004  0.7327747E+004  0.3406120E+003  0.4093645E+003  0.1329885E+002  0.2228773E+004 -0.1404981E+004  0.8237919E+003 -0.4196515E+003
 259.000    16092005  0.1622745E+004  0.7327429E+004  0.3406120E+003  0.4080936E+003  0.1329215E+002  0.2237555E+004 -0.1412449E+004  0.8251058E+003 -0.4220075E+003
 260.000    17092005  0.1622790E+004  0.7327129E+004  0.3406120E+003  0.4067216E+003  0.1328372E+002  0.2246542E+004 -0.1420288E+004  0.8262542E+003 -0.4242845E+003
 261.000    18092005  0.1622817E+004  0.7326832E+004  0.3406120E+003  0.4059251E+003  0.1327455E+002  0.2255847E+004 -0.1427878E+004  0.8279688E+003 -0.4265331E+003
 262.000    19092005  0.1622887E+004  0.7326532E+004  0.3406120E+003  0.4051078E+003  0.1326367E+002  0.2265394E+004 -0.1435732E+004  0.8296622E+003 -0.4287803E+003
 263.000    20092005  0.1622886E+004  0.7326201E+004  0.3406120E+003  0.4042470E+003  0.1325070E+002  0.2275063E+004 -0.1443694E+004  0.8313691E+003 -0.4311840E+003
 264.000    21092005  0.1622512E+004  0.7325881E+004  0.3406120E+003  0.4051461E+003  0.1323859E+002  0.2285142E+004 -0.1450322E+004  0.8348202E+003 -0.4335588E+003
 265.000    22092005  0.1622240E+004  0.7325592E+004  0.3406120E+003  0.4060743E+003  0.1322641E+002  0.2295461E+004 -0.1457207E+004  0.8382545E+003 -0.4358126E+003
 266.000    23092005  0.1622284E+004  0.7325301E+004  0.3406120E+003  0.4048157E+003  0.1321107E+002  0.2304623E+004 -0.1465132E+004  0.8394912E+003 -0.4380371E+003
 267.000    24092005  0.1621972E+004  0.7325007E+004  0.3406120E+003  0.4038320E+003  0.1319652E+002  0.2312644E+004 -0.1471643E+004  0.8410016E+003 -0.4402604E+003
 268.000    25092005  0.1621792E+004  0.7324701E+004  0.3406120E+003  0.4043740E+003  0.1318032E+002  0.2322844E+004 -0.1478778E+004  0.8440653E+003 -0.4425122E+003
 269.000    26092005  0.1621522E+004  0.7324397E+004  0.3406120E+003  0.4031259E+003  0.1316144E+002  0.2330813E+004 -0.1485487E+004  0.8453260E+003 -0.4447487E+003
 270.000    27092005  0.1621260E+004  0.7324109E+004  0.3406120E+003  0.4038274E+003  0.1314525E+002  0.2340424E+004 -0.1491937E+004  0.8484874E+003 -0.4469238E+003
 271.000    28092005  0.1620972E+004  0.7323873E+004  0.3406120E+003  0.4046602E+003  0.1313006E+002  0.2349461E+004 -0.1497847E+004  0.8516137E+003 -0.4489147E+003
 272.000    29092005  0.1620704E+004  0.7323645E+004  0.3406120E+003  0.4052930E+003  0.1311703E+002  0.2358580E+004 -0.1504071E+004  0.8545086E+003 -0.4508755E+003
 273.000    30092005  0.1620217E+004  0.7323457E+004  0.3406120E+003  0.4065703E+003  0.1310440E+002  0.2366864E+004 -0.1508948E+004  0.8579163E+003 -0.4526842E+003
 274.000    01102005  0.1620672E+004  0.7323255E+004  0.3406120E+003  0.4076777E+003  0.1308251E+002  0.2375974E+004 -0.1514787E+004  0.8611876E+003 -0.4545434E+003
 275.000    02102005  0.1620355E+004  0.7323064E+004  0.3406120E+003  0.4076769E+003  0.1306619E+002  0.2384015E+004 -0.1520703E+004  0.8633113E+003 -0.4563588E+003
 276.000    03102005  0.1620087E+004  0.7322882E+004  0.3406120E+003  0.4088408E+003  0.1304674E+002  0.2393118E+004 -0.1526553E+004  0.8665648E+003 -0.4581388E+003
 277.000    04102005  0.1619810E+004  0.7322670E+004  0.3406120E+003  0.4090573E+003  0.1302626E+002  0.2401852E+004 -0.1532885E+004  0.8689671E+003 -0.4600191E+003
 278.000    05102005  0.1619574E+004  0.7322434E+004  0.3406120E+003  0.4091278E+003  0.1300115E+002  0.2410869E+004 -0.1539580E+004  0.8712883E+003 -0.4619715E+003
 279.000    06102005  0.1619238E+004  0.7322168E+004  0.3406120E+003  0.4067915E+003  0.1297405E+002  0.2417462E+004 -0.1546197E+004  0.8712646E+003 -0.4640856E+003
 280.000    07102005  0.1618269E+004  0.7321845E+004  0.3406120E+003  0.4033764E+003  0.1294521E+002  0.2422458E+004 -0.1552393E+004  0.8700650E+003 -0.4668689E+003
 281.000    08102005  0.1617480E+004  0.7321491E+004  0.3406120E+003  0.4025049E+003  0.1291047E+002  0.2430558E+004 -0.1558855E+004  0.8717028E+003 -0.4696272E+003
 282.000    09102005  0.1616476E+004  0.7321216E+004  0.3406120E+003  0.3993344E+003  0.1288521E+002  0.2434139E+004 -0.1563315E+004  0.8708246E+003 -0.4720368E+003
 283.000    10102005  0.1615498E+004  0.7320989E+004  0.3406120E+003  0.3975882E+003  0.1286272E+002  0.2438585E+004 -0.1567373E+004  0.8712119E+003 -0.4743035E+003
 284.000    11102005  0.1614609E+004  0.7320768E+004  0.3406120E+003  0.3962737E+003  0.1284066E+002  0.2443881E+004 -0.1571888E+004  0.8719934E+003 -0.4765103E+003
 285.000    12102005  0.1613694E+004  0.7320561E+004  0.3406120E+003  0.3955245E+003  0.1282088E+002  0.2449437E+004 -0.1576146E+004  0.8732907E+003 -0.4786494E+003
 286.000    13102005  0.1612888E+004  0.7320364E+004  0.3406120E+003  0.3977153E+003  0.1280187E+002  0.2458488E+004 -0.1580974E+004  0.8775146E+003 -0.4807513E+003
 287.000    14102005  0.1612099E+004  0.7320183E+004  0.3406120E+003  0.3994399E+003  0.1278118E+002  0.2467080E+004 -0.1585857E+004  0.8812232E+003 -0.4827770E+003
 288.000    15102005  0.1611437E+004  0.7320012E+004  0.3406120E+003  0.4006898E+003  0.1276279E+002  0.2475590E+004 -0.1591169E+004  0.8844206E+003 -0.4847400E+003
 289.000    16102005  0.1610695E+004  0.7319872E+004  0.3406120E+003  0.4025635E+003  0.1274539E+002  0.2483341E+004 -0.1595238E+004  0.8881027E+003 -0.4865299E+003
 290.000    17102005  0.1610078E+004  0.7319770E+004  0.3406120E+003  0.4048350E+003  0.1272623E+002  0.2491019E+004 -0.1598992E+004  0.8920272E+003 -0.4881378E+003
 291.000    18102005  0.1609728E+004  0.7319667E+004  0.3406120E+003  0.4055264E+003  0.1270563E+002  0.2498991E+004 -0.1604584E+004  0.8944070E+003 -0.4897737E+003
 292.000    19102005  0.1609306E+004  0.7319525E+004  0.3406120E+003  0.4055360E+003  0.1268297E+002  0.2507068E+004 -0.1610769E+004  0.8962986E+003 -0.4915987E+003
 293.000    20102005  0.1608910E+004  0.7319355E+004  0.3406120E+003  0.4051931E+003  0.1265423E+002  0.2515217E+004 -0.1617247E+004  0.8979698E+003 -0.4935457E+003
 294.000    21102005  0.1608087E+004  0.7319190E+004  0.3406120E+003  0.4066166E+003  0.1263173E+002  0.2523162E+004 -0.1621801E+004  0.9013616E+003 -0.4954710E+003
 295.000    22102005  0.1607358E+004  0.7319059E+004  0.3406120E+003  0.4080820E+003  0.1261186E+002  0.2530705E+004 -0.1626074E+004  0.9046315E+003 -0.4972405E+003
 296.000    23102005  0.1606852E+004  0.7318981E+004  0.3406120E+003  0.4104179E+003  0.1258926E+002  0.2537918E+004 -0.1629384E+004  0.9085334E+003 -0.4987407E+003
 297.000    24102005  0.1606376E+004  0.7318938E+004  0.3406120E+003  0.4122660E+003  0.1256711E+002  0.2543977E+004 -0.1632180E+004  0.9117974E+003 -0.5000782E+003
 298.000    25102005  0.1605906E+004  0.7318920E+004  0.3406120E+003  0.4139224E+003  0.1254720E+002  0.2549578E+004 -0.1634813E+004  0.9147651E+003 -0.5013079E+003
 299.000    26102005  0.1605565E+004  0.7318911E+004  0.3406120E+003  0.4165996E+003  0.1252415E+002  0.2556478E+004 -0.1637766E+004  0.9187124E+003 -0.5024963E+003
 300.000    27102005  0.1605363E+004  0.7318937E+004  0.3406120E+003  0.4192887E+003  0.1249668E+002  0.2563059E+004 -0.1640526E+004  0.9225329E+003 -0.5035345E+003
 301.000    28102005  0.1605129E+004  0.7318969E+004  0.3406120E+003  0.4215311E+003  0.1247133E+002  0.2568997E+004 -0.1643123E+004  0.9258745E+003 -0.5045447E+003
 302.000    29102005  0.1604983E+004  0.7319018E+004  0.3406120E+003  0.4241928E+003  0.1244487E+002  0.2575352E+004 -0.1645797E+004  0.9295551E+003 -0.5054777E+003
 303.000    30102005  0.1604905E+004  0.7319060E+004  0.3406120E+003  0.4264652E+003  0.1242098E+002  0.2582395E+004 -0.1649521E+004  0.9328742E+003 -0.5064515E+003
 304.000    31102005  0.1605596E+004  0.7319082E+004  0.3406120E+003  0.4281884E+003  0.1239385E+002  0.2589535E+004 -0.1653799E+004  0.9357359E+003 -0.5075145E+003
 305.000    01112005  0.1605318E+004  0.7319093E+004  0.3406120E+003  0.4301700E+003  0.1237427E+002  0.2596783E+004 -0.1657867E+004  0.9389162E+003 -0.5086316E+003
 306.000    02112005  0.1604883E+004  0.7319087E+004  0.3406120E+003  0.4319327E+003  0.1235818E+002  0.2603680E+004 -0.1661699E+004  0.9419814E+003 -0.5098331E+003
 307.000    03112005  0.1604710E+004  0.7319119E+004  0.3406120E+003  0.4340097E+003  0.1233727E+002  0.2610579E+004 -0.1665377E+004  0.9452021E+003 -0.5108499E+003
 308.000    04112005  0.1604479E+004  0.7319125E+004  0.3406120E+003  0.4352131E+003  0.1232049E+002  0.2617703E+004 -0.1670029E+004  0.9476735E+003 -0.5120006E+003
 309.000    05112005  0.1604099E+004  0.7319100E+004  0.3406120E+003  0.4360596E+003  0.1230326E+002  0.2625048E+004 -0.1675093E+004  0.9499552E+003 -0.5133132E+003
 310.000    06112005  0.1603715E+004  0.7319061E+004  0.3406120E+003  0.4367804E+003  0.1228420E+002  0.2632553E+004 -0.1680358E+004  0.9521945E+003 -0.5146939E+003
 311.000    07112005  0.1603258E+004  0.7319019E+004  0.3406120E+003  0.4376763E+003  0.1226569E+002  0.2639444E+004 -0.1684799E+004  0.9546451E+003 -0.5160835E+003
 312.000    08112005  0.1603122E+004  0.7319010E+004  0.3406120E+003  0.4384564E+003  0.1224382E+002  0.2646354E+004 -0.1689517E+004  0.9568369E+003 -0.5173108E+003
 313.000    09112005  0.1603032E+004  0.7318968E+004  0.3406120E+003  0.4386062E+003  0.1222142E+002  0.2653777E+004 -0.1695204E+004  0.9585733E+003 -0.5187169E+003
 314.000    10112005  0.1602668E+004  0.7318922E+004  0.3406120E+003  0.4395817E+003  0.1220183E+002  0.2660026E+004 -0.1698871E+004  0.9611552E+003 -0.5201204E+003
 315.000    11112005  0.1602653E+004  0.7318967E+004  0.3406120E+003  0.4418388E+003  0.1217965E+002  0.2665867E+004 -0.1701283E+004  0.9645846E+003 -0.5210645E+003
 316.000    12112005  0.1602721E+004  0.7319036E+004  0.3406120E+003  0.4440902E+003  0.1215917E+002  0.2672115E+004 -0.1704211E+004  0.9679042E+003 -0.5219099E+003
 317.000    13112005  0.1602733E+004  0.7319078E+004  0.3406120E+003  0.4457614E+003  0.1213998E+002  0.2678950E+004 -0.1708200E+004  0.9707502E+003 -0.5228897E+003
 318.000    14112005  0.1602575E+004  0.7319061E+004  0.3406120E+003  0.4452904E+003  0.1211942E+002  0.2685530E+004 -0.1713788E+004  0.9717419E+003 -0.5241843E+003
 319.000    15112005  0.1602290E+004  0.7319012E+004  0.3406120E+003  0.4455501E+003  0.1209615E+002  0.2692828E+004 -0.1719205E+004  0.9736221E+003 -0.5256316E+003
 320.000    16112005  0.1602030E+004  0.7318940E+004  0.3406120E+003  0.4448276E+003  0.1206876E+002  0.2699323E+004 -0.1724706E+004  0.9746169E+003 -0.5271860E+003
 321.000    17112005  0.1601925E+004  0.7318965E+004  0.3406120E+003  0.4460709E+003  0.1204700E+002  0.2703879E+004 -0.1726768E+004  0.9771112E+003 -0.5282261E+003
 322.000    18112005  0.1602092E+004  0.7319062E+004  0.3406120E+003  0.4468863E+003  0.1202205E+002  0.2707252E+004 -0.1728403E+004  0.9788486E+003 -0.5289189E+003
 323.000    19112005  0.1602267E+004  0.7319184E+004  0.3406120E+003  0.4490647E+003  0.1200242E+002  0.2711921E+004 -0.1730280E+004  0.9816416E+003 -0.5294769E+003
 324.000    20112005  0.1602293E+004  0.7319275E+004  0.3406120E+003  0.4502047E+003  0.1198836E+002  0.2716501E+004 -0.1732723E+004  0.9837779E+003 -0.5301997E+003
 325.000    21112005  0.1603786E+004  0.7319321E+004  0.3406120E+003  0.4458922E+003  0.1197775E+002  0.2719019E+004 -0.1735573E+004  0.9834458E+003 -0.5311911E+003
 326.000    22112005  0.1605376E+004  0.7319378E+004  0.3406120E+003  0.4474642E+003  0.1196295E+002  0.2723666E+004 -0.1737784E+004  0.9858823E+003 -0.5320997E+003
 327.000    23112005  0.1607151E+004  0.7319480E+004  0.3406120E+003  0.4486070E+003  0.1194311E+002  0.2727214E+004 -0.1739579E+004  0.9876354E+003 -0.5327609E+003
 328.000    24112005  0.1608659E+004  0.7319551E+004  0.3406120E+003  0.4508885E+003  0.1193066E+002  0.2733490E+004 -0.1742858E+004  0.9906324E+003 -0.5335844E+003
 329.000    25112005  0.1610312E+004  0.7319649E+004  0.3406120E+003  0.4514554E+003  0.1190763E+002  0.2736239E+004 -0.1744495E+004  0.9917439E+003 -0.5342538E+003
 330.000    26112005  0.1611905E+004  0.7319780E+004  0.3406120E+003  0.4426934E+003  0.1189045E+002  0.2740227E+004 -0.1746166E+004  0.9940614E+003 -0.5347262E+003
 331.000    27112005  0.1613467E+004  0.7319911E+004  0.3406120E+003  0.4429065E+003  0.1187715E+002  0.2742358E+004 -0.1747891E+004  0.9944672E+003 -0.5351704E+003
 332.000    28112005  0.1614746E+004  0.7319994E+004  0.3406120E+003  0.4416567E+003  0.1186565E+002  0.2746165E+004 -0.1752422E+004  0.9937430E+003 -0.5359332E+003
 333.000    29112005  0.1615646E+004  0.7319992E+004  0.3406120E+003  0.4370499E+003  0.1184655E+002  0.2748607E+004 -0.1757425E+004  0.9911817E+003 -0.5371803E+003
 334.000    30112005  0.1616499E+004  0.7320029E+004  0.3406120E+003  0.4390619E+003  0.1183051E+002  0.2754062E+004 -0.1760147E+004  0.9939144E+003 -0.5381816E+003
 335.000    01122005  0.1618243E+004  0.7320098E+004  0.3406120E+003  0.4407667E+003  0.1180775E+002  0.2758409E+004 -0.1762252E+004  0.9961578E+003 -0.5389959E+003
 336.000    02122005  0.1619234E+004  0.7320189E+004  0.3406120E+003  0.4424746E+003  0.1178944E+002  0.2762455E+004 -0.1764128E+004  0.9983265E+003 -0.5396918E+003
 337.000    03122005  0.1620316E+004  0.7320310E+004  0.3406120E+003  0.4436866E+003  0.1176907E+002  0.2765694E+004 -0.1765828E+004  0.9998653E+003 -0.5402153E+003
 338.000    04122005  0.1621030E+004  0.7320390E+004  0.3406120E+003  0.4456494E+003  0.1175508E+002  0.2771584E+004 -0.1769276E+004  0.1002308E+004 -0.5409830E+003
 339.000    05122005  0.1621871E+004  0.7320483E+004  0.3406120E+003  0.4444305E+003  0.1173413E+002  0.2772523E+004 -0.1771061E+004  0.1001462E+004 -0.5416905E+003
 340.000    06122005  0.1622879E+004  0.7320609E+004  0.3406120E+003  0.4456045E+003  0.1170977E+002  0.2775436E+004 -0.1772582E+004  0.1002854E+004 -0.5421733E+003
 341.000    07122005  0.1623823E+004  0.7320743E+004  0.3406120E+003  0.4476288E+003  0.1168973E+002  0.2778941E+004 -0.1774129E+004  0.1004812E+004 -0.5425727E+003
 342.000    08122005  0.1624939E+004  0.7320877E+004  0.3406120E+003  0.4475228E+003  0.1166899E+002  0.2780463E+004 -0.1775569E+004  0.1004895E+004 -0.5429480E+003
 343.000    09122005  0.1625891E+004  0.7321010E+004  0.3406120E+003  0.4491674E+003  0.1165128E+002  0.2783793E+004 -0.1777120E+004  0.1006673E+004 -0.5433182E+003
 344.000    10122005  0.1626775E+004  0.7321144E+004  0.3406120E+003  0.4444158E+003  0.1163629E+002  0.2787108E+004 -0.1778708E+004  0.1008400E+004 -0.5436650E+003
 345.000    11122005  0.1627644E+004  0.7321276E+004  0.3406120E+003  0.4465003E+003  0.1162013E+002  0.2791193E+004 -0.1780492E+004  0.1010701E+004 -0.5440049E+003
 346.000    12122005  0.1628434E+004  0.7321406E+004  0.3406120E+003  0.4483077E+003  0.1160551E+002  0.2794962E+004 -0.1782302E+004  0.1012660E+004 -0.5443632E+003
 347.000    13122005  0.1629308E+004  0.7321536E+004  0.3406120E+003  0.4490243E+003  0.1158524E+002  0.2797212E+004 -0.1783724E+004  0.1013488E+004 -0.5447224E+003
 348.000    14122005  0.1630225E+004  0.7321667E+004  0.3406120E+003  0.4409680E+003  0.1156550E+002  0.2797720E+004 -0.1784926E+004  0.1012794E+004 -0.5450292E+003
 349.000    15122005  0.1631219E+004  0.7321800E+004  0.3406120E+003  0.4400359E+003  0.1154517E+002  0.2798400E+004 -0.1786289E+004  0.1012111E+004 -0.5453121E+003
 350.000    16122005  0.1632043E+004  0.7321931E+004  0.3406120E+003  0.4425021E+003  0.1153018E+002  0.2802277E+004 -0.1788029E+004  0.1014248E+004 -0.5455959E+003
 351.000    17122005  0.1632866E+004  0.7322061E+004  0.3406120E+003  0.4439209E+003  0.1151390E+002  0.2804882E+004 -0.1789580E+004  0.1015302E+004 -0.5458840E+003
 352.000    18122005  0.1633727E+004  0.7322190E+004  0.3406120E+003  0.4446295E+003  0.1149486E+002  0.2807051E+004 -0.1791015E+004  0.1016036E+004 -0.5461717E+003
 353.000    19122005  0.1634452E+004  0.7322319E+004  0.3406120E+003  0.4465898E+003  0.1147889E+002  0.2810760E+004 -0.1792672E+004  0.1018088E+004 -0.5464582E+003
 354.000    20122005  0.1635177E+004  0.7322447E+004  0.3406120E+003  0.4477963E+003  0.1146229E+002  0.2813362E+004 -0.1794040E+004  0.1019322E+004 -0.5467365E+003
 355.000    21122005  0.1635956E+004  0.7322576E+004  0.3406120E+003  0.4489819E+003  0.1144452E+002  0.2815508E+004 -0.1795363E+004  0.1020145E+004 -0.5469924E+003
 356.000    22122005  0.1636660E+004  0.7322704E+004  0.3406120E+003  0.4509506E+003  0.1142900E+002  0.2818590E+004 -0.1796827E+004  0.1021763E+004 -0.5472414E+003
 357.000    23122005  0.1637356E+004  0.7322832E+004  0.3406120E+003  0.4535683E+003  0.1141697E+002  0.2822850E+004 -0.1798811E+004  0.1024039E+004 -0.5474889E+003
 358.000    24122005  0.1638015E+004  0.7322959E+004  0.3406120E+003  0.4562728E+003  0.1140493E+002  0.2827470E+004 -0.1801064E+004  0.1026407E+004 -0.5477419E+003
 359.000    25122005  0.1638519E+004  0.7323085E+004  0.3406120E+003  0.4569957E+003  0.1139639E+002  0.2830808E+004 -0.1803704E+004  0.1027104E+004 -0.5479944E+003
 360.000    26122005  0.1638974E+004  0.7323211E+004  0.3406120E+003  0.4589587E+003  0.1138715E+002  0.2835183E+004 -0.1805748E+004  0.1029434E+004 -0.5482602E+003
 361.000    27122005  0.1639489E+004  0.7323327E+004  0.3406120E+003  0.4611150E+003  0.1137540E+002  0.2839803E+004 -0.1807882E+004  0.1031921E+004 -0.5486257E+003
 362.000    28122005  0.1639784E+004  0.7323430E+004  0.3406120E+003  0.4632001E+003  0.1136931E+002  0.2845181E+004 -0.1810884E+004  0.1034297E+004 -0.5491290E+003
 363.000    29122005  0.1639817E+004  0.7323516E+004  0.3406120E+003  0.4652823E+003  0.1135953E+002  0.2850408E+004 -0.1813693E+004  0.1036715E+004 -0.5497607E+003
 364.000    30122005  0.1640134E+004  0.7323619E+004  0.3406120E+003  0.4673057E+003  0.1134601E+002  0.2854929E+004 -0.1815931E+004  0.1038998E+004 -0.5502826E+003
 365.000    31122005  0.1640993E+004  0.7323717E+004  0.3406120E+003  0.4696664E+003  0.1132970E+002  0.2860293E+004 -0.1818656E+004  0.1041637E+004 -0.5508401E+003
