    DOY     DATE    RESIDUE_C       HUMUS_C         ATM_CO2         NBP             ECO_LAI         ECO_GPP         ECO_RA          ECO_NPP         ECO_RH          
   1.000    01011991  0.2784625E+004  0.7418049E+004  0.3406120E+003 -0.1977895E+000  0.1058453E+002  0.2004982E+001 -0.1139815E+001  0.8651669E+000 -0.1008865E+001
   2.000    02011991  0.2784194E+004  0.7418306E+004  0.3406120E+003  0.1627175E-001  0.1057481E+002  0.4582403E+001 -0.2469850E+001  0.2112554E+001 -0.1995914E+001
   3.000    03011991  0.2783712E+004  0.7418559E+004  0.3406120E+003  0.4548438E+000  0.1056619E+002  0.7436818E+001 -0.3845672E+001  0.3591146E+001 -0.3012099E+001
   4.000    04011991  0.2783110E+004  0.7418808E+004  0.3406120E+003  0.9329444E+000  0.1055999E+002  0.1033918E+002 -0.5256454E+001  0.5082728E+001 -0.4088265E+001
   5.000    05011991  0.2782688E+004  0.7419067E+004  0.3406120E+003  0.7994590E+000  0.1054752E+002  0.1226785E+002 -0.6412247E+001  0.5855600E+001 -0.4985385E+001
   6.000    06011991  0.2782375E+004  0.7419328E+004  0.3406120E+003  0.1369614E+001  0.1053895E+002  0.1529830E+002 -0.7945542E+001  0.7352760E+001 -0.5893610E+001
   7.000    07011991  0.2781746E+004  0.7419564E+004  0.3406120E+003  0.2297078E+001  0.1053469E+002  0.1915049E+002 -0.9837845E+001  0.9312644E+001 -0.7118659E+001
   8.000    08011991  0.2781298E+004  0.7419818E+004  0.3406120E+003  0.1042937E+001  0.1052021E+002  0.1993346E+002 -0.1093202E+002  0.9001438E+001 -0.8070362E+001
   9.000    09011991  0.2781049E+004  0.7420089E+004  0.3406120E+003  0.1024565E+001  0.1050649E+002  0.2177209E+002 -0.1206644E+002  0.9705646E+001 -0.8803273E+001
  10.000    10011991  0.2780675E+004  0.7420352E+004  0.3406120E+003  0.1320854E+001  0.1049826E+002  0.2420828E+002 -0.1337320E+002  0.1083508E+002 -0.9649336E+001
  11.000    11011991  0.2780224E+004  0.7420606E+004  0.3406120E+003  0.2172371E+001  0.1049279E+002  0.2746141E+002 -0.1497170E+002  0.1248971E+002 -0.1061421E+002
  12.000    12011991  0.2779700E+004  0.7420833E+004  0.3406120E+003  0.1761909E+001  0.1049011E+002  0.3065062E+002 -0.1730026E+002  0.1335037E+002 -0.1192238E+002
  13.000    13011991  0.2779055E+004  0.7421069E+004  0.3406120E+003  0.1130680E+001  0.1048194E+002  0.3263078E+002 -0.1875764E+002  0.1387314E+002 -0.1305827E+002
  14.000    14011991  0.2778731E+004  0.7421331E+004  0.3406120E+003  0.1090092E+001  0.1046981E+002  0.3457092E+002 -0.1991469E+002  0.1465623E+002 -0.1385815E+002
  15.000    15011991  0.2778475E+004  0.7421594E+004  0.3406120E+003  0.1749683E+001  0.1046026E+002  0.3744641E+002 -0.2129344E+002  0.1615297E+002 -0.1465361E+002
  16.000    16011991  0.2778290E+004  0.7421833E+004  0.3406120E+003  0.2702165E+001  0.1045814E+002  0.4219919E+002 -0.2403145E+002  0.1816774E+002 -0.1582747E+002
  17.000    17011991  0.2777695E+004  0.7422055E+004  0.3406120E+003  0.2381593E+001  0.1045278E+002  0.4518082E+002 -0.2608641E+002  0.1909441E+002 -0.1713288E+002
  18.000    18011991  0.2777311E+004  0.7422306E+004  0.3406120E+003  0.2344123E+001  0.1044257E+002  0.4743925E+002 -0.2745360E+002  0.1998565E+002 -0.1805242E+002
  19.000    19011991  0.2776985E+004  0.7422565E+004  0.3406120E+003  0.2821515E+001  0.1043244E+002  0.5010052E+002 -0.2874102E+002  0.2135950E+002 -0.1888003E+002
  20.000    20011991  0.2776608E+004  0.7422818E+004  0.3406120E+003  0.3815085E+001  0.1042666E+002  0.5363627E+002 -0.3042116E+002  0.2321510E+002 -0.1983354E+002
  21.000    21011991  0.2776005E+004  0.7423056E+004  0.3406120E+003  0.3629924E+001  0.1042223E+002  0.5616965E+002 -0.3204278E+002  0.2412687E+002 -0.2091947E+002
  22.000    22011991  0.2775823E+004  0.7423322E+004  0.3406120E+003  0.2408589E+001  0.1040439E+002  0.5666939E+002 -0.3297287E+002  0.2369652E+002 -0.2158194E+002
  23.000    23011991  0.2775768E+004  0.7423601E+004  0.3406120E+003 -0.9066639E+001  0.1039008E+002  0.5764581E+002 -0.3388361E+002  0.2376220E+002 -0.2205652E+002
  24.000    24011991  0.2775829E+004  0.7423877E+004  0.3406120E+003 -0.1042582E+002  0.1037812E+002  0.5974780E+002 -0.3493125E+002  0.2481655E+002 -0.2248063E+002
  25.000    25011991  0.2775927E+004  0.7424152E+004  0.3406120E+003 -0.1006790E+002  0.1036412E+002  0.6097107E+002 -0.3592667E+002  0.2504440E+002 -0.2290352E+002
  26.000    26011991  0.2775982E+004  0.7424426E+004  0.3406120E+003 -0.9760430E+001  0.1035232E+002  0.6203692E+002 -0.3684321E+002  0.2519372E+002 -0.2329659E+002
  27.000    27011991  0.2776144E+004  0.7424696E+004  0.3406120E+003 -0.8875079E+001  0.1034270E+002  0.6391365E+002 -0.3798485E+002  0.2592880E+002 -0.2366292E+002
  28.000    28011991  0.2776388E+004  0.7424964E+004  0.3406120E+003 -0.7007007E+001  0.1033641E+002  0.6711506E+002 -0.3946197E+002  0.2765309E+002 -0.2402892E+002
  29.000    29011991  0.2776653E+004  0.7425230E+004  0.3406120E+003 -0.4410268E+001  0.1033403E+002  0.7138976E+002 -0.4122608E+002  0.3016368E+002 -0.2438854E+002
  30.000    30011991  0.2777515E+004  0.7425487E+004  0.3406120E+003 -0.3307920E+001  0.1032683E+002  0.7646702E+002 -0.4352677E+002  0.3294025E+002 -0.2498400E+002
  31.000    31011991  0.2777305E+004  0.7425713E+004  0.3406120E+003 -0.3702710E+001  0.1032212E+002  0.7995045E+002 -0.4600541E+002  0.3394505E+002 -0.2610319E+002
  32.000    01021991  0.2777171E+004  0.7425966E+004  0.3406120E+003 -0.4056339E+001  0.1030809E+002  0.8143049E+002 -0.4702033E+002  0.3441016E+002 -0.2672052E+002
  33.000    02021991  0.2777342E+004  0.7426230E+004  0.3406120E+003 -0.3529022E+001  0.1029582E+002  0.8384683E+002 -0.4835563E+002  0.3549120E+002 -0.2717061E+002
  34.000    03021991  0.2777503E+004  0.7426488E+004  0.3406120E+003 -0.2716594E+001  0.1028947E+002  0.8692397E+002 -0.5007450E+002  0.3684947E+002 -0.2772143E+002
  35.000    04021991  0.2777449E+004  0.7426732E+004  0.3406120E+003 -0.2074072E+001  0.1028437E+002  0.9022240E+002 -0.5198406E+002  0.3823834E+002 -0.2852414E+002
  36.000    05021991  0.2777391E+004  0.7426967E+004  0.3406120E+003 -0.1241104E+001  0.1028114E+002  0.9415181E+002 -0.5423294E+002  0.3991887E+002 -0.2945826E+002
  37.000    06021991  0.2777113E+004  0.7427186E+004  0.3406120E+003 -0.8824145E+000  0.1027982E+002  0.9793077E+002 -0.5661114E+002  0.4131964E+002 -0.3062842E+002
  38.000    07021991  0.2776860E+004  0.7427397E+004  0.3406120E+003  0.4097906E+000  0.1027818E+002  0.1030378E+003 -0.5931378E+002  0.4372401E+002 -0.3193206E+002
  39.000    08021991  0.2776302E+004  0.7427600E+004  0.3406120E+003  0.1124732E+001  0.1027632E+002  0.1072296E+003 -0.6157900E+002  0.4565057E+002 -0.3331245E+002
  40.000    09021991  0.2775877E+004  0.7427827E+004  0.3406120E+003  0.1399711E+001  0.1026739E+002  0.1101362E+003 -0.6324777E+002  0.4688840E+002 -0.3437790E+002
  41.000    10021991  0.2775544E+004  0.7428063E+004  0.3406120E+003  0.1954611E+001  0.1026098E+002  0.1131898E+003 -0.6488234E+002  0.4830749E+002 -0.3534076E+002
  42.000    11021991  0.2775141E+004  0.7428302E+004  0.3406120E+003  0.2521322E+001  0.1025442E+002  0.1160218E+003 -0.6631997E+002  0.4970184E+002 -0.3626613E+002
  43.000    12021991  0.2774965E+004  0.7428556E+004  0.3406120E+003  0.2479121E+001  0.1024090E+002  0.1176334E+003 -0.6736628E+002  0.5026707E+002 -0.3692038E+002
  44.000    13021991  0.2775084E+004  0.7428818E+004  0.3406120E+003  0.4189892E+001  0.1023127E+002  0.1213704E+003 -0.6890392E+002  0.5246645E+002 -0.3747521E+002
  45.000    14021991  0.2774883E+004  0.7429052E+004  0.3406120E+003  0.6160231E+001  0.1023064E+002  0.1265276E+003 -0.7124390E+002  0.5528366E+002 -0.3849137E+002
  46.000    15021991  0.2774477E+004  0.7429288E+004  0.3406120E+003  0.5565692E+001  0.1022009E+002  0.1280645E+003 -0.7257030E+002  0.5549423E+002 -0.3941163E+002
  47.000    16021991  0.2774385E+004  0.7429548E+004  0.3406120E+003  0.4759527E+001  0.1020360E+002  0.1282653E+003 -0.7336296E+002  0.5490238E+002 -0.3992673E+002
  48.000    17021991  0.2774416E+004  0.7429816E+004  0.3406120E+003  0.5728715E+001  0.1019244E+002  0.1299067E+003 -0.7426172E+002  0.5564494E+002 -0.4030727E+002
  49.000    18021991  0.2774572E+004  0.7430079E+004  0.3406120E+003  0.7486258E+001  0.1018296E+002  0.1326036E+003 -0.7540471E+002  0.5719889E+002 -0.4067908E+002
  50.000    19021991  0.2775290E+004  0.7430340E+004  0.3406120E+003  0.1052866E+002  0.1018339E+002  0.1383479E+003 -0.7820124E+002  0.6014665E+002 -0.4104250E+002
  51.000    20021991  0.2776230E+004  0.7430587E+004  0.3406120E+003  0.1167361E+002  0.1018310E+002  0.1445228E+003 -0.8204156E+002  0.6248125E+002 -0.4180391E+002
  52.000    21021991  0.2776142E+004  0.7430797E+004  0.3406120E+003  0.1285364E+002  0.1018086E+002  0.1499125E+003 -0.8486788E+002  0.6504466E+002 -0.4309141E+002
  53.000    22021991  0.2775794E+004  0.7431007E+004  0.3406120E+003  0.1438466E+002  0.1017883E+002  0.1550478E+003 -0.8721412E+002  0.6783368E+002 -0.4435186E+002
  54.000    23021991  0.2775172E+004  0.7431221E+004  0.3406120E+003  0.1507766E+002  0.1017117E+002  0.1586187E+003 -0.8892718E+002  0.6969156E+002 -0.4555583E+002
  55.000    24021991  0.2774852E+004  0.7431461E+004  0.3406120E+003  0.1533657E+002  0.1016089E+002  0.1608769E+003 -0.9010256E+002  0.7077433E+002 -0.4638220E+002
  56.000    25021991  0.2774573E+004  0.7431699E+004  0.3406120E+003  0.1754391E+002  0.1015633E+002  0.1657140E+003 -0.9186501E+002  0.7384897E+002 -0.4730008E+002
  57.000    26021991  0.2773968E+004  0.7431926E+004  0.3406120E+003  0.1825273E+002  0.1015374E+002  0.1689246E+003 -0.9341240E+002  0.7551222E+002 -0.4834902E+002
  58.000    27021991  0.2773670E+004  0.7432170E+004  0.3406120E+003  0.1855989E+002  0.1014400E+002  0.1710917E+003 -0.9455098E+002  0.7654071E+002 -0.4910948E+002
  59.000    28021991  0.2773620E+004  0.7432419E+004  0.3406120E+003  0.1958311E+002  0.1013645E+002  0.1744211E+003 -0.9618752E+002  0.7823359E+002 -0.4982950E+002
  60.000    01031991  0.2774214E+004  0.7432655E+004  0.3406120E+003  0.2096017E+002  0.1012783E+002  0.1790758E+003 -0.9861973E+002  0.8045605E+002 -0.5076629E+002
  61.000    02031991  0.2774245E+004  0.7432852E+004  0.3406120E+003  0.2205286E+002  0.1012686E+002  0.1852069E+003 -0.1024441E+003  0.8276282E+002 -0.5229139E+002
  62.000    03031991  0.2773755E+004  0.7433042E+004  0.3406120E+003  0.2336827E+002  0.1012503E+002  0.1906890E+003 -0.1052639E+003  0.8542510E+002 -0.5385730E+002
  63.000    04031991  0.2773058E+004  0.7433226E+004  0.3406120E+003  0.2380497E+002  0.1012283E+002  0.1951224E+003 -0.1077425E+003  0.8737992E+002 -0.5547331E+002
  64.000    05031991  0.2772570E+004  0.7433450E+004  0.3406120E+003  0.2440533E+002  0.1011246E+002  0.1984540E+003 -0.1093739E+003  0.8908007E+002 -0.5658585E+002
  65.000    06031991  0.2772240E+004  0.7433677E+004  0.3406120E+003  0.2589606E+002  0.1010828E+002  0.2031347E+003 -0.1114815E+003  0.9165325E+002 -0.5770448E+002
  66.000    07031991  0.2771954E+004  0.7433879E+004  0.3406120E+003  0.2769016E+002  0.1010722E+002  0.2092703E+003 -0.1144789E+003  0.9479143E+002 -0.5915577E+002
  67.000    08031991  0.2771224E+004  0.7434095E+004  0.3406120E+003  0.2875067E+002  0.1010228E+002  0.2130772E+003 -0.1160707E+003  0.9700647E+002 -0.6038196E+002
  68.000    09031991  0.2770826E+004  0.7434336E+004  0.3406120E+003  0.2935791E+002  0.1009347E+002  0.2158493E+003 -0.1173775E+003  0.9847177E+002 -0.6128192E+002
  69.000    10031991  0.2770497E+004  0.7434586E+004  0.3406120E+003  0.3082811E+002  0.1008524E+002  0.2194115E+003 -0.1186983E+003  0.1007132E+003 -0.6210627E+002
  70.000    11031991  0.2770193E+004  0.7434836E+004  0.3406120E+003  0.3162642E+002  0.1007704E+002  0.2222488E+003 -0.1200044E+003  0.1022443E+003 -0.6289927E+002
  71.000    12031991  0.2769999E+004  0.7435090E+004  0.3406120E+003  0.3262451E+002  0.1006846E+002  0.2252505E+003 -0.1213492E+003  0.1039013E+003 -0.6361267E+002
  72.000    13031991  0.2769638E+004  0.7435338E+004  0.3406120E+003  0.3437340E+002  0.1006469E+002  0.2292030E+003 -0.1228737E+003  0.1063293E+003 -0.6445381E+002
  73.000    14031991  0.2769137E+004  0.7435572E+004  0.3406120E+003  0.3634184E+002  0.1006428E+002  0.2338820E+003 -0.1247620E+003  0.1091200E+003 -0.6548248E+002
  74.000    15031991  0.2768584E+004  0.7435805E+004  0.3406120E+003  0.3764218E+002  0.1006141E+002  0.2377111E+003 -0.1264138E+003  0.1112972E+003 -0.6650478E+002
  75.000    16031991  0.2768145E+004  0.7436044E+004  0.3406120E+003  0.3936263E+002  0.1005821E+002  0.2419079E+003 -0.1280803E+003  0.1138276E+003 -0.6744548E+002
  76.000    17031991  0.2767628E+004  0.7436285E+004  0.3406120E+003  0.4005852E+002  0.1005301E+002  0.2447741E+003 -0.1293957E+003  0.1153785E+003 -0.6834789E+002
  77.000    18031991  0.2767399E+004  0.7436522E+004  0.3406120E+003  0.4223023E+002  0.1005274E+002  0.2502922E+003 -0.1318909E+003  0.1184013E+003 -0.6936058E+002
  78.000    19031991  0.2766947E+004  0.7436738E+004  0.3406120E+003  0.4344923E+002  0.1005279E+002  0.2551858E+003 -0.1344331E+003  0.1207527E+003 -0.7060795E+002
  79.000    20031991  0.2766635E+004  0.7436965E+004  0.3406120E+003  0.4499961E+002  0.1004886E+002  0.2601409E+003 -0.1368099E+003  0.1233310E+003 -0.7171258E+002
  80.000    21031991  0.2766568E+004  0.7437177E+004  0.3406120E+003  0.4662674E+002  0.1005000E+002  0.2664145E+003 -0.1402417E+003  0.1261728E+003 -0.7302732E+002
  81.000    22031991  0.2768733E+004  0.7437368E+004  0.3406120E+003  0.4865642E+002  0.1005042E+002  0.2738345E+003 -0.1441826E+003  0.1296519E+003 -0.7461155E+002
  82.000    23031991  0.2769032E+004  0.7437529E+004  0.3406120E+003  0.4998140E+002  0.1008770E+002  0.2819998E+003 -0.1492458E+003  0.1327539E+003 -0.7655657E+002
  83.000    24031991  0.2768855E+004  0.7437678E+004  0.3406120E+003  0.5111464E+002  0.1010552E+002  0.2890186E+003 -0.1532325E+003  0.1357861E+003 -0.7858275E+002
  84.000    25031991  0.2768268E+004  0.7437857E+004  0.3406120E+003  0.5324675E+002  0.1011372E+002  0.2954540E+003 -0.1559183E+003  0.1395357E+003 -0.8026193E+002
  85.000    26031991  0.2767880E+004  0.7438046E+004  0.3406120E+003  0.5495846E+002  0.1012436E+002  0.3016424E+003 -0.1588644E+003  0.1427780E+003 -0.8184791E+002
  86.000    27031991  0.2767969E+004  0.7438215E+004  0.3406120E+003  0.5685377E+002  0.1014349E+002  0.3095722E+003 -0.1631321E+003  0.1464401E+003 -0.8370592E+002
  87.000    28031991  0.2767924E+004  0.7438347E+004  0.3406120E+003  0.5882271E+002  0.1016137E+002  0.3182302E+003 -0.1676787E+003  0.1505515E+003 -0.8596753E+002
  88.000    29031991  0.2767202E+004  0.7438497E+004  0.3406120E+003  0.6201435E+002  0.1017234E+002  0.3263629E+003 -0.1708726E+003  0.1554903E+003 -0.8805308E+002
  89.000    30031991  0.2766291E+004  0.7438623E+004  0.3406120E+003  0.6335155E+002  0.1018387E+002  0.3332940E+003 -0.1742387E+003  0.1590553E+003 -0.9042100E+002
  90.000    31031991  0.2765772E+004  0.7438813E+004  0.3406120E+003  0.6468037E+002  0.1017913E+002  0.3378153E+003 -0.1758770E+003  0.1619383E+003 -0.9199897E+002
  91.000    01041991  0.2765062E+004  0.7439022E+004  0.3406120E+003  0.6700274E+002  0.1018503E+002  0.3438248E+003 -0.1781324E+003  0.1656924E+003 -0.9345817E+002
  92.000    02041991  0.2764408E+004  0.7439226E+004  0.3406120E+003  0.6918305E+002  0.1019265E+002  0.3499524E+003 -0.1806103E+003  0.1693421E+003 -0.9496695E+002
  93.000    03041991  0.2763694E+004  0.7439438E+004  0.3406120E+003  0.7083969E+002  0.1019967E+002  0.3552715E+003 -0.1829010E+003  0.1723705E+003 -0.9638960E+002
  94.000    04041991  0.2763150E+004  0.7439650E+004  0.3406120E+003  0.7280884E+002  0.1020918E+002  0.3613161E+003 -0.1855921E+003  0.1757240E+003 -0.9784458E+002
  95.000    05041991  0.2762764E+004  0.7439838E+004  0.3406120E+003  0.7502593E+002  0.1022537E+002  0.3686883E+003 -0.1891297E+003  0.1795586E+003 -0.9957036E+002
  96.000    06041991  0.2762596E+004  0.7440005E+004  0.3406120E+003  0.7697056E+002  0.1024334E+002  0.3767479E+003 -0.1934135E+003  0.1833344E+003 -0.1015208E+003
  97.000    07041991  0.2762480E+004  0.7440155E+004  0.3406120E+003  0.7892758E+002  0.1025990E+002  0.3852598E+003 -0.1979464E+003  0.1873134E+003 -0.1036548E+003
  98.000    08041991  0.2762489E+004  0.7440287E+004  0.3406120E+003  0.8071877E+002  0.1027587E+002  0.3940928E+003 -0.2028028E+003  0.1912901E+003 -0.1059459E+003
  99.000    09041991  0.2762751E+004  0.7440390E+004  0.3406120E+003  0.8200745E+002  0.1028982E+002  0.4031930E+003 -0.2081960E+003  0.1949970E+003 -0.1084803E+003
 100.000    10041991  0.2762664E+004  0.7440477E+004  0.3406120E+003  0.8369285E+002  0.1029859E+002  0.4121838E+003 -0.2129550E+003  0.1992288E+003 -0.1111186E+003
 101.000    11041991  0.2761499E+004  0.7440609E+004  0.3406120E+003  0.8513240E+002  0.1030120E+002  0.4184987E+003 -0.2155443E+003  0.2029544E+003 -0.1133979E+003
 102.000    12041991  0.2760482E+004  0.7440778E+004  0.3406120E+003  0.8789491E+002  0.1030493E+002  0.4256469E+003 -0.2179524E+003  0.2076945E+003 -0.1153557E+003
 103.000    13041991  0.2759414E+004  0.7440953E+004  0.3406120E+003  0.9011135E+002  0.1030934E+002  0.4320633E+003 -0.2202919E+003  0.2117714E+003 -0.1172503E+003
 104.000    14041991  0.2758834E+004  0.7441115E+004  0.3406120E+003  0.9315030E+002  0.1032361E+002  0.4408474E+003 -0.2240773E+003  0.2167701E+003 -0.1193506E+003
 105.000    15041991  0.2758290E+004  0.7441254E+004  0.3406120E+003  0.9565528E+002  0.1033831E+002  0.4497442E+003 -0.2283030E+003  0.2214412E+003 -0.1216648E+003
 106.000    16041991  0.2758102E+004  0.7441364E+004  0.3406120E+003  0.9745404E+002  0.1035480E+002  0.4591386E+003 -0.2334823E+003  0.2256563E+003 -0.1242756E+003
 107.000    17041991  0.2757960E+004  0.7441468E+004  0.3406120E+003  0.9956733E+002  0.1036682E+002  0.4687796E+003 -0.2385058E+003  0.2302738E+003 -0.1268804E+003
 108.000    18041991  0.2757560E+004  0.7441563E+004  0.3406120E+003  0.1017899E+003  0.1037648E+002  0.4781086E+003 -0.2430315E+003  0.2350771E+003 -0.1295281E+003
 109.000    19041991  0.2756237E+004  0.7441679E+004  0.3406120E+003  0.1032410E+003  0.1038133E+002  0.4848947E+003 -0.2459563E+003  0.2389384E+003 -0.1320976E+003
 110.000    20041991  0.2755014E+004  0.7441819E+004  0.3406120E+003  0.1058531E+003  0.1038781E+002  0.4926848E+003 -0.2489419E+003  0.2437430E+003 -0.1345065E+003
 111.000    21041991  0.2753917E+004  0.7441969E+004  0.3406120E+003  0.1071526E+003  0.1039190E+002  0.4985878E+003 -0.2514289E+003  0.2471588E+003 -0.1367680E+003
 112.000    22041991  0.2752702E+004  0.7442148E+004  0.3406120E+003  0.1097198E+003  0.1039844E+002  0.5053192E+003 -0.2536648E+003  0.2516544E+003 -0.1386955E+003
 113.000    23041991  0.2751754E+004  0.7442331E+004  0.3406120E+003  0.1134802E+003  0.1041106E+002  0.5137603E+003 -0.2564843E+003  0.2572760E+003 -0.1406082E+003
 114.000    24041991  0.2751148E+004  0.7442502E+004  0.3406120E+003  0.1162679E+003  0.1042930E+002  0.5223886E+003 -0.2603788E+003  0.2620098E+003 -0.1426710E+003
 115.000    25041991  0.2750264E+004  0.7442676E+004  0.3406120E+003  0.1185996E+003  0.1044095E+002  0.5297189E+003 -0.2634932E+003  0.2662257E+003 -0.1446517E+003
 116.000    26041991  0.2749500E+004  0.7442847E+004  0.3406120E+003  0.1221706E+003  0.1045668E+002  0.5387952E+003 -0.2670487E+003  0.2717466E+003 -0.1467086E+003
 117.000    27041991  0.2749306E+004  0.7442996E+004  0.3406120E+003  0.1249788E+003  0.1048139E+002  0.5489342E+003 -0.2722088E+003  0.2767254E+003 -0.1490139E+003
 118.000    28041991  0.2749197E+004  0.7443105E+004  0.3406120E+003  0.1274072E+003  0.1050579E+002  0.5594359E+003 -0.2778136E+003  0.2816223E+003 -0.1516336E+003
 119.000    29041991  0.2749394E+004  0.7443190E+004  0.3406120E+003  0.1298461E+003  0.1052871E+002  0.5705438E+003 -0.2838655E+003  0.2866783E+003 -0.1543879E+003
 120.000    30041991  0.2749348E+004  0.7443231E+004  0.3406120E+003  0.1315550E+003  0.1054780E+002  0.5811313E+003 -0.2899053E+003  0.2912260E+003 -0.1576435E+003
 121.000    01051991  0.2749811E+004  0.7443273E+004  0.3406120E+003  0.1339863E+003  0.1055478E+002  0.5918450E+003 -0.2952617E+003  0.2965833E+003 -0.1607158E+003
 122.000    02051991  0.2749265E+004  0.7443315E+004  0.3406120E+003  0.1360217E+003  0.1056802E+002  0.6014755E+003 -0.2999401E+003  0.3015354E+003 -0.1637621E+003
 123.000    03051991  0.2748417E+004  0.7443414E+004  0.3406120E+003  0.1382621E+003  0.1057739E+002  0.6101526E+003 -0.3037385E+003  0.3064141E+003 -0.1664498E+003
 124.000    04051991  0.2747579E+004  0.7443515E+004  0.3406120E+003  0.1402897E+003  0.1058962E+002  0.6187314E+003 -0.3076752E+003  0.3110562E+003 -0.1691315E+003
 125.000    05051991  0.2747003E+004  0.7443611E+004  0.3406120E+003  0.1438188E+003  0.1060556E+002  0.6294671E+003 -0.3122440E+003  0.3172232E+003 -0.1718514E+003
 126.000    06051991  0.2746818E+004  0.7443674E+004  0.3406120E+003  0.1462693E+003  0.1062517E+002  0.6403505E+003 -0.3178813E+003  0.3224692E+003 -0.1748488E+003
 127.000    07051991  0.2746109E+004  0.7443724E+004  0.3406120E+003  0.1485641E+003  0.1063761E+002  0.6501681E+003 -0.3225055E+003  0.3276626E+003 -0.1778600E+003
 128.000    08051991  0.2745095E+004  0.7443819E+004  0.3406120E+003  0.1510671E+003  0.1064711E+002  0.6590775E+003 -0.3262423E+003  0.3328352E+003 -0.1805786E+003
 129.000    09051991  0.2744969E+004  0.7443913E+004  0.3406120E+003  0.1538562E+003  0.1066133E+002  0.6690733E+003 -0.3307833E+003  0.3382900E+003 -0.1833086E+003
 130.000    10051991  0.2744561E+004  0.7443985E+004  0.3406120E+003  0.1568085E+003  0.1069017E+002  0.6799542E+003 -0.3359330E+003  0.3440212E+003 -0.1861715E+003
 131.000    11051991  0.2744114E+004  0.7444039E+004  0.3406120E+003  0.1593200E+003  0.1072035E+002  0.6905184E+003 -0.3411047E+003  0.3494137E+003 -0.1891374E+003
 132.000    12051991  0.2743917E+004  0.7444087E+004  0.3406120E+003  0.1619079E+003  0.1075082E+002  0.7016187E+003 -0.3466911E+003  0.3549277E+003 -0.1921370E+003
 133.000    13051991  0.2743887E+004  0.7444116E+004  0.3406120E+003  0.1642689E+003  0.1077756E+002  0.7128556E+003 -0.3525317E+003  0.3603240E+003 -0.1952377E+003
 134.000    14051991  0.2743888E+004  0.7444132E+004  0.3406120E+003  0.1668001E+003  0.1080739E+002  0.7243924E+003 -0.3584179E+003  0.3659745E+003 -0.1984118E+003
 135.000    15051991  0.2744086E+004  0.7444133E+004  0.3406120E+003  0.1688841E+003  0.1083489E+002  0.7358847E+003 -0.3646205E+003  0.3712643E+003 -0.2016676E+003
 136.000    16051991  0.2744297E+004  0.7444123E+004  0.3406120E+003  0.1708742E+003  0.1085930E+002  0.7472782E+003 -0.3707594E+003  0.3765187E+003 -0.2049622E+003
 137.000    17051991  0.2744637E+004  0.7444098E+004  0.3406120E+003  0.1728755E+003  0.1088957E+002  0.7589855E+003 -0.3771120E+003  0.3818735E+003 -0.2083450E+003
 138.000    18051991  0.2745251E+004  0.7444055E+004  0.3406120E+003  0.1742642E+003  0.1091817E+002  0.7705339E+003 -0.3838249E+003  0.3867089E+003 -0.2118098E+003
 139.000    19051991  0.2743649E+004  0.7444019E+004  0.3406120E+003  0.1769192E+003  0.1093431E+002  0.7805829E+003 -0.3878656E+003  0.3927173E+003 -0.2156555E+003
 140.000    20051991  0.2741612E+004  0.7444056E+004  0.3406120E+003  0.1788221E+003  0.1094680E+002  0.7888367E+003 -0.3909119E+003  0.3979248E+003 -0.2190536E+003
 141.000    21051991  0.2740231E+004  0.7444112E+004  0.3406120E+003  0.1807975E+003  0.1096403E+002  0.7976655E+003 -0.3947527E+003  0.4029129E+003 -0.2221242E+003
 142.000    22051991  0.2739660E+004  0.7444158E+004  0.3406120E+003  0.1836921E+003  0.1098808E+002  0.8088362E+003 -0.4000565E+003  0.4087797E+003 -0.2251991E+003
 143.000    23051991  0.2739602E+004  0.7444168E+004  0.3406120E+003  0.1857802E+003  0.1101317E+002  0.8203211E+003 -0.4062839E+003  0.4140372E+003 -0.2284795E+003
 144.000    24051991  0.2739486E+004  0.7444164E+004  0.3406120E+003  0.1876342E+003  0.1103875E+002  0.8313855E+003 -0.4122651E+003  0.4191204E+003 -0.2318071E+003
 145.000    25051991  0.2739605E+004  0.7444146E+004  0.3406120E+003  0.1893741E+003  0.1106417E+002  0.8427300E+003 -0.4185701E+003  0.4241598E+003 -0.2352155E+003
 146.000    26051991  0.2739775E+004  0.7444115E+004  0.3406120E+003  0.1911704E+003  0.1108716E+002  0.8543168E+003 -0.4249935E+003  0.4293234E+003 -0.2386840E+003
 147.000    27051991  0.2740225E+004  0.7444062E+004  0.3406120E+003  0.1925460E+003  0.1111441E+002  0.8653584E+003 -0.4311903E+003  0.4341681E+003 -0.2422599E+003
 148.000    28051991  0.2740370E+004  0.7443996E+004  0.3406120E+003  0.1940279E+003  0.1115042E+002  0.8769855E+003 -0.4378059E+003  0.4391796E+003 -0.2459215E+003
 149.000    29051991  0.2740781E+004  0.7443910E+004  0.3406120E+003  0.1950994E+003  0.1118217E+002  0.8887509E+003 -0.4448681E+003  0.4438829E+003 -0.2496892E+003
 150.000    30051991  0.2741586E+004  0.7443815E+004  0.3406120E+003  0.1951526E+003  0.1121625E+002  0.8998516E+003 -0.4522105E+003  0.4476411E+003 -0.2534645E+003
 151.000    31051991  0.2743318E+004  0.7443697E+004  0.3406120E+003  0.1949663E+003  0.1124170E+002  0.9110799E+003 -0.4598075E+003  0.4512724E+003 -0.2573430E+003
 152.000    01061991  0.2743679E+004  0.7443556E+004  0.3406120E+003  0.1959150E+003  0.1126996E+002  0.9227652E+003 -0.4666450E+003  0.4561202E+003 -0.2614125E+003
 153.000    02061991  0.2743488E+004  0.7443410E+004  0.3406120E+003  0.1966098E+003  0.1129271E+002  0.9337398E+003 -0.4730319E+003  0.4607079E+003 -0.2655849E+003
 154.000    03061991  0.2743251E+004  0.7443275E+004  0.3406120E+003  0.1983183E+003  0.1131367E+002  0.9456572E+003 -0.4793344E+003  0.4663228E+003 -0.2696434E+003
 155.000    04061991  0.2743501E+004  0.7443138E+004  0.3406120E+003  0.1989842E+003  0.1133900E+002  0.9572071E+003 -0.4862662E+003  0.4709409E+003 -0.2736738E+003
 156.000    05061991  0.2742500E+004  0.7443039E+004  0.3406120E+003  0.2009774E+003  0.1135278E+002  0.9676067E+003 -0.4909672E+003  0.4766395E+003 -0.2773874E+003
 157.000    06061991  0.2741303E+004  0.7443000E+004  0.3406120E+003  0.2034975E+003  0.1136630E+002  0.9777282E+003 -0.4951856E+003  0.4825426E+003 -0.2807436E+003
 158.000    07061991  0.2740147E+004  0.7442993E+004  0.3406120E+003  0.2057564E+003  0.1137979E+002  0.9874230E+003 -0.4994216E+003  0.4880014E+003 -0.2839150E+003
 159.000    08061991  0.2739327E+004  0.7442996E+004  0.3406120E+003  0.2080370E+003  0.1139476E+002  0.9977477E+003 -0.5043131E+003  0.4934347E+003 -0.2870507E+003
 160.000    09061991  0.2738966E+004  0.7442993E+004  0.3406120E+003  0.2097478E+003  0.1141149E+002  0.1008337E+004 -0.5100074E+003  0.4983295E+003 -0.2902148E+003
 161.000    10061991  0.2738887E+004  0.7442976E+004  0.3406120E+003  0.2109446E+003  0.1142838E+002  0.1018959E+004 -0.5161481E+003  0.5028104E+003 -0.2934678E+003
 162.000    11061991  0.2738818E+004  0.7442945E+004  0.3406120E+003  0.2125711E+003  0.1144801E+002  0.1030067E+004 -0.5222627E+003  0.5078042E+003 -0.2967933E+003
 163.000    12061991  0.2738668E+004  0.7442897E+004  0.3406120E+003  0.2126985E+003  0.1146788E+002  0.1039658E+004 -0.5282686E+003  0.5113896E+003 -0.3002035E+003
 164.000    13061991  0.2738832E+004  0.7442837E+004  0.3406120E+003  0.2139911E+003  0.1148640E+002  0.1050851E+004 -0.5346545E+003  0.5161967E+003 -0.3036629E+003
 165.000    14061991  0.2739514E+004  0.7442770E+004  0.3406120E+003  0.2157812E+003  0.1150472E+002  0.1062564E+004 -0.5410196E+003  0.5215447E+003 -0.3071387E+003
 166.000    15061991  0.2739820E+004  0.7442684E+004  0.3406120E+003  0.2167774E+003  0.1153016E+002  0.1073942E+004 -0.5477461E+003  0.5261964E+003 -0.3107195E+003
 167.000    16061991  0.2740464E+004  0.7442577E+004  0.3406120E+003  0.2177501E+003  0.1155426E+002  0.1085900E+004 -0.5549589E+003  0.5309409E+003 -0.3144111E+003
 168.000    17061991  0.2740667E+004  0.7442438E+004  0.3406120E+003  0.2178110E+003  0.1157735E+002  0.1096559E+004 -0.5617062E+003  0.5348527E+003 -0.3183147E+003
 169.000    18061991  0.2740817E+004  0.7442291E+004  0.3406120E+003  0.2176242E+003  0.1159698E+002  0.1106881E+004 -0.5683106E+003  0.5385699E+003 -0.3222380E+003
 170.000    19061991  0.2740273E+004  0.7442115E+004  0.3406120E+003  0.2183728E+003  0.1161595E+002  0.1117959E+004 -0.5747809E+003  0.5431783E+003 -0.3267775E+003
 171.000    20061991  0.2739599E+004  0.7441930E+004  0.3406120E+003  0.2185452E+003  0.1163358E+002  0.1128493E+004 -0.5810176E+003  0.5474759E+003 -0.3312514E+003
 172.000    21061991  0.2739286E+004  0.7441759E+004  0.3406120E+003  0.2194089E+003  0.1164930E+002  0.1140002E+004 -0.5875145E+003  0.5524878E+003 -0.3355071E+003
 173.000    22061991  0.2739258E+004  0.7441580E+004  0.3406120E+003  0.2194271E+003  0.1166642E+002  0.1151094E+004 -0.5944382E+003  0.5566556E+003 -0.3398152E+003
 174.000    23061991  0.2739994E+004  0.7441393E+004  0.3406120E+003  0.2201347E+003  0.1168256E+002  0.1162319E+004 -0.6007630E+003  0.5615558E+003 -0.3441400E+003
 175.000    24061991  0.2738729E+004  0.7441259E+004  0.3406120E+003  0.2219996E+003  0.1169649E+002  0.1172904E+004 -0.6055799E+003  0.5673244E+003 -0.3480959E+003
 176.000    25061991  0.2737805E+004  0.7441166E+004  0.3406120E+003  0.2233594E+003  0.1170889E+002  0.1183171E+004 -0.6107887E+003  0.5723827E+003 -0.3518145E+003
 177.000    26061991  0.2737064E+004  0.7441081E+004  0.3406120E+003  0.2251778E+003  0.1172441E+002  0.1194232E+004 -0.6163451E+003  0.5778868E+003 -0.3555139E+003
 178.000    27061991  0.2736813E+004  0.7440985E+004  0.3406120E+003  0.2265891E+003  0.1174181E+002  0.1205948E+004 -0.6228783E+003  0.5830702E+003 -0.3593019E+003
 179.000    28061991  0.2737047E+004  0.7440858E+004  0.3406120E+003  0.2266294E+003  0.1176232E+002  0.1217236E+004 -0.6301780E+003  0.5870578E+003 -0.3632641E+003
 180.000    29061991  0.2737678E+004  0.7440703E+004  0.3406120E+003  0.2265181E+003  0.1178457E+002  0.1228986E+004 -0.6379227E+003  0.5910635E+003 -0.3673837E+003
 181.000    30061991  0.2738355E+004  0.7440517E+004  0.3406120E+003  0.2257835E+003  0.1180485E+002  0.1240273E+004 -0.6456815E+003  0.5945917E+003 -0.3716397E+003
 182.000    01071991  0.2739706E+004  0.7440310E+004  0.3406120E+003  0.2257082E+003  0.1181683E+002  0.1252257E+004 -0.6533910E+003  0.5988664E+003 -0.3759661E+003
 183.000    02071991  0.2740324E+004  0.7440089E+004  0.3406120E+003  0.2254817E+003  0.1183183E+002  0.1264132E+004 -0.6610898E+003  0.6030419E+003 -0.3803389E+003
 184.000    03071991  0.2740210E+004  0.7439839E+004  0.3406120E+003  0.2253165E+003  0.1184945E+002  0.1275951E+004 -0.6686349E+003  0.6073159E+003 -0.3852967E+003
 185.000    04071991  0.2740286E+004  0.7439581E+004  0.3406120E+003  0.2244209E+003  0.1186474E+002  0.1287077E+004 -0.6761066E+003  0.6109704E+003 -0.3900128E+003
 186.000    05071991  0.2740273E+004  0.7439330E+004  0.3406120E+003  0.2242393E+003  0.1187738E+002  0.1298579E+004 -0.6833314E+003  0.6152481E+003 -0.3946462E+003
 187.000    06071991  0.2740254E+004  0.7439087E+004  0.3406120E+003  0.2240339E+003  0.1188821E+002  0.1310021E+004 -0.6905864E+003  0.6194343E+003 -0.3992255E+003
 188.000    07071991  0.2740767E+004  0.7438843E+004  0.3406120E+003  0.2228268E+003  0.1189866E+002  0.1321206E+004 -0.6985673E+003  0.6226388E+003 -0.4037956E+003
 189.000    08071991  0.2741494E+004  0.7438589E+004  0.3406120E+003  0.2211762E+003  0.1191079E+002  0.1332085E+004 -0.7066281E+003  0.6254571E+003 -0.4083901E+003
 190.000    09071991  0.2741947E+004  0.7438334E+004  0.3406120E+003  0.2203804E+003  0.1192045E+002  0.1343212E+004 -0.7141016E+003  0.6291101E+003 -0.4129340E+003
 191.000    10071991  0.2742312E+004  0.7438080E+004  0.3406120E+003  0.2195305E+003  0.1192916E+002  0.1354145E+004 -0.7214403E+003  0.6327044E+003 -0.4174676E+003
 192.000    11071991  0.2741928E+004  0.7437803E+004  0.3406120E+003  0.2181783E+003  0.1193600E+002  0.1364125E+004 -0.7284028E+003  0.6357222E+003 -0.4224528E+003
 193.000    12071991  0.2741567E+004  0.7437537E+004  0.3406120E+003  0.2189294E+003  0.1194411E+002  0.1376216E+004 -0.7351939E+003  0.6410220E+003 -0.4271875E+003
 194.000    13071991  0.2741914E+004  0.7437265E+004  0.3406120E+003  0.2173533E+003  0.1195255E+002  0.1387032E+004 -0.7429325E+003  0.6440998E+003 -0.4319130E+003
 195.000    14071991  0.2742226E+004  0.7437001E+004  0.3406120E+003  0.2161337E+003  0.1195920E+002  0.1397700E+004 -0.7502885E+003  0.6474114E+003 -0.4365250E+003
 196.000    15071991  0.2742368E+004  0.7436752E+004  0.3406120E+003  0.2158040E+003  0.1196612E+002  0.1408834E+004 -0.7573199E+003  0.6515145E+003 -0.4410381E+003
 197.000    16071991  0.2742335E+004  0.7436504E+004  0.3406120E+003  0.2162070E+003  0.1197168E+002  0.1420544E+004 -0.7642093E+003  0.6563350E+003 -0.4455374E+003
 198.000    17071991  0.2741955E+004  0.7436268E+004  0.3406120E+003  0.2161815E+003  0.1197812E+002  0.1431276E+004 -0.7706324E+003  0.6606432E+003 -0.4499402E+003
 199.000    18071991  0.2741526E+004  0.7436039E+004  0.3406120E+003  0.2163788E+003  0.1198438E+002  0.1442176E+004 -0.7770710E+003  0.6651046E+003 -0.4543475E+003
 200.000    19071991  0.2741076E+004  0.7435790E+004  0.3406120E+003  0.2163965E+003  0.1198944E+002  0.1453309E+004 -0.7838240E+003  0.6694846E+003 -0.4589874E+003
 201.000    20071991  0.2741199E+004  0.7435532E+004  0.3406120E+003  0.2158525E+003  0.1199478E+002  0.1464722E+004 -0.7913020E+003  0.6734198E+003 -0.4636025E+003
 202.000    21071991  0.2741587E+004  0.7435252E+004  0.3406120E+003  0.2150382E+003  0.1199904E+002  0.1476274E+004 -0.7990622E+003  0.6772116E+003 -0.4683114E+003
 203.000    22071991  0.2742384E+004  0.7434954E+004  0.3406120E+003  0.2133023E+003  0.1200521E+002  0.1487465E+004 -0.8072911E+003  0.6801739E+003 -0.4730893E+003
 204.000    23071991  0.2743363E+004  0.7434635E+004  0.3406120E+003  0.2108666E+003  0.1201028E+002  0.1498189E+004 -0.8156613E+003  0.6825277E+003 -0.4779360E+003
 205.000    24071991  0.2744330E+004  0.7434309E+004  0.3406120E+003  0.2088997E+003  0.1201437E+002  0.1509253E+004 -0.8238809E+003  0.6853717E+003 -0.4827729E+003
 206.000    25071991  0.2744729E+004  0.7433980E+004  0.3406120E+003  0.2078276E+003  0.1201729E+002  0.1520476E+004 -0.8313818E+003  0.6890944E+003 -0.4875818E+003
 207.000    26071991  0.2744627E+004  0.7433656E+004  0.3406120E+003  0.2069225E+003  0.1202100E+002  0.1531234E+004 -0.8384807E+003  0.6927532E+003 -0.4925175E+003
 208.000    27071991  0.2743721E+004  0.7433325E+004  0.3406120E+003  0.2063938E+003  0.1202421E+002  0.1541786E+004 -0.8448952E+003  0.6968907E+003 -0.4976741E+003
 209.000    28071991  0.2742620E+004  0.7433035E+004  0.3406120E+003  0.2063423E+003  0.1202718E+002  0.1552217E+004 -0.8506808E+003  0.7015362E+003 -0.5024386E+003
 210.000    29071991  0.2741167E+004  0.7432789E+004  0.3406120E+003  0.2068357E+003  0.1203012E+002  0.1562362E+004 -0.8559537E+003  0.7064081E+003 -0.5070287E+003
 211.000    30071991  0.2739921E+004  0.7432559E+004  0.3406120E+003  0.2071678E+003  0.1203359E+002  0.1572712E+004 -0.8616502E+003  0.7110620E+003 -0.5115657E+003
 212.000    31071991  0.2739914E+004  0.7432339E+004  0.3406120E+003  0.2075809E+003  0.1203049E+002  0.1583895E+004 -0.8680569E+003  0.7158384E+003 -0.5159529E+003
 213.000    01081991  0.2739453E+004  0.7432101E+004  0.3406120E+003  0.2076254E+003  0.1203444E+002  0.1595063E+004 -0.8747491E+003  0.7203135E+003 -0.5204306E+003
 214.000    02081991  0.2738904E+004  0.7431856E+004  0.3406120E+003  0.2072196E+003  0.1203809E+002  0.1605556E+004 -0.8812453E+003  0.7243107E+003 -0.5249276E+003
 215.000    03081991  0.2738446E+004  0.7431614E+004  0.3406120E+003  0.2072086E+003  0.1204158E+002  0.1616486E+004 -0.8878457E+003  0.7286402E+003 -0.5293901E+003
 216.000    04081991  0.2738692E+004  0.7431351E+004  0.3406120E+003  0.2059456E+003  0.1204495E+002  0.1627212E+004 -0.8953381E+003  0.7318735E+003 -0.5340032E+003
 217.000    05081991  0.2738688E+004  0.7431070E+004  0.3406120E+003  0.2051368E+003  0.1204709E+002  0.1637942E+004 -0.9023269E+003  0.7356146E+003 -0.5386610E+003
 218.000    06081991  0.2738689E+004  0.7430792E+004  0.3406120E+003  0.2041168E+003  0.1205017E+002  0.1648397E+004 -0.9092647E+003  0.7391327E+003 -0.5432731E+003
 219.000    07081991  0.2738727E+004  0.7430504E+004  0.3406120E+003  0.2035348E+003  0.1205331E+002  0.1659430E+004 -0.9162965E+003  0.7431331E+003 -0.5479293E+003
 220.000    08081991  0.2738837E+004  0.7430210E+004  0.3406120E+003  0.2024705E+003  0.1205542E+002  0.1670038E+004 -0.9233740E+003  0.7466636E+003 -0.5525823E+003
 221.000    09081991  0.2738775E+004  0.7429909E+004  0.3406120E+003  0.2017604E+003  0.1205733E+002  0.1680811E+004 -0.9302564E+003  0.7505550E+003 -0.5572845E+003
 222.000    10081991  0.2738424E+004  0.7429601E+004  0.3406120E+003  0.2014341E+003  0.1205820E+002  0.1691808E+004 -0.9370176E+003  0.7547907E+003 -0.5621209E+003
 223.000    11081991  0.2738276E+004  0.7429299E+004  0.3406120E+003  0.2002120E+003  0.1205944E+002  0.1702064E+004 -0.9438426E+003  0.7582219E+003 -0.5668442E+003
 224.000    12081991  0.2737582E+004  0.7429029E+004  0.3406120E+003  0.1997878E+003  0.1205982E+002  0.1711971E+004 -0.9497099E+003  0.7622614E+003 -0.5713568E+003
 225.000    13081991  0.2736792E+004  0.7428777E+004  0.3406120E+003  0.2000005E+003  0.1206015E+002  0.1722373E+004 -0.9555148E+003  0.7668577E+003 -0.5757866E+003
 226.000    14081991  0.2735739E+004  0.7428536E+004  0.3406120E+003  0.2009426E+003  0.1206029E+002  0.1733257E+004 -0.9613257E+003  0.7719316E+003 -0.5803536E+003
 227.000    15081991  0.2734676E+004  0.7428284E+004  0.3406120E+003  0.2008469E+003  0.1205993E+002  0.1743766E+004 -0.9673998E+003  0.7763657E+003 -0.5850369E+003
 228.000    16081991  0.2734132E+004  0.7428058E+004  0.3406120E+003  0.2003121E+003  0.1205946E+002  0.1753870E+004 -0.9736916E+003  0.7801781E+003 -0.5893857E+003
 229.000    17081991  0.2733933E+004  0.7427832E+004  0.3406120E+003  0.1996406E+003  0.1205915E+002  0.1764168E+004 -0.9803660E+003  0.7838016E+003 -0.5937283E+003
 230.000    18081991  0.2733877E+004  0.7427591E+004  0.3406120E+003  0.1991443E+003  0.1205791E+002  0.1774882E+004 -0.9872193E+003  0.7876632E+003 -0.5981571E+003
 231.000    19081991  0.2733666E+004  0.7427343E+004  0.3406120E+003  0.1989747E+003  0.1205606E+002  0.1785702E+004 -0.9938398E+003  0.7918618E+003 -0.6025957E+003
 232.000    20081991  0.2733334E+004  0.7427084E+004  0.3406120E+003  0.1976616E+003  0.1205333E+002  0.1795267E+004 -0.1000299E+004  0.7949679E+003 -0.6070760E+003
 233.000    21081991  0.2732702E+004  0.7426854E+004  0.3406120E+003  0.1973837E+003  0.1205029E+002  0.1804970E+004 -0.1006034E+004  0.7989357E+003 -0.6113310E+003
 234.000    22081991  0.2732266E+004  0.7426661E+004  0.3406120E+003  0.1972595E+003  0.1204831E+002  0.1814751E+004 -0.1011878E+004  0.8028735E+003 -0.6153614E+003
 235.000    23081991  0.2732059E+004  0.7426465E+004  0.3406120E+003  0.1970066E+003  0.1204650E+002  0.1824888E+004 -0.1018162E+004  0.8067268E+003 -0.6194360E+003
 236.000    24081991  0.2731789E+004  0.7426255E+004  0.3406120E+003  0.1970489E+003  0.1204396E+002  0.1835436E+004 -0.1024477E+004  0.8109594E+003 -0.6235917E+003
 237.000    25081991  0.2731145E+004  0.7426040E+004  0.3406120E+003  0.1969397E+003  0.1204093E+002  0.1845344E+004 -0.1030282E+004  0.8150619E+003 -0.6277598E+003
 238.000    26081991  0.2730055E+004  0.7425845E+004  0.3406120E+003  0.1957941E+003  0.1203815E+002  0.1853283E+004 -0.1035292E+004  0.8179904E+003 -0.6317781E+003
 239.000    27081991  0.2728996E+004  0.7425664E+004  0.3406120E+003  0.1962751E+003  0.1203486E+002  0.1862865E+004 -0.1040471E+004  0.8223933E+003 -0.6357950E+003
 240.000    28081991  0.2728095E+004  0.7425468E+004  0.3406120E+003  0.1963599E+003  0.1202960E+002  0.1872697E+004 -0.1046224E+004  0.8264727E+003 -0.6399939E+003
 241.000    29081991  0.2727778E+004  0.7425248E+004  0.3406120E+003  0.1958846E+003  0.1202272E+002  0.1883152E+004 -0.1052942E+004  0.8302105E+003 -0.6443473E+003
 242.000    30081991  0.2728017E+004  0.7424997E+004  0.3406120E+003  0.1940167E+003  0.1201478E+002  0.1893135E+004 -0.1060315E+004  0.8328193E+003 -0.6488462E+003
 243.000    31081991  0.2728935E+004  0.7424736E+004  0.3406120E+003  0.1922679E+003  0.1200023E+002  0.1903100E+004 -0.1067483E+004  0.8356165E+003 -0.6533518E+003
 244.000    01091991  0.2728735E+004  0.7424464E+004  0.3406120E+003  0.1915055E+003  0.1199250E+002  0.1913332E+004 -0.1073898E+004  0.8394332E+003 -0.6578630E+003
 245.000    02091991  0.2727729E+004  0.7424260E+004  0.3406120E+003  0.1915808E+003  0.1198688E+002  0.1922582E+004 -0.1078887E+004  0.8436951E+003 -0.6619063E+003
 246.000    03091991  0.2726992E+004  0.7424084E+004  0.3406120E+003  0.1909991E+003  0.1198040E+002  0.1931441E+004 -0.1084268E+004  0.8471732E+003 -0.6658228E+003
 247.000    04091991  0.2726608E+004  0.7423915E+004  0.3406120E+003  0.1904884E+003  0.1197369E+002  0.1940876E+004 -0.1090175E+004  0.8507009E+003 -0.6697065E+003
 248.000    05091991  0.2726408E+004  0.7423729E+004  0.3406120E+003  0.1901453E+003  0.1196503E+002  0.1950934E+004 -0.1096420E+004  0.8545142E+003 -0.6737099E+003
 249.000    06091991  0.2726198E+004  0.7423522E+004  0.3406120E+003  0.1892002E+003  0.1195384E+002  0.1960579E+004 -0.1102753E+004  0.8578252E+003 -0.6778309E+003
 250.000    07091991  0.2725694E+004  0.7423307E+004  0.3406120E+003  0.1878446E+003  0.1194293E+002  0.1969368E+004 -0.1108614E+004  0.8607540E+003 -0.6819612E+003
 251.000    08091991  0.2725203E+004  0.7423124E+004  0.3406120E+003  0.1873528E+003  0.1193323E+002  0.1978563E+004 -0.1114193E+004  0.8643700E+003 -0.6858611E+003
 252.000    09091991  0.2724724E+004  0.7422969E+004  0.3406120E+003  0.1867731E+003  0.1192365E+002  0.1987347E+004 -0.1119591E+004  0.8677561E+003 -0.6895842E+003
 253.000    10091991  0.2724481E+004  0.7422825E+004  0.3406120E+003  0.1861044E+003  0.1191401E+002  0.1996354E+004 -0.1125343E+004  0.8710113E+003 -0.6932626E+003
 254.000    11091991  0.2724628E+004  0.7422659E+004  0.3406120E+003  0.1849140E+003  0.1190165E+002  0.2005656E+004 -0.1131772E+004  0.8738845E+003 -0.6970948E+003
 255.000    12091991  0.2724834E+004  0.7422471E+004  0.3406120E+003  0.1835951E+003  0.1188626E+002  0.2014956E+004 -0.1138219E+004  0.8767366E+003 -0.7010189E+003
 256.000    13091991  0.2724635E+004  0.7422291E+004  0.3406120E+003  0.1826956E+003  0.1187205E+002  0.2023930E+004 -0.1143994E+004  0.8799363E+003 -0.7048466E+003
 257.000    14091991  0.2725042E+004  0.7422111E+004  0.3406120E+003  0.1809771E+003  0.1185482E+002  0.2033011E+004 -0.1150689E+004  0.8823223E+003 -0.7086864E+003
 258.000    15091991  0.2725880E+004  0.7421893E+004  0.3406120E+003  0.1790104E+003  0.1183544E+002  0.2042547E+004 -0.1157901E+004  0.8846453E+003 -0.7127083E+003
 259.000    16091991  0.2726688E+004  0.7421660E+004  0.3406120E+003  0.1771154E+003  0.1181590E+002  0.2052138E+004 -0.1165045E+004  0.8870927E+003 -0.7167678E+003
 260.000    17091991  0.2727503E+004  0.7421418E+004  0.3406120E+003  0.1750251E+003  0.1179297E+002  0.2061515E+004 -0.1172153E+004  0.8893625E+003 -0.7208328E+003
 261.000    18091991  0.2728026E+004  0.7421175E+004  0.3406120E+003  0.1734614E+003  0.1177161E+002  0.2070886E+004 -0.1178762E+004  0.8921240E+003 -0.7248537E+003
 262.000    19091991  0.2728066E+004  0.7420942E+004  0.3406120E+003  0.1729917E+003  0.1175239E+002  0.2080779E+004 -0.1184903E+004  0.8958764E+003 -0.7288781E+003
 263.000    20091991  0.2725919E+004  0.7420714E+004  0.3406120E+003  0.1716053E+003  0.1174090E+002  0.2086827E+004 -0.1188511E+004  0.8983158E+003 -0.7332893E+003
 264.000    21091991  0.2724124E+004  0.7420607E+004  0.3406120E+003  0.1719548E+003  0.1173215E+002  0.2093696E+004 -0.1191523E+004  0.9021731E+003 -0.7367258E+003
 265.000    22091991  0.2722671E+004  0.7420537E+004  0.3406120E+003  0.1723385E+003  0.1172516E+002  0.2101142E+004 -0.1195144E+004  0.9059984E+003 -0.7399933E+003
 266.000    23091991  0.2721679E+004  0.7420458E+004  0.3406120E+003  0.1729316E+003  0.1171498E+002  0.2110030E+004 -0.1199863E+004  0.9101663E+003 -0.7433701E+003
 267.000    24091991  0.2719992E+004  0.7420355E+004  0.3406120E+003  0.1714190E+003  0.1170435E+002  0.2116403E+004 -0.1204219E+004  0.9121845E+003 -0.7472312E+003
 268.000    25091991  0.2718173E+004  0.7420244E+004  0.3406120E+003  0.1715241E+003  0.1169271E+002  0.2124831E+004 -0.1208750E+004  0.9160811E+003 -0.7512927E+003
 269.000    26091991  0.2716582E+004  0.7420133E+004  0.3406120E+003  0.1709608E+003  0.1168101E+002  0.2132671E+004 -0.1213205E+004  0.9194658E+003 -0.7551233E+003
 270.000    27091991  0.2714864E+004  0.7420079E+004  0.3406120E+003  0.1713421E+003  0.1167431E+002  0.2139750E+004 -0.1216588E+004  0.9231619E+003 -0.7584173E+003
 271.000    28091991  0.2713261E+004  0.7420070E+004  0.3406120E+003  0.1717849E+003  0.1166820E+002  0.2146486E+004 -0.1219836E+004  0.9266504E+003 -0.7614280E+003
 272.000    29091991  0.2711955E+004  0.7420078E+004  0.3406120E+003  0.1723003E+003  0.1166112E+002  0.2153694E+004 -0.1223618E+004  0.9300760E+003 -0.7643534E+003
 273.000    30091991  0.2710973E+004  0.7420077E+004  0.3406120E+003  0.1724891E+003  0.1165194E+002  0.2161377E+004 -0.1228153E+004  0.9332243E+003 -0.7673735E+003
 274.000    01101991  0.2710703E+004  0.7420064E+004  0.3406120E+003  0.1727817E+003  0.1163575E+002  0.2169424E+004 -0.1232864E+004  0.9365604E+003 -0.7704908E+003
 275.000    02101991  0.2709767E+004  0.7420037E+004  0.3406120E+003  0.1736170E+003  0.1162391E+002  0.2178171E+004 -0.1237647E+004  0.9405236E+003 -0.7737185E+003
 276.000    03101991  0.2708590E+004  0.7419986E+004  0.3406120E+003  0.1732476E+003  0.1161075E+002  0.2185751E+004 -0.1242427E+004  0.9433241E+003 -0.7772141E+003
 277.000    04101991  0.2707690E+004  0.7419941E+004  0.3406120E+003  0.1732344E+003  0.1159708E+002  0.2193958E+004 -0.1247398E+004  0.9465602E+003 -0.7805855E+003
 278.000    05101991  0.2706827E+004  0.7419886E+004  0.3406120E+003  0.1734362E+003  0.1158309E+002  0.2202498E+004 -0.1252405E+004  0.9500932E+003 -0.7840198E+003
 279.000    06101991  0.2705706E+004  0.7419814E+004  0.3406120E+003  0.1730082E+003  0.1156877E+002  0.2210175E+004 -0.1257109E+004  0.9530663E+003 -0.7875966E+003
 280.000    07101991  0.2703933E+004  0.7419832E+004  0.3406120E+003  0.1726175E+003  0.1155115E+002  0.2214752E+004 -0.1259297E+004  0.9554547E+003 -0.7903732E+003
 281.000    08101991  0.2702560E+004  0.7419913E+004  0.3406120E+003  0.1731879E+003  0.1153688E+002  0.2220068E+004 -0.1261665E+004  0.9584028E+003 -0.7927190E+003
 282.000    09101991  0.2701440E+004  0.7420008E+004  0.3406120E+003  0.1739717E+003  0.1152699E+002  0.2226142E+004 -0.1264659E+004  0.9614832E+003 -0.7950031E+003
 283.000    10101991  0.2700566E+004  0.7420078E+004  0.3406120E+003  0.1744762E+003  0.1151846E+002  0.2233333E+004 -0.1268797E+004  0.9645360E+003 -0.7975770E+003
 284.000    11101991  0.2699559E+004  0.7420132E+004  0.3406120E+003  0.1747649E+003  0.1151009E+002  0.2240235E+004 -0.1272756E+004  0.9674796E+003 -0.8002526E+003
 285.000    12101991  0.2698526E+004  0.7420191E+004  0.3406120E+003  0.1750832E+003  0.1150256E+002  0.2246952E+004 -0.1276523E+004  0.9704289E+003 -0.8028705E+003
 286.000    13101991  0.2697319E+004  0.7420272E+004  0.3406120E+003  0.1758671E+003  0.1149649E+002  0.2253311E+004 -0.1279631E+004  0.9736799E+003 -0.8052847E+003
 287.000    14101991  0.2696230E+004  0.7420373E+004  0.3406120E+003  0.1763361E+003  0.1148957E+002  0.2259239E+004 -0.1282759E+004  0.9764800E+003 -0.8075474E+003
 288.000    15101991  0.2695236E+004  0.7420462E+004  0.3406120E+003  0.1769206E+003  0.1148187E+002  0.2266028E+004 -0.1286486E+004  0.9795420E+003 -0.8099843E+003
 289.000    16101991  0.2693884E+004  0.7420528E+004  0.3406120E+003  0.1766073E+003  0.1147468E+002  0.2271548E+004 -0.1289809E+004  0.9817393E+003 -0.8126259E+003
 290.000    17101991  0.2692409E+004  0.7420640E+004  0.3406120E+003  0.1774415E+003  0.1146911E+002  0.2276820E+004 -0.1292189E+004  0.9846311E+003 -0.8148684E+003
 291.000    18101991  0.2691390E+004  0.7420772E+004  0.3406120E+003  0.1776225E+003  0.1146057E+002  0.2282129E+004 -0.1295223E+004  0.9869061E+003 -0.8169662E+003
 292.000    19101991  0.2690596E+004  0.7420895E+004  0.3406120E+003  0.1776154E+003  0.1145475E+002  0.2288103E+004 -0.1298983E+004  0.9891199E+003 -0.8192000E+003
 293.000    20101991  0.2689382E+004  0.7421003E+004  0.3406120E+003  0.1777163E+003  0.1144936E+002  0.2293567E+004 -0.1302018E+004  0.9915498E+003 -0.8215379E+003
 294.000    21101991  0.2688166E+004  0.7421141E+004  0.3406120E+003  0.1786250E+003  0.1144366E+002  0.2299143E+004 -0.1304585E+004  0.9945584E+003 -0.8235975E+003
 295.000    22101991  0.2687474E+004  0.7421269E+004  0.3406120E+003  0.1789488E+003  0.1143617E+002  0.2305611E+004 -0.1308478E+004  0.9971326E+003 -0.8258215E+003
 296.000    23101991  0.2686928E+004  0.7421365E+004  0.3406120E+003  0.1787035E+003  0.1142714E+002  0.2312432E+004 -0.1313020E+004  0.9994117E+003 -0.8283337E+003
 297.000    24101991  0.2686346E+004  0.7421438E+004  0.3406120E+003  0.1784161E+003  0.1141694E+002  0.2319427E+004 -0.1317573E+004  0.1001854E+004 -0.8310328E+003
 298.000    25101991  0.2685693E+004  0.7421500E+004  0.3406120E+003  0.1782374E+003  0.1140587E+002  0.2326506E+004 -0.1322005E+004  0.1004501E+004 -0.8337984E+003
 299.000    26101991  0.2685088E+004  0.7421549E+004  0.3406120E+003  0.1778669E+003  0.1139582E+002  0.2333623E+004 -0.1326565E+004  0.1007059E+004 -0.8366540E+003
 300.000    27101991  0.2684539E+004  0.7421588E+004  0.3406120E+003  0.1774201E+003  0.1138598E+002  0.2340817E+004 -0.1331200E+004  0.1009616E+004 -0.8395740E+003
 301.000    28101991  0.2683877E+004  0.7421625E+004  0.3406120E+003  0.1769920E+003  0.1137604E+002  0.2347793E+004 -0.1335582E+004  0.1012210E+004 -0.8424831E+003
 302.000    29101991  0.2682586E+004  0.7421690E+004  0.3406120E+003  0.1764663E+003  0.1136658E+002  0.2352971E+004 -0.1338491E+004  0.1014480E+004 -0.8451198E+003
 303.000    30101991  0.2681467E+004  0.7421823E+004  0.3406120E+003  0.1759692E+003  0.1134888E+002  0.2356856E+004 -0.1340635E+004  0.1016222E+004 -0.8471604E+003
 304.000    31101991  0.2681148E+004  0.7421975E+004  0.3406120E+003  0.1762867E+003  0.1133652E+002  0.2361887E+004 -0.1343201E+004  0.1018686E+004 -0.8491172E+003
 305.000    01111991  0.2680260E+004  0.7422128E+004  0.3406120E+003  0.1764943E+003  0.1133007E+002  0.2367030E+004 -0.1346005E+004  0.1021025E+004 -0.8510729E+003
 306.000    02111991  0.2679607E+004  0.7422257E+004  0.3406120E+003  0.1767282E+003  0.1132341E+002  0.2373444E+004 -0.1349820E+004  0.1023624E+004 -0.8533012E+003
 307.000    03111991  0.2678481E+004  0.7422393E+004  0.3406120E+003  0.1765370E+003  0.1131474E+002  0.2377996E+004 -0.1352317E+004  0.1025679E+004 -0.8553717E+003
 308.000    04111991  0.2677367E+004  0.7422569E+004  0.3406120E+003  0.1765313E+003  0.1130043E+002  0.2381691E+004 -0.1354095E+004  0.1027595E+004 -0.8570934E+003
 309.000    05111991  0.2676412E+004  0.7422777E+004  0.3406120E+003  0.1762688E+003  0.1128081E+002  0.2384632E+004 -0.1355610E+004  0.1029022E+004 -0.8585648E+003
 310.000    06111991  0.2675831E+004  0.7423025E+004  0.3406120E+003  0.1758983E+003  0.1125345E+002  0.2387238E+004 -0.1357188E+004  0.1030050E+004 -0.8597310E+003
 311.000    07111991  0.2675234E+004  0.7423266E+004  0.3406120E+003  0.1760485E+003  0.1123537E+002  0.2390773E+004 -0.1359128E+004  0.1031645E+004 -0.8609753E+003
 312.000    08111991  0.2674359E+004  0.7423493E+004  0.3406120E+003  0.1757411E+003  0.1122180E+002  0.2393563E+004 -0.1360716E+004  0.1032847E+004 -0.8623040E+003
 313.000    09111991  0.2673779E+004  0.7423739E+004  0.3406120E+003  0.1746533E+003  0.1119361E+002  0.2395087E+004 -0.1362031E+004  0.1033056E+004 -0.8634700E+003
 314.000    10111991  0.2673098E+004  0.7423992E+004  0.3406120E+003  0.1748038E+003  0.1118373E+002  0.2397593E+004 -0.1363412E+004  0.1034182E+004 -0.8646660E+003
 315.000    11111991  0.2672348E+004  0.7424235E+004  0.3406120E+003  0.1751739E+003  0.1117710E+002  0.2400806E+004 -0.1365057E+004  0.1035750E+004 -0.8659284E+003
 316.000    12111991  0.2671754E+004  0.7424483E+004  0.3406120E+003  0.1751773E+003  0.1116736E+002  0.2403735E+004 -0.1366760E+004  0.1036975E+004 -0.8671143E+003
 317.000    13111991  0.2671143E+004  0.7424729E+004  0.3406120E+003  0.1751973E+003  0.1115998E+002  0.2406804E+004 -0.1368598E+004  0.1038206E+004 -0.8683182E+003
 318.000    14111991  0.2670626E+004  0.7424971E+004  0.3406120E+003  0.1752529E+003  0.1115291E+002  0.2410274E+004 -0.1370762E+004  0.1039511E+004 -0.8695470E+003
 319.000    15111991  0.2670154E+004  0.7425187E+004  0.3406120E+003  0.1755785E+003  0.1114963E+002  0.2415180E+004 -0.1373859E+004  0.1041320E+004 -0.8710224E+003
 320.000    16111991  0.2669704E+004  0.7425385E+004  0.3406120E+003  0.1754144E+003  0.1114532E+002  0.2420073E+004 -0.1377258E+004  0.1042815E+004 -0.8726596E+003
 321.000    17111991  0.2669015E+004  0.7425557E+004  0.3406120E+003  0.1747713E+003  0.1114091E+002  0.2424476E+004 -0.1380421E+004  0.1044054E+004 -0.8745115E+003
 322.000    18111991  0.2668320E+004  0.7425776E+004  0.3406120E+003  0.1745870E+003  0.1112984E+002  0.2427655E+004 -0.1382278E+004  0.1045377E+004 -0.8758925E+003
 323.000    19111991  0.2667908E+004  0.7425978E+004  0.3406120E+003  0.1744164E+003  0.1112595E+002  0.2432386E+004 -0.1385502E+004  0.1046884E+004 -0.8774803E+003
 324.000    20111991  0.2667758E+004  0.7426140E+004  0.3406120E+003  0.1740918E+003  0.1112014E+002  0.2438221E+004 -0.1389621E+004  0.1048600E+004 -0.8794565E+003
 325.000    21111991  0.2669833E+004  0.7426267E+004  0.3406120E+003  0.1728964E+003  0.1111253E+002  0.2443702E+004 -0.1393949E+004  0.1049753E+004 -0.8817401E+003
 326.000    22111991  0.2671626E+004  0.7426371E+004  0.3406120E+003  0.1722453E+003  0.1110384E+002  0.2449788E+004 -0.1398153E+004  0.1051635E+004 -0.8842073E+003
 327.000    23111991  0.2672794E+004  0.7426492E+004  0.3406120E+003  0.1718610E+003  0.1109580E+002  0.2454770E+004 -0.1401151E+004  0.1053620E+004 -0.8864454E+003
 328.000    24111991  0.2673702E+004  0.7426641E+004  0.3406120E+003  0.1716213E+003  0.1109086E+002  0.2459076E+004 -0.1403556E+004  0.1055520E+004 -0.8884293E+003
 329.000    25111991  0.2674736E+004  0.7426859E+004  0.3406120E+003  0.1704929E+003  0.1107564E+002  0.2460826E+004 -0.1404872E+004  0.1055955E+004 -0.8897687E+003
 330.000    26111991  0.2675970E+004  0.7427125E+004  0.3406120E+003  0.1694670E+003  0.1105824E+002  0.2462132E+004 -0.1405995E+004  0.1056138E+004 -0.8907188E+003
 331.000    27111991  0.2677275E+004  0.7427408E+004  0.3406120E+003  0.1688458E+003  0.1104339E+002  0.2463539E+004 -0.1407088E+004  0.1056451E+004 -0.8914747E+003
 332.000    28111991  0.2678689E+004  0.7427695E+004  0.3406120E+003  0.1690268E+003  0.1103099E+002  0.2466183E+004 -0.1408589E+004  0.1057594E+004 -0.8921784E+003
 333.000    29111991  0.2680097E+004  0.7427972E+004  0.3406120E+003  0.1695517E+003  0.1102367E+002  0.2469898E+004 -0.1410790E+004  0.1059108E+004 -0.8930112E+003
 334.000    30111991  0.2681331E+004  0.7428187E+004  0.3406120E+003  0.1697313E+003  0.1101986E+002  0.2475158E+004 -0.1414306E+004  0.1060852E+004 -0.8944741E+003
 335.000    01121991  0.2683108E+004  0.7428352E+004  0.3406120E+003  0.1687536E+003  0.1100640E+002  0.2480294E+004 -0.1418429E+004  0.1061865E+004 -0.8964042E+003
 336.000    02121991  0.2684160E+004  0.7428478E+004  0.3406120E+003  0.1673232E+003  0.1099632E+002  0.2485573E+004 -0.1422830E+004  0.1062743E+004 -0.8986812E+003
 337.000    03121991  0.2684644E+004  0.7428580E+004  0.3406120E+003  0.1663237E+003  0.1098722E+002  0.2490727E+004 -0.1426551E+004  0.1064176E+004 -0.9011624E+003
 338.000    04121991  0.2684543E+004  0.7428724E+004  0.3406120E+003  0.1647119E+003  0.1097309E+002  0.2493046E+004 -0.1428466E+004  0.1064580E+004 -0.9031462E+003
 339.000    05121991  0.2684941E+004  0.7428978E+004  0.3406120E+003  0.1634216E+003  0.1095451E+002  0.2493963E+004 -0.1429490E+004  0.1064473E+004 -0.9041353E+003
 340.000    06121991  0.2685537E+004  0.7429261E+004  0.3406120E+003  0.1634665E+003  0.1094021E+002  0.2495868E+004 -0.1430664E+004  0.1065204E+004 -0.9048794E+003
 341.000    07121991  0.2686256E+004  0.7429546E+004  0.3406120E+003  0.1637791E+003  0.1092861E+002  0.2498662E+004 -0.1432121E+004  0.1066540E+004 -0.9055755E+003
 342.000    08121991  0.2686900E+004  0.7429821E+004  0.3406120E+003  0.1643018E+003  0.1092003E+002  0.2501999E+004 -0.1433941E+004  0.1068058E+004 -0.9064135E+003
 343.000    09121991  0.2687103E+004  0.7430052E+004  0.3406120E+003  0.1650452E+003  0.1091685E+002  0.2506358E+004 -0.1436179E+004  0.1070179E+004 -0.9076884E+003
 344.000    10121991  0.2687150E+004  0.7430252E+004  0.3406120E+003  0.1649580E+003  0.1091303E+002  0.2510414E+004 -0.1438726E+004  0.1071688E+004 -0.9092281E+003
 345.000    11121991  0.2687129E+004  0.7430480E+004  0.3406120E+003  0.1649600E+003  0.1090443E+002  0.2513405E+004 -0.1440371E+004  0.1073034E+004 -0.9104592E+003
 346.000    12121991  0.2687151E+004  0.7430707E+004  0.3406120E+003  0.1656885E+003  0.1089898E+002  0.2517570E+004 -0.1442452E+004  0.1075118E+004 -0.9117150E+003
 347.000    13121991  0.2687333E+004  0.7430910E+004  0.3406120E+003  0.1658597E+003  0.1089501E+002  0.2522459E+004 -0.1445583E+004  0.1076877E+004 -0.9132290E+003
 348.000    14121991  0.2687442E+004  0.7431077E+004  0.3406120E+003  0.1649791E+003  0.1089062E+002  0.2527008E+004 -0.1449114E+004  0.1077894E+004 -0.9150776E+003
 349.000    15121991  0.2687169E+004  0.7431281E+004  0.3406120E+003  0.1634764E+003  0.1087727E+002  0.2528626E+004 -0.1450688E+004  0.1077938E+004 -0.9164818E+003
 350.000    16121991  0.2687282E+004  0.7431546E+004  0.3406120E+003  0.1623855E+003  0.1085935E+002  0.2529657E+004 -0.1451748E+004  0.1077909E+004 -0.9173186E+003
 351.000    17121991  0.2687524E+004  0.7431829E+004  0.3406120E+003  0.1620681E+003  0.1084566E+002  0.2531248E+004 -0.1452881E+004  0.1078367E+004 -0.9179593E+003
 352.000    18121991  0.2687813E+004  0.7432113E+004  0.3406120E+003  0.1620197E+003  0.1083266E+002  0.2533207E+004 -0.1454047E+004  0.1079160E+004 -0.9185562E+003
 353.000    19121991  0.2688067E+004  0.7432397E+004  0.3406120E+003  0.1570226E+003  0.1081632E+002  0.2533705E+004 -0.1454969E+004  0.1078736E+004 -0.9191102E+003
 354.000    20121991  0.2688321E+004  0.7432684E+004  0.3406120E+003  0.1563223E+003  0.1080428E+002  0.2534511E+004 -0.1455854E+004  0.1078657E+004 -0.9195694E+003
 355.000    21121991  0.2688678E+004  0.7432964E+004  0.3406120E+003  0.1578079E+003  0.1079366E+002  0.2537242E+004 -0.1457038E+004  0.1080204E+004 -0.9200262E+003
 356.000    22121991  0.2689060E+004  0.7433242E+004  0.3406120E+003  0.1588136E+003  0.1078337E+002  0.2539432E+004 -0.1458358E+004  0.1081074E+004 -0.9204798E+003
 357.000    23121991  0.2689490E+004  0.7433518E+004  0.3406120E+003  0.1606189E+003  0.1077605E+002  0.2542746E+004 -0.1459928E+004  0.1082819E+004 -0.9209227E+003
 358.000    24121991  0.2689906E+004  0.7433791E+004  0.3406120E+003  0.1609288E+003  0.1077450E+002  0.2546585E+004 -0.1462073E+004  0.1084512E+004 -0.9214769E+003
 359.000    25121991  0.2689981E+004  0.7434056E+004  0.3406120E+003  0.1604220E+003  0.1076019E+002  0.2548451E+004 -0.1463256E+004  0.1085195E+004 -0.9221234E+003
 360.000    26121991  0.2690145E+004  0.7434324E+004  0.3406120E+003  0.1601510E+003  0.1074795E+002  0.2550249E+004 -0.1464399E+004  0.1085849E+004 -0.9226699E+003
 361.000    27121991  0.2690246E+004  0.7434589E+004  0.3406120E+003  0.1597027E+003  0.1073599E+002  0.2551656E+004 -0.1465528E+004  0.1086128E+004 -0.9232761E+003
 362.000    28121991  0.2690299E+004  0.7434850E+004  0.3406120E+003  0.1596860E+003  0.1072343E+002  0.2553525E+004 -0.1466643E+004  0.1086882E+004 -0.9239147E+003
 363.000    29121991  0.2690161E+004  0.7435095E+004  0.3406120E+003  0.1605869E+003  0.1072238E+002  0.2557267E+004 -0.1468530E+004  0.1088738E+004 -0.9247989E+003
 364.000    30121991  0.2689861E+004  0.7435330E+004  0.3406120E+003  0.1605804E+003  0.1071689E+002  0.2559982E+004 -0.1470187E+004  0.1089796E+004 -0.9257834E+003
 365.000    31121991  0.2690093E+004  0.7435575E+004  0.3406120E+003  0.1605209E+003  0.1070229E+002  0.2562124E+004 -0.1471459E+004  0.1090665E+004 -0.9266381E+003
