    DOY     DATE    WTR_STRESS      
   1.000    01012000  0.0000000E+000
   2.000    02012000  0.0000000E+000
   3.000    03012000  0.0000000E+000
   4.000    04012000  0.0000000E+000
   5.000    05012000  0.0000000E+000
   6.000    06012000  0.0000000E+000
   7.000    07012000  0.0000000E+000
   8.000    08012000  0.0000000E+000
   9.000    09012000  0.0000000E+000
  10.000    10012000  0.0000000E+000
  11.000    11012000  0.0000000E+000
  12.000    12012000  0.0000000E+000
  13.000    13012000  0.0000000E+000
  14.000    14012000  0.0000000E+000
  15.000    15012000  0.0000000E+000
  16.000    16012000  0.0000000E+000
  17.000    17012000  0.0000000E+000
  18.000    18012000  0.0000000E+000
  19.000    19012000  0.0000000E+000
  20.000    20012000  0.0000000E+000
  21.000    21012000  0.0000000E+000
  22.000    22012000  0.0000000E+000
  23.000    23012000  0.0000000E+000
  24.000    24012000  0.0000000E+000
  25.000    25012000  0.0000000E+000
  26.000    26012000  0.0000000E+000
  27.000    27012000  0.0000000E+000
  28.000    28012000  0.0000000E+000
  29.000    29012000  0.0000000E+000
  30.000    30012000  0.0000000E+000
  31.000    31012000  0.0000000E+000
  32.000    01022000  0.0000000E+000
  33.000    02022000  0.0000000E+000
  34.000    03022000  0.0000000E+000
  35.000    04022000  0.0000000E+000
  36.000    05022000  0.0000000E+000
  37.000    06022000  0.0000000E+000
  38.000    07022000  0.0000000E+000
  39.000    08022000  0.0000000E+000
  40.000    09022000  0.0000000E+000
  41.000    10022000  0.0000000E+000
  42.000    11022000  0.0000000E+000
  43.000    12022000  0.0000000E+000
  44.000    13022000  0.0000000E+000
  45.000    14022000  0.0000000E+000
  46.000    15022000  0.0000000E+000
  47.000    16022000  0.0000000E+000
  48.000    17022000  0.0000000E+000
  49.000    18022000  0.0000000E+000
  50.000    19022000  0.0000000E+000
  51.000    20022000  0.0000000E+000
  52.000    21022000  0.0000000E+000
  53.000    22022000  0.0000000E+000
  54.000    23022000  0.0000000E+000
  55.000    24022000  0.0000000E+000
  56.000    25022000  0.0000000E+000
  57.000    26022000  0.0000000E+000
  58.000    27022000  0.0000000E+000
  59.000    28022000  0.0000000E+000
  60.000    29022000  0.0000000E+000
  61.000    01032000  0.0000000E+000
  62.000    02032000  0.0000000E+000
  63.000    03032000  0.0000000E+000
  64.000    04032000  0.0000000E+000
  65.000    05032000  0.0000000E+000
  66.000    06032000  0.0000000E+000
  67.000    07032000  0.0000000E+000
  68.000    08032000  0.0000000E+000
  69.000    09032000  0.0000000E+000
  70.000    10032000  0.0000000E+000
  71.000    11032000  0.0000000E+000
  72.000    12032000  0.0000000E+000
  73.000    13032000  0.0000000E+000
  74.000    14032000  0.0000000E+000
  75.000    15032000  0.0000000E+000
  76.000    16032000  0.0000000E+000
  77.000    17032000  0.0000000E+000
  78.000    18032000  0.0000000E+000
  79.000    19032000  0.0000000E+000
  80.000    20032000  0.0000000E+000
  81.000    21032000  0.0000000E+000
  82.000    22032000  0.0000000E+000
  83.000    23032000  0.0000000E+000
  84.000    24032000  0.0000000E+000
  85.000    25032000  0.0000000E+000
  86.000    26032000  0.0000000E+000
  87.000    27032000  0.0000000E+000
  88.000    28032000  0.0000000E+000
  89.000    29032000  0.0000000E+000
  90.000    30032000  0.0000000E+000
  91.000    31032000  0.0000000E+000
  92.000    01042000  0.0000000E+000
  93.000    02042000  0.0000000E+000
  94.000    03042000  0.0000000E+000
  95.000    04042000  0.0000000E+000
  96.000    05042000  0.0000000E+000
  97.000    06042000  0.0000000E+000
  98.000    07042000  0.0000000E+000
  99.000    08042000  0.0000000E+000
 100.000    09042000  0.0000000E+000
 101.000    10042000  0.0000000E+000
 102.000    11042000  0.0000000E+000
 103.000    12042000  0.0000000E+000
 104.000    13042000  0.0000000E+000
 105.000    14042000  0.0000000E+000
 106.000    15042000  0.0000000E+000
 107.000    16042000  0.0000000E+000
 108.000    17042000  0.0000000E+000
 109.000    18042000  0.0000000E+000
 110.000    19042000  0.0000000E+000
 111.000    20042000  0.0000000E+000
 112.000    21042000  0.0000000E+000
 113.000    22042000  0.0000000E+000
 114.000    23042000  0.0000000E+000
 115.000    24042000  0.0000000E+000
 116.000    25042000  0.0000000E+000
 117.000    26042000  0.0000000E+000
 118.000    27042000  0.0000000E+000
 119.000    28042000  0.0000000E+000
 120.000    29042000  0.0000000E+000
 121.000    30042000  0.0000000E+000
 122.000    01052000  0.0000000E+000
 123.000    02052000  0.0000000E+000
 124.000    03052000  0.0000000E+000
 125.000    04052000  0.0000000E+000
 126.000    05052000  0.0000000E+000
 127.000    06052000  0.0000000E+000
 128.000    07052000  0.0000000E+000
 129.000    08052000  0.0000000E+000
 130.000    09052000  0.0000000E+000
 131.000    10052000  0.0000000E+000
 132.000    11052000  0.0000000E+000
 133.000    12052000  0.0000000E+000
 134.000    13052000  0.0000000E+000
 135.000    14052000  0.0000000E+000
 136.000    15052000  0.0000000E+000
 137.000    16052000  0.0000000E+000
 138.000    17052000  0.0000000E+000
 139.000    18052000  0.0000000E+000
 140.000    19052000  0.0000000E+000
 141.000    20052000  0.0000000E+000
 142.000    21052000  0.0000000E+000
 143.000    22052000  0.0000000E+000
 144.000    23052000  0.0000000E+000
 145.000    24052000  0.0000000E+000
 146.000    25052000  0.0000000E+000
 147.000    26052000  0.0000000E+000
 148.000    27052000  0.0000000E+000
 149.000    28052000  0.0000000E+000
 150.000    29052000  0.0000000E+000
 151.000    30052000  0.0000000E+000
 152.000    31052000  0.0000000E+000
 153.000    01062000  0.0000000E+000
 154.000    02062000  0.0000000E+000
 155.000    03062000  0.0000000E+000
 156.000    04062000  0.0000000E+000
 157.000    05062000  0.0000000E+000
 158.000    06062000  0.0000000E+000
 159.000    07062000  0.0000000E+000
 160.000    08062000  0.0000000E+000
 161.000    09062000  0.0000000E+000
 162.000    10062000  0.0000000E+000
 163.000    11062000  0.0000000E+000
 164.000    12062000  0.0000000E+000
 165.000    13062000  0.0000000E+000
 166.000    14062000  0.0000000E+000
 167.000    15062000  0.0000000E+000
 168.000    16062000  0.0000000E+000
 169.000    17062000  0.0000000E+000
 170.000    18062000  0.0000000E+000
 171.000    19062000  0.0000000E+000
 172.000    20062000  0.0000000E+000
 173.000    21062000  0.0000000E+000
 174.000    22062000  0.0000000E+000
 175.000    23062000  0.0000000E+000
 176.000    24062000  0.0000000E+000
 177.000    25062000  0.0000000E+000
 178.000    26062000  0.0000000E+000
 179.000    27062000  0.0000000E+000
 180.000    28062000  0.0000000E+000
 181.000    29062000  0.0000000E+000
 182.000    30062000  0.0000000E+000
 183.000    01072000  0.0000000E+000
 184.000    02072000  0.0000000E+000
 185.000    03072000  0.0000000E+000
 186.000    04072000  0.0000000E+000
 187.000    05072000  0.0000000E+000
 188.000    06072000  0.0000000E+000
 189.000    07072000  0.0000000E+000
 190.000    08072000  0.0000000E+000
 191.000    09072000  0.0000000E+000
 192.000    10072000  0.0000000E+000
 193.000    11072000  0.0000000E+000
 194.000    12072000  0.0000000E+000
 195.000    13072000  0.0000000E+000
 196.000    14072000  0.0000000E+000
 197.000    15072000  0.0000000E+000
 198.000    16072000  0.0000000E+000
 199.000    17072000  0.0000000E+000
 200.000    18072000  0.0000000E+000
 201.000    19072000  0.0000000E+000
 202.000    20072000  0.0000000E+000
 203.000    21072000  0.0000000E+000
 204.000    22072000  0.0000000E+000
 205.000    23072000  0.0000000E+000
 206.000    24072000  0.0000000E+000
 207.000    25072000  0.0000000E+000
 208.000    26072000  0.0000000E+000
 209.000    27072000  0.0000000E+000
 210.000    28072000  0.0000000E+000
 211.000    29072000  0.0000000E+000
 212.000    30072000  0.0000000E+000
 213.000    31072000  0.0000000E+000
 214.000    01082000  0.0000000E+000
 215.000    02082000  0.0000000E+000
 216.000    03082000  0.0000000E+000
 217.000    04082000  0.0000000E+000
 218.000    05082000  0.0000000E+000
 219.000    06082000  0.0000000E+000
 220.000    07082000  0.0000000E+000
 221.000    08082000  0.0000000E+000
 222.000    09082000  0.0000000E+000
 223.000    10082000  0.0000000E+000
 224.000    11082000  0.0000000E+000
 225.000    12082000  0.0000000E+000
 226.000    13082000  0.0000000E+000
 227.000    14082000  0.0000000E+000
 228.000    15082000  0.0000000E+000
 229.000    16082000  0.0000000E+000
 230.000    17082000  0.0000000E+000
 231.000    18082000  0.0000000E+000
 232.000    19082000  0.0000000E+000
 233.000    20082000  0.0000000E+000
 234.000    21082000  0.0000000E+000
 235.000    22082000  0.0000000E+000
 236.000    23082000  0.0000000E+000
 237.000    24082000  0.0000000E+000
 238.000    25082000  0.0000000E+000
 239.000    26082000  0.0000000E+000
 240.000    27082000  0.0000000E+000
 241.000    28082000  0.0000000E+000
 242.000    29082000  0.0000000E+000
 243.000    30082000  0.0000000E+000
 244.000    31082000  0.0000000E+000
 245.000    01092000  0.0000000E+000
 246.000    02092000  0.0000000E+000
 247.000    03092000  0.0000000E+000
 248.000    04092000  0.0000000E+000
 249.000    05092000  0.0000000E+000
 250.000    06092000  0.0000000E+000
 251.000    07092000  0.0000000E+000
 252.000    08092000  0.0000000E+000
 253.000    09092000  0.0000000E+000
 254.000    10092000  0.0000000E+000
 255.000    11092000  0.0000000E+000
 256.000    12092000  0.0000000E+000
 257.000    13092000  0.0000000E+000
 258.000    14092000  0.0000000E+000
 259.000    15092000  0.0000000E+000
 260.000    16092000  0.0000000E+000
 261.000    17092000  0.0000000E+000
 262.000    18092000  0.0000000E+000
 263.000    19092000  0.0000000E+000
 264.000    20092000  0.0000000E+000
 265.000    21092000  0.0000000E+000
 266.000    22092000  0.0000000E+000
 267.000    23092000  0.0000000E+000
 268.000    24092000  0.0000000E+000
 269.000    25092000  0.0000000E+000
 270.000    26092000  0.0000000E+000
 271.000    27092000  0.0000000E+000
 272.000    28092000  0.0000000E+000
 273.000    29092000  0.0000000E+000
 274.000    30092000  0.0000000E+000
 275.000    01102000  0.0000000E+000
 276.000    02102000  0.0000000E+000
 277.000    03102000  0.0000000E+000
 278.000    04102000  0.0000000E+000
 279.000    05102000  0.0000000E+000
 280.000    06102000  0.0000000E+000
 281.000    07102000  0.0000000E+000
 282.000    08102000  0.0000000E+000
 283.000    09102000  0.0000000E+000
 284.000    10102000  0.0000000E+000
 285.000    11102000  0.0000000E+000
 286.000    12102000  0.0000000E+000
 287.000    13102000  0.0000000E+000
 288.000    14102000  0.0000000E+000
 289.000    15102000  0.0000000E+000
 290.000    16102000  0.0000000E+000
 291.000    17102000  0.0000000E+000
 292.000    18102000  0.0000000E+000
 293.000    19102000  0.0000000E+000
 294.000    20102000  0.0000000E+000
 295.000    21102000  0.0000000E+000
 296.000    22102000  0.0000000E+000
 297.000    23102000  0.0000000E+000
 298.000    24102000  0.0000000E+000
 299.000    25102000  0.0000000E+000
 300.000    26102000  0.0000000E+000
 301.000    27102000  0.0000000E+000
 302.000    28102000  0.0000000E+000
 303.000    29102000  0.0000000E+000
 304.000    30102000  0.0000000E+000
 305.000    31102000  0.0000000E+000
 306.000    01112000  0.0000000E+000
 307.000    02112000  0.0000000E+000
 308.000    03112000  0.0000000E+000
 309.000    04112000  0.0000000E+000
 310.000    05112000  0.0000000E+000
 311.000    06112000  0.0000000E+000
 312.000    07112000  0.0000000E+000
 313.000    08112000  0.0000000E+000
 314.000    09112000  0.0000000E+000
 315.000    10112000  0.0000000E+000
 316.000    11112000  0.0000000E+000
 317.000    12112000  0.0000000E+000
 318.000    13112000  0.0000000E+000
 319.000    14112000  0.0000000E+000
 320.000    15112000  0.0000000E+000
 321.000    16112000  0.0000000E+000
 322.000    17112000  0.0000000E+000
 323.000    18112000  0.0000000E+000
 324.000    19112000  0.0000000E+000
 325.000    20112000  0.0000000E+000
 326.000    21112000  0.0000000E+000
 327.000    22112000  0.0000000E+000
 328.000    23112000  0.0000000E+000
 329.000    24112000  0.0000000E+000
 330.000    25112000  0.0000000E+000
 331.000    26112000  0.0000000E+000
 332.000    27112000  0.0000000E+000
 333.000    28112000  0.0000000E+000
 334.000    29112000  0.0000000E+000
 335.000    30112000  0.0000000E+000
 336.000    01122000  0.0000000E+000
 337.000    02122000  0.0000000E+000
 338.000    03122000  0.0000000E+000
 339.000    04122000  0.0000000E+000
 340.000    05122000  0.0000000E+000
 341.000    06122000  0.0000000E+000
 342.000    07122000  0.0000000E+000
 343.000    08122000  0.0000000E+000
 344.000    09122000  0.0000000E+000
 345.000    10122000  0.0000000E+000
 346.000    11122000  0.0000000E+000
 347.000    12122000  0.0000000E+000
 348.000    13122000  0.0000000E+000
 349.000    14122000  0.0000000E+000
 350.000    15122000  0.0000000E+000
 351.000    16122000  0.0000000E+000
 352.000    17122000  0.0000000E+000
 353.000    18122000  0.0000000E+000
 354.000    19122000  0.0000000E+000
 355.000    20122000  0.0000000E+000
 356.000    21122000  0.0000000E+000
 357.000    22122000  0.0000000E+000
 358.000    23122000  0.0000000E+000
 359.000    24122000  0.0000000E+000
 360.000    25122000  0.0000000E+000
 361.000    26122000  0.0000000E+000
 362.000    27122000  0.0000000E+000
 363.000    28122000  0.0000000E+000
 364.000    29122000  0.0000000E+000
 365.000    30122000  0.0000000E+000
 366.000    31122000  0.0000000E+000
