    DOY     DATE    PRECN           ET              WATER           DISCHG          SNOWPACK        WTR_1           WTR_2           WTR_3           WTR_4           WTR_5           WTR_6           ICE_2           ICE_3           ICE_4           ICE_5           ICE_6           ICE_7           PSI_3           PSI_4           PSI_5           PSI_6           PSI_7           PSI_8           ACTV_LYR        
  30.000    30011966  0.1697200E+003  0.2127486E+002  0.8367736E+003  0.1345167E+003  0.4813180E+002  0.3395278E+000  0.3666018E+000  0.3623182E+000  0.3008068E+000  0.2936153E+000  0.3568093E+000  0.9473131E-012  0.9672458E-012  0.0000000E+000  0.0000000E+000  0.0000000E+000  0.0000000E+000 -0.5276864E-002 -0.4024475E-002 -0.2752047E-002 -0.2556749E-002 -0.2614933E-002 -0.3679785E-002 -0.9999000E+004
  60.000    01031966  0.3115400E+003  0.4565852E+002  0.8942243E+003  0.1847027E+003  0.1063561E+003  0.3797827E+000  0.3684839E+000  0.3963063E+000  0.3285213E+000  0.3957980E+000  0.4177744E+000  0.9968547E-012  0.9672458E-012  0.0000000E+000  0.0000000E+000  0.0000000E+000  0.0000000E+000 -0.2586696E-002 -0.2558711E-002 -0.6396588E-003 -0.7273959E-003 -0.2424522E-002 -0.2532585E-002 -0.9999000E+004
  90.000    31031966  0.3958800E+003  0.8429581E+002  0.8254997E+003  0.3118904E+003  0.0000000E+000  0.3284998E+000  0.3575135E+000  0.3533142E+000  0.2931833E+000  0.2819489E+000  0.3688188E+000  0.9968547E-012  0.9672458E-012  0.0000000E+000  0.0000000E+000  0.0000000E+000  0.0000000E+000 -0.5397856E-002 -0.4412129E-002 -0.3193086E-002 -0.1940347E-002 -0.2496724E-002 -0.2582055E-002 -0.9999000E+004
 120.000    30041966  0.5435500E+003  0.1410380E+003  0.8270746E+003  0.4012432E+003  0.0000000E+000  0.3312333E+000  0.3331886E+000  0.3418140E+000  0.2695678E+000  0.2628940E+000  0.3549268E+000  0.9968547E-012  0.9672458E-012  0.0000000E+000  0.0000000E+000  0.0000000E+000  0.0000000E+000 -0.8047617E-002 -0.6631333E-002 -0.4617464E-002 -0.2663938E-002 -0.2648743E-002 -0.3537164E-002 -0.9999000E+004
 150.000    30051966  0.6106200E+003  0.2117695E+003  0.7706347E+003  0.4540216E+003  0.0000000E+000  0.3401441E+000  0.3296945E+000  0.3355857E+000  0.2641686E+000  0.2568615E+000  0.3518029E+000  0.9968547E-012  0.9672458E-012  0.0000000E+000  0.0000000E+000  0.0000000E+000  0.0000000E+000 -0.8961705E-002 -0.7302744E-002 -0.5160655E-002 -0.2860008E-002 -0.2881760E-002 -0.4436474E-002 -0.9999000E+004
 180.000    29061966  0.6709000E+003  0.3062996E+003  0.7186098E+003  0.4717965E+003  0.0000000E+000  0.3141552E+000  0.3144717E+000  0.3195614E+000  0.2472069E+000  0.2298146E+000  0.3231736E+000  0.9968547E-012  0.9672458E-012  0.0000000E+000  0.0000000E+000  0.0000000E+000  0.0000000E+000 -0.1158692E-001 -0.1000942E-001 -0.8813239E-002 -0.5667594E-002 -0.4516699E-002 -0.6921876E-002 -0.9999000E+004
 210.000    29071966  0.7384000E+003  0.4010026E+003  0.6820654E+003  0.4811377E+003  0.0000000E+000  0.2842114E+000  0.2971548E+000  0.2979917E+000  0.2318553E+000  0.2255375E+000  0.3140998E+000  0.9968547E-012  0.9672458E-012  0.0000000E+000  0.0000000E+000  0.0000000E+000  0.0000000E+000 -0.1600680E-001 -0.1395912E-001 -0.9622515E-002 -0.7129816E-002 -0.6732274E-002 -0.1012359E-001 -0.9999000E+004
 240.000    28081966  0.8038200E+003  0.5052254E+003  0.6378482E+003  0.4865521E+003  0.0000000E+000  0.2435373E+000  0.2456599E+000  0.2475844E+000  0.1976551E+000  0.1975277E+000  0.2982853E+000  0.9968547E-012  0.9672458E-012  0.0000000E+000  0.0000000E+000  0.0000000E+000  0.0000000E+000 -0.3885520E-001 -0.3181330E-001 -0.2118664E-001 -0.1089148E-001 -0.9399732E-002 -0.1566838E-001 -0.9999000E+004
 270.000    27091966  0.9763900E+003  0.5782791E+003  0.7352359E+003  0.4886807E+003  0.0000000E+000  0.3027408E+000  0.3276969E+000  0.3267481E+000  0.2540297E+000  0.2466260E+000  0.3482884E+000  0.9968547E-012  0.9672458E-012  0.0000000E+000  0.0000000E+000  0.0000000E+000  0.0000000E+000 -0.1025792E-001 -0.8812572E-002 -0.6273527E-002 -0.3100866E-002 -0.2962239E-002 -0.4393269E-002 -0.9999000E+004
 300.000    27101966  0.1051370E+004  0.6271716E+003  0.7607083E+003  0.4892958E+003  0.0000000E+000  0.3975170E+000  0.3700041E+000  0.3865956E+000  0.3071105E+000  0.3184187E+000  0.3442628E+000  0.9968547E-012  0.9672458E-012  0.0000000E+000  0.0000000E+000  0.0000000E+000  0.0000000E+000 -0.3499090E-002 -0.2535095E-002 -0.2619321E-002 -0.3704352E-002 -0.3919541E-002 -0.5759795E-002 -0.9999000E+004
 330.000    26111966  0.1092390E+004  0.6662138E+003  0.7604784E+003  0.4915002E+003  0.0000000E+000  0.3359201E+000  0.3605946E+000  0.3571359E+000  0.2900641E+000  0.2752658E+000  0.3542838E+000  0.9968547E-012  0.9672458E-012  0.0000000E+000  0.0000000E+000  0.0000000E+000  0.0000000E+000 -0.5515420E-002 -0.4804281E-002 -0.3735280E-002 -0.2706338E-002 -0.3257781E-002 -0.5342128E-002 -0.9999000E+004
 360.000    26121966  0.1192970E+004  0.6919005E+003  0.8295533E+003  0.4972786E+003  0.0000000E+000  0.3459089E+000  0.3488074E+000  0.3509235E+000  0.2868213E+000  0.2798077E+000  0.3572793E+000  0.9968547E-012  0.9672458E-012  0.0000000E+000  0.0000000E+000  0.0000000E+000  0.0000000E+000 -0.6338319E-002 -0.4943861E-002 -0.3438726E-002 -0.2528500E-002 -0.2568247E-002 -0.3345443E-002 -0.9999000E+004
