    DOY     DATE    SHOOT_C         ROOT_C          LAI             GPP             AUTO_RESP       HVST_C          
  90.000    31031949  0.1699369E+000  0.5596298E-001  0.6247087E-001  0.8465541E-002 -0.2424986E-001  0.0000000E+000
 120.000    30041949  0.3673141E+000  0.1621628E+000  0.2670685E+000  0.2234521E+000 -0.1653480E+000  0.0000000E+000
 150.000    30051949  0.7575452E+000  0.3282044E+000  0.6391192E+000  0.1026965E+001 -0.4004788E+000  0.0000000E+000
 180.000    29061949  0.1744522E+001  0.6003789E+000  0.1073230E+001  0.2864977E+001 -0.9622636E+000  0.0000000E+000
 210.000    29071949  0.3645983E+001  0.7875127E+000  0.1404321E+001  0.5859472E+001 -0.1859448E+001  0.0000000E+000
 240.000    28081949  0.5589101E+001  0.9282820E+000  0.1511762E+001  0.9177596E+001 -0.2861813E+001  0.0000000E+000
 270.000    27091949  0.6992711E+001  0.1045119E+001  0.1405057E+001  0.1167894E+002 -0.3617511E+001  0.0000000E+000
 300.000    27101949  0.7006833E+001  0.1135475E+001  0.1408891E+001  0.1320373E+002 -0.4143398E+001  0.0000000E+000
 330.000    26111949  0.5088020E+001  0.1225349E+001  0.1489793E+001  0.1426300E+002 -0.4449447E+001  0.0000000E+000
 360.000    26121949  0.3249967E+001  0.1296527E+001  0.1552680E+001  0.1515468E+002 -0.4727130E+001  0.0000000E+000
