    DOY     DATE    PRECN           ET              WATER           DISCHG          SNOWPACK        WTR_1           WTR_2           WTR_3           WTR_4           WTR_5           WTR_6           ICE_2           ICE_3           ICE_4           ICE_5           ICE_6           ICE_7           PSI_3           PSI_4           PSI_5           PSI_6           PSI_7           PSI_8           ACTV_LYR        
  30.000    30011929  0.2918000E+002  0.2430649E+002  0.6454692E+003  0.0000000E+000  0.6033344E+002  0.3469985E+000  0.3438907E+000  0.3477728E+000  0.2799116E+000  0.2661166E+000  0.3397837E+000  0.9673379E-012  0.9515698E-012  0.0000000E+000  0.0000000E+000  0.0000000E+000  0.0000000E+000 -0.6701660E-002 -0.5578885E-002 -0.4380325E-002 -0.3789680E-002 -0.7959667E-002 -0.6084768E-001 -0.9999000E+004
  60.000    01031929  0.1248700E+003  0.5534593E+002  0.7146014E+003  0.0000000E+000  0.0000000E+000  0.2975198E+000  0.3207360E+000  0.3198048E+000  0.2502116E+000  0.2470468E+000  0.3528635E+000  0.9771375E-012  0.9515698E-012  0.0000000E+000  0.0000000E+000  0.0000000E+000  0.0000000E+000 -0.1136504E-001 -0.9466986E-002 -0.6216274E-002 -0.2792128E-002 -0.2651702E-002 -0.3756216E-002 -0.9999000E+004
  90.000    31031929  0.1900000E+003  0.1074852E+003  0.7275722E+003  0.0000000E+000  0.0000000E+000  0.3306981E+000  0.3440670E+000  0.3445797E+000  0.2804084E+000  0.2699606E+000  0.3388011E+000  0.9771375E-012  0.9515698E-012  0.0000000E+000  0.0000000E+000  0.0000000E+000  0.0000000E+000 -0.7090690E-002 -0.5410180E-002 -0.4086209E-002 -0.3878864E-002 -0.3395050E-002 -0.4661211E-002 -0.9999000E+004
 120.000    30041929  0.2229400E+003  0.1987709E+003  0.6692264E+003  0.0000000E+000  0.0000000E+000  0.1723057E+000  0.1750620E+000  0.1889207E+000  0.1741694E+000  0.2000421E+000  0.3246861E+000  0.9771375E-012  0.9515698E-012  0.0000000E+000  0.0000000E+000  0.0000000E+000  0.0000000E+000 -0.1400487E+000 -0.6076269E-001 -0.1959855E-001 -0.5455052E-002 -0.4191623E-002 -0.5683183E-002 -0.9999000E+004
 150.000    30051929  0.3196000E+003  0.3283612E+003  0.6362962E+003  0.0000000E+000  0.0000000E+000  0.1882734E+000  0.1937926E+000  0.2065152E+000  0.1465500E+000  0.1529225E+000  0.2939744E+000  0.9771375E-012  0.9515698E-012  0.0000000E+000  0.0000000E+000  0.0000000E+000  0.0000000E+000 -0.8819566E-001 -0.1494454E+000 -0.9899178E-001 -0.1239140E-001 -0.6673592E-002 -0.8431189E-002 -0.9999000E+004
 180.000    29061929  0.4039200E+003  0.4946450E+003  0.5543323E+003  0.0000000E+000  0.0000000E+000  0.1111247E+000  0.1131038E+000  0.1172379E+000  0.9827382E-001  0.1054807E+000  0.2418590E+000  0.9771375E-012  0.9515698E-012  0.0000000E+000  0.0000000E+000  0.0000000E+000  0.0000000E+000 -0.1396072E+001 -0.1170631E+001 -0.9223218E+000 -0.6939196E-001 -0.1899742E-001 -0.2411899E-001 -0.9999000E+004
 210.000    29071929  0.5617100E+003  0.6546139E+003  0.5521534E+003  0.0000000E+000  0.0000000E+000  0.1446625E+000  0.1452631E+000  0.1592983E+000  0.1314543E+000  0.1379109E+000  0.2270926E+000  0.9771375E-012  0.9515698E-012  0.0000000E+000  0.0000000E+000  0.0000000E+000  0.0000000E+000 -0.3126519E+000 -0.2599771E+000 -0.1836196E+000 -0.1217915E+000 -0.3179155E-001 -0.3840001E-001 -0.9999000E+004
 240.000    28081929  0.7067700E+003  0.7922924E+003  0.5595349E+003  0.0000000E+000  0.0000000E+000  0.2264002E+000  0.2275097E+000  0.2309802E+000  0.1966255E+000  0.1439498E+000  0.2206821E+000  0.9771375E-012  0.9515698E-012  0.0000000E+000  0.0000000E+000  0.0000000E+000  0.0000000E+000 -0.5437054E-001 -0.3239734E-001 -0.1428097E+000 -0.1573625E+000 -0.5000995E-001 -0.5809510E-001 -0.9999000E+004
 270.000    27091929  0.8074200E+003  0.8978165E+003  0.5546608E+003  0.0000000E+000  0.0000000E+000  0.1803904E+000  0.1805945E+000  0.1919463E+000  0.1709176E+000  0.1894008E+000  0.2261469E+000  0.9771375E-012  0.9515698E-012  0.0000000E+000  0.0000000E+000  0.0000000E+000  0.0000000E+000 -0.1298895E+000 -0.6722682E-001 -0.2725005E-001 -0.1266254E+000 -0.5375756E-001 -0.5894754E-001 -0.9999000E+004
 300.000    27101929  0.9156700E+003  0.9393515E+003  0.6213758E+003  0.0000000E+000  0.0000000E+000  0.3530805E+000  0.3555164E+000  0.3769063E+000  0.3167689E+000  0.2940965E+000  0.2449197E+000  0.9771375E-012  0.9515698E-012  0.0000000E+000  0.0000000E+000  0.0000000E+000  0.0000000E+000 -0.4219782E-002 -0.3012654E-002 -0.2796884E-002 -0.6251505E-001 -0.7467050E-001 -0.7985624E-001 -0.9999000E+004
 330.000    26111929  0.9318700E+003  0.9717266E+003  0.6051174E+003  0.0000000E+000  0.0000000E+000  0.3190655E+000  0.3248342E+000  0.3311996E+000  0.2561066E+000  0.2416063E+000  0.2609970E+000  0.9771375E-012  0.9515698E-012  0.0000000E+000  0.0000000E+000  0.0000000E+000  0.0000000E+000 -0.9616333E-002 -0.8478692E-002 -0.6940151E-002 -0.3559020E-001 -0.6267265E-001 -0.6404110E-001 -0.9999000E+004
 360.000    26121929  0.1028370E+004  0.9901298E+003  0.6842929E+003  0.0000000E+000  0.0000000E+000  0.3515006E+000  0.3538118E+000  0.3561744E+000  0.2951794E+000  0.2975038E+000  0.3575048E+000  0.9771375E-012  0.9515698E-012  0.0000000E+000  0.0000000E+000  0.0000000E+000  0.0000000E+000 -0.5843337E-002 -0.4317469E-002 -0.2556180E-002 -0.2518501E-002 -0.5787746E-002 -0.5299395E-001 -0.9999000E+004
