    DOY     DATE    RESIDUE_C       HUMUS_C         ATM_CO2         NBP             ECO_LAI         ECO_GPP         ECO_RA          ECO_NPP         ECO_RH          
  30.000    30011941  0.1878466E+004  0.8479361E+004  0.3406120E+003 -0.6607902E+002  0.1383015E-002  0.0000000E+000 -0.3448847E+002 -0.3448847E+002 -0.2281518E+002
  60.000    01031941  0.1878978E+004  0.8484490E+004  0.3406120E+003 -0.1187991E+003  0.0000000E+000  0.0000000E+000 -0.6363529E+002 -0.6363529E+002 -0.4622688E+002
  90.000    31031941  0.1880781E+004  0.8489000E+004  0.3406120E+003 -0.2033783E+003  0.7061244E+000  0.5612845E+001 -0.1067282E+003 -0.1011153E+003 -0.9494482E+002
 120.000    30041941  0.1840485E+004  0.8491584E+004  0.3406120E+003 -0.1391718E+003  0.4173895E+001  0.2437991E+003 -0.2246215E+003  0.1917761E+002 -0.1472553E+003
 150.000    30051941  0.1780874E+004  0.8491195E+004  0.3406120E+003  0.6936542E+002  0.7523919E+001  0.7378616E+003 -0.4399740E+003  0.2978875E+003 -0.2188267E+003
 180.000    29061941  0.1726254E+004  0.8488959E+004  0.3406120E+003  0.2238199E+003  0.8637660E+001  0.1235389E+004 -0.7089241E+003  0.5264651E+003 -0.2878896E+003
 210.000    29071941  0.1654772E+004  0.8482046E+004  0.3406120E+003  0.2772241E+003  0.8694204E+001  0.1652050E+004 -0.9852669E+003  0.6667836E+003 -0.3783830E+003
 240.000    28081941  0.1580357E+004  0.8470783E+004  0.3406120E+003  0.3244282E+003  0.7445436E+001  0.2071695E+004 -0.1252659E+004  0.8190362E+003 -0.5028173E+003
 270.000    27091941  0.1640903E+004  0.8460732E+004  0.3406120E+003  0.3608890E+003  0.2042726E+001  0.2429804E+004 -0.1487295E+004  0.9425094E+003 -0.6052061E+003
 300.000    27101941  0.1603164E+004  0.8454326E+004  0.3406120E+003  0.2525499E+003  0.5940756E+000  0.2547950E+004 -0.1613342E+004  0.9346082E+003 -0.6918881E+003
 330.000    26111941  0.1673064E+004  0.8452567E+004  0.3406120E+003  0.1086997E+003  0.2004001E+000  0.2573770E+004 -0.1699783E+004  0.8739871E+003 -0.7727208E+003
 360.000    26121941  0.1894009E+004  0.8456587E+004  0.3406120E+003 -0.1857336E+002  0.2722315E-001  0.2573770E+004 -0.1753530E+004  0.8202405E+003 -0.8197690E+003
