    DOY     DATE    SHOOT_C         ROOT_C          LAI             GPP             AUTO_RESP       HVST_C          
   1.000    01011986  0.2749934E+001  0.3338597E+001  0.1543099E+001  0.9691564E-002 -0.2996449E-002  0.0000000E+000
   2.000    02011986  0.2726517E+001  0.3335196E+001  0.1541410E+001  0.1910248E-001 -0.5908968E-002  0.0000000E+000
   3.000    03011986  0.2713213E+001  0.3331937E+001  0.1540932E+001  0.3957645E-001 -0.1073378E-001  0.0000000E+000
   4.000    04011986  0.2692947E+001  0.3329040E+001  0.1538867E+001  0.5002540E-001 -0.1436608E-001  0.0000000E+000
   5.000    05011986  0.2675875E+001  0.3326223E+001  0.1536724E+001  0.6214002E-001 -0.1812763E-001  0.0000000E+000
   6.000    06011986  0.2661782E+001  0.3323555E+001  0.1534907E+001  0.6995620E-001 -0.2098394E-001  0.0000000E+000
   7.000    07011986  0.2647320E+001  0.3320791E+001  0.1533489E+001  0.7600623E-001 -0.2367945E-001  0.0000000E+000
   8.000    08011986  0.2629246E+001  0.3317932E+001  0.1532100E+001  0.7688547E-001 -0.2593528E-001  0.0000000E+000
   9.000    09011986  0.2614051E+001  0.3315719E+001  0.1530897E+001  0.7915932E-001 -0.2772073E-001  0.0000000E+000
  10.000    10011986  0.2604252E+001  0.3312559E+001  0.1529358E+001  0.8617752E-001 -0.2989384E-001  0.0000000E+000
  11.000    11011986  0.2593695E+001  0.3308939E+001  0.1527786E+001  0.9176813E-001 -0.3229491E-001  0.0000000E+000
  12.000    12011986  0.2587000E+001  0.3305496E+001  0.1526052E+001  0.1009123E+000 -0.3476864E-001  0.0000000E+000
  13.000    13011986  0.2578211E+001  0.3302076E+001  0.1524431E+001  0.1074170E+000 -0.3740300E-001  0.0000000E+000
  14.000    14011986  0.2567201E+001  0.3299042E+001  0.1523205E+001  0.1105390E+000 -0.3954218E-001  0.0000000E+000
  15.000    15011986  0.2556829E+001  0.3295647E+001  0.1521957E+001  0.1134759E+000 -0.4169379E-001  0.0000000E+000
  16.000    16011986  0.2551983E+001  0.3292369E+001  0.1520735E+001  0.1215276E+000 -0.4395869E-001  0.0000000E+000
  17.000    17011986  0.2557928E+001  0.3288613E+001  0.1521642E+001  0.1431198E+000 -0.4921162E-001  0.0000000E+000
  18.000    18011986  0.2566585E+001  0.3285110E+001  0.1523042E+001  0.1698074E+000 -0.5640686E-001  0.0000000E+000
  19.000    19011986  0.2577063E+001  0.3281901E+001  0.1523809E+001  0.1999918E+000 -0.6490591E-001  0.0000000E+000
  20.000    20011986  0.2574769E+001  0.3278883E+001  0.1523275E+001  0.2117462E+000 -0.6922944E-001  0.0000000E+000
  21.000    21011986  0.2572325E+001  0.3275902E+001  0.1520437E+001  0.2228595E+000 -0.7294532E-001  0.0000000E+000
  22.000    22011986  0.2575787E+001  0.3273021E+001  0.1518743E+001  0.2414986E+000 -0.7805268E-001  0.0000000E+000
  23.000    23011986  0.2575613E+001  0.3270179E+001  0.1518595E+001  0.2550980E+000 -0.8275524E-001  0.0000000E+000
  24.000    24011986  0.2576123E+001  0.3267326E+001  0.1514860E+001  0.2627734E+000 -0.8601585E-001  0.0000000E+000
  25.000    25011986  0.2575319E+001  0.3264362E+001  0.1513771E+001  0.2686390E+000 -0.8900372E-001  0.0000000E+000
  26.000    26011986  0.2577485E+001  0.3261245E+001  0.1513634E+001  0.2777972E+000 -0.9244294E-001  0.0000000E+000
  27.000    27011986  0.2574164E+001  0.3258022E+001  0.1511895E+001  0.2804139E+000 -0.9519618E-001  0.0000000E+000
  28.000    28011986  0.2568996E+001  0.3254448E+001  0.1511034E+001  0.2804139E+000 -0.9764274E-001  0.0000000E+000
  29.000    29011986  0.2565236E+001  0.3250489E+001  0.1509842E+001  0.2818253E+000 -0.1002692E+000  0.0000000E+000
  30.000    30011986  0.2563779E+001  0.3246328E+001  0.1508761E+001  0.2854780E+000 -0.1031041E+000  0.0000000E+000
  31.000    31011986  0.2564835E+001  0.3242220E+001  0.1507684E+001  0.2920960E+000 -0.1060803E+000  0.0000000E+000
  32.000    01021986  0.2571407E+001  0.3238162E+001  0.1507723E+001  0.3059079E+000 -0.1102009E+000  0.0000000E+000
  33.000    02021986  0.2585139E+001  0.3234294E+001  0.1508404E+001  0.3294990E+000 -0.1163488E+000  0.0000000E+000
  34.000    03021986  0.2597678E+001  0.3230712E+001  0.1508744E+001  0.3526992E+000 -0.1229242E+000  0.0000000E+000
  35.000    04021986  0.2613062E+001  0.3227414E+001  0.1508884E+001  0.3803054E+000 -0.1303910E+000  0.0000000E+000
  36.000    05021986  0.2628602E+001  0.3224142E+001  0.1509249E+001  0.4094030E+000 -0.1387766E+000  0.0000000E+000
  37.000    06021986  0.2644189E+001  0.3220930E+001  0.1510012E+001  0.4379166E+000 -0.1471169E+000  0.0000000E+000
  38.000    07021986  0.2653223E+001  0.3217751E+001  0.1510238E+001  0.4573016E+000 -0.1536296E+000  0.0000000E+000
  39.000    08021986  0.2662180E+001  0.3214766E+001  0.1509925E+001  0.4750883E+000 -0.1589323E+000  0.0000000E+000
  40.000    09021986  0.2673019E+001  0.3212221E+001  0.1509946E+001  0.4954430E+000 -0.1647230E+000  0.0000000E+000
  41.000    10021986  0.2680357E+001  0.3209760E+001  0.1509879E+001  0.5117475E+000 -0.1699785E+000  0.0000000E+000
  42.000    11021986  0.2688412E+001  0.3207461E+001  0.1509778E+001  0.5286063E+000 -0.1750307E+000  0.0000000E+000
  43.000    12021986  0.2685786E+001  0.3204969E+001  0.1507041E+001  0.5325730E+000 -0.1779326E+000  0.0000000E+000
  44.000    13021986  0.2681272E+001  0.3202141E+001  0.1503084E+001  0.5341560E+000 -0.1804453E+000  0.0000000E+000
  45.000    14021986  0.2681095E+001  0.3199077E+001  0.1500242E+001  0.5402135E+000 -0.1832098E+000  0.0000000E+000
  46.000    15021986  0.2681582E+001  0.3195688E+001  0.1497728E+001  0.5469742E+000 -0.1862685E+000  0.0000000E+000
  47.000    16021986  0.2685960E+001  0.3192215E+001  0.1495314E+001  0.5579731E+000 -0.1894611E+000  0.0000000E+000
  48.000    17021986  0.2701522E+001  0.3189060E+001  0.1496082E+001  0.5840607E+000 -0.1957937E+000  0.0000000E+000
  49.000    18021986  0.2719247E+001  0.3186213E+001  0.1497098E+001  0.6148496E+000 -0.2036116E+000  0.0000000E+000
  50.000    19021986  0.2736418E+001  0.3183659E+001  0.1497332E+001  0.6464284E+000 -0.2121438E+000  0.0000000E+000
  51.000    20021986  0.2751682E+001  0.3181123E+001  0.1497156E+001  0.6766928E+000 -0.2213052E+000  0.0000000E+000
  52.000    21021986  0.2771480E+001  0.3178660E+001  0.1496616E+001  0.7132262E+000 -0.2324416E+000  0.0000000E+000
  53.000    22021986  0.2782258E+001  0.3175192E+001  0.1495854E+001  0.7385043E+000 -0.2438503E+000  0.0000000E+000
  54.000    23021986  0.2789605E+001  0.3173166E+001  0.1494988E+001  0.7555714E+000 -0.2504309E+000  0.0000000E+000
  55.000    24021986  0.2797181E+001  0.3171737E+001  0.1493328E+001  0.7731532E+000 -0.2561286E+000  0.0000000E+000
  56.000    25021986  0.2799281E+001  0.3170754E+001  0.1492356E+001  0.7838381E+000 -0.2608058E+000  0.0000000E+000
  57.000    26021986  0.2801114E+001  0.3169137E+001  0.1489870E+001  0.7940664E+000 -0.2645712E+000  0.0000000E+000
  58.000    27021986  0.2803153E+001  0.3167294E+001  0.1488214E+001  0.8042330E+000 -0.2682040E+000  0.0000000E+000
  59.000    28021986  0.2803571E+001  0.3165287E+001  0.1486406E+001  0.8122189E+000 -0.2715571E+000  0.0000000E+000
  60.000    01031986  0.2802992E+001  0.3163065E+001  0.1483917E+001  0.8188778E+000 -0.2747289E+000  0.0000000E+000
  61.000    02031986  0.2804586E+001  0.3160684E+001  0.1481413E+001  0.8281642E+000 -0.2782037E+000  0.0000000E+000
  62.000    03031986  0.2813198E+001  0.3158262E+001  0.1479843E+001  0.8464994E+000 -0.2831376E+000  0.0000000E+000
  63.000    04031986  0.2822877E+001  0.3155928E+001  0.1479535E+001  0.8660478E+000 -0.2884187E+000  0.0000000E+000
  64.000    05031986  0.2831002E+001  0.3153744E+001  0.1479457E+001  0.8832899E+000 -0.2932121E+000  0.0000000E+000
  65.000    06031986  0.2842498E+001  0.3151691E+001  0.1478356E+001  0.9055572E+000 -0.2990378E+000  0.0000000E+000
  66.000    07031986  0.2852277E+001  0.3149884E+001  0.1477176E+001  0.9260771E+000 -0.3046830E+000  0.0000000E+000
  67.000    08031986  0.2849404E+001  0.3148028E+001  0.1473980E+001  0.9303607E+000 -0.3076808E+000  0.0000000E+000
  68.000    09031986  0.2860950E+001  0.3145911E+001  0.1474519E+001  0.9533694E+000 -0.3137216E+000  0.0000000E+000
  69.000    10031986  0.2886036E+001  0.3143615E+001  0.1477429E+001  0.9976314E+000 -0.3263663E+000  0.0000000E+000
  70.000    11031986  0.2911589E+001  0.3137695E+001  0.1477988E+001  0.1049473E+001 -0.3478108E+000  0.0000000E+000
  71.000    12031986  0.2923631E+001  0.3131752E+001  0.1477455E+001  0.1074820E+001 -0.3607029E+000  0.0000000E+000
  72.000    13031986  0.2945212E+001  0.3126654E+001  0.1477230E+001  0.1113274E+001 -0.3756374E+000  0.0000000E+000
  73.000    14031986  0.2968812E+001  0.3117473E+001  0.1476835E+001  0.1162081E+001 -0.4007019E+000  0.0000000E+000
  74.000    15031986  0.2987998E+001  0.3109946E+001  0.1475608E+001  0.1203687E+001 -0.4224758E+000  0.0000000E+000
  75.000    16031986  0.3006552E+001  0.3104876E+001  0.1474209E+001  0.1242690E+001 -0.4409076E+000  0.0000000E+000
  76.000    17031986  0.3022296E+001  0.3102446E+001  0.1473843E+001  0.1275920E+001 -0.4549277E+000  0.0000000E+000
  77.000    18031986  0.3041103E+001  0.3101485E+001  0.1472984E+001  0.1314412E+001 -0.4692987E+000  0.0000000E+000
  78.000    19031986  0.3065771E+001  0.3097946E+001  0.1471526E+001  0.1364814E+001 -0.4903987E+000  0.0000000E+000
  79.000    20031986  0.3080504E+001  0.3094504E+001  0.1470433E+001  0.1400573E+001 -0.5082264E+000  0.0000000E+000
  80.000    21031986  0.3078883E+001  0.3095381E+001  0.1469749E+001  0.1410049E+001 -0.5146556E+000  0.0000000E+000
  81.000    22031986  0.3080408E+001  0.3096402E+001  0.1467452E+001  0.1422047E+001 -0.5188860E+000  0.0000000E+000
  82.000    23031986  0.3089202E+001  0.3097190E+001  0.1465532E+001  0.1442804E+001 -0.5241052E+000  0.0000000E+000
  83.000    24031986  0.3105577E+001  0.3097906E+001  0.1463938E+001  0.1474222E+001 -0.5315729E+000  0.0000000E+000
  84.000    25031986  0.3124336E+001  0.3098013E+001  0.1462909E+001  0.1509833E+001 -0.5418401E+000  0.0000000E+000
  85.000    26031986  0.3150050E+001  0.3096851E+001  0.1462529E+001  0.1557731E+001 -0.5582498E+000  0.0000000E+000
  86.000    27031986  0.3175309E+001  0.3093706E+001  0.1461980E+001  0.1607181E+001 -0.5778793E+000  0.0000000E+000
  87.000    28031986  0.3191611E+001  0.3092659E+001  0.1461461E+001  0.1640032E+001 -0.5902032E+000  0.0000000E+000
  88.000    29031986  0.3212766E+001  0.3092516E+001  0.1460672E+001  0.1679760E+001 -0.6030845E+000  0.0000000E+000
  89.000    30031986  0.3235990E+001  0.3091662E+001  0.1459712E+001  0.1724914E+001 -0.6192642E+000  0.0000000E+000
  90.000    31031986  0.3262720E+001  0.3089517E+001  0.1458968E+001  0.1777654E+001 -0.6396409E+000  0.0000000E+000
  91.000    01041986  0.3291974E+001  0.3085813E+001  0.1457250E+001  0.1833769E+001 -0.6617567E+000  0.0000000E+000
  92.000    02041986  0.3321172E+001  0.3082120E+001  0.1456023E+001  0.1888571E+001 -0.6831452E+000  0.0000000E+000
  93.000    03041986  0.3349760E+001  0.3078646E+001  0.1454286E+001  0.1942070E+001 -0.7039389E+000  0.0000000E+000
  94.000    04041986  0.3379234E+001  0.3075256E+001  0.1452012E+001  0.1996832E+001 -0.7249216E+000  0.0000000E+000
  95.000    05041986  0.3411369E+001  0.3071036E+001  0.1449752E+001  0.2057184E+001 -0.7486146E+000  0.0000000E+000
  96.000    06041986  0.3443331E+001  0.3067058E+001  0.1448667E+001  0.2114905E+001 -0.7705628E+000  0.0000000E+000
  97.000    07041986  0.3475351E+001  0.3063480E+001  0.1447206E+001  0.2172727E+001 -0.7921373E+000  0.0000000E+000
  98.000    08041986  0.3509561E+001  0.3060818E+001  0.1445312E+001  0.2233189E+001 -0.8131418E+000  0.0000000E+000
  99.000    09041986  0.3533076E+001  0.3058648E+001  0.1444170E+001  0.2276638E+001 -0.8290171E+000  0.0000000E+000
 100.000    10041986  0.3549153E+001  0.3059052E+001  0.1443194E+001  0.2306483E+001 -0.8375772E+000  0.0000000E+000
 101.000    11041986  0.3571686E+001  0.3060068E+001  0.1441920E+001  0.2346168E+001 -0.8481259E+000  0.0000000E+000
 102.000    12041986  0.3598246E+001  0.3060806E+001  0.1440876E+001  0.2392847E+001 -0.8613870E+000  0.0000000E+000
 103.000    13041986  0.3625408E+001  0.3061248E+001  0.1440172E+001  0.2441997E+001 -0.8765761E+000  0.0000000E+000
 104.000    14041986  0.3652912E+001  0.3061185E+001  0.1439116E+001  0.2492339E+001 -0.8929829E+000  0.0000000E+000
 105.000    15041986  0.3677626E+001  0.3060002E+001  0.1437268E+001  0.2543736E+001 -0.9132710E+000  0.0000000E+000
 106.000    16041986  0.3692934E+001  0.3058052E+001  0.1436322E+001  0.2577693E+001 -0.9280923E+000  0.0000000E+000
 107.000    17041986  0.3708861E+001  0.3057818E+001  0.1435257E+001  0.2607005E+001 -0.9367727E+000  0.0000000E+000
 108.000    18041986  0.3733313E+001  0.3057897E+001  0.1434720E+001  0.2648689E+001 -0.9484200E+000  0.0000000E+000
 109.000    19041986  0.3759385E+001  0.3057798E+001  0.1434339E+001  0.2694636E+001 -0.9624395E+000  0.0000000E+000
 110.000    20041986  0.3790119E+001  0.3057129E+001  0.1434145E+001  0.2749552E+001 -0.9802467E+000  0.0000000E+000
 111.000    21041986  0.3462807E+001  0.3055778E+001  0.1433461E+001  0.2797976E+001 -0.9972455E+000  0.0000000E+000
 112.000    22041986  0.3485558E+001  0.3055432E+001  0.1438888E+001  0.2837877E+001 -0.1011229E+001  0.0000000E+000
 113.000    23041986  0.3496748E+001  0.3056635E+001  0.1439969E+001  0.2861975E+001 -0.1018987E+001  0.0000000E+000
 114.000    24041986  0.3515982E+001  0.3058437E+001  0.1441811E+001  0.2896394E+001 -0.1028117E+001  0.0000000E+000
 115.000    25041986  0.3546468E+001  0.3059925E+001  0.1446899E+001  0.2947619E+001 -0.1043373E+001  0.0000000E+000
 116.000    26041986  0.3578340E+001  0.3060254E+001  0.1452557E+001  0.3002241E+001 -0.1061964E+001  0.0000000E+000
 117.000    27041986  0.3612935E+001  0.3058222E+001  0.1458849E+001  0.3062960E+001 -0.1085786E+001  0.0000000E+000
 118.000    28041986  0.3652200E+001  0.3055679E+001  0.1465077E+001  0.3131607E+001 -0.1112990E+001  0.0000000E+000
 119.000    29041986  0.3690819E+001  0.3051839E+001  0.1472045E+001  0.3197740E+001 -0.1139425E+001  0.0000000E+000
 120.000    30041986  0.3727052E+001  0.3050449E+001  0.1476800E+001  0.3257557E+001 -0.1160045E+001  0.0000000E+000
 121.000    01051986  0.3766188E+001  0.3049387E+001  0.1481234E+001  0.3324641E+001 -0.1184228E+001  0.0000000E+000
 122.000    02051986  0.3799692E+001  0.3047968E+001  0.1484684E+001  0.3381870E+001 -0.1204766E+001  0.0000000E+000
 123.000    03051986  0.3820971E+001  0.3049391E+001  0.1485934E+001  0.3420729E+001 -0.1216871E+001  0.0000000E+000
 124.000    04051986  0.3845853E+001  0.3052198E+001  0.1486875E+001  0.3464653E+001 -0.1228538E+001  0.0000000E+000
 125.000    05051986  0.3878570E+001  0.3054638E+001  0.1490354E+001  0.3521841E+001 -0.1245857E+001  0.0000000E+000
 126.000    06051986  0.3907984E+001  0.3054985E+001  0.1494352E+001  0.3581719E+001 -0.1270650E+001  0.0000000E+000
 127.000    07051986  0.3951081E+001  0.3051213E+001  0.1501043E+001  0.3657587E+001 -0.1300779E+001  0.0000000E+000
 128.000    08051986  0.3996234E+001  0.3045810E+001  0.1507603E+001  0.3734620E+001 -0.1331343E+001  0.0000000E+000
 129.000    09051986  0.3527539E+001  0.3043686E+001  0.1510393E+001  0.3790042E+001 -0.1350916E+001  0.0000000E+000
 130.000    10051986  0.3554539E+001  0.3045017E+001  0.1519045E+001  0.3836963E+001 -0.1364379E+001  0.0000000E+000
 131.000    11051986  0.3588373E+001  0.3047344E+001  0.1529130E+001  0.3895124E+001 -0.1380486E+001  0.0000000E+000
 132.000    12051986  0.3620509E+001  0.3048412E+001  0.1538039E+001  0.3952139E+001 -0.1398419E+001  0.0000000E+000
 133.000    13051986  0.3647033E+001  0.3049829E+001  0.1545392E+001  0.4002085E+001 -0.1414772E+001  0.0000000E+000
 134.000    14051986  0.3678381E+001  0.3051538E+001  0.1553011E+001  0.4058375E+001 -0.1432051E+001  0.0000000E+000
 135.000    15051986  0.3716427E+001  0.3051803E+001  0.1563716E+001  0.4128547E+001 -0.1455185E+001  0.0000000E+000
 136.000    16051986  0.3759207E+001  0.3049856E+001  0.1581042E+001  0.4209622E+001 -0.1484407E+001  0.0000000E+000
 137.000    17051986  0.3803603E+001  0.3046803E+001  0.1595925E+001  0.4292591E+001 -0.1514945E+001  0.0000000E+000
 138.000    18051986  0.3849171E+001  0.3043904E+001  0.1611455E+001  0.4376080E+001 -0.1544847E+001  0.0000000E+000
 139.000    19051986  0.3886694E+001  0.3042923E+001  0.1621465E+001  0.4446024E+001 -0.1568911E+001  0.0000000E+000
 140.000    20051986  0.3927610E+001  0.3041946E+001  0.1632248E+001  0.4520640E+001 -0.1593354E+001  0.0000000E+000
 141.000    21051986  0.3967363E+001  0.3042860E+001  0.1641651E+001  0.4594277E+001 -0.1617074E+001  0.0000000E+000
 142.000    22051986  0.4004550E+001  0.3043479E+001  0.1653503E+001  0.4664910E+001 -0.1639500E+001  0.0000000E+000
 143.000    23051986  0.4036964E+001  0.3046973E+001  0.1662290E+001  0.4728475E+001 -0.1658400E+001  0.0000000E+000
 144.000    24051986  0.4078685E+001  0.3050918E+001  0.1674305E+001  0.4806763E+001 -0.1681383E+001  0.0000000E+000
 145.000    25051986  0.4118686E+001  0.3053218E+001  0.1686605E+001  0.4883827E+001 -0.1706226E+001  0.0000000E+000
 146.000    26051986  0.4161873E+001  0.3054064E+001  0.1701142E+001  0.4966635E+001 -0.1733344E+001  0.0000000E+000
 147.000    27051986  0.3643924E+001  0.3056273E+001  0.1711098E+001  0.5040010E+001 -0.1756793E+001  0.0000000E+000
 148.000    28051986  0.3689991E+001  0.3057682E+001  0.1733812E+001  0.5129351E+001 -0.1786706E+001  0.0000000E+000
 149.000    29051986  0.3736179E+001  0.3057217E+001  0.1758196E+001  0.5219650E+001 -0.1818385E+001  0.0000000E+000
 150.000    30051986  0.3785289E+001  0.3057043E+001  0.1782054E+001  0.5314686E+001 -0.1851594E+001  0.0000000E+000
 151.000    31051986  0.3831067E+001  0.3058046E+001  0.1804265E+001  0.5407056E+001 -0.1885036E+001  0.0000000E+000
 152.000    01061986  0.3877254E+001  0.3058170E+001  0.1824194E+001  0.5501726E+001 -0.1918923E+001  0.0000000E+000
 153.000    02061986  0.3925288E+001  0.3059730E+001  0.1842533E+001  0.5600290E+001 -0.1955217E+001  0.0000000E+000
 154.000    03061986  0.3961194E+001  0.3064002E+001  0.1858402E+001  0.5678280E+001 -0.1981915E+001  0.0000000E+000
 155.000    04061986  0.4004572E+001  0.3071809E+001  0.1875583E+001  0.5766718E+001 -0.2008504E+001  0.0000000E+000
 156.000    05061986  0.4050841E+001  0.3075543E+001  0.1896176E+001  0.5863444E+001 -0.2041467E+001  0.0000000E+000
 157.000    06061986  0.4098506E+001  0.3078449E+001  0.1915265E+001  0.5962442E+001 -0.2075880E+001  0.0000000E+000
 158.000    07061986  0.4144512E+001  0.3081894E+001  0.1931986E+001  0.6062441E+001 -0.2112617E+001  0.0000000E+000
 159.000    08061986  0.4193399E+001  0.3083921E+001  0.1954050E+001  0.6167162E+001 -0.2151714E+001  0.0000000E+000
 160.000    09061986  0.4236145E+001  0.3087035E+001  0.1973036E+001  0.6266421E+001 -0.2190604E+001  0.0000000E+000
 161.000    10061986  0.4281377E+001  0.3092257E+001  0.1991178E+001  0.6365057E+001 -0.2225187E+001  0.0000000E+000
 162.000    11061986  0.4325441E+001  0.3097494E+001  0.2006544E+001  0.6466682E+001 -0.2263163E+001  0.0000000E+000
 163.000    12061986  0.4369191E+001  0.3097969E+001  0.2025483E+001  0.6571745E+001 -0.2306997E+001  0.0000000E+000
 164.000    13061986  0.4417910E+001  0.3099784E+001  0.2043746E+001  0.6679021E+001 -0.2348390E+001  0.0000000E+000
 165.000    14061986  0.3706032E+001  0.3106608E+001  0.2060994E+001  0.6783547E+001 -0.2385086E+001  0.0000000E+000
 166.000    15061986  0.3753696E+001  0.3112721E+001  0.2086071E+001  0.6888398E+001 -0.2422241E+001  0.0000000E+000
 167.000    16061986  0.3799712E+001  0.3119393E+001  0.2107765E+001  0.6991668E+001 -0.2457979E+001  0.0000000E+000
 168.000    17061986  0.3843895E+001  0.3125728E+001  0.2132942E+001  0.7098980E+001 -0.2499675E+001  0.0000000E+000
 169.000    18061986  0.3887177E+001  0.3134696E+001  0.2152865E+001  0.7199848E+001 -0.2535112E+001  0.0000000E+000
 170.000    19061986  0.3931068E+001  0.3146911E+001  0.2170072E+001  0.7301825E+001 -0.2568273E+001  0.0000000E+000
 171.000    20061986  0.3956360E+001  0.3154996E+001  0.2190021E+001  0.7389268E+001 -0.2608145E+001  0.0000000E+000
 172.000    21061986  0.4006503E+001  0.3162385E+001  0.2207581E+001  0.7497391E+001 -0.2645017E+001  0.0000000E+000
 173.000    22061986  0.4052430E+001  0.3173749E+001  0.2222475E+001  0.7601476E+001 -0.2678640E+001  0.0000000E+000
 174.000    23061986  0.2279994E+001  0.3184037E+001  0.2243451E+001  0.7706625E+001 -0.2715496E+001  0.0000000E+000
 175.000    24061986  0.2327625E+001  0.3191461E+001  0.2270011E+001  0.7819584E+001 -0.2758178E+001  0.0000000E+000
 176.000    25061986  0.2370200E+001  0.3201712E+001  0.2288844E+001  0.7924999E+001 -0.2796160E+001  0.0000000E+000
 177.000    26061986  0.2410561E+001  0.3214372E+001  0.2306228E+001  0.8028711E+001 -0.2832605E+001  0.0000000E+000
 178.000    27061986  0.2453153E+001  0.3222897E+001  0.2327153E+001  0.8140350E+001 -0.2876806E+001  0.0000000E+000
 179.000    28061986  0.2486017E+001  0.3228811E+001  0.2346521E+001  0.8243422E+001 -0.2924052E+001  0.0000000E+000
 180.000    29061986  0.2526280E+001  0.3232450E+001  0.2364899E+001  0.8352394E+001 -0.2971240E+001  0.0000000E+000
 181.000    30061986  0.2557073E+001  0.3237275E+001  0.2382232E+001  0.8450076E+001 -0.3016607E+001  0.0000000E+000
 182.000    01071986  0.2611573E+001  0.3242096E+001  0.2398491E+001  0.8568774E+001 -0.3059006E+001  0.0000000E+000
 183.000    02071986  0.2661808E+001  0.3249481E+001  0.2414096E+001  0.8687606E+001 -0.3103943E+001  0.0000000E+000
 184.000    03071986  0.2697116E+001  0.3257313E+001  0.2427462E+001  0.8790026E+001 -0.3145597E+001  0.0000000E+000
 185.000    04071986  0.2743553E+001  0.3269023E+001  0.2437572E+001  0.8901444E+001 -0.3184000E+001  0.0000000E+000
 186.000    05071986  0.2769873E+001  0.3278953E+001  0.2450999E+001  0.8994339E+001 -0.3225323E+001  0.0000000E+000
 187.000    06071986  0.2801794E+001  0.3285054E+001  0.2461213E+001  0.9092888E+001 -0.3269701E+001  0.0000000E+000
 188.000    07071986  0.2831495E+001  0.3288063E+001  0.2468766E+001  0.9190246E+001 -0.3317740E+001  0.0000000E+000
 189.000    08071986  0.2867014E+001  0.3287713E+001  0.2474986E+001  0.9294936E+001 -0.3369876E+001  0.0000000E+000
 190.000    09071986  0.2913479E+001  0.3287704E+001  0.2483025E+001  0.9409990E+001 -0.3421582E+001  0.0000000E+000
 191.000    10071986  0.2956647E+001  0.3289525E+001  0.2491647E+001  0.9519111E+001 -0.3470077E+001  0.0000000E+000
 192.000    11071986  0.3023463E+001  0.3291430E+001  0.2500303E+001  0.9655019E+001 -0.3520240E+001  0.0000000E+000
 193.000    12071986  0.3064177E+001  0.3294953E+001  0.2506684E+001  0.9767209E+001 -0.3572081E+001  0.0000000E+000
 194.000    13071986  0.3126808E+001  0.3299902E+001  0.2514435E+001  0.9900116E+001 -0.3621882E+001  0.0000000E+000
 195.000    14071986  0.3160555E+001  0.3305756E+001  0.2518423E+001  0.1000573E+002 -0.3672347E+001  0.0000000E+000
 196.000    15071986  0.3223380E+001  0.3312719E+001  0.2523863E+001  0.1013781E+002 -0.3719765E+001  0.0000000E+000
 197.000    16071986  0.3264656E+001  0.3319156E+001  0.2530037E+001  0.1024835E+002 -0.3768020E+001  0.0000000E+000
 198.000    17071986  0.3330499E+001  0.3323886E+001  0.2536489E+001  0.1038730E+002 -0.3820867E+001  0.0000000E+000
 199.000    18071986  0.3365987E+001  0.3327574E+001  0.2539105E+001  0.1049550E+002 -0.3874481E+001  0.0000000E+000
 200.000    19071986  0.3415921E+001  0.3330060E+001  0.2539916E+001  0.1061737E+002 -0.3928558E+001  0.0000000E+000
 201.000    20071986  0.3461806E+001  0.3332536E+001  0.2544958E+001  0.1073549E+002 -0.3983310E+001  0.0000000E+000
 202.000    21071986  0.3513166E+001  0.3332832E+001  0.2549383E+001  0.1085827E+002 -0.4039485E+001  0.0000000E+000
 203.000    22071986  0.3589831E+001  0.3334891E+001  0.2555548E+001  0.1100328E+002 -0.4091887E+001  0.0000000E+000
 204.000    23071986  0.3643591E+001  0.3338721E+001  0.2560991E+001  0.1112489E+002 -0.4142526E+001  0.0000000E+000
 205.000    24071986  0.3722981E+001  0.3343851E+001  0.2566866E+001  0.1127188E+002 -0.4191890E+001  0.0000000E+000
 206.000    25071986  0.3802205E+001  0.3350806E+001  0.2572918E+001  0.1142318E+002 -0.4243430E+001  0.0000000E+000
 207.000    26071986  0.3852094E+001  0.3358309E+001  0.2577039E+001  0.1154314E+002 -0.4292860E+001  0.0000000E+000
 208.000    27071986  0.3925244E+001  0.3364608E+001  0.2582014E+001  0.1168696E+002 -0.4343828E+001  0.0000000E+000
 209.000    28071986  0.4013421E+001  0.3367999E+001  0.2587406E+001  0.1185030E+002 -0.4399445E+001  0.0000000E+000
 210.000    29071986  0.4064558E+001  0.3370564E+001  0.2593810E+001  0.1197632E+002 -0.4454846E+001  0.0000000E+000
 211.000    30071986  0.4126011E+001  0.3376331E+001  0.2596945E+001  0.1210689E+002 -0.4505212E+001  0.0000000E+000
 212.000    31071986  0.4192168E+001  0.3386477E+001  0.2599662E+001  0.1223845E+002 -0.4548628E+001  0.0000000E+000
 213.000    01081986  0.4265915E+001  0.3396606E+001  0.2601472E+001  0.1238161E+002 -0.4595653E+001  0.0000000E+000
 214.000    02081986  0.4350477E+001  0.3403498E+001  0.2605818E+001  0.1254023E+002 -0.4649570E+001  0.0000000E+000
 215.000    03081986  0.4431534E+001  0.3409317E+001  0.2608507E+001  0.1269472E+002 -0.4702824E+001  0.0000000E+000
 216.000    04081986  0.4502669E+001  0.3415806E+001  0.2609554E+001  0.1283848E+002 -0.4753435E+001  0.0000000E+000
 217.000    05081986  0.4576716E+001  0.3425053E+001  0.2609263E+001  0.1298334E+002 -0.4801025E+001  0.0000000E+000
 218.000    06081986  0.4648453E+001  0.3433932E+001  0.2609007E+001  0.1312825E+002 -0.4849751E+001  0.0000000E+000
 219.000    07081986  0.4718988E+001  0.3440810E+001  0.2608389E+001  0.1327354E+002 -0.4900333E+001  0.0000000E+000
 220.000    08081986  0.4754599E+001  0.3445129E+001  0.2605350E+001  0.1338570E+002 -0.4955163E+001  0.0000000E+000
 221.000    09081986  0.4809679E+001  0.3448652E+001  0.2600920E+001  0.1351235E+002 -0.5008344E+001  0.0000000E+000
 222.000    10081986  0.4879420E+001  0.3450669E+001  0.2595716E+001  0.1365284E+002 -0.5061019E+001  0.0000000E+000
 223.000    11081986  0.4946487E+001  0.3452757E+001  0.2590247E+001  0.1379113E+002 -0.5113282E+001  0.0000000E+000
 224.000    12081986  0.5008734E+001  0.3458119E+001  0.2585286E+001  0.1391855E+002 -0.5158567E+001  0.0000000E+000
 225.000    13081986  0.5047716E+001  0.3467708E+001  0.2580618E+001  0.1401936E+002 -0.5197584E+001  0.0000000E+000
 226.000    14081986  0.5112244E+001  0.3475381E+001  0.2574496E+001  0.1414875E+002 -0.5240806E+001  0.0000000E+000
 227.000    15081986  0.5153549E+001  0.3481200E+001  0.2565619E+001  0.1426075E+002 -0.5288583E+001  0.0000000E+000
 228.000    16081986  0.5203501E+001  0.3484296E+001  0.2555690E+001  0.1438257E+002 -0.5339447E+001  0.0000000E+000
 229.000    17081986  0.5257536E+001  0.3487051E+001  0.2547872E+001  0.1450132E+002 -0.5385221E+001  0.0000000E+000
 230.000    18081986  0.5300911E+001  0.3491483E+001  0.2540704E+001  0.1460594E+002 -0.5426936E+001  0.0000000E+000
 231.000    19081986  0.5370862E+001  0.3496314E+001  0.2532900E+001  0.1473908E+002 -0.5469860E+001  0.0000000E+000
 232.000    20081986  0.5397883E+001  0.3505510E+001  0.2527336E+001  0.1482036E+002 -0.5501306E+001  0.0000000E+000
 233.000    21081986  0.5454889E+001  0.3515419E+001  0.2521116E+001  0.1493580E+002 -0.5534525E+001  0.0000000E+000
 234.000    22081986  0.5494834E+001  0.3521216E+001  0.2513101E+001  0.1504173E+002 -0.5577435E+001  0.0000000E+000
 235.000    23081986  0.5550348E+001  0.3527307E+001  0.2503688E+001  0.1516099E+002 -0.5617137E+001  0.0000000E+000
 236.000    24081986  0.5589934E+001  0.3531510E+001  0.2491507E+001  0.1527063E+002 -0.5662626E+001  0.0000000E+000
 237.000    25081986  0.5642164E+001  0.3537815E+001  0.2480741E+001  0.1538607E+002 -0.5700590E+001  0.0000000E+000
 238.000    26081986  0.5695882E+001  0.3542404E+001  0.2466569E+001  0.1551381E+002 -0.5746394E+001  0.0000000E+000
 239.000    27081986  0.5737882E+001  0.3544839E+001  0.2453404E+001  0.1563142E+002 -0.5796200E+001  0.0000000E+000
 240.000    28081986  0.5772151E+001  0.3544264E+001  0.2440874E+001  0.1573426E+002 -0.5841495E+001  0.0000000E+000
 241.000    29081986  0.5812129E+001  0.3553775E+001  0.2433929E+001  0.1582281E+002 -0.5865474E+001  0.0000000E+000
 242.000    30081986  0.5847334E+001  0.3566761E+001  0.2425996E+001  0.1591178E+002 -0.5890951E+001  0.0000000E+000
 243.000    31081986  0.5874737E+001  0.3576643E+001  0.2417858E+001  0.1599441E+002 -0.5919922E+001  0.0000000E+000
 244.000    01091986  0.5917101E+001  0.3585434E+001  0.2409289E+001  0.1609179E+002 -0.5949568E+001  0.0000000E+000
 245.000    02091986  0.5961044E+001  0.3591839E+001  0.2400252E+001  0.1619496E+002 -0.5981959E+001  0.0000000E+000
 246.000    03091986  0.6005282E+001  0.3597902E+001  0.2390309E+001  0.1630186E+002 -0.6016632E+001  0.0000000E+000
 247.000    04091986  0.6049604E+001  0.3604847E+001  0.2379145E+001  0.1641270E+002 -0.6054843E+001  0.0000000E+000
 248.000    05091986  0.6081611E+001  0.3610502E+001  0.2368817E+001  0.1650634E+002 -0.6089189E+001  0.0000000E+000
 249.000    06091986  0.6121970E+001  0.3616741E+001  0.2356069E+001  0.1661361E+002 -0.6125539E+001  0.0000000E+000
 250.000    07091986  0.6159787E+001  0.3621730E+001  0.2341999E+001  0.1672178E+002 -0.6164509E+001  0.0000000E+000
 251.000    08091986  0.6194828E+001  0.3627563E+001  0.2330407E+001  0.1681907E+002 -0.6198251E+001  0.0000000E+000
 252.000    09091986  0.6231668E+001  0.3634282E+001  0.2319441E+001  0.1691889E+002 -0.6231203E+001  0.0000000E+000
 253.000    10091986  0.6267331E+001  0.3641587E+001  0.2305522E+001  0.1702517E+002 -0.6269436E+001  0.0000000E+000
 254.000    11091986  0.6302562E+001  0.3642003E+001  0.2287674E+001  0.1713888E+002 -0.6314798E+001  0.0000000E+000
 255.000    12091986  0.6338379E+001  0.3636178E+001  0.2268026E+001  0.1725662E+002 -0.6364519E+001  0.0000000E+000
 256.000    13091986  0.6371697E+001  0.3635412E+001  0.2253684E+001  0.1735561E+002 -0.6403126E+001  0.0000000E+000
 257.000    14091986  0.6407216E+001  0.3638687E+001  0.2241093E+001  0.1745130E+002 -0.6435091E+001  0.0000000E+000
 258.000    15091986  0.6442077E+001  0.3645442E+001  0.2228740E+001  0.1754725E+002 -0.6467635E+001  0.0000000E+000
 259.000    16091986  0.6476983E+001  0.3647520E+001  0.2213421E+001  0.1765217E+002 -0.6506865E+001  0.0000000E+000
 260.000    17091986  0.6500189E+001  0.3652274E+001  0.2203428E+001  0.1772916E+002 -0.6535505E+001  0.0000000E+000
 261.000    18091986  0.6529189E+001  0.3660342E+001  0.2194220E+001  0.1780979E+002 -0.6560431E+001  0.0000000E+000
 262.000    19091986  0.6562416E+001  0.3666429E+001  0.2180834E+001  0.1790816E+002 -0.6595276E+001  0.0000000E+000
 263.000    20091986  0.6594808E+001  0.3666372E+001  0.2164122E+001  0.1801318E+002 -0.6638336E+001  0.0000000E+000
 264.000    21091986  0.6625866E+001  0.3664009E+001  0.2146698E+001  0.1811573E+002 -0.6682413E+001  0.0000000E+000
 265.000    22091986  0.6658145E+001  0.3662239E+001  0.2131766E+001  0.1821647E+002 -0.6725547E+001  0.0000000E+000
 266.000    23091986  0.6688651E+001  0.3661714E+001  0.2115962E+001  0.1831700E+002 -0.6767836E+001  0.0000000E+000
 267.000    24091986  0.6720464E+001  0.3658847E+001  0.2099105E+001  0.1842089E+002 -0.6813360E+001  0.0000000E+000
 268.000    25091986  0.6750537E+001  0.3653220E+001  0.2079406E+001  0.1852827E+002 -0.6863966E+001  0.0000000E+000
 269.000    26091986  0.6779751E+001  0.3646028E+001  0.2059887E+001  0.1863150E+002 -0.6912911E+001  0.0000000E+000
 270.000    27091986  0.6812570E+001  0.3638721E+001  0.2042351E+001  0.1873600E+002 -0.6961784E+001  0.0000000E+000
 271.000    28091986  0.6852050E+001  0.3633534E+001  0.2027792E+001  0.1883907E+002 -0.7004641E+001  0.0000000E+000
 272.000    29091986  0.6887949E+001  0.3630288E+001  0.2014702E+001  0.1893610E+002 -0.7044933E+001  0.0000000E+000
 273.000    30091986  0.6920260E+001  0.3627098E+001  0.1997606E+001  0.1903540E+002 -0.7087642E+001  0.0000000E+000
 274.000    01101986  0.6950949E+001  0.3622601E+001  0.1978528E+001  0.1913352E+002 -0.7131127E+001  0.0000000E+000
 275.000    02101986  0.6984967E+001  0.3615740E+001  0.1960744E+001  0.1923464E+002 -0.7176935E+001  0.0000000E+000
 276.000    03101986  0.7019696E+001  0.3610394E+001  0.1945421E+001  0.1933027E+002 -0.7218085E+001  0.0000000E+000
 277.000    04101986  0.7044135E+001  0.3603024E+001  0.1928055E+001  0.1941827E+002 -0.7262287E+001  0.0000000E+000
 278.000    05101986  0.7079125E+001  0.3595377E+001  0.1910939E+001  0.1951154E+002 -0.7302073E+001  0.0000000E+000
 279.000    06101986  0.7110884E+001  0.3592679E+001  0.1900197E+001  0.1958501E+002 -0.7328975E+001  0.0000000E+000
 280.000    07101986  0.7129482E+001  0.3594661E+001  0.1894470E+001  0.1963437E+002 -0.7346045E+001  0.0000000E+000
 281.000    08101986  0.7158570E+001  0.3596513E+001  0.1888613E+001  0.1969765E+002 -0.7365764E+001  0.0000000E+000
 282.000    09101986  0.7190098E+001  0.3596130E+001  0.1879856E+001  0.1977326E+002 -0.7393328E+001  0.0000000E+000
 283.000    10101986  0.7214213E+001  0.3595516E+001  0.1871837E+001  0.1983601E+002 -0.7417750E+001  0.0000000E+000
 284.000    11101986  0.7236281E+001  0.3597643E+001  0.1866658E+001  0.1988864E+002 -0.7434979E+001  0.0000000E+000
 285.000    12101986  0.7260542E+001  0.3599824E+001  0.1860903E+001  0.1994631E+002 -0.7454136E+001  0.0000000E+000
 286.000    13101986  0.7287526E+001  0.3600392E+001  0.1852887E+001  0.2001312E+002 -0.7478732E+001  0.0000000E+000
 287.000    14101986  0.7317503E+001  0.3595961E+001  0.1842710E+001  0.2008956E+002 -0.7509191E+001  0.0000000E+000
 288.000    15101986  0.7332892E+001  0.3595857E+001  0.1836848E+001  0.2013550E+002 -0.7527902E+001  0.0000000E+000
 289.000    16101986  0.7348512E+001  0.3598725E+001  0.1833131E+001  0.2017498E+002 -0.7539704E+001  0.0000000E+000
 290.000    17101986  0.7369376E+001  0.3601816E+001  0.1828636E+001  0.2022266E+002 -0.7553045E+001  0.0000000E+000
 291.000    18101986  0.7389199E+001  0.3605446E+001  0.1824097E+001  0.2027010E+002 -0.7566847E+001  0.0000000E+000
 292.000    19101986  0.7404919E+001  0.3609512E+001  0.1820774E+001  0.2031115E+002 -0.7578864E+001  0.0000000E+000
 293.000    20101986  0.7420378E+001  0.3613848E+001  0.1816908E+001  0.2035160E+002 -0.7590112E+001  0.0000000E+000
 294.000    21101986  0.7434878E+001  0.3618028E+001  0.1813411E+001  0.2039684E+002 -0.7602891E+001  0.0000000E+000
 295.000    22101986  0.7365068E+001  0.3621685E+001  0.1809042E+001  0.2044828E+002 -0.7618432E+001  0.0000000E+000
 296.000    23101986  0.7302006E+001  0.3624160E+001  0.1803516E+001  0.2050476E+002 -0.7637371E+001  0.0000000E+000
 297.000    24101986  0.7241804E+001  0.3625772E+001  0.1797707E+001  0.2055653E+002 -0.7655809E+001  0.0000000E+000
 298.000    25101986  0.7184570E+001  0.3627361E+001  0.1792036E+001  0.2060459E+002 -0.7673328E+001  0.0000000E+000
 299.000    26101986  0.7136602E+001  0.3626739E+001  0.1784575E+001  0.2066366E+002 -0.7696573E+001  0.0000000E+000
 300.000    27101986  0.7092175E+001  0.3621777E+001  0.1775759E+001  0.2072353E+002 -0.7722617E+001  0.0000000E+000
 301.000    28101986  0.7046491E+001  0.3620419E+001  0.1769714E+001  0.2076848E+002 -0.7741101E+001  0.0000000E+000
 302.000    29101986  0.7007662E+001  0.3621693E+001  0.1764644E+001  0.2081499E+002 -0.7757108E+001  0.0000000E+000
 303.000    30101986  0.6972119E+001  0.3622436E+001  0.1758867E+001  0.2086287E+002 -0.7774617E+001  0.0000000E+000
 304.000    31101986  0.6939627E+001  0.3623240E+001  0.1753035E+001  0.2090989E+002 -0.7791832E+001  0.0000000E+000
 305.000    01111986  0.6910731E+001  0.3622657E+001  0.1746394E+001  0.2095919E+002 -0.7810946E+001  0.0000000E+000
 306.000    02111986  0.6882137E+001  0.3620059E+001  0.1739750E+001  0.2100709E+002 -0.7832413E+001  0.0000000E+000
 307.000    03111986  0.6854677E+001  0.3618364E+001  0.1734105E+001  0.2104987E+002 -0.7851480E+001  0.0000000E+000
 308.000    04111986  0.6832811E+001  0.3618103E+001  0.1729126E+001  0.2109402E+002 -0.7868401E+001  0.0000000E+000
 309.000    05111986  0.6811448E+001  0.3616000E+001  0.1723340E+001  0.2113905E+002 -0.7887651E+001  0.0000000E+000
 310.000    06111986  0.6793835E+001  0.3612443E+001  0.1714751E+001  0.2119116E+002 -0.7911040E+001  0.0000000E+000
 311.000    07111986  0.6773826E+001  0.3608882E+001  0.1708317E+001  0.2123283E+002 -0.7931499E+001  0.0000000E+000
 312.000    08111986  0.6759678E+001  0.3603724E+001  0.1699117E+001  0.2129038E+002 -0.7956277E+001  0.0000000E+000
 313.000    09111986  0.6638334E+001  0.3594931E+001  0.1688167E+001  0.2135208E+002 -0.7985868E+001  0.0000000E+000
 314.000    10111986  0.6517092E+001  0.3590644E+001  0.1682899E+001  0.2138957E+002 -0.8003814E+001  0.0000000E+000
 315.000    11111986  0.6402125E+001  0.3590263E+001  0.1679729E+001  0.2141857E+002 -0.8014789E+001  0.0000000E+000
 316.000    12111986  0.6291965E+001  0.3589405E+001  0.1676151E+001  0.2144524E+002 -0.8026416E+001  0.0000000E+000
 317.000    13111986  0.6188823E+001  0.3589691E+001  0.1673724E+001  0.2146766E+002 -0.8035031E+001  0.0000000E+000
 318.000    14111986  0.6079968E+001  0.3590200E+001  0.1669684E+001  0.2147273E+002 -0.8039246E+001  0.0000000E+000
 319.000    15111986  0.5974319E+001  0.3590002E+001  0.1665581E+001  0.2147273E+002 -0.8042610E+001  0.0000000E+000
 320.000    16111986  0.5876328E+001  0.3588599E+001  0.1664032E+001  0.2147273E+002 -0.8046141E+001  0.0000000E+000
 321.000    17111986  0.5811982E+001  0.3586667E+001  0.1660784E+001  0.2150771E+002 -0.8055115E+001  0.0000000E+000
 322.000    18111986  0.5751254E+001  0.3584307E+001  0.1656685E+001  0.2154540E+002 -0.8068330E+001  0.0000000E+000
 323.000    19111986  0.5685984E+001  0.3581391E+001  0.1652975E+001  0.2157193E+002 -0.8081521E+001  0.0000000E+000
 324.000    20111986  0.5616629E+001  0.3579973E+001  0.1650069E+001  0.2158103E+002 -0.8086594E+001  0.0000000E+000
 325.000    21111986  0.5559992E+001  0.3578609E+001  0.1647491E+001  0.2160001E+002 -0.8092656E+001  0.0000000E+000
 326.000    22111986  0.5503563E+001  0.3577377E+001  0.1644949E+001  0.2161432E+002 -0.8097970E+001  0.0000000E+000
 327.000    23111986  0.5454104E+001  0.3576234E+001  0.1642246E+001  0.2163254E+002 -0.8103809E+001  0.0000000E+000
 328.000    24111986  0.5418129E+001  0.3575115E+001  0.1639638E+001  0.2166742E+002 -0.8115046E+001  0.0000000E+000
 329.000    25111986  0.5382325E+001  0.3572260E+001  0.1636585E+001  0.2170106E+002 -0.8129182E+001  0.0000000E+000
 330.000    26111986  0.5350859E+001  0.3570690E+001  0.1633064E+001  0.2174120E+002 -0.8143393E+001  0.0000000E+000
 331.000    27111986  0.5230391E+001  0.3566134E+001  0.1628493E+001  0.2177702E+002 -0.8161311E+001  0.0000000E+000
 332.000    28111986  0.5117085E+001  0.3564277E+001  0.1625302E+001  0.2180604E+002 -0.8173876E+001  0.0000000E+000
 333.000    29111986  0.5012968E+001  0.3563305E+001  0.1622720E+001  0.2183605E+002 -0.8185589E+001  0.0000000E+000
 334.000    30111986  0.4908112E+001  0.3562603E+001  0.1620934E+001  0.2185387E+002 -0.8194236E+001  0.0000000E+000
 335.000    01121986  0.4816127E+001  0.3562296E+001  0.1619571E+001  0.2186848E+002 -0.8201037E+001  0.0000000E+000
 336.000    02121986  0.4738227E+001  0.3562046E+001  0.1617597E+001  0.2189352E+002 -0.8209497E+001  0.0000000E+000
 337.000    03121986  0.4662957E+001  0.3561171E+001  0.1615159E+001  0.2191720E+002 -0.8219799E+001  0.0000000E+000
 338.000    04121986  0.4585852E+001  0.3560482E+001  0.1613239E+001  0.2192847E+002 -0.8225737E+001  0.0000000E+000
 339.000    05121986  0.4512677E+001  0.3559581E+001  0.1609606E+001  0.2193764E+002 -0.8229998E+001  0.0000000E+000
 340.000    06121986  0.4442364E+001  0.3558358E+001  0.1605848E+001  0.2194399E+002 -0.8233584E+001  0.0000000E+000
 341.000    07121986  0.4379462E+001  0.3556685E+001  0.1603010E+001  0.2195326E+002 -0.8237419E+001  0.0000000E+000
 342.000    08121986  0.4323570E+001  0.3554774E+001  0.1600327E+001  0.2196547E+002 -0.8241468E+001  0.0000000E+000
 343.000    09121986  0.4281365E+001  0.3552874E+001  0.1598826E+001  0.2199094E+002 -0.8247857E+001  0.0000000E+000
 344.000    10121986  0.4245495E+001  0.3550392E+001  0.1596054E+001  0.2202710E+002 -0.8261799E+001  0.0000000E+000
 345.000    11121986  0.4204759E+001  0.3547445E+001  0.1594015E+001  0.2205045E+002 -0.8273357E+001  0.0000000E+000
 346.000    12121986  0.4165860E+001  0.3545809E+001  0.1592614E+001  0.2206798E+002 -0.8279868E+001  0.0000000E+000
 347.000    13121986  0.4120302E+001  0.3544224E+001  0.1590200E+001  0.2207424E+002 -0.8284831E+001  0.0000000E+000
 348.000    14121986  0.4073226E+001  0.3542159E+001  0.1586425E+001  0.2207814E+002 -0.8288139E+001  0.0000000E+000
 349.000    15121986  0.3960716E+001  0.3539694E+001  0.1583912E+001  0.2208679E+002 -0.8291706E+001  0.0000000E+000
 350.000    16121986  0.3857706E+001  0.3537160E+001  0.1581785E+001  0.2209792E+002 -0.8295614E+001  0.0000000E+000
 351.000    17121986  0.3765293E+001  0.3534616E+001  0.1580091E+001  0.2211336E+002 -0.8300064E+001  0.0000000E+000
 352.000    18121986  0.3681068E+001  0.3532201E+001  0.1579380E+001  0.2213079E+002 -0.8304941E+001  0.0000000E+000
 353.000    19121986  0.3604066E+001  0.3529743E+001  0.1576797E+001  0.2214047E+002 -0.8309312E+001  0.0000000E+000
 354.000    20121986  0.3535300E+001  0.3527260E+001  0.1575221E+001  0.2215353E+002 -0.8313966E+001  0.0000000E+000
 355.000    21121986  0.3466782E+001  0.3524714E+001  0.1572521E+001  0.2216113E+002 -0.8317883E+001  0.0000000E+000
 356.000    22121986  0.3401083E+001  0.3521920E+001  0.1571065E+001  0.2216633E+002 -0.8321211E+001  0.0000000E+000
 357.000    23121986  0.3342227E+001  0.3518816E+001  0.1570209E+001  0.2217413E+002 -0.8324690E+001  0.0000000E+000
 358.000    24121986  0.3297799E+001  0.3515851E+001  0.1569789E+001  0.2219524E+002 -0.8330051E+001  0.0000000E+000
 359.000    25121986  0.3254455E+001  0.3513125E+001  0.1569364E+001  0.2221393E+002 -0.8335363E+001  0.0000000E+000
 360.000    26121986  0.3213109E+001  0.3510694E+001  0.1568748E+001  0.2223130E+002 -0.8340958E+001  0.0000000E+000
 361.000    27121986  0.3170683E+001  0.3508552E+001  0.1567795E+001  0.2224324E+002 -0.8346162E+001  0.0000000E+000
 362.000    28121986  0.3129940E+001  0.3506195E+001  0.1564662E+001  0.2225363E+002 -0.8350676E+001  0.0000000E+000
 363.000    29121986  0.3089718E+001  0.3503626E+001  0.1561754E+001  0.2226104E+002 -0.8354437E+001  0.0000000E+000
 364.000    30121986  0.3054690E+001  0.3500888E+001  0.1561130E+001  0.2227135E+002 -0.8358333E+001  0.0000000E+000
 365.000    31121986  0.3018153E+001  0.3498004E+001  0.1559677E+001  0.2227758E+002 -0.8362198E+001  0.0000000E+000
