    DOY     DATE    RESIDUE_C       HUMUS_C         ATM_CO2         NBP             ECO_LAI         ECO_GPP         ECO_RA          ECO_NPP         ECO_RH          
   1.000    01011980  0.7734125E+003  0.6843932E+004  0.3406120E+003  0.1125780E+001  0.1268114E+002  0.3372006E+001 -0.1883501E+001  0.1488505E+001 -0.2540621E+000
   2.000    02011980  0.7739360E+003  0.6843976E+004  0.3406120E+003  0.1439370E+001  0.1266367E+002  0.5935944E+001 -0.3787352E+001  0.2148592E+001 -0.4914054E+000
   3.000    03011980  0.7744966E+003  0.6844021E+004  0.3406120E+003  0.1979740E+001  0.1264591E+002  0.8670173E+001 -0.5642852E+001  0.3027322E+001 -0.7195824E+000
   4.000    04011980  0.7752119E+003  0.6844066E+004  0.3406120E+003  0.1866890E+001  0.1262551E+002  0.1059014E+002 -0.7372446E+001  0.3217698E+001 -0.9411226E+000
   5.000    05011980  0.7759953E+003  0.6844113E+004  0.3406120E+003  0.1415967E+001  0.1260431E+002  0.1203808E+002 -0.9039121E+001  0.2998954E+001 -0.1157427E+001
   6.000    06011980  0.7768159E+003  0.6844161E+004  0.3406120E+003  0.1082862E+001  0.1258190E+002  0.1343819E+002 -0.1057147E+002  0.2866721E+001 -0.1339190E+001
   7.000    07011980  0.7775127E+003  0.6844209E+004  0.3406120E+003  0.1930993E+001  0.1256325E+002  0.1598643E+002 -0.1219287E+002  0.3793557E+001 -0.1508292E+001
   8.000    08011980  0.7781064E+003  0.6844257E+004  0.3406120E+003  0.2746057E+001  0.1254798E+002  0.1899098E+002 -0.1404313E+002  0.4947847E+001 -0.1693547E+001
   9.000    09011980  0.7785377E+003  0.6844301E+004  0.3406120E+003  0.3338980E+001  0.1253495E+002  0.2188318E+002 -0.1601306E+002  0.5870120E+001 -0.1930833E+001
  10.000    10011980  0.7790678E+003  0.6844347E+004  0.3406120E+003  0.3248534E+001  0.1251637E+002  0.2393274E+002 -0.1781088E+002  0.6121859E+001 -0.2146323E+001
  11.000    11011980  0.7794292E+003  0.6844391E+004  0.3406120E+003  0.4846691E+001  0.1250587E+002  0.2849503E+002 -0.2051848E+002  0.7976545E+001 -0.2401564E+001
  12.000    12011980  0.7794044E+003  0.6844423E+004  0.3406120E+003  0.5312936E+001  0.1250252E+002  0.3259717E+002 -0.2374759E+002  0.8849584E+001 -0.2759605E+001
  13.000    13011980  0.7800998E+003  0.6844468E+004  0.3406120E+003  0.5553276E+001  0.1247715E+002  0.3492722E+002 -0.2548857E+002  0.9438642E+001 -0.2991852E+001
  14.000    14011980  0.7805465E+003  0.6844513E+004  0.3406120E+003  0.6589410E+001  0.1246726E+002  0.3827558E+002 -0.2745947E+002  0.1081611E+002 -0.3241197E+001
  15.000    15011980  0.7806484E+003  0.6844553E+004  0.3406120E+003  0.7978084E+001  0.1246518E+002  0.4283660E+002 -0.3027636E+002  0.1256025E+002 -0.3541189E+001
  16.000    16011980  0.7807397E+003  0.6844590E+004  0.3406120E+003  0.9052792E+001  0.1246022E+002  0.4713795E+002 -0.3308696E+002  0.1405099E+002 -0.3867458E+001
  17.000    17011980  0.7809240E+003  0.6844629E+004  0.3406120E+003  0.1031370E+002  0.1245219E+002  0.5107922E+002 -0.3538323E+002  0.1569598E+002 -0.4177087E+001
  18.000    18011980  0.7808850E+003  0.6844667E+004  0.3406120E+003  0.1185249E+002  0.1244513E+002  0.5570660E+002 -0.3818135E+002  0.1752525E+002 -0.4515801E+001
  19.000    19011980  0.7810013E+003  0.6844703E+004  0.3406120E+003  0.1239322E+002  0.1243387E+002  0.5941823E+002 -0.4100083E+002  0.1841740E+002 -0.4857162E+001
  20.000    20011980  0.7813187E+003  0.6844745E+004  0.3406120E+003  0.1356125E+002  0.1241819E+002  0.6318328E+002 -0.4326485E+002  0.1991843E+002 -0.5147334E+001
  21.000    21011980  0.7814571E+003  0.6844787E+004  0.3406120E+003  0.1462284E+002  0.1240804E+002  0.6703136E+002 -0.4566271E+002  0.2136865E+002 -0.5449950E+001
  22.000    22011980  0.7816869E+003  0.6844830E+004  0.3406120E+003  0.1637035E+002  0.1239657E+002  0.7143074E+002 -0.4795813E+002  0.2347260E+002 -0.5741835E+001
  23.000    23011980  0.7815668E+003  0.6844866E+004  0.3406120E+003  0.1759202E+002  0.1238804E+002  0.7582328E+002 -0.5081055E+002  0.2501273E+002 -0.6099517E+001
  24.000    24011980  0.7822279E+003  0.6844914E+004  0.3406120E+003  0.1719574E+002  0.1236097E+002  0.7740164E+002 -0.5245598E+002  0.2494565E+002 -0.6328353E+001
  25.000    25011980  0.7827284E+003  0.6844963E+004  0.3406120E+003  0.1800763E+002  0.1234567E+002  0.8090645E+002 -0.5478781E+002  0.2611864E+002 -0.6557617E+001
  26.000    26011980  0.7828722E+003  0.6845006E+004  0.3406120E+003  0.1945408E+002  0.1233560E+002  0.8525934E+002 -0.5730931E+002  0.2795003E+002 -0.6853811E+001
  27.000    27011980  0.7833281E+003  0.6845050E+004  0.3406120E+003  0.1950223E+002  0.1232017E+002  0.8759284E+002 -0.5925585E+002  0.2833698E+002 -0.7132378E+001
  28.000    28011980  0.7837934E+003  0.6845098E+004  0.3406120E+003  0.2081973E+002  0.1230378E+002  0.9122215E+002 -0.6127053E+002  0.2995162E+002 -0.7375692E+001
  29.000    29011980  0.7839071E+003  0.6845142E+004  0.3406120E+003  0.2277915E+002  0.1229424E+002  0.9578957E+002 -0.6354384E+002  0.3224573E+002 -0.7665897E+001
  30.000    30011980  0.7855207E+003  0.6845192E+004  0.3406120E+003  0.2203867E+002  0.1226385E+002  0.9691362E+002 -0.6512947E+002  0.3178415E+002 -0.7885071E+001
  31.000    31011980  0.7863331E+003  0.6845244E+004  0.3406120E+003  0.2109002E+002  0.1224158E+002  0.9756940E+002 -0.6647825E+002  0.3109115E+002 -0.8061285E+001
  32.000    01021980  0.7869879E+003  0.6845296E+004  0.3406120E+003  0.1989290E+002  0.1222295E+002  0.9777795E+002 -0.6761966E+002  0.3015829E+002 -0.8234365E+001
  33.000    02021980  0.7876326E+003  0.6845348E+004  0.3406120E+003  0.1873808E+002  0.1220478E+002  0.9801101E+002 -0.6873739E+002  0.2927362E+002 -0.8403347E+001
  34.000    03021980  0.7882986E+003  0.6845400E+004  0.3406120E+003  0.1764893E+002  0.1218626E+002  0.9832263E+002 -0.6986954E+002  0.2845309E+002 -0.8569451E+001
  35.000    04021980  0.7890654E+003  0.6845452E+004  0.3406120E+003  0.1666873E+002  0.1216599E+002  0.9883634E+002 -0.7110247E+002  0.2773387E+002 -0.8737924E+001
  36.000    05021980  0.7897774E+003  0.6845504E+004  0.3406120E+003  0.1600779E+002  0.1214730E+002  0.9967354E+002 -0.7234674E+002  0.2732680E+002 -0.8905663E+001
  37.000    06021980  0.7905926E+003  0.6845555E+004  0.3406120E+003  0.1501847E+002  0.1212585E+002  0.1002459E+003 -0.7365304E+002  0.2659287E+002 -0.9082317E+001
  38.000    07021980  0.7913525E+003  0.6845606E+004  0.3406120E+003  0.1459340E+002  0.1210529E+002  0.1014595E+003 -0.7502931E+002  0.2643018E+002 -0.9266230E+001
  39.000    08021980  0.7921181E+003  0.6845656E+004  0.3406120E+003  0.1430321E+002  0.1208453E+002  0.1028433E+003 -0.7643397E+002  0.2640931E+002 -0.9456582E+001
  40.000    09021980  0.7929137E+003  0.6845706E+004  0.3406120E+003  0.1361252E+002  0.1206288E+002  0.1037638E+003 -0.7777453E+002  0.2598923E+002 -0.9651477E+001
  41.000    10021980  0.7937108E+003  0.6845755E+004  0.3406120E+003  0.1341577E+002  0.1204103E+002  0.1052776E+003 -0.7920460E+002  0.2607302E+002 -0.9857744E+001
  42.000    11021980  0.7943494E+003  0.6845804E+004  0.3406120E+003  0.1340280E+002  0.1202233E+002  0.1069631E+003 -0.8060796E+002  0.2635518E+002 -0.1006705E+002
  43.000    12021980  0.7950551E+003  0.6845854E+004  0.3406120E+003  0.1350112E+002  0.1200211E+002  0.1088454E+003 -0.8208967E+002  0.2675573E+002 -0.1028180E+002
  44.000    13021980  0.7957629E+003  0.6845903E+004  0.3406120E+003  0.1345778E+002  0.1198172E+002  0.1105827E+003 -0.8356350E+002  0.2701923E+002 -0.1050018E+002
  45.000    14021980  0.7963000E+003  0.6845952E+004  0.3406120E+003  0.1448079E+002  0.1196554E+002  0.1137953E+003 -0.8544063E+002  0.2835471E+002 -0.1072254E+002
  46.000    15021980  0.7967070E+003  0.6846000E+004  0.3406120E+003  0.1630841E+002  0.1195168E+002  0.1182049E+003 -0.8772141E+002  0.3048352E+002 -0.1094979E+002
  47.000    16021980  0.7968434E+003  0.6846050E+004  0.3406120E+003  0.1880764E+002  0.1194274E+002  0.1234460E+003 -0.9020921E+002  0.3323676E+002 -0.1117776E+002
  48.000    17021980  0.7975315E+003  0.6846099E+004  0.3406120E+003  0.1811986E+002  0.1192176E+002  0.1245359E+003 -0.9173423E+002  0.3280170E+002 -0.1140501E+002
  49.000    18021980  0.7981562E+003  0.6846148E+004  0.3406120E+003  0.1807649E+002  0.1190357E+002  0.1261761E+003 -0.9314738E+002  0.3302870E+002 -0.1162545E+002
  50.000    19021980  0.7986730E+003  0.6846198E+004  0.3406120E+003  0.1914681E+002  0.1188870E+002  0.1293576E+003 -0.9498607E+002  0.3437150E+002 -0.1184600E+002
  51.000    20021980  0.7990219E+003  0.6846248E+004  0.3406120E+003  0.2142638E+002  0.1187660E+002  0.1342142E+003 -0.9731345E+002  0.3690076E+002 -0.1206978E+002
  52.000    21021980  0.7992702E+003  0.6846298E+004  0.3406120E+003  0.2423075E+002  0.1186834E+002  0.1404300E+003 -0.1005017E+003  0.3992835E+002 -0.1229165E+002
  53.000    22021980  0.7993909E+003  0.6846349E+004  0.3406120E+003  0.2720425E+002  0.1186615E+002  0.1486926E+003 -0.1055811E+003  0.4311149E+002 -0.1251217E+002
  54.000    23021980  0.7993644E+003  0.6846384E+004  0.3406120E+003  0.2945594E+002  0.1186152E+002  0.1566716E+003 -0.1108857E+003  0.4578590E+002 -0.1291721E+002
  55.000    24021980  0.7992353E+003  0.6846412E+004  0.3406120E+003  0.3152914E+002  0.1186084E+002  0.1636120E+003 -0.1152190E+003  0.4839301E+002 -0.1337577E+002
  56.000    25021980  0.7991330E+003  0.6846446E+004  0.3406120E+003  0.3368190E+002  0.1184896E+002  0.1690526E+003 -0.1180309E+003  0.5102178E+002 -0.1378829E+002
  57.000    26021980  0.7996561E+003  0.6846493E+004  0.3406120E+003  0.3349146E+002  0.1182968E+002  0.1709767E+003 -0.1198546E+003  0.5112215E+002 -0.1409061E+002
  58.000    27021980  0.8002095E+003  0.6846547E+004  0.3406120E+003  0.3450017E+002  0.1181258E+002  0.1738152E+003 -0.1214781E+003  0.5233716E+002 -0.1428731E+002
  59.000    28021980  0.8007867E+003  0.6846601E+004  0.3406120E+003  0.3565547E+002  0.1179706E+002  0.1770657E+003 -0.1232309E+003  0.5383482E+002 -0.1446978E+002
  60.000    29021980  0.8020642E+003  0.6846653E+004  0.3406120E+003  0.3678902E+002  0.1177612E+002  0.1803875E+003 -0.1250917E+003  0.5529576E+002 -0.1470876E+002
  61.000    01031980  0.8027865E+003  0.6846707E+004  0.3406120E+003  0.3545515E+002  0.1175748E+002  0.1805466E+003 -0.1263444E+003  0.5420220E+002 -0.1489305E+002
  62.000    02031980  0.8033078E+003  0.6846761E+004  0.3406120E+003  0.3428934E+002  0.1174388E+002  0.1805786E+003 -0.1273010E+003  0.5327758E+002 -0.1506418E+002
  63.000    03031980  0.8038630E+003  0.6846815E+004  0.3406120E+003  0.3330765E+002  0.1173006E+002  0.1808457E+003 -0.1283007E+003  0.5254499E+002 -0.1523606E+002
  64.000    04031980  0.8044211E+003  0.6846868E+004  0.3406120E+003  0.3323690E+002  0.1171546E+002  0.1822238E+003 -0.1294920E+003  0.5273186E+002 -0.1541711E+002
  65.000    05031980  0.8049975E+003  0.6846921E+004  0.3406120E+003  0.3521024E+002  0.1169865E+002  0.1861175E+003 -0.1311590E+003  0.5495845E+002 -0.1561620E+002
  66.000    06031980  0.8053586E+003  0.6846972E+004  0.3406120E+003  0.3759717E+002  0.1168674E+002  0.1908013E+003 -0.1332329E+003  0.5756845E+002 -0.1582642E+002
  67.000    07031980  0.8057812E+003  0.6847024E+004  0.3406120E+003  0.3996983E+002  0.1167526E+002  0.1961703E+003 -0.1360291E+003  0.6014119E+002 -0.1604318E+002
  68.000    08031980  0.8058483E+003  0.6847076E+004  0.3406120E+003  0.4333436E+002  0.1167240E+002  0.2035301E+003 -0.1398615E+003  0.6366862E+002 -0.1625901E+002
  69.000    09031980  0.8059339E+003  0.6847128E+004  0.3406120E+003  0.4699136E+002  0.1166904E+002  0.2113482E+003 -0.1438108E+003  0.6753735E+002 -0.1646768E+002
  70.000    10031980  0.8061299E+003  0.6847178E+004  0.3406120E+003  0.5005607E+002  0.1165343E+002  0.2178565E+003 -0.1470076E+003  0.7084889E+002 -0.1671794E+002
  71.000    11031980  0.8060525E+003  0.6847221E+004  0.3406120E+003  0.5301090E+002  0.1164264E+002  0.2242317E+003 -0.1500133E+003  0.7421835E+002 -0.1707447E+002
  72.000    12031980  0.8065185E+003  0.6847272E+004  0.3406120E+003  0.5514307E+002  0.1162229E+002  0.2284706E+003 -0.1517940E+003  0.7667660E+002 -0.1731277E+002
  73.000    13031980  0.8071094E+003  0.6847325E+004  0.3406120E+003  0.5634862E+002  0.1160550E+002  0.2315669E+003 -0.1534318E+003  0.7813507E+002 -0.1753692E+002
  74.000    14031980  0.8075892E+003  0.6847378E+004  0.3406120E+003  0.5859643E+002  0.1159294E+002  0.2358101E+003 -0.1551795E+003  0.8063065E+002 -0.1775656E+002
  75.000    15031980  0.8080912E+003  0.6847431E+004  0.3406120E+003  0.6073456E+002  0.1158410E+002  0.2405923E+003 -0.1575223E+003  0.8306994E+002 -0.1796793E+002
  76.000    16031980  0.8083118E+003  0.6847480E+004  0.3406120E+003  0.6353772E+002  0.1158112E+002  0.2471340E+003 -0.1609192E+003  0.8621473E+002 -0.1825038E+002
  77.000    17031980  0.8082265E+003  0.6847520E+004  0.3406120E+003  0.6733843E+002  0.1158520E+002  0.2556538E+003 -0.1652904E+003  0.9036337E+002 -0.1865666E+002
  78.000    18031980  0.8080591E+003  0.6847545E+004  0.3406120E+003  0.6850856E+002  0.1158729E+002  0.2624237E+003 -0.1704500E+003  0.9197364E+002 -0.1918984E+002
  79.000    19031980  0.8082209E+003  0.6847588E+004  0.3406120E+003  0.7168644E+002  0.1157358E+002  0.2689136E+003 -0.1733432E+003  0.9557033E+002 -0.1957006E+002
  80.000    20031980  0.8080818E+003  0.6847629E+004  0.3406120E+003  0.7581640E+002  0.1157238E+002  0.2769750E+003 -0.1768313E+003  0.1001437E+003 -0.1999498E+002
  81.000    21031980  0.8100208E+003  0.6847651E+004  0.3406120E+003  0.7913516E+002  0.1156881E+002  0.2867124E+003 -0.1827427E+003  0.1039698E+003 -0.2057892E+002
  82.000    22031980  0.8098021E+003  0.6847692E+004  0.3406120E+003  0.8107161E+002  0.1156827E+002  0.2915899E+003 -0.1852164E+003  0.1063736E+003 -0.2099847E+002
  83.000    23031980  0.8097410E+003  0.6847742E+004  0.3406120E+003  0.8347219E+002  0.1155835E+002  0.2966260E+003 -0.1874347E+003  0.1091913E+003 -0.2132224E+002
  84.000    24031980  0.8095710E+003  0.6847791E+004  0.3406120E+003  0.8728428E+002  0.1156127E+002  0.3031812E+003 -0.1898145E+003  0.1133667E+003 -0.2167878E+002
  85.000    25031980  0.8093910E+003  0.6847832E+004  0.3406120E+003  0.9157308E+002  0.1158277E+002  0.3118386E+003 -0.1937616E+003  0.1180771E+003 -0.2212463E+002
  86.000    26031980  0.8091628E+003  0.6847869E+004  0.3406120E+003  0.9423349E+002  0.1159180E+002  0.3183684E+003 -0.1971161E+003  0.1212523E+003 -0.2259375E+002
  87.000    27031980  0.8089477E+003  0.6847912E+004  0.3406120E+003  0.9778837E+002  0.1159613E+002  0.3253184E+003 -0.2000385E+003  0.1252799E+003 -0.2302309E+002
  88.000    28031980  0.8087310E+003  0.6847957E+004  0.3406120E+003  0.1011242E+003  0.1159649E+002  0.3315418E+003 -0.2025315E+003  0.1290103E+003 -0.2342874E+002
  89.000    29031980  0.8085406E+003  0.6847996E+004  0.3406120E+003  0.1053722E+003  0.1162359E+002  0.3411425E+003 -0.2074900E+003  0.1336526E+003 -0.2391636E+002
  90.000    30031980  0.8091528E+003  0.6848025E+004  0.3406120E+003  0.1074796E+003  0.1163297E+002  0.3483837E+003 -0.2120883E+003  0.1362954E+003 -0.2448119E+002
  91.000    31031980  0.8089021E+003  0.6848055E+004  0.3406120E+003  0.1117444E+003  0.1164763E+002  0.3580282E+003 -0.2169369E+003  0.1410914E+003 -0.2503756E+002
  92.000    01041980  0.8086196E+003  0.6848089E+004  0.3406120E+003  0.1158310E+003  0.1165236E+002  0.3663385E+003 -0.2206489E+003  0.1456896E+003 -0.2557144E+002
  93.000    02041980  0.8083669E+003  0.6848121E+004  0.3406120E+003  0.1194841E+003  0.1167776E+002  0.3755258E+003 -0.2256561E+003  0.1498698E+003 -0.2612365E+002
  94.000    03041980  0.8080949E+003  0.6848140E+004  0.3406120E+003  0.1229028E+003  0.1170000E+002  0.3856904E+003 -0.2317855E+003  0.1539048E+003 -0.2676658E+002
  95.000    04041980  0.8078246E+003  0.6848143E+004  0.3406120E+003  0.1256910E+003  0.1171288E+002  0.3965123E+003 -0.2391314E+003  0.1573809E+003 -0.2749486E+002
  96.000    05041980  0.8074331E+003  0.6848162E+004  0.3406120E+003  0.1290046E+003  0.1171046E+002  0.4042078E+003 -0.2428709E+003  0.1613370E+003 -0.2815016E+002
  97.000    06041980  0.8071178E+003  0.6848202E+004  0.3406120E+003  0.1336175E+003  0.1170969E+002  0.4125167E+003 -0.2460440E+003  0.1664727E+003 -0.2867169E+002
  98.000    07041980  0.8068095E+003  0.6848236E+004  0.3406120E+003  0.1384326E+003  0.1171224E+002  0.4219586E+003 -0.2501123E+003  0.1718463E+003 -0.2923395E+002
  99.000    08041980  0.8064807E+003  0.6848254E+004  0.3406120E+003  0.1418951E+003  0.1172067E+002  0.4319018E+003 -0.2559503E+003  0.1759515E+003 -0.2991400E+002
 100.000    09041980  0.8061285E+003  0.6848258E+004  0.3406120E+003  0.1454059E+003  0.1172629E+002  0.4428699E+003 -0.2627484E+003  0.1801216E+003 -0.3068357E+002
 101.000    10041980  0.8057339E+003  0.6848271E+004  0.3406120E+003  0.1490549E+003  0.1172591E+002  0.4520243E+003 -0.2675944E+003  0.1844299E+003 -0.3139262E+002
 102.000    11041980  0.8053686E+003  0.6848291E+004  0.3406120E+003  0.1527769E+003  0.1172439E+002  0.4613073E+003 -0.2725093E+003  0.1887980E+003 -0.3206901E+002
 103.000    12041980  0.8049615E+003  0.6848314E+004  0.3406120E+003  0.1575606E+003  0.1171956E+002  0.4706189E+003 -0.2764026E+003  0.1942163E+003 -0.3273195E+002
 104.000    13041980  0.8045496E+003  0.6848329E+004  0.3406120E+003  0.1603663E+003  0.1171900E+002  0.4791649E+003 -0.2815067E+003  0.1976582E+003 -0.3345861E+002
 105.000    14041980  0.8041219E+003  0.6848328E+004  0.3406120E+003  0.1645028E+003  0.1171831E+002  0.4908036E+003 -0.2883143E+003  0.2024893E+003 -0.3430362E+002
 106.000    15041980  0.8036401E+003  0.6848338E+004  0.3406120E+003  0.1681985E+003  0.1170969E+002  0.4991080E+003 -0.2921962E+003  0.2069118E+003 -0.3504564E+002
 107.000    16041980  0.8032373E+003  0.6848374E+004  0.3406120E+003  0.1725336E+003  0.1170472E+002  0.5070986E+003 -0.2952397E+003  0.2118589E+003 -0.3563447E+002
 108.000    17041980  0.8029084E+003  0.6848420E+004  0.3406120E+003  0.1757453E+003  0.1169966E+002  0.5135801E+003 -0.2979684E+003  0.2156117E+003 -0.3613997E+002
 109.000    18041980  0.8026053E+003  0.6848465E+004  0.3406120E+003  0.1798766E+003  0.1169931E+002  0.5220131E+003 -0.3017483E+003  0.2202649E+003 -0.3665625E+002
 110.000    19041980  0.8022944E+003  0.6848497E+004  0.3406120E+003  0.1836187E+003  0.1170028E+002  0.5316751E+003 -0.3070740E+003  0.2246011E+003 -0.3726803E+002
 111.000    20041980  0.8025833E+003  0.6848518E+004  0.3406120E+003  0.1872660E+003  0.1170471E+002  0.5418948E+003 -0.3129907E+003  0.2289041E+003 -0.3794924E+002
 112.000    21041980  0.8022309E+003  0.6848531E+004  0.3406120E+003  0.1908669E+003  0.1172309E+002  0.5522944E+003 -0.3190919E+003  0.2332025E+003 -0.3866790E+002
 113.000    22041980  0.8018586E+003  0.6848544E+004  0.3406120E+003  0.1944525E+003  0.1173436E+002  0.5623286E+003 -0.3248220E+003  0.2375065E+003 -0.3939272E+002
 114.000    23041980  0.8015548E+003  0.6848554E+004  0.3406120E+003  0.1965150E+003  0.1174465E+002  0.5722677E+003 -0.3319580E+003  0.2403096E+003 -0.4013196E+002
 115.000    24041980  0.8012531E+003  0.6848544E+004  0.3406120E+003  0.1984159E+003  0.1174246E+002  0.5825963E+003 -0.3395623E+003  0.2430340E+003 -0.4093737E+002
 116.000    25041980  0.8009238E+003  0.6848525E+004  0.3406120E+003  0.2009575E+003  0.1173588E+002  0.5932884E+003 -0.3468404E+003  0.2464479E+003 -0.4177402E+002
 117.000    26041980  0.8005026E+003  0.6848502E+004  0.3406120E+003  0.2047433E+003  0.1172410E+002  0.6041072E+003 -0.3529675E+003  0.2511397E+003 -0.4263597E+002
 118.000    27041980  0.8000775E+003  0.6848482E+004  0.3406120E+003  0.2096418E+003  0.1171314E+002  0.6162223E+003 -0.3592723E+003  0.2569500E+003 -0.4349285E+002
 119.000    28041980  0.7995470E+003  0.6848460E+004  0.3406120E+003  0.2141390E+003  0.1170252E+002  0.6271354E+003 -0.3647719E+003  0.2623636E+003 -0.4440364E+002
 120.000    29041980  0.7990086E+003  0.6848464E+004  0.3406120E+003  0.2198223E+003  0.1169557E+002  0.6378536E+003 -0.3689472E+003  0.2689063E+003 -0.4521352E+002
 121.000    30041980  0.7993613E+003  0.6848477E+004  0.3406120E+003  0.2242231E+003  0.1168448E+002  0.6467524E+003 -0.3726222E+003  0.2741302E+003 -0.4600629E+002
 122.000    01051980  0.7988730E+003  0.6848497E+004  0.3406120E+003  0.2295573E+003  0.1168302E+002  0.6572291E+003 -0.3769780E+003  0.2802511E+003 -0.4674565E+002
 123.000    02051980  0.7984343E+003  0.6848508E+004  0.3406120E+003  0.2338034E+003  0.1169745E+002  0.6682640E+003 -0.3829441E+003  0.2853199E+003 -0.4752119E+002
 124.000    03051980  0.7980368E+003  0.6848505E+004  0.3406120E+003  0.2369797E+003  0.1170678E+002  0.6792829E+003 -0.3899219E+003  0.2893610E+003 -0.4833092E+002
 125.000    04051980  0.7976532E+003  0.6848492E+004  0.3406120E+003  0.2396542E+003  0.1170878E+002  0.6902456E+003 -0.3972941E+003  0.2929515E+003 -0.4917492E+002
 126.000    05051980  0.7972783E+003  0.6848475E+004  0.3406120E+003  0.2420484E+003  0.1170487E+002  0.7009263E+003 -0.4046331E+003  0.2962932E+003 -0.5002534E+002
 127.000    06051980  0.7968955E+003  0.6848456E+004  0.3406120E+003  0.2446095E+003  0.1169655E+002  0.7115348E+003 -0.4117079E+003  0.2998269E+003 -0.5088275E+002
 128.000    07051980  0.7965095E+003  0.6848433E+004  0.3406120E+003  0.2474048E+003  0.1168885E+002  0.7223636E+003 -0.4187413E+003  0.3036224E+003 -0.5174982E+002
 129.000    08051980  0.7975089E+003  0.6848407E+004  0.3406120E+003  0.2518068E+003  0.1167877E+002  0.7334659E+003 -0.4244194E+003  0.3090465E+003 -0.5262654E+002
 130.000    09051980  0.7969750E+003  0.6848410E+004  0.3406120E+003  0.2569032E+003  0.1168857E+002  0.7431524E+003 -0.4280789E+003  0.3150735E+003 -0.5340419E+002
 131.000    10051980  0.7965272E+003  0.6848430E+004  0.3406120E+003  0.2615857E+003  0.1170300E+002  0.7530295E+003 -0.4324143E+003  0.3206151E+003 -0.5410731E+002
 132.000    11051980  0.7961423E+003  0.6848435E+004  0.3406120E+003  0.2655642E+003  0.1173215E+002  0.7643768E+003 -0.4388810E+003  0.3254957E+003 -0.5486590E+002
 133.000    12051980  0.7958161E+003  0.6848411E+004  0.3406120E+003  0.2675890E+003  0.1176099E+002  0.7761782E+003 -0.4476510E+003  0.3285273E+003 -0.5573546E+002
 134.000    13051980  0.7954936E+003  0.6848356E+004  0.3406120E+003  0.2691193E+003  0.1179180E+002  0.7880894E+003 -0.4569168E+003  0.3311726E+003 -0.5670024E+002
 135.000    14051980  0.7951148E+003  0.6848294E+004  0.3406120E+003  0.2716235E+003  0.1180241E+002  0.7998893E+003 -0.4650635E+003  0.3348258E+003 -0.5767950E+002
 136.000    15051980  0.7945912E+003  0.6848241E+004  0.3406120E+003  0.2751691E+003  0.1180580E+002  0.8102986E+003 -0.4708025E+003  0.3394961E+003 -0.5864257E+002
 137.000    16051980  0.7940765E+003  0.6848224E+004  0.3406120E+003  0.2806112E+003  0.1181293E+002  0.8214668E+003 -0.4755052E+003  0.3459616E+003 -0.5948100E+002
 138.000    17051980  0.7935639E+003  0.6848210E+004  0.3406120E+003  0.2854650E+003  0.1183259E+002  0.8321808E+003 -0.4803563E+003  0.3518245E+003 -0.6030747E+002
 139.000    18051980  0.7927897E+003  0.6848186E+004  0.3406120E+003  0.2900652E+003  0.1185770E+002  0.8440985E+003 -0.4866654E+003  0.3574331E+003 -0.6146826E+002
 140.000    19051980  0.7922688E+003  0.6848133E+004  0.3406120E+003  0.2934948E+003  0.1188335E+002  0.8573574E+003 -0.4955915E+003  0.3617659E+003 -0.6255638E+002
 141.000    20051980  0.7915391E+003  0.6848057E+004  0.3406120E+003  0.2955288E+003  0.1189234E+002  0.8683415E+003 -0.5035048E+003  0.3648367E+003 -0.6384403E+002
 142.000    21051980  0.7908621E+003  0.6847992E+004  0.3406120E+003  0.3002699E+003  0.1190383E+002  0.8812641E+003 -0.5104899E+003  0.3707742E+003 -0.6501220E+002
 143.000    22051980  0.7902959E+003  0.6847928E+004  0.3406120E+003  0.3045088E+003  0.1192582E+002  0.8942736E+003 -0.5182519E+003  0.3760216E+003 -0.6610714E+002
 144.000    23051980  0.7897258E+003  0.6847849E+004  0.3406120E+003  0.3077503E+003  0.1194306E+002  0.9066897E+003 -0.5263809E+003  0.3803088E+003 -0.6725160E+002
 145.000    24051980  0.7891332E+003  0.6847761E+004  0.3406120E+003  0.3097681E+003  0.1195648E+002  0.9176890E+003 -0.5343030E+003  0.3833860E+003 -0.6842173E+002
 146.000    25051980  0.7885152E+003  0.6847674E+004  0.3406120E+003  0.3127407E+003  0.1198323E+002  0.9291929E+003 -0.5417951E+003  0.3873978E+003 -0.6959745E+002
 147.000    26051980  0.7889007E+003  0.6847592E+004  0.3406120E+003  0.3167534E+003  0.1200055E+002  0.9413152E+003 -0.5488752E+003  0.3924400E+003 -0.7075652E+002
 148.000    27051980  0.7882825E+003  0.6847546E+004  0.3406120E+003  0.3213061E+003  0.1202476E+002  0.9527006E+003 -0.5547739E+003  0.3979267E+003 -0.7179401E+002
 149.000    28051980  0.7877455E+003  0.6847497E+004  0.3406120E+003  0.3243682E+003  0.1206573E+002  0.9643021E+003 -0.5623720E+003  0.4019302E+003 -0.7283422E+002
 150.000    29051980  0.7872413E+003  0.6847429E+004  0.3406120E+003  0.3267355E+003  0.1212482E+002  0.9764057E+003 -0.5711019E+003  0.4053038E+003 -0.7393366E+002
 151.000    30051980  0.7876661E+003  0.6847329E+004  0.3406120E+003  0.3285443E+003  0.1218345E+002  0.9884958E+003 -0.5802785E+003  0.4082173E+003 -0.7512383E+002
 152.000    31051980  0.7871061E+003  0.6847231E+004  0.3406120E+003  0.3320930E+003  0.1222958E+002  0.1001444E+004 -0.5885531E+003  0.4128907E+003 -0.7630897E+002
 153.000    01061980  0.7865660E+003  0.6847129E+004  0.3406120E+003  0.3352147E+003  0.1228983E+002  0.1014430E+004 -0.5972754E+003  0.4171549E+003 -0.7750531E+002
 154.000    02061980  0.7860508E+003  0.6847019E+004  0.3406120E+003  0.3375330E+003  0.1234990E+002  0.1026994E+004 -0.6063427E+003  0.4206516E+003 -0.7871837E+002
 155.000    03061980  0.7855402E+003  0.6846901E+004  0.3406120E+003  0.3394652E+003  0.1240512E+002  0.1039404E+004 -0.6156111E+003  0.4237926E+003 -0.7995249E+002
 156.000    04061980  0.7850449E+003  0.6846770E+004  0.3406120E+003  0.3409950E+003  0.1246026E+002  0.1051805E+004 -0.6252251E+003  0.4265799E+003 -0.8122025E+002
 157.000    05061980  0.7844653E+003  0.6846676E+004  0.3406120E+003  0.3445701E+003  0.1250521E+002  0.1063438E+004 -0.6321218E+003  0.4313159E+003 -0.8236349E+002
 158.000    06061980  0.7838475E+003  0.6846599E+004  0.3406120E+003  0.3494890E+003  0.1255026E+002  0.1076520E+004 -0.6392125E+003  0.4373075E+003 -0.8350867E+002
 159.000    07061980  0.7831866E+003  0.6846490E+004  0.3406120E+003  0.3515040E+003  0.1260365E+002  0.1089067E+004 -0.6486484E+003  0.4404185E+003 -0.8483714E+002
 160.000    08061980  0.7826508E+003  0.6846346E+004  0.3406120E+003  0.3522919E+003  0.1266431E+002  0.1101921E+004 -0.6595484E+003  0.4423722E+003 -0.8618501E+002
 161.000    09061980  0.7819559E+003  0.6846245E+004  0.3406120E+003  0.3563570E+003  0.1268861E+002  0.1113248E+004 -0.6657222E+003  0.4475258E+003 -0.8739537E+002
 162.000    10061980  0.7813482E+003  0.6846180E+004  0.3406120E+003  0.3600562E+003  0.1272554E+002  0.1124798E+004 -0.6725664E+003  0.4522315E+003 -0.8849424E+002
 163.000    11061980  0.7807637E+003  0.6846098E+004  0.3406120E+003  0.3629297E+003  0.1277250E+002  0.1136861E+004 -0.6806846E+003  0.4561759E+003 -0.8964074E+002
 164.000    12061980  0.7801239E+003  0.6846010E+004  0.3406120E+003  0.3663841E+003  0.1282376E+002  0.1148877E+004 -0.6881352E+003  0.4607418E+003 -0.9080532E+002
 165.000    13061980  0.7803379E+003  0.6845944E+004  0.3406120E+003  0.3709172E+003  0.1287083E+002  0.1160599E+004 -0.6942746E+003  0.4663244E+003 -0.9188676E+002
 166.000    14061980  0.7797407E+003  0.6845886E+004  0.3406120E+003  0.3745332E+003  0.1293231E+002  0.1172323E+004 -0.7013616E+003  0.4709617E+003 -0.9293363E+002
 167.000    15061980  0.7792862E+003  0.6845794E+004  0.3406120E+003  0.3747227E+003  0.1302470E+002  0.1184395E+004 -0.7121179E+003  0.4722772E+003 -0.9408852E+002
 168.000    16061980  0.7787656E+003  0.6845671E+004  0.3406120E+003  0.3757738E+003  0.1310235E+002  0.1196478E+004 -0.7219229E+003  0.4745546E+003 -0.9532511E+002
 169.000    17061980  0.7781545E+003  0.6845546E+004  0.3406120E+003  0.3781476E+003  0.1315573E+002  0.1208263E+004 -0.7300903E+003  0.4781730E+003 -0.9656565E+002
 170.000    18061980  0.7774197E+003  0.6845450E+004  0.3406120E+003  0.3819522E+003  0.1319771E+002  0.1219525E+004 -0.7364661E+003  0.4830593E+003 -0.9778688E+002
 171.000    19061980  0.7767803E+003  0.6845361E+004  0.3406120E+003  0.3865716E+003  0.1324566E+002  0.1232683E+004 -0.7439543E+003  0.4887283E+003 -0.9894433E+002
 172.000    20061980  0.7762119E+003  0.6845261E+004  0.3406120E+003  0.3889143E+003  0.1331498E+002  0.1245302E+004 -0.7531166E+003  0.4921853E+003 -0.1001295E+003
 173.000    21061980  0.7755892E+003  0.6845174E+004  0.3406120E+003  0.3923220E+003  0.1336088E+002  0.1256858E+004 -0.7601816E+003  0.4966763E+003 -0.1012559E+003
 174.000    22061980  0.7763655E+003  0.6845092E+004  0.3406120E+003  0.3952564E+003  0.1341667E+002  0.1268760E+004 -0.7680601E+003  0.5006994E+003 -0.1023662E+003
 175.000    23061980  0.7758403E+003  0.6844989E+004  0.3406120E+003  0.3971492E+003  0.1349186E+002  0.1281144E+004 -0.7773921E+003  0.5037516E+003 -0.1035336E+003
 176.000    24061980  0.7752068E+003  0.6844873E+004  0.3406120E+003  0.3993880E+003  0.1355989E+002  0.1292392E+004 -0.7852139E+003  0.5071786E+003 -0.1047467E+003
 177.000    25061980  0.7742973E+003  0.6844758E+004  0.3406120E+003  0.3980275E+003  0.1361202E+002  0.1300653E+004 -0.7924272E+003  0.5082255E+003 -0.1061936E+003
 178.000    26061980  0.7735920E+003  0.6844639E+004  0.3406120E+003  0.4013437E+003  0.1365939E+002  0.1312468E+004 -0.7998395E+003  0.5126284E+003 -0.1074574E+003
 179.000    27061980  0.7730203E+003  0.6844515E+004  0.3406120E+003  0.4047306E+003  0.1371008E+002  0.1325977E+004 -0.8091653E+003  0.5168113E+003 -0.1086974E+003
 180.000    28061980  0.7725639E+003  0.6844363E+004  0.3406120E+003  0.4049911E+003  0.1378139E+002  0.1338205E+004 -0.8203885E+003  0.5178167E+003 -0.1099953E+003
 181.000    29061980  0.7721129E+003  0.6844181E+004  0.3406120E+003  0.4057235E+003  0.1384349E+002  0.1350755E+004 -0.8313663E+003  0.5193884E+003 -0.1113645E+003
 182.000    30061980  0.7725683E+003  0.6843997E+004  0.3406120E+003  0.4077291E+003  0.1389284E+002  0.1363323E+004 -0.8408668E+003  0.5224558E+003 -0.1127257E+003
 183.000    01071980  0.7720730E+003  0.6843856E+004  0.3406120E+003  0.4101235E+003  0.1392986E+002  0.1375119E+004 -0.8491479E+003  0.5259714E+003 -0.1139730E+003
 184.000    02071980  0.7716776E+003  0.6843705E+004  0.3406120E+003  0.4108609E+003  0.1398455E+002  0.1387174E+004 -0.8593025E+003  0.5278718E+003 -0.1152455E+003
 185.000    03071980  0.7712928E+003  0.6843519E+004  0.3406120E+003  0.4113713E+003  0.1403958E+002  0.1399432E+004 -0.8698283E+003  0.5296041E+003 -0.1166029E+003
 186.000    04071980  0.7708779E+003  0.6843314E+004  0.3406120E+003  0.4110076E+003  0.1408724E+002  0.1410273E+004 -0.8797914E+003  0.5304812E+003 -0.1180129E+003
 187.000    05071980  0.7705730E+003  0.6843093E+004  0.3406120E+003  0.4108473E+003  0.1412879E+002  0.1422727E+004 -0.8911374E+003  0.5315900E+003 -0.1194494E+003
 188.000    06071980  0.7703115E+003  0.6842857E+004  0.3406120E+003  0.4099652E+003  0.1417053E+002  0.1434558E+004 -0.9025169E+003  0.5320411E+003 -0.1209125E+003
 189.000    07071980  0.7699419E+003  0.6842663E+004  0.3406120E+003  0.4119990E+003  0.1420269E+002  0.1446622E+004 -0.9112872E+003  0.5353346E+003 -0.1222668E+003
 190.000    08071980  0.7696020E+003  0.6842481E+004  0.3406120E+003  0.4138471E+003  0.1424259E+002  0.1458956E+004 -0.9205391E+003  0.5384165E+003 -0.1235889E+003
 191.000    09071980  0.7693240E+003  0.6842270E+004  0.3406120E+003  0.4138022E+003  0.1429356E+002  0.1470845E+004 -0.9311691E+003  0.5396759E+003 -0.1249811E+003
 192.000    10071980  0.7690515E+003  0.6842026E+004  0.3406120E+003  0.4126568E+003  0.1433586E+002  0.1482162E+004 -0.9423245E+003  0.5398371E+003 -0.1264789E+003
 193.000    11071980  0.7687411E+003  0.6841788E+004  0.3406120E+003  0.4134392E+003  0.1437289E+002  0.1494252E+004 -0.9523496E+003  0.5419024E+003 -0.1279515E+003
 194.000    12071980  0.7685212E+003  0.6841554E+004  0.3406120E+003  0.4128569E+003  0.1440487E+002  0.1505993E+004 -0.9633453E+003  0.5426481E+003 -0.1294009E+003
 195.000    13071980  0.7681864E+003  0.6841310E+004  0.3406120E+003  0.4122143E+003  0.1443250E+002  0.1516326E+004 -0.9730309E+003  0.5432953E+003 -0.1309176E+003
 196.000    14071980  0.7678842E+003  0.6841085E+004  0.3406120E+003  0.4140848E+003  0.1446196E+002  0.1528887E+004 -0.9824803E+003  0.5464066E+003 -0.1323442E+003
 197.000    15071980  0.7676141E+003  0.6840867E+004  0.3406120E+003  0.4146910E+003  0.1449064E+002  0.1540660E+004 -0.9923893E+003  0.5482704E+003 -0.1337508E+003
 198.000    16071980  0.7674321E+003  0.6840625E+004  0.3406120E+003  0.4136781E+003  0.1453236E+002  0.1552536E+004 -0.1003953E+004  0.5485832E+003 -0.1352088E+003
 199.000    17071980  0.7672688E+003  0.6840355E+004  0.3406120E+003  0.4125504E+003  0.1456631E+002  0.1564437E+004 -0.1015580E+004  0.5488575E+003 -0.1367179E+003
 200.000    18071980  0.7669801E+003  0.6840066E+004  0.3406120E+003  0.4124222E+003  0.1458199E+002  0.1576324E+004 -0.1026210E+004  0.5501138E+003 -0.1383334E+003
 201.000    19071980  0.7668094E+003  0.6839788E+004  0.3406120E+003  0.4123794E+003  0.1459462E+002  0.1588934E+004 -0.1037383E+004  0.5515508E+003 -0.1398520E+003
 202.000    20071980  0.7666914E+003  0.6839492E+004  0.3406120E+003  0.4114697E+003  0.1460451E+002  0.1601138E+004 -0.1049027E+004  0.5521112E+003 -0.1413984E+003
 203.000    21071980  0.7665845E+003  0.6839190E+004  0.3406120E+003  0.4097260E+003  0.1461143E+002  0.1612146E+004 -0.1060336E+004  0.5518094E+003 -0.1429487E+003
 204.000    22071980  0.7664260E+003  0.6838898E+004  0.3406120E+003  0.4098106E+003  0.1461202E+002  0.1623829E+004 -0.1070520E+004  0.5533094E+003 -0.1444735E+003
 205.000    23071980  0.7661297E+003  0.6838619E+004  0.3406120E+003  0.4097690E+003  0.1461525E+002  0.1634191E+004 -0.1079635E+004  0.5545553E+003 -0.1460438E+003
 206.000    24071980  0.7658684E+003  0.6838356E+004  0.3406120E+003  0.4117989E+003  0.1462806E+002  0.1646666E+004 -0.1088847E+004  0.5578190E+003 -0.1475425E+003
 207.000    25071980  0.7656440E+003  0.6838104E+004  0.3406120E+003  0.4132521E+003  0.1463552E+002  0.1659023E+004 -0.1098512E+004  0.5605109E+003 -0.1489950E+003
 208.000    26071980  0.7654356E+003  0.6837847E+004  0.3406120E+003  0.4140997E+003  0.1464349E+002  0.1671148E+004 -0.1108519E+004  0.5626291E+003 -0.1504523E+003
 209.000    27071980  0.7652312E+003  0.6837587E+004  0.3406120E+003  0.4149179E+003  0.1465160E+002  0.1683222E+004 -0.1118476E+004  0.5647460E+003 -0.1519070E+003
 210.000    28071980  0.7649776E+003  0.6837332E+004  0.3406120E+003  0.4165310E+003  0.1465532E+002  0.1695316E+004 -0.1127658E+004  0.5676585E+003 -0.1533455E+003
 211.000    29071980  0.7647477E+003  0.6837076E+004  0.3406120E+003  0.4174554E+003  0.1465564E+002  0.1707269E+004 -0.1137366E+004  0.5699034E+003 -0.1547838E+003
 212.000    30071980  0.7655538E+003  0.6836806E+004  0.3406120E+003  0.4168830E+003  0.1465186E+002  0.1718940E+004 -0.1148254E+004  0.5706855E+003 -0.1562422E+003
 213.000    31071980  0.7654660E+003  0.6836518E+004  0.3406120E+003  0.4153145E+003  0.1464982E+002  0.1730228E+004 -0.1159706E+004  0.5705218E+003 -0.1577317E+003
 214.000    01081980  0.7653637E+003  0.6836219E+004  0.3406120E+003  0.4143973E+003  0.1464663E+002  0.1741727E+004 -0.1170708E+004  0.5710193E+003 -0.1592436E+003
 215.000    02081980  0.7652375E+003  0.6835908E+004  0.3406120E+003  0.4132313E+003  0.1464047E+002  0.1752811E+004 -0.1181570E+004  0.5712415E+003 -0.1608062E+003
 216.000    03081980  0.7652404E+003  0.6835590E+004  0.3406120E+003  0.4108118E+003  0.1463179E+002  0.1763800E+004 -0.1193524E+004  0.5702767E+003 -0.1623561E+003
 217.000    04081980  0.7652432E+003  0.6835267E+004  0.3406120E+003  0.4088572E+003  0.1462447E+002  0.1774591E+004 -0.1204787E+004  0.5698042E+003 -0.1639060E+003
 218.000    05081980  0.7652354E+003  0.6834951E+004  0.3406120E+003  0.4076324E+003  0.1461670E+002  0.1785791E+004 -0.1215728E+004  0.5700623E+003 -0.1654348E+003
 219.000    06081980  0.7652856E+003  0.6834626E+004  0.3406120E+003  0.4055569E+003  0.1460975E+002  0.1796867E+004 -0.1227362E+004  0.5695045E+003 -0.1669780E+003
 220.000    07081980  0.7653490E+003  0.6834296E+004  0.3406120E+003  0.4034234E+003  0.1460206E+002  0.1807855E+004 -0.1238947E+004  0.5689077E+003 -0.1685237E+003
 221.000    08081980  0.7654253E+003  0.6833961E+004  0.3406120E+003  0.4005967E+003  0.1459275E+002  0.1818053E+004 -0.1250410E+004  0.5676428E+003 -0.1700740E+003
 222.000    09081980  0.7655438E+003  0.6833623E+004  0.3406120E+003  0.3979199E+003  0.1458831E+002  0.1828824E+004 -0.1262280E+004  0.5665439E+003 -0.1716226E+003
 223.000    10081980  0.7656791E+003  0.6833274E+004  0.3406120E+003  0.3951963E+003  0.1458719E+002  0.1839671E+004 -0.1274239E+004  0.5654313E+003 -0.1731850E+003
 224.000    11081980  0.7657825E+003  0.6832924E+004  0.3406120E+003  0.3935930E+003  0.1457952E+002  0.1851024E+004 -0.1285574E+004  0.5654503E+003 -0.1747428E+003
 225.000    12081980  0.7658288E+003  0.6832581E+004  0.3406120E+003  0.3925424E+003  0.1456994E+002  0.1861984E+004 -0.1295972E+004  0.5660121E+003 -0.1762803E+003
 226.000    13081980  0.7658983E+003  0.6832253E+004  0.3406120E+003  0.3911227E+003  0.1455991E+002  0.1872649E+004 -0.1306461E+004  0.5661879E+003 -0.1777793E+003
 227.000    14081980  0.7659844E+003  0.6831930E+004  0.3406120E+003  0.3894005E+003  0.1454929E+002  0.1883232E+004 -0.1317172E+004  0.5660596E+003 -0.1792613E+003
 228.000    15081980  0.7660779E+003  0.6831584E+004  0.3406120E+003  0.3880045E+003  0.1454250E+002  0.1894428E+004 -0.1328122E+004  0.5663066E+003 -0.1807916E+003
 229.000    16081980  0.7661229E+003  0.6831244E+004  0.3406120E+003  0.3869793E+003  0.1453846E+002  0.1905056E+004 -0.1338135E+004  0.5669208E+003 -0.1823020E+003
 230.000    17081980  0.7660494E+003  0.6830946E+004  0.3406120E+003  0.3874498E+003  0.1453181E+002  0.1914894E+004 -0.1345944E+004  0.5689506E+003 -0.1837035E+003
 231.000    18081980  0.7659163E+003  0.6830698E+004  0.3406120E+003  0.3893924E+003  0.1452844E+002  0.1925369E+004 -0.1353079E+004  0.5722896E+003 -0.1850015E+003
 232.000    19081980  0.7657797E+003  0.6830418E+004  0.3406120E+003  0.3907789E+003  0.1452515E+002  0.1937232E+004 -0.1362142E+004  0.5750899E+003 -0.1864250E+003
 233.000    20081980  0.7656712E+003  0.6830110E+004  0.3406120E+003  0.3910160E+003  0.1452140E+002  0.1948898E+004 -0.1372069E+004  0.5768284E+003 -0.1879132E+003
 234.000    21081980  0.7655328E+003  0.6829813E+004  0.3406120E+003  0.3915148E+003  0.1451976E+002  0.1959794E+004 -0.1380932E+004  0.5788624E+003 -0.1893514E+003
 235.000    22081980  0.7653489E+003  0.6829533E+004  0.3406120E+003  0.3928220E+003  0.1451466E+002  0.1970639E+004 -0.1388948E+004  0.5816909E+003 -0.1907427E+003
 236.000    23081980  0.7651819E+003  0.6829271E+004  0.3406120E+003  0.3944922E+003  0.1450875E+002  0.1981971E+004 -0.1397116E+004  0.5848544E+003 -0.1920796E+003
 237.000    24081980  0.7650099E+003  0.6829013E+004  0.3406120E+003  0.3953907E+003  0.1450395E+002  0.1992564E+004 -0.1405317E+004  0.5872472E+003 -0.1934010E+003
 238.000    25081980  0.7649046E+003  0.6828757E+004  0.3406120E+003  0.3954233E+003  0.1450164E+002  0.2003310E+004 -0.1414535E+004  0.5887751E+003 -0.1947072E+003
 239.000    26081980  0.7648222E+003  0.6828505E+004  0.3406120E+003  0.3949894E+003  0.1450144E+002  0.2013587E+004 -0.1423746E+004  0.5898409E+003 -0.1959905E+003
 240.000    27081980  0.7647442E+003  0.6828258E+004  0.3406120E+003  0.3946746E+003  0.1450125E+002  0.2023843E+004 -0.1432821E+004  0.5910226E+003 -0.1972540E+003
 241.000    28081980  0.7647011E+003  0.6828006E+004  0.3406120E+003  0.3937274E+003  0.1450047E+002  0.2033978E+004 -0.1442385E+004  0.5915930E+003 -0.1985265E+003
 242.000    29081980  0.7646656E+003  0.6827751E+004  0.3406120E+003  0.3929832E+003  0.1449587E+002  0.2044227E+004 -0.1451850E+004  0.5923780E+003 -0.1997972E+003
 243.000    30081980  0.7655584E+003  0.6827488E+004  0.3406120E+003  0.3928764E+003  0.1448359E+002  0.2055085E+004 -0.1461267E+004  0.5938189E+003 -0.2010813E+003
 244.000    31081980  0.7655327E+003  0.6827209E+004  0.3406120E+003  0.3925828E+003  0.1447514E+002  0.2066010E+004 -0.1470905E+004  0.5951052E+003 -0.2023974E+003
 245.000    01091980  0.7655776E+003  0.6826919E+004  0.3406120E+003  0.3909609E+003  0.1446500E+002  0.2076543E+004 -0.1481451E+004  0.5950912E+003 -0.2037338E+003
 246.000    02091980  0.7656351E+003  0.6826613E+004  0.3406120E+003  0.3889838E+003  0.1445492E+002  0.2086487E+004 -0.1491757E+004  0.5947299E+003 -0.2050927E+003
 247.000    03091980  0.7655566E+003  0.6826288E+004  0.3406120E+003  0.3879379E+003  0.1444658E+002  0.2096670E+004 -0.1501458E+004  0.5952111E+003 -0.2065789E+003
 248.000    04091980  0.7652967E+003  0.6825958E+004  0.3406120E+003  0.3881705E+003  0.1443672E+002  0.2107007E+004 -0.1510264E+004  0.5967426E+003 -0.2081920E+003
 249.000    05091980  0.7651251E+003  0.6825653E+004  0.3406120E+003  0.3886513E+003  0.1442652E+002  0.2117849E+004 -0.1519177E+004  0.5986727E+003 -0.2096806E+003
 250.000    06091980  0.7649616E+003  0.6825337E+004  0.3406120E+003  0.3880496E+003  0.1441406E+002  0.2127896E+004 -0.1528360E+004  0.5995360E+003 -0.2111981E+003
 251.000    07091980  0.7648559E+003  0.6825025E+004  0.3406120E+003  0.3876897E+003  0.1439911E+002  0.2138647E+004 -0.1537911E+004  0.6007358E+003 -0.2126844E+003
 252.000    08091980  0.7647960E+003  0.6824728E+004  0.3406120E+003  0.3881147E+003  0.1438555E+002  0.2149468E+004 -0.1546728E+004  0.6027404E+003 -0.2141120E+003
 253.000    09091980  0.7646949E+003  0.6824446E+004  0.3406120E+003  0.3880409E+003  0.1437778E+002  0.2159745E+004 -0.1555517E+004  0.6042279E+003 -0.2154909E+003
 254.000    10091980  0.7646212E+003  0.6824182E+004  0.3406120E+003  0.3884160E+003  0.1436649E+002  0.2169872E+004 -0.1563764E+004  0.6061077E+003 -0.2168086E+003
 255.000    11091980  0.7645368E+003  0.6823913E+004  0.3406120E+003  0.3885737E+003  0.1435505E+002  0.2180083E+004 -0.1572299E+004  0.6077832E+003 -0.2181374E+003
 256.000    12091980  0.7644645E+003  0.6823658E+004  0.3406120E+003  0.3885377E+003  0.1434427E+002  0.2190120E+004 -0.1580885E+004  0.6092354E+003 -0.2194220E+003
 257.000    13091980  0.7644128E+003  0.6823410E+004  0.3406120E+003  0.3887849E+003  0.1432676E+002  0.2200158E+004 -0.1589197E+004  0.6109610E+003 -0.2206809E+003
 258.000    14091980  0.7643525E+003  0.6823136E+004  0.3406120E+003  0.3877090E+003  0.1430726E+002  0.2210317E+004 -0.1598881E+004  0.6114360E+003 -0.2220122E+003
 259.000    15091980  0.7643849E+003  0.6822854E+004  0.3406120E+003  0.3862226E+003  0.1428610E+002  0.2220142E+004 -0.1608618E+004  0.6115237E+003 -0.2233484E+003
 260.000    16091980  0.7644185E+003  0.6822585E+004  0.3406120E+003  0.3860546E+003  0.1426202E+002  0.2229895E+004 -0.1616990E+004  0.6129045E+003 -0.2246483E+003
 261.000    17091980  0.7643473E+003  0.6822299E+004  0.3406120E+003  0.3864217E+003  0.1423696E+002  0.2241016E+004 -0.1626207E+004  0.6148092E+003 -0.2260005E+003
 262.000    18091980  0.7641534E+003  0.6821995E+004  0.3406120E+003  0.3844912E+003  0.1421102E+002  0.2249014E+004 -0.1634675E+004  0.6143390E+003 -0.2274556E+003
 263.000    19091980  0.7640134E+003  0.6821706E+004  0.3406120E+003  0.3836051E+003  0.1417925E+002  0.2257705E+004 -0.1642751E+004  0.6149546E+003 -0.2288447E+003
 264.000    20091980  0.7638755E+003  0.6821427E+004  0.3406120E+003  0.3849247E+003  0.1414916E+002  0.2268509E+004 -0.1650731E+004  0.6177781E+003 -0.2301961E+003
 265.000    21091980  0.7637507E+003  0.6821146E+004  0.3406120E+003  0.3844527E+003  0.1411795E+002  0.2278367E+004 -0.1659537E+004  0.6188304E+003 -0.2315497E+003
 266.000    22091980  0.7637295E+003  0.6820841E+004  0.3406120E+003  0.3832455E+003  0.1407241E+002  0.2288778E+004 -0.1669584E+004  0.6191940E+003 -0.2329437E+003
 267.000    23091980  0.7638087E+003  0.6820523E+004  0.3406120E+003  0.3811579E+003  0.1402595E+002  0.2298461E+004 -0.1679753E+004  0.6187073E+003 -0.2343539E+003
 268.000    24091980  0.7639188E+003  0.6820217E+004  0.3406120E+003  0.3794163E+003  0.1398051E+002  0.2306944E+004 -0.1688394E+004  0.6185509E+003 -0.2357331E+003
 269.000    25091980  0.7638571E+003  0.6819923E+004  0.3406120E+003  0.3800273E+003  0.1393732E+002  0.2317203E+004 -0.1696631E+004  0.6205723E+003 -0.2371502E+003
 270.000    26091980  0.7637755E+003  0.6819630E+004  0.3406120E+003  0.3794313E+003  0.1389503E+002  0.2326747E+004 -0.1705279E+004  0.6214685E+003 -0.2385309E+003
 271.000    27091980  0.7638459E+003  0.6819413E+004  0.3406120E+003  0.3813864E+003  0.1386526E+002  0.2335132E+004 -0.1710414E+004  0.6247180E+003 -0.2396537E+003
 272.000    28091980  0.7637783E+003  0.6819238E+004  0.3406120E+003  0.3832844E+003  0.1384264E+002  0.2342402E+004 -0.1714607E+004  0.6277947E+003 -0.2406441E+003
 273.000    29091980  0.7635355E+003  0.6819075E+004  0.3406120E+003  0.3849732E+003  0.1382476E+002  0.2349388E+004 -0.1718883E+004  0.6305053E+003 -0.2416114E+003
 274.000    30091980  0.7641483E+003  0.6818904E+004  0.3406120E+003  0.3874761E+003  0.1379861E+002  0.2358207E+004 -0.1724325E+004  0.6338825E+003 -0.2426366E+003
 275.000    01101980  0.7637995E+003  0.6818719E+004  0.3406120E+003  0.3895142E+003  0.1377528E+002  0.2367374E+004 -0.1730385E+004  0.6369886E+003 -0.2437204E+003
 276.000    02101980  0.7634558E+003  0.6818550E+004  0.3406120E+003  0.3921267E+003  0.1375289E+002  0.2376455E+004 -0.1736053E+004  0.6404020E+003 -0.2447427E+003
 277.000    03101980  0.7630881E+003  0.6818367E+004  0.3406120E+003  0.3931538E+003  0.1372493E+002  0.2384860E+004 -0.1742574E+004  0.6422856E+003 -0.2458367E+003
 278.000    04101980  0.7627286E+003  0.6818203E+004  0.3406120E+003  0.3957519E+003  0.1370297E+002  0.2393367E+004 -0.1747655E+004  0.6457116E+003 -0.2468410E+003
 279.000    05101980  0.7625334E+003  0.6818079E+004  0.3406120E+003  0.3998598E+003  0.1368256E+002  0.2402026E+004 -0.1751425E+004  0.6506005E+003 -0.2476980E+003
 280.000    06101980  0.7623761E+003  0.6817977E+004  0.3406120E+003  0.4027840E+003  0.1366366E+002  0.2408892E+004 -0.1754809E+004  0.6540833E+003 -0.2484820E+003
 281.000    07101980  0.7622078E+003  0.6817886E+004  0.3406120E+003  0.4055510E+003  0.1364683E+002  0.2416369E+004 -0.1758908E+004  0.6574612E+003 -0.2492296E+003
 282.000    08101980  0.7619249E+003  0.6817792E+004  0.3406120E+003  0.4077550E+003  0.1363263E+002  0.2424439E+004 -0.1764107E+004  0.6603319E+003 -0.2500038E+003
 283.000    09101980  0.7615920E+003  0.6817678E+004  0.3406120E+003  0.4090135E+003  0.1361345E+002  0.2433208E+004 -0.1770902E+004  0.6623058E+003 -0.2508737E+003
 284.000    10101980  0.7612385E+003  0.6817542E+004  0.3406120E+003  0.4099738E+003  0.1358910E+002  0.2442264E+004 -0.1778211E+004  0.6640532E+003 -0.2518345E+003
 285.000    11101980  0.7608763E+003  0.6817397E+004  0.3406120E+003  0.4108894E+003  0.1355968E+002  0.2451212E+004 -0.1785413E+004  0.6657982E+003 -0.2528266E+003
 286.000    12101980  0.7606601E+003  0.6817276E+004  0.3406120E+003  0.4127532E+003  0.1353282E+002  0.2458368E+004 -0.1789955E+004  0.6684132E+003 -0.2537075E+003
 287.000    13101980  0.7606157E+003  0.6817197E+004  0.3406120E+003  0.4153629E+003  0.1350793E+002  0.2464932E+004 -0.1793301E+004  0.6716313E+003 -0.2544264E+003
 288.000    14101980  0.7606273E+003  0.6817134E+004  0.3406120E+003  0.4176916E+003  0.1348264E+002  0.2471483E+004 -0.1796950E+004  0.6745327E+003 -0.2550889E+003
 289.000    15101980  0.7604780E+003  0.6817067E+004  0.3406120E+003  0.4197999E+003  0.1346161E+002  0.2478910E+004 -0.1801665E+004  0.6772449E+003 -0.2557816E+003
 290.000    16101980  0.7601571E+003  0.6816977E+004  0.3406120E+003  0.4213839E+003  0.1343994E+002  0.2487517E+004 -0.1807975E+004  0.6795421E+003 -0.2565874E+003
 291.000    17101980  0.7598227E+003  0.6816863E+004  0.3406120E+003  0.4223961E+003  0.1341036E+002  0.2496480E+004 -0.1815106E+004  0.6813743E+003 -0.2574886E+003
 292.000    18101980  0.7594390E+003  0.6816726E+004  0.3406120E+003  0.4223869E+003  0.1337428E+002  0.2504455E+004 -0.1822191E+004  0.6822643E+003 -0.2584810E+003
 293.000    19101980  0.7589971E+003  0.6816576E+004  0.3406120E+003  0.4213307E+003  0.1333152E+002  0.2510804E+004 -0.1828841E+004  0.6819635E+003 -0.2595359E+003
 294.000    20101980  0.7586197E+003  0.6816454E+004  0.3406120E+003  0.4236661E+003  0.1330236E+002  0.2518578E+004 -0.1833515E+004  0.6850630E+003 -0.2604597E+003
 295.000    21101980  0.7586593E+003  0.6816378E+004  0.3406120E+003  0.4261655E+003  0.1327401E+002  0.2525678E+004 -0.1837489E+004  0.6881886E+003 -0.2611997E+003
 296.000    22101980  0.7585213E+003  0.6816306E+004  0.3406120E+003  0.4284511E+003  0.1325091E+002  0.2533125E+004 -0.1842012E+004  0.6911127E+003 -0.2619394E+003
 297.000    23101980  0.7582859E+003  0.6816233E+004  0.3406120E+003  0.4308544E+003  0.1323003E+002  0.2540617E+004 -0.1846440E+004  0.6941771E+003 -0.2626873E+003
 298.000    24101980  0.7580872E+003  0.6816168E+004  0.3406120E+003  0.4336300E+003  0.1320999E+002  0.2547605E+004 -0.1850012E+004  0.6975928E+003 -0.2633992E+003
 299.000    25101980  0.7577663E+003  0.6816107E+004  0.3406120E+003  0.4362634E+003  0.1319345E+002  0.2554649E+004 -0.1853846E+004  0.7008029E+003 -0.2641114E+003
 300.000    26101980  0.7578669E+003  0.6816069E+004  0.3406120E+003  0.4380798E+003  0.1316854E+002  0.2559744E+004 -0.1856638E+004  0.7031063E+003 -0.2647115E+003
 301.000    27101980  0.7580860E+003  0.6816046E+004  0.3406120E+003  0.4399432E+003  0.1314034E+002  0.2564921E+004 -0.1859519E+004  0.7054012E+003 -0.2652492E+003
 302.000    28101980  0.7578309E+003  0.6816007E+004  0.3406120E+003  0.4415302E+003  0.1312269E+002  0.2571798E+004 -0.1864289E+004  0.7075091E+003 -0.2658818E+003
 303.000    29101980  0.7575186E+003  0.6815949E+004  0.3406120E+003  0.4435605E+003  0.1310181E+002  0.2579355E+004 -0.1869200E+004  0.7101550E+003 -0.2665997E+003
 304.000    30101980  0.7583968E+003  0.6815912E+004  0.3406120E+003  0.4435633E+003  0.1307125E+002  0.2582794E+004 -0.1872143E+004  0.7106506E+003 -0.2672285E+003
 305.000    31101980  0.7584263E+003  0.6815889E+004  0.3406120E+003  0.4458000E+003  0.1304804E+002  0.2588988E+004 -0.1875570E+004  0.7134182E+003 -0.2677904E+003
 306.000    01111980  0.7584268E+003  0.6815865E+004  0.3406120E+003  0.4473251E+003  0.1302612E+002  0.2594865E+004 -0.1879349E+004  0.7155161E+003 -0.2683564E+003
 307.000    02111980  0.7583818E+003  0.6815844E+004  0.3406120E+003  0.4487584E+003  0.1300561E+002  0.2600311E+004 -0.1882799E+004  0.7175124E+003 -0.2689160E+003
 308.000    03111980  0.7585463E+003  0.6815834E+004  0.3406120E+003  0.4502013E+003  0.1297812E+002  0.2605419E+004 -0.1885972E+004  0.7194461E+003 -0.2694218E+003
 309.000    04111980  0.7582910E+003  0.6815811E+004  0.3406120E+003  0.4522799E+003  0.1296161E+002  0.2612035E+004 -0.1890025E+004  0.7220107E+003 -0.2700027E+003
 310.000    05111980  0.7580430E+003  0.6815781E+004  0.3406120E+003  0.4542507E+003  0.1294398E+002  0.2618471E+004 -0.1893989E+004  0.7244826E+003 -0.2706200E+003
 311.000    06111980  0.7579540E+003  0.6815765E+004  0.3406120E+003  0.4563422E+003  0.1292430E+002  0.2624203E+004 -0.1897164E+004  0.7270386E+003 -0.2711674E+003
 312.000    07111980  0.7581161E+003  0.6815760E+004  0.3406120E+003  0.4577242E+003  0.1289766E+002  0.2629486E+004 -0.1900640E+004  0.7288460E+003 -0.2716638E+003
 313.000    08111980  0.7580780E+003  0.6815741E+004  0.3406120E+003  0.4589148E+003  0.1287857E+002  0.2636098E+004 -0.1905558E+004  0.7305395E+003 -0.2722389E+003
 314.000    09111980  0.7579812E+003  0.6815705E+004  0.3406120E+003  0.4596102E+003  0.1285370E+002  0.2643126E+004 -0.1911290E+004  0.7318355E+003 -0.2729058E+003
 315.000    10111980  0.7578311E+003  0.6815661E+004  0.3406120E+003  0.4604330E+003  0.1282941E+002  0.2649827E+004 -0.1916515E+004  0.7333126E+003 -0.2736043E+003
 316.000    11111980  0.7581833E+003  0.6815649E+004  0.3406120E+003  0.4607996E+003  0.1280182E+002  0.2653391E+004 -0.1919179E+004  0.7342123E+003 -0.2741364E+003
 317.000    12111980  0.7587454E+003  0.6815665E+004  0.3406120E+003  0.4612459E+003  0.1277720E+002  0.2656389E+004 -0.1921322E+004  0.7350674E+003 -0.2745252E+003
 318.000    13111980  0.7592000E+003  0.6815681E+004  0.3406120E+003  0.4626278E+003  0.1275667E+002  0.2660996E+004 -0.1924101E+004  0.7368950E+003 -0.2749300E+003
 319.000    14111980  0.7594923E+003  0.6815689E+004  0.3406120E+003  0.4637947E+003  0.1273782E+002  0.2666118E+004 -0.1927577E+004  0.7385414E+003 -0.2753750E+003
 320.000    15111980  0.7593419E+003  0.6815675E+004  0.3406120E+003  0.4639990E+003  0.1271651E+002  0.2671201E+004 -0.1931900E+004  0.7393008E+003 -0.2759465E+003
 321.000    16111980  0.7592764E+003  0.6815660E+004  0.3406120E+003  0.4648850E+003  0.1269739E+002  0.2675795E+004 -0.1935093E+004  0.7407028E+003 -0.2765185E+003
 322.000    17111980  0.7598614E+003  0.6815673E+004  0.3406120E+003  0.4650476E+003  0.1267331E+002  0.2678505E+004 -0.1937240E+004  0.7412653E+003 -0.2769484E+003
 323.000    18111980  0.7602925E+003  0.6815692E+004  0.3406120E+003  0.4670057E+003  0.1265427E+002  0.2683341E+004 -0.1939758E+004  0.7435825E+003 -0.2773524E+003
 324.000    19111980  0.7608999E+003  0.6815714E+004  0.3406120E+003  0.4671689E+003  0.1263094E+002  0.2686023E+004 -0.1941834E+004  0.7441890E+003 -0.2777292E+003
 325.000    20111980  0.7630847E+003  0.6815744E+004  0.3406120E+003  0.4681500E+003  0.1261054E+002  0.2689416E+004 -0.1943854E+004  0.7455612E+003 -0.2780537E+003
 326.000    21111980  0.7650501E+003  0.6815773E+004  0.3406120E+003  0.4695418E+003  0.1259285E+002  0.2693566E+004 -0.1946252E+004  0.7473136E+003 -0.2783959E+003
 327.000    22111980  0.7669138E+003  0.6815803E+004  0.3406120E+003  0.4702752E+003  0.1257283E+002  0.2696810E+004 -0.1948446E+004  0.7483641E+003 -0.2787201E+003
 328.000    23111980  0.7685915E+003  0.6815833E+004  0.3406120E+003  0.4720817E+003  0.1255694E+002  0.2701455E+004 -0.1950960E+004  0.7504951E+003 -0.2790614E+003
 329.000    24111980  0.7696820E+003  0.6815844E+004  0.3406120E+003  0.4741415E+003  0.1254400E+002  0.2708074E+004 -0.1955208E+004  0.7528662E+003 -0.2795194E+003
 330.000    25111980  0.7706170E+003  0.6815841E+004  0.3406120E+003  0.4750970E+003  0.1252868E+002  0.2713554E+004 -0.1959317E+004  0.7542375E+003 -0.2800619E+003
 331.000    26111980  0.7721971E+003  0.6815863E+004  0.3406120E+003  0.4751634E+003  0.1250086E+002  0.2716201E+004 -0.1961473E+004  0.7547275E+003 -0.2804501E+003
 332.000    27111980  0.7736609E+003  0.6815892E+004  0.3406120E+003  0.4765639E+003  0.1248163E+002  0.2720226E+004 -0.1963727E+004  0.7564992E+003 -0.2808041E+003
 333.000    28111980  0.7746066E+003  0.6815912E+004  0.3406120E+003  0.4782509E+003  0.1246806E+002  0.2725071E+004 -0.1966505E+004  0.7585658E+003 -0.2812215E+003
 334.000    29111980  0.7759545E+003  0.6815941E+004  0.3406120E+003  0.4789338E+003  0.1244643E+002  0.2728215E+004 -0.1968645E+004  0.7595697E+003 -0.2815727E+003
 335.000    30111980  0.7780921E+003  0.6815974E+004  0.3406120E+003  0.4799100E+003  0.1242316E+002  0.2731936E+004 -0.1971051E+004  0.7608844E+003 -0.2819076E+003
 336.000    01121980  0.7792125E+003  0.6816005E+004  0.3406120E+003  0.4808332E+003  0.1240577E+002  0.2736103E+004 -0.1973939E+004  0.7621648E+003 -0.2822518E+003
 337.000    02121980  0.7801211E+003  0.6816031E+004  0.3406120E+003  0.4817520E+003  0.1238985E+002  0.2740788E+004 -0.1977328E+004  0.7634590E+003 -0.2826316E+003
 338.000    03121980  0.7810542E+003  0.6816054E+004  0.3406120E+003  0.4810879E+003  0.1236630E+002  0.2743162E+004 -0.1979979E+004  0.7631825E+003 -0.2830232E+003
 339.000    04121980  0.7823220E+003  0.6816095E+004  0.3406120E+003  0.4813850E+003  0.1234564E+002  0.2745553E+004 -0.1981796E+004  0.7637578E+003 -0.2832859E+003
 340.000    05121980  0.7835263E+003  0.6816138E+004  0.3406120E+003  0.4820804E+003  0.1232710E+002  0.2748460E+004 -0.1983719E+004  0.7647410E+003 -0.2835292E+003
 341.000    06121980  0.7843771E+003  0.6816174E+004  0.3406120E+003  0.4836159E+003  0.1231302E+002  0.2753372E+004 -0.1986741E+004  0.7666316E+003 -0.2838433E+003
 342.000    07121980  0.7847969E+003  0.6816194E+004  0.3406120E+003  0.4845060E+003  0.1229982E+002  0.2759292E+004 -0.1991331E+004  0.7679615E+003 -0.2842656E+003
 343.000    08121980  0.7852102E+003  0.6816208E+004  0.3406120E+003  0.4850649E+003  0.1228665E+002  0.2764644E+004 -0.1995633E+004  0.7690111E+003 -0.2847299E+003
 344.000    09121980  0.7854849E+003  0.6816217E+004  0.3406120E+003  0.4855140E+003  0.1226970E+002  0.2769294E+004 -0.1999303E+004  0.7699906E+003 -0.2852200E+003
 345.000    10121980  0.7856882E+003  0.6816219E+004  0.3406120E+003  0.4866063E+003  0.1224887E+002  0.2775169E+004 -0.2003587E+004  0.7715817E+003 -0.2857637E+003
 346.000    11121980  0.7864660E+003  0.6816243E+004  0.3406120E+003  0.4867487E+003  0.1222416E+002  0.2777937E+004 -0.2005801E+004  0.7721357E+003 -0.2861705E+003
 347.000    12121980  0.7873410E+003  0.6816282E+004  0.3406120E+003  0.4873941E+003  0.1219777E+002  0.2781009E+004 -0.2007859E+004  0.7731501E+003 -0.2864823E+003
 348.000    13121980  0.7880784E+003  0.6816318E+004  0.3406120E+003  0.4880398E+003  0.1217869E+002  0.2784574E+004 -0.2010392E+004  0.7741827E+003 -0.2868099E+003
 349.000    14121980  0.7886921E+003  0.6816352E+004  0.3406120E+003  0.4881919E+003  0.1215932E+002  0.2787481E+004 -0.2012741E+004  0.7747398E+003 -0.2871546E+003
 350.000    15121980  0.7895463E+003  0.6816395E+004  0.3406120E+003  0.4888231E+003  0.1213950E+002  0.2790432E+004 -0.2014711E+004  0.7757211E+003 -0.2874310E+003
 351.000    16121980  0.7902345E+003  0.6816433E+004  0.3406120E+003  0.4897576E+003  0.1212377E+002  0.2793887E+004 -0.2016845E+004  0.7770413E+003 -0.2877424E+003
 352.000    17121980  0.7909345E+003  0.6816471E+004  0.3406120E+003  0.4903058E+003  0.1210720E+002  0.2796925E+004 -0.2018939E+004  0.7779859E+003 -0.2880685E+003
 353.000    18121980  0.7917376E+003  0.6816516E+004  0.3406120E+003  0.4907120E+003  0.1208673E+002  0.2799601E+004 -0.2020886E+004  0.7787153E+003 -0.2883120E+003
 354.000    19121980  0.7923733E+003  0.6816558E+004  0.3406120E+003  0.4918858E+003  0.1207033E+002  0.2803464E+004 -0.2023199E+004  0.7802655E+003 -0.2885964E+003
 355.000    20121980  0.7932533E+003  0.6816602E+004  0.3406120E+003  0.4912824E+003  0.1204724E+002  0.2805002E+004 -0.2024980E+004  0.7800223E+003 -0.2888606E+003
 356.000    21121980  0.7941509E+003  0.6816651E+004  0.3406120E+003  0.4779537E+003  0.1202959E+002  0.2805255E+004 -0.2026231E+004  0.7790239E+003 -0.2890469E+003
 357.000    22121980  0.7950132E+003  0.6816702E+004  0.3406120E+003  0.4763021E+003  0.1201317E+002  0.2805898E+004 -0.2027511E+004  0.7783861E+003 -0.2892102E+003
 358.000    23121980  0.7960719E+003  0.6816750E+004  0.3406120E+003  0.4762655E+003  0.1199181E+002  0.2807200E+004 -0.2029075E+004  0.7781249E+003 -0.2893799E+003
 359.000    24121980  0.7969408E+003  0.6816798E+004  0.3406120E+003  0.4778865E+003  0.1197365E+002  0.2810236E+004 -0.2030838E+004  0.7793982E+003 -0.2895499E+003
 360.000    25121980  0.7978010E+003  0.6816847E+004  0.3406120E+003  0.4769776E+003  0.1195524E+002  0.2810549E+004 -0.2032430E+004  0.7781189E+003 -0.2897187E+003
 361.000    26121980  0.7985742E+003  0.6816897E+004  0.3406120E+003  0.4763404E+003  0.1194045E+002  0.2810683E+004 -0.2033509E+004  0.7771740E+003 -0.2898661E+003
 362.000    27121980  0.7995109E+003  0.6816947E+004  0.3406120E+003  0.4757664E+003  0.1192183E+002  0.2811002E+004 -0.2034736E+004  0.7762653E+003 -0.2900030E+003
 363.000    28121980  0.8005405E+003  0.6816995E+004  0.3406120E+003  0.4762454E+003  0.1190034E+002  0.2812605E+004 -0.2036220E+004  0.7763855E+003 -0.2901482E+003
 364.000    29121980  0.8012731E+003  0.6817043E+004  0.3406120E+003  0.4785259E+003  0.1188460E+002  0.2816598E+004 -0.2038270E+004  0.7783286E+003 -0.2902956E+003
 365.000    30121980  0.8026522E+003  0.6817091E+004  0.3406120E+003  0.4808967E+003  0.1186482E+002  0.2820701E+004 -0.2040319E+004  0.7803819E+003 -0.2904449E+003
 366.000    31121980  0.8033317E+003  0.6817140E+004  0.3406120E+003  0.4818639E+003  0.1184807E+002  0.2823223E+004 -0.2042181E+004  0.7810421E+003 -0.2905940E+003
