    DOY     DATE    PRECN           ET              WATER           DISCHG          SNOWPACK        WTR_1           WTR_2           WTR_3           WTR_4           WTR_5           WTR_6           ICE_2           ICE_3           ICE_4           ICE_5           ICE_6           ICE_7           PSI_3           PSI_4           PSI_5           PSI_6           PSI_7           PSI_8           ACTV_LYR        
  30.000    30011940  0.1255900E+003  0.1438432E+002  0.8303154E+003  0.6455358E+002  0.0000000E+000  0.3239274E+000  0.3502181E+000  0.3467642E+000  0.2781931E+000  0.2719509E+000  0.3574708E+000  0.9580800E-012  0.9351698E-012  0.0000000E+000  0.0000000E+000  0.0000000E+000  0.0000000E+000 -0.7093123E-002 -0.5757816E-002 -0.3931198E-002 -0.2517133E-002 -0.2547222E-002 -0.3216425E-002 -0.9999000E+004
  60.000    29021940  0.3094100E+003  0.4176957E+002  0.8680025E+003  0.1833012E+003  0.0000000E+000  0.3490811E+000  0.3487446E+000  0.3516261E+000  0.2877461E+000  0.2722922E+000  0.3687237E+000  0.9683837E-012  0.9351698E-012  0.0000000E+000  0.0000000E+000  0.0000000E+000  0.0000000E+000 -0.6227781E-002 -0.4843730E-002 -0.3856681E-002 -0.1911255E-002 -0.2494290E-002 -0.2511201E-002 -0.9999000E+004
  90.000    30031940  0.4729900E+003  0.8798292E+002  0.8602048E+003  0.3083689E+003  0.0000000E+000  0.3363991E+000  0.3423972E+000  0.3543673E+000  0.2864917E+000  0.2762986E+000  0.3742032E+000  0.9683837E-012  0.9351698E-012  0.0000000E+000  0.0000000E+000  0.0000000E+000  0.0000000E+000 -0.6456523E-002 -0.4915909E-002 -0.3580054E-002 -0.1696241E-002 -0.2497402E-002 -0.2524488E-002 -0.9999000E+004
 120.000    29041940  0.5912900E+003  0.1720809E+003  0.7902891E+003  0.4124867E+003  0.0000000E+000  0.2842209E+000  0.2848220E+000  0.2880635E+000  0.2315238E+000  0.2362574E+000  0.3518775E+000  0.9683837E-012  0.9351698E-012  0.0000000E+000  0.0000000E+000  0.0000000E+000  0.0000000E+000 -0.1885234E-001 -0.1398071E-001 -0.7691154E-002 -0.2854153E-002 -0.2634130E-002 -0.3544468E-002 -0.9999000E+004
 150.000    29051940  0.7429600E+003  0.2958943E+003  0.7770839E+003  0.4535484E+003  0.0000000E+000  0.3709525E+000  0.3619977E+000  0.3843348E+000  0.3263096E+000  0.2888955E+000  0.3191436E+000  0.9683837E-012  0.9351698E-012  0.0000000E+000  0.0000000E+000  0.0000000E+000  0.0000000E+000 -0.3814688E-002 -0.2785009E-002 -0.3055097E-002 -0.6278685E-002 -0.3998046E-002 -0.5837441E-002 -0.9999000E+004
 180.000    28061940  0.8054600E+003  0.4399980E+003  0.6749645E+003  0.4740641E+003  0.0000000E+000  0.2240953E+000  0.1584001E+000  0.1446802E+000  0.1217900E+000  0.1551999E+000  0.3083863E+000  0.9683837E-012  0.9351698E-012  0.0000000E+000  0.0000000E+000  0.0000000E+000  0.0000000E+000 -0.5301940E+000 -0.3903592E+000 -0.9055688E-001 -0.8264941E-002 -0.4627272E-002 -0.6529503E-002 -0.9999000E+004
 210.000    28071940  0.1040160E+004  0.5771498E+003  0.7571990E+003  0.4893777E+003  0.0000000E+000  0.3366750E+000  0.3554462E+000  0.3550256E+000  0.2947777E+000  0.2933907E+000  0.3577647E+000  0.9683837E-012  0.9351698E-012  0.0000000E+000  0.0000000E+000  0.0000000E+000  0.0000000E+000 -0.5291912E-002 -0.4300601E-002 -0.2727468E-002 -0.2501505E-002 -0.4247414E-002 -0.7735826E-002 -0.9999000E+004
 240.000    27081940  0.1120360E+004  0.7020883E+003  0.7016452E+003  0.5001930E+003  0.0000000E+000  0.1659546E+000  0.1639407E+000  0.1810772E+000  0.1682003E+000  0.1976921E+000  0.3287136E+000  0.9683837E-012  0.9351698E-012  0.0000000E+000  0.0000000E+000  0.0000000E+000  0.0000000E+000 -0.1726033E+000 -0.7282258E-001 -0.2104240E-001 -0.4938102E-002 -0.3472471E-002 -0.5218427E-002 -0.9999000E+004
 270.000    26091940  0.1152040E+004  0.8069421E+003  0.6172241E+003  0.5114403E+003  0.0000000E+000  0.1380363E+000  0.1338012E+000  0.1391540E+000  0.1145143E+000  0.1223349E+000  0.2797625E+000  0.9683837E-012  0.9351698E-012  0.0000000E+000  0.0000000E+000  0.0000000E+000  0.0000000E+000 -0.6147564E+000 -0.5325223E+000 -0.3783382E+000 -0.1918046E-001 -0.7827477E-002 -0.1032452E-001 -0.9999000E+004
 300.000    26101940  0.1216800E+004  0.8506971E+003  0.6296885E+003  0.5199809E+003  0.0000000E+000  0.2300189E+000  0.2303080E+000  0.2310556E+000  0.1799798E+000  0.1549767E+000  0.2716331E+000  0.9683837E-012  0.9351698E-012  0.0000000E+000  0.0000000E+000  0.0000000E+000  0.0000000E+000 -0.5443896E-001 -0.5174840E-001 -0.9157520E-001 -0.2497511E-001 -0.9591906E-002 -0.1208739E-001 -0.9999000E+004
 330.000    25111940  0.1246940E+004  0.8783782E+003  0.6261650E+003  0.5259633E+003  0.0000000E+000  0.2428138E+000  0.2431066E+000  0.2438304E+000  0.1886150E+000  0.1693824E+000  0.2690154E+000  0.9683837E-012  0.9351698E-012  0.0000000E+000  0.0000000E+000  0.0000000E+000  0.0000000E+000 -0.4216440E-001 -0.4063823E-001 -0.5359817E-001 -0.2721548E-001 -0.1069307E-001 -0.1289767E-001 -0.9999000E+004
 360.000    25121940  0.1337470E+004  0.8977440E+003  0.6924329E+003  0.5304096E+003  0.0000000E+000  0.3205191E+000  0.3489289E+000  0.3468345E+000  0.2817898E+000  0.2806961E+000  0.3167950E+000  0.9683837E-012  0.9351698E-012  0.0000000E+000  0.0000000E+000  0.0000000E+000  0.0000000E+000 -0.6853813E-002 -0.5366789E-002 -0.3371810E-002 -0.6663058E-002 -0.1054792E-001 -0.1267023E-001 -0.9999000E+004
