    DOY     DATE    PRECN           ET              WATER           DISCHG          SNOWPACK        WTR_1           WTR_2           WTR_3           WTR_4           WTR_5           WTR_6           ICE_2           ICE_3           ICE_4           ICE_5           ICE_6           ICE_7           PSI_3           PSI_4           PSI_5           PSI_6           PSI_7           PSI_8           ACTV_LYR        
  30.000    30011965  0.1462400E+003  0.2511379E+002  0.8380726E+003  0.1026085E+003  0.0000000E+000  0.3431775E+000  0.3408998E+000  0.3460037E+000  0.2769914E+000  0.2699558E+000  0.3569449E+000  0.9711279E-012  0.9672458E-012  0.0000000E+000  0.0000000E+000  0.0000000E+000  0.0000000E+000 -0.6943937E-002 -0.5881477E-002 -0.4072992E-002 -0.2546747E-002 -0.2582595E-002 -0.3448431E-002 -0.9999000E+004
  60.000    01031965  0.2273100E+003  0.5247683E+002  0.8138827E+003  0.1663704E+003  0.1166956E+003  0.3321642E+000  0.3404531E+000  0.3480672E+000  0.2744703E+000  0.2641652E+000  0.3553314E+000  0.9988398E-012  0.9672458E-012  0.0000000E+000  0.0000000E+000  0.0000000E+000  0.0000000E+000 -0.7320469E-002 -0.6137432E-002 -0.4525378E-002 -0.2640854E-002 -0.2627798E-002 -0.3726593E-002 -0.9999000E+004
  90.000    31031965  0.4160900E+003  0.8602905E+002  0.8574613E+003  0.2923166E+003  0.0000000E+000  0.3187297E+000  0.3477535E+000  0.3442814E+000  0.2778269E+000  0.2716636E+000  0.3566673E+000  0.9898426E-012  0.9672458E-012  0.0000000E+000  0.0000000E+000  0.0000000E+000  0.0000000E+000 -0.7119166E-002 -0.5755046E-002 -0.3949876E-002 -0.2562449E-002 -0.2568341E-002 -0.3212676E-002 -0.9999000E+004
 120.000    30041965  0.5533600E+003  0.1427588E+003  0.7904192E+003  0.4398989E+003  0.0000000E+000  0.3204092E+000  0.3239955E+000  0.3301831E+000  0.2554801E+000  0.2471324E+000  0.3478593E+000  0.9898426E-012  0.9672458E-012  0.0000000E+000  0.0000000E+000  0.0000000E+000  0.0000000E+000 -0.9999078E-002 -0.8576741E-002 -0.6211324E-002 -0.3131525E-002 -0.2960748E-002 -0.4546600E-002 -0.9999000E+004
 150.000    30051965  0.6489300E+003  0.2172646E+003  0.7764838E+003  0.4748984E+003  0.0000000E+000  0.3411781E+000  0.3469070E+000  0.3624349E+000  0.2957926E+000  0.2985508E+000  0.3574755E+000  0.9898426E-012  0.9672458E-012  0.0000000E+000  0.0000000E+000  0.0000000E+000  0.0000000E+000 -0.5007480E-002 -0.4267168E-002 -0.2512856E-002 -0.2518210E-002 -0.2917411E-002 -0.5878294E-002 -0.9999000E+004
 180.000    29061965  0.6890600E+003  0.2971182E+003  0.7230792E+003  0.4885794E+003  0.0000000E+000  0.2898496E+000  0.2972009E+000  0.2989396E+000  0.2316064E+000  0.2256239E+000  0.3359802E+000  0.9898426E-012  0.9672458E-012  0.0000000E+000  0.0000000E+000  0.0000000E+000  0.0000000E+000 -0.1588635E-001 -0.1406637E-001 -0.9610632E-002 -0.4142565E-002 -0.3730180E-002 -0.5496837E-002 -0.9999000E+004
 210.000    29071965  0.8121500E+003  0.4029975E+003  0.7324603E+003  0.4964091E+003  0.0000000E+000  0.3400754E+000  0.3373467E+000  0.3448342E+000  0.2768370E+000  0.2741269E+000  0.3573005E+000  0.9898426E-012  0.9672458E-012  0.0000000E+000  0.0000000E+000  0.0000000E+000  0.0000000E+000 -0.6859126E-002 -0.5832281E-002 -0.3771801E-002 -0.2525513E-002 -0.3378172E-002 -0.8073637E-002 -0.9999000E+004
 240.000    28081965  0.9024900E+003  0.4946543E+003  0.7261269E+003  0.5014256E+003  0.0000000E+000  0.3205362E+000  0.3213900E+000  0.3274393E+000  0.2539071E+000  0.2412748E+000  0.3434927E+000  0.9898426E-012  0.9672458E-012  0.0000000E+000  0.0000000E+000  0.0000000E+000  0.0000000E+000 -0.1032345E-001 -0.8815258E-002 -0.6978171E-002 -0.3466717E-002 -0.3085149E-002 -0.4069516E-002 -0.9999000E+004
 270.000    27091965  0.9923500E+003  0.5725094E+003  0.7353022E+003  0.5042552E+003  0.0000000E+000  0.3199218E+000  0.3285583E+000  0.3313620E+000  0.2585550E+000  0.2497348E+000  0.3435596E+000  0.9898426E-012  0.9672458E-012  0.0000000E+000  0.0000000E+000  0.0000000E+000  0.0000000E+000 -0.9633250E-002 -0.8098422E-002 -0.5909757E-002 -0.3462981E-002 -0.3335244E-002 -0.5127359E-002 -0.9999000E+004
 300.000    27101965  0.1038160E+004  0.6327314E+003  0.7183068E+003  0.5068386E+003  0.0000000E+000  0.3279516E+000  0.3291884E+000  0.3329685E+000  0.2592691E+000  0.2341334E+000  0.3247406E+000  0.9898426E-012  0.9672458E-012  0.0000000E+000  0.0000000E+000  0.0000000E+000  0.0000000E+000 -0.9202102E-002 -0.7993931E-002 -0.8080425E-002 -0.5454164E-002 -0.4581731E-002 -0.6840733E-002 -0.9999000E+004
 330.000    26111965  0.1102560E+004  0.6714775E+003  0.7401898E+003  0.5106094E+003  0.0000000E+000  0.3331010E+000  0.3224959E+000  0.3290714E+000  0.2548587E+000  0.2455609E+000  0.3474754E+000  0.9898426E-012  0.9672458E-012  0.0000000E+000  0.0000000E+000  0.0000000E+000  0.0000000E+000 -0.1000133E-001 -0.8694448E-002 -0.6412194E-002 -0.3160905E-002 -0.3007759E-002 -0.4266472E-002 -0.9999000E+004
 360.000    26121965  0.1274170E+004  0.7019207E+003  0.8369683E+003  0.5549743E+003  0.0000000E+000  0.3388715E+000  0.3449438E+000  0.3483596E+000  0.2798592E+000  0.2719172E+000  0.3576299E+000  0.9898426E-012  0.9672458E-012  0.0000000E+000  0.0000000E+000  0.0000000E+000  0.0000000E+000 -0.6788773E-002 -0.5593565E-002 -0.3939349E-002 -0.2508063E-002 -0.2507018E-002 -0.3245832E-002 -0.9999000E+004
