    DOY     DATE    RESIDUE_C       HUMUS_C         ATM_CO2         NBP             ECO_LAI         ECO_GPP         ECO_RA          ECO_NPP         ECO_RH          
  30.000    30011928  0.1842762E+004  0.8515138E+004  0.3406120E+003 -0.5797875E+002  0.8796613E-005  0.0000000E+000 -0.2915383E+002 -0.2915383E+002 -0.1938286E+002
  60.000    29021928  0.1838119E+004  0.8520849E+004  0.3406120E+003 -0.1067096E+003  0.0000000E+000  0.0000000E+000 -0.5671969E+002 -0.5671969E+002 -0.4586468E+002
  90.000    30031928  0.1824281E+004  0.8525925E+004  0.3406120E+003 -0.1772651E+003  0.0000000E+000  0.0000000E+000 -0.8749852E+002 -0.8749852E+002 -0.8922616E+002
 120.000    29041928  0.1793959E+004  0.8529494E+004  0.3406120E+003 -0.2022013E+003  0.2418639E+001  0.1064106E+003 -0.1586455E+003 -0.5223490E+002 -0.1521303E+003
 150.000    29051928  0.1732734E+004  0.8531000E+004  0.3406120E+003 -0.8496634E+001  0.6116071E+001  0.5425376E+003 -0.3347415E+003  0.2077961E+003 -0.2213623E+003
 180.000    28061928  0.1679021E+004  0.8530167E+004  0.3406120E+003  0.1662066E+003  0.7825176E+001  0.1032601E+004 -0.5790581E+003  0.4535425E+003 -0.2894219E+003
 210.000    28071928  0.1623057E+004  0.8525612E+004  0.3406120E+003  0.2251884E+003  0.7941458E+001  0.1438199E+004 -0.8447476E+003  0.5934519E+003 -0.3633907E+003
 240.000    27081928  0.1605955E+004  0.8517830E+004  0.3406120E+003  0.2708436E+003  0.6169066E+001  0.1835525E+004 -0.1120370E+004  0.7151553E+003 -0.4391788E+003
 270.000    26091928  0.1643890E+004  0.8508624E+004  0.3406120E+003  0.2899832E+003  0.1517862E+001  0.2152749E+004 -0.1325726E+004  0.8270230E+003 -0.5503616E+003
 300.000    26101928  0.1597070E+004  0.8506930E+004  0.3406120E+003  0.1882690E+003  0.5552507E+000  0.2233083E+004 -0.1419918E+004  0.8131641E+003 -0.6343204E+003
 330.000    25111928  0.1788053E+004  0.8510836E+004  0.3406120E+003  0.7065917E+002  0.4323972E+000  0.2238399E+004 -0.1481340E+004  0.7570593E+003 -0.6967864E+003
 360.000    25121928  0.1818138E+004  0.8517021E+004  0.3406120E+003 -0.9425219E+001  0.3106555E+000  0.2238399E+004 -0.1520277E+004  0.7181218E+003 -0.7301748E+003
