    DOY     DATE    RESIDUE_C       HUMUS_C         ATM_CO2         NBP             ECO_LAI         ECO_GPP         ECO_RA          ECO_NPP         ECO_RH          
  30.000    30011978  0.7558635E+003  0.6898860E+004  0.3406120E+003  0.1059269E+002  0.1186012E+002  0.7359490E+002 -0.5386556E+002  0.1972933E+002 -0.6372993E+001
  60.000    01031978  0.7723376E+003  0.6900222E+004  0.3406120E+003  0.4703101E+002  0.1141854E+002  0.1670460E+003 -0.1109669E+003  0.5607915E+002 -0.1214283E+002
  90.000    31031978  0.7797398E+003  0.6901417E+004  0.3406120E+003  0.1269480E+003  0.1139339E+002  0.3447020E+003 -0.2043885E+003  0.1403136E+003 -0.2183371E+002
 120.000    30041978  0.7703232E+003  0.6902053E+004  0.3406120E+003  0.2457874E+003  0.1149876E+002  0.6118904E+003 -0.3391396E+003  0.2727508E+003 -0.4004755E+002
 150.000    30051978  0.7574808E+003  0.6900412E+004  0.3406120E+003  0.3571816E+003  0.1221292E+002  0.9627951E+003 -0.5513982E+003  0.4113969E+003 -0.6985424E+002
 180.000    29061978  0.7458876E+003  0.6895248E+004  0.3406120E+003  0.4124247E+003  0.1392074E+002  0.1326789E+004 -0.8214775E+003  0.5053120E+003 -0.1085458E+003
 210.000    29071978  0.7399786E+003  0.6886663E+004  0.3406120E+003  0.4028703E+003  0.1464826E+002  0.1671035E+004 -0.1131453E+004  0.5395822E+003 -0.1524006E+003
 240.000    28081978  0.7395125E+003  0.6876819E+004  0.3406120E+003  0.4006950E+003  0.1452384E+002  0.2004695E+004 -0.1421304E+004  0.5833902E+003 -0.1940119E+003
 270.000    27091978  0.7330907E+003  0.6868593E+004  0.3406120E+003  0.4381072E+003  0.1391470E+002  0.2306355E+004 -0.1653159E+004  0.6531961E+003 -0.2324023E+003
 300.000    27101978  0.7284113E+003  0.6865946E+004  0.3406120E+003  0.5052484E+003  0.1327080E+002  0.2529263E+004 -0.1790046E+004  0.7392173E+003 -0.2543774E+003
 330.000    26111978  0.7392476E+003  0.6865529E+004  0.3406120E+003  0.5389338E+003  0.1261286E+002  0.2691968E+004 -0.1904381E+004  0.7875870E+003 -0.2699560E+003
 360.000    26121978  0.7603577E+003  0.6866249E+004  0.3406120E+003  0.5472441E+003  0.1207408E+002  0.2807899E+004 -0.1985834E+004  0.8220655E+003 -0.2809349E+003
