    DOY     DATE    SHOOT_C         ROOT_C          LAI             GPP             AUTO_RESP       HVST_C          
  30.000    30011950  0.3896153E+001  0.4729085E+000  0.1213460E+000  0.1971909E+000 -0.7113282E-001  0.0000000E+000
  60.000    01031950  0.4022451E+001  0.4951109E+000  0.1217406E+000  0.4755585E+000 -0.1786264E+000  0.0000000E+000
  90.000    31031950  0.4376982E+001  0.5392956E+000  0.1316771E+000  0.1027572E+001 -0.3842712E+000  0.0000000E+000
 120.000    30041950  0.5299023E+001  0.7180538E+000  0.2035064E+000  0.2158170E+001 -0.8642283E+000  0.0000000E+000
 150.000    30051950  0.7142789E+001  0.9565027E+000  0.2977594E+000  0.5143371E+001 -0.1837711E+001  0.0000000E+000
 180.000    29061950  0.1057758E+002  0.1372397E+001  0.3929766E+000  0.1108327E+002 -0.3895322E+001  0.0000000E+000
 210.000    29071950  0.1524340E+002  0.1752924E+001  0.4254430E+000  0.1930631E+002 -0.7040619E+001  0.0000000E+000
 240.000    28081950  0.2029878E+002  0.1978589E+001  0.4546620E+000  0.2798309E+002 -0.1040554E+002  0.0000000E+000
 270.000    27091950  0.2506182E+002  0.2229847E+001  0.4764316E+000  0.3585606E+002 -0.1322519E+002  0.0000000E+000
 300.000    27101950  0.2867094E+002  0.2573062E+001  0.4946447E+000  0.4198902E+002 -0.1536007E+002  0.0000000E+000
 330.000    26111950  0.3033979E+002  0.2959629E+001  0.5030933E+000  0.4580497E+002 -0.1675538E+002  0.0000000E+000
 360.000    26121950  0.3079309E+002  0.3340205E+001  0.5023189E+000  0.4814047E+002 -0.1764253E+002  0.0000000E+000
