    DOY     DATE    RESIDUE_C       HUMUS_C         ATM_CO2         NBP             ECO_LAI         ECO_GPP         ECO_RA          ECO_NPP         ECO_RH          
  30.000    30011932  0.1783768E+004  0.8512276E+004  0.3406120E+003 -0.1005956E+003  0.6373534E+000  0.0000000E+000 -0.3238688E+002 -0.3238688E+002 -0.1677639E+002
  60.000    29021932  0.1811451E+004  0.8517252E+004  0.3406120E+003 -0.1600120E+003  0.8883799E-001  0.1086986E+000 -0.6701962E+002 -0.6691092E+002 -0.4819998E+002
  90.000    30031932  0.1791423E+004  0.8522179E+004  0.3406120E+003 -0.2019144E+003  0.1619241E+001  0.4659473E+002 -0.1194588E+003 -0.7286404E+002 -0.8961069E+002
 120.000    29041932  0.1741100E+004  0.8526662E+004  0.3406120E+003 -0.1189039E+003  0.4239082E+001  0.2911321E+003 -0.2275822E+003  0.6354990E+002 -0.1482986E+003
 150.000    29051932  0.1675811E+004  0.8528114E+004  0.3406120E+003  0.7485690E+002  0.7339096E+001  0.7673543E+003 -0.4393675E+003  0.3279868E+003 -0.2258973E+003
 180.000    28061932  0.1604149E+004  0.8525276E+004  0.3406120E+003  0.2254270E+003  0.8488347E+001  0.1275203E+004 -0.7108176E+003  0.5643854E+003 -0.3148849E+003
 210.000    28071932  0.1505221E+004  0.8515772E+004  0.3406120E+003  0.2594844E+003  0.8558212E+001  0.1700335E+004 -0.9893805E+003  0.7109545E+003 -0.4374350E+003
 240.000    27081932  0.1437954E+004  0.8503789E+004  0.3406120E+003  0.3015252E+003  0.7478126E+001  0.2127897E+004 -0.1268301E+004  0.8595960E+003 -0.5575315E+003
 270.000    26091932  0.1533691E+004  0.8496865E+004  0.3406120E+003  0.3445489E+003  0.2131521E+001  0.2481313E+004 -0.1497246E+004  0.9840665E+003 -0.6352512E+003
 300.000    26101932  0.1515622E+004  0.8492112E+004  0.3406120E+003  0.2456055E+003  0.5791939E+000  0.2603942E+004 -0.1626119E+004  0.9778231E+003 -0.7114128E+003
 330.000    25111932  0.1697720E+004  0.8491127E+004  0.3406120E+003  0.1189041E+003  0.2419633E+000  0.2620684E+004 -0.1706619E+004  0.9140657E+003 -0.7623290E+003
 360.000    25121932  0.1830014E+004  0.8494871E+004  0.3406120E+003  0.1917097E+002  0.1269706E+000  0.2620684E+004 -0.1756994E+004  0.8636909E+003 -0.8053341E+003
