    DOY     DATE    SHOOT_C         ROOT_C          LAI             GPP             AUTO_RESP       HVST_C          
   1.000    01011999  0.1025535E+005  0.3730041E+003  0.8867177E+001  0.2448719E+001 -0.1152129E+001  0.0000000E+000
   2.000    02011999  0.1025360E+005  0.3734635E+003  0.8854225E+001  0.2917415E+001 -0.2166820E+001  0.0000000E+000
   3.000    03011999  0.1025423E+005  0.3739119E+003  0.8848741E+001  0.5832839E+001 -0.3587814E+001  0.0000000E+000
   4.000    04011999  0.1025309E+005  0.3743627E+003  0.8836705E+001  0.6873979E+001 -0.4600364E+001  0.0000000E+000
   5.000    05011999  0.1025158E+005  0.3747879E+003  0.8826718E+001  0.7253315E+001 -0.5440673E+001  0.0000000E+000
   6.000    06011999  0.1025131E+005  0.3751993E+003  0.8818382E+001  0.8955334E+001 -0.6459428E+001  0.0000000E+000
   7.000    07011999  0.1025267E+005  0.3756283E+003  0.8812008E+001  0.1291907E+002 -0.8149120E+001  0.0000000E+000
   8.000    08011999  0.1025263E+005  0.3760684E+003  0.8804352E+001  0.1512148E+002 -0.9434648E+001  0.0000000E+000
   9.000    09011999  0.1025387E+005  0.3764899E+003  0.8801483E+001  0.1927307E+002 -0.1159088E+002  0.0000000E+000
  10.000    10011999  0.1025311E+005  0.3768950E+003  0.8790031E+001  0.2063355E+002 -0.1260977E+002  0.0000000E+000
  11.000    11011999  0.1025400E+005  0.3773151E+003  0.8782152E+001  0.2385886E+002 -0.1397974E+002  0.0000000E+000
  12.000    12011999  0.1025564E+005  0.3777377E+003  0.8779708E+001  0.2848455E+002 -0.1621993E+002  0.0000000E+000
  13.000    13011999  0.1025734E+005  0.3781015E+003  0.8781371E+001  0.3354260E+002 -0.1892593E+002  0.0000000E+000
  14.000    14011999  0.1025924E+005  0.3782944E+003  0.8782820E+001  0.3860954E+002 -0.2173320E+002  0.0000000E+000
  15.000    15011999  0.1026069E+005  0.3785096E+003  0.8774506E+001  0.4245100E+002 -0.2352611E+002  0.0000000E+000
  16.000    16011999  0.1026221E+005  0.3788551E+003  0.8767927E+001  0.4658325E+002 -0.2530749E+002  0.0000000E+000
  17.000    17011999  0.1026387E+005  0.3792079E+003  0.8766138E+001  0.5117381E+002 -0.2749819E+002  0.0000000E+000
  18.000    18011999  0.1026508E+005  0.3792885E+003  0.8767202E+001  0.5637818E+002 -0.3124557E+002  0.0000000E+000
  19.000    19011999  0.1026693E+005  0.3794242E+003  0.8760085E+001  0.6088028E+002 -0.3337750E+002  0.0000000E+000
  20.000    20011999  0.1026890E+005  0.3796300E+003  0.8756307E+001  0.6596160E+002 -0.3594030E+002  0.0000000E+000
  21.000    21011999  0.1027069E+005  0.3798157E+003  0.8756922E+001  0.7113975E+002 -0.3882625E+002  0.0000000E+000
  22.000    22011999  0.1027213E+005  0.3798828E+003  0.8761316E+001  0.7632913E+002 -0.4237136E+002  0.0000000E+000
  23.000    23011999  0.1027366E+005  0.3797544E+003  0.8765777E+001  0.8230493E+002 -0.4680561E+002  0.0000000E+000
  24.000    24011999  0.1027452E+005  0.3796212E+003  0.8754212E+001  0.8604753E+002 -0.4962376E+002  0.0000000E+000
  25.000    25011999  0.1027651E+005  0.3797367E+003  0.8748686E+001  0.9063310E+002 -0.5173739E+002  0.0000000E+000
  26.000    26011999  0.1027814E+005  0.3799737E+003  0.8740651E+001  0.9466148E+002 -0.5343376E+002  0.0000000E+000
  27.000    27011999  0.1027961E+005  0.3802894E+003  0.8739903E+001  0.9923580E+002 -0.5588917E+002  0.0000000E+000
  28.000    28011999  0.1028141E+005  0.3804727E+003  0.8742191E+001  0.1051547E+003 -0.5970384E+002  0.0000000E+000
  29.000    29011999  0.1028396E+005  0.3806284E+003  0.8742039E+001  0.1106918E+003 -0.6242559E+002  0.0000000E+000
  30.000    30011999  0.1027912E+005  0.3806586E+003  0.8726686E+001  0.1151400E+003 -0.6426436E+002  0.0000000E+000
  31.000    31011999  0.1027883E+005  0.3810442E+003  0.8714646E+001  0.1171404E+003 -0.6551705E+002  0.0000000E+000
  32.000    01021999  0.1027797E+005  0.3814689E+003  0.8704041E+001  0.1185541E+003 -0.6676632E+002  0.0000000E+000
  33.000    02021999  0.1027927E+005  0.3818794E+003  0.8703451E+001  0.1224690E+003 -0.6881843E+002  0.0000000E+000
  34.000    03021999  0.1028071E+005  0.3822812E+003  0.8699928E+001  0.1268886E+003 -0.7110151E+002  0.0000000E+000
  35.000    04021999  0.1028275E+005  0.3826302E+003  0.8700051E+001  0.1321485E+003 -0.7382022E+002  0.0000000E+000
  36.000    05021999  0.1028430E+005  0.3830234E+003  0.8692784E+001  0.1365390E+003 -0.7581574E+002  0.0000000E+000
  37.000    06021999  0.1028657E+005  0.3834150E+003  0.8693762E+001  0.1423942E+003 -0.7872969E+002  0.0000000E+000
  38.000    07021999  0.1028828E+005  0.3837043E+003  0.8695456E+001  0.1481815E+003 -0.8237299E+002  0.0000000E+000
  39.000    08021999  0.1028967E+005  0.3838695E+003  0.8688403E+001  0.1527268E+003 -0.8511865E+002  0.0000000E+000
  40.000    09021999  0.1029120E+005  0.3841575E+003  0.8687405E+001  0.1573801E+003 -0.8761645E+002  0.0000000E+000
  41.000    10021999  0.1029322E+005  0.3843742E+003  0.8682754E+001  0.1629148E+003 -0.9072012E+002  0.0000000E+000
  42.000    11021999  0.1029533E+005  0.3846150E+003  0.8683080E+001  0.1688415E+003 -0.9399686E+002  0.0000000E+000
  43.000    12021999  0.1029815E+005  0.3847168E+003  0.8677875E+001  0.1756723E+003 -0.9769139E+002  0.0000000E+000
  44.000    13021999  0.1029895E+005  0.3850072E+003  0.8667356E+001  0.1785672E+003 -0.9891776E+002  0.0000000E+000
  45.000    14021999  0.1029942E+005  0.3853930E+003  0.8658499E+001  0.1810519E+003 -0.1000152E+003  0.0000000E+000
  46.000    15021999  0.1030141E+005  0.3858441E+003  0.8653010E+001  0.1856562E+003 -0.1017739E+003  0.0000000E+000
  47.000    16021999  0.1030384E+005  0.3863255E+003  0.8651005E+001  0.1912910E+003 -0.1041472E+003  0.0000000E+000
  48.000    17021999  0.1030667E+005  0.3867681E+003  0.8654137E+001  0.1978240E+003 -0.1072616E+003  0.0000000E+000
  49.000    18021999  0.1030817E+005  0.3871161E+003  0.8648685E+001  0.2021398E+003 -0.1095216E+003  0.0000000E+000
  50.000    19021999  0.1030873E+005  0.3875577E+003  0.8640050E+001  0.2049815E+003 -0.1108594E+003  0.0000000E+000
  51.000    20021999  0.1031035E+005  0.3880605E+003  0.8633179E+001  0.2092027E+003 -0.1124953E+003  0.0000000E+000
  52.000    21021999  0.1031072E+005  0.3885978E+003  0.8623918E+001  0.2118663E+003 -0.1136968E+003  0.0000000E+000
  53.000    22021999  0.1031023E+005  0.3891505E+003  0.8613342E+001  0.2135671E+003 -0.1147112E+003  0.0000000E+000
  54.000    23021999  0.1030886E+005  0.3896867E+003  0.8601706E+001  0.2143440E+003 -0.1156340E+003  0.0000000E+000
  55.000    24021999  0.1030897E+005  0.3902148E+003  0.8592412E+001  0.2166216E+003 -0.1166778E+003  0.0000000E+000
  56.000    25021999  0.1030879E+005  0.3907550E+003  0.8583118E+001  0.2186466E+003 -0.1177506E+003  0.0000000E+000
  57.000    26021999  0.1031058E+005  0.3913150E+003  0.8575905E+001  0.2231481E+003 -0.1193667E+003  0.0000000E+000
  58.000    27021999  0.1031250E+005  0.3918628E+003  0.8577790E+001  0.2289085E+003 -0.1222646E+003  0.0000000E+000
  59.000    28021999  0.1031374E+005  0.3922588E+003  0.8572917E+001  0.2334384E+003 -0.1249300E+003  0.0000000E+000
  60.000    01031999  0.1030889E+005  0.3924058E+003  0.8561426E+001  0.2379467E+003 -0.1265710E+003  0.0000000E+000
  61.000    02031999  0.1031070E+005  0.3928263E+003  0.8561003E+001  0.2429918E+003 -0.1290116E+003  0.0000000E+000
  62.000    03031999  0.1031350E+005  0.3931997E+003  0.8556030E+001  0.2491713E+003 -0.1316890E+003  0.0000000E+000
  63.000    04031999  0.1031448E+005  0.3935973E+003  0.8548537E+001  0.2524934E+003 -0.1331221E+003  0.0000000E+000
  64.000    05031999  0.1031638E+005  0.3940334E+003  0.8541956E+001  0.2569500E+003 -0.1347447E+003  0.0000000E+000
  65.000    06031999  0.1031830E+005  0.3943991E+003  0.8546537E+001  0.2627683E+003 -0.1379897E+003  0.0000000E+000
  66.000    07031999  0.1031929E+005  0.3946955E+003  0.8534753E+001  0.2660361E+003 -0.1395174E+003  0.0000000E+000
  67.000    08031999  0.1032003E+005  0.3950919E+003  0.8525964E+001  0.2689377E+003 -0.1406918E+003  0.0000000E+000
  68.000    09031999  0.1031885E+005  0.3955200E+003  0.8513150E+001  0.2699704E+003 -0.1417204E+003  0.0000000E+000
  69.000    10031999  0.1031971E+005  0.3959606E+003  0.8505439E+001  0.2731307E+003 -0.1430235E+003  0.0000000E+000
  70.000    11031999  0.1032090E+005  0.3964247E+003  0.8499208E+001  0.2769311E+003 -0.1446705E+003  0.0000000E+000
  71.000    12031999  0.1032238E+005  0.3968849E+003  0.8493354E+001  0.2812944E+003 -0.1466010E+003  0.0000000E+000
  72.000    13031999  0.1032373E+005  0.3973540E+003  0.8487500E+001  0.2849989E+003 -0.1480050E+003  0.0000000E+000
  73.000    14031999  0.1032267E+005  0.3978206E+003  0.8478398E+001  0.2861793E+003 -0.1491808E+003  0.0000000E+000
  74.000    15031999  0.1032308E+005  0.3982721E+003  0.8471347E+001  0.2889287E+003 -0.1505520E+003  0.0000000E+000
  75.000    16031999  0.1032498E+005  0.3986913E+003  0.8472942E+001  0.2942013E+003 -0.1531129E+003  0.0000000E+000
  76.000    17031999  0.1032657E+005  0.3988516E+003  0.8475584E+001  0.3009563E+003 -0.1578698E+003  0.0000000E+000
  77.000    18031999  0.1032833E+005  0.3986635E+003  0.8480362E+001  0.3077349E+003 -0.1628894E+003  0.0000000E+000
  78.000    19031999  0.1033227E+005  0.3985637E+003  0.8467627E+001  0.3143908E+003 -0.1653597E+003  0.0000000E+000
  79.000    20031999  0.1033542E+005  0.3986630E+003  0.8468315E+001  0.3204268E+003 -0.1678469E+003  0.0000000E+000
  80.000    21031999  0.1033724E+005  0.3987575E+003  0.8469808E+001  0.3251379E+003 -0.1704714E+003  0.0000000E+000
  81.000    22031999  0.1033805E+005  0.3989451E+003  0.8462296E+001  0.3305763E+003 -0.1726343E+003  0.0000000E+000
  82.000    23031999  0.1034105E+005  0.3991519E+003  0.8494919E+001  0.3369587E+003 -0.1755503E+003  0.0000000E+000
  83.000    24031999  0.1034466E+005  0.3992474E+003  0.8526541E+001  0.3444845E+003 -0.1792138E+003  0.0000000E+000
  84.000    25031999  0.1034827E+005  0.3993552E+003  0.8544993E+001  0.3512266E+003 -0.1820874E+003  0.0000000E+000
  85.000    26031999  0.1035124E+005  0.3996468E+003  0.8552740E+001  0.3566385E+003 -0.1840820E+003  0.0000000E+000
  86.000    27031999  0.1035447E+005  0.4000499E+003  0.8563967E+001  0.3625404E+003 -0.1862041E+003  0.0000000E+000
  87.000    28031999  0.1035720E+005  0.4004348E+003  0.8580972E+001  0.3690508E+003 -0.1894143E+003  0.0000000E+000
  88.000    29031999  0.1036031E+005  0.4007226E+003  0.8604835E+001  0.3764390E+003 -0.1932853E+003  0.0000000E+000
  89.000    30031999  0.1036406E+005  0.4008982E+003  0.8622891E+001  0.3840108E+003 -0.1967698E+003  0.0000000E+000
  90.000    31031999  0.1036087E+005  0.4008732E+003  0.8637729E+001  0.3919640E+003 -0.2006732E+003  0.0000000E+000
  91.000    01041999  0.1036138E+005  0.4008937E+003  0.8666385E+001  0.3967808E+003 -0.2048791E+003  0.0000000E+000
  92.000    02041999  0.1036549E+005  0.4008357E+003  0.8692191E+001  0.4057568E+003 -0.2098026E+003  0.0000000E+000
  93.000    03041999  0.1036910E+005  0.4007784E+003  0.8715023E+001  0.4142188E+003 -0.2147522E+003  0.0000000E+000
  94.000    04041999  0.1037242E+005  0.4006650E+003  0.8736264E+001  0.4231374E+003 -0.2205852E+003  0.0000000E+000
  95.000    05041999  0.1037720E+005  0.4006116E+003  0.8744368E+001  0.4310073E+003 -0.2236877E+003  0.0000000E+000
  96.000    06041999  0.1038041E+005  0.4007619E+003  0.8753326E+001  0.4371449E+003 -0.2264116E+003  0.0000000E+000
  97.000    07041999  0.1038421E+005  0.4008818E+003  0.8772134E+001  0.4460635E+003 -0.2315053E+003  0.0000000E+000
  98.000    08041999  0.1038627E+005  0.4008960E+003  0.8789628E+001  0.4541179E+003 -0.2376536E+003  0.0000000E+000
  99.000    09041999  0.1038982E+005  0.4008115E+003  0.8803753E+001  0.4631199E+003 -0.2433512E+003  0.0000000E+000
 100.000    10041999  0.1039472E+005  0.4007755E+003  0.8811739E+001  0.4717840E+003 -0.2472020E+003  0.0000000E+000
 101.000    11041999  0.1039841E+005  0.4008627E+003  0.8822483E+001  0.4790108E+003 -0.2506733E+003  0.0000000E+000
 102.000    12041999  0.1040361E+005  0.4010086E+003  0.8830207E+001  0.4875434E+003 -0.2538669E+003  0.0000000E+000
 103.000    13041999  0.1040832E+005  0.4013103E+003  0.8836486E+001  0.4956194E+003 -0.2568678E+003  0.0000000E+000
 104.000    14041999  0.1041267E+005  0.4016614E+003  0.8847281E+001  0.5039375E+003 -0.2604770E+003  0.0000000E+000
 105.000    15041999  0.1041579E+005  0.4019814E+003  0.8859927E+001  0.5106645E+003 -0.2637403E+003  0.0000000E+000
 106.000    16041999  0.1042063E+005  0.4022870E+003  0.8872471E+001  0.5195043E+003 -0.2674193E+003  0.0000000E+000
 107.000    17041999  0.1042526E+005  0.4026799E+003  0.8880512E+001  0.5274738E+003 -0.2703026E+003  0.0000000E+000
 108.000    18041999  0.1042989E+005  0.4031457E+003  0.8888007E+001  0.5353032E+003 -0.2729341E+003  0.0000000E+000
 109.000    19041999  0.1043470E+005  0.4036651E+003  0.8899904E+001  0.5441437E+003 -0.2763747E+003  0.0000000E+000
 110.000    20041999  0.1043860E+005  0.4040921E+003  0.8917399E+001  0.5533726E+003 -0.2812545E+003  0.0000000E+000
 111.000    21041999  0.1044255E+005  0.4044221E+003  0.8932498E+001  0.5623883E+003 -0.2859697E+003  0.0000000E+000
 112.000    22041999  0.1044447E+005  0.4045444E+003  0.8951562E+001  0.5712636E+003 -0.2928898E+003  0.0000000E+000
 113.000    23041999  0.1044776E+005  0.4044930E+003  0.8964911E+001  0.5804793E+003 -0.2989468E+003  0.0000000E+000
 114.000    24041999  0.1045203E+005  0.4044655E+003  0.8970244E+001  0.5880075E+003 -0.3021926E+003  0.0000000E+000
 115.000    25041999  0.1045723E+005  0.4046496E+003  0.8976097E+001  0.5967559E+003 -0.3054930E+003  0.0000000E+000
 116.000    26041999  0.1046164E+005  0.4049041E+003  0.8986923E+001  0.6051248E+003 -0.3091561E+003  0.0000000E+000
 117.000    27041999  0.1046617E+005  0.4050480E+003  0.9001430E+001  0.6149960E+003 -0.3141917E+003  0.0000000E+000
 118.000    28041999  0.1046753E+005  0.4052646E+003  0.9002408E+001  0.6186745E+003 -0.3161333E+003  0.0000000E+000
 119.000    29041999  0.1046909E+005  0.4055657E+003  0.9002705E+001  0.6224231E+003 -0.3178603E+003  0.0000000E+000
 120.000    30041999  0.1047321E+005  0.4059404E+003  0.9008472E+001  0.6295714E+003 -0.3203447E+003  0.0000000E+000
 121.000    01051999  0.1047153E+005  0.4060973E+003  0.9012007E+001  0.6387103E+003 -0.3236222E+003  0.0000000E+000
 122.000    02051999  0.1047639E+005  0.4065212E+003  0.9023211E+001  0.6480248E+003 -0.3274697E+003  0.0000000E+000
 123.000    03051999  0.1048037E+005  0.4068877E+003  0.9036100E+001  0.6572240E+003 -0.3321378E+003  0.0000000E+000
 124.000    04051999  0.1048442E+005  0.4071445E+003  0.9049508E+001  0.6668425E+003 -0.3372689E+003  0.0000000E+000
 125.000    05051999  0.1048851E+005  0.4073290E+003  0.9062574E+001  0.6759989E+003 -0.3419790E+003  0.0000000E+000
 126.000    06051999  0.1049215E+005  0.4073803E+003  0.9079011E+001  0.6859493E+003 -0.3480767E+003  0.0000000E+000
 127.000    07051999  0.1049680E+005  0.4073593E+003  0.9091895E+001  0.6965306E+003 -0.3538892E+003  0.0000000E+000
 128.000    08051999  0.1050186E+005  0.4073369E+003  0.9101904E+001  0.7070435E+003 -0.3592398E+003  0.0000000E+000
 129.000    09051999  0.1050578E+005  0.4073806E+003  0.9110003E+001  0.7164474E+003 -0.3645617E+003  0.0000000E+000
 130.000    10051999  0.1051041E+005  0.4074330E+003  0.9117769E+001  0.7263061E+003 -0.3696213E+003  0.0000000E+000
 131.000    11051999  0.1051519E+005  0.4075133E+003  0.9125829E+001  0.7364138E+003 -0.3747618E+003  0.0000000E+000
 132.000    12051999  0.1052015E+005  0.4076236E+003  0.9134081E+001  0.7465440E+003 -0.3797265E+003  0.0000000E+000
 133.000    13051999  0.1052451E+005  0.4076943E+003  0.9144357E+001  0.7566214E+003 -0.3852671E+003  0.0000000E+000
 134.000    14051999  0.1052656E+005  0.4077634E+003  0.9147909E+001  0.7617662E+003 -0.3882002E+003  0.0000000E+000
 135.000    15051999  0.1053241E+005  0.4079676E+003  0.9154725E+001  0.7716235E+003 -0.3919009E+003  0.0000000E+000
 136.000    16051999  0.1053772E+005  0.4082216E+003  0.9163597E+001  0.7815942E+003 -0.3962165E+003  0.0000000E+000
 137.000    17051999  0.1054351E+005  0.4084755E+003  0.9174242E+001  0.7924242E+003 -0.4009057E+003  0.0000000E+000
 138.000    18051999  0.1054853E+005  0.4086867E+003  0.9185545E+001  0.8031464E+003 -0.4062940E+003  0.0000000E+000
 139.000    19051999  0.1055393E+005  0.4088662E+003  0.9195753E+001  0.8138018E+003 -0.4112691E+003  0.0000000E+000
 140.000    20051999  0.1055877E+005  0.4090734E+003  0.9203264E+001  0.8237476E+003 -0.4160777E+003  0.0000000E+000
 141.000    21051999  0.1056258E+005  0.4092610E+003  0.9211311E+001  0.8333751E+003 -0.4216044E+003  0.0000000E+000
 142.000    22051999  0.1056635E+005  0.4093488E+003  0.9219719E+001  0.8429434E+003 -0.4272241E+003  0.0000000E+000
 143.000    23051999  0.1057050E+005  0.4093419E+003  0.9228535E+001  0.8535241E+003 -0.4335749E+003  0.0000000E+000
 144.000    24051999  0.1057504E+005  0.4092945E+003  0.9235137E+001  0.8639750E+003 -0.4394428E+003  0.0000000E+000
 145.000    25051999  0.1058105E+005  0.4093867E+003  0.9239655E+001  0.8744401E+003 -0.4437216E+003  0.0000000E+000
 146.000    26051999  0.1058628E+005  0.4095586E+003  0.9246702E+001  0.8841911E+003 -0.4479881E+003  0.0000000E+000
 147.000    27051999  0.1059148E+005  0.4097420E+003  0.9252996E+001  0.8944385E+003 -0.4527752E+003  0.0000000E+000
 148.000    28051999  0.1059550E+005  0.4099237E+003  0.9259138E+001  0.9042334E+003 -0.4582821E+003  0.0000000E+000
 149.000    29051999  0.1059867E+005  0.4100083E+003  0.9265064E+001  0.9138491E+003 -0.4645607E+003  0.0000000E+000
 150.000    30051999  0.1060220E+005  0.4100049E+003  0.9270278E+001  0.9237116E+003 -0.4708199E+003  0.0000000E+000
 151.000    31051999  0.1060003E+005  0.4097026E+003  0.9269012E+001  0.9344495E+003 -0.4766518E+003  0.0000000E+000
 152.000    01061999  0.1060436E+005  0.4096910E+003  0.9273759E+001  0.9446708E+003 -0.4824807E+003  0.0000000E+000
 153.000    02061999  0.1060830E+005  0.4096506E+003  0.9278994E+001  0.9551000E+003 -0.4889394E+003  0.0000000E+000
 154.000    03061999  0.1061231E+005  0.4095590E+003  0.9283677E+001  0.9657082E+003 -0.4955592E+003  0.0000000E+000
 155.000    04061999  0.1061700E+005  0.4095247E+003  0.9287936E+001  0.9762879E+003 -0.5014124E+003  0.0000000E+000
 156.000    05061999  0.1062112E+005  0.4095557E+003  0.9292310E+001  0.9864123E+003 -0.5073085E+003  0.0000000E+000
 157.000    06061999  0.1062484E+005  0.4096086E+003  0.9296833E+001  0.9965432E+003 -0.5135836E+003  0.0000000E+000
 158.000    07061999  0.1062700E+005  0.4095871E+003  0.9301334E+001  0.1006210E+004 -0.5210390E+003  0.0000000E+000
 159.000    08061999  0.1062828E+005  0.4094471E+003  0.9304633E+001  0.1015410E+004 -0.5290261E+003  0.0000000E+000
 160.000    09061999  0.1062985E+005  0.4092499E+003  0.9307018E+001  0.1024614E+004 -0.5367788E+003  0.0000000E+000
 161.000    10061999  0.1063123E+005  0.4090490E+003  0.9309092E+001  0.1033437E+004 -0.5443231E+003  0.0000000E+000
 162.000    11061999  0.1063631E+005  0.4089135E+003  0.9311505E+001  0.1043263E+004 -0.5490984E+003  0.0000000E+000
 163.000    12061999  0.1064029E+005  0.4088945E+003  0.9314903E+001  0.1053387E+004 -0.5551628E+003  0.0000000E+000
 164.000    13061999  0.1064523E+005  0.4088560E+003  0.9318654E+001  0.1064530E+004 -0.5612985E+003  0.0000000E+000
 165.000    14061999  0.1064790E+005  0.4087763E+003  0.9322600E+001  0.1074851E+004 -0.5689279E+003  0.0000000E+000
 166.000    15061999  0.1065232E+005  0.4086554E+003  0.9325597E+001  0.1084160E+004 -0.5738348E+003  0.0000000E+000
 167.000    16061999  0.1065462E+005  0.4086033E+003  0.9328899E+001  0.1091028E+004 -0.5783490E+003  0.0000000E+000
 168.000    17061999  0.1065992E+005  0.4086090E+003  0.9332493E+001  0.1101045E+004 -0.5829613E+003  0.0000000E+000
 169.000    18061999  0.1066540E+005  0.4087139E+003  0.9335490E+001  0.1111689E+004 -0.5879281E+003  0.0000000E+000
 170.000    19061999  0.1067019E+005  0.4088930E+003  0.9338724E+001  0.1121901E+004 -0.5930888E+003  0.0000000E+000
 171.000    20061999  0.1067269E+005  0.4090462E+003  0.9341548E+001  0.1128573E+004 -0.5970246E+003  0.0000000E+000
 172.000    21061999  0.1067701E+005  0.4091996E+003  0.9345696E+001  0.1137815E+004 -0.6017220E+003  0.0000000E+000
 173.000    22061999  0.1068142E+005  0.4093240E+003  0.9349656E+001  0.1147317E+004 -0.6066229E+003  0.0000000E+000
 174.000    23061999  0.1068582E+005  0.4094252E+003  0.9352877E+001  0.1157828E+004 -0.6125611E+003  0.0000000E+000
 175.000    24061999  0.1069012E+005  0.4094980E+003  0.9355848E+001  0.1168514E+004 -0.6187933E+003  0.0000000E+000
 176.000    25061999  0.1069476E+005  0.4094863E+003  0.9359680E+001  0.1179375E+004 -0.6249587E+003  0.0000000E+000
 177.000    26061999  0.1069908E+005  0.4094006E+003  0.9363514E+001  0.1190429E+004 -0.6317085E+003  0.0000000E+000
 178.000    27061999  0.1070300E+005  0.4092576E+003  0.9366520E+001  0.1201277E+004 -0.6387056E+003  0.0000000E+000
 179.000    28061999  0.1070687E+005  0.4090645E+003  0.9369203E+001  0.1212675E+004 -0.6463515E+003  0.0000000E+000
 180.000    29061999  0.1071014E+005  0.4087933E+003  0.9371100E+001  0.1223520E+004 -0.6541005E+003  0.0000000E+000
 181.000    30061999  0.1071344E+005  0.4085010E+003  0.9372833E+001  0.1233004E+004 -0.6604488E+003  0.0000000E+000
 182.000    01071999  0.1071123E+005  0.4079532E+003  0.9368288E+001  0.1244532E+004 -0.6672165E+003  0.0000000E+000
 183.000    02071999  0.1071566E+005  0.4077017E+003  0.9369956E+001  0.1255950E+004 -0.6743005E+003  0.0000000E+000
 184.000    03071999  0.1071919E+005  0.4074052E+003  0.9371423E+001  0.1266954E+004 -0.6819136E+003  0.0000000E+000
 185.000    04071999  0.1072183E+005  0.4070386E+003  0.9372593E+001  0.1277752E+004 -0.6902593E+003  0.0000000E+000
 186.000    05071999  0.1072260E+005  0.4065554E+003  0.9373167E+001  0.1287318E+004 -0.6993369E+003  0.0000000E+000
 187.000    06071999  0.1072429E+005  0.4060277E+003  0.9373621E+001  0.1296942E+004 -0.7075647E+003  0.0000000E+000
 188.000    07071999  0.1072666E+005  0.4055167E+003  0.9373991E+001  0.1306177E+004 -0.7146896E+003  0.0000000E+000
 189.000    08071999  0.1073076E+005  0.4050699E+003  0.9374381E+001  0.1317377E+004 -0.7219784E+003  0.0000000E+000
 190.000    09071999  0.1073256E+005  0.4045767E+003  0.9374711E+001  0.1327513E+004 -0.7305394E+003  0.0000000E+000
 191.000    10071999  0.1073531E+005  0.4040425E+003  0.9374977E+001  0.1337622E+004 -0.7381580E+003  0.0000000E+000
 192.000    11071999  0.1073837E+005  0.4036162E+003  0.9375196E+001  0.1345151E+004 -0.7427788E+003  0.0000000E+000
 193.000    12071999  0.1074059E+005  0.4033483E+003  0.9375411E+001  0.1350997E+004 -0.7464227E+003  0.0000000E+000
 194.000    13071999  0.1074290E+005  0.4031647E+003  0.9375803E+001  0.1357487E+004 -0.7505646E+003  0.0000000E+000
 195.000    14071999  0.1074638E+005  0.4029635E+003  0.9376343E+001  0.1365899E+004 -0.7554872E+003  0.0000000E+000
 196.000    15071999  0.1075168E+005  0.4027654E+003  0.9376946E+001  0.1377450E+004 -0.7617324E+003  0.0000000E+000
 197.000    16071999  0.1075579E+005  0.4025568E+003  0.9377479E+001  0.1388744E+004 -0.7689350E+003  0.0000000E+000
 198.000    17071999  0.1075993E+005  0.4022915E+003  0.9377956E+001  0.1400168E+004 -0.7763005E+003  0.0000000E+000
 199.000    18071999  0.1076260E+005  0.4019466E+003  0.9378645E+001  0.1410439E+004 -0.7840534E+003  0.0000000E+000
 200.000    19071999  0.1076488E+005  0.4015302E+003  0.9379223E+001  0.1420638E+004 -0.7921802E+003  0.0000000E+000
 201.000    20071999  0.1076758E+005  0.4010684E+003  0.9379672E+001  0.1430985E+004 -0.8000538E+003  0.0000000E+000
 202.000    21071999  0.1077104E+005  0.4006077E+003  0.9380227E+001  0.1442144E+004 -0.8079727E+003  0.0000000E+000
 203.000    22071999  0.1077382E+005  0.4000979E+003  0.9380779E+001  0.1453038E+004 -0.8163353E+003  0.0000000E+000
 204.000    23071999  0.1077505E+005  0.3995081E+003  0.9381141E+001  0.1462780E+004 -0.8251438E+003  0.0000000E+000
 205.000    24071999  0.1077651E+005  0.3989024E+003  0.9381405E+001  0.1471526E+004 -0.8327341E+003  0.0000000E+000
 206.000    25071999  0.1077984E+005  0.3983381E+003  0.9381851E+001  0.1482199E+004 -0.8403351E+003  0.0000000E+000
 207.000    26071999  0.1078153E+005  0.3977551E+003  0.9382153E+001  0.1491594E+004 -0.8483009E+003  0.0000000E+000
 208.000    27071999  0.1078346E+005  0.3971757E+003  0.9382470E+001  0.1501108E+004 -0.8561439E+003  0.0000000E+000
 209.000    28071999  0.1078521E+005  0.3965591E+003  0.9382752E+001  0.1510553E+004 -0.8641205E+003  0.0000000E+000
 210.000    29071999  0.1078889E+005  0.3959680E+003  0.9383169E+001  0.1521233E+004 -0.8713766E+003  0.0000000E+000
 211.000    30071999  0.1079002E+005  0.3953459E+003  0.9383478E+001  0.1530698E+004 -0.8799878E+003  0.0000000E+000
 212.000    31071999  0.1078215E+005  0.3943780E+003  0.9377387E+001  0.1539193E+004 -0.8895303E+003  0.0000000E+000
 213.000    01081999  0.1078287E+005  0.3936208E+003  0.9377557E+001  0.1548435E+004 -0.8984288E+003  0.0000000E+000
 214.000    02081999  0.1078533E+005  0.3929099E+003  0.9377761E+001  0.1557832E+004 -0.9056966E+003  0.0000000E+000
 215.000    03081999  0.1078816E+005  0.3923040E+003  0.9378018E+001  0.1567271E+004 -0.9125384E+003  0.0000000E+000
 216.000    04081999  0.1079117E+005  0.3917401E+003  0.9378300E+001  0.1576842E+004 -0.9193043E+003  0.0000000E+000
 217.000    05081999  0.1079338E+005  0.3911834E+003  0.9378602E+001  0.1586349E+004 -0.9268091E+003  0.0000000E+000
 218.000    06081999  0.1079556E+005  0.3906122E+003  0.9378865E+001  0.1595677E+004 -0.9341839E+003  0.0000000E+000
 219.000    07081999  0.1079663E+005  0.3900363E+003  0.9379094E+001  0.1604552E+004 -0.9422260E+003  0.0000000E+000
 220.000    08081999  0.1079805E+005  0.3893689E+003  0.9379315E+001  0.1613856E+004 -0.9504187E+003  0.0000000E+000
 221.000    09081999  0.1080177E+005  0.3887516E+003  0.9379592E+001  0.1622901E+004 -0.9560001E+003  0.0000000E+000
 222.000    10081999  0.1080594E+005  0.3882535E+003  0.9380008E+001  0.1633494E+004 -0.9625865E+003  0.0000000E+000
 223.000    11081999  0.1080690E+005  0.3876745E+003  0.9380332E+001  0.1642561E+004 -0.9709315E+003  0.0000000E+000
 224.000    12081999  0.1080797E+005  0.3870437E+003  0.9380564E+001  0.1651628E+004 -0.9792148E+003  0.0000000E+000
 225.000    13081999  0.1080935E+005  0.3863407E+003  0.9380815E+001  0.1661257E+004 -0.9878009E+003  0.0000000E+000
 226.000    14081999  0.1081024E+005  0.3856036E+003  0.9380983E+001  0.1668268E+004 -0.9942775E+003  0.0000000E+000
 227.000    15081999  0.1081512E+005  0.3849634E+003  0.9381323E+001  0.1679408E+004 -0.1000803E+004  0.0000000E+000
 228.000    16081999  0.1081863E+005  0.3843578E+003  0.9381737E+001  0.1689824E+004 -0.1007945E+004  0.0000000E+000
 229.000    17081999  0.1082051E+005  0.3837332E+003  0.9382073E+001  0.1699389E+004 -0.1015893E+004  0.0000000E+000
 230.000    18081999  0.1082249E+005  0.3830626E+003  0.9382337E+001  0.1708843E+004 -0.1023670E+004  0.0000000E+000
 231.000    19081999  0.1082632E+005  0.3824295E+003  0.9382672E+001  0.1719084E+004 -0.1030342E+004  0.0000000E+000
 232.000    20081999  0.1083014E+005  0.3818591E+003  0.9383103E+001  0.1728008E+004 -0.1035657E+004  0.0000000E+000
 233.000    21081999  0.1083480E+005  0.3813541E+003  0.9383574E+001  0.1738614E+004 -0.1041756E+004  0.0000000E+000
 234.000    22081999  0.1083918E+005  0.3809133E+003  0.9384036E+001  0.1748806E+004 -0.1047686E+004  0.0000000E+000
 235.000    23081999  0.1084320E+005  0.3804986E+003  0.9384557E+001  0.1759052E+004 -0.1054016E+004  0.0000000E+000
 236.000    24081999  0.1084712E+005  0.3800510E+003  0.9385056E+001  0.1769148E+004 -0.1060333E+004  0.0000000E+000
 237.000    25081999  0.1085004E+005  0.3795518E+003  0.9385596E+001  0.1778085E+004 -0.1066562E+004  0.0000000E+000
 238.000    26081999  0.1085426E+005  0.3790428E+003  0.9386131E+001  0.1788719E+004 -0.1073180E+004  0.0000000E+000
 239.000    27081999  0.1085854E+005  0.3785538E+003  0.9386613E+001  0.1799149E+004 -0.1079516E+004  0.0000000E+000
 240.000    28081999  0.1086137E+005  0.3780607E+003  0.9387057E+001  0.1808768E+004 -0.1086509E+004  0.0000000E+000
 241.000    29081999  0.1086500E+005  0.3775518E+003  0.9387497E+001  0.1818857E+004 -0.1093170E+004  0.0000000E+000
 242.000    30081999  0.1086967E+005  0.3771044E+003  0.9387774E+001  0.1828280E+004 -0.1098079E+004  0.0000000E+000
 243.000    31081999  0.1086700E+005  0.3765661E+003  0.9381893E+001  0.1837742E+004 -0.1102990E+004  0.0000000E+000
 244.000    01091999  0.1087081E+005  0.3763310E+003  0.9382347E+001  0.1846933E+004 -0.1108359E+004  0.0000000E+000
 245.000    02091999  0.1087364E+005  0.3760486E+003  0.9382897E+001  0.1856271E+004 -0.1114912E+004  0.0000000E+000
 246.000    03091999  0.1087671E+005  0.3756881E+003  0.9383361E+001  0.1865699E+004 -0.1121405E+004  0.0000000E+000
 247.000    04091999  0.1087931E+005  0.3752855E+003  0.9383801E+001  0.1873892E+004 -0.1127164E+004  0.0000000E+000
 248.000    05091999  0.1087912E+005  0.3748078E+003  0.9384176E+001  0.1878379E+004 -0.1132077E+004  0.0000000E+000
 249.000    06091999  0.1088379E+005  0.3743396E+003  0.9384663E+001  0.1888418E+004 -0.1137662E+004  0.0000000E+000
 250.000    07091999  0.1088752E+005  0.3739027E+003  0.9385215E+001  0.1898570E+004 -0.1144259E+004  0.0000000E+000
 251.000    08091999  0.1089067E+005  0.3734125E+003  0.9385685E+001  0.1908363E+004 -0.1151126E+004  0.0000000E+000
 252.000    09091999  0.1089420E+005  0.3729036E+003  0.9386096E+001  0.1917824E+004 -0.1157284E+004  0.0000000E+000
 253.000    10091999  0.1089810E+005  0.3724686E+003  0.9386332E+001  0.1927043E+004 -0.1162764E+004  0.0000000E+000
 254.000    11091999  0.1090172E+005  0.3721674E+003  0.9384147E+001  0.1935689E+004 -0.1167773E+004  0.0000000E+000
 255.000    12091999  0.1090564E+005  0.3719383E+003  0.9383123E+001  0.1944584E+004 -0.1172694E+004  0.0000000E+000
 256.000    13091999  0.1090945E+005  0.3717670E+003  0.9382191E+001  0.1953434E+004 -0.1177653E+004  0.0000000E+000
 257.000    14091999  0.1091249E+005  0.3715920E+003  0.9382842E+001  0.1961767E+004 -0.1182914E+004  0.0000000E+000
 258.000    15091999  0.1091155E+005  0.3712684E+003  0.9383312E+001  0.1965475E+004 -0.1187691E+004  0.0000000E+000
 259.000    16091999  0.1091630E+005  0.3709801E+003  0.9383094E+001  0.1974363E+004 -0.1191905E+004  0.0000000E+000
 260.000    17091999  0.1092064E+005  0.3708611E+003  0.9380327E+001  0.1982966E+004 -0.1196021E+004  0.0000000E+000
 261.000    18091999  0.1092456E+005  0.3708297E+003  0.9377294E+001  0.1991488E+004 -0.1200401E+004  0.0000000E+000
 262.000    19091999  0.1092835E+005  0.3708259E+003  0.9376400E+001  0.2000086E+004 -0.1205018E+004  0.0000000E+000
 263.000    20091999  0.1093184E+005  0.3708151E+003  0.9376367E+001  0.2008965E+004 -0.1210260E+004  0.0000000E+000
 264.000    21091999  0.1093558E+005  0.3707194E+003  0.9376919E+001  0.2017681E+004 -0.1215185E+004  0.0000000E+000
 265.000    22091999  0.1093995E+005  0.3707749E+003  0.9373804E+001  0.2025475E+004 -0.1218355E+004  0.0000000E+000
 266.000    23091999  0.1094385E+005  0.3709539E+003  0.9366214E+001  0.2033535E+004 -0.1222043E+004  0.0000000E+000
 267.000    24091999  0.1094712E+005  0.3711304E+003  0.9364286E+001  0.2041708E+004 -0.1226605E+004  0.0000000E+000
 268.000    25091999  0.1094966E+005  0.3711983E+003  0.9364906E+001  0.2049948E+004 -0.1232134E+004  0.0000000E+000
 269.000    26091999  0.1095277E+005  0.3711334E+003  0.9365629E+001  0.2059087E+004 -0.1238123E+004  0.0000000E+000
 270.000    27091999  0.1095362E+005  0.3709132E+003  0.9366307E+001  0.2065425E+004 -0.1243729E+004  0.0000000E+000
 271.000    28091999  0.1095295E+005  0.3706023E+003  0.9366764E+001  0.2069596E+004 -0.1248775E+004  0.0000000E+000
 272.000    29091999  0.1095388E+005  0.3702697E+003  0.9367118E+001  0.2075186E+004 -0.1253643E+004  0.0000000E+000
 273.000    30091999  0.1095841E+005  0.3700583E+003  0.9362341E+001  0.2083077E+004 -0.1256976E+004  0.0000000E+000
 274.000    01101999  0.1095508E+005  0.3698078E+003  0.9347675E+001  0.2090817E+004 -0.1260446E+004  0.0000000E+000
 275.000    02101999  0.1095837E+005  0.3698858E+003  0.9342155E+001  0.2098653E+004 -0.1264655E+004  0.0000000E+000
 276.000    03101999  0.1096165E+005  0.3699201E+003  0.9342791E+001  0.2107215E+004 -0.1269786E+004  0.0000000E+000
 277.000    04101999  0.1096379E+005  0.3698870E+003  0.9343319E+001  0.2113901E+004 -0.1274260E+004  0.0000000E+000
 278.000    05101999  0.1096801E+005  0.3699066E+003  0.9342295E+001  0.2121794E+004 -0.1277770E+004  0.0000000E+000
 279.000    06101999  0.1097168E+005  0.3700797E+003  0.9336155E+001  0.2129093E+004 -0.1280984E+004  0.0000000E+000
 280.000    07101999  0.1097509E+005  0.3703135E+003  0.9332529E+001  0.2136593E+004 -0.1284661E+004  0.0000000E+000
 281.000    08101999  0.1097843E+005  0.3705494E+003  0.9331066E+001  0.2144057E+004 -0.1288428E+004  0.0000000E+000
 282.000    09101999  0.1098152E+005  0.3707404E+003  0.9331834E+001  0.2152319E+004 -0.1293321E+004  0.0000000E+000
 283.000    10101999  0.1098209E+005  0.3707317E+003  0.9332655E+001  0.2158087E+004 -0.1298450E+004  0.0000000E+000
 284.000    11101999  0.1098392E+005  0.3706180E+003  0.9333315E+001  0.2164877E+004 -0.1303441E+004  0.0000000E+000
 285.000    12101999  0.1098741E+005  0.3705725E+003  0.9333642E+001  0.2172223E+004 -0.1307260E+004  0.0000000E+000
 286.000    13101999  0.1098814E+005  0.3706034E+003  0.9333983E+001  0.2176462E+004 -0.1310657E+004  0.0000000E+000
 287.000    14101999  0.1099150E+005  0.3706436E+003  0.9331177E+001  0.2183406E+004 -0.1314055E+004  0.0000000E+000
 288.000    15101999  0.1099472E+005  0.3708333E+003  0.9322718E+001  0.2190134E+004 -0.1317103E+004  0.0000000E+000
 289.000    16101999  0.1099749E+005  0.3710110E+003  0.9323454E+001  0.2197840E+004 -0.1321774E+004  0.0000000E+000
 290.000    17101999  0.1099615E+005  0.3709820E+003  0.9324099E+001  0.2200931E+004 -0.1326163E+004  0.0000000E+000
 291.000    18101999  0.1099957E+005  0.3709636E+003  0.9320072E+001  0.2207872E+004 -0.1329531E+004  0.0000000E+000
 292.000    19101999  0.1100194E+005  0.3711190E+003  0.9313188E+001  0.2213415E+004 -0.1332315E+004  0.0000000E+000
 293.000    20101999  0.1100229E+005  0.3712786E+003  0.9313008E+001  0.2216680E+004 -0.1334991E+004  0.0000000E+000
 294.000    21101999  0.1100546E+005  0.3715082E+003  0.9305694E+001  0.2222980E+004 -0.1337663E+004  0.0000000E+000
 295.000    22101999  0.1100829E+005  0.3718192E+003  0.9295825E+001  0.2229471E+004 -0.1340723E+004  0.0000000E+000
 296.000    23101999  0.1101088E+005  0.3721825E+003  0.9280399E+001  0.2235092E+004 -0.1342988E+004  0.0000000E+000
 297.000    24101999  0.1101356E+005  0.3726306E+003  0.9264179E+001  0.2240803E+004 -0.1345136E+004  0.0000000E+000
 298.000    25101999  0.1101595E+005  0.3731235E+003  0.9247572E+001  0.2246494E+004 -0.1347493E+004  0.0000000E+000
 299.000    26101999  0.1101842E+005  0.3735978E+003  0.9237041E+001  0.2252848E+004 -0.1350556E+004  0.0000000E+000
 300.000    27101999  0.1102104E+005  0.3739938E+003  0.9232605E+001  0.2259534E+004 -0.1354017E+004  0.0000000E+000
 301.000    28101999  0.1102356E+005  0.3743859E+003  0.9220626E+001  0.2265721E+004 -0.1356909E+004  0.0000000E+000
 302.000    29101999  0.1102602E+005  0.3747580E+003  0.9211210E+001  0.2272286E+004 -0.1360322E+004  0.0000000E+000
 303.000    30101999  0.1102819E+005  0.3750576E+003  0.9205300E+001  0.2279066E+004 -0.1364344E+004  0.0000000E+000
 304.000    31101999  0.1102308E+005  0.3749546E+003  0.9200753E+001  0.2286049E+004 -0.1368850E+004  0.0000000E+000
 305.000    01111999  0.1102538E+005  0.3750590E+003  0.9199724E+001  0.2293041E+004 -0.1373322E+004  0.0000000E+000
 306.000    02111999  0.1102711E+005  0.3750653E+003  0.9198474E+001  0.2298958E+004 -0.1377392E+004  0.0000000E+000
 307.000    03111999  0.1102933E+005  0.3752787E+003  0.9181129E+001  0.2303705E+004 -0.1379272E+004  0.0000000E+000
 308.000    04111999  0.1103163E+005  0.3756393E+003  0.9163593E+001  0.2308938E+004 -0.1381367E+004  0.0000000E+000
 309.000    05111999  0.1103390E+005  0.3760390E+003  0.9152955E+001  0.2314826E+004 -0.1384252E+004  0.0000000E+000
 310.000    06111999  0.1103573E+005  0.3763556E+003  0.9151920E+001  0.2321189E+004 -0.1388289E+004  0.0000000E+000
 311.000    07111999  0.1103811E+005  0.3765815E+003  0.9146176E+001  0.2327335E+004 -0.1391635E+004  0.0000000E+000
 312.000    08111999  0.1104045E+005  0.3768888E+003  0.9133779E+001  0.2332982E+004 -0.1394265E+004  0.0000000E+000
 313.000    09111999  0.1104229E+005  0.3771627E+003  0.9131904E+001  0.2339494E+004 -0.1398459E+004  0.0000000E+000
 314.000    10111999  0.1104405E+005  0.3772806E+003  0.9133784E+001  0.2345942E+004 -0.1402936E+004  0.0000000E+000
 315.000    11111999  0.1104595E+005  0.3773771E+003  0.9134963E+001  0.2351566E+004 -0.1406471E+004  0.0000000E+000
 316.000    12111999  0.1104836E+005  0.3775779E+003  0.9125170E+001  0.2356798E+004 -0.1408870E+004  0.0000000E+000
 317.000    13111999  0.1105079E+005  0.3778596E+003  0.9121629E+001  0.2363008E+004 -0.1412171E+004  0.0000000E+000
 318.000    14111999  0.1105230E+005  0.3780446E+003  0.9123717E+001  0.2369364E+004 -0.1416744E+004  0.0000000E+000
 319.000    15111999  0.1105452E+005  0.3782510E+003  0.9112399E+001  0.2374463E+004 -0.1419157E+004  0.0000000E+000
 320.000    16111999  0.1105637E+005  0.3785994E+003  0.9096814E+001  0.2379034E+004 -0.1421117E+004  0.0000000E+000
 321.000    17111999  0.1105783E+005  0.3790305E+003  0.9077322E+001  0.2383182E+004 -0.1422861E+004  0.0000000E+000
 322.000    18111999  0.1105960E+005  0.3795096E+003  0.9059710E+001  0.2387955E+004 -0.1424887E+004  0.0000000E+000
 323.000    19111999  0.1106130E+005  0.3799766E+003  0.9052880E+001  0.2393560E+004 -0.1427976E+004  0.0000000E+000
 324.000    20111999  0.1106318E+005  0.3802945E+003  0.9053384E+001  0.2399613E+004 -0.1431602E+004  0.0000000E+000
 325.000    21111999  0.1106299E+005  0.3805305E+003  0.9051792E+001  0.2405793E+004 -0.1435447E+004  0.0000000E+000
 326.000    22111999  0.1106276E+005  0.3806170E+003  0.9054791E+001  0.2412142E+004 -0.1439862E+004  0.0000000E+000
 327.000    23111999  0.1106297E+005  0.3806888E+003  0.9056633E+001  0.2418122E+004 -0.1443634E+004  0.0000000E+000
 328.000    24111999  0.1106248E+005  0.3807609E+003  0.9058141E+001  0.2422988E+004 -0.1447115E+004  0.0000000E+000
 329.000    25111999  0.1106211E+005  0.3808311E+003  0.9059813E+001  0.2428092E+004 -0.1450841E+004  0.0000000E+000
 330.000    26111999  0.1105931E+005  0.3808210E+003  0.9061107E+001  0.2430462E+004 -0.1454466E+004  0.0000000E+000
 331.000    27111999  0.1106022E+005  0.3809104E+003  0.9041520E+001  0.2435479E+004 -0.1456784E+004  0.0000000E+000
 332.000    28111999  0.1106109E+005  0.3811529E+003  0.9025443E+001  0.2440586E+004 -0.1459078E+004  0.0000000E+000
 333.000    29111999  0.1106164E+005  0.3814934E+003  0.9010759E+001  0.2445021E+004 -0.1461032E+004  0.0000000E+000
 334.000    30111999  0.1106075E+005  0.3819021E+003  0.8992915E+001  0.2447703E+004 -0.1462446E+004  0.0000000E+000
 335.000    01121999  0.1105222E+005  0.3820951E+003  0.8976079E+001  0.2449814E+004 -0.1463647E+004  0.0000000E+000
 336.000    02121999  0.1105235E+005  0.3825699E+003  0.8968429E+001  0.2453602E+004 -0.1465348E+004  0.0000000E+000
 337.000    03121999  0.1105306E+005  0.3830480E+003  0.8963409E+001  0.2458504E+004 -0.1467744E+004  0.0000000E+000
 338.000    04121999  0.1105367E+005  0.3834557E+003  0.8966397E+001  0.2463899E+004 -0.1471086E+004  0.0000000E+000
 339.000    05121999  0.1105408E+005  0.3837329E+003  0.8965414E+001  0.2469198E+004 -0.1474675E+004  0.0000000E+000
 340.000    06121999  0.1105437E+005  0.3838432E+003  0.8961193E+001  0.2473831E+004 -0.1477968E+004  0.0000000E+000
 341.000    07121999  0.1105485E+005  0.3841109E+003  0.8951508E+001  0.2477470E+004 -0.1479602E+004  0.0000000E+000
 342.000    08121999  0.1105560E+005  0.3844694E+003  0.8943245E+001  0.2481568E+004 -0.1481409E+004  0.0000000E+000
 343.000    09121999  0.1105626E+005  0.3848559E+003  0.8941201E+001  0.2486028E+004 -0.1483835E+004  0.0000000E+000
 344.000    10121999  0.1105661E+005  0.3851172E+003  0.8943569E+001  0.2490392E+004 -0.1486875E+004  0.0000000E+000
 345.000    11121999  0.1105746E+005  0.3854131E+003  0.8931601E+001  0.2494389E+004 -0.1488720E+004  0.0000000E+000
 346.000    12121999  0.1105789E+005  0.3857963E+003  0.8926531E+001  0.2497785E+004 -0.1490405E+004  0.0000000E+000
 347.000    13121999  0.1105700E+005  0.3860964E+003  0.8930877E+001  0.2500972E+004 -0.1493561E+004  0.0000000E+000
 348.000    14121999  0.1105805E+005  0.3861557E+003  0.8927043E+001  0.2506320E+004 -0.1497186E+004  0.0000000E+000
 349.000    15121999  0.1105923E+005  0.3863974E+003  0.8922078E+001  0.2510618E+004 -0.1499334E+004  0.0000000E+000
 350.000    16121999  0.1106010E+005  0.3867260E+003  0.8914313E+001  0.2514376E+004 -0.1501071E+004  0.0000000E+000
 351.000    17121999  0.1106094E+005  0.3871409E+003  0.8906591E+001  0.2518152E+004 -0.1502771E+004  0.0000000E+000
 352.000    18121999  0.1106192E+005  0.3876003E+003  0.8898680E+001  0.2522277E+004 -0.1504649E+004  0.0000000E+000
 353.000    19121999  0.1106183E+005  0.3880654E+003  0.8895244E+001  0.2524940E+004 -0.1506361E+004  0.0000000E+000
 354.000    20121999  0.1106164E+005  0.3884974E+003  0.8894406E+001  0.2527471E+004 -0.1508208E+004  0.0000000E+000
 355.000    21121999  0.1106121E+005  0.3888908E+003  0.8893813E+001  0.2529807E+004 -0.1510165E+004  0.0000000E+000
 356.000    22121999  0.1106022E+005  0.3892900E+003  0.8885266E+001  0.2531421E+004 -0.1511625E+004  0.0000000E+000
 357.000    23121999  0.1106003E+005  0.3897350E+003  0.8874959E+001  0.2533811E+004 -0.1512929E+004  0.0000000E+000
 358.000    24121999  0.1105907E+005  0.3902040E+003  0.8862630E+001  0.2535374E+004 -0.1514077E+004  0.0000000E+000
 359.000    25121999  0.1105741E+005  0.3906654E+003  0.8850195E+001  0.2536101E+004 -0.1515096E+004  0.0000000E+000
 360.000    26121999  0.1105760E+005  0.3911252E+003  0.8841521E+001  0.2538870E+004 -0.1516468E+004  0.0000000E+000
 361.000    27121999  0.1105809E+005  0.3916096E+003  0.8832515E+001  0.2541947E+004 -0.1517828E+004  0.0000000E+000
 362.000    28121999  0.1105778E+005  0.3921118E+003  0.8821764E+001  0.2544206E+004 -0.1519084E+004  0.0000000E+000
 363.000    29121999  0.1105821E+005  0.3926249E+003  0.8812967E+001  0.2547275E+004 -0.1520480E+004  0.0000000E+000
 364.000    30121999  0.1105942E+005  0.3931420E+003  0.8807601E+001  0.2551571E+004 -0.1522478E+004  0.0000000E+000
 365.000    31121999  0.1105369E+005  0.3933671E+003  0.8796622E+001  0.2556502E+004 -0.1524877E+004  0.0000000E+000
