    DOY     DATE    PRECN           ET              WATER           DISCHG          SNOWPACK        WTR_1           WTR_2           WTR_3           WTR_4           WTR_5           WTR_6           ICE_2           ICE_3           ICE_4           ICE_5           ICE_6           ICE_7           PSI_3           PSI_4           PSI_5           PSI_6           PSI_7           PSI_8           ACTV_LYR        
  30.000    30011948  0.9311000E+002  0.6658159E+001  0.8341843E+003  0.8210814E+002  0.0000000E+000  0.3357476E+000  0.3401768E+000  0.3485666E+000  0.2788789E+000  0.2714212E+000  0.3571874E+000  0.9945097E-012  0.9688263E-012  0.0000000E+000  0.0000000E+000  0.0000000E+000  0.0000000E+000 -0.6992489E-002 -0.5651861E-002 -0.3972185E-002 -0.2533235E-002 -0.2548502E-002 -0.3257574E-002 -0.9999000E+004
  60.000    29021948  0.1540600E+003  0.3761865E+002  0.7887225E+003  0.1575262E+003  0.0000000E+000  0.3080888E+000  0.3275780E+000  0.3278363E+000  0.2552517E+000  0.2492129E+000  0.3531221E+000  0.9541838E-012  0.9688263E-012  0.0000000E+000  0.0000000E+000  0.0000000E+000  0.0000000E+000 -0.1023853E-001 -0.8613080E-002 -0.5968171E-002 -0.2775937E-002 -0.2660533E-002 -0.3839391E-002 -0.9999000E+004
  90.000    30031948  0.2096400E+003  0.8802370E+002  0.7619128E+003  0.1895008E+003  0.0000000E+000  0.3112179E+000  0.3340877E+000  0.3318698E+000  0.2617485E+000  0.2585871E+000  0.3469592E+000  0.9541838E-012  0.9688263E-012  0.0000000E+000  0.0000000E+000  0.0000000E+000  0.0000000E+000 -0.9477966E-002 -0.7624974E-002 -0.4991707E-002 -0.3201002E-002 -0.3319448E-002 -0.5271828E-002 -0.9999000E+004
 120.000    29041948  0.2936700E+003  0.1804331E+003  0.7344475E+003  0.2085867E+003  0.0000000E+000  0.2595153E+000  0.2621885E+000  0.2645325E+000  0.2167319E+000  0.2231126E+000  0.3465150E+000  0.9541838E-012  0.9688263E-012  0.0000000E+000  0.0000000E+000  0.0000000E+000  0.0000000E+000 -0.2830459E-001 -0.1967181E-001 -0.1016686E-001 -0.3229739E-002 -0.2771765E-002 -0.4171681E-002 -0.9999000E+004
 150.000    29051948  0.3817200E+003  0.3158846E+003  0.6741309E+003  0.2215017E+003  0.0000000E+000  0.1465843E+000  0.1436205E+000  0.1670515E+000  0.1603660E+000  0.1800358E+000  0.3113384E+000  0.9541838E-012  0.9688263E-012  0.0000000E+000  0.0000000E+000  0.0000000E+000  0.0000000E+000 -0.2496205E+000 -0.9254716E-001 -0.3684933E-001 -0.7642211E-002 -0.4371755E-002 -0.6233187E-002 -0.9999000E+004
 180.000    28061948  0.4598400E+003  0.4806321E+003  0.5781934E+003  0.2308118E+003  0.0000000E+000  0.1242067E+000  0.1219908E+000  0.1323630E+000  0.1096685E+000  0.1133406E+000  0.2491150E+000  0.9541838E-012  0.9688263E-012  0.0000000E+000  0.0000000E+000  0.0000000E+000  0.0000000E+000 -0.7621985E+000 -0.6613979E+000 -0.5977670E+000 -0.5349276E-001 -0.1380594E-001 -0.1884104E-001 -0.9999000E+004
 210.000    28071948  0.5405900E+003  0.6246039E+003  0.5099078E+003  0.2358755E+003  0.0000000E+000  0.1742957E+000  0.1683952E+000  0.1622100E+000  0.1229242E+000  0.1183227E+000  0.1970198E+000  0.9541838E-012  0.9688263E-012  0.0000000E+000  0.0000000E+000  0.0000000E+000  0.0000000E+000 -0.2992392E+000 -0.3714686E+000 -0.4655664E+000 -0.4298926E+000 -0.9511854E-001 -0.1375172E+000 -0.9999000E+004
 240.000    27081948  0.5954600E+003  0.7538425E+003  0.4355136E+003  0.2359012E+003  0.0000000E+000  0.1124226E+000  0.1102199E+000  0.1147407E+000  0.9872172E-001  0.1028353E+000  0.1802013E+000  0.9541838E-012  0.9688263E-012  0.0000000E+000  0.0000000E+000  0.0000000E+000  0.0000000E+000 -0.1536714E+001 -0.1137515E+001 -0.1074071E+001 -0.9450892E+000 -0.5509972E+000 -0.7104856E+000 -0.9999000E+004
 270.000    26091948  0.7703700E+003  0.8592381E+003  0.5050280E+003  0.2359012E+003  0.0000000E+000  0.2767653E+000  0.2791187E+000  0.2812846E+000  0.2206637E+000  0.1487080E+000  0.2066627E+000  0.9541838E-012  0.9688263E-012  0.0000000E+000  0.0000000E+000  0.0000000E+000  0.0000000E+000 -0.2104494E-001 -0.1799651E-001 -0.1174560E+000 -0.2816726E+000 -0.2836103E+000 -0.2931492E+000 -0.9999000E+004
 300.000    26101948  0.8546700E+003  0.9056532E+003  0.5429129E+003  0.2359012E+003  0.0000000E+000  0.3198681E+000  0.3498024E+000  0.3486235E+000  0.2836120E+000  0.1732347E+000  0.2224946E+000  0.9541838E-012  0.9688263E-012  0.0000000E+000  0.0000000E+000  0.0000000E+000  0.0000000E+000 -0.6600402E-002 -0.5196316E-002 -0.4686566E-001 -0.1464037E+000 -0.1713152E+000 -0.1668957E+000 -0.9999000E+004
 330.000    25111948  0.9454800E+003  0.9366464E+003  0.6027296E+003  0.2359012E+003  0.0000000E+000  0.3366951E+000  0.3330403E+000  0.3377571E+000  0.2680557E+000  0.2609959E+000  0.3427599E+000  0.9541838E-012  0.9688263E-012  0.0000000E+000  0.0000000E+000  0.0000000E+000  0.0000000E+000 -0.8313013E-002 -0.6809039E-002 -0.4784176E-002 -0.3532767E-002 -0.1180009E+000 -0.1128989E+000 -0.9999000E+004
 360.000    25121948  0.9938000E+003  0.9599058E+003  0.6276670E+003  0.2359012E+003  0.0000000E+000  0.3050910E+000  0.3272665E+000  0.3266706E+000  0.2552849E+000  0.2478987E+000  0.3532310E+000  0.9398165E-012  0.9688263E-012  0.0000000E+000  0.0000000E+000  0.0000000E+000  0.0000000E+000 -0.1036132E-001 -0.8583535E-002 -0.6124741E-002 -0.2770164E-002 -0.9283191E-002 -0.8228350E-001 -0.9999000E+004
