    DOY     DATE    SHOOT_C         ROOT_C          LAI             GPP             AUTO_RESP       HVST_C          
  90.000    30031900  0.4020126E+002  0.1290406E+002  0.2927530E+000  0.4045866E+001 -0.7325490E+001  0.0000000E+000
 120.000    29041900  0.9054624E+002  0.6021266E+002  0.1292581E+001  0.8875628E+002 -0.5523657E+002  0.0000000E+000
 150.000    29051900  0.1310175E+003  0.1074568E+003  0.1987196E+001  0.2356896E+003 -0.1052896E+003  0.0000000E+000
 180.000    28061900  0.1753057E+003  0.1630081E+003  0.2553930E+001  0.4164585E+003 -0.1727625E+003  0.0000000E+000
 210.000    28071900  0.2146002E+003  0.2105690E+003  0.2659789E+001  0.6005765E+003 -0.2559105E+003  0.0000000E+000
 240.000    27081900  0.1767131E+003  0.2502312E+003  0.2112769E+001  0.7493300E+003 -0.3396767E+003  0.0000000E+000
 270.000    26091900  0.1399068E+003  0.2733996E+003  0.1492275E+001  0.8651446E+003 -0.4183445E+003  0.0000000E+000
 300.000    26101900  0.1572514E+003  0.2879886E+003  0.1622566E+001  0.9594571E+003 -0.4616620E+003  0.0000000E+000
 330.000    25111900  0.7626805E+002  0.2602671E+003  0.1452658E+001  0.9797262E+003 -0.4804359E+003  0.0000000E+000
 360.000    25121900  0.5070537E+002  0.2410035E+003  0.1248705E+001  0.9797262E+003 -0.4918820E+003  0.0000000E+000
