    DOY     DATE    PRECN           ET              WATER           DISCHG          SNOWPACK        WTR_1           WTR_2           WTR_3           WTR_4           WTR_5           WTR_6           ICE_2           ICE_3           ICE_4           ICE_5           ICE_6           ICE_7           PSI_3           PSI_4           PSI_5           PSI_6           PSI_7           PSI_8           ACTV_LYR        
  30.000    30011900  0.1103100E+003  0.1354651E+002  0.8231304E+003  0.5077572E+002  0.0000000E+000  0.3312995E+000  0.3333099E+000  0.3367165E+000  0.2698178E+000  0.2639123E+000  0.3557443E+000  0.9838165E-012  0.9677009E-012  0.0000000E+000  0.0000000E+000  0.0000000E+000  0.0000000E+000 -0.8157920E-002 -0.6545606E-002 -0.4534937E-002 -0.2616487E-002 -0.2619408E-002 -0.3713242E-002 -0.9999000E+004
  60.000    29021900  0.1694900E+003  0.2194519E+002  0.8136825E+003  0.1103552E+003  0.0000000E+000  0.3170086E+000  0.3449644E+000  0.3423398E+000  0.2751277E+000  0.2711392E+000  0.3572565E+000  0.9715747E-012  0.9677009E-012  0.0000000E+000  0.0000000E+000  0.0000000E+000  0.0000000E+000 -0.7580173E-002 -0.6012940E-002 -0.3981804E-002 -0.2529257E-002 -0.2544967E-002 -0.3203045E-002 -0.9999000E+004
  90.000    30031900  0.3240500E+003  0.5011090E+002  0.8510875E+003  0.1996015E+003  0.0000000E+000  0.3474246E+000  0.3516765E+000  0.3617016E+000  0.2972824E+000  0.2741924E+000  0.3575543E+000  0.9715747E-012  0.9677009E-012  0.0000000E+000  0.0000000E+000  0.0000000E+000  0.0000000E+000 -0.5265379E-002 -0.4143199E-002 -0.3834730E-002 -0.2512604E-002 -0.2507354E-002 -0.2714555E-002 -0.9999000E+004
 120.000    29041900  0.3893800E+003  0.1419970E+003  0.7496813E+003  0.2744516E+003  0.0000000E+000  0.2607271E+000  0.2598306E+000  0.2568008E+000  0.2001921E+000  0.2101539E+000  0.3408851E+000  0.9715747E-012  0.9677009E-012  0.0000000E+000  0.0000000E+000  0.0000000E+000  0.0000000E+000 -0.3463710E-001 -0.2994177E-001 -0.1460070E-001 -0.3685750E-002 -0.2854628E-002 -0.4278370E-002 -0.9999000E+004
 150.000    29051900  0.4904300E+003  0.2464254E+003  0.7175886E+003  0.3031659E+003  0.0000000E+000  0.2681361E+000  0.2774218E+000  0.2812145E+000  0.2308163E+000  0.1929612E+000  0.3135936E+000  0.9715747E-012  0.9677009E-012  0.0000000E+000  0.0000000E+000  0.0000000E+000  0.0000000E+000 -0.2072639E-001 -0.1400066E-001 -0.2450282E-001 -0.7224973E-002 -0.4001923E-002 -0.5749818E-002 -0.9999000E+004
 180.000    28061900  0.6417300E+003  0.3727996E+003  0.7251409E+003  0.3205394E+003  0.0000000E+000  0.3175889E+000  0.3323404E+000  0.3405650E+000  0.2748997E+000  0.2847107E+000  0.2952137E+000  0.9715747E-012  0.9677009E-012  0.0000000E+000  0.0000000E+000  0.0000000E+000  0.0000000E+000 -0.8267672E-002 -0.5940060E-002 -0.3117374E-002 -0.1195130E-001 -0.5314850E-002 -0.6888092E-002 -0.9999000E+004
 210.000    28071900  0.7429700E+003  0.5177920E+003  0.6696677E+003  0.3322602E+003  0.0000000E+000  0.2169802E+000  0.2220589E+000  0.2280188E+000  0.1934776E+000  0.2007832E+000  0.2943929E+000  0.9715747E-012  0.9677009E-012  0.0000000E+000  0.0000000E+000  0.0000000E+000  0.0000000E+000 -0.5686436E-001 -0.3540720E-001 -0.1919760E-001 -0.1224535E-001 -0.6188416E-002 -0.7823335E-002 -0.9999000E+004
 240.000    27081900  0.7942900E+003  0.6300123E+003  0.6000755E+003  0.3409521E+003  0.0000000E+000  0.9957715E-001  0.1047411E+000  0.1107089E+000  0.9782762E-001  0.1185266E+000  0.2590468E+000  0.9715747E-012  0.9677009E-012  0.0000000E+000  0.0000000E+000  0.0000000E+000  0.0000000E+000 -0.1824693E+001 -0.1197632E+001 -0.4559872E+000 -0.3788864E-001 -0.8458966E-002 -0.8720691E-002 -0.9999000E+004
 270.000    26091900  0.8712600E+003  0.7178646E+003  0.5823165E+003  0.3478287E+003  0.0000000E+000  0.1252341E+000  0.1461666E+000  0.1545774E+000  0.1062150E+000  0.1096500E+000  0.2296692E+000  0.9715747E-012  0.9677009E-012  0.0000000E+000  0.0000000E+000  0.0000000E+000  0.0000000E+000 -0.3653209E+000 -0.7869610E+000 -0.7338852E+000 -0.1103160E+000 -0.1493325E-001 -0.9830817E-002 -0.9999000E+004
 300.000    26101900  0.9746800E+003  0.7739901E+003  0.6238500E+003  0.3535897E+003  0.0000000E+000  0.2921707E+000  0.3146062E+000  0.3137574E+000  0.2443385E+000  0.1317808E+000  0.2301169E+000  0.9715747E-012  0.9677009E-012  0.0000000E+000  0.0000000E+000  0.0000000E+000  0.0000000E+000 -0.1243481E-001 -0.1063270E-001 -0.2429775E+000 -0.1085741E+000 -0.1581107E-001 -0.1108441E-001 -0.9999000E+004
 330.000    25111900  0.1055130E+004  0.8042612E+003  0.6696950E+003  0.3579236E+003  0.0000000E+000  0.3543070E+000  0.3472704E+000  0.3584240E+000  0.2944523E+000  0.2907810E+000  0.2489193E+000  0.9715747E-012  0.9677009E-012  0.0000000E+000  0.0000000E+000  0.0000000E+000  0.0000000E+000 -0.5542087E-002 -0.4332919E-002 -0.2870388E-002 -0.5414792E-001 -0.1572136E-001 -0.1205228E-001 -0.9999000E+004
 360.000    25121900  0.1082570E+004  0.8274658E+003  0.6698443E+003  0.3618213E+003  0.0000000E+000  0.2573552E+000  0.3178204E+000  0.3405818E+000  0.2697211E+000  0.2609022E+000  0.2694219E+000  0.1794454E+000  0.9677009E-012  0.0000000E+000  0.0000000E+000  0.0000000E+000  0.0000000E+000 -0.7842128E-002 -0.6635702E-002 -0.4799025E-002 -0.2685897E-001 -0.1566665E-001 -0.1292319E-001 -0.9999000E+004
