    DOY     DATE    RESIDUE_C       HUMUS_C         ATM_CO2         NBP             ECO_LAI         ECO_GPP         ECO_RA          ECO_NPP         ECO_RH          
  30.000    30011934  0.1833089E+004  0.8501228E+004  0.3406120E+003 -0.5153115E+002  0.3631786E+000  0.0000000E+000 -0.3190536E+002 -0.3190536E+002 -0.1521091E+002
  60.000    01031934  0.1834554E+004  0.8506568E+004  0.3406120E+003 -0.1307297E+003  0.5212395E-001  0.0000000E+000 -0.6326460E+002 -0.6326460E+002 -0.4141434E+002
  90.000    31031934  0.1846607E+004  0.8511950E+004  0.3406120E+003 -0.2049739E+003  0.1719500E+000  0.2217941E+000 -0.9653586E+002 -0.9631407E+002 -0.7775859E+002
 120.000    30041934  0.1804524E+004  0.8514568E+004  0.3406120E+003 -0.1789523E+003  0.3825726E+001  0.2075231E+003 -0.2132261E+003 -0.5703019E+001 -0.1359243E+003
 150.000    30051934  0.1755241E+004  0.8515853E+004  0.3406120E+003  0.1604247E+002  0.6988191E+001  0.6571168E+003 -0.4039443E+003  0.2531725E+003 -0.1966272E+003
 180.000    29061934  0.1690529E+004  0.8511581E+004  0.3406120E+003  0.1346013E+003  0.8244763E+001  0.1152430E+004 -0.6947961E+003  0.4576338E+003 -0.2784249E+003
 210.000    29071934  0.1608637E+004  0.8501836E+004  0.3406120E+003  0.1836062E+003  0.8277683E+001  0.1597838E+004 -0.9870325E+003  0.6108051E+003 -0.3825496E+003
 240.000    28081934  0.1589676E+004  0.8490892E+004  0.3406120E+003  0.2604198E+003  0.5762176E+001  0.2030091E+004 -0.1250145E+004  0.7799458E+003 -0.4865951E+003
 270.000    27091934  0.1629161E+004  0.8482968E+004  0.3406120E+003  0.2514527E+003  0.1426166E+001  0.2324630E+004 -0.1456245E+004  0.8683849E+003 -0.5886112E+003
 300.000    27101934  0.1613356E+004  0.8481604E+004  0.3406120E+003  0.1565426E+003  0.5024369E+000  0.2399241E+004 -0.1551324E+004  0.8479171E+003 -0.6475140E+003
 330.000    26111934  0.1857762E+004  0.8483940E+004  0.3406120E+003  0.3789626E+002  0.3815401E+000  0.2402891E+004 -0.1618854E+004  0.7840370E+003 -0.7082898E+003
 360.000    26121934  0.1890985E+004  0.8489657E+004  0.3406120E+003 -0.3398492E+002  0.2382101E+000  0.2402891E+004 -0.1659395E+004  0.7434964E+003 -0.7380383E+003
