    DOY     DATE    SHOOT_C         ROOT_C          LAI             GPP             AUTO_RESP       HVST_C          
  30.000    30011955  0.2581790E+004  0.2423900E+003  0.8439446E+001  0.4789669E+002 -0.3216688E+002  0.0000000E+000
  60.000    01031955  0.2605878E+004  0.2498031E+003  0.8306739E+001  0.1358035E+003 -0.7821951E+002  0.0000000E+000
  90.000    31031955  0.2662417E+004  0.2573069E+003  0.8446964E+001  0.2771744E+003 -0.1459960E+003  0.0000000E+000
 120.000    30041955  0.2775240E+004  0.2644404E+003  0.8917783E+001  0.4970286E+003 -0.2444262E+003  0.0000000E+000
 150.000    30051955  0.2922257E+004  0.2687207E+003  0.9281974E+001  0.7850838E+003 -0.3767060E+003  0.0000000E+000
 180.000    29061955  0.3069397E+004  0.2650721E+003  0.9408777E+001  0.1121004E+004 -0.5639411E+003  0.0000000E+000
 210.000    29071955  0.3176700E+004  0.2530401E+003  0.9423329E+001  0.1437249E+004 -0.7759382E+003  0.0000000E+000
 240.000    28081955  0.3302082E+004  0.2431248E+003  0.9441717E+001  0.1739688E+004 -0.9544629E+003  0.0000000E+000
 270.000    27091955  0.3410508E+004  0.2418604E+003  0.9457129E+001  0.2001227E+004 -0.1104387E+004  0.0000000E+000
 300.000    27101955  0.3494251E+004  0.2435262E+003  0.9444195E+001  0.2212296E+004 -0.1224506E+004  0.0000000E+000
 330.000    26111955  0.3527781E+004  0.2505697E+003  0.9295255E+001  0.2349749E+004 -0.1304265E+004  0.0000000E+000
 360.000    26121955  0.3521317E+004  0.2614553E+003  0.9092342E+001  0.2431568E+004 -0.1353928E+004  0.0000000E+000
