    DOY     DATE    RESIDUE_C       HUMUS_C         ATM_CO2         NBP             ECO_LAI         ECO_GPP         ECO_RA          ECO_NPP         ECO_RH          
  30.000    30011904  0.8398990E+003  0.8157198E+004  0.3406120E+003 -0.2328759E+002  0.0000000E+000  0.0000000E+000 -0.1233682E+002 -0.1233682E+002 -0.7031771E+001
  60.000    29021904  0.8407020E+003  0.8159299E+004  0.3406120E+003 -0.4537255E+002  0.0000000E+000  0.0000000E+000 -0.2500475E+002 -0.2500475E+002 -0.1703725E+002
  90.000    30031904  0.8452560E+003  0.8161572E+004  0.3406120E+003 -0.7837497E+002  0.9476244E-001  0.1117949E+000 -0.4109488E+002 -0.4098309E+002 -0.3503516E+002
 120.000    29041904  0.8245815E+003  0.8163753E+004  0.3406120E+003 -0.7251387E+002  0.1640164E+001  0.7462266E+002 -0.8157099E+002 -0.6948325E+001 -0.6424171E+002
 150.000    29051904  0.7985521E+003  0.8164908E+004  0.3406120E+003  0.6844894E+002  0.3734710E+001  0.3432261E+003 -0.1758938E+003  0.1673322E+003 -0.9882104E+002
 180.000    28061904  0.7818073E+003  0.8164564E+004  0.3406120E+003  0.2160814E+003  0.5218065E+001  0.6664734E+003 -0.3168336E+003  0.3496399E+003 -0.1333743E+003
 210.000    28071904  0.7638332E+003  0.8162855E+004  0.3406120E+003  0.2976598E+003  0.5314762E+001  0.9351523E+003 -0.4664330E+003  0.4687193E+003 -0.1705528E+003
 240.000    27081904  0.7820474E+003  0.8160017E+004  0.3406120E+003  0.3729752E+003  0.3622383E+001  0.1193553E+004 -0.6111839E+003  0.5823696E+003 -0.2091711E+003
 270.000    26091904  0.8104556E+003  0.8156897E+004  0.3406120E+003  0.3813911E+003  0.1157013E+001  0.1368385E+004 -0.7273405E+003  0.6410441E+003 -0.2701012E+003
 300.000    26101904  0.7982694E+003  0.8157260E+004  0.3406120E+003  0.3298441E+003  0.4247173E+000  0.1413011E+004 -0.7804068E+003  0.6326037E+003 -0.3101086E+003
 330.000    25111904  0.9368901E+003  0.8159246E+004  0.3406120E+003  0.2727170E+003  0.3480206E+000  0.1415855E+004 -0.8136108E+003  0.6022437E+003 -0.3343967E+003
 360.000    25121904  0.9637103E+003  0.8162108E+004  0.3406120E+003  0.2374761E+003  0.2317392E+000  0.1415855E+004 -0.8331820E+003  0.5826725E+003 -0.3455640E+003
