    DOY     DATE    SHOOT_C         ROOT_C          LAI             GPP             AUTO_RESP       HVST_C          
  74.000    15031983  0.2091537E-001  0.5526625E-002  0.1063192E-002  0.4516293E-006 -0.5748878E-004  0.0000000E+000
  75.000    16031983  0.3351122E-001  0.6331666E-002  0.2451268E-002  0.3201509E-005 -0.2035516E-003  0.0000000E+000
  76.000    17031983  0.4249255E-001  0.7285242E-002  0.4296871E-002  0.1162877E-004 -0.4496062E-003  0.0000000E+000
  77.000    18031983  0.5756975E-001  0.1038827E-001  0.8240929E-002  0.5207127E-004 -0.1099781E-002  0.0000000E+000
  78.000    19031983  0.7262876E-001  0.1344188E-001  0.1222248E-001  0.1366489E-003 -0.1997218E-002  0.0000000E+000
  79.000    20031983  0.7952109E-001  0.1418782E-001  0.1399044E-001  0.2716305E-003 -0.2580997E-002  0.0000000E+000
  80.000    21031983  0.9364083E-001  0.1809795E-001  0.1828653E-001  0.4965143E-003 -0.4020551E-002  0.0000000E+000
  81.000    22031983  0.9919011E-001  0.1937453E-001  0.2043232E-001  0.6096354E-003 -0.4763809E-002  0.0000000E+000
  82.000    23031983  0.1023689E+000  0.2035660E-001  0.2156823E-001  0.7550877E-003 -0.5288282E-002  0.0000000E+000
  83.000    24031983  0.1039091E+000  0.2102268E-001  0.2254768E-001  0.8508495E-003 -0.5650232E-002  0.0000000E+000
  84.000    25031983  0.1060830E+000  0.2203241E-001  0.2387163E-001  0.9802623E-003 -0.6119621E-002  0.0000000E+000
  85.000    26031983  0.1089352E+000  0.2329102E-001  0.2485407E-001  0.1199450E-002 -0.6689071E-002  0.0000000E+000
  86.000    27031983  0.1133767E+000  0.2509194E-001  0.2751847E-001  0.1495212E-002 -0.7592867E-002  0.0000000E+000
  87.000    28031983  0.1216273E+000  0.2801368E-001  0.3095885E-001  0.2003613E-002 -0.9201653E-002  0.0000000E+000
  88.000    29031983  0.1269634E+000  0.3003481E-001  0.3304197E-001  0.2481114E-002 -0.1037151E-001  0.0000000E+000
  89.000    30031983  0.1312406E+000  0.3186762E-001  0.3527805E-001  0.2956517E-002 -0.1143446E-001  0.0000000E+000
  90.000    31031983  0.1342824E+000  0.3343552E-001  0.3734617E-001  0.3364088E-002 -0.1234855E-001  0.0000000E+000
  91.000    01041983  0.1398184E+000  0.3587262E-001  0.3929321E-001  0.4131922E-002 -0.1368538E-001  0.0000000E+000
  92.000    02041983  0.1463005E+000  0.3864777E-001  0.4319942E-001  0.4941347E-002 -0.1541860E-001  0.0000000E+000
  93.000    03041983  0.1565751E+000  0.4268607E-001  0.4863776E-001  0.5984509E-002 -0.1815771E-001  0.0000000E+000
  94.000    04041983  0.1626206E+000  0.4537923E-001  0.5136650E-001  0.7204468E-002 -0.1993309E-001  0.0000000E+000
  95.000    05041983  0.1685291E+000  0.4832821E-001  0.5728995E-001  0.8471895E-002 -0.2183982E-001  0.0000000E+000
  96.000    06041983  0.1784279E+000  0.5261782E-001  0.6333236E-001  0.1045638E-001 -0.2463837E-001  0.0000000E+000
  97.000    07041983  0.1937921E+000  0.5850111E-001  0.7124036E-001  0.1320324E-001 -0.2902762E-001  0.0000000E+000
  98.000    08041983  0.2101831E+000  0.6472586E-001  0.7975359E-001  0.1648357E-001 -0.3405869E-001  0.0000000E+000
  99.000    09041983  0.2253441E+000  0.7076383E-001  0.8742595E-001  0.2021611E-001 -0.3908859E-001  0.0000000E+000
 100.000    10041983  0.2393177E+000  0.7662877E-001  0.9371270E-001  0.2423071E-001 -0.4418692E-001  0.0000000E+000
 101.000    11041983  0.2451721E+000  0.8053805E-001  0.9721897E-001  0.2695284E-001 -0.4713760E-001  0.0000000E+000
 102.000    12041983  0.2501785E+000  0.8419700E-001  0.9991194E-001  0.3007506E-001 -0.4964475E-001  0.0000000E+000
 103.000    13041983  0.2563573E+000  0.8804735E-001  0.1022153E+000  0.3389872E-001 -0.5242811E-001  0.0000000E+000
 104.000    14041983  0.2656257E+000  0.9273624E-001  0.1061705E+000  0.3871302E-001 -0.5639150E-001  0.0000000E+000
 105.000    15041983  0.2773138E+000  0.9804487E-001  0.1157369E+000  0.4424518E-001 -0.6181884E-001  0.0000000E+000
 106.000    16041983  0.2826165E+000  0.1020455E+000  0.1215284E+000  0.4794290E-001 -0.6523366E-001  0.0000000E+000
 107.000    17041983  0.2870930E+000  0.1057480E+000  0.1243351E+000  0.5207987E-001 -0.6772797E-001  0.0000000E+000
 108.000    18041983  0.2885174E+000  0.1086989E+000  0.1265639E+000  0.5472652E-001 -0.6951946E-001  0.0000000E+000
 109.000    19041983  0.2880877E+000  0.1111627E+000  0.1277107E+000  0.5635806E-001 -0.7066355E-001  0.0000000E+000
 110.000    20041983  0.2901073E+000  0.1138864E+000  0.1296000E+000  0.5933011E-001 -0.7210629E-001  0.0000000E+000
 111.000    21041983  0.2939952E+000  0.1166520E+000  0.1315572E+000  0.6323352E-001 -0.7398228E-001  0.0000000E+000
 112.000    22041983  0.3003717E+000  0.1196148E+000  0.1337706E+000  0.6877384E-001 -0.7649379E-001  0.0000000E+000
 113.000    23041983  0.3054814E+000  0.1224743E+000  0.1371805E+000  0.7346233E-001 -0.7916701E-001  0.0000000E+000
 114.000    24041983  0.3141105E+000  0.1262760E+000  0.1425768E+000  0.7970167E-001 -0.8321351E-001  0.0000000E+000
 115.000    25041983  0.3200497E+000  0.1295765E+000  0.1486429E+000  0.8484740E-001 -0.8648545E-001  0.0000000E+000
 116.000    26041983  0.3278824E+000  0.1333373E+000  0.1528612E+000  0.9167023E-001 -0.8980849E-001  0.0000000E+000
 117.000    27041983  0.3372492E+000  0.1369883E+000  0.1579096E+000  0.1003042E+000 -0.9388723E-001  0.0000000E+000
 118.000    28041983  0.3439194E+000  0.1401885E+000  0.1639878E+000  0.1093255E+000 -0.9870189E-001  0.0000000E+000
 119.000    29041983  0.3455020E+000  0.1418626E+000  0.1706118E+000  0.1191927E+000 -0.1042158E+000  0.0000000E+000
 120.000    30041983  0.3472383E+000  0.1433186E+000  0.1817353E+000  0.1304301E+000 -0.1111795E+000  0.0000000E+000
 121.000    01051983  0.3500697E+000  0.1446187E+000  0.1959990E+000  0.1427528E+000 -0.1183352E+000  0.0000000E+000
 122.000    02051983  0.3535549E+000  0.1459517E+000  0.2085885E+000  0.1556103E+000 -0.1253903E+000  0.0000000E+000
 123.000    03051983  0.3566394E+000  0.1475360E+000  0.2232430E+000  0.1671924E+000 -0.1313876E+000  0.0000000E+000
 124.000    04051983  0.3598927E+000  0.1495545E+000  0.2322088E+000  0.1780711E+000 -0.1361418E+000  0.0000000E+000
 125.000    05051983  0.3645126E+000  0.1521430E+000  0.2353169E+000  0.1894072E+000 -0.1394564E+000  0.0000000E+000
 126.000    06051983  0.3694038E+000  0.1548619E+000  0.2385394E+000  0.2010134E+000 -0.1426553E+000  0.0000000E+000
 127.000    07051983  0.3750863E+000  0.1578214E+000  0.2416682E+000  0.2137241E+000 -0.1459198E+000  0.0000000E+000
 128.000    08051983  0.3799278E+000  0.1607619E+000  0.2522826E+000  0.2263505E+000 -0.1499449E+000  0.0000000E+000
 129.000    09051983  0.3827997E+000  0.1637776E+000  0.2592309E+000  0.2361956E+000 -0.1530973E+000  0.0000000E+000
 130.000    10051983  0.3880003E+000  0.1669630E+000  0.2616987E+000  0.2478257E+000 -0.1554489E+000  0.0000000E+000
 131.000    11051983  0.3947947E+000  0.1702260E+000  0.2643725E+000  0.2616833E+000 -0.1583630E+000  0.0000000E+000
 132.000    12051983  0.4009344E+000  0.1736005E+000  0.2691875E+000  0.2755952E+000 -0.1618858E+000  0.0000000E+000
 133.000    13051983  0.4050880E+000  0.1770006E+000  0.2786770E+000  0.2882738E+000 -0.1661397E+000  0.0000000E+000
 134.000    14051983  0.4117719E+000  0.1801992E+000  0.2892033E+000  0.3041509E+000 -0.1712452E+000  0.0000000E+000
 135.000    15051983  0.4185810E+000  0.1831495E+000  0.2992346E+000  0.3207566E+000 -0.1771786E+000  0.0000000E+000
 136.000    16051983  0.4244491E+000  0.1863868E+000  0.3102373E+000  0.3357839E+000 -0.1822018E+000  0.0000000E+000
 137.000    17051983  0.4276091E+000  0.1901718E+000  0.3156821E+000  0.3468549E+000 -0.1853960E+000  0.0000000E+000
 138.000    18051983  0.4322106E+000  0.1940521E+000  0.3187422E+000  0.3591268E+000 -0.1881827E+000  0.0000000E+000
 139.000    19051983  0.4375924E+000  0.1977068E+000  0.3258977E+000  0.3725733E+000 -0.1916612E+000  0.0000000E+000
 140.000    20051983  0.4442212E+000  0.2010625E+000  0.3359518E+000  0.3878802E+000 -0.1960406E+000  0.0000000E+000
 141.000    21051983  0.4514262E+000  0.2043734E+000  0.3458196E+000  0.4043291E+000 -0.2010047E+000  0.0000000E+000
 142.000    22051983  0.4593228E+000  0.2077868E+000  0.3572715E+000  0.4221393E+000 -0.2065234E+000  0.0000000E+000
 143.000    23051983  0.4674228E+000  0.2113233E+000  0.3667259E+000  0.4406737E+000 -0.2124282E+000  0.0000000E+000
 144.000    24051983  0.4739385E+000  0.2153797E+000  0.3735590E+000  0.4570204E+000 -0.2172299E+000  0.0000000E+000
 145.000    25051983  0.4813456E+000  0.2199082E+000  0.3773620E+000  0.4739234E+000 -0.2212191E+000  0.0000000E+000
 146.000    26051983  0.4874241E+000  0.2245993E+000  0.3848174E+000  0.4899077E+000 -0.2254366E+000  0.0000000E+000
 147.000    27051983  0.4927462E+000  0.2292696E+000  0.3903848E+000  0.5048186E+000 -0.2293416E+000  0.0000000E+000
 148.000    28051983  0.4990229E+000  0.2340035E+000  0.3934228E+000  0.5204387E+000 -0.2328959E+000  0.0000000E+000
 149.000    29051983  0.5057591E+000  0.2384808E+000  0.4016040E+000  0.5373355E+000 -0.2374938E+000  0.0000000E+000
 150.000    30051983  0.5133884E+000  0.2427235E+000  0.4094092E+000  0.5557621E+000 -0.2429144E+000  0.0000000E+000
 151.000    31051983  0.5209285E+000  0.2470184E+000  0.4175191E+000  0.5742647E+000 -0.2484238E+000  0.0000000E+000
 152.000    01061983  0.5268591E+000  0.2516353E+000  0.4254358E+000  0.5906652E+000 -0.2531274E+000  0.0000000E+000
 153.000    02061983  0.5334979E+000  0.2565424E+000  0.4284089E+000  0.6071248E+000 -0.2569050E+000  0.0000000E+000
 154.000    03061983  0.5403456E+000  0.2614840E+000  0.4335089E+000  0.6246591E+000 -0.2614702E+000  0.0000000E+000
 155.000    04061983  0.5478231E+000  0.2659510E+000  0.4413071E+000  0.6438382E+000 -0.2674538E+000  0.0000000E+000
 156.000    05061983  0.5549462E+000  0.2704170E+000  0.4495197E+000  0.6626382E+000 -0.2733939E+000  0.0000000E+000
 157.000    06061983  0.5629508E+000  0.2749609E+000  0.4579543E+000  0.6826600E+000 -0.2795839E+000  0.0000000E+000
 158.000    07061983  0.5705375E+000  0.2795824E+000  0.4678346E+000  0.7023790E+000 -0.2857993E+000  0.0000000E+000
 159.000    08061983  0.5769376E+000  0.2844784E+000  0.4748837E+000  0.7204187E+000 -0.2912594E+000  0.0000000E+000
 160.000    09061983  0.5839640E+000  0.2895701E+000  0.4797225E+000  0.7388683E+000 -0.2963097E+000  0.0000000E+000
 161.000    10061983  0.5908065E+000  0.2946439E+000  0.4840951E+000  0.7571626E+000 -0.3013822E+000  0.0000000E+000
 162.000    11061983  0.5982540E+000  0.2997527E+000  0.4870434E+000  0.7759894E+000 -0.3063170E+000  0.0000000E+000
 163.000    12061983  0.6057671E+000  0.3050341E+000  0.4899054E+000  0.7949837E+000 -0.3111492E+000  0.0000000E+000
 164.000    13061983  0.6126434E+000  0.3103937E+000  0.4932463E+000  0.8138009E+000 -0.3163212E+000  0.0000000E+000
 165.000    14061983  0.6196655E+000  0.3155709E+000  0.4985361E+000  0.8336452E+000 -0.3225052E+000  0.0000000E+000
 166.000    15061983  0.6268655E+000  0.3205270E+000  0.5047905E+000  0.8543307E+000 -0.3295159E+000  0.0000000E+000
 167.000    16061983  0.6333988E+000  0.3254784E+000  0.5093567E+000  0.8745678E+000 -0.3367791E+000  0.0000000E+000
 168.000    17061983  0.6393803E+000  0.3302565E+000  0.5146671E+000  0.8946000E+000 -0.3445698E+000  0.0000000E+000
 169.000    18061983  0.6461371E+000  0.3350198E+000  0.5223383E+000  0.9159954E+000 -0.3530056E+000  0.0000000E+000
 170.000    19061983  0.6530359E+000  0.3400398E+000  0.5298520E+000  0.9376132E+000 -0.3613207E+000  0.0000000E+000
 171.000    20061983  0.6601878E+000  0.3450681E+000  0.5369339E+000  0.9594184E+000 -0.3695914E+000  0.0000000E+000
 172.000    21061983  0.6675860E+000  0.3502088E+000  0.5445101E+000  0.9813085E+000 -0.3776139E+000  0.0000000E+000
 173.000    22061983  0.6737169E+000  0.3557328E+000  0.5505380E+000  0.1000969E+001 -0.3843335E+000  0.0000000E+000
 174.000    23061983  0.6809967E+000  0.3612031E+000  0.5545843E+000  0.1021725E+001 -0.3910482E+000  0.0000000E+000
 175.000    24061983  0.6883975E+000  0.3664699E+000  0.5573151E+000  0.1042399E+001 -0.3977398E+000  0.0000000E+000
 176.000    25061983  0.6944136E+000  0.3715623E+000  0.5603303E+000  0.1062347E+001 -0.4052517E+000  0.0000000E+000
 177.000    26061983  0.7020009E+000  0.3759653E+000  0.5649812E+000  0.1084921E+001 -0.4145223E+000  0.0000000E+000
 178.000    27061983  0.7097451E+000  0.3801962E+000  0.5697529E+000  0.1107776E+001 -0.4241567E+000  0.0000000E+000
 179.000    28061983  0.7179818E+000  0.3843739E+000  0.5754483E+000  0.1131419E+001 -0.4342326E+000  0.0000000E+000
 180.000    29061983  0.7272927E+000  0.3886253E+000  0.5809731E+000  0.1156169E+001 -0.4443518E+000  0.0000000E+000
 181.000    30061983  0.7366460E+000  0.3930319E+000  0.5865836E+000  0.1180446E+001 -0.4538745E+000  0.0000000E+000
 182.000    01071983  0.7476908E+000  0.3973837E+000  0.5919466E+000  0.1206515E+001 -0.4636021E+000  0.0000000E+000
 183.000    02071983  0.7594809E+000  0.4013581E+000  0.5970996E+000  0.1234100E+001 -0.4745104E+000  0.0000000E+000
 184.000    03071983  0.7717173E+000  0.4051104E+000  0.6017119E+000  0.1261814E+001 -0.4853778E+000  0.0000000E+000
 185.000    04071983  0.7846031E+000  0.4089597E+000  0.6071027E+000  0.1291140E+001 -0.4971725E+000  0.0000000E+000
 186.000    05071983  0.7985773E+000  0.4129766E+000  0.6134849E+000  0.1321074E+001 -0.5083835E+000  0.0000000E+000
 187.000    06071983  0.8121652E+000  0.4171925E+000  0.6183284E+000  0.1349857E+001 -0.5186802E+000  0.0000000E+000
 188.000    07071983  0.8255214E+000  0.4217362E+000  0.6216457E+000  0.1377676E+001 -0.5279560E+000  0.0000000E+000
 189.000    08071983  0.8381874E+000  0.4268478E+000  0.6240088E+000  0.1404113E+001 -0.5359931E+000  0.0000000E+000
 190.000    09071983  0.8521199E+000  0.4321675E+000  0.6258108E+000  0.1431907E+001 -0.5439063E+000  0.0000000E+000
 191.000    10071983  0.8656254E+000  0.4372482E+000  0.6287370E+000  0.1460783E+001 -0.5535607E+000  0.0000000E+000
 192.000    11071983  0.8802117E+000  0.4417586E+000  0.6323519E+000  0.1491929E+001 -0.5649818E+000  0.0000000E+000
 193.000    12071983  0.8955701E+000  0.4457053E+000  0.6355018E+000  0.1523010E+001 -0.5761592E+000  0.0000000E+000
 194.000    13071983  0.9117066E+000  0.4490813E+000  0.6391719E+000  0.1556015E+001 -0.5890927E+000  0.0000000E+000
 195.000    14071983  0.9283315E+000  0.4519364E+000  0.6434009E+000  0.1589895E+001 -0.6029275E+000  0.0000000E+000
 196.000    15071983  0.9469870E+000  0.4547913E+000  0.6474751E+000  0.1625374E+001 -0.6164671E+000  0.0000000E+000
 197.000    16071983  0.9646474E+000  0.4580940E+000  0.6509658E+000  0.1659328E+001 -0.6290756E+000  0.0000000E+000
 198.000    17071983  0.9832408E+000  0.4611242E+000  0.6551875E+000  0.1695243E+001 -0.6429805E+000  0.0000000E+000
 199.000    18071983  0.1003235E+001  0.4641215E+000  0.6599348E+000  0.1732431E+001 -0.6568882E+000  0.0000000E+000
 200.000    19071983  0.1024789E+001  0.4671299E+000  0.6648245E+000  0.1771427E+001 -0.6710649E+000  0.0000000E+000
 201.000    20071983  0.1045870E+001  0.4697723E+000  0.6693607E+000  0.1809452E+001 -0.6850042E+000  0.0000000E+000
 202.000    21071983  0.1066207E+001  0.4719967E+000  0.6749306E+000  0.1846855E+001 -0.6996278E+000  0.0000000E+000
 203.000    22071983  0.1089749E+001  0.4741118E+000  0.6814893E+000  0.1888750E+001 -0.7156720E+000  0.0000000E+000
 204.000    23071983  0.1115086E+001  0.4761334E+000  0.6869270E+000  0.1929432E+001 -0.7288162E+000  0.0000000E+000
 205.000    24071983  0.1141844E+001  0.4780603E+000  0.6925447E+000  0.1971415E+001 -0.7419413E+000  0.0000000E+000
 206.000    25071983  0.1167356E+001  0.4803385E+000  0.6992176E+000  0.2013292E+001 -0.7558585E+000  0.0000000E+000
 207.000    26071983  0.1192983E+001  0.4823857E+000  0.7053810E+000  0.2054189E+001 -0.7689100E+000  0.0000000E+000
 208.000    27071983  0.1221169E+001  0.4848204E+000  0.7083685E+000  0.2094741E+001 -0.7786539E+000  0.0000000E+000
 209.000    28071983  0.1246698E+001  0.4879419E+000  0.7116443E+000  0.2133702E+001 -0.7887759E+000  0.0000000E+000
 210.000    29071983  0.1269355E+001  0.4914275E+000  0.7154164E+000  0.2170815E+001 -0.7995395E+000  0.0000000E+000
 211.000    30071983  0.1292736E+001  0.4949280E+000  0.7198547E+000  0.2209323E+001 -0.8109456E+000  0.0000000E+000
 212.000    31071983  0.1316566E+001  0.4985434E+000  0.7248656E+000  0.2249596E+001 -0.8235457E+000  0.0000000E+000
 213.000    01081983  0.1339845E+001  0.5015377E+000  0.7320118E+000  0.2292711E+001 -0.8401518E+000  0.0000000E+000
 214.000    02081983  0.1365704E+001  0.5036230E+000  0.7406228E+000  0.2336046E+001 -0.8553258E+000  0.0000000E+000
 215.000    03081983  0.1393729E+001  0.5054097E+000  0.7473759E+000  0.2379975E+001 -0.8692436E+000  0.0000000E+000
 216.000    04081983  0.1423447E+001  0.5071695E+000  0.7517712E+000  0.2423199E+001 -0.8807999E+000  0.0000000E+000
 217.000    05081983  0.1452059E+001  0.5093611E+000  0.7585062E+000  0.2469419E+001 -0.8960288E+000  0.0000000E+000
 218.000    06081983  0.1480695E+001  0.5112028E+000  0.7652085E+000  0.2514445E+001 -0.9103959E+000  0.0000000E+000
 219.000    07081983  0.1511103E+001  0.5130003E+000  0.7715317E+000  0.2560151E+001 -0.9237199E+000  0.0000000E+000
 220.000    08081983  0.1540490E+001  0.5150024E+000  0.7763051E+000  0.2603784E+001 -0.9357878E+000  0.0000000E+000
 221.000    09081983  0.1567511E+001  0.5171794E+000  0.7821678E+000  0.2646583E+001 -0.9492100E+000  0.0000000E+000
 222.000    10081983  0.1593438E+001  0.5197666E+000  0.7868079E+000  0.2688092E+001 -0.9620243E+000  0.0000000E+000
 223.000    11081983  0.1618879E+001  0.5221228E+000  0.7941138E+000  0.2730938E+001 -0.9768894E+000  0.0000000E+000
 224.000    12081983  0.1646072E+001  0.5244162E+000  0.8010092E+000  0.2774160E+001 -0.9904435E+000  0.0000000E+000
 225.000    13081983  0.1670739E+001  0.5277993E+000  0.8051411E+000  0.2812473E+001 -0.1000522E+001  0.0000000E+000
 226.000    14081983  0.1690340E+001  0.5319033E+000  0.8090442E+000  0.2846567E+001 -0.1010705E+001  0.0000000E+000
 227.000    15081983  0.1703431E+001  0.5359740E+000  0.7997759E+000  0.2884422E+001 -0.1019618E+001  0.0000000E+000
 228.000    16081983  0.1709433E+001  0.5405816E+000  0.7870567E+000  0.2920574E+001 -0.1029864E+001  0.0000000E+000
 229.000    17081983  0.1712348E+001  0.5451453E+000  0.7742870E+000  0.2957486E+001 -0.1042658E+001  0.0000000E+000
 230.000    18081983  0.1711977E+001  0.5494232E+000  0.7604863E+000  0.2993963E+001 -0.1057037E+001  0.0000000E+000
 231.000    19081983  0.1711702E+001  0.5529675E+000  0.7484061E+000  0.3030078E+001 -0.1072975E+001  0.0000000E+000
 232.000    20081983  0.1708774E+001  0.5553038E+000  0.7415637E+000  0.3060009E+001 -0.1089602E+001  0.0000000E+000
 233.000    21081983  0.1708194E+001  0.5571892E+000  0.7321353E+000  0.3090210E+001 -0.1104550E+001  0.0000000E+000
 234.000    22081983  0.1708417E+001  0.5586294E+000  0.7232530E+000  0.3121350E+001 -0.1119756E+001  0.0000000E+000
 235.000    23081983  0.1716989E+001  0.5597281E+000  0.7220745E+000  0.3154452E+001 -0.1136052E+001  0.0000000E+000
 236.000    24081983  0.1730271E+001  0.5597481E+000  0.7246013E+000  0.3192170E+001 -0.1153643E+001  0.0000000E+000
 237.000    25081983  0.1742268E+001  0.5596790E+000  0.7185722E+000  0.3226066E+001 -0.1166112E+001  0.0000000E+000
 238.000    26081983  0.1755385E+001  0.5599742E+000  0.7088007E+000  0.3260208E+001 -0.1176606E+001  0.0000000E+000
 239.000    27081983  0.1767563E+001  0.5603380E+000  0.7005629E+000  0.3293988E+001 -0.1188743E+001  0.0000000E+000
 240.000    28081983  0.1775766E+001  0.5602513E+000  0.6872048E+000  0.3328267E+001 -0.1202582E+001  0.0000000E+000
 241.000    29081983  0.1788300E+001  0.5598596E+000  0.6790336E+000  0.3361301E+001 -0.1215444E+001  0.0000000E+000
 242.000    30081983  0.1801317E+001  0.5594339E+000  0.6649169E+000  0.3393229E+001 -0.1225515E+001  0.0000000E+000
 243.000    31081983  0.1810414E+001  0.5594499E+000  0.6501711E+000  0.3422143E+001 -0.1235844E+001  0.0000000E+000
 244.000    01091983  0.1820317E+001  0.5592308E+000  0.6420553E+000  0.3453148E+001 -0.1249631E+001  0.0000000E+000
 245.000    02091983  0.1832365E+001  0.5587913E+000  0.6362654E+000  0.3481437E+001 -0.1260437E+001  0.0000000E+000
 246.000    03091983  0.1845812E+001  0.5582488E+000  0.6293373E+000  0.3510009E+001 -0.1270525E+001  0.0000000E+000
 247.000    04091983  0.1859740E+001  0.5574505E+000  0.6217781E+000  0.3539543E+001 -0.1281015E+001  0.0000000E+000
 248.000    05091983  0.1873307E+001  0.5563428E+000  0.6105878E+000  0.3568757E+001 -0.1290782E+001  0.0000000E+000
 249.000    06091983  0.1884724E+001  0.5552836E+000  0.6001786E+000  0.3596813E+001 -0.1301161E+001  0.0000000E+000
 250.000    07091983  0.1895264E+001  0.5543891E+000  0.5912837E+000  0.3622941E+001 -0.1311096E+001  0.0000000E+000
 251.000    08091983  0.1906608E+001  0.5536537E+000  0.5845187E+000  0.3648746E+001 -0.1320746E+001  0.0000000E+000
 252.000    09091983  0.1916682E+001  0.5531882E+000  0.5779656E+000  0.3672684E+001 -0.1329677E+001  0.0000000E+000
 253.000    10091983  0.1926718E+001  0.5524876E+000  0.5724227E+000  0.3696959E+001 -0.1339478E+001  0.0000000E+000
 254.000    11091983  0.1935856E+001  0.5519744E+000  0.5678822E+000  0.3719263E+001 -0.1348654E+001  0.0000000E+000
 255.000    12091983  0.1946844E+001  0.5511882E+000  0.5646318E+000  0.3742663E+001 -0.1357721E+001  0.0000000E+000
 256.000    13091983  0.1958041E+001  0.5501974E+000  0.5657649E+000  0.3767200E+001 -0.1368407E+001  0.0000000E+000
 257.000    14091983  0.1968025E+001  0.5492011E+000  0.5666257E+000  0.3785553E+001 -0.1375413E+001  0.0000000E+000
 258.000    15091983  0.1979868E+001  0.5486919E+000  0.5669894E+000  0.3805323E+001 -0.1381733E+001  0.0000000E+000
 259.000    16091983  0.1992909E+001  0.5483111E+000  0.5670973E+000  0.3826795E+001 -0.1388392E+001  0.0000000E+000
 260.000    17091983  0.2006290E+001  0.5478241E+000  0.5661683E+000  0.3849710E+001 -0.1395937E+001  0.0000000E+000
 261.000    18091983  0.2020253E+001  0.5469828E+000  0.5634042E+000  0.3873348E+001 -0.1403548E+001  0.0000000E+000
 262.000    19091983  0.2033528E+001  0.5461442E+000  0.5623616E+000  0.3897498E+001 -0.1412476E+001  0.0000000E+000
 263.000    20091983  0.2047207E+001  0.5451193E+000  0.5639831E+000  0.3920370E+001 -0.1420357E+001  0.0000000E+000
 264.000    21091983  0.2061764E+001  0.5441185E+000  0.5654595E+000  0.3943919E+001 -0.1428171E+001  0.0000000E+000
 265.000    22091983  0.2071221E+001  0.5434700E+000  0.5664356E+000  0.3959473E+001 -0.1433419E+001  0.0000000E+000
 266.000    23091983  0.2080615E+001  0.5437242E+000  0.5667957E+000  0.3973702E+001 -0.1436982E+001  0.0000000E+000
 267.000    24091983  0.2090557E+001  0.5442560E+000  0.5672967E+000  0.3989240E+001 -0.1441022E+001  0.0000000E+000
 268.000    25091983  0.2100042E+001  0.5449900E+000  0.5679039E+000  0.4004588E+001 -0.1445187E+001  0.0000000E+000
 269.000    26091983  0.2110692E+001  0.5456674E+000  0.5688924E+000  0.4022029E+001 -0.1450232E+001  0.0000000E+000
 270.000    27091983  0.2121296E+001  0.5461839E+000  0.5692487E+000  0.4039716E+001 -0.1455643E+001  0.0000000E+000
 271.000    28091983  0.2132702E+001  0.5465891E+000  0.5697284E+000  0.4058624E+001 -0.1461530E+001  0.0000000E+000
 272.000    29091983  0.2143675E+001  0.5467754E+000  0.5710726E+000  0.4076836E+001 -0.1467455E+001  0.0000000E+000
 273.000    30091983  0.2150484E+001  0.5471337E+000  0.5723134E+000  0.4088786E+001 -0.1471509E+001  0.0000000E+000
 274.000    01101983  0.2162463E+001  0.5475167E+000  0.5742385E+000  0.4107343E+001 -0.1476769E+001  0.0000000E+000
 275.000    02101983  0.2175648E+001  0.5476380E+000  0.5757028E+000  0.4128288E+001 -0.1483255E+001  0.0000000E+000
 276.000    03101983  0.2188433E+001  0.5476993E+000  0.5759860E+000  0.4148779E+001 -0.1489672E+001  0.0000000E+000
 277.000    04101983  0.2200690E+001  0.5476995E+000  0.5764163E+000  0.4168846E+001 -0.1496235E+001  0.0000000E+000
 278.000    05101983  0.2213759E+001  0.5473634E+000  0.5783568E+000  0.4190329E+001 -0.1503629E+001  0.0000000E+000
 279.000    06101983  0.2225861E+001  0.5469337E+000  0.5789388E+000  0.4209667E+001 -0.1510017E+001  0.0000000E+000
 280.000    07101983  0.2237644E+001  0.5469976E+000  0.5791049E+000  0.4227570E+001 -0.1515044E+001  0.0000000E+000
 281.000    08101983  0.2248579E+001  0.5473219E+000  0.5801363E+000  0.4244574E+001 -0.1519907E+001  0.0000000E+000
 282.000    09101983  0.2260499E+001  0.5474907E+000  0.5822850E+000  0.4263639E+001 -0.1525874E+001  0.0000000E+000
 283.000    10101983  0.2271850E+001  0.5475719E+000  0.5839109E+000  0.4281871E+001 -0.1531676E+001  0.0000000E+000
 284.000    11101983  0.2280492E+001  0.5475527E+000  0.5852414E+000  0.4296616E+001 -0.1536852E+001  0.0000000E+000
 285.000    12101983  0.2293181E+001  0.5474371E+000  0.5871833E+000  0.4316405E+001 -0.1542995E+001  0.0000000E+000
 286.000    13101983  0.2307330E+001  0.5469746E+000  0.5889262E+000  0.4339059E+001 -0.1550591E+001  0.0000000E+000
 287.000    14101983  0.2316535E+001  0.5465838E+000  0.5898581E+000  0.4354149E+001 -0.1555845E+001  0.0000000E+000
 288.000    15101983  0.2326977E+001  0.5469134E+000  0.5903621E+000  0.4369497E+001 -0.1559642E+001  0.0000000E+000
 289.000    16101983  0.2337519E+001  0.5474778E+000  0.5909531E+000  0.4385644E+001 -0.1563884E+001  0.0000000E+000
 290.000    17101983  0.2347948E+001  0.5481194E+000  0.5922142E+000  0.4402093E+001 -0.1568494E+001  0.0000000E+000
 291.000    18101983  0.2359723E+001  0.5486796E+000  0.5935911E+000  0.4420603E+001 -0.1573835E+001  0.0000000E+000
 292.000    19101983  0.2372093E+001  0.5491093E+000  0.5955543E+000  0.4440169E+001 -0.1579724E+001  0.0000000E+000
 293.000    20101983  0.2379729E+001  0.5494566E+000  0.5971505E+000  0.4453467E+001 -0.1584308E+001  0.0000000E+000
 294.000    21101983  0.2383829E+001  0.5499278E+000  0.5982894E+000  0.4465416E+001 -0.1588278E+001  0.0000000E+000
 295.000    22101983  0.2325775E+001  0.5505636E+000  0.5991681E+000  0.4477034E+001 -0.1591683E+001  0.0000000E+000
 296.000    23101983  0.2275571E+001  0.5510956E+000  0.6010818E+000  0.4493521E+001 -0.1596266E+001  0.0000000E+000
 297.000    24101983  0.2229819E+001  0.5513395E+000  0.6030718E+000  0.4511702E+001 -0.1602023E+001  0.0000000E+000
 298.000    25101983  0.2185732E+001  0.5515603E+000  0.6044704E+000  0.4527197E+001 -0.1607056E+001  0.0000000E+000
 299.000    26101983  0.2143446E+001  0.5521586E+000  0.6056909E+000  0.4540050E+001 -0.1610795E+001  0.0000000E+000
 300.000    27101983  0.2102789E+001  0.5530668E+000  0.6064420E+000  0.4550607E+001 -0.1613612E+001  0.0000000E+000
 301.000    28101983  0.2066789E+001  0.5541800E+000  0.6074164E+000  0.4563430E+001 -0.1616792E+001  0.0000000E+000
 302.000    29101983  0.2034859E+001  0.5550036E+000  0.6088534E+000  0.4578843E+001 -0.1621370E+001  0.0000000E+000
 303.000    30101983  0.2001670E+001  0.5557260E+000  0.6097101E+000  0.4589202E+001 -0.1624917E+001  0.0000000E+000
 304.000    31101983  0.1972756E+001  0.5566902E+000  0.6106648E+000  0.4601105E+001 -0.1627993E+001  0.0000000E+000
 305.000    01111983  0.1947194E+001  0.5575292E+000  0.6124333E+000  0.4615034E+001 -0.1632021E+001  0.0000000E+000
 306.000    02111983  0.1924547E+001  0.5582220E+000  0.6144001E+000  0.4630453E+001 -0.1636741E+001  0.0000000E+000
 307.000    03111983  0.1902940E+001  0.5588086E+000  0.6163200E+000  0.4645044E+001 -0.1641579E+001  0.0000000E+000
 308.000    04111983  0.1881120E+001  0.5592592E+000  0.6179027E+000  0.4656755E+001 -0.1645714E+001  0.0000000E+000
 309.000    05111983  0.1857948E+001  0.5602097E+000  0.6181900E+000  0.4663615E+001 -0.1647804E+001  0.0000000E+000
 310.000    06111983  0.1837763E+001  0.5612792E+000  0.6187274E+000  0.4672034E+001 -0.1650019E+001  0.0000000E+000
 311.000    07111983  0.1821838E+001  0.5623063E+000  0.6197597E+000  0.4684127E+001 -0.1653154E+001  0.0000000E+000
 312.000    08111983  0.1807475E+001  0.5630592E+000  0.6212347E+000  0.4698748E+001 -0.1657525E+001  0.0000000E+000
 313.000    09111983  0.1766574E+001  0.5636453E+000  0.6232681E+000  0.4713483E+001 -0.1662314E+001  0.0000000E+000
 314.000    10111983  0.1729271E+001  0.5637632E+000  0.6252256E+000  0.4729603E+001 -0.1668093E+001  0.0000000E+000
 315.000    11111983  0.1691113E+001  0.5638358E+000  0.6263547E+000  0.4740783E+001 -0.1672660E+001  0.0000000E+000
 316.000    12111983  0.1651785E+001  0.5644733E+000  0.6266504E+000  0.4745895E+001 -0.1674759E+001  0.0000000E+000
 317.000    13111983  0.1615354E+001  0.5653317E+000  0.6262147E+000  0.4750571E+001 -0.1675961E+001  0.0000000E+000
 318.000    14111983  0.1583662E+001  0.5662579E+000  0.6258822E+000  0.4757962E+001 -0.1677537E+001  0.0000000E+000
 319.000    15111983  0.1554658E+001  0.5672024E+000  0.6264541E+000  0.4766248E+001 -0.1679689E+001  0.0000000E+000
 320.000    16111983  0.1527482E+001  0.5678112E+000  0.6272955E+000  0.4774988E+001 -0.1682788E+001  0.0000000E+000
 321.000    17111983  0.1500362E+001  0.5687097E+000  0.6276294E+000  0.4780780E+001 -0.1684683E+001  0.0000000E+000
 322.000    18111983  0.1476978E+001  0.5696453E+000  0.6277918E+000  0.4788548E+001 -0.1686599E+001  0.0000000E+000
 323.000    19111983  0.1455491E+001  0.5706006E+000  0.6282643E+000  0.4796727E+001 -0.1688782E+001  0.0000000E+000
 324.000    20111983  0.1438118E+001  0.5713268E+000  0.6293230E+000  0.4808890E+001 -0.1692476E+001  0.0000000E+000
 325.000    21111983  0.1420684E+001  0.5712604E+000  0.6307435E+000  0.4820143E+001 -0.1697230E+001  0.0000000E+000
 326.000    22111983  0.1405878E+001  0.5718571E+000  0.6317926E+000  0.4831572E+001 -0.1700399E+001  0.0000000E+000
 327.000    23111983  0.1392687E+001  0.5724934E+000  0.6329534E+000  0.4843912E+001 -0.1704004E+001  0.0000000E+000
 328.000    24111983  0.1381201E+001  0.5728955E+000  0.6346495E+000  0.4857566E+001 -0.1708452E+001  0.0000000E+000
 329.000    25111983  0.1365231E+001  0.5732234E+000  0.6358287E+000  0.4864797E+001 -0.1712100E+001  0.0000000E+000
 330.000    26111983  0.1351329E+001  0.5741162E+000  0.6356857E+000  0.4872540E+001 -0.1713940E+001  0.0000000E+000
 331.000    27111983  0.1319588E+001  0.5750754E+000  0.6362611E+000  0.4881393E+001 -0.1716098E+001  0.0000000E+000
 332.000    28111983  0.1294885E+001  0.5757090E+000  0.6380396E+000  0.4897400E+001 -0.1720649E+001  0.0000000E+000
 333.000    29111983  0.1266616E+001  0.5759834E+000  0.6392318E+000  0.4907178E+001 -0.1724800E+001  0.0000000E+000
 334.000    30111983  0.1238855E+001  0.5768830E+000  0.6392175E+000  0.4913137E+001 -0.1726456E+001  0.0000000E+000
 335.000    01121983  0.1220431E+001  0.5779451E+000  0.6392882E+000  0.4920706E+001 -0.1728165E+001  0.0000000E+000
 336.000    02121983  0.1202495E+001  0.5791018E+000  0.6390702E+000  0.4927293E+001 -0.1729766E+001  0.0000000E+000
 337.000    03121983  0.1186902E+001  0.5801564E+000  0.6397871E+000  0.4935268E+001 -0.1731918E+001  0.0000000E+000
 338.000    04121983  0.1174467E+001  0.5810995E+000  0.6409488E+000  0.4946041E+001 -0.1734985E+001  0.0000000E+000
 339.000    05121983  0.1163283E+001  0.5817757E+000  0.6420992E+000  0.4957092E+001 -0.1738448E+001  0.0000000E+000
 340.000    06121983  0.1153759E+001  0.5824445E+000  0.6432385E+000  0.4968899E+001 -0.1742061E+001  0.0000000E+000
 341.000    07121983  0.1138186E+001  0.5831643E+000  0.6437288E+000  0.4972410E+001 -0.1744461E+001  0.0000000E+000
 342.000    08121983  0.1125667E+001  0.5842094E+000  0.6430698E+000  0.4977177E+001 -0.1745636E+001  0.0000000E+000
 343.000    09121983  0.1114414E+001  0.5852490E+000  0.6426397E+000  0.4982339E+001 -0.1746871E+001  0.0000000E+000
 344.000    10121983  0.1106429E+001  0.5862499E+000  0.6428729E+000  0.4990437E+001 -0.1748704E+001  0.0000000E+000
 345.000    11121983  0.1098906E+001  0.5872281E+000  0.6435871E+000  0.4998523E+001 -0.1750940E+001  0.0000000E+000
 346.000    12121983  0.1095400E+001  0.5874760E+000  0.6452445E+000  0.5011711E+001 -0.1755469E+001  0.0000000E+000
 347.000    13121983  0.1090398E+001  0.5877054E+000  0.6463997E+000  0.5022113E+001 -0.1759386E+001  0.0000000E+000
 348.000    14121983  0.1084165E+001  0.5883710E+000  0.6469935E+000  0.5030454E+001 -0.1761986E+001  0.0000000E+000
 349.000    15121983  0.1060957E+001  0.5891180E+000  0.6476227E+000  0.5038733E+001 -0.1764646E+001  0.0000000E+000
 350.000    16121983  0.1037608E+001  0.5901504E+000  0.6475702E+000  0.5044410E+001 -0.1766340E+001  0.0000000E+000
 351.000    17121983  0.1016714E+001  0.5912685E+000  0.6475295E+000  0.5050897E+001 -0.1767963E+001  0.0000000E+000
 352.000    18121983  0.9959594E+000  0.5924532E+000  0.6473951E+000  0.5055653E+001 -0.1769286E+001  0.0000000E+000
 353.000    19121983  0.9790815E+000  0.5936223E+000  0.6477351E+000  0.5060341E+001 -0.1770637E+001  0.0000000E+000
 354.000    20121983  0.9600820E+000  0.5947195E+000  0.6465370E+000  0.5061148E+001 -0.1771360E+001  0.0000000E+000
 355.000    21121983  0.9425206E+000  0.5955835E+000  0.6457799E+000  0.5062029E+001 -0.1772010E+001  0.0000000E+000
 356.000    22121983  0.9303587E+000  0.5963064E+000  0.6460638E+000  0.5067648E+001 -0.1773176E+001  0.0000000E+000
 357.000    23121983  0.9166218E+000  0.5970395E+000  0.6455362E+000  0.5070350E+001 -0.1774017E+001  0.0000000E+000
 358.000    24121983  0.9026061E+000  0.5976994E+000  0.6445762E+000  0.5071601E+001 -0.1774666E+001  0.0000000E+000
 359.000    25121983  0.8886446E+000  0.5980517E+000  0.6437051E+000  0.5071608E+001 -0.1775118E+001  0.0000000E+000
 360.000    26121983  0.8757506E+000  0.5981770E+000  0.6427619E+000  0.5071660E+001 -0.1775539E+001  0.0000000E+000
 361.000    27121983  0.8643846E+000  0.5983505E+000  0.6420140E+000  0.5072549E+001 -0.1775977E+001  0.0000000E+000
 362.000    28121983  0.8529423E+000  0.5983676E+000  0.6412532E+000  0.5072549E+001 -0.1776486E+001  0.0000000E+000
 363.000    29121983  0.8423012E+000  0.5982969E+000  0.6412097E+000  0.5072549E+001 -0.1777095E+001  0.0000000E+000
 364.000    30121983  0.8323630E+000  0.5980827E+000  0.6403123E+000  0.5072549E+001 -0.1777648E+001  0.0000000E+000
 365.000    31121983  0.8231475E+000  0.5977499E+000  0.6394541E+000  0.5072549E+001 -0.1778144E+001  0.0000000E+000
