    DOY     DATE    SHOOT_C         ROOT_C          LAI             GPP             AUTO_RESP       HVST_C          
  30.000    30011918  0.1396401E+002  0.7756028E+003  0.0000000E+000  0.0000000E+000 -0.2894005E+002  0.0000000E+000
  60.000    01031918  0.1366495E+002  0.7113775E+003  0.6095906E+000  0.9114008E+001 -0.6418641E+002  0.0000000E+000
  90.000    31031918  0.7958910E+002  0.7029199E+003  0.2314006E+001  0.1199745E+003 -0.1223638E+003  0.0000000E+000
 120.000    30041918  0.2072337E+003  0.7480580E+003  0.4881601E+001  0.4198690E+003 -0.2381602E+003  0.0000000E+000
 150.000    30051918  0.3474654E+003  0.8294877E+003  0.6970763E+001  0.8353438E+003 -0.4111103E+003  0.0000000E+000
 180.000    29061918  0.5171249E+003  0.8613217E+003  0.8409196E+001  0.1295563E+004 -0.6540322E+003  0.0000000E+000
 210.000    29071918  0.6403222E+003  0.8774191E+003  0.8482642E+001  0.1702814E+004 -0.9106748E+003  0.0000000E+000
 240.000    28081918  0.5430786E+003  0.1003862E+004  0.4043156E+001  0.2095380E+004 -0.1150568E+004  0.0000000E+000
 270.000    27091918  0.3921196E+003  0.1116432E+004  0.1131315E+001  0.2326563E+004 -0.1325013E+004  0.0000000E+000
 300.000    27101918  0.3549201E+003  0.1061644E+004  0.1486278E+000  0.2379250E+004 -0.1424248E+004  0.0000000E+000
 330.000    26111918  0.1309451E+003  0.9584615E+003  0.9730754E-003  0.2382715E+004 -0.1481468E+004  0.0000000E+000
 360.000    26121918  0.1795750E+002  0.8748633E+003  0.0000000E+000  0.2382715E+004 -0.1524158E+004  0.0000000E+000
