    DOY     DATE    RESIDUE_C       HUMUS_C         ATM_CO2         NBP             ECO_LAI         ECO_GPP         ECO_RA          ECO_NPP         ECO_RH          
  30.000    30011923  0.1828472E+004  0.8486117E+004  0.3406120E+003 -0.6013423E+002  0.0000000E+000  0.0000000E+000 -0.2802767E+002 -0.2802767E+002 -0.3356527E+002
  60.000    01031923  0.1843192E+004  0.8492422E+004  0.3406120E+003 -0.1156368E+003  0.0000000E+000  0.0000000E+000 -0.4999132E+002 -0.4999132E+002 -0.5883155E+002
  90.000    31031923  0.1862545E+004  0.8498113E+004  0.3406120E+003 -0.1789554E+003  0.0000000E+000  0.0000000E+000 -0.7171458E+002 -0.7171458E+002 -0.9913072E+002
 120.000    30041923  0.1825666E+004  0.8503173E+004  0.3406120E+003 -0.2113305E+003  0.2061039E+001  0.8132469E+002 -0.1245582E+003 -0.4323348E+002 -0.1662815E+003
 150.000    30051923  0.1749127E+004  0.8504465E+004  0.3406120E+003 -0.4345690E+002  0.5587323E+001  0.4842451E+003 -0.2817730E+003  0.2024721E+003 -0.2509415E+003
 180.000    29061923  0.1680248E+004  0.8502629E+004  0.3406120E+003  0.1368992E+003  0.7583353E+001  0.9875453E+003 -0.5248105E+003  0.4627348E+003 -0.3318503E+003
 210.000    29071923  0.1594152E+004  0.8493913E+004  0.3406120E+003  0.2053905E+003  0.7666646E+001  0.1429196E+004 -0.7928173E+003  0.6363788E+003 -0.4343896E+003
 240.000    28081923  0.1579643E+004  0.8485080E+004  0.3406120E+003  0.3027026E+003  0.4966088E+001  0.1858367E+004 -0.1033816E+004  0.8245509E+003 -0.5304856E+003
 270.000    27091923  0.1612383E+004  0.8475851E+004  0.3406120E+003  0.2845294E+003  0.9000149E+000  0.2125358E+004 -0.1225542E+004  0.8998157E+003 -0.6230482E+003
 300.000    27101923  0.1585463E+004  0.8472701E+004  0.3406120E+003  0.1783644E+003  0.1698569E+000  0.2171375E+004 -0.1307223E+004  0.8641522E+003 -0.6856336E+003
 330.000    26111923  0.1768767E+004  0.8474201E+004  0.3406120E+003  0.6415030E+002  0.5887262E-002  0.2174832E+004 -0.1363437E+004  0.8113953E+003 -0.7490853E+003
 360.000    26121923  0.1822172E+004  0.8479741E+004  0.3406120E+003 -0.8274224E+001  0.0000000E+000  0.2174832E+004 -0.1399571E+004  0.7752605E+003 -0.7929791E+003
