    DOY     DATE    WTR_STRESS      
   1.000    01011999  0.4700000E+002
   2.000    02011999  0.4700000E+002
   3.000    03011999  0.4700000E+002
   4.000    04011999  0.4700000E+002
   5.000    05011999  0.4700000E+002
   6.000    06011999  0.4700000E+002
   7.000    07011999  0.4700000E+002
   8.000    08011999  0.4700000E+002
   9.000    09011999  0.4700000E+002
  10.000    10011999  0.4700000E+002
  11.000    11011999  0.4700000E+002
  12.000    12011999  0.4700000E+002
  13.000    13011999  0.4700000E+002
  14.000    14011999  0.4700000E+002
  15.000    15011999  0.4700000E+002
  16.000    16011999  0.4700000E+002
  17.000    17011999  0.4700000E+002
  18.000    18011999  0.4700000E+002
  19.000    19011999  0.4700000E+002
  20.000    20011999  0.4700000E+002
  21.000    21011999  0.4700000E+002
  22.000    22011999  0.4700000E+002
  23.000    23011999  0.4700000E+002
  24.000    24011999  0.4700000E+002
  25.000    25011999  0.4700000E+002
  26.000    26011999  0.4700000E+002
  27.000    27011999  0.4700000E+002
  28.000    28011999  0.4700000E+002
  29.000    29011999  0.4700000E+002
  30.000    30011999  0.4700000E+002
  31.000    31011999  0.4700000E+002
  32.000    01021999  0.4700000E+002
  33.000    02021999  0.4700000E+002
  34.000    03021999  0.4700000E+002
  35.000    04021999  0.4700000E+002
  36.000    05021999  0.4700000E+002
  37.000    06021999  0.4700000E+002
  38.000    07021999  0.4700000E+002
  39.000    08021999  0.4700000E+002
  40.000    09021999  0.4700000E+002
  41.000    10021999  0.4700000E+002
  42.000    11021999  0.4700000E+002
  43.000    12021999  0.4700000E+002
  44.000    13021999  0.4700000E+002
  45.000    14021999  0.4700000E+002
  46.000    15021999  0.4700000E+002
  47.000    16021999  0.4700000E+002
  48.000    17021999  0.4700000E+002
  49.000    18021999  0.4700000E+002
  50.000    19021999  0.4700000E+002
  51.000    20021999  0.4700000E+002
  52.000    21021999  0.4700000E+002
  53.000    22021999  0.4700000E+002
  54.000    23021999  0.4700000E+002
  55.000    24021999  0.4700000E+002
  56.000    25021999  0.4700000E+002
  57.000    26021999  0.4700000E+002
  58.000    27021999  0.4700000E+002
  59.000    28021999  0.4700000E+002
  60.000    01031999  0.4700000E+002
  61.000    02031999  0.4700000E+002
  62.000    03031999  0.4700000E+002
  63.000    04031999  0.4700000E+002
  64.000    05031999  0.4700000E+002
  65.000    06031999  0.4700000E+002
  66.000    07031999  0.4700000E+002
  67.000    08031999  0.4700000E+002
  68.000    09031999  0.4700000E+002
  69.000    10031999  0.4700000E+002
  70.000    11031999  0.4700000E+002
  71.000    12031999  0.4700000E+002
  72.000    13031999  0.4700000E+002
  73.000    14031999  0.4700000E+002
  74.000    15031999  0.4700000E+002
  75.000    16031999  0.4700000E+002
  76.000    17031999  0.4700000E+002
  77.000    18031999  0.4700000E+002
  78.000    19031999  0.4700000E+002
  79.000    20031999  0.4700000E+002
  80.000    21031999  0.4700000E+002
  81.000    22031999  0.0000000E+000
  82.000    23031999  0.0000000E+000
  83.000    24031999  0.0000000E+000
  84.000    25031999  0.0000000E+000
  85.000    26031999  0.0000000E+000
  86.000    27031999  0.0000000E+000
  87.000    28031999  0.0000000E+000
  88.000    29031999  0.0000000E+000
  89.000    30031999  0.0000000E+000
  90.000    31031999  0.0000000E+000
  91.000    01041999  0.0000000E+000
  92.000    02041999  0.0000000E+000
  93.000    03041999  0.0000000E+000
  94.000    04041999  0.0000000E+000
  95.000    05041999  0.0000000E+000
  96.000    06041999  0.0000000E+000
  97.000    07041999  0.0000000E+000
  98.000    08041999  0.0000000E+000
  99.000    09041999  0.0000000E+000
 100.000    10041999  0.0000000E+000
 101.000    11041999  0.0000000E+000
 102.000    12041999  0.0000000E+000
 103.000    13041999  0.0000000E+000
 104.000    14041999  0.0000000E+000
 105.000    15041999  0.0000000E+000
 106.000    16041999  0.0000000E+000
 107.000    17041999  0.0000000E+000
 108.000    18041999  0.0000000E+000
 109.000    19041999  0.0000000E+000
 110.000    20041999  0.0000000E+000
 111.000    21041999  0.0000000E+000
 112.000    22041999  0.3000000E+001
 113.000    23041999  0.3000000E+001
 114.000    24041999  0.3000000E+001
 115.000    25041999  0.3000000E+001
 116.000    26041999  0.3000000E+001
 117.000    27041999  0.3000000E+001
 118.000    28041999  0.3000000E+001
 119.000    29041999  0.3000000E+001
 120.000    30041999  0.3000000E+001
 121.000    01051999  0.3000000E+001
 122.000    02051999  0.3000000E+001
 123.000    03051999  0.3000000E+001
 124.000    04051999  0.3000000E+001
 125.000    05051999  0.3000000E+001
 126.000    06051999  0.3000000E+001
 127.000    07051999  0.3000000E+001
 128.000    08051999  0.3000000E+001
 129.000    09051999  0.3000000E+001
 130.000    10051999  0.3000000E+001
 131.000    11051999  0.3000000E+001
 132.000    12051999  0.3000000E+001
 133.000    13051999  0.3000000E+001
 134.000    14051999  0.3000000E+001
 135.000    15051999  0.3000000E+001
 136.000    16051999  0.3000000E+001
 137.000    17051999  0.3000000E+001
 138.000    18051999  0.3000000E+001
 139.000    19051999  0.3000000E+001
 140.000    20051999  0.3000000E+001
 141.000    21051999  0.3000000E+001
 142.000    22051999  0.3000000E+001
 143.000    23051999  0.3000000E+001
 144.000    24051999  0.3000000E+001
 145.000    25051999  0.3000000E+001
 146.000    26051999  0.3000000E+001
 147.000    27051999  0.3000000E+001
 148.000    28051999  0.3000000E+001
 149.000    29051999  0.7000000E+001
 150.000    30051999  0.9000000E+001
 151.000    31051999  0.9000000E+001
 152.000    01061999  0.9000000E+001
 153.000    02061999  0.9000000E+001
 154.000    03061999  0.9000000E+001
 155.000    04061999  0.9000000E+001
 156.000    05061999  0.9000000E+001
 157.000    06061999  0.1000000E+002
 158.000    07061999  0.1400000E+002
 159.000    08061999  0.2000000E+002
 160.000    09061999  0.2600000E+002
 161.000    10061999  0.3200000E+002
 162.000    11061999  0.3200000E+002
 163.000    12061999  0.3200000E+002
 164.000    13061999  0.3200000E+002
 165.000    14061999  0.3400000E+002
 166.000    15061999  0.3400000E+002
 167.000    16061999  0.3400000E+002
 168.000    17061999  0.3400000E+002
 169.000    18061999  0.3400000E+002
 170.000    19061999  0.3400000E+002
 171.000    20061999  0.3400000E+002
 172.000    21061999  0.3400000E+002
 173.000    22061999  0.3400000E+002
 174.000    23061999  0.3400000E+002
 175.000    24061999  0.3400000E+002
 176.000    25061999  0.3400000E+002
 177.000    26061999  0.3400000E+002
 178.000    27061999  0.3400000E+002
 179.000    28061999  0.3400000E+002
 180.000    29061999  0.3400000E+002
 181.000    30061999  0.3400000E+002
 182.000    01071999  0.3400000E+002
 183.000    02071999  0.3400000E+002
 184.000    03071999  0.3400000E+002
 185.000    04071999  0.3400000E+002
 186.000    05071999  0.3800000E+002
 187.000    06071999  0.3800000E+002
 188.000    07071999  0.3800000E+002
 189.000    08071999  0.3800000E+002
 190.000    09071999  0.3900000E+002
 191.000    10071999  0.3900000E+002
 192.000    11071999  0.3900000E+002
 193.000    12071999  0.3900000E+002
 194.000    13071999  0.3900000E+002
 195.000    14071999  0.3900000E+002
 196.000    15071999  0.3900000E+002
 197.000    16071999  0.3900000E+002
 198.000    17071999  0.3900000E+002
 199.000    18071999  0.3900000E+002
 200.000    19071999  0.3900000E+002
 201.000    20071999  0.3900000E+002
 202.000    21071999  0.3900000E+002
 203.000    22071999  0.3900000E+002
 204.000    23071999  0.4100000E+002
 205.000    24071999  0.4100000E+002
 206.000    25071999  0.4100000E+002
 207.000    26071999  0.4400000E+002
 208.000    27071999  0.4400000E+002
 209.000    28071999  0.4600000E+002
 210.000    29071999  0.4600000E+002
 211.000    30071999  0.5000000E+002
 212.000    31071999  0.5600000E+002
 213.000    01081999  0.5900000E+002
 214.000    02081999  0.5900000E+002
 215.000    03081999  0.5900000E+002
 216.000    04081999  0.5900000E+002
 217.000    05081999  0.6200000E+002
 218.000    06081999  0.6600000E+002
 219.000    07081999  0.7100000E+002
 220.000    08081999  0.7600000E+002
 221.000    09081999  0.7600000E+002
 222.000    10081999  0.7600000E+002
 223.000    11081999  0.8100000E+002
 224.000    12081999  0.8600000E+002
 225.000    13081999  0.8900000E+002
 226.000    14081999  0.8900000E+002
 227.000    15081999  0.8900000E+002
 228.000    16081999  0.8900000E+002
 229.000    17081999  0.9100000E+002
 230.000    18081999  0.9300000E+002
 231.000    19081999  0.9300000E+002
 232.000    20081999  0.9300000E+002
 233.000    21081999  0.9300000E+002
 234.000    22081999  0.9300000E+002
 235.000    23081999  0.9300000E+002
 236.000    24081999  0.9300000E+002
 237.000    25081999  0.9300000E+002
 238.000    26081999  0.9300000E+002
 239.000    27081999  0.9300000E+002
 240.000    28081999  0.9300000E+002
 241.000    29081999  0.9300000E+002
 242.000    30081999  0.9300000E+002
 243.000    31081999  0.9300000E+002
 244.000    01091999  0.9300000E+002
 245.000    02091999  0.9300000E+002
 246.000    03091999  0.9300000E+002
 247.000    04091999  0.9300000E+002
 248.000    05091999  0.9300000E+002
 249.000    06091999  0.9300000E+002
 250.000    07091999  0.9300000E+002
 251.000    08091999  0.9300000E+002
 252.000    09091999  0.9300000E+002
 253.000    10091999  0.9300000E+002
 254.000    11091999  0.9300000E+002
 255.000    12091999  0.9300000E+002
 256.000    13091999  0.9300000E+002
 257.000    14091999  0.9300000E+002
 258.000    15091999  0.9300000E+002
 259.000    16091999  0.9300000E+002
 260.000    17091999  0.9300000E+002
 261.000    18091999  0.9300000E+002
 262.000    19091999  0.9300000E+002
 263.000    20091999  0.9300000E+002
 264.000    21091999  0.9300000E+002
 265.000    22091999  0.9300000E+002
 266.000    23091999  0.9300000E+002
 267.000    24091999  0.9300000E+002
 268.000    25091999  0.9300000E+002
 269.000    26091999  0.9300000E+002
 270.000    27091999  0.9300000E+002
 271.000    28091999  0.9300000E+002
 272.000    29091999  0.9300000E+002
 273.000    30091999  0.9300000E+002
 274.000    01101999  0.9300000E+002
 275.000    02101999  0.9300000E+002
 276.000    03101999  0.9300000E+002
 277.000    04101999  0.9300000E+002
 278.000    05101999  0.9300000E+002
 279.000    06101999  0.9300000E+002
 280.000    07101999  0.9300000E+002
 281.000    08101999  0.9300000E+002
 282.000    09101999  0.9300000E+002
 283.000    10101999  0.9300000E+002
 284.000    11101999  0.9300000E+002
 285.000    12101999  0.9300000E+002
 286.000    13101999  0.9300000E+002
 287.000    14101999  0.9300000E+002
 288.000    15101999  0.9300000E+002
 289.000    16101999  0.9300000E+002
 290.000    17101999  0.9300000E+002
 291.000    18101999  0.9300000E+002
 292.000    19101999  0.9300000E+002
 293.000    20101999  0.9300000E+002
 294.000    21101999  0.9300000E+002
 295.000    22101999  0.9300000E+002
 296.000    23101999  0.9300000E+002
 297.000    24101999  0.9300000E+002
 298.000    25101999  0.9300000E+002
 299.000    26101999  0.9300000E+002
 300.000    27101999  0.9300000E+002
 301.000    28101999  0.9300000E+002
 302.000    29101999  0.9300000E+002
 303.000    30101999  0.9300000E+002
 304.000    31101999  0.9300000E+002
 305.000    01111999  0.9300000E+002
 306.000    02111999  0.9300000E+002
 307.000    03111999  0.9300000E+002
 308.000    04111999  0.9300000E+002
 309.000    05111999  0.9300000E+002
 310.000    06111999  0.9300000E+002
 311.000    07111999  0.9300000E+002
 312.000    08111999  0.9300000E+002
 313.000    09111999  0.9300000E+002
 314.000    10111999  0.9300000E+002
 315.000    11111999  0.9300000E+002
 316.000    12111999  0.9300000E+002
 317.000    13111999  0.9300000E+002
 318.000    14111999  0.9300000E+002
 319.000    15111999  0.9300000E+002
 320.000    16111999  0.9300000E+002
 321.000    17111999  0.9300000E+002
 322.000    18111999  0.9300000E+002
 323.000    19111999  0.9300000E+002
 324.000    20111999  0.9300000E+002
 325.000    21111999  0.9300000E+002
 326.000    22111999  0.9300000E+002
 327.000    23111999  0.9300000E+002
 328.000    24111999  0.9300000E+002
 329.000    25111999  0.9300000E+002
 330.000    26111999  0.9300000E+002
 331.000    27111999  0.9300000E+002
 332.000    28111999  0.9300000E+002
 333.000    29111999  0.9300000E+002
 334.000    30111999  0.9300000E+002
 335.000    01121999  0.9300000E+002
 336.000    02121999  0.9300000E+002
 337.000    03121999  0.9300000E+002
 338.000    04121999  0.9300000E+002
 339.000    05121999  0.9300000E+002
 340.000    06121999  0.9300000E+002
 341.000    07121999  0.9300000E+002
 342.000    08121999  0.9300000E+002
 343.000    09121999  0.9300000E+002
 344.000    10121999  0.9300000E+002
 345.000    11121999  0.9300000E+002
 346.000    12121999  0.9300000E+002
 347.000    13121999  0.9300000E+002
 348.000    14121999  0.9300000E+002
 349.000    15121999  0.9300000E+002
 350.000    16121999  0.9300000E+002
 351.000    17121999  0.9300000E+002
 352.000    18121999  0.9300000E+002
 353.000    19121999  0.9300000E+002
 354.000    20121999  0.9300000E+002
 355.000    21121999  0.9300000E+002
 356.000    22121999  0.9300000E+002
 357.000    23121999  0.9300000E+002
 358.000    24121999  0.9300000E+002
 359.000    25121999  0.9300000E+002
 360.000    26121999  0.9300000E+002
 361.000    27121999  0.9300000E+002
 362.000    28121999  0.9300000E+002
 363.000    29121999  0.9300000E+002
 364.000    30121999  0.9300000E+002
 365.000    31121999  0.9300000E+002
