    DOY     DATE    RESIDUE_C       HUMUS_C         ATM_CO2         NBP             ECO_LAI         ECO_GPP         ECO_RA          ECO_NPP         ECO_RH          
  30.000    30011933  0.1833324E+004  0.8501524E+004  0.3406120E+003 -0.6982454E+002  0.2688064E-002  0.0000000E+000 -0.3539582E+002 -0.3539582E+002 -0.2621536E+002
  60.000    01031933  0.1839545E+004  0.8507199E+004  0.3406120E+003 -0.1147594E+003  0.0000000E+000  0.0000000E+000 -0.6196021E+002 -0.6196021E+002 -0.4070173E+002
  90.000    31031933  0.1839424E+004  0.8511730E+004  0.3406120E+003 -0.1953939E+003  0.3591738E+000  0.1298075E+001 -0.1002507E+003 -0.9895263E+002 -0.9052145E+002
 120.000    30041933  0.1786652E+004  0.8514793E+004  0.3406120E+003 -0.1719545E+003  0.3392918E+001  0.1907027E+003 -0.2029858E+003 -0.1228313E+002 -0.1586175E+003
 150.000    30051933  0.1706371E+004  0.8515250E+004  0.3406120E+003  0.9352052E+001  0.6899633E+001  0.6475591E+003 -0.3995629E+003  0.2479961E+003 -0.2500875E+003
 180.000    29061933  0.1613842E+004  0.8513075E+004  0.3406120E+003  0.1653883E+003  0.8392564E+001  0.1150012E+004 -0.6487572E+003  0.5012547E+003 -0.3582806E+003
 210.000    29071933  0.1537331E+004  0.8507772E+004  0.3406120E+003  0.2321331E+003  0.8602787E+001  0.1587348E+004 -0.9189198E+003  0.6684279E+003 -0.4534203E+003
 240.000    28081933  0.1475516E+004  0.8499812E+004  0.3406120E+003  0.2668248E+003  0.8602626E+001  0.1994953E+004 -0.1196086E+004  0.7988666E+003 -0.5380391E+003
 270.000    27091933  0.1513858E+004  0.8489797E+004  0.3406120E+003  0.3272350E+003  0.3694340E+001  0.2371682E+004 -0.1437686E+004  0.9339955E+003 -0.6494940E+003
 300.000    27101933  0.1497361E+004  0.8487079E+004  0.3406120E+003  0.3058950E+003  0.1570432E+001  0.2563103E+004 -0.1575669E+004  0.9874346E+003 -0.7378111E+003
 330.000    26111933  0.1747078E+004  0.8489094E+004  0.3406120E+003  0.1788466E+003  0.1153545E+001  0.2591639E+004 -0.1656453E+004  0.9351861E+003 -0.8019119E+003
 360.000    26121933  0.1815432E+004  0.8494249E+004  0.3406120E+003  0.8711759E+002  0.9449010E+000  0.2591639E+004 -0.1706518E+004  0.8851213E+003 -0.8386079E+003
