    DOY     DATE    RESIDUE_C       HUMUS_C         ATM_CO2         NBP             ECO_LAI         ECO_GPP         ECO_RA          ECO_NPP         ECO_RH          
  30.000    30011908  0.1320535E+004  0.8211566E+004  0.3406120E+003 -0.4685779E+002  0.1985187E+000  0.0000000E+000 -0.2054545E+002 -0.2054545E+002 -0.1804617E+002
  60.000    29021908  0.1329011E+004  0.8215809E+004  0.3406120E+003 -0.8624644E+002  0.3356867E+000  0.2284819E+001 -0.4287488E+002 -0.4059006E+002 -0.3970222E+002
  90.000    30031908  0.1309662E+004  0.8220520E+004  0.3406120E+003 -0.9330577E+002  0.1549421E+001  0.6246312E+002 -0.8121981E+002 -0.1875669E+002 -0.7049748E+002
 120.000    29041908  0.1275936E+004  0.8224710E+004  0.3406120E+003  0.1347863E+002  0.3692128E+001  0.2922949E+003 -0.1675360E+003  0.1247589E+003 -0.1091048E+003
 150.000    29051908  0.1246628E+004  0.8227948E+004  0.3406120E+003  0.1877000E+003  0.5762561E+001  0.6440021E+003 -0.3008539E+003  0.3431483E+003 -0.1541087E+003
 180.000    28061908  0.1190867E+004  0.8229377E+004  0.3406120E+003  0.2956087E+003  0.7054853E+001  0.9952559E+003 -0.4738563E+003  0.5213996E+003 -0.2334266E+003
 210.000    28071908  0.1131823E+004  0.8227626E+004  0.3406120E+003  0.3447252E+003  0.7248271E+001  0.1335320E+004 -0.6841258E+003  0.6511938E+003 -0.3122809E+003
 240.000    27081908  0.1129033E+004  0.8224421E+004  0.3406120E+003  0.4048248E+003  0.5069874E+001  0.1641086E+004 -0.8607182E+003  0.7803680E+003 -0.3867956E+003
 270.000    26091908  0.1192132E+004  0.8221911E+004  0.3406120E+003  0.4097356E+003  0.1578112E+001  0.1872535E+004 -0.1021053E+004  0.8514811E+003 -0.4509707E+003
 300.000    26101908  0.1173961E+004  0.8222912E+004  0.3406120E+003  0.3493902E+003  0.6649550E+000  0.1941354E+004 -0.1096450E+004  0.8449040E+003 -0.5031208E+003
 330.000    25111908  0.1323593E+004  0.8226637E+004  0.3406120E+003  0.2740171E+003  0.4342408E+000  0.1953278E+004 -0.1147544E+004  0.8057342E+003 -0.5427042E+003
 360.000    25121908  0.1372662E+004  0.8231389E+004  0.3406120E+003  0.2172180E+003  0.3677196E+000  0.1953278E+004 -0.1180358E+004  0.7729202E+003 -0.5665960E+003
