    DOY     DATE    PRECN           ET              WATER           DISCHG          SNOWPACK        WTR_1           WTR_2           WTR_3           WTR_4           WTR_5           WTR_6           ICE_2           ICE_3           ICE_4           ICE_5           ICE_6           ICE_7           PSI_3           PSI_4           PSI_5           PSI_6           PSI_7           PSI_8           ACTV_LYR        
  30.000    30011954  0.2918000E+002  0.2033781E+002  0.7881642E+003  0.2015610E+002  0.6763717E+002  0.4619405E+000  0.4827838E+000  0.3491865E+000  0.2762811E+000  0.2369277E+000  0.3366380E+000  0.2776727E-003  0.1454412E+000  0.0000000E+000  0.0000000E+000  0.0000000E+000  0.0000000E+000 -0.6617626E-002 -0.6005514E-002 -0.7663335E-002 -0.4081339E-002 -0.3221442E-002 -0.5020544E-002 -0.9999000E+004
  60.000    01031954  0.1248700E+003  0.4578199E+002  0.7855477E+003  0.4288479E+002  0.0000000E+000  0.3390815E+000  0.3351041E+000  0.3394665E+000  0.2695090E+000  0.2615060E+000  0.3545642E+000  0.9504745E-012  0.9829926E-012  0.0000000E+000  0.0000000E+000  0.0000000E+000  0.0000000E+000 -0.8179858E-002 -0.6651475E-002 -0.4740845E-002 -0.2686622E-002 -0.2687832E-002 -0.3892938E-002 -0.9999000E+004
  90.000    31031954  0.1900000E+003  0.8457644E+002  0.7906523E+003  0.6411634E+002  0.0000000E+000  0.3539136E+000  0.3462668E+000  0.3557055E+000  0.2921186E+000  0.2872487E+000  0.3547121E+000  0.9504745E-012  0.9829926E-012  0.0000000E+000  0.0000000E+000  0.0000000E+000  0.0000000E+000 -0.5224575E-002 -0.4502360E-002 -0.3034351E-002 -0.2679480E-002 -0.2700839E-002 -0.3486971E-002 -0.9999000E+004
 120.000    30041954  0.2229400E+003  0.1540568E+003  0.7359160E+003  0.8231224E+002  0.0000000E+000  0.3144142E+000  0.3077172E+000  0.3132955E+000  0.2428875E+000  0.2362401E+000  0.3407455E+000  0.9504745E-012  0.9829926E-012  0.0000000E+000  0.0000000E+000  0.0000000E+000  0.0000000E+000 -0.1262989E-001 -0.1098513E-001 -0.7703817E-002 -0.3697531E-002 -0.3784670E-002 -0.6084659E-002 -0.9999000E+004
 150.000    30051954  0.3196000E+003  0.2304189E+003  0.7433827E+003  0.9514339E+002  0.0000000E+000  0.3331618E+000  0.3435063E+000  0.3565235E+000  0.2881398E+000  0.2820057E+000  0.3575735E+000  0.9504745E-012  0.9829926E-012  0.0000000E+000  0.0000000E+000  0.0000000E+000  0.0000000E+000 -0.6296817E-002 -0.4794172E-002 -0.3310116E-002 -0.2510071E-002 -0.3383326E-002 -0.7945150E-002 -0.9999000E+004
 180.000    29061954  0.4039200E+003  0.3444334E+003  0.7060393E+003  0.1027923E+003  0.0000000E+000  0.3009281E+000  0.3020467E+000  0.3064096E+000  0.2394876E+000  0.2362458E+000  0.3422236E+000  0.9504745E-012  0.9829926E-012  0.0000000E+000  0.0000000E+000  0.0000000E+000  0.0000000E+000 -0.1405861E-001 -0.1178844E-001 -0.7693444E-002 -0.3569946E-002 -0.3822577E-002 -0.5248240E-002 -0.9999000E+004
 210.000    29071954  0.5617100E+003  0.4564558E+003  0.7471092E+003  0.1074900E+003  0.0000000E+000  0.3127107E+000  0.3394585E+000  0.3367569E+000  0.2678219E+000  0.2560460E+000  0.3360733E+000  0.9504745E-012  0.9829926E-012  0.0000000E+000  0.0000000E+000  0.0000000E+000  0.0000000E+000 -0.8444505E-002 -0.6809930E-002 -0.5248566E-002 -0.4134779E-002 -0.3739388E-002 -0.5723437E-002 -0.9999000E+004
 240.000    28081954  0.7067700E+003  0.5539683E+003  0.7883631E+003  0.1137836E+003  0.0000000E+000  0.3256544E+000  0.3267060E+000  0.3313989E+000  0.2586753E+000  0.2522000E+000  0.3517971E+000  0.9504745E-012  0.9829926E-012  0.0000000E+000  0.0000000E+000  0.0000000E+000  0.0000000E+000 -0.9377569E-002 -0.8076672E-002 -0.5630835E-002 -0.2859638E-002 -0.2787785E-002 -0.4013049E-002 -0.9999000E+004
 270.000    27091954  0.8074200E+003  0.6247475E+003  0.7720389E+003  0.1599785E+003  0.0000000E+000  0.3105738E+000  0.3125349E+000  0.3171949E+000  0.2456418E+000  0.2386404E+000  0.3432129E+000  0.9504745E-012  0.9829926E-012  0.0000000E+000  0.0000000E+000  0.0000000E+000  0.0000000E+000 -0.1197904E-001 -0.1037129E-001 -0.7341283E-002 -0.3489453E-002 -0.3235036E-002 -0.5025389E-002 -0.9999000E+004
 300.000    27101954  0.9156700E+003  0.6756069E+003  0.7983011E+003  0.1911070E+003  0.0000000E+000  0.3545978E+000  0.3600072E+000  0.3665209E+000  0.3091825E+000  0.3245397E+000  0.3826834E+000  0.9504745E-012  0.9829926E-012  0.0000000E+000  0.0000000E+000  0.0000000E+000  0.0000000E+000 -0.4629337E-002 -0.3394588E-002 -0.1611447E-002 -0.1476767E-002 -0.2508732E-002 -0.3985952E-002 -0.9999000E+004
 330.000    26111954  0.9318700E+003  0.7120616E+003  0.7609239E+003  0.2081693E+003  0.0000000E+000  0.3274300E+000  0.3241648E+000  0.3303329E+000  0.2552820E+000  0.2409554E+000  0.3397621E+000  0.9504745E-012  0.9829926E-012  0.0000000E+000  0.0000000E+000  0.0000000E+000  0.0000000E+000 -0.9678758E-002 -0.8618657E-002 -0.7030558E-002 -0.3788372E-002 -0.3307867E-002 -0.5197646E-002 -0.9999000E+004
 360.000    26121954  0.1028370E+004  0.7326570E+003  0.7925109E+003  0.2277606E+003  0.0000000E+000  0.3273889E+000  0.3544556E+000  0.3520968E+000  0.2882649E+000  0.2681415E+000  0.3615555E+000  0.9454332E-012  0.9829926E-012  0.0000000E+000  0.0000000E+000  0.0000000E+000  0.0000000E+000 -0.5607726E-002 -0.4805493E-002 -0.4150115E-002 -0.2248175E-002 -0.2496492E-002 -0.2603010E-002 -0.9999000E+004
