    DOY     DATE    RESIDUE_C       HUMUS_C         ATM_CO2         NBP             ECO_LAI         ECO_GPP         ECO_RA          ECO_NPP         ECO_RH          
  30.000    30011971  0.6448269E+003  0.7136426E+004  0.3406120E+003 -0.9057582E+001  0.1146494E+002  0.4791201E+002 -0.4040309E+002  0.7508915E+001 -0.4080076E+001
  60.000    01031971  0.6549674E+003  0.7137261E+004  0.3406120E+003  0.3724331E+002  0.1111347E+002  0.1575235E+003 -0.1009993E+003  0.5652423E+002 -0.9127338E+001
  90.000    31031971  0.6561932E+003  0.7137840E+004  0.3406120E+003  0.1291172E+003  0.1097092E+002  0.3457152E+003 -0.1908111E+003  0.1549041E+003 -0.1895329E+002
 120.000    30041971  0.6486141E+003  0.7137962E+004  0.3406120E+003  0.2415397E+003  0.1124799E+002  0.5863773E+003 -0.3067900E+003  0.2795873E+003 -0.3381090E+002
 150.000    30051971  0.6366351E+003  0.7135513E+004  0.3406120E+003  0.3606369E+003  0.1242011E+002  0.9158729E+003 -0.4943583E+003  0.4215145E+003 -0.5942098E+002
 180.000    29061971  0.6216014E+003  0.7129978E+004  0.3406120E+003  0.4703201E+003  0.1424465E+002  0.1286643E+004 -0.7172044E+003  0.5694382E+003 -0.9330800E+002
 210.000    29071971  0.6099000E+003  0.7121546E+004  0.3406120E+003  0.5476928E+003  0.1510444E+002  0.1644819E+004 -0.9695044E+003  0.6753150E+003 -0.1297604E+003
 240.000    28081971  0.6035699E+003  0.7111694E+004  0.3406120E+003  0.6103995E+003  0.1507804E+002  0.1981962E+004 -0.1213576E+004  0.7683857E+003 -0.1654557E+003
 270.000    27091971  0.5969586E+003  0.7104281E+004  0.3406120E+003  0.6783735E+003  0.1488246E+002  0.2277281E+004 -0.1409373E+004  0.8679079E+003 -0.1933568E+003
 300.000    27101971  0.5911445E+003  0.7099910E+004  0.3406120E+003  0.7391602E+003  0.1425683E+002  0.2503059E+004 -0.1550898E+004  0.9521611E+003 -0.2140750E+003
 330.000    26111971  0.6062350E+003  0.7098524E+004  0.3406120E+003  0.7831104E+003  0.1362439E+002  0.2662301E+004 -0.1655471E+004  0.1006831E+004 -0.2274805E+003
 360.000    26121971  0.6351822E+003  0.7098258E+004  0.3406120E+003  0.7869864E+003  0.1302667E+002  0.2778476E+004 -0.1737791E+004  0.1040684E+004 -0.2374569E+003
