    DOY     DATE    WTR_STRESS      
   1.000    01011986  0.0000000E+000
   2.000    02011986  0.0000000E+000
   3.000    03011986  0.0000000E+000
   4.000    04011986  0.0000000E+000
   5.000    05011986  0.0000000E+000
   6.000    06011986  0.0000000E+000
   7.000    07011986  0.0000000E+000
   8.000    08011986  0.0000000E+000
   9.000    09011986  0.0000000E+000
  10.000    10011986  0.0000000E+000
  11.000    11011986  0.0000000E+000
  12.000    12011986  0.0000000E+000
  13.000    13011986  0.0000000E+000
  14.000    14011986  0.0000000E+000
  15.000    15011986  0.0000000E+000
  16.000    16011986  0.0000000E+000
  17.000    17011986  0.0000000E+000
  18.000    18011986  0.0000000E+000
  19.000    19011986  0.0000000E+000
  20.000    20011986  0.0000000E+000
  21.000    21011986  0.0000000E+000
  22.000    22011986  0.0000000E+000
  23.000    23011986  0.0000000E+000
  24.000    24011986  0.0000000E+000
  25.000    25011986  0.0000000E+000
  26.000    26011986  0.0000000E+000
  27.000    27011986  0.0000000E+000
  28.000    28011986  0.0000000E+000
  29.000    29011986  0.0000000E+000
  30.000    30011986  0.0000000E+000
  31.000    31011986  0.0000000E+000
  32.000    01021986  0.0000000E+000
  33.000    02021986  0.0000000E+000
  34.000    03021986  0.0000000E+000
  35.000    04021986  0.0000000E+000
  36.000    05021986  0.0000000E+000
  37.000    06021986  0.0000000E+000
  38.000    07021986  0.0000000E+000
  39.000    08021986  0.0000000E+000
  40.000    09021986  0.0000000E+000
  41.000    10021986  0.0000000E+000
  42.000    11021986  0.0000000E+000
  43.000    12021986  0.0000000E+000
  44.000    13021986  0.0000000E+000
  45.000    14021986  0.0000000E+000
  46.000    15021986  0.0000000E+000
  47.000    16021986  0.0000000E+000
  48.000    17021986  0.0000000E+000
  49.000    18021986  0.0000000E+000
  50.000    19021986  0.0000000E+000
  51.000    20021986  0.0000000E+000
  52.000    21021986  0.0000000E+000
  53.000    22021986  0.0000000E+000
  54.000    23021986  0.0000000E+000
  55.000    24021986  0.0000000E+000
  56.000    25021986  0.0000000E+000
  57.000    26021986  0.0000000E+000
  58.000    27021986  0.0000000E+000
  59.000    28021986  0.0000000E+000
  60.000    01031986  0.0000000E+000
  61.000    02031986  0.0000000E+000
  62.000    03031986  0.0000000E+000
  63.000    04031986  0.0000000E+000
  64.000    05031986  0.0000000E+000
  65.000    06031986  0.0000000E+000
  66.000    07031986  0.0000000E+000
  67.000    08031986  0.0000000E+000
  68.000    09031986  0.0000000E+000
  69.000    10031986  0.0000000E+000
  70.000    11031986  0.0000000E+000
  71.000    12031986  0.0000000E+000
  72.000    13031986  0.0000000E+000
  73.000    14031986  0.0000000E+000
  74.000    15031986  0.0000000E+000
  75.000    16031986  0.0000000E+000
  76.000    17031986  0.0000000E+000
  77.000    18031986  0.0000000E+000
  78.000    19031986  0.0000000E+000
  79.000    20031986  0.0000000E+000
  80.000    21031986  0.0000000E+000
  81.000    22031986  0.0000000E+000
  82.000    23031986  0.0000000E+000
  83.000    24031986  0.0000000E+000
  84.000    25031986  0.0000000E+000
  85.000    26031986  0.0000000E+000
  86.000    27031986  0.0000000E+000
  87.000    28031986  0.0000000E+000
  88.000    29031986  0.0000000E+000
  89.000    30031986  0.0000000E+000
  90.000    31031986  0.0000000E+000
  91.000    01041986  0.0000000E+000
  92.000    02041986  0.0000000E+000
  93.000    03041986  0.0000000E+000
  94.000    04041986  0.0000000E+000
  95.000    05041986  0.0000000E+000
  96.000    06041986  0.0000000E+000
  97.000    07041986  0.0000000E+000
  98.000    08041986  0.0000000E+000
  99.000    09041986  0.0000000E+000
 100.000    10041986  0.0000000E+000
 101.000    11041986  0.0000000E+000
 102.000    12041986  0.0000000E+000
 103.000    13041986  0.0000000E+000
 104.000    14041986  0.0000000E+000
 105.000    15041986  0.0000000E+000
 106.000    16041986  0.0000000E+000
 107.000    17041986  0.0000000E+000
 108.000    18041986  0.0000000E+000
 109.000    19041986  0.0000000E+000
 110.000    20041986  0.0000000E+000
 111.000    21041986  0.0000000E+000
 112.000    22041986  0.0000000E+000
 113.000    23041986  0.0000000E+000
 114.000    24041986  0.0000000E+000
 115.000    25041986  0.0000000E+000
 116.000    26041986  0.0000000E+000
 117.000    27041986  0.0000000E+000
 118.000    28041986  0.0000000E+000
 119.000    29041986  0.0000000E+000
 120.000    30041986  0.0000000E+000
 121.000    01051986  0.0000000E+000
 122.000    02051986  0.0000000E+000
 123.000    03051986  0.0000000E+000
 124.000    04051986  0.0000000E+000
 125.000    05051986  0.0000000E+000
 126.000    06051986  0.0000000E+000
 127.000    07051986  0.0000000E+000
 128.000    08051986  0.0000000E+000
 129.000    09051986  0.0000000E+000
 130.000    10051986  0.0000000E+000
 131.000    11051986  0.0000000E+000
 132.000    12051986  0.0000000E+000
 133.000    13051986  0.0000000E+000
 134.000    14051986  0.0000000E+000
 135.000    15051986  0.0000000E+000
 136.000    16051986  0.0000000E+000
 137.000    17051986  0.0000000E+000
 138.000    18051986  0.0000000E+000
 139.000    19051986  0.0000000E+000
 140.000    20051986  0.0000000E+000
 141.000    21051986  0.0000000E+000
 142.000    22051986  0.0000000E+000
 143.000    23051986  0.0000000E+000
 144.000    24051986  0.0000000E+000
 145.000    25051986  0.0000000E+000
 146.000    26051986  0.0000000E+000
 147.000    27051986  0.0000000E+000
 148.000    28051986  0.0000000E+000
 149.000    29051986  0.0000000E+000
 150.000    30051986  0.0000000E+000
 151.000    31051986  0.0000000E+000
 152.000    01061986  0.0000000E+000
 153.000    02061986  0.0000000E+000
 154.000    03061986  0.0000000E+000
 155.000    04061986  0.0000000E+000
 156.000    05061986  0.0000000E+000
 157.000    06061986  0.0000000E+000
 158.000    07061986  0.0000000E+000
 159.000    08061986  0.0000000E+000
 160.000    09061986  0.0000000E+000
 161.000    10061986  0.0000000E+000
 162.000    11061986  0.0000000E+000
 163.000    12061986  0.0000000E+000
 164.000    13061986  0.0000000E+000
 165.000    14061986  0.0000000E+000
 166.000    15061986  0.0000000E+000
 167.000    16061986  0.0000000E+000
 168.000    17061986  0.3000000E+001
 169.000    18061986  0.3000000E+001
 170.000    19061986  0.3000000E+001
 171.000    20061986  0.6000000E+001
 172.000    21061986  0.6000000E+001
 173.000    22061986  0.6000000E+001
 174.000    23061986  0.7000000E+001
 175.000    24061986  0.7000000E+001
 176.000    25061986  0.7000000E+001
 177.000    26061986  0.7000000E+001
 178.000    27061986  0.7000000E+001
 179.000    28061986  0.7000000E+001
 180.000    29061986  0.7000000E+001
 181.000    30061986  0.7000000E+001
 182.000    01071986  0.7000000E+001
 183.000    02071986  0.7000000E+001
 184.000    03071986  0.7000000E+001
 185.000    04071986  0.7000000E+001
 186.000    05071986  0.7000000E+001
 187.000    06071986  0.7000000E+001
 188.000    07071986  0.1000000E+002
 189.000    08071986  0.1400000E+002
 190.000    09071986  0.1700000E+002
 191.000    10071986  0.1700000E+002
 192.000    11071986  0.1700000E+002
 193.000    12071986  0.1700000E+002
 194.000    13071986  0.1700000E+002
 195.000    14071986  0.2100000E+002
 196.000    15071986  0.2100000E+002
 197.000    16071986  0.2100000E+002
 198.000    17071986  0.2100000E+002
 199.000    18071986  0.2500000E+002
 200.000    19071986  0.2900000E+002
 201.000    20071986  0.2900000E+002
 202.000    21071986  0.2900000E+002
 203.000    22071986  0.2900000E+002
 204.000    23071986  0.2900000E+002
 205.000    24071986  0.2900000E+002
 206.000    25071986  0.2900000E+002
 207.000    26071986  0.2900000E+002
 208.000    27071986  0.2900000E+002
 209.000    28071986  0.2900000E+002
 210.000    29071986  0.2900000E+002
 211.000    30071986  0.2900000E+002
 212.000    31071986  0.2900000E+002
 213.000    01081986  0.2900000E+002
 214.000    02081986  0.2900000E+002
 215.000    03081986  0.2900000E+002
 216.000    04081986  0.2900000E+002
 217.000    05081986  0.2900000E+002
 218.000    06081986  0.2900000E+002
 219.000    07081986  0.2900000E+002
 220.000    08081986  0.2900000E+002
 221.000    09081986  0.2900000E+002
 222.000    10081986  0.2900000E+002
 223.000    11081986  0.2900000E+002
 224.000    12081986  0.2900000E+002
 225.000    13081986  0.2900000E+002
 226.000    14081986  0.2900000E+002
 227.000    15081986  0.2900000E+002
 228.000    16081986  0.2900000E+002
 229.000    17081986  0.2900000E+002
 230.000    18081986  0.2900000E+002
 231.000    19081986  0.2900000E+002
 232.000    20081986  0.2900000E+002
 233.000    21081986  0.2900000E+002
 234.000    22081986  0.2900000E+002
 235.000    23081986  0.2900000E+002
 236.000    24081986  0.2900000E+002
 237.000    25081986  0.2900000E+002
 238.000    26081986  0.2900000E+002
 239.000    27081986  0.2900000E+002
 240.000    28081986  0.2900000E+002
 241.000    29081986  0.2900000E+002
 242.000    30081986  0.2900000E+002
 243.000    31081986  0.2900000E+002
 244.000    01091986  0.2900000E+002
 245.000    02091986  0.2900000E+002
 246.000    03091986  0.2900000E+002
 247.000    04091986  0.2900000E+002
 248.000    05091986  0.2900000E+002
 249.000    06091986  0.2900000E+002
 250.000    07091986  0.2900000E+002
 251.000    08091986  0.2900000E+002
 252.000    09091986  0.2900000E+002
 253.000    10091986  0.2900000E+002
 254.000    11091986  0.2900000E+002
 255.000    12091986  0.2900000E+002
 256.000    13091986  0.2900000E+002
 257.000    14091986  0.2900000E+002
 258.000    15091986  0.2900000E+002
 259.000    16091986  0.2900000E+002
 260.000    17091986  0.2900000E+002
 261.000    18091986  0.2900000E+002
 262.000    19091986  0.2900000E+002
 263.000    20091986  0.2900000E+002
 264.000    21091986  0.2900000E+002
 265.000    22091986  0.2900000E+002
 266.000    23091986  0.2900000E+002
 267.000    24091986  0.2900000E+002
 268.000    25091986  0.2900000E+002
 269.000    26091986  0.2900000E+002
 270.000    27091986  0.2900000E+002
 271.000    28091986  0.2900000E+002
 272.000    29091986  0.2900000E+002
 273.000    30091986  0.2900000E+002
 274.000    01101986  0.2900000E+002
 275.000    02101986  0.2900000E+002
 276.000    03101986  0.2900000E+002
 277.000    04101986  0.2900000E+002
 278.000    05101986  0.2900000E+002
 279.000    06101986  0.2900000E+002
 280.000    07101986  0.2900000E+002
 281.000    08101986  0.2900000E+002
 282.000    09101986  0.2900000E+002
 283.000    10101986  0.2900000E+002
 284.000    11101986  0.2900000E+002
 285.000    12101986  0.2900000E+002
 286.000    13101986  0.2900000E+002
 287.000    14101986  0.2900000E+002
 288.000    15101986  0.2900000E+002
 289.000    16101986  0.2900000E+002
 290.000    17101986  0.2900000E+002
 291.000    18101986  0.2900000E+002
 292.000    19101986  0.2900000E+002
 293.000    20101986  0.2900000E+002
 294.000    21101986  0.2900000E+002
 295.000    22101986  0.2900000E+002
 296.000    23101986  0.2900000E+002
 297.000    24101986  0.2900000E+002
 298.000    25101986  0.2900000E+002
 299.000    26101986  0.2900000E+002
 300.000    27101986  0.2900000E+002
 301.000    28101986  0.2900000E+002
 302.000    29101986  0.2900000E+002
 303.000    30101986  0.2900000E+002
 304.000    31101986  0.2900000E+002
 305.000    01111986  0.2900000E+002
 306.000    02111986  0.2900000E+002
 307.000    03111986  0.2900000E+002
 308.000    04111986  0.2900000E+002
 309.000    05111986  0.2900000E+002
 310.000    06111986  0.2900000E+002
 311.000    07111986  0.2900000E+002
 312.000    08111986  0.2900000E+002
 313.000    09111986  0.2900000E+002
 314.000    10111986  0.2900000E+002
 315.000    11111986  0.2900000E+002
 316.000    12111986  0.2900000E+002
 317.000    13111986  0.2900000E+002
 318.000    14111986  0.2900000E+002
 319.000    15111986  0.2900000E+002
 320.000    16111986  0.2900000E+002
 321.000    17111986  0.2900000E+002
 322.000    18111986  0.2900000E+002
 323.000    19111986  0.2900000E+002
 324.000    20111986  0.2900000E+002
 325.000    21111986  0.2900000E+002
 326.000    22111986  0.2900000E+002
 327.000    23111986  0.2900000E+002
 328.000    24111986  0.2900000E+002
 329.000    25111986  0.2900000E+002
 330.000    26111986  0.2900000E+002
 331.000    27111986  0.2900000E+002
 332.000    28111986  0.2900000E+002
 333.000    29111986  0.2900000E+002
 334.000    30111986  0.2900000E+002
 335.000    01121986  0.2900000E+002
 336.000    02121986  0.2900000E+002
 337.000    03121986  0.2900000E+002
 338.000    04121986  0.2900000E+002
 339.000    05121986  0.2900000E+002
 340.000    06121986  0.2900000E+002
 341.000    07121986  0.2900000E+002
 342.000    08121986  0.2900000E+002
 343.000    09121986  0.2900000E+002
 344.000    10121986  0.2900000E+002
 345.000    11121986  0.2900000E+002
 346.000    12121986  0.2900000E+002
 347.000    13121986  0.2900000E+002
 348.000    14121986  0.2900000E+002
 349.000    15121986  0.2900000E+002
 350.000    16121986  0.2900000E+002
 351.000    17121986  0.2900000E+002
 352.000    18121986  0.2900000E+002
 353.000    19121986  0.2900000E+002
 354.000    20121986  0.2900000E+002
 355.000    21121986  0.2900000E+002
 356.000    22121986  0.2900000E+002
 357.000    23121986  0.2900000E+002
 358.000    24121986  0.2900000E+002
 359.000    25121986  0.2900000E+002
 360.000    26121986  0.2900000E+002
 361.000    27121986  0.2900000E+002
 362.000    28121986  0.2900000E+002
 363.000    29121986  0.2900000E+002
 364.000    30121986  0.2900000E+002
 365.000    31121986  0.2900000E+002
