    DOY     DATE    SHOOT_C         ROOT_C          LAI             GPP             AUTO_RESP       HVST_C          
   1.000    01011993  0.2206703E+001  0.2722168E+001  0.1804054E+001  0.2032924E-001 -0.8112373E-002  0.0000000E+000
   2.000    02011993  0.2193200E+001  0.2720219E+001  0.1800030E+001  0.2731625E-001 -0.1277508E-001  0.0000000E+000
   3.000    03011993  0.2181719E+001  0.2718598E+001  0.1796445E+001  0.3568265E-001 -0.1668350E-001  0.0000000E+000
   4.000    04011993  0.2177971E+001  0.2716928E+001  0.1793579E+001  0.5678192E-001 -0.2455916E-001  0.0000000E+000
   5.000    05011993  0.2177352E+001  0.2711426E+001  0.1788154E+001  0.8620578E-001 -0.4179806E-001  0.0000000E+000
   6.000    06011993  0.2174856E+001  0.2708336E+001  0.1784643E+001  0.1034900E+000 -0.5139997E-001  0.0000000E+000
   7.000    07011993  0.2170939E+001  0.2706934E+001  0.1781278E+001  0.1185939E+000 -0.5943084E-001  0.0000000E+000
   8.000    08011993  0.2169258E+001  0.2705801E+001  0.1777813E+001  0.1357515E+000 -0.6735406E-001  0.0000000E+000
   9.000    09011993  0.2166115E+001  0.2705191E+001  0.1775131E+001  0.1491417E+000 -0.7372717E-001  0.0000000E+000
  10.000    10011993  0.2159623E+001  0.2704849E+001  0.1772964E+001  0.1558710E+000 -0.7769231E-001  0.0000000E+000
  11.000    11011993  0.2156073E+001  0.2704478E+001  0.1770726E+001  0.1659459E+000 -0.8186388E-001  0.0000000E+000
  12.000    12011993  0.2155293E+001  0.2704133E+001  0.1767944E+001  0.1814370E+000 -0.8817352E-001  0.0000000E+000
  13.000    13011993  0.2156742E+001  0.2703293E+001  0.1764267E+001  0.2034970E+000 -0.9805132E-001  0.0000000E+000
  14.000    14011993  0.2150309E+001  0.2702049E+001  0.1761433E+001  0.2127228E+000 -0.1050319E+000  0.0000000E+000
  15.000    15011993  0.2147331E+001  0.2701426E+001  0.1758614E+001  0.2223215E+000 -0.1093093E+000  0.0000000E+000
  16.000    16011993  0.2146559E+001  0.2700870E+001  0.1756596E+001  0.2344933E+000 -0.1140314E+000  0.0000000E+000
  17.000    17011993  0.2145235E+001  0.2700478E+001  0.1753858E+001  0.2460820E+000 -0.1187004E+000  0.0000000E+000
  18.000    18011993  0.2143271E+001  0.2700075E+001  0.1751566E+001  0.2577152E+000 -0.1241666E+000  0.0000000E+000
  19.000    19011993  0.2139990E+001  0.2699654E+001  0.1749954E+001  0.2657272E+000 -0.1282318E+000  0.0000000E+000
  20.000    20011993  0.2136123E+001  0.2699197E+001  0.1746321E+001  0.2727344E+000 -0.1316702E+000  0.0000000E+000
  21.000    21011993  0.2134509E+001  0.2698610E+001  0.1744606E+001  0.2824675E+000 -0.1359070E+000  0.0000000E+000
  22.000    22011993  0.2136400E+001  0.2697920E+001  0.1741110E+001  0.3008401E+000 -0.1438657E+000  0.0000000E+000
  23.000    23011993  0.2135941E+001  0.2696897E+001  0.1738338E+001  0.3112436E+000 -0.1504796E+000  0.0000000E+000
  24.000    24011993  0.2139706E+001  0.2695982E+001  0.1735362E+001  0.3262181E+000 -0.1570856E+000  0.0000000E+000
  25.000    25011993  0.2136363E+001  0.2694387E+001  0.1732181E+001  0.3328439E+000 -0.1634622E+000  0.0000000E+000
  26.000    26011993  0.2134756E+001  0.2693218E+001  0.1727851E+001  0.3375467E+000 -0.1665017E+000  0.0000000E+000
  27.000    27011993  0.2133479E+001  0.2691964E+001  0.1723795E+001  0.3429329E+000 -0.1695695E+000  0.0000000E+000
  28.000    28011993  0.2135552E+001  0.2690574E+001  0.1720487E+001  0.3524217E+000 -0.1731511E+000  0.0000000E+000
  29.000    29011993  0.2139645E+001  0.2689184E+001  0.1718505E+001  0.3647203E+000 -0.1774851E+000  0.0000000E+000
  30.000    30011993  0.2138625E+001  0.2687819E+001  0.1715399E+001  0.3703850E+000 -0.1808408E+000  0.0000000E+000
  31.000    31011993  0.2140189E+001  0.2686383E+001  0.1713238E+001  0.3792931E+000 -0.1844531E+000  0.0000000E+000
  32.000    01021993  0.2143800E+001  0.2684926E+001  0.1711152E+001  0.3907555E+000 -0.1888982E+000  0.0000000E+000
  33.000    02021993  0.2139401E+001  0.2683538E+001  0.1708152E+001  0.3922775E+000 -0.1917409E+000  0.0000000E+000
  34.000    03021993  0.2138282E+001  0.2681869E+001  0.1706841E+001  0.3970882E+000 -0.1945180E+000  0.0000000E+000
  35.000    04021993  0.2139447E+001  0.2680104E+001  0.1705136E+001  0.4050533E+000 -0.1978506E+000  0.0000000E+000
  36.000    05021993  0.2143141E+001  0.2678401E+001  0.1703049E+001  0.4158896E+000 -0.2014433E+000  0.0000000E+000
  37.000    06021993  0.2148724E+001  0.2676881E+001  0.1701515E+001  0.4294532E+000 -0.2056159E+000  0.0000000E+000
  38.000    07021993  0.2149032E+001  0.2675360E+001  0.1699332E+001  0.4364587E+000 -0.2090737E+000  0.0000000E+000
  39.000    08021993  0.2154945E+001  0.2673828E+001  0.1699223E+001  0.4496641E+000 -0.2130460E+000  0.0000000E+000
  40.000    09021993  0.2155824E+001  0.2672327E+001  0.1696970E+001  0.4579275E+000 -0.2170882E+000  0.0000000E+000
  41.000    10021993  0.2162253E+001  0.2670986E+001  0.1695943E+001  0.4729287E+000 -0.2220510E+000  0.0000000E+000
  42.000    11021993  0.2170950E+001  0.2669669E+001  0.1695024E+001  0.4937933E+000 -0.2299152E+000  0.0000000E+000
  43.000    12021993  0.2178035E+001  0.2667515E+001  0.1693415E+001  0.5137640E+000 -0.2391031E+000  0.0000000E+000
  44.000    13021993  0.2185480E+001  0.2666819E+001  0.1691636E+001  0.5320866E+000 -0.2456757E+000  0.0000000E+000
  45.000    14021993  0.2186587E+001  0.2666568E+001  0.1690182E+001  0.5419610E+000 -0.2506702E+000  0.0000000E+000
  46.000    15021993  0.2186886E+001  0.2666357E+001  0.1688298E+001  0.5503263E+000 -0.2547514E+000  0.0000000E+000
  47.000    16021993  0.2198107E+001  0.2666039E+001  0.1686187E+001  0.5738853E+000 -0.2618746E+000  0.0000000E+000
  48.000    17021993  0.2196492E+001  0.2665235E+001  0.1684093E+001  0.5836514E+000 -0.2690976E+000  0.0000000E+000
  49.000    18021993  0.2194830E+001  0.2665008E+001  0.1682103E+001  0.5893424E+000 -0.2728295E+000  0.0000000E+000
  50.000    19021993  0.2189410E+001  0.2664476E+001  0.1675315E+001  0.5903859E+000 -0.2753711E+000  0.0000000E+000
  51.000    20021993  0.2189276E+001  0.2663395E+001  0.1672839E+001  0.5966584E+000 -0.2780600E+000  0.0000000E+000
  52.000    21021993  0.2192399E+001  0.2662454E+001  0.1671643E+001  0.6072153E+000 -0.2814676E+000  0.0000000E+000
  53.000    22021993  0.2204308E+001  0.2661371E+001  0.1669879E+001  0.6351876E+000 -0.2899712E+000  0.0000000E+000
  54.000    23021993  0.2204373E+001  0.2660168E+001  0.1667370E+001  0.6431128E+000 -0.2940696E+000  0.0000000E+000
  55.000    24021993  0.2202730E+001  0.2658886E+001  0.1662493E+001  0.6473177E+000 -0.2968684E+000  0.0000000E+000
  56.000    25021993  0.2199662E+001  0.2657424E+001  0.1661101E+001  0.6498000E+000 -0.2993789E+000  0.0000000E+000
  57.000    26021993  0.2194389E+001  0.2655648E+001  0.1659732E+001  0.6498000E+000 -0.3018694E+000  0.0000000E+000
  58.000    27021993  0.2189562E+001  0.2653465E+001  0.1658508E+001  0.6498000E+000 -0.3044414E+000  0.0000000E+000
  59.000    28021993  0.2185115E+001  0.2650926E+001  0.1657313E+001  0.6498000E+000 -0.3070305E+000  0.0000000E+000
  60.000    01031993  0.2180862E+001  0.2648097E+001  0.1655923E+001  0.6498000E+000 -0.3096177E+000  0.0000000E+000
  61.000    02031993  0.2176875E+001  0.2645035E+001  0.1654676E+001  0.6498000E+000 -0.3122721E+000  0.0000000E+000
  62.000    03031993  0.2173100E+001  0.2641772E+001  0.1653403E+001  0.6498000E+000 -0.3149310E+000  0.0000000E+000
  63.000    04031993  0.2187794E+001  0.2638511E+001  0.1652824E+001  0.6740371E+000 -0.3210123E+000  0.0000000E+000
  64.000    05031993  0.2196506E+001  0.2635967E+001  0.1651325E+001  0.6920260E+000 -0.3268722E+000  0.0000000E+000
  65.000    06031993  0.2201783E+001  0.2634020E+001  0.1649965E+001  0.7045656E+000 -0.3316392E+000  0.0000000E+000
  66.000    07031993  0.2209409E+001  0.2632294E+001  0.1648244E+001  0.7212161E+000 -0.3374654E+000  0.0000000E+000
  67.000    08031993  0.2220039E+001  0.2630410E+001  0.1646235E+001  0.7432847E+000 -0.3453754E+000  0.0000000E+000
  68.000    09031993  0.2226320E+001  0.2628695E+001  0.1644330E+001  0.7604193E+000 -0.3530542E+000  0.0000000E+000
  69.000    10031993  0.2232492E+001  0.2627900E+001  0.1642884E+001  0.7778561E+000 -0.3603699E+000  0.0000000E+000
  70.000    11031993  0.2237833E+001  0.2625897E+001  0.1641634E+001  0.7950034E+000 -0.3694285E+000  0.0000000E+000
  71.000    12031993  0.2241948E+001  0.2625812E+001  0.1640340E+001  0.8073221E+000 -0.3742071E+000  0.0000000E+000
  72.000    13031993  0.2247908E+001  0.2626001E+001  0.1639339E+001  0.8226147E+000 -0.3794643E+000  0.0000000E+000
  73.000    14031993  0.2242348E+001  0.2626090E+001  0.1634978E+001  0.8242054E+000 -0.3825485E+000  0.0000000E+000
  74.000    15031993  0.2238454E+001  0.2625653E+001  0.1630643E+001  0.8264981E+000 -0.3849000E+000  0.0000000E+000
  75.000    16031993  0.2238809E+001  0.2624782E+001  0.1628186E+001  0.8335881E+000 -0.3877619E+000  0.0000000E+000
  76.000    17031993  0.2249118E+001  0.2624019E+001  0.1627522E+001  0.8560476E+000 -0.3940173E+000  0.0000000E+000
  77.000    18031993  0.2247975E+001  0.2622927E+001  0.1626183E+001  0.8638658E+000 -0.3986117E+000  0.0000000E+000
  78.000    19031993  0.2247128E+001  0.2621711E+001  0.1621106E+001  0.8689461E+000 -0.4012864E+000  0.0000000E+000
  79.000    20031993  0.2250220E+001  0.2620441E+001  0.1620042E+001  0.8789137E+000 -0.4046135E+000  0.0000000E+000
  80.000    21031993  0.2260101E+001  0.2619319E+001  0.1619319E+001  0.8988690E+000 -0.4098342E+000  0.0000000E+000
  81.000    22031993  0.2272567E+001  0.2618300E+001  0.1617653E+001  0.9250856E+000 -0.4171702E+000  0.0000000E+000
  82.000    23031993  0.2288736E+001  0.2616890E+001  0.1614363E+001  0.9602038E+000 -0.4283149E+000  0.0000000E+000
  83.000    24031993  0.2301870E+001  0.2611819E+001  0.1610909E+001  0.9956465E+000 -0.4461539E+000  0.0000000E+000
  84.000    25031993  0.2316399E+001  0.2606476E+001  0.1606450E+001  0.1030820E+001 -0.4630088E+000  0.0000000E+000
  85.000    26031993  0.2330035E+001  0.2603580E+001  0.1604684E+001  0.1060531E+001 -0.4758503E+000  0.0000000E+000
  86.000    27031993  0.2341609E+001  0.2601075E+001  0.1602733E+001  0.1089356E+001 -0.4891171E+000  0.0000000E+000
  87.000    28031993  0.2352930E+001  0.2598371E+001  0.1599629E+001  0.1119502E+001 -0.5031867E+000  0.0000000E+000
  88.000    29031993  0.2365793E+001  0.2596572E+001  0.1595550E+001  0.1151366E+001 -0.5164040E+000  0.0000000E+000
  89.000    30031993  0.2375808E+001  0.2594838E+001  0.1590844E+001  0.1181575E+001 -0.5303349E+000  0.0000000E+000
  90.000    31031993  0.2392076E+001  0.2592492E+001  0.1585925E+001  0.1219261E+001 -0.5457028E+000  0.0000000E+000
  91.000    01041993  0.2408260E+001  0.2589495E+001  0.1579665E+001  0.1262233E+001 -0.5647448E+000  0.0000000E+000
  92.000    02041993  0.2418967E+001  0.2588020E+001  0.1575304E+001  0.1291274E+001 -0.5775285E+000  0.0000000E+000
  93.000    03041993  0.2423535E+001  0.2588574E+001  0.1572980E+001  0.1307872E+001 -0.5847004E+000  0.0000000E+000
  94.000    04041993  0.2431318E+001  0.2589608E+001  0.1570656E+001  0.1327891E+001 -0.5914248E+000  0.0000000E+000
  95.000    05041993  0.2437280E+001  0.2590478E+001  0.1568224E+001  0.1346370E+001 -0.5986016E+000  0.0000000E+000
  96.000    06041993  0.2443210E+001  0.2591521E+001  0.1566769E+001  0.1363213E+001 -0.6045562E+000  0.0000000E+000
  97.000    07041993  0.2453373E+001  0.2592572E+001  0.1564964E+001  0.1386514E+001 -0.6118212E+000  0.0000000E+000
  98.000    08041993  0.2463935E+001  0.2593529E+001  0.1562552E+001  0.1411759E+001 -0.6203050E+000  0.0000000E+000
  99.000    09041993  0.2477489E+001  0.2593902E+001  0.1559201E+001  0.1443064E+001 -0.6313555E+000  0.0000000E+000
 100.000    10041993  0.2492763E+001  0.2592559E+001  0.1554511E+001  0.1479558E+001 -0.6459961E+000  0.0000000E+000
 101.000    11041993  0.2504172E+001  0.2592469E+001  0.1550955E+001  0.1507948E+001 -0.6569685E+000  0.0000000E+000
 102.000    12041993  0.2518228E+001  0.2591609E+001  0.1546422E+001  0.1542361E+001 -0.6706876E+000  0.0000000E+000
 103.000    13041993  0.2528077E+001  0.2591374E+001  0.1543499E+001  0.1567788E+001 -0.6809495E+000  0.0000000E+000
 104.000    14041993  0.2543548E+001  0.2590626E+001  0.1538973E+001  0.1604323E+001 -0.6950239E+000  0.0000000E+000
 105.000    15041993  0.2562571E+001  0.2587178E+001  0.1532660E+001  0.1651442E+001 -0.7155123E+000  0.0000000E+000
 106.000    16041993  0.2579779E+001  0.2582915E+001  0.1525979E+001  0.1694367E+001 -0.7349222E+000  0.0000000E+000
 107.000    17041993  0.2589744E+001  0.2581406E+001  0.1522110E+001  0.1720186E+001 -0.7461200E+000  0.0000000E+000
 108.000    18041993  0.2599694E+001  0.2581471E+001  0.1519307E+001  0.1743242E+001 -0.7541164E+000  0.0000000E+000
 109.000    19041993  0.2614138E+001  0.2581556E+001  0.1516345E+001  0.1773697E+001 -0.7641248E+000  0.0000000E+000
 110.000    20041993  0.2413611E+001  0.2581114E+001  0.1512043E+001  0.1814932E+001 -0.7776756E+000  0.0000000E+000
 111.000    21041993  0.2433354E+001  0.2580203E+001  0.1513820E+001  0.1855920E+001 -0.7931790E+000  0.0000000E+000
 112.000    22041993  0.2441389E+001  0.2579921E+001  0.1513920E+001  0.1879059E+001 -0.8037810E+000  0.0000000E+000
 113.000    23041993  0.2454501E+001  0.2580943E+001  0.1513587E+001  0.1904598E+001 -0.8110266E+000  0.0000000E+000
 114.000    24041993  0.2471674E+001  0.2582081E+001  0.1514638E+001  0.1937792E+001 -0.8211110E+000  0.0000000E+000
 115.000    25041993  0.2493063E+001  0.2582078E+001  0.1515852E+001  0.1981760E+001 -0.8370097E+000  0.0000000E+000
 116.000    26041993  0.2510138E+001  0.2579904E+001  0.1515939E+001  0.2023431E+001 -0.8558478E+000  0.0000000E+000
 117.000    27041993  0.2522456E+001  0.2579532E+001  0.1515320E+001  0.2050922E+001 -0.8664478E+000  0.0000000E+000
 118.000    28041993  0.2537452E+001  0.2580286E+001  0.1516289E+001  0.2080844E+001 -0.8757094E+000  0.0000000E+000
 119.000    29041993  0.2557503E+001  0.2581012E+001  0.1517233E+001  0.2119712E+001 -0.8878240E+000  0.0000000E+000
 120.000    30041993  0.2575445E+001  0.2580955E+001  0.1518206E+001  0.2159446E+001 -0.9028935E+000  0.0000000E+000
 121.000    01051993  0.2598109E+001  0.2579889E+001  0.1519336E+001  0.2205265E+001 -0.9198129E+000  0.0000000E+000
 122.000    02051993  0.2623319E+001  0.2578153E+001  0.1519845E+001  0.2256305E+001 -0.9392181E+000  0.0000000E+000
 123.000    03051993  0.2644671E+001  0.2576097E+001  0.1519807E+001  0.2302617E+001 -0.9583227E+000  0.0000000E+000
 124.000    04051993  0.2663631E+001  0.2573738E+001  0.1519579E+001  0.2345655E+001 -0.9770424E+000  0.0000000E+000
 125.000    05051993  0.2678464E+001  0.2569849E+001  0.1517713E+001  0.2387495E+001 -0.9985019E+000  0.0000000E+000
 126.000    06051993  0.2689369E+001  0.2565326E+001  0.1515491E+001  0.2424081E+001 -0.1019526E+001  0.0000000E+000
 127.000    07051993  0.2706407E+001  0.2559834E+001  0.1511464E+001  0.2465910E+001 -0.1039805E+001  0.0000000E+000
 128.000    08051993  0.2290954E+001  0.2554879E+001  0.1510663E+001  0.2514693E+001 -0.1059495E+001  0.0000000E+000
 129.000    09051993  0.2312683E+001  0.2550049E+001  0.1521125E+001  0.2560943E+001 -0.1079445E+001  0.0000000E+000
 130.000    10051993  0.2337626E+001  0.2545100E+001  0.1531304E+001  0.2611739E+001 -0.1100630E+001  0.0000000E+000
 131.000    11051993  0.2361023E+001  0.2539531E+001  0.1542502E+001  0.2663237E+001 -0.1124021E+001  0.0000000E+000
 132.000    12051993  0.2391694E+001  0.2533998E+001  0.1551555E+001  0.2721437E+001 -0.1146917E+001  0.0000000E+000
 133.000    13051993  0.2415482E+001  0.2529227E+001  0.1558442E+001  0.2770499E+001 -0.1167599E+001  0.0000000E+000
 134.000    14051993  0.2436850E+001  0.2525208E+001  0.1563070E+001  0.2813829E+001 -0.1185165E+001  0.0000000E+000
 135.000    15051993  0.2465253E+001  0.2522569E+001  0.1568620E+001  0.2866193E+001 -0.1203224E+001  0.0000000E+000
 136.000    16051993  0.2494826E+001  0.2518941E+001  0.1580547E+001  0.2924978E+001 -0.1225380E+001  0.0000000E+000
 137.000    17051993  0.2525027E+001  0.2514881E+001  0.1591494E+001  0.2984853E+001 -0.1248029E+001  0.0000000E+000
 138.000    18051993  0.2547987E+001  0.2509787E+001  0.1601565E+001  0.3039167E+001 -0.1272735E+001  0.0000000E+000
 139.000    19051993  0.2565988E+001  0.2503094E+001  0.1614749E+001  0.3085738E+001 -0.1296162E+001  0.0000000E+000
 140.000    20051993  0.2588212E+001  0.2497812E+001  0.1620649E+001  0.3128903E+001 -0.1313081E+001  0.0000000E+000
 141.000    21051993  0.2612471E+001  0.2495856E+001  0.1625358E+001  0.3171126E+001 -0.1326169E+001  0.0000000E+000
 142.000    22051993  0.2639468E+001  0.2495127E+001  0.1630235E+001  0.3216883E+001 -0.1338813E+001  0.0000000E+000
 143.000    23051993  0.2669926E+001  0.2495402E+001  0.1636765E+001  0.3269844E+001 -0.1353753E+001  0.0000000E+000
 144.000    24051993  0.2704259E+001  0.2495154E+001  0.1646807E+001  0.3332039E+001 -0.1372867E+001  0.0000000E+000
 145.000    25051993  0.2741656E+001  0.2494209E+001  0.1663007E+001  0.3401151E+001 -0.1395762E+001  0.0000000E+000
 146.000    26051993  0.2325345E+001  0.2491954E+001  0.1675385E+001  0.3447677E+001 -0.1418064E+001  0.0000000E+000
 147.000    27051993  0.2353274E+001  0.2490787E+001  0.1694092E+001  0.3502448E+001 -0.1437728E+001  0.0000000E+000
 148.000    28051993  0.2386276E+001  0.2489309E+001  0.1716223E+001  0.3564878E+001 -0.1459520E+001  0.0000000E+000
 149.000    29051993  0.2415536E+001  0.2487165E+001  0.1739767E+001  0.3627047E+001 -0.1484979E+001  0.0000000E+000
 150.000    30051993  0.2439507E+001  0.2483697E+001  0.1755754E+001  0.3679179E+001 -0.1507213E+001  0.0000000E+000
 151.000    31051993  0.2474393E+001  0.2483415E+001  0.1769044E+001  0.3741001E+001 -0.1526510E+001  0.0000000E+000
 152.000    01061993  0.2491088E+001  0.2480985E+001  0.1783648E+001  0.3787285E+001 -0.1548719E+001  0.0000000E+000
 153.000    02061993  0.2523426E+001  0.2480725E+001  0.1797230E+001  0.3845022E+001 -0.1566909E+001  0.0000000E+000
 154.000    03061993  0.2565782E+001  0.2480172E+001  0.1819115E+001  0.3919458E+001 -0.1590588E+001  0.0000000E+000
 155.000    04061993  0.2587685E+001  0.2477593E+001  0.1840161E+001  0.3978648E+001 -0.1619853E+001  0.0000000E+000
 156.000    05061993  0.2607979E+001  0.2473341E+001  0.1863224E+001  0.4034242E+001 -0.1648915E+001  0.0000000E+000
 157.000    06061993  0.2640653E+001  0.2470451E+001  0.1874570E+001  0.4093302E+001 -0.1669850E+001  0.0000000E+000
 158.000    07061993  0.2685535E+001  0.2470593E+001  0.1887381E+001  0.4168332E+001 -0.1691436E+001  0.0000000E+000
 159.000    08061993  0.2733331E+001  0.2469455E+001  0.1907131E+001  0.4257224E+001 -0.1722676E+001  0.0000000E+000
 160.000    09061993  0.2776895E+001  0.2466495E+001  0.1933949E+001  0.4345814E+001 -0.1758801E+001  0.0000000E+000
 161.000    10061993  0.2826608E+001  0.2462942E+001  0.1955900E+001  0.4438499E+001 -0.1792886E+001  0.0000000E+000
 162.000    11061993  0.2855086E+001  0.2460793E+001  0.1975059E+001  0.4508948E+001 -0.1826134E+001  0.0000000E+000
 163.000    12061993  0.2900290E+001  0.2460664E+001  0.1988988E+001  0.4592994E+001 -0.1855934E+001  0.0000000E+000
 164.000    13061993  0.2461908E+001  0.2463494E+001  0.1999051E+001  0.4662219E+001 -0.1878028E+001  0.0000000E+000
 165.000    14061993  0.2496402E+001  0.2468499E+001  0.2018519E+001  0.4731501E+001 -0.1899665E+001  0.0000000E+000
 166.000    15061993  0.2541828E+001  0.2474475E+001  0.2039128E+001  0.4814748E+001 -0.1923253E+001  0.0000000E+000
 167.000    16061993  0.2582040E+001  0.2479002E+001  0.2063988E+001  0.4898897E+001 -0.1952850E+001  0.0000000E+000
 168.000    17061993  0.2623620E+001  0.2483488E+001  0.2086331E+001  0.4985729E+001 -0.1983309E+001  0.0000000E+000
 169.000    18061993  0.2665988E+001  0.2487015E+001  0.2110564E+001  0.5075980E+001 -0.2016758E+001  0.0000000E+000
 170.000    19061993  0.2704844E+001  0.2491194E+001  0.2130559E+001  0.5162960E+001 -0.2049741E+001  0.0000000E+000
 171.000    20061993  0.2740887E+001  0.2497479E+001  0.2150253E+001  0.5244546E+001 -0.2079644E+001  0.0000000E+000
 172.000    21061993  0.2783093E+001  0.2503727E+001  0.2167812E+001  0.5333061E+001 -0.2109578E+001  0.0000000E+000
 173.000    22061993  0.1828646E+001  0.2509246E+001  0.2189954E+001  0.5417455E+001 -0.2139777E+001  0.0000000E+000
 174.000    23061993  0.1862043E+001  0.2516978E+001  0.2213539E+001  0.5497433E+001 -0.2168509E+001  0.0000000E+000
 175.000    24061993  0.1898614E+001  0.2526664E+001  0.2233146E+001  0.5580403E+001 -0.2196342E+001  0.0000000E+000
 176.000    25061993  0.1931536E+001  0.2537966E+001  0.2252355E+001  0.5659964E+001 -0.2223848E+001  0.0000000E+000
 177.000    26061993  0.1964889E+001  0.2549215E+001  0.2273786E+001  0.5740755E+001 -0.2252205E+001  0.0000000E+000
 178.000    27061993  0.1997766E+001  0.2558720E+001  0.2295833E+001  0.5823366E+001 -0.2283973E+001  0.0000000E+000
 179.000    28061993  0.2034403E+001  0.2568640E+001  0.2315401E+001  0.5910185E+001 -0.2315748E+001  0.0000000E+000
 180.000    29061993  0.2071956E+001  0.2578637E+001  0.2335745E+001  0.5998254E+001 -0.2347899E+001  0.0000000E+000
 181.000    30061993  0.2079947E+001  0.2586990E+001  0.2353318E+001  0.6056156E+001 -0.2380925E+001  0.0000000E+000
 182.000    01071993  0.2107267E+001  0.2593272E+001  0.2374066E+001  0.6132552E+001 -0.2415081E+001  0.0000000E+000
 183.000    02071993  0.2124428E+001  0.2597940E+001  0.2393605E+001  0.6197493E+001 -0.2449883E+001  0.0000000E+000
 184.000    03071993  0.2141799E+001  0.2600299E+001  0.2412306E+001  0.6262476E+001 -0.2486054E+001  0.0000000E+000
 185.000    04071993  0.2164895E+001  0.2601258E+001  0.2430442E+001  0.6332475E+001 -0.2523136E+001  0.0000000E+000
 186.000    05071993  0.2175970E+001  0.2599613E+001  0.2446096E+001  0.6389207E+001 -0.2560742E+001  0.0000000E+000
 187.000    06071993  0.2210467E+001  0.2598635E+001  0.2463882E+001  0.6468370E+001 -0.2597406E+001  0.0000000E+000
 188.000    07071993  0.2230565E+001  0.2598836E+001  0.2480126E+001  0.6533617E+001 -0.2634407E+001  0.0000000E+000
 189.000    08071993  0.2286043E+001  0.2597417E+001  0.2494921E+001  0.6635974E+001 -0.2671838E+001  0.0000000E+000
 190.000    09071993  0.2327333E+001  0.2597947E+001  0.2508093E+001  0.6727333E+001 -0.2710215E+001  0.0000000E+000
 191.000    10071993  0.2361533E+001  0.2599778E+001  0.2523040E+001  0.6812019E+001 -0.2748796E+001  0.0000000E+000
 192.000    11071993  0.2388706E+001  0.2601005E+001  0.2537101E+001  0.6889276E+001 -0.2787541E+001  0.0000000E+000
 193.000    12071993  0.2426165E+001  0.2602421E+001  0.2549981E+001  0.6977351E+001 -0.2827481E+001  0.0000000E+000
 194.000    13071993  0.2441916E+001  0.2600434E+001  0.2559978E+001  0.7040643E+001 -0.2864973E+001  0.0000000E+000
 195.000    14071993  0.2481596E+001  0.2599709E+001  0.2570263E+001  0.7129198E+001 -0.2904420E+001  0.0000000E+000
 196.000    15071993  0.2503568E+001  0.2600262E+001  0.2580362E+001  0.7197298E+001 -0.2941180E+001  0.0000000E+000
 197.000    16071993  0.2513015E+001  0.2600698E+001  0.2588601E+001  0.7249657E+001 -0.2975463E+001  0.0000000E+000
 198.000    17071993  0.2567350E+001  0.2600956E+001  0.2596680E+001  0.7347453E+001 -0.3010016E+001  0.0000000E+000
 199.000    18071993  0.2595997E+001  0.2603167E+001  0.2603145E+001  0.7420341E+001 -0.3044027E+001  0.0000000E+000
 200.000    19071993  0.2629495E+001  0.2603834E+001  0.2611455E+001  0.7500404E+001 -0.3081242E+001  0.0000000E+000
 201.000    20071993  0.2652922E+001  0.2602806E+001  0.2619151E+001  0.7570239E+001 -0.3120468E+001  0.0000000E+000
 202.000    21071993  0.2684239E+001  0.2599892E+001  0.2624250E+001  0.7646438E+001 -0.3158267E+001  0.0000000E+000
 203.000    22071993  0.2722625E+001  0.2599765E+001  0.2629505E+001  0.7728404E+001 -0.3194399E+001  0.0000000E+000
 204.000    23071993  0.2758157E+001  0.2601325E+001  0.2633023E+001  0.7806547E+001 -0.3227666E+001  0.0000000E+000
 205.000    24071993  0.2799704E+001  0.2601780E+001  0.2639262E+001  0.7893904E+001 -0.3263822E+001  0.0000000E+000
 206.000    25071993  0.2837465E+001  0.2602923E+001  0.2644905E+001  0.7980667E+001 -0.3303572E+001  0.0000000E+000
 207.000    26071993  0.2863329E+001  0.2603773E+001  0.2648814E+001  0.8052140E+001 -0.3340619E+001  0.0000000E+000
 208.000    27071993  0.2903386E+001  0.2604618E+001  0.2652627E+001  0.8136751E+001 -0.3376027E+001  0.0000000E+000
 209.000    28071993  0.2947331E+001  0.2604440E+001  0.2656182E+001  0.8228806E+001 -0.3415529E+001  0.0000000E+000
 210.000    29071993  0.2991150E+001  0.2605182E+001  0.2660722E+001  0.8322384E+001 -0.3456410E+001  0.0000000E+000
 211.000    30071993  0.3038997E+001  0.2607146E+001  0.2663199E+001  0.8415958E+001 -0.3491429E+001  0.0000000E+000
 212.000    31071993  0.3077460E+001  0.2614299E+001  0.2664875E+001  0.8496326E+001 -0.3519914E+001  0.0000000E+000
 213.000    01081993  0.3117058E+001  0.2620798E+001  0.2667146E+001  0.8581569E+001 -0.3551459E+001  0.0000000E+000
 214.000    02081993  0.3161224E+001  0.2626983E+001  0.2668960E+001  0.8672535E+001 -0.3584271E+001  0.0000000E+000
 215.000    03081993  0.3180744E+001  0.2629329E+001  0.2672671E+001  0.8740210E+001 -0.3620698E+001  0.0000000E+000
 216.000    04081993  0.3205583E+001  0.2627798E+001  0.2675573E+001  0.8810968E+001 -0.3658503E+001  0.0000000E+000
 217.000    05081993  0.3229035E+001  0.2626414E+001  0.2677260E+001  0.8874389E+001 -0.3690697E+001  0.0000000E+000
 218.000    06081993  0.3262631E+001  0.2626314E+001  0.2679285E+001  0.8948420E+001 -0.3723550E+001  0.0000000E+000
 219.000    07081993  0.3288461E+001  0.2628583E+001  0.2680264E+001  0.9011381E+001 -0.3752237E+001  0.0000000E+000
 220.000    08081993  0.3325091E+001  0.2630534E+001  0.2681494E+001  0.9086099E+001 -0.3781530E+001  0.0000000E+000
 221.000    09081993  0.3359597E+001  0.2631508E+001  0.2683666E+001  0.9159516E+001 -0.3811809E+001  0.0000000E+000
 222.000    10081993  0.3393962E+001  0.2633411E+001  0.2685414E+001  0.9233944E+001 -0.3842909E+001  0.0000000E+000
 223.000    11081993  0.3441890E+001  0.2634943E+001  0.2686893E+001  0.9322135E+001 -0.3873226E+001  0.0000000E+000
 224.000    12081993  0.3460349E+001  0.2636230E+001  0.2688521E+001  0.9382127E+001 -0.3905540E+001  0.0000000E+000
 225.000    13081993  0.3488969E+001  0.2636264E+001  0.2689387E+001  0.9450982E+001 -0.3938823E+001  0.0000000E+000
 226.000    14081993  0.3526811E+001  0.2634393E+001  0.2690003E+001  0.9529003E+001 -0.3972206E+001  0.0000000E+000
 227.000    15081993  0.3566533E+001  0.2633432E+001  0.2691908E+001  0.9611632E+001 -0.4008466E+001  0.0000000E+000
 228.000    16081993  0.3622929E+001  0.2631466E+001  0.2693276E+001  0.9711316E+001 -0.4044729E+001  0.0000000E+000
 229.000    17081993  0.3659572E+001  0.2628571E+001  0.2693865E+001  0.9792711E+001 -0.4082462E+001  0.0000000E+000
 230.000    18081993  0.3687749E+001  0.2625529E+001  0.2693889E+001  0.9863944E+001 -0.4120243E+001  0.0000000E+000
 231.000    19081993  0.3736937E+001  0.2623441E+001  0.2693785E+001  0.9954395E+001 -0.4155855E+001  0.0000000E+000
 232.000    20081993  0.3795308E+001  0.2622426E+001  0.2694476E+001  0.1005672E+002 -0.4193049E+001  0.0000000E+000
 233.000    21081993  0.3841290E+001  0.2622000E+001  0.2694496E+001  0.1014778E+002 -0.4230743E+001  0.0000000E+000
 234.000    22081993  0.3868959E+001  0.2620175E+001  0.2693971E+001  0.1021677E+002 -0.4264953E+001  0.0000000E+000
 235.000    23081993  0.3916831E+001  0.2621887E+001  0.2693175E+001  0.1030528E+002 -0.4297854E+001  0.0000000E+000
 236.000    24081993  0.3968292E+001  0.2623039E+001  0.2692212E+001  0.1039967E+002 -0.4332160E+001  0.0000000E+000
 237.000    25081993  0.4012956E+001  0.2624097E+001  0.2691764E+001  0.1048863E+002 -0.4367581E+001  0.0000000E+000
 238.000    26081993  0.4044913E+001  0.2622981E+001  0.2690317E+001  0.1056619E+002 -0.4405905E+001  0.0000000E+000
 239.000    27081993  0.4069716E+001  0.2621101E+001  0.2688902E+001  0.1063356E+002 -0.4442809E+001  0.0000000E+000
 240.000    28081993  0.4105663E+001  0.2618517E+001  0.2686306E+001  0.1071209E+002 -0.4481014E+001  0.0000000E+000
 241.000    29081993  0.4155367E+001  0.2616041E+001  0.2682812E+001  0.1080482E+002 -0.4519403E+001  0.0000000E+000
 242.000    30081993  0.4195327E+001  0.2611347E+001  0.2677490E+001  0.1089085E+002 -0.4560718E+001  0.0000000E+000
 243.000    31081993  0.4239153E+001  0.2608715E+001  0.2671822E+001  0.1097841E+002 -0.4598895E+001  0.0000000E+000
 244.000    01091993  0.4272893E+001  0.2605971E+001  0.2665731E+001  0.1105670E+002 -0.4637066E+001  0.0000000E+000
 245.000    02091993  0.4339221E+001  0.2602009E+001  0.2658226E+001  0.1116890E+002 -0.4677172E+001  0.0000000E+000
 246.000    03091993  0.4390172E+001  0.2600337E+001  0.2648963E+001  0.1126884E+002 -0.4717487E+001  0.0000000E+000
 247.000    04091993  0.4414274E+001  0.2599444E+001  0.2639915E+001  0.1133882E+002 -0.4753793E+001  0.0000000E+000
 248.000    05091993  0.4437297E+001  0.2596629E+001  0.2630088E+001  0.1140458E+002 -0.4787735E+001  0.0000000E+000
 249.000    06091993  0.4461438E+001  0.2594720E+001  0.2620128E+001  0.1146859E+002 -0.4818965E+001  0.0000000E+000
 250.000    07091993  0.4495874E+001  0.2592197E+001  0.2610875E+001  0.1154202E+002 -0.4849677E+001  0.0000000E+000
 251.000    08091993  0.4521947E+001  0.2588679E+001  0.2600637E+001  0.1160771E+002 -0.4881482E+001  0.0000000E+000
 252.000    09091993  0.4546816E+001  0.2583839E+001  0.2588964E+001  0.1167413E+002 -0.4913945E+001  0.0000000E+000
 253.000    10091993  0.4582137E+001  0.2580173E+001  0.2577536E+001  0.1175016E+002 -0.4946516E+001  0.0000000E+000
 254.000    11091993  0.4606286E+001  0.2579843E+001  0.2570708E+001  0.1180311E+002 -0.4967219E+001  0.0000000E+000
 255.000    12091993  0.4641781E+001  0.2583700E+001  0.2563596E+001  0.1186950E+002 -0.4985784E+001  0.0000000E+000
 256.000    13091993  0.4686460E+001  0.2587856E+001  0.2554092E+001  0.1195246E+002 -0.5009727E+001  0.0000000E+000
 257.000    14091993  0.4720608E+001  0.2589262E+001  0.2541602E+001  0.1203404E+002 -0.5042119E+001  0.0000000E+000
 258.000    15091993  0.4755262E+001  0.2588566E+001  0.2527021E+001  0.1211806E+002 -0.5077862E+001  0.0000000E+000
 259.000    16091993  0.4771139E+001  0.2585700E+001  0.2512329E+001  0.1218274E+002 -0.5113068E+001  0.0000000E+000
 260.000    17091993  0.4794073E+001  0.2582777E+001  0.2499866E+001  0.1224705E+002 -0.5142803E+001  0.0000000E+000
 261.000    18091993  0.4828698E+001  0.2580770E+001  0.2486420E+001  0.1232522E+002 -0.5173484E+001  0.0000000E+000
 262.000    19091993  0.4856514E+001  0.2577767E+001  0.2470271E+001  0.1239916E+002 -0.5204828E+001  0.0000000E+000
 263.000    20091993  0.4888234E+001  0.2578929E+001  0.2458551E+001  0.1246842E+002 -0.5228710E+001  0.0000000E+000
 264.000    21091993  0.4919503E+001  0.2581050E+001  0.2445245E+001  0.1254246E+002 -0.5255343E+001  0.0000000E+000
 265.000    22091993  0.4947914E+001  0.2581574E+001  0.2430727E+001  0.1261582E+002 -0.5284261E+001  0.0000000E+000
 266.000    23091993  0.4970146E+001  0.2581652E+001  0.2415338E+001  0.1268413E+002 -0.5313504E+001  0.0000000E+000
 267.000    24091993  0.4997911E+001  0.2580574E+001  0.2398193E+001  0.1275895E+002 -0.5343586E+001  0.0000000E+000
 268.000    25091993  0.5012194E+001  0.2580159E+001  0.2381914E+001  0.1281721E+002 -0.5371328E+001  0.0000000E+000
 269.000    26091993  0.5033631E+001  0.2577230E+001  0.2358037E+001  0.1289428E+002 -0.5406625E+001  0.0000000E+000
 270.000    27091993  0.5059202E+001  0.2572365E+001  0.2334506E+001  0.1297350E+002 -0.5441666E+001  0.0000000E+000
 271.000    28091993  0.5075390E+001  0.2573296E+001  0.2323922E+001  0.1302016E+002 -0.5459498E+001  0.0000000E+000
 272.000    29091993  0.5092272E+001  0.2577080E+001  0.2314726E+001  0.1306584E+002 -0.5474570E+001  0.0000000E+000
 273.000    30091993  0.5108840E+001  0.2581666E+001  0.2307406E+001  0.1310842E+002 -0.5487475E+001  0.0000000E+000
 274.000    01101993  0.5120681E+001  0.2587604E+001  0.2302036E+001  0.1314328E+002 -0.5497444E+001  0.0000000E+000
 275.000    02101993  0.5142221E+001  0.2592956E+001  0.2292722E+001  0.1319662E+002 -0.5513102E+001  0.0000000E+000
 276.000    03101993  0.5158834E+001  0.2596179E+001  0.2280658E+001  0.1325028E+002 -0.5533212E+001  0.0000000E+000
 277.000    04101993  0.5175921E+001  0.2600240E+001  0.2270270E+001  0.1330143E+002 -0.5550993E+001  0.0000000E+000
 278.000    05101993  0.5188277E+001  0.2603064E+001  0.2257976E+001  0.1335051E+002 -0.5571138E+001  0.0000000E+000
 279.000    06101993  0.5202768E+001  0.2605057E+001  0.2246552E+001  0.1339977E+002 -0.5590720E+001  0.0000000E+000
 280.000    07101993  0.5219400E+001  0.2606830E+001  0.2233916E+001  0.1345356E+002 -0.5611726E+001  0.0000000E+000
 281.000    08101993  0.5228803E+001  0.2607081E+001  0.2220175E+001  0.1350049E+002 -0.5633923E+001  0.0000000E+000
 282.000    09101993  0.5236711E+001  0.2607025E+001  0.2206672E+001  0.1354567E+002 -0.5656105E+001  0.0000000E+000
 283.000    10101993  0.5254684E+001  0.2605469E+001  0.2191592E+001  0.1360183E+002 -0.5679703E+001  0.0000000E+000
 284.000    11101993  0.5260479E+001  0.2608950E+001  0.2186463E+001  0.1362757E+002 -0.5689497E+001  0.0000000E+000
 285.000    12101993  0.5271249E+001  0.2613021E+001  0.2179089E+001  0.1366277E+002 -0.5701204E+001  0.0000000E+000
 286.000    13101993  0.5277664E+001  0.2616380E+001  0.2171994E+001  0.1369434E+002 -0.5714020E+001  0.0000000E+000
 287.000    14101993  0.5290193E+001  0.2619268E+001  0.2164306E+001  0.1373275E+002 -0.5727562E+001  0.0000000E+000
 288.000    15101993  0.5303626E+001  0.2621706E+001  0.2155411E+001  0.1377529E+002 -0.5742989E+001  0.0000000E+000
 289.000    16101993  0.5317003E+001  0.2622832E+001  0.2144490E+001  0.1382170E+002 -0.5761489E+001  0.0000000E+000
 290.000    17101993  0.5327930E+001  0.2621655E+001  0.2130126E+001  0.1387114E+002 -0.5784563E+001  0.0000000E+000
 291.000    18101993  0.5336544E+001  0.2619562E+001  0.2115022E+001  0.1391928E+002 -0.5808848E+001  0.0000000E+000
 292.000    19101993  0.5346434E+001  0.2616418E+001  0.2099222E+001  0.1396928E+002 -0.5834105E+001  0.0000000E+000
 293.000    20101993  0.5350566E+001  0.2611504E+001  0.2079165E+001  0.1401866E+002 -0.5862907E+001  0.0000000E+000
 294.000    21101993  0.5354748E+001  0.2605845E+001  0.2057968E+001  0.1406887E+002 -0.5890435E+001  0.0000000E+000
 295.000    22101993  0.5299369E+001  0.2603521E+001  0.2045840E+001  0.1410463E+002 -0.5907312E+001  0.0000000E+000
 296.000    23101993  0.5250836E+001  0.2604921E+001  0.2039327E+001  0.1413533E+002 -0.5917415E+001  0.0000000E+000
 297.000    24101993  0.5203845E+001  0.2607139E+001  0.2033570E+001  0.1416333E+002 -0.5926778E+001  0.0000000E+000
 298.000    25101993  0.5158654E+001  0.2608775E+001  0.2025434E+001  0.1419470E+002 -0.5939572E+001  0.0000000E+000
 299.000    26101993  0.5116350E+001  0.2609200E+001  0.2017210E+001  0.1422591E+002 -0.5953558E+001  0.0000000E+000
 300.000    27101993  0.5078096E+001  0.2608912E+001  0.2008329E+001  0.1425991E+002 -0.5969023E+001  0.0000000E+000
 301.000    28101993  0.5042855E+001  0.2608725E+001  0.2000724E+001  0.1429027E+002 -0.5982326E+001  0.0000000E+000
 302.000    29101993  0.5010869E+001  0.2610250E+001  0.1995588E+001  0.1431633E+002 -0.5991463E+001  0.0000000E+000
 303.000    30101993  0.4981123E+001  0.2611644E+001  0.1988972E+001  0.1434516E+002 -0.6002533E+001  0.0000000E+000
 304.000    31101993  0.4954715E+001  0.2612386E+001  0.1982585E+001  0.1437506E+002 -0.6014410E+001  0.0000000E+000
 305.000    01111993  0.4922034E+001  0.2614415E+001  0.1979610E+001  0.1438792E+002 -0.6019881E+001  0.0000000E+000
 306.000    02111993  0.4890227E+001  0.2616558E+001  0.1975504E+001  0.1439872E+002 -0.6024300E+001  0.0000000E+000
 307.000    03111993  0.4866956E+001  0.2618411E+001  0.1972310E+001  0.1441796E+002 -0.6030270E+001  0.0000000E+000
 308.000    04111993  0.4846890E+001  0.2619709E+001  0.1967075E+001  0.1444369E+002 -0.6040242E+001  0.0000000E+000
 309.000    05111993  0.4834729E+001  0.2618736E+001  0.1958079E+001  0.1448334E+002 -0.6056346E+001  0.0000000E+000
 310.000    06111993  0.4821453E+001  0.2616469E+001  0.1948136E+001  0.1452145E+002 -0.6073874E+001  0.0000000E+000
 311.000    07111993  0.4796349E+001  0.2617570E+001  0.1944321E+001  0.1453221E+002 -0.6080693E+001  0.0000000E+000
 312.000    08111993  0.4773022E+001  0.2619129E+001  0.1940955E+001  0.1454540E+002 -0.6085719E+001  0.0000000E+000
 313.000    09111993  0.4673914E+001  0.2620548E+001  0.1936710E+001  0.1456752E+002 -0.6093097E+001  0.0000000E+000
 314.000    10111993  0.4580062E+001  0.2621487E+001  0.1931418E+001  0.1459015E+002 -0.6102439E+001  0.0000000E+000
 315.000    11111993  0.4489327E+001  0.2622902E+001  0.1927913E+001  0.1460539E+002 -0.6108840E+001  0.0000000E+000
 316.000    12111993  0.4405362E+001  0.2624206E+001  0.1923880E+001  0.1462252E+002 -0.6115950E+001  0.0000000E+000
 317.000    13111993  0.4331007E+001  0.2623841E+001  0.1915092E+001  0.1465322E+002 -0.6129683E+001  0.0000000E+000
 318.000    14111993  0.4258934E+001  0.2619803E+001  0.1902282E+001  0.1469023E+002 -0.6151092E+001  0.0000000E+000
 319.000    15111993  0.4190777E+001  0.2613137E+001  0.1888357E+001  0.1472928E+002 -0.6175784E+001  0.0000000E+000
 320.000    16111993  0.4129801E+001  0.2606616E+001  0.1875189E+001  0.1476633E+002 -0.6197062E+001  0.0000000E+000
 321.000    17111993  0.4072203E+001  0.2602669E+001  0.1863530E+001  0.1479964E+002 -0.6214793E+001  0.0000000E+000
 322.000    18111993  0.4018265E+001  0.2598414E+001  0.1854039E+001  0.1482974E+002 -0.6231102E+001  0.0000000E+000
 323.000    19111993  0.3973318E+001  0.2597026E+001  0.1847122E+001  0.1486029E+002 -0.6242707E+001  0.0000000E+000
 324.000    20111993  0.3927624E+001  0.2596141E+001  0.1841131E+001  0.1488529E+002 -0.6253304E+001  0.0000000E+000
 325.000    21111993  0.3879263E+001  0.2597078E+001  0.1836574E+001  0.1489733E+002 -0.6258014E+001  0.0000000E+000
 326.000    22111993  0.3842608E+001  0.2598090E+001  0.1832780E+001  0.1492139E+002 -0.6264837E+001  0.0000000E+000
 327.000    23111993  0.3806614E+001  0.2598866E+001  0.1827770E+001  0.1494642E+002 -0.6273894E+001  0.0000000E+000
 328.000    24111993  0.3772343E+001  0.2599450E+001  0.1822265E+001  0.1497160E+002 -0.6283779E+001  0.0000000E+000
 329.000    25111993  0.3743466E+001  0.2599913E+001  0.1816734E+001  0.1499959E+002 -0.6293803E+001  0.0000000E+000
 330.000    26111993  0.3709330E+001  0.2600833E+001  0.1812345E+001  0.1502029E+002 -0.6302263E+001  0.0000000E+000
 331.000    27111993  0.3630746E+001  0.2601269E+001  0.1805444E+001  0.1505500E+002 -0.6314236E+001  0.0000000E+000
 332.000    28111993  0.3549101E+001  0.2600596E+001  0.1798004E+001  0.1508205E+002 -0.6327584E+001  0.0000000E+000
 333.000    29111993  0.3466382E+001  0.2601525E+001  0.1795084E+001  0.1509161E+002 -0.6332847E+001  0.0000000E+000
 334.000    30111993  0.3390912E+001  0.2602627E+001  0.1792266E+001  0.1510206E+002 -0.6337305E+001  0.0000000E+000
 335.000    01121993  0.3325327E+001  0.2603588E+001  0.1789049E+001  0.1511180E+002 -0.6341441E+001  0.0000000E+000
 336.000    02121993  0.3267068E+001  0.2604211E+001  0.1786362E+001  0.1512629E+002 -0.6347034E+001  0.0000000E+000
 337.000    03121993  0.3214717E+001  0.2604437E+001  0.1782225E+001  0.1514618E+002 -0.6355297E+001  0.0000000E+000
 338.000    04121993  0.3171753E+001  0.2603892E+001  0.1777371E+001  0.1517413E+002 -0.6365749E+001  0.0000000E+000
 339.000    05121993  0.3125883E+001  0.2601410E+001  0.1770632E+001  0.1520072E+002 -0.6380368E+001  0.0000000E+000
 340.000    06121993  0.3080935E+001  0.2601269E+001  0.1767525E+001  0.1521613E+002 -0.6387669E+001  0.0000000E+000
 341.000    07121993  0.3037541E+001  0.2601399E+001  0.1764713E+001  0.1522892E+002 -0.6393955E+001  0.0000000E+000
 342.000    08121993  0.2997836E+001  0.2601665E+001  0.1761982E+001  0.1524141E+002 -0.6399173E+001  0.0000000E+000
 343.000    09121993  0.2961207E+001  0.2601851E+001  0.1759170E+001  0.1525526E+002 -0.6405082E+001  0.0000000E+000
 344.000    10121993  0.2930225E+001  0.2602099E+001  0.1756181E+001  0.1527276E+002 -0.6411303E+001  0.0000000E+000
 345.000    11121993  0.2895979E+001  0.2602055E+001  0.1752792E+001  0.1528546E+002 -0.6418427E+001  0.0000000E+000
 346.000    12121993  0.2858489E+001  0.2602197E+001  0.1747548E+001  0.1528765E+002 -0.6421286E+001  0.0000000E+000
 347.000    13121993  0.2825998E+001  0.2601983E+001  0.1743966E+001  0.1529250E+002 -0.6424053E+001  0.0000000E+000
 348.000    14121993  0.2797651E+001  0.2601526E+001  0.1740973E+001  0.1530181E+002 -0.6427312E+001  0.0000000E+000
 349.000    15121993  0.2734349E+001  0.2600947E+001  0.1739223E+001  0.1531205E+002 -0.6430965E+001  0.0000000E+000
 350.000    16121993  0.2679345E+001  0.2600352E+001  0.1736551E+001  0.1532918E+002 -0.6436806E+001  0.0000000E+000
 351.000    17121993  0.2624271E+001  0.2599803E+001  0.1733701E+001  0.1534302E+002 -0.6443552E+001  0.0000000E+000
 352.000    18121993  0.2574414E+001  0.2599367E+001  0.1730715E+001  0.1535582E+002 -0.6448346E+001  0.0000000E+000
 353.000    19121993  0.2533930E+001  0.2599034E+001  0.1728276E+001  0.1536935E+002 -0.6454380E+001  0.0000000E+000
 354.000    20121993  0.2495230E+001  0.2598673E+001  0.1726086E+001  0.1538038E+002 -0.6459249E+001  0.0000000E+000
 355.000    21121993  0.2460424E+001  0.2598408E+001  0.1723931E+001  0.1539317E+002 -0.6464618E+001  0.0000000E+000
 356.000    22121993  0.2423539E+001  0.2598087E+001  0.1720189E+001  0.1539926E+002 -0.6467961E+001  0.0000000E+000
 357.000    23121993  0.2389134E+001  0.2597575E+001  0.1717881E+001  0.1540490E+002 -0.6470980E+001  0.0000000E+000
 358.000    24121993  0.2356039E+001  0.2596883E+001  0.1715356E+001  0.1540933E+002 -0.6473745E+001  0.0000000E+000
 359.000    25121993  0.2325236E+001  0.2595985E+001  0.1713410E+001  0.1541376E+002 -0.6476417E+001  0.0000000E+000
 360.000    26121993  0.2294452E+001  0.2594826E+001  0.1711400E+001  0.1541590E+002 -0.6478988E+001  0.0000000E+000
 361.000    27121993  0.2269020E+001  0.2593407E+001  0.1710192E+001  0.1542223E+002 -0.6482049E+001  0.0000000E+000
 362.000    28121993  0.2246641E+001  0.2591880E+001  0.1708252E+001  0.1542989E+002 -0.6485233E+001  0.0000000E+000
 363.000    29121993  0.2219055E+001  0.2590240E+001  0.1706133E+001  0.1542989E+002 -0.6487895E+001  0.0000000E+000
 364.000    30121993  0.2193425E+001  0.2588169E+001  0.1704474E+001  0.1542989E+002 -0.6490460E+001  0.0000000E+000
 365.000    31121993  0.2169671E+001  0.2585752E+001  0.1702913E+001  0.1542989E+002 -0.6492935E+001  0.0000000E+000
