    DOY     DATE    RESIDUE_C       HUMUS_C         ATM_CO2         NBP             ECO_LAI         ECO_GPP         ECO_RA          ECO_NPP         ECO_RH          
   1.000    01011981  0.8039700E+003  0.6817188E+004  0.3406120E+003  0.2077983E+001  0.1183302E+002  0.3625708E+001 -0.1847294E+001  0.1778414E+001 -0.1487868E+000
   2.000    02011981  0.8047116E+003  0.6817237E+004  0.3406120E+003  0.2973511E+001  0.1181601E+002  0.5996022E+001 -0.3614806E+001  0.2381216E+001 -0.2978885E+000
   3.000    03011981  0.8054399E+003  0.6817286E+004  0.3406120E+003  0.3903853E+001  0.1179940E+002  0.8204996E+001 -0.5182650E+001  0.3022346E+001 -0.4465760E+000
   4.000    04011981  0.8063142E+003  0.6817334E+004  0.3406120E+003  0.4142993E+001  0.1178039E+002  0.9745682E+001 -0.6768744E+001  0.2976937E+001 -0.5945040E+000
   5.000    05011981  0.8069739E+003  0.6817383E+004  0.3406120E+003  0.3560418E+001  0.1176597E+002  0.9943835E+001 -0.7829163E+001  0.2114672E+001 -0.7416095E+000
   6.000    06011981  0.8076749E+003  0.6817432E+004  0.3406120E+003  0.3493305E+001  0.1175051E+002  0.1085817E+002 -0.9085114E+001  0.1773058E+001 -0.8876984E+000
   7.000    07011981  0.8084275E+003  0.6817481E+004  0.3406120E+003  0.5203095E+001  0.1173352E+002  0.1399537E+002 -0.1076782E+002  0.3227559E+001 -0.1032632E+001
   8.000    08011981  0.8092838E+003  0.6817529E+004  0.3406120E+003  0.4680356E+001  0.1171487E+002  0.1460328E+002 -0.1209515E+002  0.2508131E+001 -0.1176739E+001
   9.000    09011981  0.8101312E+003  0.6817578E+004  0.3406120E+003  0.4416156E+001  0.1169643E+002  0.1547876E+002 -0.1338300E+002  0.2095759E+001 -0.1319995E+001
  10.000    10011981  0.8110150E+003  0.6817627E+004  0.3406120E+003  0.4056291E+001  0.1167724E+002  0.1628622E+002 -0.1468153E+002  0.1604691E+001 -0.1462361E+001
  11.000    11011981  0.8117228E+003  0.6817676E+004  0.3406120E+003  0.3321112E+001  0.1166180E+002  0.1650414E+002 -0.1575789E+002  0.7462507E+000 -0.1603932E+001
  12.000    12011981  0.8124148E+003  0.6817725E+004  0.3406120E+003  0.2464282E+001  0.1164668E+002  0.1658273E+002 -0.1680635E+002 -0.2236200E+000 -0.1744112E+001
  13.000    13011981  0.8130701E+003  0.6817773E+004  0.3406120E+003  0.1777151E+001  0.1163247E+002  0.1681804E+002 -0.1783157E+002 -0.1013537E+001 -0.1881901E+001
  14.000    14011981  0.8138392E+003  0.6817822E+004  0.3406120E+003  0.1776239E+001  0.1161556E+002  0.1806486E+002 -0.1917928E+002 -0.1114424E+001 -0.2018906E+001
  15.000    15011981  0.8145501E+003  0.6817871E+004  0.3406120E+003  0.3174349E+001  0.1160042E+002  0.2110339E+002 -0.2091608E+002  0.1873068E+000 -0.2155565E+001
  16.000    16011981  0.8152774E+003  0.6817920E+004  0.3406120E+003  0.4314032E+001  0.1158470E+002  0.2385312E+002 -0.2262428E+002  0.1228840E+001 -0.2292550E+001
  17.000    17011981  0.8161397E+003  0.6817968E+004  0.3406120E+003  0.3618222E+001  0.1156632E+002  0.2454169E+002 -0.2399304E+002  0.5486462E+000 -0.2429020E+001
  18.000    18011981  0.8169098E+003  0.6818017E+004  0.3406120E+003  0.3445541E+001  0.1155035E+002  0.2559844E+002 -0.2524723E+002  0.3512095E+000 -0.2552674E+001
  19.000    19011981  0.8175828E+003  0.6818066E+004  0.3406120E+003  0.4102939E+001  0.1153749E+002  0.2792726E+002 -0.2688639E+002  0.1040871E+001 -0.2679063E+001
  20.000    20011981  0.8182228E+003  0.6818114E+004  0.3406120E+003  0.5852136E+001  0.1152459E+002  0.3147325E+002 -0.2886787E+002  0.2605384E+001 -0.2811735E+001
  21.000    21011981  0.8188136E+003  0.6818163E+004  0.3406120E+003  0.7029721E+001  0.1151027E+002  0.3435711E+002 -0.3071792E+002  0.3639191E+001 -0.2943685E+001
  22.000    22011981  0.8194465E+003  0.6818212E+004  0.3406120E+003  0.8873645E+001  0.1149602E+002  0.3793974E+002 -0.3264938E+002  0.5290358E+001 -0.3076103E+001
  23.000    23011981  0.8200745E+003  0.6818261E+004  0.3406120E+003  0.1008180E+002  0.1148021E+002  0.4089462E+002 -0.3441226E+002  0.6482351E+001 -0.3208736E+001
  24.000    24011981  0.8207376E+003  0.6818309E+004  0.3406120E+003  0.1055962E+002  0.1146596E+002  0.4374280E+002 -0.3613158E+002  0.7611222E+001 -0.3340506E+001
  25.000    25011981  0.8213721E+003  0.6818358E+004  0.3406120E+003  0.1081670E+002  0.1145289E+002  0.4712161E+002 -0.3818579E+002  0.8935818E+001 -0.3472156E+001
  26.000    26011981  0.8219552E+003  0.6818407E+004  0.3406120E+003  0.1120123E+002  0.1144020E+002  0.5103355E+002 -0.4062211E+002  0.1041144E+002 -0.3604283E+001
  27.000    27011981  0.8222993E+003  0.6818455E+004  0.3406120E+003  0.1253047E+002  0.1143208E+002  0.5641817E+002 -0.4376820E+002  0.1264997E+002 -0.3748840E+001
  28.000    28011981  0.8223520E+003  0.6818498E+004  0.3406120E+003  0.1385476E+002  0.1142302E+002  0.6155663E+002 -0.4682034E+002  0.1473629E+002 -0.4023038E+001
  29.000    29011981  0.8228209E+003  0.6818544E+004  0.3406120E+003  0.1448124E+002  0.1140654E+002  0.6491326E+002 -0.4895701E+002  0.1595625E+002 -0.4242512E+001
  30.000    30011981  0.8244177E+003  0.6818592E+004  0.3406120E+003  0.1304277E+002  0.1137830E+002  0.6553818E+002 -0.5051392E+002  0.1502425E+002 -0.4446119E+001
  31.000    31011981  0.8250917E+003  0.6818642E+004  0.3406120E+003  0.1187702E+002  0.1136311E+002  0.6590637E+002 -0.5160938E+002  0.1429699E+002 -0.4610775E+001
  32.000    01021981  0.8256801E+003  0.6818692E+004  0.3406120E+003  0.1188623E+002  0.1134970E+002  0.6764696E+002 -0.5295702E+002  0.1468994E+002 -0.4763007E+001
  33.000    02021981  0.8258805E+003  0.6818742E+004  0.3406120E+003  0.1372745E+002  0.1134347E+002  0.7214245E+002 -0.5527805E+002  0.1686440E+002 -0.4928655E+001
  34.000    03021981  0.8266827E+003  0.6818792E+004  0.3406120E+003  0.1268161E+002  0.1132478E+002  0.7250783E+002 -0.5658301E+002  0.1592482E+002 -0.5086583E+001
  35.000    04021981  0.8274619E+003  0.6818842E+004  0.3406120E+003  0.1228742E+002  0.1130885E+002  0.7317471E+002 -0.5771742E+002  0.1545729E+002 -0.5208966E+001
  36.000    05021981  0.8282599E+003  0.6818892E+004  0.3406120E+003  0.1188716E+002  0.1129257E+002  0.7366969E+002 -0.5884119E+002  0.1482850E+002 -0.5330846E+001
  37.000    06021981  0.8290785E+003  0.6818942E+004  0.3406120E+003  0.1198913E+002  0.1127609E+002  0.7473897E+002 -0.6006602E+002  0.1467295E+002 -0.5441584E+001
  38.000    07021981  0.8298147E+003  0.6818991E+004  0.3406120E+003  0.1375320E+002  0.1126103E+002  0.7776018E+002 -0.6160706E+002  0.1615312E+002 -0.5555800E+001
  39.000    08021981  0.8304524E+003  0.6819041E+004  0.3406120E+003  0.1666931E+002  0.1124918E+002  0.8250400E+002 -0.6372625E+002  0.1877775E+002 -0.5678955E+001
  40.000    09021981  0.8311782E+003  0.6819090E+004  0.3406120E+003  0.1706843E+002  0.1122968E+002  0.8415163E+002 -0.6524449E+002  0.1890714E+002 -0.5805608E+001
  41.000    10021981  0.8318646E+003  0.6819139E+004  0.3406120E+003  0.1964890E+002  0.1121720E+002  0.8847548E+002 -0.6724514E+002  0.2123035E+002 -0.5931573E+001
  42.000    11021981  0.8321124E+003  0.6819189E+004  0.3406120E+003  0.2172559E+002  0.1120896E+002  0.9480390E+002 -0.7174173E+002  0.2306217E+002 -0.6062531E+001
  43.000    12021981  0.8328194E+003  0.6819238E+004  0.3406120E+003  0.2071736E+002  0.1117951E+002  0.9522087E+002 -0.7333953E+002  0.2188134E+002 -0.6192406E+001
  44.000    13021981  0.8336193E+003  0.6819287E+004  0.3406120E+003  0.2071223E+002  0.1116370E+002  0.9618160E+002 -0.7451732E+002  0.2166428E+002 -0.6310823E+001
  45.000    14021981  0.8343489E+003  0.6819336E+004  0.3406120E+003  0.2164491E+002  0.1114959E+002  0.9830295E+002 -0.7591149E+002  0.2239145E+002 -0.6428686E+001
  46.000    15021981  0.8350250E+003  0.6819385E+004  0.3406120E+003  0.2353532E+002  0.1113971E+002  0.1019417E+003 -0.7786620E+002  0.2407549E+002 -0.6550229E+001
  47.000    16021981  0.8355996E+003  0.6819434E+004  0.3406120E+003  0.2595341E+002  0.1113218E+002  0.1065896E+003 -0.8030457E+002  0.2628500E+002 -0.6674444E+001
  48.000    17021981  0.8358046E+003  0.6819483E+004  0.3406120E+003  0.2951021E+002  0.1113568E+002  0.1132017E+003 -0.8356943E+002  0.2963225E+002 -0.6798365E+001
  49.000    18021981  0.8360013E+003  0.6819532E+004  0.3406120E+003  0.3138215E+002  0.1113691E+002  0.1182835E+003 -0.8692399E+002  0.3135954E+002 -0.6932943E+001
  50.000    19021981  0.8361325E+003  0.6819579E+004  0.3406120E+003  0.3216074E+002  0.1113497E+002  0.1241502E+003 -0.9030986E+002  0.3384038E+002 -0.7131194E+001
  51.000    20021981  0.8361166E+003  0.6819617E+004  0.3406120E+003  0.3304201E+002  0.1112265E+002  0.1301445E+003 -0.9419840E+002  0.3594606E+002 -0.7499495E+001
  52.000    21021981  0.8361038E+003  0.6819657E+004  0.3406120E+003  0.3556355E+002  0.1110333E+002  0.1366228E+003 -0.9727537E+002  0.3934746E+002 -0.7858230E+001
  53.000    22021981  0.8361077E+003  0.6819696E+004  0.3406120E+003  0.3813065E+002  0.1109171E+002  0.1435537E+003 -0.1008876E+003  0.4266603E+002 -0.8238676E+001
  54.000    23021981  0.8359879E+003  0.6819729E+004  0.3406120E+003  0.3908217E+002  0.1108033E+002  0.1492143E+003 -0.1048596E+003  0.4435465E+002 -0.8689741E+001
  55.000    24021981  0.8361379E+003  0.6819771E+004  0.3406120E+003  0.4168566E+002  0.1106374E+002  0.1549090E+003 -0.1073368E+003  0.4757222E+002 -0.9057663E+001
  56.000    25021981  0.8364587E+003  0.6819819E+004  0.3406120E+003  0.4315901E+002  0.1104978E+002  0.1595362E+003 -0.1099724E+003  0.4956379E+002 -0.9369508E+001
  57.000    26021981  0.8367022E+003  0.6819866E+004  0.3406120E+003  0.4479964E+002  0.1103599E+002  0.1643708E+003 -0.1126723E+003  0.5169848E+002 -0.9691903E+001
  58.000    27021981  0.8370547E+003  0.6819916E+004  0.3406120E+003  0.4609543E+002  0.1102022E+002  0.1685496E+003 -0.1151160E+003  0.5343352E+002 -0.9980906E+001
  59.000    28021981  0.8372599E+003  0.6819964E+004  0.3406120E+003  0.4799948E+002  0.1100890E+002  0.1742165E+003 -0.1184345E+003  0.5578190E+002 -0.1030235E+002
  60.000    01031981  0.8379994E+003  0.6820001E+004  0.3406120E+003  0.5020188E+002  0.1099338E+002  0.1814517E+003 -0.1229278E+003  0.5852386E+002 -0.1076321E+002
  61.000    02031981  0.8378103E+003  0.6820036E+004  0.3406120E+003  0.5296153E+002  0.1098788E+002  0.1887077E+003 -0.1268611E+003  0.6184661E+002 -0.1125534E+002
  62.000    03031981  0.8380039E+003  0.6820082E+004  0.3406120E+003  0.5466977E+002  0.1096988E+002  0.1931069E+003 -0.1290816E+003  0.6402532E+002 -0.1163393E+002
  63.000    04031981  0.8383344E+003  0.6820134E+004  0.3406120E+003  0.5763143E+002  0.1095765E+002  0.1986736E+003 -0.1312888E+003  0.6738485E+002 -0.1194842E+002
  64.000    05031981  0.8381644E+003  0.6820180E+004  0.3406120E+003  0.6144796E+002  0.1094970E+002  0.2061471E+003 -0.1346113E+003  0.7153588E+002 -0.1237203E+002
  65.000    06031981  0.8382078E+003  0.6820226E+004  0.3406120E+003  0.6280904E+002  0.1093644E+002  0.2103781E+003 -0.1370818E+003  0.7329621E+002 -0.1277938E+002
  66.000    07031981  0.8386445E+003  0.6820281E+004  0.3406120E+003  0.6423256E+002  0.1091865E+002  0.2138552E+003 -0.1388194E+003  0.7503581E+002 -0.1307689E+002
  67.000    08031981  0.8391398E+003  0.6820339E+004  0.3406120E+003  0.6547263E+002  0.1090162E+002  0.2171636E+003 -0.1406254E+003  0.7653820E+002 -0.1331592E+002
  68.000    09031981  0.8394543E+003  0.6820395E+004  0.3406120E+003  0.6828245E+002  0.1089036E+002  0.2224063E+003 -0.1427567E+003  0.7964966E+002 -0.1359053E+002
  69.000    10031981  0.8394867E+003  0.6820448E+004  0.3406120E+003  0.7144856E+002  0.1088253E+002  0.2284168E+003 -0.1452582E+003  0.8315865E+002 -0.1391977E+002
  70.000    11031981  0.8396737E+003  0.6820501E+004  0.3406120E+003  0.7419050E+002  0.1087219E+002  0.2342916E+003 -0.1480473E+003  0.8624428E+002 -0.1424709E+002
  71.000    12031981  0.8398075E+003  0.6820554E+004  0.3406120E+003  0.7611372E+002  0.1086153E+002  0.2390695E+003 -0.1505407E+003  0.8852881E+002 -0.1458597E+002
  72.000    13031981  0.8400373E+003  0.6820608E+004  0.3406120E+003  0.7819670E+002  0.1085132E+002  0.2448102E+003 -0.1538411E+003  0.9096904E+002 -0.1492110E+002
  73.000    14031981  0.8399434E+003  0.6820657E+004  0.3406120E+003  0.8054367E+002  0.1084155E+002  0.2502435E+003 -0.1565106E+003  0.9373284E+002 -0.1531547E+002
  74.000    15031981  0.8403721E+003  0.6820715E+004  0.3406120E+003  0.8235804E+002  0.1082602E+002  0.2550229E+003 -0.1591520E+003  0.9587087E+002 -0.1559104E+002
  75.000    16031981  0.8402474E+003  0.6820767E+004  0.3406120E+003  0.8547011E+002  0.1081841E+002  0.2614978E+003 -0.1621011E+003  0.9939667E+002 -0.1597386E+002
  76.000    17031981  0.8406116E+003  0.6820824E+004  0.3406120E+003  0.8664655E+002  0.1080326E+002  0.2651984E+003 -0.1642962E+003  0.1009022E+003 -0.1625211E+002
  77.000    18031981  0.8407325E+003  0.6820880E+004  0.3406120E+003  0.8972812E+002  0.1079574E+002  0.2714897E+003 -0.1671269E+003  0.1043628E+003 -0.1658146E+002
  78.000    19031981  0.8408839E+003  0.6820934E+004  0.3406120E+003  0.9147619E+002  0.1078273E+002  0.2757395E+003 -0.1692288E+003  0.1065107E+003 -0.1693199E+002
  79.000    20031981  0.8414402E+003  0.6820994E+004  0.3406120E+003  0.9245299E+002  0.1076483E+002  0.2785883E+003 -0.1707995E+003  0.1077888E+003 -0.1716663E+002
  80.000    21031981  0.8434008E+003  0.6821055E+004  0.3406120E+003  0.9526386E+002  0.1075215E+002  0.2836136E+003 -0.1727101E+003  0.1109035E+003 -0.1739745E+002
  81.000    22031981  0.8434104E+003  0.6821114E+004  0.3406120E+003  0.9768890E+002  0.1075093E+002  0.2882196E+003 -0.1745725E+003  0.1136471E+003 -0.1765374E+002
  82.000    23031981  0.8433073E+003  0.6821172E+004  0.3406120E+003  0.9954145E+002  0.1074722E+002  0.2920864E+003 -0.1763663E+003  0.1157201E+003 -0.1794612E+002
  83.000    24031981  0.8432225E+003  0.6821229E+004  0.3406120E+003  0.1027857E+003  0.1075850E+002  0.2980858E+003 -0.1787860E+003  0.1192997E+003 -0.1825062E+002
  84.000    25031981  0.8431370E+003  0.6821285E+004  0.3406120E+003  0.1057161E+003  0.1077388E+002  0.3042600E+003 -0.1816758E+003  0.1225842E+003 -0.1857922E+002
  85.000    26031981  0.8430468E+003  0.6821338E+004  0.3406120E+003  0.1085545E+003  0.1079724E+002  0.3113786E+003 -0.1856007E+003  0.1257778E+003 -0.1896215E+002
  86.000    27031981  0.8429382E+003  0.6821385E+004  0.3406120E+003  0.1110997E+003  0.1082370E+002  0.3193701E+003 -0.1906500E+003  0.1287201E+003 -0.1942012E+002
  87.000    28031981  0.8427617E+003  0.6821430E+004  0.3406120E+003  0.1135121E+003  0.1083633E+002  0.3263976E+003 -0.1948306E+003  0.1315671E+003 -0.1991042E+002
  88.000    29031981  0.8426212E+003  0.6821477E+004  0.3406120E+003  0.1161149E+003  0.1085295E+002  0.3342964E+003 -0.1996960E+003  0.1346005E+003 -0.2039025E+002
  89.000    30031981  0.8423713E+003  0.6821508E+004  0.3406120E+003  0.1182397E+003  0.1087527E+002  0.3426499E+003 -0.2054318E+003  0.1372181E+003 -0.2103603E+002
  90.000    31031981  0.8429847E+003  0.6821535E+004  0.3406120E+003  0.1209787E+003  0.1088808E+002  0.3521280E+003 -0.2116318E+003  0.1404962E+003 -0.2172045E+002
  91.000    01041981  0.8426686E+003  0.6821556E+004  0.3406120E+003  0.1240465E+003  0.1089571E+002  0.3616340E+003 -0.2174474E+003  0.1441866E+003 -0.2244631E+002
  92.000    02041981  0.8423308E+003  0.6821579E+004  0.3406120E+003  0.1266234E+003  0.1089699E+002  0.3701475E+003 -0.2227465E+003  0.1474010E+003 -0.2315953E+002
  93.000    03041981  0.8420394E+003  0.6821606E+004  0.3406120E+003  0.1287103E+003  0.1089620E+002  0.3787492E+003 -0.2286182E+003  0.1501310E+003 -0.2385582E+002
  94.000    04041981  0.8417167E+003  0.6821622E+004  0.3406120E+003  0.1313202E+003  0.1088919E+002  0.3883774E+003 -0.2349118E+003  0.1534656E+003 -0.2462094E+002
  95.000    05041981  0.8413242E+003  0.6821619E+004  0.3406120E+003  0.1338490E+003  0.1088003E+002  0.3981366E+003 -0.2413358E+003  0.1568008E+003 -0.2548451E+002
  96.000    06041981  0.8407936E+003  0.6821630E+004  0.3406120E+003  0.1374128E+003  0.1086827E+002  0.4064099E+003 -0.2452744E+003  0.1611355E+003 -0.2631511E+002
  97.000    07041981  0.8403766E+003  0.6821675E+004  0.3406120E+003  0.1409397E+003  0.1086334E+002  0.4133403E+003 -0.2480932E+003  0.1652471E+003 -0.2691777E+002
  98.000    08041981  0.8400142E+003  0.6821718E+004  0.3406120E+003  0.1453527E+003  0.1086116E+002  0.4224624E+003 -0.2521985E+003  0.1702639E+003 -0.2753388E+002
  99.000    09041981  0.8395638E+003  0.6821744E+004  0.3406120E+003  0.1482857E+003  0.1085809E+002  0.4307931E+003 -0.2568868E+003  0.1739063E+003 -0.2828651E+002
 100.000    10041981  0.8391301E+003  0.6821763E+004  0.3406120E+003  0.1523979E+003  0.1085906E+002  0.4412935E+003 -0.2625429E+003  0.1787506E+003 -0.2907366E+002
 101.000    11041981  0.8387489E+003  0.6821768E+004  0.3406120E+003  0.1548472E+003  0.1085392E+002  0.4518062E+003 -0.2698091E+003  0.1819970E+003 -0.2991796E+002
 102.000    12041981  0.8383625E+003  0.6821755E+004  0.3406120E+003  0.1567146E+003  0.1084207E+002  0.4623450E+003 -0.2775940E+003  0.1847510E+003 -0.3083969E+002
 103.000    13041981  0.8378543E+003  0.6821741E+004  0.3406120E+003  0.1600238E+003  0.1082836E+002  0.4724437E+003 -0.2834612E+003  0.1889825E+003 -0.3177649E+002
 104.000    14041981  0.8373268E+003  0.6821749E+004  0.3406120E+003  0.1637871E+003  0.1082025E+002  0.4820566E+003 -0.2884485E+003  0.1936081E+003 -0.3263745E+002
 105.000    15041981  0.8367706E+003  0.6821750E+004  0.3406120E+003  0.1672264E+003  0.1081018E+002  0.4913547E+003 -0.2934058E+003  0.1979489E+003 -0.3353457E+002
 106.000    16041981  0.8362522E+003  0.6821783E+004  0.3406120E+003  0.1707530E+003  0.1080677E+002  0.4994007E+003 -0.2971526E+003  0.2022481E+003 -0.3428098E+002
 107.000    17041981  0.8357516E+003  0.6821805E+004  0.3406120E+003  0.1760979E+003  0.1080218E+002  0.5103994E+003 -0.3019906E+003  0.2084088E+003 -0.3507993E+002
 108.000    18041981  0.8353325E+003  0.6821810E+004  0.3406120E+003  0.1784416E+003  0.1080246E+002  0.5210540E+003 -0.3094232E+003  0.2116308E+003 -0.3594878E+002
 109.000    19041981  0.8348440E+003  0.6821805E+004  0.3406120E+003  0.1811866E+003  0.1079430E+002  0.5308897E+003 -0.3155912E+003  0.2152986E+003 -0.3684832E+002
 110.000    20041981  0.8348230E+003  0.6821807E+004  0.3406120E+003  0.1846966E+003  0.1078551E+002  0.5402177E+003 -0.3204962E+003  0.2197215E+003 -0.3777554E+002
 111.000    21041981  0.8341973E+003  0.6821827E+004  0.3406120E+003  0.1893649E+003  0.1078604E+002  0.5491646E+003 -0.3239251E+003  0.2252395E+003 -0.3861961E+002
 112.000    22041981  0.8336725E+003  0.6821866E+004  0.3406120E+003  0.1937508E+003  0.1079333E+002  0.5580423E+003 -0.3276610E+003  0.2303813E+003 -0.3935022E+002
 113.000    23041981  0.8332099E+003  0.6821882E+004  0.3406120E+003  0.1975972E+003  0.1081465E+002  0.5693335E+003 -0.3342599E+003  0.2350735E+003 -0.4018630E+002
 114.000    24041981  0.8327017E+003  0.6821872E+004  0.3406120E+003  0.2005524E+003  0.1082610E+002  0.5801543E+003 -0.3411763E+003  0.2389779E+003 -0.4112790E+002
 115.000    25041981  0.8321091E+003  0.6821891E+004  0.3406120E+003  0.2048334E+003  0.1082903E+002  0.5892355E+003 -0.3450983E+003  0.2441373E+003 -0.4196383E+002
 116.000    26041981  0.8315929E+003  0.6821923E+004  0.3406120E+003  0.2088178E+003  0.1083982E+002  0.5984615E+003 -0.3495273E+003  0.2489341E+003 -0.4272751E+002
 117.000    27041981  0.8312063E+003  0.6821935E+004  0.3406120E+003  0.2103605E+003  0.1085962E+002  0.6087942E+003 -0.3574313E+003  0.2513629E+003 -0.4357387E+002
 118.000    28041981  0.8308268E+003  0.6821918E+004  0.3406120E+003  0.2108738E+003  0.1086795E+002  0.6191583E+003 -0.3662642E+003  0.2528941E+003 -0.4453591E+002
 119.000    29041981  0.8303902E+003  0.6821889E+004  0.3406120E+003  0.2124025E+003  0.1086894E+002  0.6296196E+003 -0.3741130E+003  0.2555066E+003 -0.4553533E+002
 120.000    30041981  0.8298942E+003  0.6821857E+004  0.3406120E+003  0.2151723E+003  0.1087113E+002  0.6404870E+003 -0.3811005E+003  0.2593866E+003 -0.4654269E+002
 121.000    01051981  0.8302521E+003  0.6821830E+004  0.3406120E+003  0.2187606E+003  0.1086613E+002  0.6512576E+003 -0.3871802E+003  0.2640774E+003 -0.4752819E+002
 122.000    02051981  0.8296576E+003  0.6821838E+004  0.3406120E+003  0.2230666E+003  0.1086639E+002  0.6604967E+003 -0.3911191E+003  0.2693775E+003 -0.4838302E+002
 123.000    03051981  0.8291176E+003  0.6821863E+004  0.3406120E+003  0.2271899E+003  0.1086936E+002  0.6695708E+003 -0.3951484E+003  0.2744224E+003 -0.4916397E+002
 124.000    04051981  0.8286517E+003  0.6821884E+004  0.3406120E+003  0.2305025E+003  0.1087907E+002  0.6793356E+003 -0.4006732E+003  0.2786624E+003 -0.4995245E+002
 125.000    05051981  0.8282036E+003  0.6821889E+004  0.3406120E+003  0.2330472E+003  0.1089001E+002  0.6893734E+003 -0.4071811E+003  0.2821923E+003 -0.5079878E+002
 126.000    06051981  0.8277146E+003  0.6821883E+004  0.3406120E+003  0.2370667E+003  0.1089863E+002  0.7006810E+003 -0.4134431E+003  0.2872378E+003 -0.5168644E+002
 127.000    07051981  0.8270147E+003  0.6821874E+004  0.3406120E+003  0.2407008E+003  0.1091044E+002  0.7100221E+003 -0.4181467E+003  0.2918754E+003 -0.5269673E+002
 128.000    08051981  0.8279385E+003  0.6821897E+004  0.3406120E+003  0.2458649E+003  0.1091851E+002  0.7199735E+003 -0.4220237E+003  0.2979497E+003 -0.5352637E+002
 129.000    09051981  0.8273566E+003  0.6821915E+004  0.3406120E+003  0.2513800E+003  0.1094846E+002  0.7309638E+003 -0.4265676E+003  0.3043962E+003 -0.5436241E+002
 130.000    10051981  0.8266867E+003  0.6821924E+004  0.3406120E+003  0.2556807E+003  0.1098122E+002  0.7412594E+003 -0.4316322E+003  0.3096272E+003 -0.5531822E+002
 131.000    11051981  0.8260392E+003  0.6821918E+004  0.3406120E+003  0.2595149E+003  0.1103026E+002  0.7535212E+003 -0.4391649E+003  0.3143563E+003 -0.5638690E+002
 132.000    12051981  0.8253638E+003  0.6821906E+004  0.3406120E+003  0.2635732E+003  0.1105764E+002  0.7645917E+003 -0.4452325E+003  0.3193592E+003 -0.5743331E+002
 133.000    13051981  0.8247405E+003  0.6821909E+004  0.3406120E+003  0.2673908E+003  0.1108824E+002  0.7752979E+003 -0.4511469E+003  0.3241511E+003 -0.5840328E+002
 134.000    14051981  0.8242072E+003  0.6821905E+004  0.3406120E+003  0.2696859E+003  0.1112966E+002  0.7861893E+003 -0.4587384E+003  0.3274509E+003 -0.5938872E+002
 135.000    15051981  0.8236678E+003  0.6821881E+004  0.3406120E+003  0.2721500E+003  0.1117135E+002  0.7976958E+003 -0.4666975E+003  0.3309983E+003 -0.6044308E+002
 136.000    16051981  0.8230291E+003  0.6821868E+004  0.3406120E+003  0.2758213E+003  0.1119687E+002  0.8080713E+003 -0.4723299E+003  0.3357415E+003 -0.6145177E+002
 137.000    17051981  0.8224096E+003  0.6821864E+004  0.3406120E+003  0.2797304E+003  0.1122346E+002  0.8187360E+003 -0.4780307E+003  0.3407053E+003 -0.6243081E+002
 138.000    18051981  0.8218124E+003  0.6821856E+004  0.3406120E+003  0.2830614E+003  0.1125506E+002  0.8295336E+003 -0.4844267E+003  0.3451069E+003 -0.6342281E+002
 139.000    19051981  0.8211362E+003  0.6821833E+004  0.3406120E+003  0.2873683E+003  0.1129395E+002  0.8408860E+003 -0.4903700E+003  0.3505160E+003 -0.6448313E+002
 140.000    20051981  0.8203160E+003  0.6821838E+004  0.3406120E+003  0.2900161E+003  0.1130877E+002  0.8479795E+003 -0.4939201E+003  0.3540594E+003 -0.6552596E+002
 141.000    21051981  0.8196571E+003  0.6821860E+004  0.3406120E+003  0.2953362E+003  0.1132937E+002  0.8584569E+003 -0.4981823E+003  0.3602746E+003 -0.6641734E+002
 142.000    22051981  0.8191212E+003  0.6821875E+004  0.3406120E+003  0.2985793E+003  0.1136351E+002  0.8693004E+003 -0.5049240E+003  0.3643764E+003 -0.6732062E+002
 143.000    23051981  0.8186042E+003  0.6821870E+004  0.3406120E+003  0.3007306E+003  0.1140264E+002  0.8801385E+003 -0.5127675E+003  0.3673710E+003 -0.6830460E+002
 144.000    24051981  0.8181209E+003  0.6821847E+004  0.3406120E+003  0.3020128E+003  0.1145452E+002  0.8910812E+003 -0.5215317E+003  0.3695495E+003 -0.6935122E+002
 145.000    25051981  0.8176411E+003  0.6821807E+004  0.3406120E+003  0.3030776E+003  0.1150827E+002  0.9020933E+003 -0.5305051E+003  0.3715882E+003 -0.7045006E+002
 146.000    26051981  0.8180957E+003  0.6821756E+004  0.3406120E+003  0.3047216E+003  0.1155100E+002  0.9135278E+003 -0.5392547E+003  0.3742731E+003 -0.7159115E+002
 147.000    27051981  0.8173788E+003  0.6821699E+004  0.3406120E+003  0.3070652E+003  0.1159253E+002  0.9233013E+003 -0.5456257E+003  0.3776756E+003 -0.7279418E+002
 148.000    28051981  0.8166398E+003  0.6821646E+004  0.3406120E+003  0.3110241E+003  0.1163651E+002  0.9351783E+003 -0.5525618E+003  0.3826165E+003 -0.7402665E+002
 149.000    29051981  0.8159249E+003  0.6821593E+004  0.3406120E+003  0.3157255E+003  0.1169500E+002  0.9475534E+003 -0.5591810E+003  0.3883724E+003 -0.7520390E+002
 150.000    30051981  0.8153330E+003  0.6821538E+004  0.3406120E+003  0.3182163E+003  0.1175660E+002  0.9598937E+003 -0.5679168E+003  0.3919769E+003 -0.7637718E+002
 151.000    31051981  0.8157380E+003  0.6821456E+004  0.3406120E+003  0.3186106E+003  0.1181418E+002  0.9715291E+003 -0.5779793E+003  0.3935497E+003 -0.7763657E+002
 152.000    01061981  0.8150386E+003  0.6821362E+004  0.3406120E+003  0.3211321E+003  0.1187424E+002  0.9831031E+003 -0.5858713E+003  0.3972318E+003 -0.7896159E+002
 153.000    02061981  0.8143307E+003  0.6821267E+004  0.3406120E+003  0.3241951E+003  0.1193111E+002  0.9958455E+003 -0.5944231E+003  0.4014224E+003 -0.8032718E+002
 154.000    03061981  0.8136654E+003  0.6821158E+004  0.3406120E+003  0.3261627E+003  0.1198531E+002  0.1008003E+004 -0.6033711E+003  0.4046315E+003 -0.8168431E+002
 155.000    04061981  0.8130795E+003  0.6821038E+004  0.3406120E+003  0.3277723E+003  0.1205643E+002  0.1021230E+004 -0.6136743E+003  0.4075555E+003 -0.8306389E+002
 156.000    05061981  0.8124840E+003  0.6820901E+004  0.3406120E+003  0.3288810E+003  0.1211898E+002  0.1033861E+004 -0.6238804E+003  0.4099811E+003 -0.8449289E+002
 157.000    06061981  0.8118522E+003  0.6820749E+004  0.3406120E+003  0.3279272E+003  0.1217162E+002  0.1044222E+004 -0.6338753E+003  0.4103470E+003 -0.8598450E+002
 158.000    07061981  0.8111567E+003  0.6820599E+004  0.3406120E+003  0.3294298E+003  0.1222695E+002  0.1055845E+004 -0.6427322E+003  0.4131129E+003 -0.8748194E+002
 159.000    08061981  0.8105228E+003  0.6820465E+004  0.3406120E+003  0.3312262E+003  0.1228574E+002  0.1067910E+004 -0.6517716E+003  0.4161384E+003 -0.8890387E+002
 160.000    09061981  0.8100203E+003  0.6820311E+004  0.3406120E+003  0.3304132E+003  0.1235485E+002  0.1079874E+004 -0.6632548E+003  0.4166192E+003 -0.9038326E+002
 161.000    10061981  0.8096156E+003  0.6820121E+004  0.3406120E+003  0.3279121E+003  0.1244921E+002  0.1091111E+004 -0.6755991E+003  0.4155122E+003 -0.9194154E+002
 162.000    11061981  0.8091583E+003  0.6819925E+004  0.3406120E+003  0.3270016E+003  0.1251189E+002  0.1102507E+004 -0.6864854E+003  0.4160212E+003 -0.9349878E+002
 163.000    12061981  0.8085483E+003  0.6819763E+004  0.3406120E+003  0.3292443E+003  0.1257263E+002  0.1114821E+004 -0.6952121E+003  0.4196089E+003 -0.9500323E+002
 164.000    13061981  0.8088494E+003  0.6819586E+004  0.3406120E+003  0.3295652E+003  0.1263236E+002  0.1127117E+004 -0.7058119E+003  0.4213050E+003 -0.9652972E+002
 165.000    14061981  0.8084684E+003  0.6819377E+004  0.3406120E+003  0.3277421E+003  0.1272729E+002  0.1138864E+004 -0.7179349E+003  0.4209293E+003 -0.9811271E+002
 166.000    15061981  0.8081534E+003  0.6819151E+004  0.3406120E+003  0.3244460E+003  0.1281889E+002  0.1149640E+004 -0.7305104E+003  0.4191298E+003 -0.9972668E+002
 167.000    16061981  0.8078825E+003  0.6818911E+004  0.3406120E+003  0.3204997E+003  0.1290341E+002  0.1160069E+004 -0.7433507E+003  0.4167185E+003 -0.1013599E+003
 168.000    17061981  0.8075740E+003  0.6818673E+004  0.3406120E+003  0.3182801E+003  0.1297651E+002  0.1170869E+004 -0.7548439E+003  0.4160252E+003 -0.1029788E+003
 169.000    18061981  0.8070465E+003  0.6818451E+004  0.3406120E+003  0.3190685E+003  0.1303298E+002  0.1182281E+004 -0.7640172E+003  0.4182639E+003 -0.1046191E+003
 170.000    19061981  0.8065647E+003  0.6818238E+004  0.3406120E+003  0.3207905E+003  0.1309341E+002  0.1195281E+004 -0.7738736E+003  0.4214072E+003 -0.1062203E+003
 171.000    20061981  0.8060542E+003  0.6818017E+004  0.3406120E+003  0.3220322E+003  0.1315099E+002  0.1207738E+004 -0.7836460E+003  0.4240924E+003 -0.1078462E+003
 172.000    21061981  0.8056757E+003  0.6817804E+004  0.3406120E+003  0.3210732E+003  0.1321073E+002  0.1219316E+004 -0.7947568E+003  0.4245595E+003 -0.1094198E+003
 173.000    22061981  0.8064993E+003  0.6817554E+004  0.3406120E+003  0.3173606E+003  0.1330195E+002  0.1229880E+004 -0.8075170E+003  0.4223631E+003 -0.1110647E+003
 174.000    23061981  0.8062202E+003  0.6817303E+004  0.3406120E+003  0.3149056E+003  0.1338658E+002  0.1240554E+004 -0.8191124E+003  0.4214418E+003 -0.1126948E+003
 175.000    24061981  0.8058781E+003  0.6817062E+004  0.3406120E+003  0.3138559E+003  0.1346621E+002  0.1251419E+004 -0.8295054E+003  0.4219133E+003 -0.1142950E+003
 176.000    25061981  0.8056695E+003  0.6816795E+004  0.3406120E+003  0.3111374E+003  0.1354841E+002  0.1262717E+004 -0.8419489E+003  0.4207683E+003 -0.1159442E+003
 177.000    26061981  0.8053534E+003  0.6816533E+004  0.3406120E+003  0.3104851E+003  0.1361454E+002  0.1273963E+004 -0.8522767E+003  0.4216861E+003 -0.1175702E+003
 178.000    27061981  0.8049552E+003  0.6816339E+004  0.3406120E+003  0.3117359E+003  0.1366318E+002  0.1284904E+004 -0.8605414E+003  0.4243628E+003 -0.1190124E+003
 179.000    28061981  0.8045591E+003  0.6816182E+004  0.3406120E+003  0.3132811E+003  0.1370439E+002  0.1295585E+004 -0.8683477E+003  0.4272368E+003 -0.1203376E+003
 180.000    29061981  0.8041867E+003  0.6816038E+004  0.3406120E+003  0.3144948E+003  0.1374832E+002  0.1306231E+004 -0.8764773E+003  0.4297535E+003 -0.1216161E+003
 181.000    30061981  0.8037887E+003  0.6815894E+004  0.3406120E+003  0.3165487E+003  0.1378829E+002  0.1317518E+004 -0.8844037E+003  0.4331143E+003 -0.1228858E+003
 182.000    01071981  0.8042572E+003  0.6815742E+004  0.3406120E+003  0.3199173E+003  0.1383172E+002  0.1329893E+004 -0.8920863E+003  0.4378066E+003 -0.1241896E+003
 183.000    02071981  0.8036709E+003  0.6815582E+004  0.3406120E+003  0.3227718E+003  0.1387494E+002  0.1341503E+004 -0.8995712E+003  0.4419316E+003 -0.1255781E+003
 184.000    03071981  0.8029782E+003  0.6815412E+004  0.3406120E+003  0.3250503E+003  0.1391584E+002  0.1352968E+004 -0.9075651E+003  0.4454031E+003 -0.1270904E+003
 185.000    04071981  0.8021627E+003  0.6815231E+004  0.3406120E+003  0.3265569E+003  0.1395657E+002  0.1365240E+004 -0.9159075E+003  0.4493323E+003 -0.1287529E+003
 186.000    05071981  0.8016569E+003  0.6815033E+004  0.3406120E+003  0.3288549E+003  0.1399569E+002  0.1378060E+004 -0.9255809E+003  0.4524787E+003 -0.1302114E+003
 187.000    06071981  0.8011713E+003  0.6814809E+004  0.3406120E+003  0.3285128E+003  0.1403166E+002  0.1388538E+004 -0.9354046E+003  0.4531331E+003 -0.1317261E+003
 188.000    07071981  0.8007287E+003  0.6814581E+004  0.3406120E+003  0.3297781E+003  0.1405751E+002  0.1400822E+004 -0.9452919E+003  0.4555300E+003 -0.1332378E+003
 189.000    08071981  0.8004347E+003  0.6814329E+004  0.3406120E+003  0.3282335E+003  0.1408658E+002  0.1412513E+004 -0.9571559E+003  0.4553572E+003 -0.1347996E+003
 190.000    09071981  0.8001949E+003  0.6814066E+004  0.3406120E+003  0.3262904E+003  0.1411228E+002  0.1423906E+004 -0.9690587E+003  0.4548474E+003 -0.1363725E+003
 191.000    10071981  0.8000187E+003  0.6813778E+004  0.3406120E+003  0.3238099E+003  0.1414875E+002  0.1435357E+004 -0.9815014E+003  0.4538555E+003 -0.1379934E+003
 192.000    11071981  0.7998286E+003  0.6813475E+004  0.3406120E+003  0.3215761E+003  0.1417605E+002  0.1446158E+004 -0.9930342E+003  0.4531237E+003 -0.1396247E+003
 193.000    12071981  0.7996046E+003  0.6813179E+004  0.3406120E+003  0.3199271E+003  0.1419401E+002  0.1456612E+004 -0.1003639E+004  0.4529728E+003 -0.1412423E+003
 194.000    13071981  0.7994512E+003  0.6812885E+004  0.3406120E+003  0.3192740E+003  0.1420955E+002  0.1468963E+004 -0.1015146E+004  0.4538168E+003 -0.1428534E+003
 195.000    14071981  0.7993063E+003  0.6812580E+004  0.3406120E+003  0.3179208E+003  0.1423044E+002  0.1480478E+004 -0.1026488E+004  0.4539897E+003 -0.1444791E+003
 196.000    15071981  0.7991169E+003  0.6812303E+004  0.3406120E+003  0.3176629E+003  0.1424742E+002  0.1491879E+004 -0.1036670E+004  0.4552094E+003 -0.1460295E+003
 197.000    16071981  0.7988677E+003  0.6812050E+004  0.3406120E+003  0.3181925E+003  0.1426616E+002  0.1502936E+004 -0.1045767E+004  0.4571683E+003 -0.1475192E+003
 198.000    17071981  0.7985434E+003  0.6811772E+004  0.3406120E+003  0.3186055E+003  0.1428482E+002  0.1514481E+004 -0.1055528E+004  0.4589524E+003 -0.1491488E+003
 199.000    18071981  0.7983157E+003  0.6811506E+004  0.3406120E+003  0.3189349E+003  0.1430207E+002  0.1526590E+004 -0.1065875E+004  0.4607145E+003 -0.1506969E+003
 200.000    19071981  0.7981244E+003  0.6811215E+004  0.3406120E+003  0.3178715E+003  0.1431278E+002  0.1537703E+004 -0.1076546E+004  0.4611569E+003 -0.1522833E+003
 201.000    20071981  0.7978916E+003  0.6810921E+004  0.3406120E+003  0.3179977E+003  0.1432318E+002  0.1549577E+004 -0.1086814E+004  0.4627628E+003 -0.1538879E+003
 202.000    21071981  0.7977089E+003  0.6810606E+004  0.3406120E+003  0.3176913E+003  0.1433758E+002  0.1561930E+004 -0.1097943E+004  0.4639872E+003 -0.1555350E+003
 203.000    22071981  0.7975186E+003  0.6810315E+004  0.3406120E+003  0.3173621E+003  0.1435050E+002  0.1573401E+004 -0.1108228E+004  0.4651737E+003 -0.1571048E+003
 204.000    23071981  0.7973049E+003  0.6810037E+004  0.3406120E+003  0.3179570E+003  0.1436431E+002  0.1585229E+004 -0.1117960E+004  0.4672694E+003 -0.1586412E+003
 205.000    24071981  0.7970365E+003  0.6809760E+004  0.3406120E+003  0.3192584E+003  0.1437313E+002  0.1597197E+004 -0.1127116E+004  0.4700803E+003 -0.1601738E+003
 206.000    25071981  0.7967050E+003  0.6809482E+004  0.3406120E+003  0.3208877E+003  0.1438002E+002  0.1609842E+004 -0.1136735E+004  0.4731069E+003 -0.1617768E+003
 207.000    26071981  0.7965063E+003  0.6809182E+004  0.3406120E+003  0.3206054E+003  0.1438571E+002  0.1622059E+004 -0.1147708E+004  0.4743516E+003 -0.1633738E+003
 208.000    27071981  0.7963831E+003  0.6808862E+004  0.3406120E+003  0.3189263E+003  0.1439401E+002  0.1633693E+004 -0.1159434E+004  0.4742594E+003 -0.1650013E+003
 209.000    28071981  0.7962425E+003  0.6808517E+004  0.3406120E+003  0.3170226E+003  0.1440298E+002  0.1644896E+004 -0.1170962E+004  0.4739348E+003 -0.1666956E+003
 210.000    29071981  0.7960776E+003  0.6808179E+004  0.3406120E+003  0.3155981E+003  0.1440660E+002  0.1655757E+004 -0.1181640E+004  0.4741169E+003 -0.1683632E+003
 211.000    30071981  0.7958475E+003  0.6807884E+004  0.3406120E+003  0.3162374E+003  0.1440589E+002  0.1666857E+004 -0.1190550E+004  0.4763075E+003 -0.1699135E+003
 212.000    31071981  0.7964583E+003  0.6807638E+004  0.3406120E+003  0.3189785E+003  0.1440005E+002  0.1678434E+004 -0.1197928E+004  0.4805069E+003 -0.1713452E+003
 213.000    01081981  0.7962031E+003  0.6807397E+004  0.3406120E+003  0.3201904E+003  0.1440490E+002  0.1689981E+004 -0.1206810E+004  0.4831708E+003 -0.1727629E+003
 214.000    02081981  0.7959342E+003  0.6807142E+004  0.3406120E+003  0.3209022E+003  0.1440997E+002  0.1701000E+004 -0.1215628E+004  0.4853728E+003 -0.1742043E+003
 215.000    03081981  0.7956305E+003  0.6806887E+004  0.3406120E+003  0.3222196E+003  0.1441267E+002  0.1712380E+004 -0.1224197E+004  0.4881829E+003 -0.1756442E+003
 216.000    04081981  0.7954191E+003  0.6806609E+004  0.3406120E+003  0.3227598E+003  0.1441135E+002  0.1724806E+004 -0.1234533E+004  0.4902733E+003 -0.1771351E+003
 217.000    05081981  0.7953424E+003  0.6806297E+004  0.3406120E+003  0.3199769E+003  0.1441049E+002  0.1735874E+004 -0.1246745E+004  0.4891292E+003 -0.1786965E+003
 218.000    06081981  0.7951375E+003  0.6805958E+004  0.3406120E+003  0.3184785E+003  0.1440753E+002  0.1746674E+004 -0.1257452E+004  0.4892218E+003 -0.1803622E+003
 219.000    07081981  0.7949234E+003  0.6805636E+004  0.3406120E+003  0.3185594E+003  0.1440586E+002  0.1758332E+004 -0.1267479E+004  0.4908531E+003 -0.1819733E+003
 220.000    08081981  0.7946986E+003  0.6805302E+004  0.3406120E+003  0.3176256E+003  0.1440096E+002  0.1769101E+004 -0.1277595E+004  0.4915060E+003 -0.1836351E+003
 221.000    09081981  0.7944414E+003  0.6804964E+004  0.3406120E+003  0.3171736E+003  0.1439080E+002  0.1779893E+004 -0.1287342E+004  0.4925506E+003 -0.1853205E+003
 222.000    10081981  0.7942112E+003  0.6804648E+004  0.3406120E+003  0.3186599E+003  0.1438607E+002  0.1792379E+004 -0.1296823E+004  0.4955567E+003 -0.1869189E+003
 223.000    11081981  0.7939889E+003  0.6804325E+004  0.3406120E+003  0.3184292E+003  0.1438215E+002  0.1803428E+004 -0.1306588E+004  0.4968405E+003 -0.1885385E+003
 224.000    12081981  0.7935870E+003  0.6803992E+004  0.3406120E+003  0.3177603E+003  0.1437633E+002  0.1814225E+004 -0.1315969E+004  0.4982564E+003 -0.1903345E+003
 225.000    13081981  0.7933537E+003  0.6803677E+004  0.3406120E+003  0.3188433E+003  0.1437055E+002  0.1825745E+004 -0.1325107E+004  0.5006380E+003 -0.1919123E+003
 226.000    14081981  0.7931558E+003  0.6803377E+004  0.3406120E+003  0.3200020E+003  0.1436526E+002  0.1837632E+004 -0.1334513E+004  0.5031191E+003 -0.1934379E+003
 227.000    15081981  0.7929819E+003  0.6803089E+004  0.3406120E+003  0.3204471E+003  0.1435803E+002  0.1848981E+004 -0.1344036E+004  0.5049449E+003 -0.1949268E+003
 228.000    16081981  0.7927966E+003  0.6802785E+004  0.3406120E+003  0.3204414E+003  0.1435184E+002  0.1859925E+004 -0.1353590E+004  0.5063348E+003 -0.1964495E+003
 229.000    17081981  0.7925560E+003  0.6802481E+004  0.3406120E+003  0.3209481E+003  0.1434385E+002  0.1870324E+004 -0.1362114E+004  0.5082097E+003 -0.1979634E+003
 230.000    18081981  0.7922510E+003  0.6802225E+004  0.3406120E+003  0.3240369E+003  0.1433986E+002  0.1881801E+004 -0.1369243E+004  0.5125576E+003 -0.1993540E+003
 231.000    19081981  0.7918122E+003  0.6801995E+004  0.3406120E+003  0.3280662E+003  0.1433967E+002  0.1893021E+004 -0.1375417E+004  0.5176034E+003 -0.2007350E+003
 232.000    20081981  0.7914104E+003  0.6801775E+004  0.3406120E+003  0.3319316E+003  0.1434047E+002  0.1905141E+004 -0.1382579E+004  0.5225619E+003 -0.2020700E+003
 233.000    21081981  0.7910393E+003  0.6801562E+004  0.3406120E+003  0.3347206E+003  0.1434227E+002  0.1916465E+004 -0.1390037E+004  0.5264287E+003 -0.2033523E+003
 234.000    22081981  0.7905916E+003  0.6801352E+004  0.3406120E+003  0.3351295E+003  0.1434045E+002  0.1924405E+004 -0.1396432E+004  0.5279729E+003 -0.2046300E+003
 235.000    23081981  0.7902066E+003  0.6801158E+004  0.3406120E+003  0.3384648E+003  0.1433772E+002  0.1935973E+004 -0.1403568E+004  0.5324053E+003 -0.2058446E+003
 236.000    24081981  0.7898725E+003  0.6800949E+004  0.3406120E+003  0.3397134E+003  0.1433699E+002  0.1947142E+004 -0.1412349E+004  0.5347925E+003 -0.2071138E+003
 237.000    25081981  0.7895342E+003  0.6800719E+004  0.3406120E+003  0.3401435E+003  0.1433518E+002  0.1957763E+004 -0.1421331E+004  0.5364315E+003 -0.2084461E+003
 238.000    26081981  0.7891551E+003  0.6800497E+004  0.3406120E+003  0.3420163E+003  0.1433119E+002  0.1968764E+004 -0.1429263E+004  0.5395018E+003 -0.2097494E+003
 239.000    27081981  0.7888017E+003  0.6800288E+004  0.3406120E+003  0.3436393E+003  0.1432787E+002  0.1979527E+004 -0.1437233E+004  0.5422948E+003 -0.2110091E+003
 240.000    28081981  0.7884576E+003  0.6800073E+004  0.3406120E+003  0.3452573E+003  0.1432411E+002  0.1990655E+004 -0.1445530E+004  0.5451249E+003 -0.2122887E+003
 241.000    29081981  0.7881207E+003  0.6799846E+004  0.3406120E+003  0.3468159E+003  0.1432244E+002  0.2002130E+004 -0.1454197E+004  0.5479330E+003 -0.2135948E+003
 242.000    30081981  0.7877201E+003  0.6799603E+004  0.3406120E+003  0.3478413E+003  0.1431734E+002  0.2012742E+004 -0.1462524E+004  0.5502171E+003 -0.2149690E+003
 243.000    31081981  0.7882590E+003  0.6799362E+004  0.3406120E+003  0.3495835E+003  0.1430544E+002  0.2024190E+004 -0.1470949E+004  0.5532411E+003 -0.2163277E+003
 244.000    01091981  0.7879181E+003  0.6799117E+004  0.3406120E+003  0.3509762E+003  0.1430091E+002  0.2035710E+004 -0.1479751E+004  0.5559589E+003 -0.2176892E+003
 245.000    02091981  0.7876044E+003  0.6798859E+004  0.3406120E+003  0.3516104E+003  0.1429542E+002  0.2046825E+004 -0.1488867E+004  0.5579574E+003 -0.2190729E+003
 246.000    03091981  0.7873053E+003  0.6798598E+004  0.3406120E+003  0.3524996E+003  0.1428776E+002  0.2058229E+004 -0.1497992E+004  0.5602369E+003 -0.2204623E+003
 247.000    04091981  0.7869441E+003  0.6798342E+004  0.3406120E+003  0.3522367E+003  0.1427954E+002  0.2067162E+004 -0.1505796E+004  0.5613658E+003 -0.2218369E+003
 248.000    05091981  0.7864690E+003  0.6798110E+004  0.3406120E+003  0.3524957E+003  0.1427065E+002  0.2074902E+004 -0.1512136E+004  0.5627655E+003 -0.2232013E+003
 249.000    06091981  0.7860738E+003  0.6797898E+004  0.3406120E+003  0.3558397E+003  0.1426303E+002  0.2086503E+004 -0.1519262E+004  0.5672407E+003 -0.2244897E+003
 250.000    07091981  0.7856267E+003  0.6797666E+004  0.3406120E+003  0.3554770E+003  0.1425488E+002  0.2097032E+004 -0.1527031E+004  0.5700007E+003 -0.2258769E+003
 251.000    08091981  0.7852628E+003  0.6797432E+004  0.3406120E+003  0.3570669E+003  0.1424571E+002  0.2108119E+004 -0.1535460E+004  0.5726583E+003 -0.2272202E+003
 252.000    09091981  0.7848818E+003  0.6797211E+004  0.3406120E+003  0.3596867E+003  0.1423572E+002  0.2118716E+004 -0.1542441E+004  0.5762748E+003 -0.2285042E+003
 253.000    10091981  0.7845439E+003  0.6797027E+004  0.3406120E+003  0.3618663E+003  0.1422944E+002  0.2128827E+004 -0.1549331E+004  0.5794965E+003 -0.2296546E+003
 254.000    11091981  0.7842323E+003  0.6796844E+004  0.3406120E+003  0.3630193E+003  0.1422326E+002  0.2138770E+004 -0.1557038E+004  0.5817317E+003 -0.2308086E+003
 255.000    12091981  0.7839200E+003  0.6796648E+004  0.3406120E+003  0.3637324E+003  0.1421701E+002  0.2148928E+004 -0.1565356E+004  0.5835715E+003 -0.2320174E+003
 256.000    13091981  0.7836203E+003  0.6796441E+004  0.3406120E+003  0.3640444E+003  0.1420762E+002  0.2158994E+004 -0.1573952E+004  0.5850416E+003 -0.2332558E+003
 257.000    14091981  0.7833395E+003  0.6796225E+004  0.3406120E+003  0.3641859E+003  0.1419567E+002  0.2169192E+004 -0.1582815E+004  0.5863772E+003 -0.2345193E+003
 258.000    15091981  0.7830247E+003  0.6795990E+004  0.3406120E+003  0.3645936E+003  0.1418190E+002  0.2179448E+004 -0.1591409E+004  0.5880394E+003 -0.2358340E+003
 259.000    16091981  0.7826341E+003  0.6795751E+004  0.3406120E+003  0.3641644E+003  0.1416717E+002  0.2187979E+004 -0.1599145E+004  0.5888349E+003 -0.2371780E+003
 260.000    17091981  0.7822300E+003  0.6795539E+004  0.3406120E+003  0.3659923E+003  0.1415331E+002  0.2197340E+004 -0.1605560E+004  0.5917807E+003 -0.2384360E+003
 261.000    18091981  0.7818239E+003  0.6795349E+004  0.3406120E+003  0.3694610E+003  0.1414310E+002  0.2207969E+004 -0.1611614E+004  0.5963553E+003 -0.2396102E+003
 262.000    19091981  0.7815511E+003  0.6795201E+004  0.3406120E+003  0.3726085E+003  0.1412875E+002  0.2216800E+004 -0.1616330E+004  0.6004702E+003 -0.2406142E+003
 263.000    20091981  0.7813195E+003  0.6795076E+004  0.3406120E+003  0.3752041E+003  0.1412052E+002  0.2225763E+004 -0.1621784E+004  0.6039788E+003 -0.2415414E+003
 264.000    21091981  0.7809855E+003  0.6794943E+004  0.3406120E+003  0.3769613E+003  0.1411270E+002  0.2235083E+004 -0.1628365E+004  0.6067175E+003 -0.2425153E+003
 265.000    22091981  0.7806432E+003  0.6794798E+004  0.3406120E+003  0.3782663E+003  0.1410290E+002  0.2244601E+004 -0.1635528E+004  0.6090729E+003 -0.2435390E+003
 266.000    23091981  0.7802436E+003  0.6794652E+004  0.3406120E+003  0.3802509E+003  0.1409239E+002  0.2253902E+004 -0.1641767E+004  0.6121354E+003 -0.2445680E+003
 267.000    24091981  0.7800759E+003  0.6794543E+004  0.3406120E+003  0.3827408E+003  0.1407584E+002  0.2261859E+004 -0.1646288E+004  0.6155704E+003 -0.2454375E+003
 268.000    25091981  0.7798142E+003  0.6794444E+004  0.3406120E+003  0.3850241E+003  0.1406478E+002  0.2270252E+004 -0.1651458E+004  0.6187940E+003 -0.2462824E+003
 269.000    26091981  0.7794815E+003  0.6794339E+004  0.3406120E+003  0.3867971E+003  0.1405558E+002  0.2279205E+004 -0.1657643E+004  0.6215617E+003 -0.2471644E+003
 270.000    27091981  0.7791463E+003  0.6794222E+004  0.3406120E+003  0.3879996E+003  0.1404422E+002  0.2288403E+004 -0.1664577E+004  0.6238262E+003 -0.2480980E+003
 271.000    28091981  0.7787961E+003  0.6794089E+004  0.3406120E+003  0.3887459E+003  0.1403097E+002  0.2297523E+004 -0.1671808E+004  0.6257150E+003 -0.2490928E+003
 272.000    29091981  0.7785963E+003  0.6793985E+004  0.3406120E+003  0.3907083E+003  0.1401434E+002  0.2305515E+004 -0.1676791E+004  0.6287242E+003 -0.2499579E+003
 273.000    30091981  0.7783015E+003  0.6793885E+004  0.3406120E+003  0.3921431E+003  0.1400278E+002  0.2314402E+004 -0.1683187E+004  0.6312154E+003 -0.2508245E+003
 274.000    01101981  0.7789028E+003  0.6793753E+004  0.3406120E+003  0.3923400E+003  0.1398013E+002  0.2323948E+004 -0.1691344E+004  0.6326041E+003 -0.2518212E+003
 275.000    02101981  0.7784651E+003  0.6793611E+004  0.3406120E+003  0.3942019E+003  0.1396323E+002  0.2333077E+004 -0.1697399E+004  0.6356780E+003 -0.2528476E+003
 276.000    03101981  0.7785622E+003  0.6793538E+004  0.3406120E+003  0.3964391E+003  0.1393204E+002  0.2339586E+004 -0.1700717E+004  0.6388690E+003 -0.2535851E+003
 277.000    04101981  0.7784925E+003  0.6793477E+004  0.3406120E+003  0.3990338E+003  0.1391503E+002  0.2347357E+004 -0.1704950E+004  0.6424069E+003 -0.2542916E+003
 278.000    05101981  0.7782294E+003  0.6793405E+004  0.3406120E+003  0.4009779E+003  0.1390371E+002  0.2355921E+004 -0.1710568E+004  0.6453525E+003 -0.2550536E+003
 279.000    06101981  0.7779435E+003  0.6793308E+004  0.3406120E+003  0.4011440E+003  0.1388864E+002  0.2364835E+004 -0.1718203E+004  0.6466317E+003 -0.2559234E+003
 280.000    07101981  0.7775652E+003  0.6793194E+004  0.3406120E+003  0.4020785E+003  0.1387220E+002  0.2373128E+004 -0.1724370E+004  0.6487578E+003 -0.2568498E+003
 281.000    08101981  0.7775406E+003  0.6793128E+004  0.3406120E+003  0.4043795E+003  0.1384805E+002  0.2380246E+004 -0.1728179E+004  0.6520675E+003 -0.2575749E+003
 282.000    09101981  0.7774294E+003  0.6793074E+004  0.3406120E+003  0.4067602E+003  0.1382848E+002  0.2387683E+004 -0.1732262E+004  0.6554216E+003 -0.2582570E+003
 283.000    10101981  0.7772084E+003  0.6793021E+004  0.3406120E+003  0.4098223E+003  0.1381244E+002  0.2395748E+004 -0.1736287E+004  0.6594607E+003 -0.2589412E+003
 284.000    11101981  0.7768250E+003  0.6792965E+004  0.3406120E+003  0.4120091E+003  0.1379988E+002  0.2403233E+004 -0.1740592E+004  0.6626416E+003 -0.2596506E+003
 285.000    12101981  0.7764535E+003  0.6792910E+004  0.3406120E+003  0.4150753E+003  0.1378789E+002  0.2411684E+004 -0.1744992E+004  0.6666916E+003 -0.2603511E+003
 286.000    13101981  0.7761387E+003  0.6792860E+004  0.3406120E+003  0.4173008E+003  0.1377564E+002  0.2419303E+004 -0.1749418E+004  0.6698853E+003 -0.2610285E+003
 287.000    14101981  0.7760386E+003  0.6792819E+004  0.3406120E+003  0.4190618E+003  0.1375772E+002  0.2426432E+004 -0.1753860E+004  0.6725725E+003 -0.2616650E+003
 288.000    15101981  0.7758222E+003  0.6792774E+004  0.3406120E+003  0.4207516E+003  0.1374264E+002  0.2434001E+004 -0.1758783E+004  0.6752181E+003 -0.2623256E+003
 289.000    16101981  0.7755341E+003  0.6792725E+004  0.3406120E+003  0.4221318E+003  0.1372879E+002  0.2441926E+004 -0.1764345E+004  0.6775810E+003 -0.2630009E+003
 290.000    17101981  0.7752912E+003  0.6792673E+004  0.3406120E+003  0.4234790E+003  0.1371228E+002  0.2449216E+004 -0.1769283E+004  0.6799325E+003 -0.2636879E+003
 291.000    18101981  0.7750513E+003  0.6792625E+004  0.3406120E+003  0.4254797E+003  0.1369652E+002  0.2457792E+004 -0.1774861E+004  0.6829311E+003 -0.2643638E+003
 292.000    19101981  0.7747692E+003  0.6792569E+004  0.3406120E+003  0.4266027E+003  0.1367967E+002  0.2464281E+004 -0.1779192E+004  0.6850886E+003 -0.2650650E+003
 293.000    20101981  0.7749897E+003  0.6792553E+004  0.3406120E+003  0.4283438E+003  0.1364522E+002  0.2469943E+004 -0.1782249E+004  0.6876937E+003 -0.2655952E+003
 294.000    21101981  0.7750878E+003  0.6792538E+004  0.3406120E+003  0.4300342E+003  0.1362118E+002  0.2476450E+004 -0.1786194E+004  0.6902568E+003 -0.2661262E+003
 295.000    22101981  0.7749704E+003  0.6792509E+004  0.3406120E+003  0.4316458E+003  0.1360760E+002  0.2484284E+004 -0.1791483E+004  0.6928010E+003 -0.2667259E+003
 296.000    23101981  0.7747554E+003  0.6792455E+004  0.3406120E+003  0.4316530E+003  0.1358866E+002  0.2491034E+004 -0.1797244E+004  0.6937903E+003 -0.2674409E+003
 297.000    24101981  0.7745693E+003  0.6792410E+004  0.3406120E+003  0.4333232E+003  0.1356949E+002  0.2497442E+004 -0.1801009E+004  0.6964332E+003 -0.2681324E+003
 298.000    25101981  0.7747121E+003  0.6792397E+004  0.3406120E+003  0.4351964E+003  0.1354482E+002  0.2502370E+004 -0.1803619E+004  0.6987514E+003 -0.2687147E+003
 299.000    26101981  0.7744204E+003  0.6792374E+004  0.3406120E+003  0.4382540E+003  0.1353080E+002  0.2510125E+004 -0.1807829E+004  0.7022961E+003 -0.2693669E+003
 300.000    27101981  0.7741312E+003  0.6792314E+004  0.3406120E+003  0.4367144E+003  0.1350219E+002  0.2517964E+004 -0.1814854E+004  0.7031101E+003 -0.2701992E+003
 301.000    28101981  0.7738557E+003  0.6792263E+004  0.3406120E+003  0.4390272E+003  0.1347856E+002  0.2525509E+004 -0.1819562E+004  0.7059464E+003 -0.2709539E+003
 302.000    29101981  0.7735197E+003  0.6792218E+004  0.3406120E+003  0.4402882E+003  0.1345844E+002  0.2531889E+004 -0.1824176E+004  0.7077128E+003 -0.2716894E+003
 303.000    30101981  0.7731899E+003  0.6792178E+004  0.3406120E+003  0.4428877E+003  0.1343900E+002  0.2539513E+004 -0.1828652E+004  0.7108611E+003 -0.2724005E+003
 304.000    31101981  0.7738987E+003  0.6792147E+004  0.3406120E+003  0.4449984E+003  0.1341388E+002  0.2546405E+004 -0.1832908E+004  0.7134963E+003 -0.2730710E+003
 305.000    01111981  0.7737196E+003  0.6792117E+004  0.3406120E+003  0.4468754E+003  0.1339273E+002  0.2553364E+004 -0.1837478E+004  0.7158861E+003 -0.2737331E+003
 306.000    02111981  0.7734331E+003  0.6792074E+004  0.3406120E+003  0.4482136E+003  0.1337045E+002  0.2561170E+004 -0.1843359E+004  0.7178114E+003 -0.2744722E+003
 307.000    03111981  0.7731249E+003  0.6792027E+004  0.3406120E+003  0.4496455E+003  0.1334924E+002  0.2568845E+004 -0.1848982E+004  0.7198628E+003 -0.2752275E+003
 308.000    04111981  0.7728121E+003  0.6791977E+004  0.3406120E+003  0.4509768E+003  0.1332676E+002  0.2576506E+004 -0.1854661E+004  0.7218450E+003 -0.2759951E+003
 309.000    05111981  0.7724693E+003  0.6791924E+004  0.3406120E+003  0.4521160E+003  0.1330167E+002  0.2583602E+004 -0.1859941E+004  0.7236602E+003 -0.2767725E+003
 310.000    06111981  0.7720927E+003  0.6791871E+004  0.3406120E+003  0.4537223E+003  0.1327807E+002  0.2590647E+004 -0.1864722E+004  0.7259246E+003 -0.2775532E+003
 311.000    07111981  0.7721921E+003  0.6791856E+004  0.3406120E+003  0.4554158E+003  0.1324889E+002  0.2595572E+004 -0.1867435E+004  0.7281374E+003 -0.2781407E+003
 312.000    08111981  0.7725313E+003  0.6791864E+004  0.3406120E+003  0.4566502E+003  0.1321195E+002  0.2600009E+004 -0.1870204E+004  0.7298047E+003 -0.2786195E+003
 313.000    09111981  0.7727734E+003  0.6791868E+004  0.3406120E+003  0.4584124E+003  0.1318905E+002  0.2605789E+004 -0.1873748E+004  0.7320412E+003 -0.2791299E+003
 314.000    10111981  0.7726391E+003  0.6791855E+004  0.3406120E+003  0.4601345E+003  0.1317302E+002  0.2612197E+004 -0.1877889E+004  0.7343085E+003 -0.2797261E+003
 315.000    11111981  0.7727006E+003  0.6791848E+004  0.3406120E+003  0.4618301E+003  0.1315209E+002  0.2618141E+004 -0.1881613E+004  0.7365283E+003 -0.2802947E+003
 316.000    12111981  0.7728824E+003  0.6791849E+004  0.3406120E+003  0.4631781E+003  0.1312855E+002  0.2622883E+004 -0.1884512E+004  0.7383714E+003 -0.2808156E+003
 317.000    13111981  0.7733404E+003  0.6791870E+004  0.3406120E+003  0.4638520E+003  0.1309440E+002  0.2626288E+004 -0.1886828E+004  0.7394603E+003 -0.2812368E+003
 318.000    14111981  0.7738439E+003  0.6791897E+004  0.3406120E+003  0.4646577E+003  0.1306336E+002  0.2629999E+004 -0.1889342E+004  0.7406576E+003 -0.2816171E+003
 319.000    15111981  0.7742313E+003  0.6791921E+004  0.3406120E+003  0.4656085E+003  0.1303720E+002  0.2634448E+004 -0.1892417E+004  0.7420311E+003 -0.2820217E+003
 320.000    16111981  0.7744645E+003  0.6791939E+004  0.3406120E+003  0.4666732E+003  0.1301482E+002  0.2639226E+004 -0.1895676E+004  0.7435504E+003 -0.2824582E+003
 321.000    17111981  0.7743909E+003  0.6791949E+004  0.3406120E+003  0.4678795E+003  0.1300142E+002  0.2644157E+004 -0.1898896E+004  0.7452602E+003 -0.2829478E+003
 322.000    18111981  0.7745643E+003  0.6791964E+004  0.3406120E+003  0.4692843E+003  0.1298167E+002  0.2649371E+004 -0.1902218E+004  0.7471527E+003 -0.2834085E+003
 323.000    19111981  0.7746752E+003  0.6791978E+004  0.3406120E+003  0.4704616E+003  0.1296743E+002  0.2654887E+004 -0.1906046E+004  0.7488405E+003 -0.2838747E+003
 324.000    20111981  0.7745832E+003  0.6791977E+004  0.3406120E+003  0.4714933E+003  0.1295137E+002  0.2661501E+004 -0.1911022E+004  0.7504790E+003 -0.2844328E+003
 325.000    21111981  0.7760036E+003  0.6791992E+004  0.3406120E+003  0.4717109E+003  0.1292508E+002  0.2664733E+004 -0.1913493E+004  0.7512397E+003 -0.2848898E+003
 326.000    22111981  0.7776477E+003  0.6792028E+004  0.3406120E+003  0.4715303E+003  0.1289317E+002  0.2666842E+004 -0.1915356E+004  0.7514868E+003 -0.2852176E+003
 327.000    23111981  0.7791776E+003  0.6792069E+004  0.3406120E+003  0.4717383E+003  0.1287236E+002  0.2669311E+004 -0.1917218E+004  0.7520930E+003 -0.2855051E+003
 328.000    24111981  0.7805755E+003  0.6792108E+004  0.3406120E+003  0.4728199E+003  0.1285374E+002  0.2672846E+004 -0.1919273E+004  0.7535727E+003 -0.2858225E+003
 329.000    25111981  0.7818101E+003  0.6792144E+004  0.3406120E+003  0.4735726E+003  0.1283595E+002  0.2676136E+004 -0.1921396E+004  0.7547408E+003 -0.2861580E+003
 330.000    26111981  0.7830180E+003  0.6792183E+004  0.3406120E+003  0.4743391E+003  0.1281883E+002  0.2679646E+004 -0.1923731E+004  0.7559149E+003 -0.2864745E+003
 331.000    27111981  0.7838140E+003  0.6792209E+004  0.3406120E+003  0.4762085E+003  0.1280758E+002  0.2685733E+004 -0.1927458E+004  0.7582746E+003 -0.2868818E+003
 332.000    28111981  0.7843234E+003  0.6792218E+004  0.3406120E+003  0.4768500E+003  0.1279471E+002  0.2691077E+004 -0.1931573E+004  0.7595040E+003 -0.2873902E+003
 333.000    29111981  0.7853581E+003  0.6792249E+004  0.3406120E+003  0.4775922E+003  0.1276573E+002  0.2694520E+004 -0.1933788E+004  0.7607317E+003 -0.2877579E+003
 334.000    30111981  0.7864860E+003  0.6792289E+004  0.3406120E+003  0.4779371E+003  0.1274396E+002  0.2697333E+004 -0.1935807E+004  0.7615263E+003 -0.2880759E+003
 335.000    01121981  0.7884882E+003  0.6792329E+004  0.3406120E+003  0.4782875E+003  0.1272092E+002  0.2700153E+004 -0.1937839E+004  0.7623141E+003 -0.2883924E+003
 336.000    02121981  0.7889069E+003  0.6792356E+004  0.3406120E+003  0.4800318E+003  0.1271530E+002  0.2705961E+004 -0.1941430E+004  0.7645311E+003 -0.2888025E+003
 337.000    03121981  0.7894984E+003  0.6792383E+004  0.3406120E+003  0.4811240E+003  0.1270456E+002  0.2710324E+004 -0.1944198E+004  0.7661266E+003 -0.2892093E+003
 338.000    04121981  0.7901113E+003  0.6792415E+004  0.3406120E+003  0.4815897E+003  0.1269236E+002  0.2713672E+004 -0.1946589E+004  0.7670829E+003 -0.2895862E+003
 339.000    05121981  0.7908863E+003  0.6792451E+004  0.3406120E+003  0.4824865E+003  0.1267432E+002  0.2717225E+004 -0.1948776E+004  0.7684486E+003 -0.2899328E+003
 340.000    06121981  0.7919076E+003  0.6792495E+004  0.3406120E+003  0.4822865E+003  0.1265004E+002  0.2719255E+004 -0.1950598E+004  0.7686567E+003 -0.2902069E+003
 341.000    07121981  0.7928371E+003  0.6792543E+004  0.3406120E+003  0.4827938E+003  0.1263348E+002  0.2722427E+004 -0.1952872E+004  0.7695548E+003 -0.2904527E+003
 342.000    08121981  0.7933752E+003  0.6792581E+004  0.3406120E+003  0.4843811E+003  0.1262262E+002  0.2727427E+004 -0.1955806E+004  0.7716218E+003 -0.2907855E+003
 343.000    09121981  0.7943402E+003  0.6792625E+004  0.3406120E+003  0.4841559E+003  0.1259582E+002  0.2729528E+004 -0.1957689E+004  0.7718389E+003 -0.2910754E+003
 344.000    10121981  0.7954127E+003  0.6792674E+004  0.3406120E+003  0.4788931E+003  0.1257306E+002  0.2730216E+004 -0.1959132E+004  0.7710838E+003 -0.2912922E+003
 345.000    11121981  0.7964511E+003  0.6792724E+004  0.3406120E+003  0.4783018E+003  0.1255155E+002  0.2731301E+004 -0.1960559E+004  0.7707418E+003 -0.2914750E+003
 346.000    12121981  0.7975134E+003  0.6792774E+004  0.3406120E+003  0.4787051E+003  0.1252981E+002  0.2733075E+004 -0.1962138E+004  0.7709377E+003 -0.2916552E+003
 347.000    13121981  0.7985461E+003  0.6792824E+004  0.3406120E+003  0.4793585E+003  0.1250896E+002  0.2735094E+004 -0.1963777E+004  0.7713168E+003 -0.2918343E+003
 348.000    14121981  0.7996599E+003  0.6792874E+004  0.3406120E+003  0.4792398E+003  0.1248482E+002  0.2736176E+004 -0.1965298E+004  0.7708786E+003 -0.2920118E+003
 349.000    15121981  0.8006674E+003  0.6792925E+004  0.3406120E+003  0.4803242E+003  0.1246361E+002  0.2738751E+004 -0.1967086E+004  0.7716657E+003 -0.2921895E+003
 350.000    16121981  0.8016989E+003  0.6792975E+004  0.3406120E+003  0.4811726E+003  0.1244256E+002  0.2741065E+004 -0.1968831E+004  0.7722343E+003 -0.2923665E+003
 351.000    17121981  0.8025904E+003  0.6793026E+004  0.3406120E+003  0.4825156E+003  0.1242352E+002  0.2743903E+004 -0.1970589E+004  0.7733144E+003 -0.2925412E+003
 352.000    18121981  0.8035608E+003  0.6793076E+004  0.3406120E+003  0.4830198E+003  0.1240295E+002  0.2745947E+004 -0.1972369E+004  0.7735776E+003 -0.2927136E+003
 353.000    19121981  0.8045978E+003  0.6793127E+004  0.3406120E+003  0.4823545E+003  0.1238021E+002  0.2746484E+004 -0.1973773E+004  0.7727104E+003 -0.2928839E+003
 354.000    20121981  0.8054920E+003  0.6793177E+004  0.3406120E+003  0.4807668E+003  0.1236026E+002  0.2746779E+004 -0.1974983E+004  0.7717963E+003 -0.2930561E+003
 355.000    21121981  0.8063521E+003  0.6793227E+004  0.3406120E+003  0.4793675E+003  0.1234172E+002  0.2747633E+004 -0.1976251E+004  0.7713821E+003 -0.2932284E+003
 356.000    22121981  0.8071563E+003  0.6793278E+004  0.3406120E+003  0.4799780E+003  0.1232362E+002  0.2750941E+004 -0.1978041E+004  0.7729002E+003 -0.2933981E+003
 357.000    23121981  0.8075459E+003  0.6793328E+004  0.3406120E+003  0.4821831E+003  0.1231688E+002  0.2757074E+004 -0.1981436E+004  0.7756381E+003 -0.2935719E+003
 358.000    24121981  0.8077148E+003  0.6793375E+004  0.3406120E+003  0.4837568E+003  0.1230910E+002  0.2762409E+004 -0.1984790E+004  0.7776197E+003 -0.2938065E+003
 359.000    25121981  0.8081565E+003  0.6793419E+004  0.3406120E+003  0.4838254E+003  0.1229053E+002  0.2765140E+004 -0.1986975E+004  0.7781653E+003 -0.2941081E+003
 360.000    26121981  0.8088558E+003  0.6793466E+004  0.3406120E+003  0.4842371E+003  0.1227114E+002  0.2767916E+004 -0.1988883E+004  0.7790326E+003 -0.2943688E+003
 361.000    27121981  0.8094310E+003  0.6793514E+004  0.3406120E+003  0.4856354E+003  0.1225555E+002  0.2771658E+004 -0.1990846E+004  0.7808123E+003 -0.2946261E+003
 362.000    28121981  0.8099728E+003  0.6793562E+004  0.3406120E+003  0.4863296E+003  0.1223974E+002  0.2774827E+004 -0.1993012E+004  0.7818150E+003 -0.2948829E+003
 363.000    29121981  0.8101826E+003  0.6793606E+004  0.3406120E+003  0.4879550E+003  0.1222912E+002  0.2779116E+004 -0.1995402E+004  0.7837140E+003 -0.2951887E+003
 364.000    30121981  0.8110118E+003  0.6793656E+004  0.3406120E+003  0.4877141E+003  0.1220584E+002  0.2780649E+004 -0.1997013E+004  0.7836366E+003 -0.2954012E+003
 365.000    31121981  0.8127443E+003  0.6793709E+004  0.3406120E+003  0.4875285E+003  0.1218027E+002  0.2782075E+004 -0.1998501E+004  0.7835749E+003 -0.2955777E+003
