    DOY     DATE    SHOOT_C         ROOT_C          LAI             GPP             AUTO_RESP       HVST_C          
  30.000    30011906  0.1531790E+002  0.5856831E+003  0.1085841E+000  0.0000000E+000 -0.1667682E+002  0.0000000E+000
  60.000    01031906  0.1385361E+002  0.5521192E+003  0.1309914E-001  0.0000000E+000 -0.3367806E+002  0.0000000E+000
  90.000    31031906  0.8484902E+001  0.5138783E+003  0.3375083E+000  0.3064696E+001 -0.5795411E+002  0.0000000E+000
 120.000    30041906  0.6746198E+002  0.5107582E+003  0.1964703E+001  0.9522128E+002 -0.1073807E+003  0.0000000E+000
 150.000    30051906  0.1998999E+003  0.5682334E+003  0.4483084E+001  0.4135679E+003 -0.2250499E+003  0.0000000E+000
 180.000    29061906  0.3283348E+003  0.6304414E+003  0.6115303E+001  0.7945664E+003 -0.3961369E+003  0.0000000E+000
 210.000    29071906  0.4283950E+003  0.6543523E+003  0.6293094E+001  0.1127942E+004 -0.5871230E+003  0.0000000E+000
 240.000    28081906  0.4477988E+003  0.7063881E+003  0.5018141E+001  0.1419839E+004 -0.7612806E+003  0.0000000E+000
 270.000    27091906  0.2803937E+003  0.8031342E+003  0.1324524E+001  0.1616150E+004 -0.9036439E+003  0.0000000E+000
 300.000    27101906  0.2200858E+003  0.7935676E+003  0.3968187E+000  0.1668430E+004 -0.9730403E+003  0.0000000E+000
 330.000    26111906  0.5171935E+002  0.7194060E+003  0.2700155E+000  0.1673210E+004 -0.1013780E+004  0.0000000E+000
 360.000    26121906  0.1646340E+002  0.6655304E+003  0.2016823E+000  0.1673210E+004 -0.1041148E+004  0.0000000E+000
