    DOY     DATE    SHOOT_C         ROOT_C          LAI             GPP             AUTO_RESP       HVST_C          
   1.000    01011984  0.8145626E+000  0.5973302E+000  0.6387242E+000  0.0000000E+000 -0.5026192E-003  0.0000000E+000
   2.000    02011984  0.8065425E+000  0.5968590E+000  0.6380435E+000  0.0000000E+000 -0.1028161E-002  0.0000000E+000
   3.000    03011984  0.7990314E+000  0.5963311E+000  0.6374149E+000  0.0000000E+000 -0.1586448E-002  0.0000000E+000
   4.000    04011984  0.7919581E+000  0.5957394E+000  0.6370429E+000  0.0000000E+000 -0.2208593E-002  0.0000000E+000
   5.000    05011984  0.7901503E+000  0.5951515E+000  0.6376293E+000  0.5161766E-002 -0.3247355E-002  0.0000000E+000
   6.000    06011984  0.7903852E+000  0.5948346E+000  0.6373976E+000  0.1093408E-001 -0.4284726E-002  0.0000000E+000
   7.000    07011984  0.7888759E+000  0.5947180E+000  0.6369841E+000  0.1466493E-001 -0.5148108E-002  0.0000000E+000
   8.000    08011984  0.7879369E+000  0.5947219E+000  0.6369132E+000  0.1892371E-001 -0.6047919E-002  0.0000000E+000
   9.000    09011984  0.7881158E+000  0.5948319E+000  0.6368973E+000  0.2431340E-001 -0.7079836E-002  0.0000000E+000
  10.000    10011984  0.7888121E+000  0.5950944E+000  0.6370447E+000  0.3027023E-001 -0.8242350E-002  0.0000000E+000
  11.000    11011984  0.7859775E+000  0.5953412E+000  0.6373487E+000  0.3227932E-001 -0.9243833E-002  0.0000000E+000
  12.000    12011984  0.7823386E+000  0.5955058E+000  0.6357129E+000  0.3285030E-001 -0.9788479E-002  0.0000000E+000
  13.000    13011984  0.7784827E+000  0.5955598E+000  0.6352785E+000  0.3290953E-001 -0.1034563E-001  0.0000000E+000
  14.000    14011984  0.7748705E+000  0.5954815E+000  0.6348898E+000  0.3290953E-001 -0.1091293E-001  0.0000000E+000
  15.000    15011984  0.7715300E+000  0.5952935E+000  0.6345357E+000  0.3290953E-001 -0.1149084E-001  0.0000000E+000
  16.000    16011984  0.7683685E+000  0.5950144E+000  0.6342652E+000  0.3290953E-001 -0.1209927E-001  0.0000000E+000
  17.000    17011984  0.7696437E+000  0.5946998E+000  0.6347908E+000  0.3744536E-001 -0.1305147E-001  0.0000000E+000
  18.000    18011984  0.7692819E+000  0.5945469E+000  0.6343768E+000  0.4016873E-001 -0.1377670E-001  0.0000000E+000
  19.000    19011984  0.7686494E+000  0.5944624E+000  0.6340860E+000  0.4257663E-001 -0.1446857E-001  0.0000000E+000
  20.000    20011984  0.7665917E+000  0.5943941E+000  0.6335351E+000  0.4336264E-001 -0.1501937E-001  0.0000000E+000
  21.000    21011984  0.7644574E+000  0.5942376E+000  0.6329371E+000  0.4388740E-001 -0.1553711E-001  0.0000000E+000
  22.000    22011984  0.7627434E+000  0.5938996E+000  0.6324686E+000  0.4452998E-001 -0.1601121E-001  0.0000000E+000
  23.000    23011984  0.7634096E+000  0.5936228E+000  0.6321071E+000  0.4760984E-001 -0.1659483E-001  0.0000000E+000
  24.000    24011984  0.7666919E+000  0.5935835E+000  0.6327115E+000  0.5260963E-001 -0.1755565E-001  0.0000000E+000
  25.000    25011984  0.7731812E+000  0.5937129E+000  0.6343433E+000  0.6167425E-001 -0.1924468E-001  0.0000000E+000
  26.000    26011984  0.7777840E+000  0.5940057E+000  0.6349962E+000  0.6875479E-001 -0.2065260E-001  0.0000000E+000
  27.000    27011984  0.7828868E+000  0.5944155E+000  0.6359851E+000  0.7653510E-001 -0.2215474E-001  0.0000000E+000
  28.000    28011984  0.7855370E+000  0.5948969E+000  0.6364802E+000  0.8154102E-001 -0.2328497E-001  0.0000000E+000
  29.000    29011984  0.7893087E+000  0.5954146E+000  0.6368276E+000  0.8789341E-001 -0.2454427E-001  0.0000000E+000
  30.000    30011984  0.7919474E+000  0.5959564E+000  0.6371275E+000  0.9309273E-001 -0.2574681E-001  0.0000000E+000
  31.000    31011984  0.7920032E+000  0.5963532E+000  0.6373604E+000  0.9530267E-001 -0.2667124E-001  0.0000000E+000
  32.000    01021984  0.7929458E+000  0.5966522E+000  0.6366324E+000  0.9829412E-001 -0.2745754E-001  0.0000000E+000
  33.000    02021984  0.7958469E+000  0.5969477E+000  0.6368010E+000  0.1035720E+000 -0.2858763E-001  0.0000000E+000
  34.000    03021984  0.7995516E+000  0.5973136E+000  0.6373719E+000  0.1098718E+000 -0.2992455E-001  0.0000000E+000
  35.000    04021984  0.8047961E+000  0.5976986E+000  0.6389078E+000  0.1182164E+000 -0.3181881E-001  0.0000000E+000
  36.000    05021984  0.8073081E+000  0.5981455E+000  0.6396714E+000  0.1231795E+000 -0.3305218E-001  0.0000000E+000
  37.000    06021984  0.8070501E+000  0.5985636E+000  0.6392581E+000  0.1248612E+000 -0.3375289E-001  0.0000000E+000
  38.000    07021984  0.8060069E+000  0.5988425E+000  0.6382293E+000  0.1255923E+000 -0.3431144E-001  0.0000000E+000
  39.000    08021984  0.8059622E+000  0.5990367E+000  0.6377545E+000  0.1273220E+000 -0.3495622E-001  0.0000000E+000
  40.000    09021984  0.8088262E+000  0.5991573E+000  0.6380792E+000  0.1323481E+000 -0.3604831E-001  0.0000000E+000
  41.000    10021984  0.8136421E+000  0.5994102E+000  0.6388481E+000  0.1398767E+000 -0.3761213E-001  0.0000000E+000
  42.000    11021984  0.8222534E+000  0.5996172E+000  0.6413680E+000  0.1525532E+000 -0.4062595E-001  0.0000000E+000
  43.000    12021984  0.8327934E+000  0.5987534E+000  0.6447554E+000  0.1685175E+000 -0.4611705E-001  0.0000000E+000
  44.000    13021984  0.8425412E+000  0.5974519E+000  0.6477412E+000  0.1837059E+000 -0.5209240E-001  0.0000000E+000
  45.000    14021984  0.8529747E+000  0.5953982E+000  0.6513667E+000  0.2004183E+000 -0.5965057E-001  0.0000000E+000
  46.000    15021984  0.8605968E+000  0.5947163E+000  0.6533660E+000  0.2129162E+000 -0.6465063E-001  0.0000000E+000
  47.000    16021984  0.8680093E+000  0.5950404E+000  0.6548018E+000  0.2248447E+000 -0.6836830E-001  0.0000000E+000
  48.000    17021984  0.8761686E+000  0.5956301E+000  0.6565675E+000  0.2381994E+000 -0.7248575E-001  0.0000000E+000
  49.000    18021984  0.8840378E+000  0.5963250E+000  0.6585453E+000  0.2514904E+000 -0.7675146E-001  0.0000000E+000
  50.000    19021984  0.8926872E+000  0.5972484E+000  0.6608621E+000  0.2658561E+000 -0.8106011E-001  0.0000000E+000
  51.000    20021984  0.9008287E+000  0.5980163E+000  0.6632640E+000  0.2798813E+000 -0.8570927E-001  0.0000000E+000
  52.000    21021984  0.9051433E+000  0.5994388E+000  0.6642038E+000  0.2885684E+000 -0.8826470E-001  0.0000000E+000
  53.000    22021984  0.9103684E+000  0.6010623E+000  0.6648931E+000  0.2982679E+000 -0.9067066E-001  0.0000000E+000
  54.000    23021984  0.9133964E+000  0.6026752E+000  0.6656820E+000  0.3054497E+000 -0.9278886E-001  0.0000000E+000
  55.000    24021984  0.9201815E+000  0.6040943E+000  0.6675342E+000  0.3174243E+000 -0.9605585E-001  0.0000000E+000
  56.000    25021984  0.9249869E+000  0.6051831E+000  0.6690589E+000  0.3271719E+000 -0.9943810E-001  0.0000000E+000
  57.000    26021984  0.9278484E+000  0.6066529E+000  0.6692445E+000  0.3338278E+000 -0.1012838E+000  0.0000000E+000
  58.000    27021984  0.9277805E+000  0.6082543E+000  0.6688447E+000  0.3369577E+000 -0.1023610E+000  0.0000000E+000
  59.000    28021984  0.9328417E+000  0.6096695E+000  0.6696570E+000  0.3458973E+000 -0.1043230E+000  0.0000000E+000
  60.000    29021984  0.9316798E+000  0.6110913E+000  0.6697052E+000  0.3476949E+000 -0.1053392E+000  0.0000000E+000
  61.000    01031984  0.9313999E+000  0.6123089E+000  0.6691143E+000  0.3501756E+000 -0.1061708E+000  0.0000000E+000
  62.000    02031984  0.9341935E+000  0.6133995E+000  0.6686274E+000  0.3559981E+000 -0.1073244E+000  0.0000000E+000
  63.000    03031984  0.9392648E+000  0.6144675E+000  0.6687944E+000  0.3645277E+000 -0.1090026E+000  0.0000000E+000
  64.000    04031984  0.9449965E+000  0.6154898E+000  0.6696529E+000  0.3740715E+000 -0.1112004E+000  0.0000000E+000
  65.000    05031984  0.9532783E+000  0.6160612E+000  0.6715191E+000  0.3873603E+000 -0.1149903E+000  0.0000000E+000
  66.000    06031984  0.9603899E+000  0.6160560E+000  0.6735580E+000  0.4000651E+000 -0.1199199E+000  0.0000000E+000
  67.000    07031984  0.9618666E+000  0.6168995E+000  0.6741397E+000  0.4052908E+000 -0.1222810E+000  0.0000000E+000
  68.000    08031984  0.9670495E+000  0.6181455E+000  0.6745161E+000  0.4144579E+000 -0.1244554E+000  0.0000000E+000
  69.000    09031984  0.9665783E+000  0.6193488E+000  0.6746897E+000  0.4174450E+000 -0.1262026E+000  0.0000000E+000
  70.000    10031984  0.9673339E+000  0.6206581E+000  0.6738460E+000  0.4211740E+000 -0.1271698E+000  0.0000000E+000
  71.000    11031984  0.9714107E+000  0.6218347E+000  0.6735389E+000  0.4287249E+000 -0.1286704E+000  0.0000000E+000
  72.000    12031984  0.9752568E+000  0.6230050E+000  0.6735424E+000  0.4360859E+000 -0.1303420E+000  0.0000000E+000
  73.000    13031984  0.9805253E+000  0.6240408E+000  0.6743250E+000  0.4452322E+000 -0.1326166E+000  0.0000000E+000
  74.000    14031984  0.9882293E+000  0.6249223E+000  0.6755171E+000  0.4576375E+000 -0.1358168E+000  0.0000000E+000
  75.000    15031984  0.9957303E+000  0.6257171E+000  0.6770485E+000  0.4702568E+000 -0.1394858E+000  0.0000000E+000
  76.000    16031984  0.1007855E+001  0.6261585E+000  0.6796923E+000  0.4897548E+000 -0.1455990E+000  0.0000000E+000
  77.000    17031984  0.1014379E+001  0.6264567E+000  0.6812592E+000  0.5019772E+000 -0.1503526E+000  0.0000000E+000
  78.000    18031984  0.1020104E+001  0.6274510E+000  0.6820871E+000  0.5123260E+000 -0.1534222E+000  0.0000000E+000
  79.000    19031984  0.1028221E+001  0.6285269E+000  0.6832826E+000  0.5258681E+000 -0.1571747E+000  0.0000000E+000
  80.000    20031984  0.1039589E+001  0.6293922E+000  0.6857603E+000  0.5444999E+000 -0.1628221E+000  0.0000000E+000
  81.000    21031984  0.1048702E+001  0.6293415E+000  0.6882953E+000  0.5610809E+000 -0.1695267E+000  0.0000000E+000
  82.000    22031984  0.1055974E+001  0.6304611E+000  0.6894995E+000  0.5737031E+000 -0.1732039E+000  0.0000000E+000
  83.000    23031984  0.1062839E+001  0.6319036E+000  0.6904859E+000  0.5857173E+000 -0.1763898E+000  0.0000000E+000
  84.000    24031984  0.1070323E+001  0.6335634E+000  0.6914716E+000  0.5986471E+000 -0.1796175E+000  0.0000000E+000
  85.000    25031984  0.1082858E+001  0.6346011E+000  0.6937766E+000  0.6187568E+000 -0.1854507E+000  0.0000000E+000
  86.000    26031984  0.1090630E+001  0.6354855E+000  0.6953738E+000  0.6331434E+000 -0.1905530E+000  0.0000000E+000
  87.000    27031984  0.1100961E+001  0.6368350E+000  0.6969054E+000  0.6498788E+000 -0.1949722E+000  0.0000000E+000
  88.000    28031984  0.1112979E+001  0.6377240E+000  0.6991461E+000  0.6696377E+000 -0.2011235E+000  0.0000000E+000
  89.000    29031984  0.1118864E+001  0.6386580E+000  0.7004975E+000  0.6819065E+000 -0.2059622E+000  0.0000000E+000
  90.000    30031984  0.1123429E+001  0.6403823E+000  0.7010864E+000  0.6913538E+000 -0.2086697E+000  0.0000000E+000
  91.000    31031984  0.1128202E+001  0.6422739E+000  0.7015403E+000  0.7007747E+000 -0.2109741E+000  0.0000000E+000
  92.000    01041984  0.1134828E+001  0.6442031E+000  0.7021127E+000  0.7124151E+000 -0.2135400E+000  0.0000000E+000
  93.000    02041984  0.1143193E+001  0.6460587E+000  0.7031317E+000  0.7266083E+000 -0.2169055E+000  0.0000000E+000
  94.000    03041984  0.1150375E+001  0.6477427E+000  0.7041680E+000  0.7396414E+000 -0.2204987E+000  0.0000000E+000
  95.000    04041984  0.1159168E+001  0.6491467E+000  0.7054977E+000  0.7550212E+000 -0.2250098E+000  0.0000000E+000
  96.000    05041984  0.1171217E+001  0.6499191E+000  0.7073051E+000  0.7749822E+000 -0.2313811E+000  0.0000000E+000
  97.000    06041984  0.1179813E+001  0.6512957E+000  0.7082874E+000  0.7898368E+000 -0.2356563E+000  0.0000000E+000
  98.000    07041984  0.1187901E+001  0.6530388E+000  0.7094820E+000  0.8038953E+000 -0.2393060E+000  0.0000000E+000
  99.000    08041984  0.1195727E+001  0.6549953E+000  0.7104557E+000  0.8175383E+000 -0.2425748E+000  0.0000000E+000
 100.000    09041984  0.1200986E+001  0.6570166E+000  0.7112070E+000  0.8283973E+000 -0.2455981E+000  0.0000000E+000
 101.000    10041984  0.1203293E+001  0.6592102E+000  0.7117631E+000  0.8357655E+000 -0.2479185E+000  0.0000000E+000
 102.000    11041984  0.1212467E+001  0.6611422E+000  0.7128812E+000  0.8509093E+000 -0.2512940E+000  0.0000000E+000
 103.000    12041984  0.1223960E+001  0.6628927E+000  0.7143468E+000  0.8694379E+000 -0.2558416E+000  0.0000000E+000
 104.000    13041984  0.1238312E+001  0.6643693E+000  0.7165577E+000  0.8924501E+000 -0.2621466E+000  0.0000000E+000
 105.000    14041984  0.1253479E+001  0.6651657E+000  0.7190097E+000  0.9176274E+000 -0.2703571E+000  0.0000000E+000
 106.000    15041984  0.1268681E+001  0.6656772E+000  0.7215218E+000  0.9425436E+000 -0.2785266E+000  0.0000000E+000
 107.000    16041984  0.1280203E+001  0.6667561E+000  0.7229775E+000  0.9620616E+000 -0.2846188E+000  0.0000000E+000
 108.000    17041984  0.1290123E+001  0.6684501E+000  0.7239993E+000  0.9792116E+000 -0.2894679E+000  0.0000000E+000
 109.000    18041984  0.1298825E+001  0.6705246E+000  0.7248795E+000  0.9946288E+000 -0.2934821E+000  0.0000000E+000
 110.000    19041984  0.1310798E+001  0.6726745E+000  0.7260960E+000  0.1014251E+001 -0.2982345E+000  0.0000000E+000
 111.000    20041984  0.9770298E+000  0.6748109E+000  0.7272381E+000  0.1032450E+001 -0.3033057E+000  0.0000000E+000
 112.000    21041984  0.9964589E+000  0.6794639E+000  0.7352040E+000  0.1052987E+001 -0.3090702E+000  0.0000000E+000
 113.000    22041984  0.1002603E+001  0.6835496E+000  0.7388377E+000  0.1062579E+001 -0.3128331E+000  0.0000000E+000
 114.000    23041984  0.1013182E+001  0.6881947E+000  0.7435498E+000  0.1076356E+001 -0.3164237E+000  0.0000000E+000
 115.000    24041984  0.1027156E+001  0.6930187E+000  0.7519266E+000  0.1092771E+001 -0.3221369E+000  0.0000000E+000
 116.000    25041984  0.1047524E+001  0.6987194E+000  0.7599735E+000  0.1115365E+001 -0.3285590E+000  0.0000000E+000
 117.000    26041984  0.1075626E+001  0.7056047E+000  0.7693422E+000  0.1144637E+001 -0.3385384E+000  0.0000000E+000
 118.000    27041984  0.1101936E+001  0.7125136E+000  0.7785929E+000  0.1173199E+001 -0.3492659E+000  0.0000000E+000
 119.000    28041984  0.1129221E+001  0.7199070E+000  0.7871520E+000  0.1203493E+001 -0.3608785E+000  0.0000000E+000
 120.000    29041984  0.1151889E+001  0.7269690E+000  0.7949314E+000  0.1230908E+001 -0.3718306E+000  0.0000000E+000
 121.000    30041984  0.1176740E+001  0.7348723E+000  0.8028185E+000  0.1261013E+001 -0.3834622E+000  0.0000000E+000
 122.000    01051984  0.1190931E+001  0.7420177E+000  0.8084342E+000  0.1282151E+001 -0.3929336E+000  0.0000000E+000
 123.000    02051984  0.1203687E+001  0.7492500E+000  0.8146336E+000  0.1302877E+001 -0.3996664E+000  0.0000000E+000
 124.000    03051984  0.1221048E+001  0.7569903E+000  0.8210271E+000  0.1328100E+001 -0.4073331E+000  0.0000000E+000
 125.000    04051984  0.1242771E+001  0.7648194E+000  0.8296232E+000  0.1357236E+001 -0.4187119E+000  0.0000000E+000
 126.000    05051984  0.1261894E+001  0.7726939E+000  0.8342818E+000  0.1384780E+001 -0.4280119E+000  0.0000000E+000
 127.000    06051984  0.1279055E+001  0.7804363E+000  0.8396943E+000  0.1411276E+001 -0.4371132E+000  0.0000000E+000
 128.000    07051984  0.1300112E+001  0.7882822E+000  0.8461729E+000  0.1441863E+001 -0.4486545E+000  0.0000000E+000
 129.000    08051984  0.1142511E+001  0.7964031E+000  0.8535369E+000  0.1476041E+001 -0.4623820E+000  0.0000000E+000
 130.000    09051984  0.1150815E+001  0.8038832E+000  0.8603467E+000  0.1495215E+001 -0.4705486E+000  0.0000000E+000
 131.000    10051984  0.1162073E+001  0.8117117E+000  0.8676768E+000  0.1517190E+001 -0.4772862E+000  0.0000000E+000
 132.000    11051984  0.1178986E+001  0.8197125E+000  0.8784063E+000  0.1544956E+001 -0.4857604E+000  0.0000000E+000
 133.000    12051984  0.1197736E+001  0.8277207E+000  0.8897093E+000  0.1574982E+001 -0.4960026E+000  0.0000000E+000
 134.000    13051984  0.1215209E+001  0.8344686E+000  0.9001780E+000  0.1606547E+001 -0.5077390E+000  0.0000000E+000
 135.000    14051984  0.1228549E+001  0.8392653E+000  0.9113831E+000  0.1639049E+001 -0.5195317E+000  0.0000000E+000
 136.000    15051984  0.1236032E+001  0.8447321E+000  0.9179026E+000  0.1662556E+001 -0.5279462E+000  0.0000000E+000
 137.000    16051984  0.1242486E+001  0.8508837E+000  0.9225334E+000  0.1683491E+001 -0.5344193E+000  0.0000000E+000
 138.000    17051984  0.1248722E+001  0.8573971E+000  0.9260471E+000  0.1703368E+001 -0.5396278E+000  0.0000000E+000
 139.000    18051984  0.1259862E+001  0.8633338E+000  0.9310124E+000  0.1729252E+001 -0.5463421E+000  0.0000000E+000
 140.000    19051984  0.1275133E+001  0.8682549E+000  0.9365410E+000  0.1762190E+001 -0.5564273E+000  0.0000000E+000
 141.000    20051984  0.1291523E+001  0.8723372E+000  0.9461178E+000  0.1797989E+001 -0.5687727E+000  0.0000000E+000
 142.000    21051984  0.1308077E+001  0.8760579E+000  0.9545812E+000  0.1834863E+001 -0.5823951E+000  0.0000000E+000
 143.000    22051984  0.1325862E+001  0.8797112E+000  0.9670360E+000  0.1873357E+001 -0.5964845E+000  0.0000000E+000
 144.000    23051984  0.1342402E+001  0.8839576E+000  0.9777681E+000  0.1910309E+001 -0.6099143E+000  0.0000000E+000
 145.000    24051984  0.1356960E+001  0.8893209E+000  0.9857265E+000  0.1944438E+001 -0.6217355E+000  0.0000000E+000
 146.000    25051984  0.1374316E+001  0.8950340E+000  0.9928089E+000  0.1982594E+001 -0.6341130E+000  0.0000000E+000
 147.000    26051984  0.1252467E+001  0.9000959E+000  0.1005106E+001  0.2025582E+001 -0.6493831E+000  0.0000000E+000
 148.000    27051984  0.1270890E+001  0.9052573E+000  0.1022421E+001  0.2067180E+001 -0.6647857E+000  0.0000000E+000
 149.000    28051984  0.1288895E+001  0.9113546E+000  0.1038549E+001  0.2107813E+001 -0.6788099E+000  0.0000000E+000
 150.000    29051984  0.1305577E+001  0.9181753E+000  0.1052710E+001  0.2147030E+001 -0.6922569E+000  0.0000000E+000
 151.000    30051984  0.1314744E+001  0.9259995E+000  0.1061613E+001  0.2176214E+001 -0.7025661E+000  0.0000000E+000
 152.000    31051984  0.1324838E+001  0.9349191E+000  0.1067373E+001  0.2204143E+001 -0.7096629E+000  0.0000000E+000
 153.000    01061984  0.1339615E+001  0.9435553E+000  0.1073995E+001  0.2238013E+001 -0.7180541E+000  0.0000000E+000
 154.000    02061984  0.1358398E+001  0.9516040E+000  0.1083791E+001  0.2278367E+001 -0.7292690E+000  0.0000000E+000
 155.000    03061984  0.1379797E+001  0.9585021E+000  0.1097574E+001  0.2324420E+001 -0.7441340E+000  0.0000000E+000
 156.000    04061984  0.1401177E+001  0.9648452E+000  0.1109944E+001  0.2371060E+001 -0.7600890E+000  0.0000000E+000
 157.000    05061984  0.1422707E+001  0.9717373E+000  0.1122129E+001  0.2418447E+001 -0.7760817E+000  0.0000000E+000
 158.000    06061984  0.1444812E+001  0.9783521E+000  0.1133167E+001  0.2468774E+001 -0.7945916E+000  0.0000000E+000
 159.000    07061984  0.1467706E+001  0.9848252E+000  0.1145157E+001  0.2521232E+001 -0.8145114E+000  0.0000000E+000
 160.000    08061984  0.1490324E+001  0.9920064E+000  0.1158382E+001  0.2573034E+001 -0.8332729E+000  0.0000000E+000
 161.000    09061984  0.1512966E+001  0.1000243E+001  0.1168869E+001  0.2625002E+001 -0.8511257E+000  0.0000000E+000
 162.000    10061984  0.1535300E+001  0.1008961E+001  0.1177099E+001  0.2676813E+001 -0.8688504E+000  0.0000000E+000
 163.000    11061984  0.1558418E+001  0.1017967E+001  0.1185253E+001  0.2730400E+001 -0.8871534E+000  0.0000000E+000
 164.000    12061984  0.1583425E+001  0.1026628E+001  0.1200035E+001  0.2787890E+001 -0.9079527E+000  0.0000000E+000
 165.000    13061984  0.1467545E+001  0.1035541E+001  0.1209644E+001  0.2844644E+001 -0.9280827E+000  0.0000000E+000
 166.000    14061984  0.1492270E+001  0.1044788E+001  0.1224732E+001  0.2902379E+001 -0.9488009E+000  0.0000000E+000
 167.000    15061984  0.1518046E+001  0.1054215E+001  0.1239667E+001  0.2961885E+001 -0.9700507E+000  0.0000000E+000
 168.000    16061984  0.1544395E+001  0.1063913E+001  0.1260811E+001  0.3022207E+001 -0.9913834E+000  0.0000000E+000
 169.000    17061984  0.1571904E+001  0.1074295E+001  0.1279937E+001  0.3084040E+001 -0.1012226E+001  0.0000000E+000
 170.000    18061984  0.1599955E+001  0.1084528E+001  0.1293326E+001  0.3147952E+001 -0.1034290E+001  0.0000000E+000
 171.000    19061984  0.1628743E+001  0.1094576E+001  0.1307595E+001  0.3213597E+001 -0.1057437E+001  0.0000000E+000
 172.000    20061984  0.1659527E+001  0.1105095E+001  0.1325479E+001  0.3281725E+001 -0.1081195E+001  0.0000000E+000
 173.000    21061984  0.1689176E+001  0.1116454E+001  0.1341736E+001  0.3347288E+001 -0.1103093E+001  0.0000000E+000
 174.000    22061984  0.1263202E+001  0.1128799E+001  0.1357385E+001  0.3412166E+001 -0.1123474E+001  0.0000000E+000
 175.000    23061984  0.1290832E+001  0.1141922E+001  0.1373303E+001  0.3474779E+001 -0.1142599E+001  0.0000000E+000
 176.000    24061984  0.1318842E+001  0.1155557E+001  0.1393578E+001  0.3537777E+001 -0.1161517E+001  0.0000000E+000
 177.000    25061984  0.1348588E+001  0.1168726E+001  0.1406484E+001  0.3604396E+001 -0.1182454E+001  0.0000000E+000
 178.000    26061984  0.1376248E+001  0.1182940E+001  0.1414425E+001  0.3667664E+001 -0.1201173E+001  0.0000000E+000
 179.000    27061984  0.1402334E+001  0.1197922E+001  0.1425152E+001  0.3729951E+001 -0.1219712E+001  0.0000000E+000
 180.000    28061984  0.1428651E+001  0.1211859E+001  0.1444465E+001  0.3793997E+001 -0.1240709E+001  0.0000000E+000
 181.000    29061984  0.1457305E+001  0.1225323E+001  0.1462759E+001  0.3860333E+001 -0.1262069E+001  0.0000000E+000
 182.000    30061984  0.1487437E+001  0.1238448E+001  0.1477886E+001  0.3927695E+001 -0.1283324E+001  0.0000000E+000
 183.000    01071984  0.1519460E+001  0.1251934E+001  0.1492588E+001  0.3998199E+001 -0.1305329E+001  0.0000000E+000
 184.000    02071984  0.1552741E+001  0.1265443E+001  0.1510510E+001  0.4071568E+001 -0.1328814E+001  0.0000000E+000
 185.000    03071984  0.1584787E+001  0.1279143E+001  0.1524502E+001  0.4144018E+001 -0.1352380E+001  0.0000000E+000
 186.000    04071984  0.1618118E+001  0.1292731E+001  0.1536346E+001  0.4219351E+001 -0.1377082E+001  0.0000000E+000
 187.000    05071984  0.1651189E+001  0.1306105E+001  0.1550330E+001  0.4295317E+001 -0.1403044E+001  0.0000000E+000
 188.000    06071984  0.1683203E+001  0.1319686E+001  0.1565161E+001  0.4369762E+001 -0.1428507E+001  0.0000000E+000
 189.000    07071984  0.1715769E+001  0.1333612E+001  0.1577448E+001  0.4445154E+001 -0.1453555E+001  0.0000000E+000
 190.000    08071984  0.1746920E+001  0.1347486E+001  0.1586727E+001  0.4517860E+001 -0.1477402E+001  0.0000000E+000
 191.000    09071984  0.1772531E+001  0.1362983E+001  0.1593202E+001  0.4582056E+001 -0.1496926E+001  0.0000000E+000
 192.000    10071984  0.1805898E+001  0.1377656E+001  0.1599420E+001  0.4657604E+001 -0.1520575E+001  0.0000000E+000
 193.000    11071984  0.1835721E+001  0.1389781E+001  0.1603768E+001  0.4732502E+001 -0.1548799E+001  0.0000000E+000
 194.000    12071984  0.1872348E+001  0.1400339E+001  0.1613914E+001  0.4815858E+001 -0.1580116E+001  0.0000000E+000
 195.000    13071984  0.1908210E+001  0.1411717E+001  0.1622861E+001  0.4896677E+001 -0.1609026E+001  0.0000000E+000
 196.000    14071984  0.1945961E+001  0.1423895E+001  0.1630742E+001  0.4979015E+001 -0.1636995E+001  0.0000000E+000
 197.000    15071984  0.1981447E+001  0.1437381E+001  0.1638220E+001  0.5059092E+001 -0.1663933E+001  0.0000000E+000
 198.000    16071984  0.2008388E+001  0.1450505E+001  0.1646903E+001  0.5131126E+001 -0.1691169E+001  0.0000000E+000
 199.000    17071984  0.2043661E+001  0.1463212E+001  0.1653557E+001  0.5210576E+001 -0.1718662E+001  0.0000000E+000
 200.000    18071984  0.2074339E+001  0.1476959E+001  0.1659418E+001  0.5283938E+001 -0.1744025E+001  0.0000000E+000
 201.000    19071984  0.2111400E+001  0.1491367E+001  0.1662747E+001  0.5364189E+001 -0.1769114E+001  0.0000000E+000
 202.000    20071984  0.2147433E+001  0.1505410E+001  0.1667961E+001  0.5443667E+001 -0.1794267E+001  0.0000000E+000
 203.000    21071984  0.2173969E+001  0.1519577E+001  0.1674531E+001  0.5512942E+001 -0.1818942E+001  0.0000000E+000
 204.000    22071984  0.2206669E+001  0.1534268E+001  0.1679106E+001  0.5585679E+001 -0.1840834E+001  0.0000000E+000
 205.000    23071984  0.2242104E+001  0.1548749E+001  0.1683608E+001  0.5663565E+001 -0.1864434E+001  0.0000000E+000
 206.000    24071984  0.2281834E+001  0.1562135E+001  0.1687453E+001  0.5749710E+001 -0.1892946E+001  0.0000000E+000
 207.000    25071984  0.2322507E+001  0.1574173E+001  0.1690677E+001  0.5838668E+001 -0.1924691E+001  0.0000000E+000
 208.000    26071984  0.2355626E+001  0.1585800E+001  0.1695422E+001  0.5918762E+001 -0.1955072E+001  0.0000000E+000
 209.000    27071984  0.2391752E+001  0.1597808E+001  0.1699801E+001  0.6000744E+001 -0.1984529E+001  0.0000000E+000
 210.000    28071984  0.2420365E+001  0.1610747E+001  0.1702860E+001  0.6071987E+001 -0.2009807E+001  0.0000000E+000
 211.000    29071984  0.2447582E+001  0.1626048E+001  0.1705320E+001  0.6137481E+001 -0.2029470E+001  0.0000000E+000
 212.000    30071984  0.2478670E+001  0.1640904E+001  0.1707690E+001  0.6208531E+001 -0.2050568E+001  0.0000000E+000
 213.000    31071984  0.2515185E+001  0.1654542E+001  0.1710605E+001  0.6286097E+001 -0.2073730E+001  0.0000000E+000
 214.000    01081984  0.2553945E+001  0.1668415E+001  0.1714797E+001  0.6368119E+001 -0.2098587E+001  0.0000000E+000
 215.000    02081984  0.2594180E+001  0.1680381E+001  0.1718084E+001  0.6455015E+001 -0.2127900E+001  0.0000000E+000
 216.000    03081984  0.2628392E+001  0.1690769E+001  0.1719656E+001  0.6537791E+001 -0.2161191E+001  0.0000000E+000
 217.000    04081984  0.2661325E+001  0.1699434E+001  0.1720121E+001  0.6618814E+001 -0.2195492E+001  0.0000000E+000
 218.000    05081984  0.2705250E+001  0.1707552E+001  0.1721321E+001  0.6710707E+001 -0.2230090E+001  0.0000000E+000
 219.000    06081984  0.2734051E+001  0.1716410E+001  0.1722676E+001  0.6787054E+001 -0.2264054E+001  0.0000000E+000
 220.000    07081984  0.2779131E+001  0.1724477E+001  0.1724471E+001  0.6879021E+001 -0.2298280E+001  0.0000000E+000
 221.000    08081984  0.2821299E+001  0.1734472E+001  0.1724323E+001  0.6968521E+001 -0.2331492E+001  0.0000000E+000
 222.000    09081984  0.2865476E+001  0.1744280E+001  0.1728170E+001  0.7061012E+001 -0.2366090E+001  0.0000000E+000
 223.000    10081984  0.2899998E+001  0.1754511E+001  0.1732189E+001  0.7141758E+001 -0.2398542E+001  0.0000000E+000
 224.000    11081984  0.2937069E+001  0.1763943E+001  0.1735197E+001  0.7222511E+001 -0.2428311E+001  0.0000000E+000
 225.000    12081984  0.2980119E+001  0.1774149E+001  0.1738181E+001  0.7309083E+001 -0.2458397E+001  0.0000000E+000
 226.000    13081984  0.3027857E+001  0.1783948E+001  0.1740737E+001  0.7400839E+001 -0.2488735E+001  0.0000000E+000
 227.000    14081984  0.3075304E+001  0.1793871E+001  0.1743787E+001  0.7493492E+001 -0.2519636E+001  0.0000000E+000
 228.000    15081984  0.3120168E+001  0.1803582E+001  0.1744321E+001  0.7585954E+001 -0.2553682E+001  0.0000000E+000
 229.000    16081984  0.3161783E+001  0.1812980E+001  0.1743610E+001  0.7673009E+001 -0.2584981E+001  0.0000000E+000
 230.000    17081984  0.3198574E+001  0.1822460E+001  0.1743538E+001  0.7754234E+001 -0.2616046E+001  0.0000000E+000
 231.000    18081984  0.3249793E+001  0.1831698E+001  0.1744051E+001  0.7849411E+001 -0.2646818E+001  0.0000000E+000
 232.000    19081984  0.3300163E+001  0.1841492E+001  0.1745107E+001  0.7945273E+001 -0.2678480E+001  0.0000000E+000
 233.000    20081984  0.3344579E+001  0.1851301E+001  0.1745533E+001  0.8035178E+001 -0.2709701E+001  0.0000000E+000
 234.000    21081984  0.3390988E+001  0.1861867E+001  0.1745219E+001  0.8125335E+001 -0.2738835E+001  0.0000000E+000
 235.000    22081984  0.3436575E+001  0.1872675E+001  0.1744271E+001  0.8214488E+001 -0.2766970E+001  0.0000000E+000
 236.000    23081984  0.3480050E+001  0.1883638E+001  0.1740793E+001  0.8306212E+001 -0.2797537E+001  0.0000000E+000
 237.000    24081984  0.3516281E+001  0.1893713E+001  0.1738341E+001  0.8389040E+001 -0.2827009E+001  0.0000000E+000
 238.000    25081984  0.3551240E+001  0.1904779E+001  0.1735502E+001  0.8468397E+001 -0.2853902E+001  0.0000000E+000
 239.000    26081984  0.3583318E+001  0.1916561E+001  0.1731709E+001  0.8543346E+001 -0.2878711E+001  0.0000000E+000
 240.000    27081984  0.3619302E+001  0.1927718E+001  0.1728861E+001  0.8622581E+001 -0.2904635E+001  0.0000000E+000
 241.000    28081984  0.3661887E+001  0.1937401E+001  0.1725762E+001  0.8710083E+001 -0.2932824E+001  0.0000000E+000
 242.000    29081984  0.3699817E+001  0.1946914E+001  0.1721470E+001  0.8796978E+001 -0.2962685E+001  0.0000000E+000
 243.000    30081984  0.3740480E+001  0.1955388E+001  0.1716468E+001  0.8888505E+001 -0.2994820E+001  0.0000000E+000
 244.000    31081984  0.3770789E+001  0.1962768E+001  0.1709781E+001  0.8969836E+001 -0.3026577E+001  0.0000000E+000
 245.000    01091984  0.3800785E+001  0.1971952E+001  0.1702902E+001  0.9045483E+001 -0.3052947E+001  0.0000000E+000
 246.000    02091984  0.3835645E+001  0.1981962E+001  0.1695173E+001  0.9127610E+001 -0.3080024E+001  0.0000000E+000
 247.000    03091984  0.3871724E+001  0.1989875E+001  0.1687779E+001  0.9215434E+001 -0.3111508E+001  0.0000000E+000
 248.000    04091984  0.3906623E+001  0.1996864E+001  0.1682234E+001  0.9301132E+001 -0.3142968E+001  0.0000000E+000
 249.000    05091984  0.3935333E+001  0.2006619E+001  0.1678010E+001  0.9371997E+001 -0.3165907E+001  0.0000000E+000
 250.000    06091984  0.3964378E+001  0.2018258E+001  0.1673168E+001  0.9442954E+001 -0.3186548E+001  0.0000000E+000
 251.000    07091984  0.3986753E+001  0.2030753E+001  0.1668417E+001  0.9505308E+001 -0.3205345E+001  0.0000000E+000
 252.000    08091984  0.4012112E+001  0.2042499E+001  0.1664082E+001  0.9571129E+001 -0.3224777E+001  0.0000000E+000
 253.000    09091984  0.4038888E+001  0.2052624E+001  0.1658392E+001  0.9642438E+001 -0.3248143E+001  0.0000000E+000
 254.000    10091984  0.4064168E+001  0.2061507E+001  0.1653872E+001  0.9710306E+001 -0.3271920E+001  0.0000000E+000
 255.000    11091984  0.4095064E+001  0.2068681E+001  0.1648855E+001  0.9789268E+001 -0.3300754E+001  0.0000000E+000
 256.000    12091984  0.4125769E+001  0.2074486E+001  0.1643322E+001  0.9867524E+001 -0.3330215E+001  0.0000000E+000
 257.000    13091984  0.4151829E+001  0.2079935E+001  0.1637252E+001  0.9939722E+001 -0.3357930E+001  0.0000000E+000
 258.000    14091984  0.4174422E+001  0.2085745E+001  0.1630049E+001  0.1001019E+002 -0.3386432E+001  0.0000000E+000
 259.000    15091984  0.4204165E+001  0.2089084E+001  0.1618994E+001  0.1009315E+002 -0.3419803E+001  0.0000000E+000
 260.000    16091984  0.4224660E+001  0.2095381E+001  0.1615542E+001  0.1014932E+002 -0.3440513E+001  0.0000000E+000
 261.000    17091984  0.4243805E+001  0.2105052E+001  0.1612505E+001  0.1019930E+002 -0.3454503E+001  0.0000000E+000
 262.000    18091984  0.4265145E+001  0.2114711E+001  0.1609478E+001  0.1025265E+002 -0.3469625E+001  0.0000000E+000
 263.000    19091984  0.4289345E+001  0.2124030E+001  0.1605592E+001  0.1031063E+002 -0.3485794E+001  0.0000000E+000
 264.000    20091984  0.4314205E+001  0.2133499E+001  0.1601060E+001  0.1037140E+002 -0.3503347E+001  0.0000000E+000
 265.000    21091984  0.4340751E+001  0.2141554E+001  0.1594528E+001  0.1043949E+002 -0.3525359E+001  0.0000000E+000
 266.000    22091984  0.4367656E+001  0.2147584E+001  0.1587812E+001  0.1051005E+002 -0.3550527E+001  0.0000000E+000
 267.000    23091984  0.4392747E+001  0.2152792E+001  0.1580435E+001  0.1057896E+002 -0.3576397E+001  0.0000000E+000
 268.000    24091984  0.4421221E+001  0.2157092E+001  0.1573759E+001  0.1065097E+002 -0.3603242E+001  0.0000000E+000
 269.000    25091984  0.4447439E+001  0.2160864E+001  0.1566750E+001  0.1072248E+002 -0.3630946E+001  0.0000000E+000
 270.000    26091984  0.4471520E+001  0.2165049E+001  0.1557995E+001  0.1079178E+002 -0.3657981E+001  0.0000000E+000
 271.000    27091984  0.4482943E+001  0.2170943E+001  0.1554240E+001  0.1083540E+002 -0.3676096E+001  0.0000000E+000
 272.000    28091984  0.4499111E+001  0.2179632E+001  0.1551516E+001  0.1087806E+002 -0.3688063E+001  0.0000000E+000
 273.000    29091984  0.4506661E+001  0.2188348E+001  0.1549212E+001  0.1091018E+002 -0.3698736E+001  0.0000000E+000
 274.000    30091984  0.4518865E+001  0.2196336E+001  0.1546694E+001  0.1094797E+002 -0.3710426E+001  0.0000000E+000
 275.000    01101984  0.4538622E+001  0.2202549E+001  0.1543565E+001  0.1099694E+002 -0.3725188E+001  0.0000000E+000
 276.000    02101984  0.4552455E+001  0.2209651E+001  0.1541001E+001  0.1103577E+002 -0.3736771E+001  0.0000000E+000
 277.000    03101984  0.4569306E+001  0.2216604E+001  0.1538102E+001  0.1107853E+002 -0.3748468E+001  0.0000000E+000
 278.000    04101984  0.4589897E+001  0.2223454E+001  0.1534377E+001  0.1112902E+002 -0.3763252E+001  0.0000000E+000
 279.000    05101984  0.4613616E+001  0.2228767E+001  0.1530443E+001  0.1118531E+002 -0.3780945E+001  0.0000000E+000
 280.000    06101984  0.4634384E+001  0.2232952E+001  0.1526109E+001  0.1123976E+002 -0.3799639E+001  0.0000000E+000
 281.000    07101984  0.4651989E+001  0.2236225E+001  0.1521865E+001  0.1128946E+002 -0.3817515E+001  0.0000000E+000
 282.000    08101984  0.4671414E+001  0.2239957E+001  0.1517109E+001  0.1134169E+002 -0.3836243E+001  0.0000000E+000
 283.000    09101984  0.4693643E+001  0.2242704E+001  0.1512373E+001  0.1139831E+002 -0.3856237E+001  0.0000000E+000
 284.000    10101984  0.4712545E+001  0.2244816E+001  0.1507669E+001  0.1144987E+002 -0.3875374E+001  0.0000000E+000
 285.000    11101984  0.4730274E+001  0.2248405E+001  0.1503444E+001  0.1149946E+002 -0.3893740E+001  0.0000000E+000
 286.000    12101984  0.4747319E+001  0.2252612E+001  0.1499250E+001  0.1154620E+002 -0.3910161E+001  0.0000000E+000
 287.000    13101984  0.4764315E+001  0.2257591E+001  0.1495027E+001  0.1159227E+002 -0.3925620E+001  0.0000000E+000
 288.000    14101984  0.4780196E+001  0.2262436E+001  0.1491486E+001  0.1163612E+002 -0.3940314E+001  0.0000000E+000
 289.000    15101984  0.4798229E+001  0.2267046E+001  0.1488160E+001  0.1168339E+002 -0.3955972E+001  0.0000000E+000
 290.000    16101984  0.4818874E+001  0.2270286E+001  0.1484427E+001  0.1173779E+002 -0.3975641E+001  0.0000000E+000
 291.000    17101984  0.4837524E+001  0.2272456E+001  0.1480018E+001  0.1179054E+002 -0.3997100E+001  0.0000000E+000
 292.000    18101984  0.4858356E+001  0.2273441E+001  0.1475508E+001  0.1184847E+002 -0.4021514E+001  0.0000000E+000
 293.000    19101984  0.4878387E+001  0.2273823E+001  0.1469820E+001  0.1190617E+002 -0.4046329E+001  0.0000000E+000
 294.000    20101984  0.4894156E+001  0.2273657E+001  0.1461722E+001  0.1196537E+002 -0.4072662E+001  0.0000000E+000
 295.000    21101984  0.4840545E+001  0.2272638E+001  0.1454653E+001  0.1202062E+002 -0.4097468E+001  0.0000000E+000
 296.000    22101984  0.4792476E+001  0.2271766E+001  0.1449263E+001  0.1207483E+002 -0.4120918E+001  0.0000000E+000
 297.000    23101984  0.4750441E+001  0.2271667E+001  0.1443768E+001  0.1213131E+002 -0.4144594E+001  0.0000000E+000
 298.000    24101984  0.4711610E+001  0.2271386E+001  0.1438196E+001  0.1218597E+002 -0.4167581E+001  0.0000000E+000
 299.000    25101984  0.4675823E+001  0.2272358E+001  0.1432777E+001  0.1223832E+002 -0.4189142E+001  0.0000000E+000
 300.000    26101984  0.4643639E+001  0.2273942E+001  0.1426365E+001  0.1229221E+002 -0.4210385E+001  0.0000000E+000
 301.000    27101984  0.4613971E+001  0.2275346E+001  0.1419711E+001  0.1234483E+002 -0.4230647E+001  0.0000000E+000
 302.000    28101984  0.4586783E+001  0.2275906E+001  0.1412996E+001  0.1239804E+002 -0.4252646E+001  0.0000000E+000
 303.000    29101984  0.4562075E+001  0.2275718E+001  0.1406491E+001  0.1245199E+002 -0.4276504E+001  0.0000000E+000
 304.000    30101984  0.4538791E+001  0.2275292E+001  0.1400046E+001  0.1250108E+002 -0.4297583E+001  0.0000000E+000
 305.000    31101984  0.4518052E+001  0.2275643E+001  0.1394423E+001  0.1254800E+002 -0.4316339E+001  0.0000000E+000
 306.000    01111984  0.4498200E+001  0.2276106E+001  0.1388850E+001  0.1259194E+002 -0.4334114E+001  0.0000000E+000
 307.000    02111984  0.4481361E+001  0.2276201E+001  0.1382979E+001  0.1263772E+002 -0.4352640E+001  0.0000000E+000
 308.000    03111984  0.4451666E+001  0.2278572E+001  0.1380048E+001  0.1265774E+002 -0.4362861E+001  0.0000000E+000
 309.000    04111984  0.4429339E+001  0.2281932E+001  0.1377979E+001  0.1267993E+002 -0.4369974E+001  0.0000000E+000
 310.000    05111984  0.4413369E+001  0.2284578E+001  0.1374878E+001  0.1271007E+002 -0.4379682E+001  0.0000000E+000
 311.000    06111984  0.4394906E+001  0.2287008E+001  0.1372123E+001  0.1273452E+002 -0.4388683E+001  0.0000000E+000
 312.000    07111984  0.4370143E+001  0.2290155E+001  0.1369773E+001  0.1274932E+002 -0.4393753E+001  0.0000000E+000
 313.000    08111984  0.4282251E+001  0.2292939E+001  0.1367077E+001  0.1276453E+002 -0.4398160E+001  0.0000000E+000
 314.000    09111984  0.4203171E+001  0.2295633E+001  0.1364513E+001  0.1278335E+002 -0.4403209E+001  0.0000000E+000
 315.000    10111984  0.4132162E+001  0.2298196E+001  0.1362799E+001  0.1280602E+002 -0.4409704E+001  0.0000000E+000
 316.000    11111984  0.4072224E+001  0.2299883E+001  0.1359991E+001  0.1284026E+002 -0.4420989E+001  0.0000000E+000
 317.000    12111984  0.4003016E+001  0.2302016E+001  0.1358626E+001  0.1285345E+002 -0.4427234E+001  0.0000000E+000
 318.000    13111984  0.3939057E+001  0.2304007E+001  0.1355941E+001  0.1286536E+002 -0.4431271E+001  0.0000000E+000
 319.000    14111984  0.3881688E+001  0.2305658E+001  0.1353158E+001  0.1287965E+002 -0.4435270E+001  0.0000000E+000
 320.000    15111984  0.3832127E+001  0.2307266E+001  0.1350640E+001  0.1289968E+002 -0.4440690E+001  0.0000000E+000
 321.000    16111984  0.3790810E+001  0.2308895E+001  0.1348221E+001  0.1292859E+002 -0.4449602E+001  0.0000000E+000
 322.000    17111984  0.3741636E+001  0.2310563E+001  0.1345626E+001  0.1294026E+002 -0.4454338E+001  0.0000000E+000
 323.000    18111984  0.3698027E+001  0.2311919E+001  0.1342470E+001  0.1295377E+002 -0.4458070E+001  0.0000000E+000
 324.000    19111984  0.3666163E+001  0.2313389E+001  0.1340732E+001  0.1298025E+002 -0.4465407E+001  0.0000000E+000
 325.000    20111984  0.3622943E+001  0.2315091E+001  0.1339350E+001  0.1298792E+002 -0.4469722E+001  0.0000000E+000
 326.000    21111984  0.3580759E+001  0.2315800E+001  0.1335461E+001  0.1299210E+002 -0.4472199E+001  0.0000000E+000
 327.000    22111984  0.3544179E+001  0.2315949E+001  0.1333633E+001  0.1299927E+002 -0.4474744E+001  0.0000000E+000
 328.000    23111984  0.3513515E+001  0.2315850E+001  0.1331998E+001  0.1301060E+002 -0.4477711E+001  0.0000000E+000
 329.000    24111984  0.3485350E+001  0.2315676E+001  0.1330093E+001  0.1302216E+002 -0.4480685E+001  0.0000000E+000
 330.000    25111984  0.3459372E+001  0.2315499E+001  0.1328246E+001  0.1303682E+002 -0.4484008E+001  0.0000000E+000
 331.000    26111984  0.3386318E+001  0.2315449E+001  0.1326620E+001  0.1305448E+002 -0.4487882E+001  0.0000000E+000
 332.000    27111984  0.3321029E+001  0.2315708E+001  0.1324886E+001  0.1307704E+002 -0.4493313E+001  0.0000000E+000
 333.000    28111984  0.3260460E+001  0.2314706E+001  0.1322144E+001  0.1310597E+002 -0.4505251E+001  0.0000000E+000
 334.000    29111984  0.3194897E+001  0.2315001E+001  0.1320380E+001  0.1311698E+002 -0.4511085E+001  0.0000000E+000
 335.000    30111984  0.3142661E+001  0.2315553E+001  0.1316893E+001  0.1313094E+002 -0.4515261E+001  0.0000000E+000
 336.000    01121984  0.3094243E+001  0.2316281E+001  0.1315437E+001  0.1314538E+002 -0.4520021E+001  0.0000000E+000
 337.000    02121984  0.3049596E+001  0.2317059E+001  0.1313305E+001  0.1316015E+002 -0.4524761E+001  0.0000000E+000
 338.000    03121984  0.3010606E+001  0.2317861E+001  0.1311948E+001  0.1317874E+002 -0.4530626E+001  0.0000000E+000
 339.000    04121984  0.2966297E+001  0.2318697E+001  0.1310568E+001  0.1318655E+002 -0.4534733E+001  0.0000000E+000
 340.000    05121984  0.2922771E+001  0.2318980E+001  0.1308119E+001  0.1319070E+002 -0.4537302E+001  0.0000000E+000
 341.000    06121984  0.2886850E+001  0.2318739E+001  0.1306057E+001  0.1320053E+002 -0.4540455E+001  0.0000000E+000
 342.000    07121984  0.2846172E+001  0.2318246E+001  0.1303788E+001  0.1320160E+002 -0.4542638E+001  0.0000000E+000
 343.000    08121984  0.2813048E+001  0.2317194E+001  0.1303012E+001  0.1320807E+002 -0.4545003E+001  0.0000000E+000
 344.000    09121984  0.2784429E+001  0.2316052E+001  0.1301887E+001  0.1321734E+002 -0.4547634E+001  0.0000000E+000
 345.000    10121984  0.2760322E+001  0.2314842E+001  0.1300551E+001  0.1322983E+002 -0.4550787E+001  0.0000000E+000
 346.000    11121984  0.2740868E+001  0.2313695E+001  0.1299909E+001  0.1324634E+002 -0.4554807E+001  0.0000000E+000
 347.000    12121984  0.2721854E+001  0.2312701E+001  0.1298560E+001  0.1326157E+002 -0.4558712E+001  0.0000000E+000
 348.000    13121984  0.2706050E+001  0.2311951E+001  0.1297205E+001  0.1328316E+002 -0.4565050E+001  0.0000000E+000
 349.000    14121984  0.2650554E+001  0.2310706E+001  0.1295119E+001  0.1330971E+002 -0.4575005E+001  0.0000000E+000
 350.000    15121984  0.2599405E+001  0.2308926E+001  0.1293309E+001  0.1333696E+002 -0.4585832E+001  0.0000000E+000
 351.000    16121984  0.2549315E+001  0.2307203E+001  0.1291087E+001  0.1336225E+002 -0.4597075E+001  0.0000000E+000
 352.000    17121984  0.2504518E+001  0.2305516E+001  0.1289529E+001  0.1338949E+002 -0.4609004E+001  0.0000000E+000
 353.000    18121984  0.2467742E+001  0.2304033E+001  0.1288218E+001  0.1341675E+002 -0.4621223E+001  0.0000000E+000
 354.000    19121984  0.2430116E+001  0.2302677E+001  0.1286201E+001  0.1344000E+002 -0.4632439E+001  0.0000000E+000
 355.000    20121984  0.2394120E+001  0.2302214E+001  0.1283736E+001  0.1346125E+002 -0.4642263E+001  0.0000000E+000
 356.000    21121984  0.2362341E+001  0.2302364E+001  0.1281027E+001  0.1348469E+002 -0.4651880E+001  0.0000000E+000
 357.000    22121984  0.2329905E+001  0.2301634E+001  0.1277936E+001  0.1350614E+002 -0.4662686E+001  0.0000000E+000
 358.000    23121984  0.2295336E+001  0.2302675E+001  0.1276592E+001  0.1351626E+002 -0.4667751E+001  0.0000000E+000
 359.000    24121984  0.2267265E+001  0.2303853E+001  0.1274047E+001  0.1353131E+002 -0.4672172E+001  0.0000000E+000
 360.000    25121984  0.2244926E+001  0.2304731E+001  0.1271839E+001  0.1355393E+002 -0.4680112E+001  0.0000000E+000
 361.000    26121984  0.2216369E+001  0.2305988E+001  0.1269469E+001  0.1356343E+002 -0.4684061E+001  0.0000000E+000
 362.000    27121984  0.2197061E+001  0.2307053E+001  0.1267869E+001  0.1358268E+002 -0.4689659E+001  0.0000000E+000
 363.000    28121984  0.2179612E+001  0.2307874E+001  0.1265556E+001  0.1360491E+002 -0.4697610E+001  0.0000000E+000
 364.000    29121984  0.2164328E+001  0.2307856E+001  0.1262450E+001  0.1363044E+002 -0.4707847E+001  0.0000000E+000
 365.000    30121984  0.2150469E+001  0.2306888E+001  0.1260125E+001  0.1365653E+002 -0.4719522E+001  0.0000000E+000
 366.000    31121984  0.2135023E+001  0.2305874E+001  0.1257556E+001  0.1367849E+002 -0.4730189E+001  0.0000000E+000
