    DOY     DATE    PRECN           ET              WATER           DISCHG          SNOWPACK        WTR_1           WTR_2           WTR_3           WTR_4           WTR_5           WTR_6           ICE_2           ICE_3           ICE_4           ICE_5           ICE_6           ICE_7           PSI_3           PSI_4           PSI_5           PSI_6           PSI_7           PSI_8           ACTV_LYR        
  30.000    30011975  0.5409000E+002  0.2076264E+002  0.7992165E+003  0.4975518E+002  0.0000000E+000  0.3484593E+000  0.3456673E+000  0.3561300E+000  0.2894902E+000  0.2691775E+000  0.3577155E+000  0.9814073E-012  0.9913090E-012  0.0000000E+000  0.0000000E+000  0.0000000E+000  0.0000000E+000 -0.5538898E-002 -0.4704419E-002 -0.4171225E-002 -0.2502790E-002 -0.2504463E-002 -0.3638426E-002 -0.9999000E+004
  60.000    01031975  0.2160300E+003  0.4812734E+002  0.8663995E+003  0.1150217E+003  0.0000000E+000  0.3302754E+000  0.3643076E+000  0.3589741E+000  0.2970318E+000  0.3012205E+000  0.3665408E+000  0.9370111E-012  0.9913090E-012  0.0000000E+000  0.0000000E+000  0.0000000E+000  0.0000000E+000 -0.5244588E-002 -0.4114332E-002 -0.2341464E-002 -0.2098983E-002 -0.2494977E-002 -0.2662403E-002 -0.9999000E+004
  90.000    31031975  0.3985700E+003  0.9508010E+002  0.8539300E+003  0.2631893E+003  0.0000000E+000  0.3476043E+000  0.3554304E+000  0.3572134E+000  0.2967400E+000  0.2804393E+000  0.3566578E+000  0.9370111E-012  0.9913090E-012  0.0000000E+000  0.0000000E+000  0.0000000E+000  0.0000000E+000 -0.4823340E-002 -0.4179571E-002 -0.3433899E-002 -0.2564377E-002 -0.2567701E-002 -0.3274663E-002 -0.9999000E+004
 120.000    30041975  0.5374000E+003  0.1507544E+003  0.8318932E+003  0.3683818E+003  0.0000000E+000  0.3292119E+000  0.3332999E+000  0.3407995E+000  0.2682943E+000  0.2604547E+000  0.3541564E+000  0.9370111E-012  0.9913090E-012  0.0000000E+000  0.0000000E+000  0.0000000E+000  0.0000000E+000 -0.8290148E-002 -0.6792633E-002 -0.4831710E-002 -0.2711209E-002 -0.2674881E-002 -0.3664510E-002 -0.9999000E+004
 150.000    30051975  0.6646200E+003  0.2210483E+003  0.8295638E+003  0.4276372E+003  0.0000000E+000  0.3257999E+000  0.3484283E+000  0.3473413E+000  0.2816394E+000  0.2753308E+000  0.3567401E+000  0.9370111E-012  0.9913090E-012  0.0000000E+000  0.0000000E+000  0.0000000E+000  0.0000000E+000 -0.6351507E-002 -0.5391394E-002 -0.3706636E-002 -0.2558213E-002 -0.2600532E-002 -0.3260904E-002 -0.9999000E+004
 180.000    29061975  0.7415000E+003  0.3046726E+003  0.7766631E+003  0.4737936E+003  0.0000000E+000  0.3418600E+000  0.3510615E+000  0.3469099E+000  0.2660798E+000  0.2559716E+000  0.3444289E+000  0.9370111E-012  0.9913090E-012  0.0000000E+000  0.0000000E+000  0.0000000E+000  0.0000000E+000 -0.8159554E-002 -0.7248431E-002 -0.5252584E-002 -0.3393760E-002 -0.3347264E-002 -0.5207420E-002 -0.9999000E+004
 210.000    29071975  0.7767200E+003  0.3942120E+003  0.7015541E+003  0.4945832E+003  0.0000000E+000  0.2609301E+000  0.2628871E+000  0.2646532E+000  0.2085859E+000  0.2080243E+000  0.3221462E+000  0.9370111E-012  0.9913090E-012  0.0000000E+000  0.0000000E+000  0.0000000E+000  0.0000000E+000 -0.2833737E-001 -0.2409772E-001 -0.1551668E-001 -0.5813587E-002 -0.4941641E-002 -0.7639519E-002 -0.9999000E+004
 240.000    28081975  0.8431600E+003  0.4827858E+003  0.6691486E+003  0.5048548E+003  0.0000000E+000  0.2919369E+000  0.2827256E+000  0.2869016E+000  0.2222504E+000  0.1899058E+000  0.2999725E+000  0.9370111E-012  0.9913090E-012  0.0000000E+000  0.0000000E+000  0.0000000E+000  0.0000000E+000 -0.1930916E-001 -0.1736879E-001 -0.2692426E-001 -0.1036205E-001 -0.7171332E-002 -0.1078159E-001 -0.9999000E+004
 270.000    27091975  0.9017100E+003  0.5569234E+003  0.6477632E+003  0.5106527E+003  0.0000000E+000  0.2904566E+000  0.3029549E+000  0.3041833E+000  0.2351132E+000  0.1866607E+000  0.2855953E+000  0.9370111E-012  0.9913090E-012  0.0000000E+000  0.0000000E+000  0.0000000E+000  0.0000000E+000 -0.1453346E-001 -0.1299151E-001 -0.2986951E-001 -0.1601403E-001 -0.9854111E-002 -0.1574827E-001 -0.9999000E+004
 300.000    27101975  0.1022010E+004  0.6097033E+003  0.7126509E+003  0.5132851E+003  0.0000000E+000  0.3469103E+000  0.3497946E+000  0.3512159E+000  0.2880870E+000  0.2865897E+000  0.3577378E+000  0.9370111E-012  0.9913090E-012  0.0000000E+000  0.0000000E+000  0.0000000E+000  0.0000000E+000 -0.5728806E-002 -0.4837753E-002 -0.3041934E-002 -0.2500532E-002 -0.3143639E-002 -0.1896160E-001 -0.9999000E+004
 330.000    26111975  0.1142040E+004  0.6491740E+003  0.7927840E+003  0.5137113E+003  0.0000000E+000  0.3195534E+000  0.3570028E+000  0.3506945E+000  0.2872385E+000  0.2691682E+000  0.3635950E+000  0.9370111E-012  0.9913090E-012  0.0000000E+000  0.0000000E+000  0.0000000E+000  0.0000000E+000 -0.6306130E-002 -0.4879206E-002 -0.4072466E-002 -0.2144769E-002 -0.2496977E-002 -0.2580520E-002 -0.9999000E+004
 360.000    26121975  0.1289740E+004  0.6794063E+003  0.8356380E+003  0.5884056E+003  0.0000000E+000  0.8547442E-001  0.9725797E-001  0.3027395E+000  0.2435915E+000  0.2518457E+000  0.3560972E+000  0.4002121E+000  0.7937902E-001  0.0000000E+000  0.0000000E+000  0.0000000E+000  0.0000000E+000 -0.1492451E-001 -0.1072133E-001 -0.5639276E-002 -0.2593998E-002 -0.2566194E-002 -0.3321883E-002 -0.9999000E+004
