    DOY     DATE    RESIDUE_C       HUMUS_C         ATM_CO2         NBP             ECO_LAI         ECO_GPP         ECO_RA          ECO_NPP         ECO_RH          
  30.000    30011954  0.5662164E+003  0.8016119E+004  0.3406120E+003  0.1364693E+002  0.1190472E+002  0.4285748E+002 -0.2493247E+002  0.1792501E+002 -0.2553484E+001
  60.000    01031954  0.5715441E+003  0.8016721E+004  0.3406120E+003  0.5641306E+002  0.1159982E+002  0.1270053E+003 -0.6394968E+002  0.6305560E+002 -0.5965048E+001
  90.000    31031954  0.5732489E+003  0.8017019E+004  0.3406120E+003  0.1189552E+003  0.1165392E+002  0.2465251E+003 -0.1147429E+003  0.1317821E+003 -0.1267454E+002
 120.000    30041954  0.5629482E+003  0.8014553E+004  0.3406120E+003  0.2334381E+003  0.1218887E+002  0.4802108E+003 -0.2165042E+003  0.2637066E+003 -0.3032294E+002
 150.000    30051954  0.5509280E+003  0.8010437E+004  0.3406120E+003  0.3605452E+003  0.1332068E+002  0.7425966E+003 -0.3309036E+003  0.4116930E+003 -0.5183984E+002
 180.000    29061954  0.5352140E+003  0.7997824E+004  0.3406120E+003  0.4685487E+003  0.1525677E+002  0.1068146E+004 -0.5154332E+003  0.5527129E+003 -0.8674471E+002
 210.000    29071954  0.5183773E+003  0.7981972E+004  0.3406120E+003  0.5758585E+003  0.1629806E+002  0.1399358E+004 -0.7052277E+003  0.6941302E+003 -0.1229983E+003
 240.000    28081954  0.5040990E+003  0.7966621E+004  0.3406120E+003  0.6822081E+003  0.1626162E+002  0.1702236E+004 -0.8701812E+003  0.8320544E+003 -0.1561386E+003
 270.000    27091954  0.4921695E+003  0.7955223E+004  0.3406120E+003  0.7742971E+003  0.1585578E+002  0.1956991E+004 -0.1007280E+004  0.9497106E+003 -0.1817488E+003
 300.000    27101954  0.4880752E+003  0.7950046E+004  0.3406120E+003  0.8392379E+003  0.1518812E+002  0.2134327E+004 -0.1101077E+004  0.1033250E+004 -0.1963915E+003
 330.000    26111954  0.5032332E+003  0.7947506E+004  0.3406120E+003  0.8800939E+003  0.1448742E+002  0.2249690E+004 -0.1166513E+004  0.1083177E+004 -0.2064220E+003
 360.000    26121954  0.5309113E+003  0.7947364E+004  0.3406120E+003  0.8917082E+003  0.1396180E+002  0.2305453E+004 -0.1203905E+004  0.1101548E+004 -0.2110783E+003
