    DOY     DATE    SHOOT_C         ROOT_C          LAI             GPP             AUTO_RESP       HVST_C          
  30.000    30011967  0.4386320E+001  0.3651210E+001  0.4003862E+001  0.5645406E+000 -0.2213750E+000  0.0000000E+000
  60.000    01031967  0.4751912E+001  0.3654349E+001  0.3810644E+001  0.1627243E+001 -0.6568750E+000  0.0000000E+000
  90.000    31031967  0.5315705E+001  0.3826474E+001  0.3609395E+001  0.3164654E+001 -0.1213069E+001  0.0000000E+000
 120.000    30041967  0.5922319E+001  0.3883052E+001  0.3178334E+001  0.6090801E+001 -0.2274885E+001  0.0000000E+000
 150.000    30051967  0.5236868E+001  0.3932605E+001  0.3827763E+001  0.9458308E+001 -0.3467272E+001  0.0000000E+000
 180.000    29061967  0.4809412E+001  0.3664613E+001  0.5702277E+001  0.1411616E+002 -0.5530416E+001  0.0000000E+000
 210.000    29071967  0.6820230E+001  0.3468497E+001  0.6488832E+001  0.1833824E+002 -0.7702492E+001  0.0000000E+000
 240.000    28081967  0.8589460E+001  0.3386084E+001  0.6383410E+001  0.2217157E+002 -0.9583817E+001  0.0000000E+000
 270.000    27091967  0.1003042E+002  0.3415120E+001  0.6099650E+001  0.2540413E+002 -0.1110849E+002  0.0000000E+000
 300.000    27101967  0.1021106E+002  0.3602755E+001  0.5670268E+001  0.2786120E+002 -0.1217520E+002  0.0000000E+000
 330.000    26111967  0.7535676E+001  0.3806210E+001  0.5202800E+001  0.2959020E+002 -0.1291702E+002  0.0000000E+000
 360.000    26121967  0.5294255E+001  0.3937221E+001  0.4935088E+001  0.3033010E+002 -0.1328668E+002  0.0000000E+000
