    DOY     DATE    WTR_STRESS      
   1.000    01011981  0.0000000E+000
   2.000    02011981  0.0000000E+000
   3.000    03011981  0.0000000E+000
   4.000    04011981  0.0000000E+000
   5.000    05011981  0.0000000E+000
   6.000    06011981  0.0000000E+000
   7.000    07011981  0.0000000E+000
   8.000    08011981  0.0000000E+000
   9.000    09011981  0.0000000E+000
  10.000    10011981  0.0000000E+000
  11.000    11011981  0.0000000E+000
  12.000    12011981  0.0000000E+000
  13.000    13011981  0.0000000E+000
  14.000    14011981  0.0000000E+000
  15.000    15011981  0.0000000E+000
  16.000    16011981  0.0000000E+000
  17.000    17011981  0.0000000E+000
  18.000    18011981  0.0000000E+000
  19.000    19011981  0.0000000E+000
  20.000    20011981  0.0000000E+000
  21.000    21011981  0.0000000E+000
  22.000    22011981  0.0000000E+000
  23.000    23011981  0.0000000E+000
  24.000    24011981  0.0000000E+000
  25.000    25011981  0.0000000E+000
  26.000    26011981  0.0000000E+000
  27.000    27011981  0.0000000E+000
  28.000    28011981  0.0000000E+000
  29.000    29011981  0.0000000E+000
  30.000    30011981  0.0000000E+000
  31.000    31011981  0.0000000E+000
  32.000    01021981  0.0000000E+000
  33.000    02021981  0.0000000E+000
  34.000    03021981  0.0000000E+000
  35.000    04021981  0.0000000E+000
  36.000    05021981  0.0000000E+000
  37.000    06021981  0.0000000E+000
  38.000    07021981  0.0000000E+000
  39.000    08021981  0.0000000E+000
  40.000    09021981  0.0000000E+000
  41.000    10021981  0.0000000E+000
  42.000    11021981  0.0000000E+000
  43.000    12021981  0.0000000E+000
  44.000    13021981  0.0000000E+000
  45.000    14021981  0.0000000E+000
  46.000    15021981  0.0000000E+000
  47.000    16021981  0.0000000E+000
  48.000    17021981  0.0000000E+000
  49.000    18021981  0.0000000E+000
  50.000    19021981  0.0000000E+000
  51.000    20021981  0.0000000E+000
  52.000    21021981  0.0000000E+000
  53.000    22021981  0.0000000E+000
  54.000    23021981  0.0000000E+000
  55.000    24021981  0.0000000E+000
  56.000    25021981  0.0000000E+000
  57.000    26021981  0.0000000E+000
  58.000    27021981  0.0000000E+000
  59.000    28021981  0.0000000E+000
  60.000    01031981  0.0000000E+000
  61.000    02031981  0.0000000E+000
  62.000    03031981  0.0000000E+000
  63.000    04031981  0.0000000E+000
  64.000    05031981  0.0000000E+000
  65.000    06031981  0.0000000E+000
  66.000    07031981  0.0000000E+000
  67.000    08031981  0.0000000E+000
  68.000    09031981  0.0000000E+000
  69.000    10031981  0.0000000E+000
  70.000    11031981  0.0000000E+000
  71.000    12031981  0.0000000E+000
  72.000    13031981  0.0000000E+000
  73.000    14031981  0.0000000E+000
  74.000    15031981  0.0000000E+000
  75.000    16031981  0.0000000E+000
  76.000    17031981  0.0000000E+000
  77.000    18031981  0.0000000E+000
  78.000    19031981  0.0000000E+000
  79.000    20031981  0.0000000E+000
  80.000    21031981  0.0000000E+000
  81.000    22031981  0.0000000E+000
  82.000    23031981  0.0000000E+000
  83.000    24031981  0.0000000E+000
  84.000    25031981  0.0000000E+000
  85.000    26031981  0.0000000E+000
  86.000    27031981  0.0000000E+000
  87.000    28031981  0.0000000E+000
  88.000    29031981  0.0000000E+000
  89.000    30031981  0.0000000E+000
  90.000    31031981  0.0000000E+000
  91.000    01041981  0.0000000E+000
  92.000    02041981  0.0000000E+000
  93.000    03041981  0.0000000E+000
  94.000    04041981  0.0000000E+000
  95.000    05041981  0.0000000E+000
  96.000    06041981  0.0000000E+000
  97.000    07041981  0.0000000E+000
  98.000    08041981  0.0000000E+000
  99.000    09041981  0.0000000E+000
 100.000    10041981  0.0000000E+000
 101.000    11041981  0.0000000E+000
 102.000    12041981  0.0000000E+000
 103.000    13041981  0.0000000E+000
 104.000    14041981  0.0000000E+000
 105.000    15041981  0.0000000E+000
 106.000    16041981  0.0000000E+000
 107.000    17041981  0.0000000E+000
 108.000    18041981  0.0000000E+000
 109.000    19041981  0.0000000E+000
 110.000    20041981  0.0000000E+000
 111.000    21041981  0.0000000E+000
 112.000    22041981  0.0000000E+000
 113.000    23041981  0.0000000E+000
 114.000    24041981  0.0000000E+000
 115.000    25041981  0.0000000E+000
 116.000    26041981  0.0000000E+000
 117.000    27041981  0.0000000E+000
 118.000    28041981  0.0000000E+000
 119.000    29041981  0.0000000E+000
 120.000    30041981  0.0000000E+000
 121.000    01051981  0.0000000E+000
 122.000    02051981  0.0000000E+000
 123.000    03051981  0.0000000E+000
 124.000    04051981  0.0000000E+000
 125.000    05051981  0.0000000E+000
 126.000    06051981  0.0000000E+000
 127.000    07051981  0.0000000E+000
 128.000    08051981  0.0000000E+000
 129.000    09051981  0.0000000E+000
 130.000    10051981  0.0000000E+000
 131.000    11051981  0.0000000E+000
 132.000    12051981  0.0000000E+000
 133.000    13051981  0.0000000E+000
 134.000    14051981  0.0000000E+000
 135.000    15051981  0.0000000E+000
 136.000    16051981  0.0000000E+000
 137.000    17051981  0.0000000E+000
 138.000    18051981  0.0000000E+000
 139.000    19051981  0.0000000E+000
 140.000    20051981  0.0000000E+000
 141.000    21051981  0.0000000E+000
 142.000    22051981  0.0000000E+000
 143.000    23051981  0.0000000E+000
 144.000    24051981  0.0000000E+000
 145.000    25051981  0.0000000E+000
 146.000    26051981  0.0000000E+000
 147.000    27051981  0.0000000E+000
 148.000    28051981  0.0000000E+000
 149.000    29051981  0.0000000E+000
 150.000    30051981  0.0000000E+000
 151.000    31051981  0.0000000E+000
 152.000    01061981  0.0000000E+000
 153.000    02061981  0.0000000E+000
 154.000    03061981  0.0000000E+000
 155.000    04061981  0.0000000E+000
 156.000    05061981  0.0000000E+000
 157.000    06061981  0.0000000E+000
 158.000    07061981  0.0000000E+000
 159.000    08061981  0.0000000E+000
 160.000    09061981  0.0000000E+000
 161.000    10061981  0.0000000E+000
 162.000    11061981  0.0000000E+000
 163.000    12061981  0.0000000E+000
 164.000    13061981  0.0000000E+000
 165.000    14061981  0.0000000E+000
 166.000    15061981  0.0000000E+000
 167.000    16061981  0.0000000E+000
 168.000    17061981  0.0000000E+000
 169.000    18061981  0.0000000E+000
 170.000    19061981  0.0000000E+000
 171.000    20061981  0.0000000E+000
 172.000    21061981  0.0000000E+000
 173.000    22061981  0.0000000E+000
 174.000    23061981  0.0000000E+000
 175.000    24061981  0.0000000E+000
 176.000    25061981  0.0000000E+000
 177.000    26061981  0.0000000E+000
 178.000    27061981  0.0000000E+000
 179.000    28061981  0.0000000E+000
 180.000    29061981  0.0000000E+000
 181.000    30061981  0.0000000E+000
 182.000    01071981  0.0000000E+000
 183.000    02071981  0.0000000E+000
 184.000    03071981  0.0000000E+000
 185.000    04071981  0.0000000E+000
 186.000    05071981  0.0000000E+000
 187.000    06071981  0.0000000E+000
 188.000    07071981  0.0000000E+000
 189.000    08071981  0.0000000E+000
 190.000    09071981  0.0000000E+000
 191.000    10071981  0.0000000E+000
 192.000    11071981  0.0000000E+000
 193.000    12071981  0.0000000E+000
 194.000    13071981  0.0000000E+000
 195.000    14071981  0.0000000E+000
 196.000    15071981  0.0000000E+000
 197.000    16071981  0.0000000E+000
 198.000    17071981  0.0000000E+000
 199.000    18071981  0.0000000E+000
 200.000    19071981  0.0000000E+000
 201.000    20071981  0.0000000E+000
 202.000    21071981  0.0000000E+000
 203.000    22071981  0.0000000E+000
 204.000    23071981  0.0000000E+000
 205.000    24071981  0.0000000E+000
 206.000    25071981  0.0000000E+000
 207.000    26071981  0.0000000E+000
 208.000    27071981  0.0000000E+000
 209.000    28071981  0.0000000E+000
 210.000    29071981  0.0000000E+000
 211.000    30071981  0.0000000E+000
 212.000    31071981  0.0000000E+000
 213.000    01081981  0.0000000E+000
 214.000    02081981  0.0000000E+000
 215.000    03081981  0.0000000E+000
 216.000    04081981  0.0000000E+000
 217.000    05081981  0.0000000E+000
 218.000    06081981  0.0000000E+000
 219.000    07081981  0.0000000E+000
 220.000    08081981  0.0000000E+000
 221.000    09081981  0.0000000E+000
 222.000    10081981  0.0000000E+000
 223.000    11081981  0.0000000E+000
 224.000    12081981  0.0000000E+000
 225.000    13081981  0.0000000E+000
 226.000    14081981  0.0000000E+000
 227.000    15081981  0.0000000E+000
 228.000    16081981  0.0000000E+000
 229.000    17081981  0.0000000E+000
 230.000    18081981  0.0000000E+000
 231.000    19081981  0.0000000E+000
 232.000    20081981  0.0000000E+000
 233.000    21081981  0.0000000E+000
 234.000    22081981  0.0000000E+000
 235.000    23081981  0.0000000E+000
 236.000    24081981  0.0000000E+000
 237.000    25081981  0.0000000E+000
 238.000    26081981  0.0000000E+000
 239.000    27081981  0.0000000E+000
 240.000    28081981  0.0000000E+000
 241.000    29081981  0.0000000E+000
 242.000    30081981  0.0000000E+000
 243.000    31081981  0.0000000E+000
 244.000    01091981  0.0000000E+000
 245.000    02091981  0.0000000E+000
 246.000    03091981  0.0000000E+000
 247.000    04091981  0.0000000E+000
 248.000    05091981  0.0000000E+000
 249.000    06091981  0.0000000E+000
 250.000    07091981  0.0000000E+000
 251.000    08091981  0.0000000E+000
 252.000    09091981  0.0000000E+000
 253.000    10091981  0.0000000E+000
 254.000    11091981  0.0000000E+000
 255.000    12091981  0.0000000E+000
 256.000    13091981  0.0000000E+000
 257.000    14091981  0.0000000E+000
 258.000    15091981  0.0000000E+000
 259.000    16091981  0.0000000E+000
 260.000    17091981  0.0000000E+000
 261.000    18091981  0.0000000E+000
 262.000    19091981  0.0000000E+000
 263.000    20091981  0.0000000E+000
 264.000    21091981  0.0000000E+000
 265.000    22091981  0.0000000E+000
 266.000    23091981  0.0000000E+000
 267.000    24091981  0.0000000E+000
 268.000    25091981  0.0000000E+000
 269.000    26091981  0.0000000E+000
 270.000    27091981  0.0000000E+000
 271.000    28091981  0.0000000E+000
 272.000    29091981  0.0000000E+000
 273.000    30091981  0.0000000E+000
 274.000    01101981  0.0000000E+000
 275.000    02101981  0.0000000E+000
 276.000    03101981  0.0000000E+000
 277.000    04101981  0.0000000E+000
 278.000    05101981  0.0000000E+000
 279.000    06101981  0.0000000E+000
 280.000    07101981  0.0000000E+000
 281.000    08101981  0.0000000E+000
 282.000    09101981  0.0000000E+000
 283.000    10101981  0.0000000E+000
 284.000    11101981  0.0000000E+000
 285.000    12101981  0.0000000E+000
 286.000    13101981  0.0000000E+000
 287.000    14101981  0.0000000E+000
 288.000    15101981  0.0000000E+000
 289.000    16101981  0.0000000E+000
 290.000    17101981  0.0000000E+000
 291.000    18101981  0.0000000E+000
 292.000    19101981  0.0000000E+000
 293.000    20101981  0.0000000E+000
 294.000    21101981  0.0000000E+000
 295.000    22101981  0.0000000E+000
 296.000    23101981  0.0000000E+000
 297.000    24101981  0.0000000E+000
 298.000    25101981  0.0000000E+000
 299.000    26101981  0.0000000E+000
 300.000    27101981  0.0000000E+000
 301.000    28101981  0.0000000E+000
 302.000    29101981  0.0000000E+000
 303.000    30101981  0.0000000E+000
 304.000    31101981  0.0000000E+000
 305.000    01111981  0.0000000E+000
 306.000    02111981  0.0000000E+000
 307.000    03111981  0.0000000E+000
 308.000    04111981  0.0000000E+000
 309.000    05111981  0.0000000E+000
 310.000    06111981  0.0000000E+000
 311.000    07111981  0.0000000E+000
 312.000    08111981  0.0000000E+000
 313.000    09111981  0.0000000E+000
 314.000    10111981  0.0000000E+000
 315.000    11111981  0.0000000E+000
 316.000    12111981  0.0000000E+000
 317.000    13111981  0.0000000E+000
 318.000    14111981  0.0000000E+000
 319.000    15111981  0.0000000E+000
 320.000    16111981  0.0000000E+000
 321.000    17111981  0.0000000E+000
 322.000    18111981  0.0000000E+000
 323.000    19111981  0.0000000E+000
 324.000    20111981  0.0000000E+000
 325.000    21111981  0.0000000E+000
 326.000    22111981  0.0000000E+000
 327.000    23111981  0.0000000E+000
 328.000    24111981  0.0000000E+000
 329.000    25111981  0.0000000E+000
 330.000    26111981  0.0000000E+000
 331.000    27111981  0.0000000E+000
 332.000    28111981  0.0000000E+000
 333.000    29111981  0.0000000E+000
 334.000    30111981  0.0000000E+000
 335.000    01121981  0.0000000E+000
 336.000    02121981  0.0000000E+000
 337.000    03121981  0.0000000E+000
 338.000    04121981  0.0000000E+000
 339.000    05121981  0.0000000E+000
 340.000    06121981  0.0000000E+000
 341.000    07121981  0.0000000E+000
 342.000    08121981  0.0000000E+000
 343.000    09121981  0.0000000E+000
 344.000    10121981  0.0000000E+000
 345.000    11121981  0.0000000E+000
 346.000    12121981  0.0000000E+000
 347.000    13121981  0.0000000E+000
 348.000    14121981  0.0000000E+000
 349.000    15121981  0.0000000E+000
 350.000    16121981  0.0000000E+000
 351.000    17121981  0.0000000E+000
 352.000    18121981  0.0000000E+000
 353.000    19121981  0.0000000E+000
 354.000    20121981  0.0000000E+000
 355.000    21121981  0.0000000E+000
 356.000    22121981  0.0000000E+000
 357.000    23121981  0.0000000E+000
 358.000    24121981  0.0000000E+000
 359.000    25121981  0.0000000E+000
 360.000    26121981  0.0000000E+000
 361.000    27121981  0.0000000E+000
 362.000    28121981  0.0000000E+000
 363.000    29121981  0.0000000E+000
 364.000    30121981  0.0000000E+000
 365.000    31121981  0.0000000E+000
