    DOY     DATE    SHOOT_C         ROOT_C          LAI             GPP             AUTO_RESP       HVST_C          
   1.000    01011995  0.2588052E+001  0.3102461E+001  0.1954083E+001  0.2242680E-001 -0.8015978E-002  0.0000000E+000
   2.000    02011995  0.2569970E+001  0.3101567E+001  0.1950995E+001  0.3562175E-001 -0.1646246E-001  0.0000000E+000
   3.000    03011995  0.2549665E+001  0.3101111E+001  0.1945707E+001  0.4027321E-001 -0.1983846E-001  0.0000000E+000
   4.000    04011995  0.2533114E+001  0.3100369E+001  0.1942161E+001  0.4759691E-001 -0.2315202E-001  0.0000000E+000
   5.000    05011995  0.2512364E+001  0.3099255E+001  0.1938160E+001  0.4847043E-001 -0.2586772E-001  0.0000000E+000
   6.000    06011995  0.2499723E+001  0.3097423E+001  0.1935794E+001  0.5100487E-001 -0.2837571E-001  0.0000000E+000
   7.000    07011995  0.2497733E+001  0.3095311E+001  0.1933714E+001  0.7306328E-001 -0.3653559E-001  0.0000000E+000
   8.000    08011995  0.2489185E+001  0.3093040E+001  0.1930239E+001  0.8003366E-001 -0.4040995E-001  0.0000000E+000
   9.000    09011995  0.2484917E+001  0.3090848E+001  0.1928051E+001  0.9057313E-001 -0.4407061E-001  0.0000000E+000
  10.000    10011995  0.2480238E+001  0.3088756E+001  0.1926140E+001  0.1007524E+000 -0.4805360E-001  0.0000000E+000
  11.000    11011995  0.2480116E+001  0.3086788E+001  0.1924614E+001  0.1169930E+000 -0.5309069E-001  0.0000000E+000
  12.000    12011995  0.2486166E+001  0.3084830E+001  0.1921983E+001  0.1459516E+000 -0.6238940E-001  0.0000000E+000
  13.000    13011995  0.2489659E+001  0.3081957E+001  0.1919100E+001  0.1739090E+000 -0.7509772E-001  0.0000000E+000
  14.000    14011995  0.2486306E+001  0.3075010E+001  0.1913267E+001  0.2013571E+000 -0.9496726E-001  0.0000000E+000
  15.000    15011995  0.2486943E+001  0.3066568E+001  0.1905676E+001  0.2327350E+000 -0.1160894E+000  0.0000000E+000
  16.000    16011995  0.2488223E+001  0.3060979E+001  0.1899892E+001  0.2584168E+000 -0.1314520E+000  0.0000000E+000
  17.000    17011995  0.2484900E+001  0.3058790E+001  0.1897817E+001  0.2717633E+000 -0.1401851E+000  0.0000000E+000
  18.000    18011995  0.2483809E+001  0.3057700E+001  0.1895567E+001  0.2871866E+000 -0.1474738E+000  0.0000000E+000
  19.000    19011995  0.2486447E+001  0.3056486E+001  0.1892222E+001  0.3090747E+000 -0.1568097E+000  0.0000000E+000
  20.000    20011995  0.2483144E+001  0.3054647E+001  0.1888817E+001  0.3244244E+000 -0.1665553E+000  0.0000000E+000
  21.000    21011995  0.2480039E+001  0.3054081E+001  0.1886922E+001  0.3343547E+000 -0.1715561E+000  0.0000000E+000
  22.000    22011995  0.2473822E+001  0.3053545E+001  0.1882705E+001  0.3401284E+000 -0.1752852E+000  0.0000000E+000
  23.000    23011995  0.2471087E+001  0.3052892E+001  0.1879105E+001  0.3491755E+000 -0.1789886E+000  0.0000000E+000
  24.000    24011995  0.2467579E+001  0.3052136E+001  0.1875323E+001  0.3528620E+000 -0.1822126E+000  0.0000000E+000
  25.000    25011995  0.2465673E+001  0.3051113E+001  0.1871416E+001  0.3577503E+000 -0.1851765E+000  0.0000000E+000
  26.000    26011995  0.2466569E+001  0.3049938E+001  0.1868622E+001  0.3657542E+000 -0.1884403E+000  0.0000000E+000
  27.000    27011995  0.2467564E+001  0.3048708E+001  0.1865706E+001  0.3741787E+000 -0.1918703E+000  0.0000000E+000
  28.000    28011995  0.2473941E+001  0.3047477E+001  0.1864457E+001  0.3891746E+000 -0.1961493E+000  0.0000000E+000
  29.000    29011995  0.2472613E+001  0.3046297E+001  0.1862147E+001  0.3951708E+000 -0.1996394E+000  0.0000000E+000
  30.000    30011995  0.2466446E+001  0.3044837E+001  0.1859194E+001  0.3954593E+000 -0.2025926E+000  0.0000000E+000
  31.000    31011995  0.2460531E+001  0.3042814E+001  0.1857528E+001  0.3954593E+000 -0.2056161E+000  0.0000000E+000
  32.000    01021995  0.2464018E+001  0.3040451E+001  0.1856415E+001  0.4063031E+000 -0.2097646E+000  0.0000000E+000
  33.000    02021995  0.2473784E+001  0.3038390E+001  0.1855279E+001  0.4254863E+000 -0.2156822E+000  0.0000000E+000
  34.000    03021995  0.2478777E+001  0.3036778E+001  0.1854422E+001  0.4401345E+000 -0.2223028E+000  0.0000000E+000
  35.000    04021995  0.2487920E+001  0.3035513E+001  0.1853211E+001  0.4593620E+000 -0.2290368E+000  0.0000000E+000
  36.000    05021995  0.2483488E+001  0.3034405E+001  0.1847482E+001  0.4617243E+000 -0.2322030E+000  0.0000000E+000
  37.000    06021995  0.2477976E+001  0.3032935E+001  0.1845779E+001  0.4621761E+000 -0.2347343E+000  0.0000000E+000
  38.000    07021995  0.2474318E+001  0.3030828E+001  0.1844124E+001  0.4638276E+000 -0.2371454E+000  0.0000000E+000
  39.000    08021995  0.2468726E+001  0.3028600E+001  0.1842206E+001  0.4638276E+000 -0.2398619E+000  0.0000000E+000
  40.000    09021995  0.2463750E+001  0.3025953E+001  0.1840457E+001  0.4638276E+000 -0.2424759E+000  0.0000000E+000
  41.000    10021995  0.2458881E+001  0.3022965E+001  0.1838637E+001  0.4638276E+000 -0.2452808E+000  0.0000000E+000
  42.000    11021995  0.2453022E+001  0.3019674E+001  0.1837368E+001  0.4638475E+000 -0.2489390E+000  0.0000000E+000
  43.000    12021995  0.2450296E+001  0.3015725E+001  0.1833939E+001  0.4672328E+000 -0.2531006E+000  0.0000000E+000
  44.000    13021995  0.2449149E+001  0.3011802E+001  0.1832140E+001  0.4697541E+000 -0.2556883E+000  0.0000000E+000
  45.000    14021995  0.2450079E+001  0.3008024E+001  0.1830290E+001  0.4746725E+000 -0.2583435E+000  0.0000000E+000
  46.000    15021995  0.2446612E+001  0.3004390E+001  0.1828441E+001  0.4753082E+000 -0.2610701E+000  0.0000000E+000
  47.000    16021995  0.2442656E+001  0.3000550E+001  0.1826747E+001  0.4753082E+000 -0.2640019E+000  0.0000000E+000
  48.000    17021995  0.2438873E+001  0.2996541E+001  0.1825062E+001  0.4753082E+000 -0.2669629E+000  0.0000000E+000
  49.000    18021995  0.2447270E+001  0.2992516E+001  0.1824235E+001  0.4905623E+000 -0.2717508E+000  0.0000000E+000
  50.000    19021995  0.2459045E+001  0.2989243E+001  0.1822790E+001  0.5106575E+000 -0.2769894E+000  0.0000000E+000
  51.000    20021995  0.2475193E+001  0.2986540E+001  0.1820376E+001  0.5405475E+000 -0.2849811E+000  0.0000000E+000
  52.000    21021995  0.2483264E+001  0.2984241E+001  0.1818127E+001  0.5598793E+000 -0.2914656E+000  0.0000000E+000
  53.000    22021995  0.2485023E+001  0.2982307E+001  0.1814835E+001  0.5682352E+000 -0.2949616E+000  0.0000000E+000
  54.000    23021995  0.2494141E+001  0.2980595E+001  0.1812451E+001  0.5868236E+000 -0.3001498E+000  0.0000000E+000
  55.000    24021995  0.2504297E+001  0.2979135E+001  0.1811338E+001  0.6081819E+000 -0.3077259E+000  0.0000000E+000
  56.000    25021995  0.2506487E+001  0.2978034E+001  0.1808143E+001  0.6179539E+000 -0.3118655E+000  0.0000000E+000
  57.000    26021995  0.2512364E+001  0.2976997E+001  0.1806161E+001  0.6338262E+000 -0.3176673E+000  0.0000000E+000
  58.000    27021995  0.2525355E+001  0.2975231E+001  0.1804722E+001  0.6624737E+000 -0.3284940E+000  0.0000000E+000
  59.000    28021995  0.2536846E+001  0.2970524E+001  0.1804371E+001  0.6943244E+000 -0.3460785E+000  0.0000000E+000
  60.000    01031995  0.2548742E+001  0.2965691E+001  0.1801961E+001  0.7247686E+000 -0.3618491E+000  0.0000000E+000
  61.000    02031995  0.2553370E+001  0.2964776E+001  0.1800388E+001  0.7407411E+000 -0.3698245E+000  0.0000000E+000
  62.000    03031995  0.2550857E+001  0.2964705E+001  0.1798973E+001  0.7463789E+000 -0.3743967E+000  0.0000000E+000
  63.000    04031995  0.2554522E+001  0.2964522E+001  0.1797506E+001  0.7585217E+000 -0.3786965E+000  0.0000000E+000
  64.000    05031995  0.2562525E+001  0.2964497E+001  0.1795786E+001  0.7780781E+000 -0.3851981E+000  0.0000000E+000
  65.000    06031995  0.2573375E+001  0.2964047E+001  0.1793066E+001  0.8051316E+000 -0.3954471E+000  0.0000000E+000
  66.000    07031995  0.2583264E+001  0.2961325E+001  0.1788694E+001  0.8390678E+000 -0.4126897E+000  0.0000000E+000
  67.000    08031995  0.2602648E+001  0.2956032E+001  0.1785672E+001  0.8823568E+000 -0.4331004E+000  0.0000000E+000
  68.000    09031995  0.2599248E+001  0.2954126E+001  0.1783438E+001  0.8906461E+000 -0.4419847E+000  0.0000000E+000
  69.000    10031995  0.2598350E+001  0.2954027E+001  0.1779903E+001  0.8973270E+000 -0.4456207E+000  0.0000000E+000
  70.000    11031995  0.2603576E+001  0.2953906E+001  0.1776951E+001  0.9120690E+000 -0.4501609E+000  0.0000000E+000
  71.000    12031995  0.2610638E+001  0.2953631E+001  0.1774279E+001  0.9312811E+000 -0.4571117E+000  0.0000000E+000
  72.000    13031995  0.2624666E+001  0.2952802E+001  0.1771122E+001  0.9617872E+000 -0.4678800E+000  0.0000000E+000
  73.000    14031995  0.2630752E+001  0.2950975E+001  0.1767119E+001  0.9866995E+000 -0.4810780E+000  0.0000000E+000
  74.000    15031995  0.2644167E+001  0.2948682E+001  0.1764841E+001  0.1017216E+001 -0.4943646E+000  0.0000000E+000
  75.000    16031995  0.2657104E+001  0.2946410E+001  0.1761472E+001  0.1049593E+001 -0.5086750E+000  0.0000000E+000
  76.000    17031995  0.2671563E+001  0.2943518E+001  0.1756537E+001  0.1085765E+001 -0.5247380E+000  0.0000000E+000
  77.000    18031995  0.2680239E+001  0.2941389E+001  0.1752679E+001  0.1111168E+001 -0.5371847E+000  0.0000000E+000
  78.000    19031995  0.2687510E+001  0.2941540E+001  0.1750218E+001  0.1130489E+001 -0.5444675E+000  0.0000000E+000
  79.000    20031995  0.2699187E+001  0.2941602E+001  0.1746854E+001  0.1158125E+001 -0.5544447E+000  0.0000000E+000
  80.000    21031995  0.2712105E+001  0.2940010E+001  0.1741939E+001  0.1192171E+001 -0.5691504E+000  0.0000000E+000
  81.000    22031995  0.2726889E+001  0.2939334E+001  0.1738177E+001  0.1225593E+001 -0.5816567E+000  0.0000000E+000
  82.000    23031995  0.2739458E+001  0.2938460E+001  0.1734404E+001  0.1256499E+001 -0.5942405E+000  0.0000000E+000
  83.000    24031995  0.2750900E+001  0.2938215E+001  0.1731805E+001  0.1283829E+001 -0.6048160E+000  0.0000000E+000
  84.000    25031995  0.2758428E+001  0.2938979E+001  0.1729606E+001  0.1303565E+001 -0.6117300E+000  0.0000000E+000
  85.000    26031995  0.2768759E+001  0.2939920E+001  0.1727548E+001  0.1327210E+001 -0.6192071E+000  0.0000000E+000
  86.000    27031995  0.2783374E+001  0.2940472E+001  0.1724746E+001  0.1360291E+001 -0.6305332E+000  0.0000000E+000
  87.000    28031995  0.2797741E+001  0.2940320E+001  0.1721016E+001  0.1394712E+001 -0.6435521E+000  0.0000000E+000
  88.000    29031995  0.2811246E+001  0.2940409E+001  0.1717410E+001  0.1427002E+001 -0.6556269E+000  0.0000000E+000
  89.000    30031995  0.2825780E+001  0.2940637E+001  0.1713532E+001  0.1461039E+001 -0.6679975E+000  0.0000000E+000
  90.000    31031995  0.2834903E+001  0.2940988E+001  0.1711015E+001  0.1486544E+001 -0.6783914E+000  0.0000000E+000
  91.000    01041995  0.2845937E+001  0.2941846E+001  0.1708864E+001  0.1512173E+001 -0.6871213E+000  0.0000000E+000
  92.000    02041995  0.2859334E+001  0.2942842E+001  0.1706196E+001  0.1542178E+001 -0.6970573E+000  0.0000000E+000
  93.000    03041995  0.2872738E+001  0.2944057E+001  0.1703640E+001  0.1571856E+001 -0.7064590E+000  0.0000000E+000
  94.000    04041995  0.2890805E+001  0.2944567E+001  0.1699861E+001  0.1610991E+001 -0.7198716E+000  0.0000000E+000
  95.000    05041995  0.2896909E+001  0.2944924E+001  0.1697167E+001  0.1632951E+001 -0.7299864E+000  0.0000000E+000
  96.000    06041995  0.2910515E+001  0.2946048E+001  0.1694385E+001  0.1662801E+001 -0.7393560E+000  0.0000000E+000
  97.000    07041995  0.2927409E+001  0.2945848E+001  0.1690943E+001  0.1702351E+001 -0.7544736E+000  0.0000000E+000
  98.000    08041995  0.2947642E+001  0.2943712E+001  0.1685560E+001  0.1749422E+001 -0.7738216E+000  0.0000000E+000
  99.000    09041995  0.2968985E+001  0.2940443E+001  0.1678835E+001  0.1799313E+001 -0.7950745E+000  0.0000000E+000
 100.000    10041995  0.2989142E+001  0.2936351E+001  0.1672068E+001  0.1846975E+001 -0.8161705E+000  0.0000000E+000
 101.000    11041995  0.3006809E+001  0.2934468E+001  0.1667109E+001  0.1886345E+001 -0.8318392E+000  0.0000000E+000
 102.000    12041995  0.3024718E+001  0.2931438E+001  0.1660907E+001  0.1931633E+001 -0.8519407E+000  0.0000000E+000
 103.000    13041995  0.3035144E+001  0.2926682E+001  0.1654050E+001  0.1968806E+001 -0.8726382E+000  0.0000000E+000
 104.000    14041995  0.3046335E+001  0.2924388E+001  0.1650442E+001  0.1994668E+001 -0.8834756E+000  0.0000000E+000
 105.000    15041995  0.3059078E+001  0.2923581E+001  0.1647607E+001  0.2020523E+001 -0.8921235E+000  0.0000000E+000
 106.000    16041995  0.3079584E+001  0.2922592E+001  0.1643467E+001  0.2061551E+001 -0.9059423E+000  0.0000000E+000
 107.000    17041995  0.3104213E+001  0.2920130E+001  0.1636970E+001  0.2113734E+001 -0.9256318E+000  0.0000000E+000
 108.000    18041995  0.3127847E+001  0.2917178E+001  0.1630338E+001  0.2162924E+001 -0.9444398E+000  0.0000000E+000
 109.000    19041995  0.3151223E+001  0.2913188E+001  0.1622081E+001  0.2218691E+001 -0.9683667E+000  0.0000000E+000
 110.000    20041995  0.3177360E+001  0.2907719E+001  0.1612252E+001  0.2276375E+001 -0.9925826E+000  0.0000000E+000
 111.000    21041995  0.2913015E+001  0.2901729E+001  0.1602040E+001  0.2337989E+001 -0.1017704E+001  0.0000000E+000
 112.000    22041995  0.2944213E+001  0.2896546E+001  0.1605730E+001  0.2397067E+001 -0.1041179E+001  0.0000000E+000
 113.000    23041995  0.2963155E+001  0.2893226E+001  0.1606851E+001  0.2433450E+001 -0.1055826E+001  0.0000000E+000
 114.000    24041995  0.2977142E+001  0.2892641E+001  0.1607275E+001  0.2461366E+001 -0.1065608E+001  0.0000000E+000
 115.000    25041995  0.2992927E+001  0.2892196E+001  0.1607856E+001  0.2492703E+001 -0.1076521E+001  0.0000000E+000
 116.000    26041995  0.3013176E+001  0.2892105E+001  0.1608919E+001  0.2530056E+001 -0.1088427E+001  0.0000000E+000
 117.000    27041995  0.3036895E+001  0.2891785E+001  0.1611063E+001  0.2574316E+001 -0.1103445E+001  0.0000000E+000
 118.000    28041995  0.3064919E+001  0.2890504E+001  0.1612873E+001  0.2626103E+001 -0.1121869E+001  0.0000000E+000
 119.000    29041995  0.3089474E+001  0.2889908E+001  0.1613864E+001  0.2671779E+001 -0.1137683E+001  0.0000000E+000
 120.000    30041995  0.3115754E+001  0.2888282E+001  0.1615703E+001  0.2725178E+001 -0.1159048E+001  0.0000000E+000
 121.000    01051995  0.3137565E+001  0.2885883E+001  0.1615982E+001  0.2769154E+001 -0.1177179E+001  0.0000000E+000
 122.000    02051995  0.3156839E+001  0.2884578E+001  0.1615957E+001  0.2809263E+001 -0.1193205E+001  0.0000000E+000
 123.000    03051995  0.3173106E+001  0.2883381E+001  0.1617734E+001  0.2842626E+001 -0.1206060E+001  0.0000000E+000
 124.000    04051995  0.3192664E+001  0.2882613E+001  0.1619497E+001  0.2880948E+001 -0.1219968E+001  0.0000000E+000
 125.000    05051995  0.3208507E+001  0.2880783E+001  0.1621877E+001  0.2919478E+001 -0.1237894E+001  0.0000000E+000
 126.000    06051995  0.3231851E+001  0.2879217E+001  0.1623498E+001  0.2960942E+001 -0.1252076E+001  0.0000000E+000
 127.000    07051995  0.3257344E+001  0.2878111E+001  0.1625224E+001  0.3006050E+001 -0.1267144E+001  0.0000000E+000
 128.000    08051995  0.3282550E+001  0.2877329E+001  0.1626675E+001  0.3051746E+001 -0.1282656E+001  0.0000000E+000
 129.000    09051995  0.2748772E+001  0.2876434E+001  0.1629397E+001  0.3104673E+001 -0.1300868E+001  0.0000000E+000
 130.000    10051995  0.2767614E+001  0.2872848E+001  0.1649368E+001  0.3153868E+001 -0.1326781E+001  0.0000000E+000
 131.000    11051995  0.2786517E+001  0.2866653E+001  0.1662987E+001  0.3201906E+001 -0.1353494E+001  0.0000000E+000
 132.000    12051995  0.2802252E+001  0.2860539E+001  0.1669981E+001  0.3239816E+001 -0.1374408E+001  0.0000000E+000
 133.000    13051995  0.2823192E+001  0.2855384E+001  0.1676615E+001  0.3281399E+001 -0.1393048E+001  0.0000000E+000
 134.000    14051995  0.2847135E+001  0.2849925E+001  0.1687433E+001  0.3329828E+001 -0.1414901E+001  0.0000000E+000
 135.000    15051995  0.2879039E+001  0.2843754E+001  0.1698161E+001  0.3387721E+001 -0.1438567E+001  0.0000000E+000
 136.000    16051995  0.2913674E+001  0.2838094E+001  0.1706405E+001  0.3446584E+001 -0.1460289E+001  0.0000000E+000
 137.000    17051995  0.2951668E+001  0.2831966E+001  0.1722642E+001  0.3514277E+001 -0.1486891E+001  0.0000000E+000
 138.000    18051995  0.2978899E+001  0.2823118E+001  0.1736747E+001  0.3575529E+001 -0.1517138E+001  0.0000000E+000
 139.000    19051995  0.3005680E+001  0.2814012E+001  0.1746343E+001  0.3630476E+001 -0.1542786E+001  0.0000000E+000
 140.000    20051995  0.3033565E+001  0.2809058E+001  0.1753246E+001  0.3679165E+001 -0.1560519E+001  0.0000000E+000
 141.000    21051995  0.3071765E+001  0.2806123E+001  0.1764854E+001  0.3740349E+001 -0.1578644E+001  0.0000000E+000
 142.000    22051995  0.3112541E+001  0.2802922E+001  0.1779271E+001  0.3808979E+001 -0.1600639E+001  0.0000000E+000
 143.000    23051995  0.3156877E+001  0.2800176E+001  0.1794470E+001  0.3884021E+001 -0.1625025E+001  0.0000000E+000
 144.000    24051995  0.3197005E+001  0.2797762E+001  0.1812218E+001  0.3956546E+001 -0.1650638E+001  0.0000000E+000
 145.000    25051995  0.3242204E+001  0.2794030E+001  0.1833238E+001  0.4037613E+001 -0.1680015E+001  0.0000000E+000
 146.000    26051995  0.3268179E+001  0.2788944E+001  0.1852026E+001  0.4100243E+001 -0.1711254E+001  0.0000000E+000
 147.000    27051995  0.2756899E+001  0.2783000E+001  0.1862905E+001  0.4164439E+001 -0.1735806E+001  0.0000000E+000
 148.000    28051995  0.2788091E+001  0.2781009E+001  0.1880933E+001  0.4220476E+001 -0.1754993E+001  0.0000000E+000
 149.000    29051995  0.2815716E+001  0.2777157E+001  0.1912333E+001  0.4281626E+001 -0.1782653E+001  0.0000000E+000
 150.000    30051995  0.2858006E+001  0.2770216E+001  0.1942550E+001  0.4359277E+001 -0.1813907E+001  0.0000000E+000
 151.000    31051995  0.2893677E+001  0.2766220E+001  0.1962358E+001  0.4422522E+001 -0.1836751E+001  0.0000000E+000
 152.000    01061995  0.2926471E+001  0.2763105E+001  0.1985511E+001  0.4485495E+001 -0.1861460E+001  0.0000000E+000
 153.000    02061995  0.2960079E+001  0.2758043E+001  0.2010095E+001  0.4553863E+001 -0.1891296E+001  0.0000000E+000
 154.000    03061995  0.2994978E+001  0.2751482E+001  0.2031870E+001  0.4623542E+001 -0.1922029E+001  0.0000000E+000
 155.000    04061995  0.3041885E+001  0.2745352E+001  0.2056679E+001  0.4707006E+001 -0.1954123E+001  0.0000000E+000
 156.000    05061995  0.3084220E+001  0.2740146E+001  0.2080785E+001  0.4782150E+001 -0.1982614E+001  0.0000000E+000
 157.000    06061995  0.3127696E+001  0.2737625E+001  0.2098266E+001  0.4856888E+001 -0.2007670E+001  0.0000000E+000
 158.000    07061995  0.3176719E+001  0.2735552E+001  0.2125365E+001  0.4944244E+001 -0.2038103E+001  0.0000000E+000
 159.000    08061995  0.3228463E+001  0.2733176E+001  0.2151235E+001  0.5038836E+001 -0.2073383E+001  0.0000000E+000
 160.000    09061995  0.3248604E+001  0.2728379E+001  0.2174338E+001  0.5102682E+001 -0.2110979E+001  0.0000000E+000
 161.000    10061995  0.3295348E+001  0.2722446E+001  0.2198989E+001  0.5189306E+001 -0.2145680E+001  0.0000000E+000
 162.000    11061995  0.3340199E+001  0.2717762E+001  0.2223590E+001  0.5275630E+001 -0.2181326E+001  0.0000000E+000
 163.000    12061995  0.3385132E+001  0.2713237E+001  0.2245630E+001  0.5359328E+001 -0.2213694E+001  0.0000000E+000
 164.000    13061995  0.3413869E+001  0.2714300E+001  0.2256259E+001  0.5417578E+001 -0.2234708E+001  0.0000000E+000
 165.000    14061995  0.2890031E+001  0.2718149E+001  0.2266964E+001  0.5493890E+001 -0.2254487E+001  0.0000000E+000
 166.000    15061995  0.2931028E+001  0.2720943E+001  0.2287896E+001  0.5571012E+001 -0.2278758E+001  0.0000000E+000
 167.000    16061995  0.2969352E+001  0.2724964E+001  0.2308672E+001  0.5647357E+001 -0.2304409E+001  0.0000000E+000
 168.000    17061995  0.2999664E+001  0.2728612E+001  0.2331431E+001  0.5716667E+001 -0.2331085E+001  0.0000000E+000
 169.000    18061995  0.3041044E+001  0.2733922E+001  0.2351949E+001  0.5796256E+001 -0.2356562E+001  0.0000000E+000
 170.000    19061995  0.3072483E+001  0.2739628E+001  0.2368800E+001  0.5865572E+001 -0.2381371E+001  0.0000000E+000
 171.000    20061995  0.3110124E+001  0.2744239E+001  0.2391333E+001  0.5945300E+001 -0.2409474E+001  0.0000000E+000
 172.000    21061995  0.3140043E+001  0.2748241E+001  0.2411354E+001  0.6018462E+001 -0.2439256E+001  0.0000000E+000
 173.000    22061995  0.3177227E+001  0.2751173E+001  0.2433074E+001  0.6099007E+001 -0.2470097E+001  0.0000000E+000
 174.000    23061995  0.1989929E+001  0.2753590E+001  0.2453607E+001  0.6169426E+001 -0.2501141E+001  0.0000000E+000
 175.000    24061995  0.2033549E+001  0.2758010E+001  0.2479051E+001  0.6256736E+001 -0.2531656E+001  0.0000000E+000
 176.000    25061995  0.2060998E+001  0.2760442E+001  0.2509418E+001  0.6332593E+001 -0.2567355E+001  0.0000000E+000
 177.000    26061995  0.2084332E+001  0.2761669E+001  0.2535519E+001  0.6402174E+001 -0.2602241E+001  0.0000000E+000
 178.000    27061995  0.2108301E+001  0.2761868E+001  0.2557864E+001  0.6471007E+001 -0.2636782E+001  0.0000000E+000
 179.000    28061995  0.2135462E+001  0.2761923E+001  0.2578388E+001  0.6540219E+001 -0.2668424E+001  0.0000000E+000
 180.000    29061995  0.2165758E+001  0.2765280E+001  0.2592266E+001  0.6608814E+001 -0.2694803E+001  0.0000000E+000
 181.000    30061995  0.2205934E+001  0.2771492E+001  0.2609546E+001  0.6690725E+001 -0.2722961E+001  0.0000000E+000
 182.000    01071995  0.2236052E+001  0.2776167E+001  0.2633608E+001  0.6767891E+001 -0.2757682E+001  0.0000000E+000
 183.000    02071995  0.2262594E+001  0.2780371E+001  0.2654479E+001  0.6839927E+001 -0.2791524E+001  0.0000000E+000
 184.000    03071995  0.2285923E+001  0.2782920E+001  0.2671545E+001  0.6907087E+001 -0.2823877E+001  0.0000000E+000
 185.000    04071995  0.2328618E+001  0.2785107E+001  0.2690953E+001  0.6995577E+001 -0.2858190E+001  0.0000000E+000
 186.000    05071995  0.2356758E+001  0.2787524E+001  0.2708323E+001  0.7071292E+001 -0.2894569E+001  0.0000000E+000
 187.000    06071995  0.2385906E+001  0.2788543E+001  0.2729965E+001  0.7149452E+001 -0.2932707E+001  0.0000000E+000
 188.000    07071995  0.2418440E+001  0.2789747E+001  0.2749101E+001  0.7228956E+001 -0.2969760E+001  0.0000000E+000
 189.000    08071995  0.2453194E+001  0.2794168E+001  0.2764170E+001  0.7308076E+001 -0.3002588E+001  0.0000000E+000
 190.000    09071995  0.2487239E+001  0.2799739E+001  0.2777355E+001  0.7385517E+001 -0.3032871E+001  0.0000000E+000
 191.000    10071995  0.2529674E+001  0.2803053E+001  0.2791767E+001  0.7476581E+001 -0.3067491E+001  0.0000000E+000
 192.000    11071995  0.2565557E+001  0.2808340E+001  0.2807644E+001  0.7563167E+001 -0.3105003E+001  0.0000000E+000
 193.000    12071995  0.2601831E+001  0.2810487E+001  0.2825412E+001  0.7651732E+001 -0.3144998E+001  0.0000000E+000
 194.000    13071995  0.2650269E+001  0.2813719E+001  0.2841361E+001  0.7752782E+001 -0.3184464E+001  0.0000000E+000
 195.000    14071995  0.2695307E+001  0.2817928E+001  0.2855683E+001  0.7851781E+001 -0.3224094E+001  0.0000000E+000
 196.000    15071995  0.2745380E+001  0.2823319E+001  0.2869869E+001  0.7960067E+001 -0.3268146E+001  0.0000000E+000
 197.000    16071995  0.2793689E+001  0.2825802E+001  0.2885656E+001  0.8069871E+001 -0.3315767E+001  0.0000000E+000
 198.000    17071995  0.2830082E+001  0.2831555E+001  0.2899530E+001  0.8164590E+001 -0.3359608E+001  0.0000000E+000
 199.000    18071995  0.2871765E+001  0.2834958E+001  0.2912718E+001  0.8265325E+001 -0.3404475E+001  0.0000000E+000
 200.000    19071995  0.2927402E+001  0.2838503E+001  0.2924432E+001  0.8380406E+001 -0.3448864E+001  0.0000000E+000
 201.000    20071995  0.2999414E+001  0.2845462E+001  0.2934091E+001  0.8514138E+001 -0.3493904E+001  0.0000000E+000
 202.000    21071995  0.3046659E+001  0.2852685E+001  0.2947846E+001  0.8627931E+001 -0.3543637E+001  0.0000000E+000
 203.000    22071995  0.3072260E+001  0.2858048E+001  0.2958521E+001  0.8716717E+001 -0.3591298E+001  0.0000000E+000
 204.000    23071995  0.3123856E+001  0.2861720E+001  0.2967781E+001  0.8830401E+001 -0.3638517E+001  0.0000000E+000
 205.000    24071995  0.3161408E+001  0.2865367E+001  0.2975709E+001  0.8931835E+001 -0.3689168E+001  0.0000000E+000
 206.000    25071995  0.3202037E+001  0.2866482E+001  0.2984289E+001  0.9033603E+001 -0.3737984E+001  0.0000000E+000
 207.000    26071995  0.3238740E+001  0.2867382E+001  0.2992041E+001  0.9129800E+001 -0.3786294E+001  0.0000000E+000
 208.000    27071995  0.3302265E+001  0.2867584E+001  0.2997923E+001  0.9252537E+001 -0.3833260E+001  0.0000000E+000
 209.000    28071995  0.3335136E+001  0.2871669E+001  0.3003896E+001  0.9342703E+001 -0.3877064E+001  0.0000000E+000
 210.000    29071995  0.3405033E+001  0.2874895E+001  0.3009150E+001  0.9471758E+001 -0.3922489E+001  0.0000000E+000
 211.000    30071995  0.3446425E+001  0.2879590E+001  0.3016630E+001  0.9574517E+001 -0.3970158E+001  0.0000000E+000
 212.000    31071995  0.3463347E+001  0.2880361E+001  0.3021809E+001  0.9649935E+001 -0.4016195E+001  0.0000000E+000
 213.000    01081995  0.3518757E+001  0.2878763E+001  0.3026129E+001  0.9762777E+001 -0.4063182E+001  0.0000000E+000
 214.000    02081995  0.3598509E+001  0.2879740E+001  0.3029333E+001  0.9902060E+001 -0.4110836E+001  0.0000000E+000
 215.000    03081995  0.3674208E+001  0.2885361E+001  0.3033373E+001  0.1003964E+002 -0.4157461E+001  0.0000000E+000
 216.000    04081995  0.3712190E+001  0.2889771E+001  0.3037230E+001  0.1014189E+002 -0.4206250E+001  0.0000000E+000
 217.000    05081995  0.3764730E+001  0.2895331E+001  0.3039463E+001  0.1025580E+002 -0.4252325E+001  0.0000000E+000
 218.000    06081995  0.3825519E+001  0.2898148E+001  0.3042766E+001  0.1038000E+002 -0.4301446E+001  0.0000000E+000
 219.000    07081995  0.3861198E+001  0.2904500E+001  0.3044221E+001  0.1046948E+002 -0.4340114E+001  0.0000000E+000
 220.000    08081995  0.3922539E+001  0.2914381E+001  0.3046145E+001  0.1058189E+002 -0.4373702E+001  0.0000000E+000
 221.000    09081995  0.3963812E+001  0.2925248E+001  0.3049375E+001  0.1067690E+002 -0.4408756E+001  0.0000000E+000
 222.000    10081995  0.4006133E+001  0.2934666E+001  0.3052097E+001  0.1077557E+002 -0.4448004E+001  0.0000000E+000
 223.000    11081995  0.4050578E+001  0.2942366E+001  0.3053865E+001  0.1087707E+002 -0.4489459E+001  0.0000000E+000
 224.000    12081995  0.4122908E+001  0.2948609E+001  0.3056098E+001  0.1101175E+002 -0.4536959E+001  0.0000000E+000
 225.000    13081995  0.4193935E+001  0.2952850E+001  0.3058591E+001  0.1115144E+002 -0.4592086E+001  0.0000000E+000
 226.000    14081995  0.4249785E+001  0.2955084E+001  0.3062033E+001  0.1127821E+002 -0.4651275E+001  0.0000000E+000
 227.000    15081995  0.4317159E+001  0.2957607E+001  0.3064150E+001  0.1141280E+002 -0.4707197E+001  0.0000000E+000
 228.000    16081995  0.4374492E+001  0.2964525E+001  0.3065140E+001  0.1153214E+002 -0.4754516E+001  0.0000000E+000
 229.000    17081995  0.4418715E+001  0.2969390E+001  0.3065440E+001  0.1164233E+002 -0.4807343E+001  0.0000000E+000
 230.000    18081995  0.4459599E+001  0.2970525E+001  0.3066076E+001  0.1174725E+002 -0.4862088E+001  0.0000000E+000
 231.000    19081995  0.4511649E+001  0.2973618E+001  0.3065785E+001  0.1185249E+002 -0.4905338E+001  0.0000000E+000
 232.000    20081995  0.4577146E+001  0.2982219E+001  0.3065185E+001  0.1196761E+002 -0.4940431E+001  0.0000000E+000
 233.000    21081995  0.4640579E+001  0.2992089E+001  0.3064854E+001  0.1208607E+002 -0.4979274E+001  0.0000000E+000
 234.000    22081995  0.4684691E+001  0.2998040E+001  0.3064084E+001  0.1219039E+002 -0.5026370E+001  0.0000000E+000
 235.000    23081995  0.4713638E+001  0.3001350E+001  0.3063327E+001  0.1227553E+002 -0.5072079E+001  0.0000000E+000
 236.000    24081995  0.4769894E+001  0.3004007E+001  0.3061272E+001  0.1238583E+002 -0.5116252E+001  0.0000000E+000
 237.000    25081995  0.4830236E+001  0.3006641E+001  0.3059729E+001  0.1250135E+002 -0.5161366E+001  0.0000000E+000
 238.000    26081995  0.4871075E+001  0.3009113E+001  0.3057483E+001  0.1259327E+002 -0.5202881E+001  0.0000000E+000
 239.000    27081995  0.4888798E+001  0.3011197E+001  0.3054621E+001  0.1265831E+002 -0.5241331E+001  0.0000000E+000
 240.000    28081995  0.4939523E+001  0.3012297E+001  0.3052395E+001  0.1275432E+002 -0.5278028E+001  0.0000000E+000
 241.000    29081995  0.4993012E+001  0.3013802E+001  0.3050195E+001  0.1285401E+002 -0.5313885E+001  0.0000000E+000
 242.000    30081995  0.5036917E+001  0.3014828E+001  0.3047219E+001  0.1294644E+002 -0.5352553E+001  0.0000000E+000
 243.000    31081995  0.5065610E+001  0.3013444E+001  0.3043551E+001  0.1302535E+002 -0.5395301E+001  0.0000000E+000
 244.000    01091995  0.5111151E+001  0.3010553E+001  0.3039049E+001  0.1311937E+002 -0.5437185E+001  0.0000000E+000
 245.000    02091995  0.5151849E+001  0.3008835E+001  0.3034420E+001  0.1320273E+002 -0.5473670E+001  0.0000000E+000
 246.000    03091995  0.5189524E+001  0.3012236E+001  0.3030048E+001  0.1327713E+002 -0.5499600E+001  0.0000000E+000
 247.000    04091995  0.5224741E+001  0.3014651E+001  0.3025211E+001  0.1335294E+002 -0.5528758E+001  0.0000000E+000
 248.000    05091995  0.5272663E+001  0.3017192E+001  0.3020360E+001  0.1344228E+002 -0.5558528E+001  0.0000000E+000
 249.000    06091995  0.5312086E+001  0.3021026E+001  0.3015555E+001  0.1352421E+002 -0.5588602E+001  0.0000000E+000
 250.000    07091995  0.5356834E+001  0.3025958E+001  0.3011020E+001  0.1361204E+002 -0.5619244E+001  0.0000000E+000
 251.000    08091995  0.5412307E+001  0.3029046E+001  0.3005075E+001  0.1371684E+002 -0.5655562E+001  0.0000000E+000
 252.000    09091995  0.5454965E+001  0.3029473E+001  0.2997833E+001  0.1381344E+002 -0.5697022E+001  0.0000000E+000
 253.000    10091995  0.5500420E+001  0.3030191E+001  0.2988778E+001  0.1391319E+002 -0.5739815E+001  0.0000000E+000
 254.000    11091995  0.5530433E+001  0.3031553E+001  0.2981493E+001  0.1398913E+002 -0.5773598E+001  0.0000000E+000
 255.000    12091995  0.5576126E+001  0.3036293E+001  0.2975126E+001  0.1407835E+002 -0.5803629E+001  0.0000000E+000
 256.000    13091995  0.5620933E+001  0.3040696E+001  0.2967127E+001  0.1417385E+002 -0.5838585E+001  0.0000000E+000
 257.000    14091995  0.5669206E+001  0.3042383E+001  0.2954598E+001  0.1428026E+002 -0.5880632E+001  0.0000000E+000
 258.000    15091995  0.5723846E+001  0.3042896E+001  0.2941794E+001  0.1439259E+002 -0.5923359E+001  0.0000000E+000
 259.000    16091995  0.5751583E+001  0.3045885E+001  0.2931263E+001  0.1446997E+002 -0.5958101E+001  0.0000000E+000
 260.000    17091995  0.5784006E+001  0.3049431E+001  0.2919266E+001  0.1455429E+002 -0.5993333E+001  0.0000000E+000
 261.000    18091995  0.5832917E+001  0.3052638E+001  0.2907862E+001  0.1465526E+002 -0.6028949E+001  0.0000000E+000
 262.000    19091995  0.5873619E+001  0.3057078E+001  0.2898029E+001  0.1474354E+002 -0.6059438E+001  0.0000000E+000
 263.000    20091995  0.5904185E+001  0.3062110E+001  0.2885940E+001  0.1482745E+002 -0.6093315E+001  0.0000000E+000
 264.000    21091995  0.5915717E+001  0.3064333E+001  0.2870929E+001  0.1489496E+002 -0.6130955E+001  0.0000000E+000
 265.000    22091995  0.5944157E+001  0.3065506E+001  0.2857405E+001  0.1497326E+002 -0.6165056E+001  0.0000000E+000
 266.000    23091995  0.5973028E+001  0.3067619E+001  0.2848908E+001  0.1503883E+002 -0.6187462E+001  0.0000000E+000
 267.000    24091995  0.6002105E+001  0.3077264E+001  0.2843527E+001  0.1509890E+002 -0.6201705E+001  0.0000000E+000
 268.000    25091995  0.6034020E+001  0.3085427E+001  0.2836144E+001  0.1516960E+002 -0.6222011E+001  0.0000000E+000
 269.000    26091995  0.6060304E+001  0.3092122E+001  0.2825945E+001  0.1524207E+002 -0.6248716E+001  0.0000000E+000
 270.000    27091995  0.6082608E+001  0.3096324E+001  0.2815167E+001  0.1531198E+002 -0.6277801E+001  0.0000000E+000
 271.000    28091995  0.6101618E+001  0.3100579E+001  0.2804919E+001  0.1537585E+002 -0.6305472E+001  0.0000000E+000
 272.000    29091995  0.6127705E+001  0.3105301E+001  0.2795201E+001  0.1544362E+002 -0.6330552E+001  0.0000000E+000
 273.000    30091995  0.6154351E+001  0.3109557E+001  0.2783849E+001  0.1551640E+002 -0.6358086E+001  0.0000000E+000
 274.000    01101995  0.6179593E+001  0.3113136E+001  0.2771029E+001  0.1558892E+002 -0.6386160E+001  0.0000000E+000
 275.000    02101995  0.6199802E+001  0.3115420E+001  0.2756982E+001  0.1565903E+002 -0.6416268E+001  0.0000000E+000
 276.000    03101995  0.6230144E+001  0.3114755E+001  0.2739719E+001  0.1574480E+002 -0.6452044E+001  0.0000000E+000
 277.000    04101995  0.6239408E+001  0.3113040E+001  0.2722191E+001  0.1580782E+002 -0.6488210E+001  0.0000000E+000
 278.000    05101995  0.6252134E+001  0.3108982E+001  0.2702890E+001  0.1587459E+002 -0.6525075E+001  0.0000000E+000
 279.000    06101995  0.6261687E+001  0.3104608E+001  0.2680803E+001  0.1594018E+002 -0.6562350E+001  0.0000000E+000
 280.000    07101995  0.6280941E+001  0.3097542E+001  0.2656588E+001  0.1601637E+002 -0.6601172E+001  0.0000000E+000
 281.000    08101995  0.6290397E+001  0.3094481E+001  0.2639711E+001  0.1606820E+002 -0.6629186E+001  0.0000000E+000
 282.000    09101995  0.6308919E+001  0.3094815E+001  0.2627518E+001  0.1612063E+002 -0.6649344E+001  0.0000000E+000
 283.000    10101995  0.6324909E+001  0.3095096E+001  0.2612714E+001  0.1617759E+002 -0.6674519E+001  0.0000000E+000
 284.000    11101995  0.6343465E+001  0.3091361E+001  0.2593835E+001  0.1624297E+002 -0.6704659E+001  0.0000000E+000
 285.000    12101995  0.6359668E+001  0.3090580E+001  0.2578602E+001  0.1629923E+002 -0.6730132E+001  0.0000000E+000
 286.000    13101995  0.6375726E+001  0.3088695E+001  0.2561882E+001  0.1635810E+002 -0.6757236E+001  0.0000000E+000
 287.000    14101995  0.6391342E+001  0.3085582E+001  0.2541135E+001  0.1642280E+002 -0.6788433E+001  0.0000000E+000
 288.000    15101995  0.6399574E+001  0.3083673E+001  0.2527973E+001  0.1646513E+002 -0.6809589E+001  0.0000000E+000
 289.000    16101995  0.6408000E+001  0.3085826E+001  0.2521231E+001  0.1649618E+002 -0.6821278E+001  0.0000000E+000
 290.000    17101995  0.6416874E+001  0.3088507E+001  0.2515340E+001  0.1652729E+002 -0.6832573E+001  0.0000000E+000
 291.000    18101995  0.6424075E+001  0.3091407E+001  0.2508476E+001  0.1655906E+002 -0.6845079E+001  0.0000000E+000
 292.000    19101995  0.6433070E+001  0.3092493E+001  0.2497639E+001  0.1659999E+002 -0.6863319E+001  0.0000000E+000
 293.000    20101995  0.6456483E+001  0.3092946E+001  0.2485673E+001  0.1665702E+002 -0.6883372E+001  0.0000000E+000
 294.000    21101995  0.6461027E+001  0.3093729E+001  0.2475634E+001  0.1669535E+002 -0.6901275E+001  0.0000000E+000
 295.000    22101995  0.6393036E+001  0.3097018E+001  0.2469814E+001  0.1672474E+002 -0.6912259E+001  0.0000000E+000
 296.000    23101995  0.6328592E+001  0.3099660E+001  0.2462451E+001  0.1675578E+002 -0.6925675E+001  0.0000000E+000
 297.000    24101995  0.6268527E+001  0.3100209E+001  0.2450318E+001  0.1679551E+002 -0.6945652E+001  0.0000000E+000
 298.000    25101995  0.6216193E+001  0.3097125E+001  0.2437231E+001  0.1683841E+002 -0.6967262E+001  0.0000000E+000
 299.000    26101995  0.6170652E+001  0.3096511E+001  0.2427774E+001  0.1687907E+002 -0.6984838E+001  0.0000000E+000
 300.000    27101995  0.6126805E+001  0.3094219E+001  0.2414890E+001  0.1692509E+002 -0.7007567E+001  0.0000000E+000
 301.000    28101995  0.6081018E+001  0.3088879E+001  0.2399753E+001  0.1696876E+002 -0.7033698E+001  0.0000000E+000
 302.000    29101995  0.6039367E+001  0.3089252E+001  0.2393735E+001  0.1699457E+002 -0.7045180E+001  0.0000000E+000
 303.000    30101995  0.6000525E+001  0.3090487E+001  0.2388569E+001  0.1701862E+002 -0.7054829E+001  0.0000000E+000
 304.000    31101995  0.5966945E+001  0.3091836E+001  0.2381937E+001  0.1704821E+002 -0.7066540E+001  0.0000000E+000
 305.000    01111995  0.5940111E+001  0.3091638E+001  0.2371267E+001  0.1709154E+002 -0.7085016E+001  0.0000000E+000
 306.000    02111995  0.5907962E+001  0.3088486E+001  0.2357301E+001  0.1713309E+002 -0.7108919E+001  0.0000000E+000
 307.000    03111995  0.5884248E+001  0.3083067E+001  0.2340231E+001  0.1718403E+002 -0.7135576E+001  0.0000000E+000
 308.000    04111995  0.5851712E+001  0.3081254E+001  0.2332544E+001  0.1720514E+002 -0.7149047E+001  0.0000000E+000
 309.000    05111995  0.5819798E+001  0.3082382E+001  0.2326704E+001  0.1721518E+002 -0.7153838E+001  0.0000000E+000
 310.000    06111995  0.5795426E+001  0.3083442E+001  0.2322600E+001  0.1723203E+002 -0.7159483E+001  0.0000000E+000
 311.000    07111995  0.5784617E+001  0.3084625E+001  0.2316642E+001  0.1726684E+002 -0.7169029E+001  0.0000000E+000
 312.000    08111995  0.5758483E+001  0.3085033E+001  0.2309033E+001  0.1729236E+002 -0.7181463E+001  0.0000000E+000
 313.000    09111995  0.5625292E+001  0.3086577E+001  0.2303535E+001  0.1730075E+002 -0.7186266E+001  0.0000000E+000
 314.000    10111995  0.5504591E+001  0.3087989E+001  0.2297950E+001  0.1731360E+002 -0.7191077E+001  0.0000000E+000
 315.000    11111995  0.5404748E+001  0.3088822E+001  0.2290946E+001  0.1734880E+002 -0.7202477E+001  0.0000000E+000
 316.000    12111995  0.5291492E+001  0.3088887E+001  0.2284458E+001  0.1735722E+002 -0.7211018E+001  0.0000000E+000
 317.000    13111995  0.5193123E+001  0.3089642E+001  0.2280115E+001  0.1736918E+002 -0.7215836E+001  0.0000000E+000
 318.000    14111995  0.5108107E+001  0.3090396E+001  0.2276661E+001  0.1739007E+002 -0.7222317E+001  0.0000000E+000
 319.000    15111995  0.5020330E+001  0.3091342E+001  0.2272596E+001  0.1740033E+002 -0.7227546E+001  0.0000000E+000
 320.000    16111995  0.4938083E+001  0.3092221E+001  0.2268535E+001  0.1740954E+002 -0.7231675E+001  0.0000000E+000
 321.000    17111995  0.4863410E+001  0.3092848E+001  0.2265084E+001  0.1742115E+002 -0.7236045E+001  0.0000000E+000
 322.000    18111995  0.4793801E+001  0.3093323E+001  0.2261686E+001  0.1743361E+002 -0.7241282E+001  0.0000000E+000
 323.000    19111995  0.4734442E+001  0.3093698E+001  0.2258316E+001  0.1745519E+002 -0.7249406E+001  0.0000000E+000
 324.000    20111995  0.4675999E+001  0.3094175E+001  0.2254786E+001  0.1747215E+002 -0.7256731E+001  0.0000000E+000
 325.000    21111995  0.4625951E+001  0.3094405E+001  0.2250433E+001  0.1749673E+002 -0.7266485E+001  0.0000000E+000
 326.000    22111995  0.4569872E+001  0.3095023E+001  0.2244962E+001  0.1750535E+002 -0.7271559E+001  0.0000000E+000
 327.000    23111995  0.4520603E+001  0.3095613E+001  0.2241606E+001  0.1751788E+002 -0.7276308E+001  0.0000000E+000
 328.000    24111995  0.4481233E+001  0.3096331E+001  0.2239471E+001  0.1753906E+002 -0.7283202E+001  0.0000000E+000
 329.000    25111995  0.4440773E+001  0.3097294E+001  0.2237065E+001  0.1755621E+002 -0.7290180E+001  0.0000000E+000
 330.000    26111995  0.4399452E+001  0.3098188E+001  0.2233200E+001  0.1757229E+002 -0.7296800E+001  0.0000000E+000
 331.000    27111995  0.4302934E+001  0.3098644E+001  0.2229986E+001  0.1759475E+002 -0.7306361E+001  0.0000000E+000
 332.000    28111995  0.4222609E+001  0.3096860E+001  0.2223534E+001  0.1763580E+002 -0.7322881E+001  0.0000000E+000
 333.000    29111995  0.4138914E+001  0.3094085E+001  0.2216726E+001  0.1766675E+002 -0.7339651E+001  0.0000000E+000
 334.000    30111995  0.4053679E+001  0.3095406E+001  0.2213613E+001  0.1767827E+002 -0.7345684E+001  0.0000000E+000
 335.000    01121995  0.3982428E+001  0.3096796E+001  0.2208265E+001  0.1769364E+002 -0.7351650E+001  0.0000000E+000
 336.000    02121995  0.3916952E+001  0.3097721E+001  0.2204476E+001  0.1771277E+002 -0.7360321E+001  0.0000000E+000
 337.000    03121995  0.3855910E+001  0.3098405E+001  0.2201708E+001  0.1773158E+002 -0.7369152E+001  0.0000000E+000
 338.000    04121995  0.3801804E+001  0.3097916E+001  0.2197250E+001  0.1775692E+002 -0.7380999E+001  0.0000000E+000
 339.000    05121995  0.3746572E+001  0.3098190E+001  0.2194136E+001  0.1777245E+002 -0.7389154E+001  0.0000000E+000
 340.000    06121995  0.3699653E+001  0.3098806E+001  0.2190368E+001  0.1779462E+002 -0.7398148E+001  0.0000000E+000
 341.000    07121995  0.3648007E+001  0.3099560E+001  0.2188071E+001  0.1780431E+002 -0.7404201E+001  0.0000000E+000
 342.000    08121995  0.3597262E+001  0.3100145E+001  0.2181357E+001  0.1781014E+002 -0.7408044E+001  0.0000000E+000
 343.000    09121995  0.3553984E+001  0.3100304E+001  0.2179494E+001  0.1781971E+002 -0.7411838E+001  0.0000000E+000
 344.000    10121995  0.3505504E+001  0.3100164E+001  0.2172977E+001  0.1782045E+002 -0.7414968E+001  0.0000000E+000
 345.000    11121995  0.3461958E+001  0.3098980E+001  0.2169479E+001  0.1782189E+002 -0.7417575E+001  0.0000000E+000
 346.000    12121995  0.3423146E+001  0.3097362E+001  0.2166833E+001  0.1782549E+002 -0.7420409E+001  0.0000000E+000
 347.000    13121995  0.3389295E+001  0.3095816E+001  0.2164578E+001  0.1783214E+002 -0.7423630E+001  0.0000000E+000
 348.000    14121995  0.3360683E+001  0.3094324E+001  0.2162944E+001  0.1784536E+002 -0.7428021E+001  0.0000000E+000
 349.000    15121995  0.3298481E+001  0.3092738E+001  0.2160878E+001  0.1786758E+002 -0.7435693E+001  0.0000000E+000
 350.000    16121995  0.3239554E+001  0.3090827E+001  0.2157571E+001  0.1789069E+002 -0.7444608E+001  0.0000000E+000
 351.000    17121995  0.3180266E+001  0.3089032E+001  0.2154774E+001  0.1790196E+002 -0.7449045E+001  0.0000000E+000
 352.000    18121995  0.3125180E+001  0.3087356E+001  0.2149483E+001  0.1791250E+002 -0.7452855E+001  0.0000000E+000
 353.000    19121995  0.3088424E+001  0.3086103E+001  0.2147119E+001  0.1793278E+002 -0.7458561E+001  0.0000000E+000
 354.000    20121995  0.3044057E+001  0.3085172E+001  0.2144498E+001  0.1794148E+002 -0.7464020E+001  0.0000000E+000
 355.000    21121995  0.2999651E+001  0.3083965E+001  0.2139458E+001  0.1794510E+002 -0.7467268E+001  0.0000000E+000
 356.000    22121995  0.2957994E+001  0.3082364E+001  0.2136834E+001  0.1794836E+002 -0.7470328E+001  0.0000000E+000
 357.000    23121995  0.2919318E+001  0.3080188E+001  0.2134271E+001  0.1795136E+002 -0.7473145E+001  0.0000000E+000
 358.000    24121995  0.2883120E+001  0.3077761E+001  0.2131646E+001  0.1795436E+002 -0.7476015E+001  0.0000000E+000
 359.000    25121995  0.2850406E+001  0.3075244E+001  0.2129358E+001  0.1795850E+002 -0.7478882E+001  0.0000000E+000
 360.000    26121995  0.2817893E+001  0.3072756E+001  0.2126881E+001  0.1796094E+002 -0.7481722E+001  0.0000000E+000
 361.000    27121995  0.2788993E+001  0.3070294E+001  0.2124628E+001  0.1796473E+002 -0.7484318E+001  0.0000000E+000
 362.000    28121995  0.2760757E+001  0.3067576E+001  0.2122221E+001  0.1796736E+002 -0.7487010E+001  0.0000000E+000
 363.000    29121995  0.2736845E+001  0.3064606E+001  0.2119900E+001  0.1797260E+002 -0.7489896E+001  0.0000000E+000
 364.000    30121995  0.2715648E+001  0.3061676E+001  0.2117860E+001  0.1797990E+002 -0.7493292E+001  0.0000000E+000
 365.000    31121995  0.2702526E+001  0.3058987E+001  0.2116007E+001  0.1799667E+002 -0.7498472E+001  0.0000000E+000
