    DOY     DATE    SHOOT_C         ROOT_C          LAI             GPP             AUTO_RESP       HVST_C          
   1.000    01011989  0.2498963E+001  0.3521523E+001  0.1794722E+001  0.1337506E-001 -0.4709660E-002  0.0000000E+000
   2.000    02011989  0.2488362E+001  0.3518284E+001  0.1793249E+001  0.2933563E-001 -0.1083421E-001  0.0000000E+000
   3.000    03011989  0.2478095E+001  0.3515648E+001  0.1791519E+001  0.4486690E-001 -0.1757268E-001  0.0000000E+000
   4.000    04011989  0.2460170E+001  0.3512786E+001  0.1788194E+001  0.4920321E-001 -0.2276258E-001  0.0000000E+000
   5.000    05011989  0.2449190E+001  0.3509435E+001  0.1785535E+001  0.5425662E-001 -0.2628945E-001  0.0000000E+000
   6.000    06011989  0.2446271E+001  0.3506083E+001  0.1784206E+001  0.6858330E-001 -0.3083977E-001  0.0000000E+000
   7.000    07011989  0.2442421E+001  0.3502932E+001  0.1782772E+001  0.8302611E-001 -0.3647213E-001  0.0000000E+000
   8.000    08011989  0.2447241E+001  0.3499534E+001  0.1779679E+001  0.1135884E+000 -0.4839520E-001  0.0000000E+000
   9.000    09011989  0.2440197E+001  0.3495592E+001  0.1777028E+001  0.1277526E+000 -0.5876128E-001  0.0000000E+000
  10.000    10011989  0.2434104E+001  0.3493147E+001  0.1775581E+001  0.1365967E+000 -0.6346748E-001  0.0000000E+000
  11.000    11011989  0.2430417E+001  0.3490805E+001  0.1773610E+001  0.1492705E+000 -0.6914373E-001  0.0000000E+000
  12.000    12011989  0.2432705E+001  0.3488591E+001  0.1771986E+001  0.1716555E+000 -0.7858228E-001  0.0000000E+000
  13.000    13011989  0.2434144E+001  0.3484118E+001  0.1769691E+001  0.1956515E+000 -0.9158617E-001  0.0000000E+000
  14.000    14011989  0.2425660E+001  0.3482060E+001  0.1766199E+001  0.2011284E+000 -0.9590440E-001  0.0000000E+000
  15.000    15011989  0.2428735E+001  0.3479908E+001  0.1765104E+001  0.2215197E+000 -0.1027273E+000  0.0000000E+000
  16.000    16011989  0.2427913E+001  0.3477776E+001  0.1764297E+001  0.2378087E+000 -0.1112731E+000  0.0000000E+000
  17.000    17011989  0.2423073E+001  0.3475553E+001  0.1761297E+001  0.2460282E+000 -0.1157309E+000  0.0000000E+000
  18.000    18011989  0.2419901E+001  0.3473100E+001  0.1758917E+001  0.2558238E+000 -0.1200917E+000  0.0000000E+000
  19.000    19011989  0.2418707E+001  0.3470704E+001  0.1757248E+001  0.2682462E+000 -0.1254320E+000  0.0000000E+000
  20.000    20011989  0.2420565E+001  0.3468559E+001  0.1756156E+001  0.2852382E+000 -0.1323960E+000  0.0000000E+000
  21.000    21011989  0.2412358E+001  0.3466204E+001  0.1752813E+001  0.2884807E+000 -0.1365928E+000  0.0000000E+000
  22.000    22011989  0.2405776E+001  0.3463457E+001  0.1750907E+001  0.2923181E+000 -0.1398198E+000  0.0000000E+000
  23.000    23011989  0.2408719E+001  0.3460536E+001  0.1749941E+001  0.3040946E+000 -0.1442855E+000  0.0000000E+000
  24.000    24011989  0.2411928E+001  0.3457512E+001  0.1748240E+001  0.3170267E+000 -0.1494358E+000  0.0000000E+000
  25.000    25011989  0.2418805E+001  0.3454484E+001  0.1747276E+001  0.3353994E+000 -0.1559832E+000  0.0000000E+000
  26.000    26011989  0.2425768E+001  0.3451718E+001  0.1745856E+001  0.3555304E+000 -0.1645649E+000  0.0000000E+000
  27.000    27011989  0.2432500E+001  0.3446910E+001  0.1743279E+001  0.3788307E+000 -0.1773537E+000  0.0000000E+000
  28.000    28011989  0.2435290E+001  0.3444495E+001  0.1739710E+001  0.3912560E+000 -0.1833054E+000  0.0000000E+000
  29.000    29011989  0.2443731E+001  0.3442412E+001  0.1737656E+001  0.4130733E+000 -0.1915357E+000  0.0000000E+000
  30.000    30011989  0.2457470E+001  0.3438159E+001  0.1733860E+001  0.4475618E+000 -0.2065933E+000  0.0000000E+000
  31.000    31011989  0.2462770E+001  0.3434854E+001  0.1731258E+001  0.4683298E+000 -0.2181443E+000  0.0000000E+000
  32.000    01021989  0.2470681E+001  0.3433033E+001  0.1729570E+001  0.4910389E+000 -0.2281778E+000  0.0000000E+000
  33.000    02021989  0.2484980E+001  0.3429402E+001  0.1725527E+001  0.5287540E+000 -0.2449111E+000  0.0000000E+000
  34.000    03021989  0.2499787E+001  0.3422573E+001  0.1719103E+001  0.5730110E+000 -0.2679984E+000  0.0000000E+000
  35.000    04021989  0.2494322E+001  0.3417786E+001  0.1715834E+001  0.5833916E+000 -0.2814161E+000  0.0000000E+000
  36.000    05021989  0.2490353E+001  0.3416294E+001  0.1712689E+001  0.5868952E+000 -0.2852652E+000  0.0000000E+000
  37.000    06021989  0.2495083E+001  0.3414626E+001  0.1709043E+001  0.6013248E+000 -0.2900396E+000  0.0000000E+000
  38.000    07021989  0.2508682E+001  0.3412759E+001  0.1706307E+001  0.6315176E+000 -0.3003303E+000  0.0000000E+000
  39.000    08021989  0.2508858E+001  0.3411093E+001  0.1704509E+001  0.6423037E+000 -0.3071401E+000  0.0000000E+000
  40.000    09021989  0.2503009E+001  0.3409349E+001  0.1700161E+001  0.6436456E+000 -0.3106868E+000  0.0000000E+000
  41.000    10021989  0.2499141E+001  0.3407101E+001  0.1696759E+001  0.6459949E+000 -0.3134975E+000  0.0000000E+000
  42.000    11021989  0.2499122E+001  0.3404335E+001  0.1693969E+001  0.6523574E+000 -0.3166152E+000  0.0000000E+000
  43.000    12021989  0.2501943E+001  0.3401704E+001  0.1691431E+001  0.6628773E+000 -0.3204727E+000  0.0000000E+000
  44.000    13021989  0.2505510E+001  0.3399211E+001  0.1688970E+001  0.6747335E+000 -0.3246636E+000  0.0000000E+000
  45.000    14021989  0.2521103E+001  0.3396635E+001  0.1686058E+001  0.7094218E+000 -0.3351035E+000  0.0000000E+000
  46.000    15021989  0.2535053E+001  0.3393677E+001  0.1680664E+001  0.7477894E+000 -0.3490371E+000  0.0000000E+000
  47.000    16021989  0.2552425E+001  0.3388825E+001  0.1675814E+001  0.7861187E+000 -0.3644204E+000  0.0000000E+000
  48.000    17021989  0.2550408E+001  0.3386229E+001  0.1674152E+001  0.7908799E+000 -0.3692413E+000  0.0000000E+000
  49.000    18021989  0.2544374E+001  0.3383464E+001  0.1669402E+001  0.7908799E+000 -0.3729143E+000  0.0000000E+000
  50.000    19021989  0.2538732E+001  0.3380337E+001  0.1665789E+001  0.7908799E+000 -0.3767803E+000  0.0000000E+000
  51.000    20021989  0.2533502E+001  0.3376912E+001  0.1662919E+001  0.7908799E+000 -0.3806577E+000  0.0000000E+000
  52.000    21021989  0.2528578E+001  0.3373212E+001  0.1661480E+001  0.7908799E+000 -0.3845087E+000  0.0000000E+000
  53.000    22021989  0.2523926E+001  0.3369268E+001  0.1660280E+001  0.7908799E+000 -0.3882785E+000  0.0000000E+000
  54.000    23021989  0.2519505E+001  0.3365119E+001  0.1659048E+001  0.7908799E+000 -0.3920646E+000  0.0000000E+000
  55.000    24021989  0.2515259E+001  0.3360798E+001  0.1657433E+001  0.7908799E+000 -0.3957607E+000  0.0000000E+000
  56.000    25021989  0.2511462E+001  0.3356357E+001  0.1656076E+001  0.7908799E+000 -0.3990368E+000  0.0000000E+000
  57.000    26021989  0.2507618E+001  0.3351800E+001  0.1654693E+001  0.7908799E+000 -0.4024090E+000  0.0000000E+000
  58.000    27021989  0.2503853E+001  0.3347143E+001  0.1653504E+001  0.7908799E+000 -0.4060038E+000  0.0000000E+000
  59.000    28021989  0.2500215E+001  0.3342386E+001  0.1652298E+001  0.7908799E+000 -0.4095628E+000  0.0000000E+000
  60.000    01031989  0.2496683E+001  0.3337558E+001  0.1651038E+001  0.7908799E+000 -0.4131357E+000  0.0000000E+000
  61.000    02031989  0.2493243E+001  0.3332680E+001  0.1649799E+001  0.7908799E+000 -0.4167273E+000  0.0000000E+000
  62.000    03031989  0.2489884E+001  0.3327765E+001  0.1648544E+001  0.7908799E+000 -0.4202544E+000  0.0000000E+000
  63.000    04031989  0.2503807E+001  0.3322994E+001  0.1648686E+001  0.8135642E+000 -0.4276440E+000  0.0000000E+000
  64.000    05031989  0.2522449E+001  0.3318572E+001  0.1647717E+001  0.8454201E+000 -0.4384961E+000  0.0000000E+000
  65.000    06031989  0.2544928E+001  0.3312122E+001  0.1644248E+001  0.8904229E+000 -0.4566540E+000  0.0000000E+000
  66.000    07031989  0.2541520E+001  0.3308812E+001  0.1641845E+001  0.8955671E+000 -0.4637809E+000  0.0000000E+000
  67.000    08031989  0.2536346E+001  0.3306706E+001  0.1635666E+001  0.8961842E+000 -0.4670144E+000  0.0000000E+000
  68.000    09031989  0.2530998E+001  0.3304230E+001  0.1632330E+001  0.8961842E+000 -0.4701034E+000  0.0000000E+000
  69.000    10031989  0.2526079E+001  0.3301331E+001  0.1631085E+001  0.8961842E+000 -0.4732057E+000  0.0000000E+000
  70.000    11031989  0.2521487E+001  0.3298036E+001  0.1629841E+001  0.8961842E+000 -0.4764011E+000  0.0000000E+000
  71.000    12031989  0.2523166E+001  0.3294445E+001  0.1628921E+001  0.9064979E+000 -0.4822254E+000  0.0000000E+000
  72.000    13031989  0.2530249E+001  0.3290561E+001  0.1626867E+001  0.9242928E+000 -0.4902189E+000  0.0000000E+000
  73.000    14031989  0.2542974E+001  0.3287425E+001  0.1624871E+001  0.9470267E+000 -0.4973622E+000  0.0000000E+000
  74.000    15031989  0.2565424E+001  0.3283588E+001  0.1622402E+001  0.9891887E+000 -0.5122156E+000  0.0000000E+000
  75.000    16031989  0.2579222E+001  0.3278668E+001  0.1618542E+001  0.1022828E+001 -0.5278667E+000  0.0000000E+000
  76.000    17031989  0.2593815E+001  0.3276593E+001  0.1615431E+001  0.1053539E+001 -0.5390889E+000  0.0000000E+000
  77.000    18031989  0.2612737E+001  0.3272960E+001  0.1609983E+001  0.1097640E+001 -0.5571912E+000  0.0000000E+000
  78.000    19031989  0.2621205E+001  0.3269659E+001  0.1607874E+001  0.1122488E+001 -0.5706004E+000  0.0000000E+000
  79.000    20031989  0.2627507E+001  0.3268885E+001  0.1605701E+001  0.1138669E+001 -0.5764744E+000  0.0000000E+000
  80.000    21031989  0.2649860E+001  0.3267909E+001  0.1602444E+001  0.1180132E+001 -0.5888244E+000  0.0000000E+000
  81.000    22031989  0.2650173E+001  0.3267286E+001  0.1600690E+001  0.1192309E+001 -0.5964379E+000  0.0000000E+000
  82.000    23031989  0.2648655E+001  0.3267053E+001  0.1598735E+001  0.1198824E+001 -0.6003884E+000  0.0000000E+000
  83.000    24031989  0.2656673E+001  0.3266575E+001  0.1597297E+001  0.1217121E+001 -0.6060000E+000  0.0000000E+000
  84.000    25031989  0.2669822E+001  0.3266041E+001  0.1594811E+001  0.1245708E+001 -0.6152831E+000  0.0000000E+000
  85.000    26031989  0.2685776E+001  0.3264872E+001  0.1591422E+001  0.1282562E+001 -0.6293528E+000  0.0000000E+000
  86.000    27031989  0.2703210E+001  0.3261970E+001  0.1587551E+001  0.1324253E+001 -0.6471383E+000  0.0000000E+000
  87.000    28031989  0.2722917E+001  0.3257240E+001  0.1581981E+001  0.1372129E+001 -0.6686016E+000  0.0000000E+000
  88.000    29031989  0.2743216E+001  0.3250992E+001  0.1575939E+001  0.1422873E+001 -0.6925106E+000  0.0000000E+000
  89.000    30031989  0.2765539E+001  0.3245408E+001  0.1568809E+001  0.1472522E+001 -0.7134074E+000  0.0000000E+000
  90.000    31031989  0.2788583E+001  0.3240177E+001  0.1561177E+001  0.1523926E+001 -0.7343907E+000  0.0000000E+000
  91.000    01041989  0.2793207E+001  0.3237811E+001  0.1558878E+001  0.1540949E+001 -0.7435574E+000  0.0000000E+000
  92.000    02041989  0.2801593E+001  0.3237170E+001  0.1556508E+001  0.1560399E+001 -0.7500512E+000  0.0000000E+000
  93.000    03041989  0.2821215E+001  0.3236280E+001  0.1553273E+001  0.1597170E+001 -0.7609053E+000  0.0000000E+000
  94.000    04041989  0.2842314E+001  0.3234419E+001  0.1547494E+001  0.1644267E+001 -0.7783904E+000  0.0000000E+000
  95.000    05041989  0.2859030E+001  0.3231004E+001  0.1541947E+001  0.1686994E+001 -0.7971022E+000  0.0000000E+000
  96.000    06041989  0.2869749E+001  0.3228080E+001  0.1538386E+001  0.1715266E+001 -0.8100418E+000  0.0000000E+000
  97.000    07041989  0.2877105E+001  0.3226979E+001  0.1536620E+001  0.1733848E+001 -0.8171146E+000  0.0000000E+000
  98.000    08041989  0.2885288E+001  0.3226344E+001  0.1534775E+001  0.1753672E+001 -0.8240762E+000  0.0000000E+000
  99.000    09041989  0.2897714E+001  0.3225724E+001  0.1532468E+001  0.1779960E+001 -0.8325784E+000  0.0000000E+000
 100.000    10041989  0.2905214E+001  0.3225325E+001  0.1530667E+001  0.1799619E+001 -0.8398402E+000  0.0000000E+000
 101.000    11041989  0.2909321E+001  0.3225177E+001  0.1529269E+001  0.1814351E+001 -0.8457022E+000  0.0000000E+000
 102.000    12041989  0.2917406E+001  0.3225217E+001  0.1527114E+001  0.1833740E+001 -0.8515516E+000  0.0000000E+000
 103.000    13041989  0.2931337E+001  0.3225087E+001  0.1524941E+001  0.1861853E+001 -0.8597778E+000  0.0000000E+000
 104.000    14041989  0.2945633E+001  0.3224893E+001  0.1522543E+001  0.1892582E+001 -0.8698846E+000  0.0000000E+000
 105.000    15041989  0.2963295E+001  0.3224239E+001  0.1519278E+001  0.1930008E+001 -0.8830448E+000  0.0000000E+000
 106.000    16041989  0.2979085E+001  0.3223055E+001  0.1515814E+001  0.1967128E+001 -0.8977513E+000  0.0000000E+000
 107.000    17041989  0.2998958E+001  0.3221837E+001  0.1512285E+001  0.2008900E+001 -0.9127275E+000  0.0000000E+000
 108.000    18041989  0.3020219E+001  0.3219356E+001  0.1508073E+001  0.2055946E+001 -0.9314243E+000  0.0000000E+000
 109.000    19041989  0.3041093E+001  0.3215506E+001  0.1502602E+001  0.2103418E+001 -0.9516338E+000  0.0000000E+000
 110.000    20041989  0.2794722E+001  0.3212435E+001  0.1499155E+001  0.2135274E+001 -0.9662865E+000  0.0000000E+000
 111.000    21041989  0.2811307E+001  0.3211385E+001  0.1500739E+001  0.2166820E+001 -0.9771960E+000  0.0000000E+000
 112.000    22041989  0.2835015E+001  0.3210611E+001  0.1502690E+001  0.2209736E+001 -0.9912041E+000  0.0000000E+000
 113.000    23041989  0.2854178E+001  0.3209635E+001  0.1504014E+001  0.2248838E+001 -0.1006164E+001  0.0000000E+000
 114.000    24041989  0.2874421E+001  0.3208561E+001  0.1505760E+001  0.2292463E+001 -0.1023731E+001  0.0000000E+000
 115.000    25041989  0.2902304E+001  0.3205882E+001  0.1507212E+001  0.2348497E+001 -0.1045777E+001  0.0000000E+000
 116.000    26041989  0.2926006E+001  0.3200993E+001  0.1506740E+001  0.2401363E+001 -0.1070119E+001  0.0000000E+000
 117.000    27041989  0.2950009E+001  0.3194893E+001  0.1508905E+001  0.2456562E+001 -0.1096631E+001  0.0000000E+000
 118.000    28041989  0.2974647E+001  0.3189167E+001  0.1509692E+001  0.2507333E+001 -0.1119676E+001  0.0000000E+000
 119.000    29041989  0.3003679E+001  0.3183989E+001  0.1509726E+001  0.2562072E+001 -0.1141967E+001  0.0000000E+000
 120.000    30041989  0.3031779E+001  0.3177727E+001  0.1509466E+001  0.2618150E+001 -0.1166787E+001  0.0000000E+000
 121.000    01051989  0.3061730E+001  0.3171193E+001  0.1508608E+001  0.2674394E+001 -0.1190124E+001  0.0000000E+000
 122.000    02051989  0.3086234E+001  0.3164175E+001  0.1507850E+001  0.2722849E+001 -0.1211654E+001  0.0000000E+000
 123.000    03051989  0.3105489E+001  0.3161090E+001  0.1507444E+001  0.2758781E+001 -0.1225225E+001  0.0000000E+000
 124.000    04051989  0.3127073E+001  0.3159286E+001  0.1507237E+001  0.2797128E+001 -0.1237488E+001  0.0000000E+000
 125.000    05051989  0.3154366E+001  0.3156990E+001  0.1507323E+001  0.2847547E+001 -0.1255158E+001  0.0000000E+000
 126.000    06051989  0.3179075E+001  0.3152714E+001  0.1511386E+001  0.2898269E+001 -0.1276934E+001  0.0000000E+000
 127.000    07051989  0.3189391E+001  0.3150880E+001  0.1512352E+001  0.2923181E+001 -0.1287910E+001  0.0000000E+000
 128.000    08051989  0.2722510E+001  0.3150728E+001  0.1513039E+001  0.2952732E+001 -0.1296539E+001  0.0000000E+000
 129.000    09051989  0.2737526E+001  0.3150589E+001  0.1517699E+001  0.2982372E+001 -0.1305948E+001  0.0000000E+000
 130.000    10051989  0.2761213E+001  0.3149228E+001  0.1528945E+001  0.3027568E+001 -0.1321876E+001  0.0000000E+000
 131.000    11051989  0.2777018E+001  0.3148179E+001  0.1534629E+001  0.3060068E+001 -0.1333693E+001  0.0000000E+000
 132.000    12051989  0.2795813E+001  0.3147748E+001  0.1540495E+001  0.3096493E+001 -0.1345794E+001  0.0000000E+000
 133.000    13051989  0.2818566E+001  0.3147102E+001  0.1548787E+001  0.3139100E+001 -0.1359974E+001  0.0000000E+000
 134.000    14051989  0.2841078E+001  0.3146299E+001  0.1558071E+001  0.3181952E+001 -0.1374834E+001  0.0000000E+000
 135.000    15051989  0.2868798E+001  0.3145229E+001  0.1568624E+001  0.3234160E+001 -0.1393336E+001  0.0000000E+000
 136.000    16051989  0.2891978E+001  0.3143005E+001  0.1577231E+001  0.3281195E+001 -0.1412078E+001  0.0000000E+000
 137.000    17051989  0.2918956E+001  0.3141832E+001  0.1584974E+001  0.3330960E+001 -0.1429166E+001  0.0000000E+000
 138.000    18051989  0.2950861E+001  0.3140241E+001  0.1594065E+001  0.3390064E+001 -0.1450245E+001  0.0000000E+000
 139.000    19051989  0.2982829E+001  0.3137839E+001  0.1602175E+001  0.3450344E+001 -0.1472131E+001  0.0000000E+000
 140.000    20051989  0.3019120E+001  0.3135547E+001  0.1616249E+001  0.3516939E+001 -0.1495100E+001  0.0000000E+000
 141.000    21051989  0.3057434E+001  0.3131919E+001  0.1631396E+001  0.3590196E+001 -0.1522503E+001  0.0000000E+000
 142.000    22051989  0.3094108E+001  0.3128248E+001  0.1643549E+001  0.3660387E+001 -0.1549216E+001  0.0000000E+000
 143.000    23051989  0.3133809E+001  0.3123701E+001  0.1660610E+001  0.3735607E+001 -0.1578281E+001  0.0000000E+000
 144.000    24051989  0.3169438E+001  0.3120998E+001  0.1670865E+001  0.3800582E+001 -0.1601084E+001  0.0000000E+000
 145.000    25051989  0.3212543E+001  0.3119137E+001  0.1683321E+001  0.3877845E+001 -0.1626826E+001  0.0000000E+000
 146.000    26051989  0.2758297E+001  0.3115357E+001  0.1697823E+001  0.3963714E+001 -0.1659780E+001  0.0000000E+000
 147.000    27051989  0.2807745E+001  0.3109488E+001  0.1731504E+001  0.4055403E+001 -0.1694555E+001  0.0000000E+000
 148.000    28051989  0.2841903E+001  0.3108083E+001  0.1746249E+001  0.4117627E+001 -0.1715360E+001  0.0000000E+000
 149.000    29051989  0.2877638E+001  0.3109732E+001  0.1758696E+001  0.4181618E+001 -0.1733658E+001  0.0000000E+000
 150.000    30051989  0.2923716E+001  0.3110209E+001  0.1782355E+001  0.4264978E+001 -0.1760106E+001  0.0000000E+000
 151.000    31051989  0.2969578E+001  0.3109719E+001  0.1805792E+001  0.4353461E+001 -0.1791573E+001  0.0000000E+000
 152.000    01061989  0.3013185E+001  0.3107969E+001  0.1827391E+001  0.4441868E+001 -0.1825820E+001  0.0000000E+000
 153.000    02061989  0.3057216E+001  0.3104761E+001  0.1852848E+001  0.4532586E+001 -0.1862638E+001  0.0000000E+000
 154.000    03061989  0.3100196E+001  0.3101169E+001  0.1876243E+001  0.4619510E+001 -0.1897902E+001  0.0000000E+000
 155.000    04061989  0.3142744E+001  0.3098227E+001  0.1897743E+001  0.4704768E+001 -0.1931661E+001  0.0000000E+000
 156.000    05061989  0.3174877E+001  0.3095317E+001  0.1914842E+001  0.4777836E+001 -0.1963435E+001  0.0000000E+000
 157.000    06061989  0.3211405E+001  0.3092715E+001  0.1928161E+001  0.4852436E+001 -0.1992615E+001  0.0000000E+000
 158.000    07061989  0.3243018E+001  0.3092708E+001  0.1940760E+001  0.4920593E+001 -0.2018998E+001  0.0000000E+000
 159.000    08061989  0.3283829E+001  0.3092594E+001  0.1958503E+001  0.5000331E+001 -0.2046823E+001  0.0000000E+000
 160.000    09061989  0.3324320E+001  0.3092835E+001  0.1974748E+001  0.5080961E+001 -0.2076099E+001  0.0000000E+000
 161.000    10061989  0.3362297E+001  0.3093655E+001  0.1992075E+001  0.5159850E+001 -0.2104736E+001  0.0000000E+000
 162.000    11061989  0.3397721E+001  0.3093866E+001  0.2004455E+001  0.5233528E+001 -0.2129833E+001  0.0000000E+000
 163.000    12061989  0.3433976E+001  0.3097523E+001  0.2016489E+001  0.5309542E+001 -0.2155100E+001  0.0000000E+000
 164.000    13061989  0.2890630E+001  0.3099705E+001  0.2030703E+001  0.5392762E+001 -0.2186979E+001  0.0000000E+000
 165.000    14061989  0.2929537E+001  0.3102292E+001  0.2055773E+001  0.5476261E+001 -0.2217237E+001  0.0000000E+000
 166.000    15061989  0.2961151E+001  0.3104575E+001  0.2080025E+001  0.5554288E+001 -0.2250345E+001  0.0000000E+000
 167.000    16061989  0.2993518E+001  0.3106970E+001  0.2101731E+001  0.5631445E+001 -0.2281984E+001  0.0000000E+000
 168.000    17061989  0.3021141E+001  0.3110780E+001  0.2118569E+001  0.5701961E+001 -0.2310805E+001  0.0000000E+000
 169.000    18061989  0.3062726E+001  0.3116415E+001  0.2136462E+001  0.5786928E+001 -0.2339240E+001  0.0000000E+000
 170.000    19061989  0.3101222E+001  0.3123659E+001  0.2152659E+001  0.5870623E+001 -0.2368445E+001  0.0000000E+000
 171.000    20061989  0.3128449E+001  0.3130506E+001  0.2170937E+001  0.5943809E+001 -0.2398538E+001  0.0000000E+000
 172.000    21061989  0.3157476E+001  0.3136718E+001  0.2186801E+001  0.6017523E+001 -0.2428306E+001  0.0000000E+000
 173.000    22061989  0.1923729E+001  0.3142894E+001  0.2207916E+001  0.6087229E+001 -0.2458202E+001  0.0000000E+000
 174.000    23061989  0.1942918E+001  0.3147558E+001  0.2230540E+001  0.6151212E+001 -0.2489086E+001  0.0000000E+000
 175.000    24061989  0.1965780E+001  0.3148465E+001  0.2252597E+001  0.6218152E+001 -0.2520928E+001  0.0000000E+000
 176.000    25061989  0.2009614E+001  0.3152412E+001  0.2271332E+001  0.6306347E+001 -0.2552318E+001  0.0000000E+000
 177.000    26061989  0.2049497E+001  0.3157313E+001  0.2294399E+001  0.6393930E+001 -0.2585851E+001  0.0000000E+000
 178.000    27061989  0.2079468E+001  0.3160469E+001  0.2317430E+001  0.6474410E+001 -0.2622443E+001  0.0000000E+000
 179.000    28061989  0.2113075E+001  0.3163566E+001  0.2337275E+001  0.6557751E+001 -0.2658452E+001  0.0000000E+000
 180.000    29061989  0.2142475E+001  0.3167374E+001  0.2355543E+001  0.6634885E+001 -0.2692139E+001  0.0000000E+000
 181.000    30061989  0.2178365E+001  0.3176021E+001  0.2368056E+001  0.6714711E+001 -0.2719492E+001  0.0000000E+000
 182.000    01071989  0.2215552E+001  0.3187598E+001  0.2380984E+001  0.6796124E+001 -0.2744468E+001  0.0000000E+000
 183.000    02071989  0.2253889E+001  0.3198897E+001  0.2397358E+001  0.6880902E+001 -0.2770746E+001  0.0000000E+000
 184.000    03071989  0.2280952E+001  0.3207830E+001  0.2414975E+001  0.6957688E+001 -0.2800655E+001  0.0000000E+000
 185.000    04071989  0.2321304E+001  0.3215008E+001  0.2432429E+001  0.7048630E+001 -0.2832692E+001  0.0000000E+000
 186.000    05071989  0.2322086E+001  0.3222868E+001  0.2449497E+001  0.7099605E+001 -0.2865760E+001  0.0000000E+000
 187.000    06071989  0.2346155E+001  0.3226944E+001  0.2464849E+001  0.7171881E+001 -0.2900390E+001  0.0000000E+000
 188.000    07071989  0.2367993E+001  0.3229407E+001  0.2481046E+001  0.7241592E+001 -0.2936133E+001  0.0000000E+000
 189.000    08071989  0.2408223E+001  0.3231725E+001  0.2498719E+001  0.7331687E+001 -0.2973998E+001  0.0000000E+000
 190.000    09071989  0.2429888E+001  0.3234520E+001  0.2514027E+001  0.7403023E+001 -0.3011336E+001  0.0000000E+000
 191.000    10071989  0.2479503E+001  0.3235785E+001  0.2528460E+001  0.7505142E+001 -0.3051072E+001  0.0000000E+000
 192.000    11071989  0.2511208E+001  0.3234201E+001  0.2541134E+001  0.7591794E+001 -0.3092972E+001  0.0000000E+000
 193.000    12071989  0.2548883E+001  0.3236018E+001  0.2555742E+001  0.7684009E+001 -0.3135406E+001  0.0000000E+000
 194.000    13071989  0.2560421E+001  0.3237192E+001  0.2567318E+001  0.7746863E+001 -0.3174652E+001  0.0000000E+000
 195.000    14071989  0.2581889E+001  0.3239612E+001  0.2575963E+001  0.7814936E+001 -0.3210045E+001  0.0000000E+000
 196.000    15071989  0.2607480E+001  0.3242705E+001  0.2583679E+001  0.7884355E+001 -0.3241419E+001  0.0000000E+000
 197.000    16071989  0.2635110E+001  0.3246453E+001  0.2590195E+001  0.7955848E+001 -0.3272242E+001  0.0000000E+000
 198.000    17071989  0.2666107E+001  0.3251724E+001  0.2596831E+001  0.8029951E+001 -0.3300988E+001  0.0000000E+000
 199.000    18071989  0.2700671E+001  0.3259301E+001  0.2604543E+001  0.8107657E+001 -0.3328742E+001  0.0000000E+000
 200.000    19071989  0.2741046E+001  0.3266210E+001  0.2613059E+001  0.8196298E+001 -0.3361390E+001  0.0000000E+000
 201.000    20071989  0.2756151E+001  0.3271063E+001  0.2620629E+001  0.8260606E+001 -0.3396573E+001  0.0000000E+000
 202.000    21071989  0.2772611E+001  0.3273542E+001  0.2628227E+001  0.8324258E+001 -0.3432046E+001  0.0000000E+000
 203.000    22071989  0.2796217E+001  0.3274342E+001  0.2633985E+001  0.8394668E+001 -0.3468757E+001  0.0000000E+000
 204.000    23071989  0.2839563E+001  0.3274297E+001  0.2640639E+001  0.8485005E+001 -0.3505395E+001  0.0000000E+000
 205.000    24071989  0.2869138E+001  0.3274915E+001  0.2647232E+001  0.8564596E+001 -0.3545082E+001  0.0000000E+000
 206.000    25071989  0.2906671E+001  0.3274330E+001  0.2651885E+001  0.8651461E+001 -0.3584215E+001  0.0000000E+000
 207.000    26071989  0.2935594E+001  0.3276069E+001  0.2656273E+001  0.8729952E+001 -0.3622700E+001  0.0000000E+000
 208.000    27071989  0.2963844E+001  0.3277045E+001  0.2659316E+001  0.8807914E+001 -0.3661964E+001  0.0000000E+000
 209.000    28071989  0.2983454E+001  0.3278178E+001  0.2663374E+001  0.8875320E+001 -0.3699596E+001  0.0000000E+000
 210.000    29071989  0.3025671E+001  0.3280083E+001  0.2666575E+001  0.8962641E+001 -0.3734235E+001  0.0000000E+000
 211.000    30071989  0.3072537E+001  0.3285446E+001  0.2669335E+001  0.9055984E+001 -0.3767030E+001  0.0000000E+000
 212.000    31071989  0.3102501E+001  0.3289156E+001  0.2672774E+001  0.9137606E+001 -0.3805759E+001  0.0000000E+000
 213.000    01081989  0.3129649E+001  0.3291006E+001  0.2674905E+001  0.9213309E+001 -0.3842437E+001  0.0000000E+000
 214.000    02081989  0.3153589E+001  0.3294546E+001  0.2676795E+001  0.9283311E+001 -0.3876631E+001  0.0000000E+000
 215.000    03081989  0.3186845E+001  0.3298539E+001  0.2679748E+001  0.9362327E+001 -0.3910108E+001  0.0000000E+000
 216.000    04081989  0.3228979E+001  0.3301259E+001  0.2681968E+001  0.9453753E+001 -0.3947773E+001  0.0000000E+000
 217.000    05081989  0.3267896E+001  0.3302755E+001  0.2682853E+001  0.9543730E+001 -0.3987971E+001  0.0000000E+000
 218.000    06081989  0.3288767E+001  0.3302558E+001  0.2684175E+001  0.9615218E+001 -0.4029334E+001  0.0000000E+000
 219.000    07081989  0.3332014E+001  0.3300747E+001  0.2684938E+001  0.9707065E+001 -0.4068547E+001  0.0000000E+000
 220.000    08081989  0.3378064E+001  0.3303321E+001  0.2686429E+001  0.9795914E+001 -0.4098746E+001  0.0000000E+000
 221.000    09081989  0.3419046E+001  0.3311920E+001  0.2688134E+001  0.9878844E+001 -0.4124353E+001  0.0000000E+000
 222.000    10081989  0.3449220E+001  0.3322775E+001  0.2689031E+001  0.9948390E+001 -0.4145844E+001  0.0000000E+000
 223.000    11081989  0.3479193E+001  0.3336246E+001  0.2690140E+001  0.1001743E+002 -0.4164659E+001  0.0000000E+000
 224.000    12081989  0.3515737E+001  0.3345343E+001  0.2692036E+001  0.1010018E+002 -0.4192525E+001  0.0000000E+000
 225.000    13081989  0.3560032E+001  0.3352769E+001  0.2694921E+001  0.1019410E+002 -0.4225244E+001  0.0000000E+000
 226.000    14081989  0.3576284E+001  0.3358087E+001  0.2696461E+001  0.1026021E+002 -0.4260820E+001  0.0000000E+000
 227.000    15081989  0.3598429E+001  0.3356642E+001  0.2698122E+001  0.1032845E+002 -0.4295222E+001  0.0000000E+000
 228.000    16081989  0.3624888E+001  0.3355757E+001  0.2699937E+001  0.1040085E+002 -0.4330960E+001  0.0000000E+000
 229.000    17081989  0.3652722E+001  0.3355290E+001  0.2700632E+001  0.1047392E+002 -0.4367769E+001  0.0000000E+000
 230.000    18081989  0.3677708E+001  0.3353769E+001  0.2700232E+001  0.1054195E+002 -0.4402627E+001  0.0000000E+000
 231.000    19081989  0.3708452E+001  0.3354072E+001  0.2700075E+001  0.1061423E+002 -0.4434797E+001  0.0000000E+000
 232.000    20081989  0.3745431E+001  0.3352926E+001  0.2699060E+001  0.1069481E+002 -0.4468888E+001  0.0000000E+000
 233.000    21081989  0.3774680E+001  0.3349555E+001  0.2698348E+001  0.1077057E+002 -0.4507481E+001  0.0000000E+000
 234.000    22081989  0.3797492E+001  0.3343069E+001  0.2697883E+001  0.1083989E+002 -0.4547691E+001  0.0000000E+000
 235.000    23081989  0.3830255E+001  0.3336657E+001  0.2696638E+001  0.1091914E+002 -0.4590128E+001  0.0000000E+000
 236.000    24081989  0.3850425E+001  0.3329896E+001  0.2694576E+001  0.1098348E+002 -0.4631146E+001  0.0000000E+000
 237.000    25081989  0.3889169E+001  0.3324609E+001  0.2692188E+001  0.1106234E+002 -0.4667710E+001  0.0000000E+000
 238.000    26081989  0.3918169E+001  0.3322985E+001  0.2690781E+001  0.1112790E+002 -0.4698352E+001  0.0000000E+000
 239.000    27081989  0.3956065E+001  0.3324875E+001  0.2690093E+001  0.1120118E+002 -0.4725850E+001  0.0000000E+000
 240.000    28081989  0.3995546E+001  0.3327323E+001  0.2689082E+001  0.1127915E+002 -0.4754782E+001  0.0000000E+000
 241.000    29081989  0.4037658E+001  0.3327817E+001  0.2688057E+001  0.1136412E+002 -0.4789137E+001  0.0000000E+000
 242.000    30081989  0.4082975E+001  0.3325257E+001  0.2686405E+001  0.1145547E+002 -0.4827681E+001  0.0000000E+000
 243.000    31081989  0.4116292E+001  0.3324672E+001  0.2684232E+001  0.1153073E+002 -0.4861982E+001  0.0000000E+000
 244.000    01091989  0.4167211E+001  0.3326889E+001  0.2682218E+001  0.1162390E+002 -0.4894345E+001  0.0000000E+000
 245.000    02091989  0.4219114E+001  0.3326314E+001  0.2680343E+001  0.1172430E+002 -0.4934302E+001  0.0000000E+000
 246.000    03091989  0.4264858E+001  0.3325717E+001  0.2677938E+001  0.1181552E+002 -0.4970939E+001  0.0000000E+000
 247.000    04091989  0.4311048E+001  0.3330053E+001  0.2676452E+001  0.1190263E+002 -0.4999443E+001  0.0000000E+000
 248.000    05091989  0.4349429E+001  0.3333622E+001  0.2674629E+001  0.1198151E+002 -0.5026801E+001  0.0000000E+000
 249.000    06091989  0.4387843E+001  0.3338106E+001  0.2672696E+001  0.1206462E+002 -0.5058346E+001  0.0000000E+000
 250.000    07091989  0.4427261E+001  0.3341365E+001  0.2670049E+001  0.1214898E+002 -0.5091079E+001  0.0000000E+000
 251.000    08091989  0.4466477E+001  0.3343867E+001  0.2666166E+001  0.1223508E+002 -0.5125062E+001  0.0000000E+000
 252.000    09091989  0.4505066E+001  0.3344561E+001  0.2661398E+001  0.1232112E+002 -0.5159831E+001  0.0000000E+000
 253.000    10091989  0.4546626E+001  0.3346184E+001  0.2655536E+001  0.1241206E+002 -0.5196857E+001  0.0000000E+000
 254.000    11091989  0.4579012E+001  0.3343517E+001  0.2647931E+001  0.1249657E+002 -0.5238697E+001  0.0000000E+000
 255.000    12091989  0.4596931E+001  0.3338487E+001  0.2639855E+001  0.1256304E+002 -0.5279362E+001  0.0000000E+000
 256.000    13091989  0.4633718E+001  0.3335278E+001  0.2630423E+001  0.1264622E+002 -0.5317996E+001  0.0000000E+000
 257.000    14091989  0.4662828E+001  0.3331558E+001  0.2620687E+001  0.1272101E+002 -0.5353827E+001  0.0000000E+000
 258.000    15091989  0.4702469E+001  0.3327842E+001  0.2610098E+001  0.1280797E+002 -0.5390990E+001  0.0000000E+000
 259.000    16091989  0.4728875E+001  0.3324993E+001  0.2599731E+001  0.1288088E+002 -0.5427308E+001  0.0000000E+000
 260.000    17091989  0.4752903E+001  0.3322795E+001  0.2590105E+001  0.1294787E+002 -0.5460434E+001  0.0000000E+000
 261.000    18091989  0.4790782E+001  0.3322989E+001  0.2582089E+001  0.1302433E+002 -0.5488284E+001  0.0000000E+000
 262.000    19091989  0.4834060E+001  0.3325970E+001  0.2574909E+001  0.1310529E+002 -0.5513469E+001  0.0000000E+000
 263.000    20091989  0.4866221E+001  0.3329367E+001  0.2566963E+001  0.1317874E+002 -0.5538771E+001  0.0000000E+000
 264.000    21091989  0.4900539E+001  0.3330172E+001  0.2556475E+001  0.1326383E+002 -0.5572548E+001  0.0000000E+000
 265.000    22091989  0.4922145E+001  0.3328707E+001  0.2545559E+001  0.1333367E+002 -0.5606742E+001  0.0000000E+000
 266.000    23091989  0.4941306E+001  0.3328108E+001  0.2532799E+001  0.1340129E+002 -0.5639772E+001  0.0000000E+000
 267.000    24091989  0.4951463E+001  0.3331556E+001  0.2526237E+001  0.1344268E+002 -0.5657660E+001  0.0000000E+000
 268.000    25091989  0.4967196E+001  0.3337999E+001  0.2521158E+001  0.1348646E+002 -0.5670928E+001  0.0000000E+000
 269.000    26091989  0.4993432E+001  0.3341663E+001  0.2512277E+001  0.1355068E+002 -0.5692819E+001  0.0000000E+000
 270.000    27091989  0.5006695E+001  0.3345396E+001  0.2504601E+001  0.1359853E+002 -0.5712867E+001  0.0000000E+000
 271.000    28091989  0.5021146E+001  0.3352142E+001  0.2499586E+001  0.1364104E+002 -0.5726051E+001  0.0000000E+000
 272.000    29091989  0.5038898E+001  0.3356555E+001  0.2491661E+001  0.1369351E+002 -0.5745406E+001  0.0000000E+000
 273.000    30091989  0.5057687E+001  0.3357795E+001  0.2482033E+001  0.1375051E+002 -0.5768082E+001  0.0000000E+000
 274.000    01101989  0.5076840E+001  0.3357641E+001  0.2471467E+001  0.1381012E+002 -0.5793067E+001  0.0000000E+000
 275.000    02101989  0.5100614E+001  0.3356138E+001  0.2460241E+001  0.1387593E+002 -0.5820184E+001  0.0000000E+000
 276.000    03101989  0.5116157E+001  0.3353679E+001  0.2447499E+001  0.1393542E+002 -0.5848459E+001  0.0000000E+000
 277.000    04101989  0.5126577E+001  0.3355385E+001  0.2438430E+001  0.1397979E+002 -0.5868508E+001  0.0000000E+000
 278.000    05101989  0.5130608E+001  0.3360099E+001  0.2432320E+001  0.1401098E+002 -0.5881805E+001  0.0000000E+000
 279.000    06101989  0.5149833E+001  0.3362324E+001  0.2422373E+001  0.1406518E+002 -0.5900823E+001  0.0000000E+000
 280.000    07101989  0.5167415E+001  0.3362099E+001  0.2410500E+001  0.1412239E+002 -0.5925532E+001  0.0000000E+000
 281.000    08101989  0.5181077E+001  0.3365262E+001  0.2403835E+001  0.1416454E+002 -0.5940430E+001  0.0000000E+000
 282.000    09101989  0.5186536E+001  0.3370603E+001  0.2399106E+001  0.1419437E+002 -0.5951277E+001  0.0000000E+000
 283.000    10101989  0.5193479E+001  0.3376199E+001  0.2394560E+001  0.1422496E+002 -0.5960889E+001  0.0000000E+000
 284.000    11101989  0.5201428E+001  0.3380302E+001  0.2387716E+001  0.1426146E+002 -0.5974777E+001  0.0000000E+000
 285.000    12101989  0.5215062E+001  0.3382880E+001  0.2380025E+001  0.1430612E+002 -0.5991315E+001  0.0000000E+000
 286.000    13101989  0.5228555E+001  0.3383896E+001  0.2370233E+001  0.1435485E+002 -0.6011489E+001  0.0000000E+000
 287.000    14101989  0.5238244E+001  0.3382793E+001  0.2357179E+001  0.1440458E+002 -0.6035479E+001  0.0000000E+000
 288.000    15101989  0.5247437E+001  0.3380596E+001  0.2342809E+001  0.1445547E+002 -0.6061486E+001  0.0000000E+000
 289.000    16101989  0.5253349E+001  0.3375833E+001  0.2327354E+001  0.1450381E+002 -0.6088524E+001  0.0000000E+000
 290.000    17101989  0.5266974E+001  0.3371163E+001  0.2310928E+001  0.1456057E+002 -0.6116374E+001  0.0000000E+000
 291.000    18101989  0.5275705E+001  0.3365727E+001  0.2293219E+001  0.1461374E+002 -0.6144352E+001  0.0000000E+000
 292.000    19101989  0.5286018E+001  0.3363504E+001  0.2282134E+001  0.1465730E+002 -0.6163889E+001  0.0000000E+000
 293.000    20101989  0.5292026E+001  0.3365186E+001  0.2274518E+001  0.1468978E+002 -0.6177916E+001  0.0000000E+000
 294.000    21101989  0.5291276E+001  0.3368952E+001  0.2270482E+001  0.1471062E+002 -0.6185523E+001  0.0000000E+000
 295.000    22101989  0.5236467E+001  0.3372746E+001  0.2265297E+001  0.1473734E+002 -0.6194235E+001  0.0000000E+000
 296.000    23101989  0.5187604E+001  0.3376345E+001  0.2259812E+001  0.1476754E+002 -0.6204054E+001  0.0000000E+000
 297.000    24101989  0.5144521E+001  0.3379496E+001  0.2253600E+001  0.1480146E+002 -0.6215016E+001  0.0000000E+000
 298.000    25101989  0.5105294E+001  0.3382854E+001  0.2247043E+001  0.1483715E+002 -0.6227059E+001  0.0000000E+000
 299.000    26101989  0.5066302E+001  0.3386195E+001  0.2241120E+001  0.1486908E+002 -0.6238709E+001  0.0000000E+000
 300.000    27101989  0.5033262E+001  0.3389187E+001  0.2234506E+001  0.1490532E+002 -0.6251377E+001  0.0000000E+000
 301.000    28101989  0.5000660E+001  0.3392018E+001  0.2227642E+001  0.1494038E+002 -0.6264528E+001  0.0000000E+000
 302.000    29101989  0.4974664E+001  0.3394272E+001  0.2218888E+001  0.1498328E+002 -0.6280250E+001  0.0000000E+000
 303.000    30101989  0.4948441E+001  0.3395008E+001  0.2208201E+001  0.1502791E+002 -0.6299424E+001  0.0000000E+000
 304.000    31101989  0.4926328E+001  0.3393806E+001  0.2195161E+001  0.1507808E+002 -0.6321943E+001  0.0000000E+000
 305.000    01111989  0.4896148E+001  0.3393128E+001  0.2186117E+001  0.1510998E+002 -0.6339434E+001  0.0000000E+000
 306.000    02111989  0.4878536E+001  0.3396311E+001  0.2179975E+001  0.1514680E+002 -0.6351014E+001  0.0000000E+000
 307.000    03111989  0.4856751E+001  0.3398635E+001  0.2172451E+001  0.1518057E+002 -0.6364965E+001  0.0000000E+000
 308.000    04111989  0.4832757E+001  0.3402107E+001  0.2167852E+001  0.1520253E+002 -0.6372920E+001  0.0000000E+000
 309.000    05111989  0.4817082E+001  0.3405380E+001  0.2161815E+001  0.1523571E+002 -0.6383901E+001  0.0000000E+000
 310.000    06111989  0.4806161E+001  0.3408016E+001  0.2154679E+001  0.1527450E+002 -0.6396945E+001  0.0000000E+000
 311.000    07111989  0.4795714E+001  0.3409049E+001  0.2144804E+001  0.1531947E+002 -0.6415172E+001  0.0000000E+000
 312.000    08111989  0.4785692E+001  0.3407612E+001  0.2131903E+001  0.1537220E+002 -0.6438169E+001  0.0000000E+000
 313.000    09111989  0.4702826E+001  0.3404511E+001  0.2118583E+001  0.1542189E+002 -0.6462030E+001  0.0000000E+000
 314.000    10111989  0.4615259E+001  0.3405903E+001  0.2113513E+001  0.1544484E+002 -0.6473291E+001  0.0000000E+000
 315.000    11111989  0.4535874E+001  0.3409042E+001  0.2109359E+001  0.1546834E+002 -0.6482595E+001  0.0000000E+000
 316.000    12111989  0.4462061E+001  0.3410839E+001  0.2102853E+001  0.1549703E+002 -0.6495486E+001  0.0000000E+000
 317.000    13111989  0.4395327E+001  0.3410910E+001  0.2094491E+001  0.1553176E+002 -0.6511614E+001  0.0000000E+000
 318.000    14111989  0.4340752E+001  0.3409161E+001  0.2083952E+001  0.1557924E+002 -0.6531610E+001  0.0000000E+000
 319.000    15111989  0.4283913E+001  0.3407197E+001  0.2072682E+001  0.1562218E+002 -0.6552687E+001  0.0000000E+000
 320.000    16111989  0.4229236E+001  0.3404195E+001  0.2061796E+001  0.1566150E+002 -0.6573374E+001  0.0000000E+000
 321.000    17111989  0.4167293E+001  0.3406273E+001  0.2058447E+001  0.1567199E+002 -0.6579781E+001  0.0000000E+000
 322.000    18111989  0.4111356E+001  0.3407742E+001  0.2053424E+001  0.1568454E+002 -0.6584957E+001  0.0000000E+000
 323.000    19111989  0.4058536E+001  0.3408783E+001  0.2049174E+001  0.1569573E+002 -0.6590046E+001  0.0000000E+000
 324.000    20111989  0.4015321E+001  0.3409481E+001  0.2044768E+001  0.1571571E+002 -0.6596862E+001  0.0000000E+000
 325.000    21111989  0.3974119E+001  0.3410025E+001  0.2041146E+001  0.1573564E+002 -0.6605486E+001  0.0000000E+000
 326.000    22111989  0.3928921E+001  0.3410248E+001  0.2036124E+001  0.1574371E+002 -0.6609908E+001  0.0000000E+000
 327.000    23111989  0.3886212E+001  0.3409910E+001  0.2033008E+001  0.1575063E+002 -0.6614095E+001  0.0000000E+000
 328.000    24111989  0.3844971E+001  0.3409062E+001  0.2029166E+001  0.1575589E+002 -0.6617673E+001  0.0000000E+000
 329.000    25111989  0.3810528E+001  0.3407753E+001  0.2026264E+001  0.1576626E+002 -0.6621737E+001  0.0000000E+000
 330.000    26111989  0.3786688E+001  0.3406280E+001  0.2022772E+001  0.1579325E+002 -0.6629466E+001  0.0000000E+000
 331.000    27111989  0.3717381E+001  0.3405088E+001  0.2017748E+001  0.1582423E+002 -0.6640794E+001  0.0000000E+000
 332.000    28111989  0.3653952E+001  0.3402449E+001  0.2010667E+001  0.1586207E+002 -0.6656584E+001  0.0000000E+000
 333.000    29111989  0.3581000E+001  0.3399630E+001  0.2005621E+001  0.1587914E+002 -0.6668481E+001  0.0000000E+000
 334.000    30111989  0.3511529E+001  0.3398921E+001  0.1999230E+001  0.1588720E+002 -0.6672922E+001  0.0000000E+000
 335.000    01121989  0.3454186E+001  0.3397783E+001  0.1993946E+001  0.1589804E+002 -0.6677197E+001  0.0000000E+000
 336.000    02121989  0.3401587E+001  0.3396470E+001  0.1990749E+001  0.1591039E+002 -0.6681966E+001  0.0000000E+000
 337.000    03121989  0.3345232E+001  0.3394887E+001  0.1986876E+001  0.1591377E+002 -0.6686402E+001  0.0000000E+000
 338.000    04121989  0.3293068E+001  0.3392664E+001  0.1983933E+001  0.1591668E+002 -0.6689648E+001  0.0000000E+000
 339.000    05121989  0.3248381E+001  0.3390033E+001  0.1981433E+001  0.1592451E+002 -0.6693391E+001  0.0000000E+000
 340.000    06121989  0.3212658E+001  0.3387336E+001  0.1978663E+001  0.1594029E+002 -0.6698278E+001  0.0000000E+000
 341.000    07121989  0.3183036E+001  0.3384989E+001  0.1975719E+001  0.1596251E+002 -0.6705340E+001  0.0000000E+000
 342.000    08121989  0.3138438E+001  0.3382916E+001  0.1970820E+001  0.1596320E+002 -0.6710397E+001  0.0000000E+000
 343.000    09121989  0.3097230E+001  0.3380174E+001  0.1967837E+001  0.1596320E+002 -0.6714640E+001  0.0000000E+000
 344.000    10121989  0.3058751E+001  0.3377094E+001  0.1964775E+001  0.1596320E+002 -0.6718937E+001  0.0000000E+000
 345.000    11121989  0.3022770E+001  0.3373763E+001  0.1961856E+001  0.1596320E+002 -0.6723342E+001  0.0000000E+000
 346.000    12121989  0.2989011E+001  0.3370198E+001  0.1959300E+001  0.1596320E+002 -0.6727871E+001  0.0000000E+000
 347.000    13121989  0.2957356E+001  0.3366373E+001  0.1956744E+001  0.1596320E+002 -0.6732356E+001  0.0000000E+000
 348.000    14121989  0.2926265E+001  0.3362486E+001  0.1954099E+001  0.1596320E+002 -0.6736946E+001  0.0000000E+000
 349.000    15121989  0.2866821E+001  0.3358521E+001  0.1951533E+001  0.1596320E+002 -0.6741562E+001  0.0000000E+000
 350.000    16121989  0.2811160E+001  0.3354485E+001  0.1949097E+001  0.1596320E+002 -0.6746106E+001  0.0000000E+000
 351.000    17121989  0.2759423E+001  0.3350213E+001  0.1946794E+001  0.1596320E+002 -0.6750207E+001  0.0000000E+000
 352.000    18121989  0.2711078E+001  0.3345824E+001  0.1944480E+001  0.1596320E+002 -0.6754280E+001  0.0000000E+000
 353.000    19121989  0.2670641E+001  0.3341430E+001  0.1941974E+001  0.1596320E+002 -0.6758432E+001  0.0000000E+000
 354.000    20121989  0.2632507E+001  0.3337046E+001  0.1939409E+001  0.1596320E+002 -0.6762716E+001  0.0000000E+000
 355.000    21121989  0.2596919E+001  0.3332619E+001  0.1937087E+001  0.1596320E+002 -0.6766875E+001  0.0000000E+000
 356.000    22121989  0.2563612E+001  0.3328163E+001  0.1934912E+001  0.1596320E+002 -0.6770962E+001  0.0000000E+000
 357.000    23121989  0.2532784E+001  0.3323536E+001  0.1933178E+001  0.1596320E+002 -0.6774662E+001  0.0000000E+000
 358.000    24121989  0.2503624E+001  0.3318848E+001  0.1931211E+001  0.1596320E+002 -0.6778347E+001  0.0000000E+000
 359.000    25121989  0.2476352E+001  0.3314103E+001  0.1929416E+001  0.1596320E+002 -0.6781938E+001  0.0000000E+000
 360.000    26121989  0.2450145E+001  0.3309375E+001  0.1927120E+001  0.1596320E+002 -0.6785868E+001  0.0000000E+000
 361.000    27121989  0.2425491E+001  0.3304685E+001  0.1924926E+001  0.1596320E+002 -0.6789907E+001  0.0000000E+000
 362.000    28121989  0.2402095E+001  0.3300033E+001  0.1922618E+001  0.1596320E+002 -0.6794050E+001  0.0000000E+000
 363.000    29121989  0.2380006E+001  0.3295440E+001  0.1920455E+001  0.1596320E+002 -0.6798316E+001  0.0000000E+000
 364.000    30121989  0.2359097E+001  0.3290898E+001  0.1918425E+001  0.1596320E+002 -0.6802691E+001  0.0000000E+000
 365.000    31121989  0.2339330E+001  0.3286342E+001  0.1916395E+001  0.1596320E+002 -0.6807017E+001  0.0000000E+000
