    DOY     DATE    RESIDUE_C       HUMUS_C         ATM_CO2         NBP             ECO_LAI         ECO_GPP         ECO_RA          ECO_NPP         ECO_RH          
  30.000    30011942  0.1899619E+004  0.8462706E+004  0.3406120E+003 -0.7294461E+002  0.2028271E-003  0.0000000E+000 -0.3852632E+002 -0.3852632E+002 -0.3976345E+002
  60.000    01031942  0.1897329E+004  0.8467649E+004  0.3406120E+003 -0.1575269E+003  0.7959376E+000  0.1280432E+002 -0.8743530E+002 -0.7463098E+002 -0.9421937E+002
  90.000    31031942  0.1851105E+004  0.8472426E+004  0.3406120E+003 -0.1449713E+003  0.3046223E+001  0.1640447E+003 -0.1699322E+003 -0.5887476E+001 -0.1531036E+003
 120.000    30041942  0.1788576E+004  0.8477162E+004  0.3406120E+003  0.1195138E+002  0.6272400E+001  0.5451996E+003 -0.3296312E+003  0.2155683E+003 -0.2222988E+003
 150.000    30051942  0.1706133E+004  0.8478679E+004  0.3406120E+003  0.2001112E+003  0.8394270E+001  0.1044571E+004 -0.5581711E+003  0.4863995E+003 -0.3173524E+003
 180.000    29061942  0.1633148E+004  0.8476992E+004  0.3406120E+003  0.3332563E+003  0.9208991E+001  0.1558212E+004 -0.8468646E+003  0.7113479E+003 -0.4047667E+003
 210.000    29071942  0.1582317E+004  0.8469566E+004  0.3406120E+003  0.3548192E+003  0.8689836E+001  0.1997870E+004 -0.1161995E+004  0.8358744E+003 -0.4885626E+003
 240.000    28081942  0.1639953E+004  0.8459550E+004  0.3406120E+003  0.3987329E+003  0.3765686E+001  0.2421434E+004 -0.1450590E+004  0.9708436E+003 -0.5786151E+003
 270.000    27091942  0.1664200E+004  0.8451303E+004  0.3406120E+003  0.3353918E+003  0.6387597E+000  0.2623997E+004 -0.1635540E+004  0.9884573E+003 -0.6507601E+003
 300.000    27101942  0.1649703E+004  0.8443867E+004  0.3406120E+003  0.1771957E+003  0.7090455E-001  0.2654698E+004 -0.1744861E+004  0.9098366E+003 -0.7394366E+003
 330.000    26111942  0.1861146E+004  0.8445449E+004  0.3406120E+003  0.6267250E+002  0.6613705E-002  0.2657093E+004 -0.1810179E+004  0.8469139E+003 -0.8073766E+003
 360.000    26121942  0.1992121E+004  0.8449840E+004  0.3406120E+003 -0.3653970E+002  0.7797620E-003  0.2657093E+004 -0.1857751E+004  0.7993426E+003 -0.8644045E+003
