    DOY     DATE    PRECN           ET              WATER           DISCHG          SNOWPACK        WTR_1           WTR_2           WTR_3           WTR_4           WTR_5           WTR_6           ICE_2           ICE_3           ICE_4           ICE_5           ICE_6           ICE_7           PSI_3           PSI_4           PSI_5           PSI_6           PSI_7           PSI_8           ACTV_LYR        
  30.000    30011944  0.1103100E+003  0.1849401E+002  0.8320576E+003  0.2113797E+002  0.0000000E+000  0.3410974E+000  0.3356928E+000  0.3403724E+000  0.2717183E+000  0.2657105E+000  0.3558760E+000  0.9801243E-012  0.9372614E-012  0.0000000E+000  0.0000000E+000  0.0000000E+000  0.0000000E+000 -0.7270098E-002 -0.6410206E-002 -0.4390045E-002 -0.2608885E-002 -0.2617417E-002 -0.3716027E-002 -0.9999000E+004
  60.000    29021944  0.1694900E+003  0.3443473E+002  0.8142159E+003  0.8263134E+002  0.0000000E+000  0.3157546E+000  0.3455691E+000  0.3428117E+000  0.2759126E+000  0.2712902E+000  0.3573370E+000  0.9801243E-012  0.9372614E-012  0.0000000E+000  0.0000000E+000  0.0000000E+000  0.0000000E+000 -0.7476952E-002 -0.5930175E-002 -0.3973155E-002 -0.2524668E-002 -0.2545172E-002 -0.3226108E-002 -0.9999000E+004
  90.000    30031944  0.3240500E+003  0.6288089E+002  0.8584733E+003  0.1651135E+003  0.0000000E+000  0.3463983E+000  0.3484155E+000  0.3645983E+000  0.2979748E+000  0.2741902E+000  0.3576633E+000  0.9801243E-012  0.9372614E-012  0.0000000E+000  0.0000000E+000  0.0000000E+000  0.0000000E+000 -0.5053827E-002 -0.4094345E-002 -0.3836883E-002 -0.2506441E-002 -0.2505993E-002 -0.2702897E-002 -0.9999000E+004
 120.000    29041944  0.3893800E+003  0.1467937E+003  0.7629174E+003  0.2420865E+003  0.0000000E+000  0.2738416E+000  0.2738799E+000  0.2731370E+000  0.2146692E+000  0.2163573E+000  0.3407520E+000  0.9801243E-012  0.9372614E-012  0.0000000E+000  0.0000000E+000  0.0000000E+000  0.0000000E+000 -0.2538681E-001 -0.2079270E-001 -0.1225780E-001 -0.3698222E-002 -0.2902476E-002 -0.4353545E-002 -0.9999000E+004
 150.000    29051944  0.4904300E+003  0.2704555E+003  0.7098639E+003  0.2725283E+003  0.0000000E+000  0.2685275E+000  0.2769976E+000  0.2802509E+000  0.2287180E+000  0.1995826E+000  0.3058968E+000  0.9801243E-012  0.9372614E-012  0.0000000E+000  0.0000000E+000  0.0000000E+000  0.0000000E+000 -0.2129681E-001 -0.1468754E-001 -0.1997445E-001 -0.8826106E-002 -0.4898277E-002 -0.6807866E-002 -0.9999000E+004
 180.000    28061944  0.6417300E+003  0.4197895E+003  0.6969754E+003  0.2873827E+003  0.0000000E+000  0.2984183E+000  0.3365915E+000  0.3346158E+000  0.2713400E+000  0.2787885E+000  0.2760685E+000  0.9801243E-012  0.9372614E-012  0.0000000E+000  0.0000000E+000  0.0000000E+000  0.0000000E+000 -0.8702404E-002 -0.6291241E-002 -0.3457596E-002 -0.2163856E-001 -0.8427355E-002 -0.1079124E-001 -0.9999000E+004
 210.000    28071944  0.7429700E+003  0.5889815E+003  0.6205184E+003  0.2958877E+003  0.0000000E+000  0.1643826E+000  0.1670528E+000  0.1797559E+000  0.1635736E+000  0.1761897E+000  0.2693716E+000  0.9801243E-012  0.9372614E-012  0.0000000E+000  0.0000000E+000  0.0000000E+000  0.0000000E+000 -0.1780750E+000 -0.8401200E-001 -0.4208121E-001 -0.2686647E-001 -0.1056066E-001 -0.1316200E-001 -0.9999000E+004
 240.000    27081944  0.7942900E+003  0.7340169E+003  0.5216336E+003  0.3010571E+003  0.0000000E+000  0.1185843E+000  0.1154987E+000  0.1204225E+000  0.1036563E+000  0.1088680E+000  0.2131400E+000  0.9801243E-012  0.9372614E-012  0.0000000E+000  0.0000000E+000  0.0000000E+000  0.0000000E+000 -0.1229335E+001 -0.8868130E+000 -0.7621888E+000 -0.2129701E+000 -0.4447689E-001 -0.5678668E-001 -0.9999000E+004
 270.000    26091944  0.8712600E+003  0.8496051E+003  0.4822019E+003  0.3018706E+003  0.0000000E+000  0.1424875E+000  0.1406096E+000  0.1538276E+000  0.1132641E+000  0.1134873E+000  0.1932448E+000  0.9801243E-012  0.9372614E-012  0.0000000E+000  0.0000000E+000  0.0000000E+000  0.0000000E+000 -0.3717539E+000 -0.5649736E+000 -0.5969972E+000 -0.5097545E+000 -0.1763410E+000 -0.2272774E+000 -0.9999000E+004
 300.000    26101944  0.9746800E+003  0.8967590E+003  0.5384680E+003  0.3018706E+003  0.0000000E+000  0.2839933E+000  0.2975583E+000  0.2978346E+000  0.2302839E+000  0.1519271E+000  0.2128190E+000  0.9801243E-012  0.9372614E-012  0.0000000E+000  0.0000000E+000  0.0000000E+000  0.0000000E+000 -0.1601376E-001 -0.1448425E-001 -0.1032374E+000 -0.2171154E+000 -0.1420684E+000 -0.1612748E+000 -0.9999000E+004
 330.000    25111944  0.1055130E+004  0.9230405E+003  0.5926365E+003  0.3018706E+003  0.0000000E+000  0.3608270E+000  0.3570600E+000  0.3652093E+000  0.3088643E+000  0.2592114E+000  0.2263461E+000  0.9801243E-012  0.9372614E-012  0.0000000E+000  0.0000000E+000  0.0000000E+000  0.0000000E+000 -0.4696288E-002 -0.3426899E-002 -0.5032855E-002 -0.1257433E+000 -0.1064142E+000 -0.1125905E+000 -0.9999000E+004
 360.000    25121944  0.1082570E+004  0.9471320E+003  0.5946320E+003  0.3018706E+003  0.0000000E+000  0.3374502E+000  0.3366196E+000  0.3409123E+000  0.2726078E+000  0.2623163E+000  0.2434357E+000  0.9793106E-012  0.9372614E-012  0.0000000E+000  0.0000000E+000  0.0000000E+000  0.0000000E+000 -0.7614538E-002 -0.6277706E-002 -0.4681793E-002 -0.6597052E-001 -0.8462509E-001 -0.8590299E-001 -0.9999000E+004
