    DOY     DATE    SHOOT_C         ROOT_C          LAI             GPP             AUTO_RESP       HVST_C          
   1.000    01012003  0.4074895E+001  0.4605282E+001  0.3212832E+001  0.6321338E-001 -0.3349381E-001  0.0000000E+000
   2.000    02012003  0.4067186E+001  0.4603987E+001  0.3206440E+001  0.1038409E+000 -0.5281600E-001  0.0000000E+000
   3.000    03012003  0.4063641E+001  0.4605058E+001  0.3201054E+001  0.1439478E+000 -0.6819029E-001  0.0000000E+000
   4.000    04012003  0.4051477E+001  0.4608490E+001  0.3193576E+001  0.1658564E+000 -0.7542705E-001  0.0000000E+000
   5.000    05012003  0.4036505E+001  0.4611534E+001  0.3185854E+001  0.1846859E+000 -0.8244698E-001  0.0000000E+000
   6.000    06012003  0.4030509E+001  0.4614093E+001  0.3182489E+001  0.2053612E+000 -0.8973496E-001  0.0000000E+000
   7.000    07012003  0.4022099E+001  0.4616141E+001  0.3179331E+001  0.2209569E+000 -0.9564663E-001  0.0000000E+000
   8.000    08012003  0.4027795E+001  0.4618335E+001  0.3179067E+001  0.2573125E+000 -0.1078226E+000  0.0000000E+000
   9.000    09012003  0.4031892E+001  0.4617450E+001  0.3177986E+001  0.2993326E+000 -0.1293181E+000  0.0000000E+000
  10.000    10012003  0.4040435E+001  0.4617102E+001  0.3176201E+001  0.3379912E+000 -0.1451912E+000  0.0000000E+000
  11.000    11012003  0.4036493E+001  0.4619061E+001  0.3169169E+001  0.3572092E+000 -0.1518641E+000  0.0000000E+000
  12.000    12012003  0.4027489E+001  0.4620849E+001  0.3164980E+001  0.3700066E+000 -0.1573114E+000  0.0000000E+000
  13.000    13012003  0.4023890E+001  0.4621877E+001  0.3162160E+001  0.3881746E+000 -0.1635570E+000  0.0000000E+000
  14.000    14012003  0.4023147E+001  0.4623243E+001  0.3158861E+001  0.4110860E+000 -0.1706830E+000  0.0000000E+000
  15.000    15012003  0.4017612E+001  0.4624454E+001  0.3153613E+001  0.4265909E+000 -0.1763566E+000  0.0000000E+000
  16.000    16012003  0.4011838E+001  0.4624479E+001  0.3149456E+001  0.4400881E+000 -0.1815715E+000  0.0000000E+000
  17.000    17012003  0.3994303E+001  0.4623817E+001  0.3144875E+001  0.4407567E+000 -0.1865386E+000  0.0000000E+000
  18.000    18012003  0.3977113E+001  0.4623021E+001  0.3140319E+001  0.4407567E+000 -0.1913175E+000  0.0000000E+000
  19.000    19012003  0.3961071E+001  0.4621149E+001  0.3136058E+001  0.4407567E+000 -0.1962686E+000  0.0000000E+000
  20.000    20012003  0.3975069E+001  0.4619526E+001  0.3131978E+001  0.4795862E+000 -0.2065240E+000  0.0000000E+000
  21.000    21012003  0.3968268E+001  0.4618182E+001  0.3126664E+001  0.4892445E+000 -0.2118430E+000  0.0000000E+000
  22.000    22012003  0.3966750E+001  0.4615884E+001  0.3122664E+001  0.5035032E+000 -0.2171969E+000  0.0000000E+000
  23.000    23012003  0.3952016E+001  0.4614123E+001  0.3118719E+001  0.5035032E+000 -0.2217691E+000  0.0000000E+000
  24.000    24012003  0.3941085E+001  0.4611597E+001  0.3115161E+001  0.5035032E+000 -0.2263858E+000  0.0000000E+000
  25.000    25012003  0.3930495E+001  0.4608397E+001  0.3111504E+001  0.5035032E+000 -0.2312398E+000  0.0000000E+000
  26.000    26012003  0.3919973E+001  0.4604617E+001  0.3107746E+001  0.5035032E+000 -0.2363733E+000  0.0000000E+000
  27.000    27012003  0.3910301E+001  0.4600347E+001  0.3104056E+001  0.5035032E+000 -0.2412586E+000  0.0000000E+000
  28.000    28012003  0.3901280E+001  0.4595688E+001  0.3100699E+001  0.5035032E+000 -0.2461258E+000  0.0000000E+000
  29.000    29012003  0.3891925E+001  0.4590645E+001  0.3097040E+001  0.5035032E+000 -0.2514817E+000  0.0000000E+000
  30.000    30012003  0.3882906E+001  0.4585249E+001  0.3093356E+001  0.5035032E+000 -0.2568951E+000  0.0000000E+000
  31.000    31012003  0.3886670E+001  0.4580155E+001  0.3089930E+001  0.5164608E+000 -0.2623641E+000  0.0000000E+000
  32.000    01022003  0.3899331E+001  0.4576046E+001  0.3085971E+001  0.5435142E+000 -0.2702270E+000  0.0000000E+000
  33.000    02022003  0.3910469E+001  0.4572865E+001  0.3082086E+001  0.5718324E+000 -0.2791296E+000  0.0000000E+000
  34.000    03022003  0.3928489E+001  0.4570486E+001  0.3076120E+001  0.6161622E+000 -0.2927643E+000  0.0000000E+000
  35.000    04022003  0.3948897E+001  0.4568086E+001  0.3068794E+001  0.6681812E+000 -0.3100593E+000  0.0000000E+000
  36.000    05022003  0.3961414E+001  0.4566880E+001  0.3063039E+001  0.6965866E+000 -0.3184714E+000  0.0000000E+000
  37.000    06022003  0.3966433E+001  0.4566068E+001  0.3055343E+001  0.7158296E+000 -0.3243970E+000  0.0000000E+000
  38.000    07022003  0.3971404E+001  0.4565549E+001  0.3052327E+001  0.7364318E+000 -0.3311662E+000  0.0000000E+000
  39.000    08022003  0.3975622E+001  0.4565279E+001  0.3048025E+001  0.7553599E+000 -0.3369520E+000  0.0000000E+000
  40.000    09022003  0.3983028E+001  0.4565151E+001  0.3044346E+001  0.7791726E+000 -0.3435534E+000  0.0000000E+000
  41.000    10022003  0.3987929E+001  0.4565438E+001  0.3042235E+001  0.8009907E+000 -0.3505619E+000  0.0000000E+000
  42.000    11022003  0.3997551E+001  0.4565929E+001  0.3038594E+001  0.8312698E+000 -0.3594508E+000  0.0000000E+000
  43.000    12022003  0.4013800E+001  0.4566738E+001  0.3035190E+001  0.8693502E+000 -0.3690254E+000  0.0000000E+000
  44.000    13022003  0.4021492E+001  0.4567831E+001  0.3029963E+001  0.8979807E+000 -0.3777184E+000  0.0000000E+000
  45.000    14022003  0.4029357E+001  0.4568842E+001  0.3026021E+001  0.9261283E+000 -0.3862834E+000  0.0000000E+000
  46.000    15022003  0.4026593E+001  0.4569457E+001  0.3022555E+001  0.9450207E+000 -0.3970868E+000  0.0000000E+000
  47.000    16022003  0.4016109E+001  0.4569125E+001  0.3016482E+001  0.9481682E+000 -0.4019790E+000  0.0000000E+000
  48.000    17022003  0.4008579E+001  0.4566420E+001  0.3012896E+001  0.9521086E+000 -0.4063742E+000  0.0000000E+000
  49.000    18022003  0.4021239E+001  0.4564929E+001  0.3009045E+001  0.9806503E+000 -0.4132317E+000  0.0000000E+000
  50.000    19022003  0.4031349E+001  0.4564675E+001  0.3006433E+001  0.1011337E+001 -0.4223751E+000  0.0000000E+000
  51.000    20022003  0.4040048E+001  0.4564394E+001  0.3002840E+001  0.1045573E+001 -0.4346587E+000  0.0000000E+000
  52.000    21022003  0.4051362E+001  0.4563926E+001  0.3000229E+001  0.1078064E+001 -0.4449114E+000  0.0000000E+000
  53.000    22022003  0.4059520E+001  0.4563044E+001  0.2998725E+001  0.1114349E+001 -0.4609460E+000  0.0000000E+000
  54.000    23022003  0.4083034E+001  0.4560799E+001  0.2998596E+001  0.1161525E+001 -0.4765977E+000  0.0000000E+000
  55.000    24022003  0.4101458E+001  0.4558791E+001  0.2995041E+001  0.1202990E+001 -0.4905315E+000  0.0000000E+000
  56.000    25022003  0.4115269E+001  0.4556186E+001  0.2993613E+001  0.1237170E+001 -0.5044636E+000  0.0000000E+000
  57.000    26022003  0.4111875E+001  0.4554957E+001  0.2987785E+001  0.1245985E+001 -0.5101305E+000  0.0000000E+000
  58.000    27022003  0.4100018E+001  0.4553296E+001  0.2982072E+001  0.1245985E+001 -0.5155212E+000  0.0000000E+000
  59.000    28022003  0.4089013E+001  0.4550907E+001  0.2979555E+001  0.1245985E+001 -0.5211152E+000  0.0000000E+000
  60.000    01032003  0.4078759E+001  0.4547959E+001  0.2977363E+001  0.1245985E+001 -0.5268779E+000  0.0000000E+000
  61.000    02032003  0.4081014E+001  0.4543228E+001  0.2976747E+001  0.1268385E+001 -0.5412848E+000  0.0000000E+000
  62.000    03032003  0.4106286E+001  0.4539866E+001  0.2973431E+001  0.1310122E+001 -0.5524682E+000  0.0000000E+000
  63.000    04032003  0.4115062E+001  0.4537430E+001  0.2969805E+001  0.1343385E+001 -0.5666060E+000  0.0000000E+000
  64.000    05032003  0.4135251E+001  0.4530293E+001  0.2963199E+001  0.1404191E+001 -0.5957506E+000  0.0000000E+000
  65.000    06032003  0.4153602E+001  0.4519620E+001  0.2955170E+001  0.1467191E+001 -0.6309603E+000  0.0000000E+000
  66.000    07032003  0.4154904E+001  0.4518919E+001  0.2951109E+001  0.1483187E+001 -0.6398060E+000  0.0000000E+000
  67.000    08032003  0.4170953E+001  0.4519141E+001  0.2944873E+001  0.1525999E+001 -0.6543916E+000  0.0000000E+000
  68.000    09032003  0.4203237E+001  0.4514749E+001  0.2943754E+001  0.1592032E+001 -0.6812674E+000  0.0000000E+000
  69.000    10032003  0.4225298E+001  0.4514379E+001  0.2942446E+001  0.1636691E+001 -0.6970060E+000  0.0000000E+000
  70.000    11032003  0.4239378E+001  0.4517418E+001  0.2939233E+001  0.1670454E+001 -0.7066822E+000  0.0000000E+000
  71.000    12032003  0.4256629E+001  0.4518530E+001  0.2934590E+001  0.1722677E+001 -0.7273057E+000  0.0000000E+000
  72.000    13032003  0.4269252E+001  0.4513277E+001  0.2925450E+001  0.1787499E+001 -0.7634497E+000  0.0000000E+000
  73.000    14032003  0.4290994E+001  0.4510771E+001  0.2919802E+001  0.1840302E+001 -0.7850381E+000  0.0000000E+000
  74.000    15032003  0.4302231E+001  0.4513858E+001  0.2916266E+001  0.1874633E+001 -0.7971842E+000  0.0000000E+000
  75.000    16032003  0.4317916E+001  0.4513665E+001  0.2909155E+001  0.1929892E+001 -0.8222304E+000  0.0000000E+000
  76.000    17032003  0.4329767E+001  0.4510444E+001  0.2899045E+001  0.1989921E+001 -0.8545143E+000  0.0000000E+000
  77.000    18032003  0.4333368E+001  0.4505700E+001  0.2886366E+001  0.2041879E+001 -0.8868212E+000  0.0000000E+000
  78.000    19032003  0.4328614E+001  0.4502737E+001  0.2877595E+001  0.2069103E+001 -0.9084141E+000  0.0000000E+000
  79.000    20032003  0.4335079E+001  0.4503587E+001  0.2872063E+001  0.2097774E+001 -0.9211821E+000  0.0000000E+000
  80.000    21032003  0.4358942E+001  0.4502914E+001  0.2860168E+001  0.2163262E+001 -0.9460478E+000  0.0000000E+000
  81.000    22032003  0.4382244E+001  0.4500695E+001  0.2848216E+001  0.2229679E+001 -0.9736786E+000  0.0000000E+000
  82.000    23032003  0.4401111E+001  0.4499414E+001  0.2837667E+001  0.2290192E+001 -0.1000021E+001  0.0000000E+000
  83.000    24032003  0.4429868E+001  0.4498854E+001  0.2827539E+001  0.2359916E+001 -0.1025749E+001  0.0000000E+000
  84.000    25032003  0.4449959E+001  0.4498727E+001  0.2817024E+001  0.2426348E+001 -0.1054577E+001  0.0000000E+000
  85.000    26032003  0.4475112E+001  0.4496510E+001  0.2805207E+001  0.2500188E+001 -0.1085976E+001  0.0000000E+000
  86.000    27032003  0.4506784E+001  0.4497415E+001  0.2795677E+001  0.2571444E+001 -0.1110048E+001  0.0000000E+000
  87.000    28032003  0.4527505E+001  0.4498338E+001  0.2782670E+001  0.2642676E+001 -0.1140415E+001  0.0000000E+000
  88.000    29032003  0.4546035E+001  0.4493823E+001  0.2765722E+001  0.2721777E+001 -0.1180555E+001  0.0000000E+000
  89.000    30032003  0.4548562E+001  0.4493938E+001  0.2761263E+001  0.2743555E+001 -0.1192372E+001  0.0000000E+000
  90.000    31032003  0.4567776E+001  0.4495901E+001  0.2756162E+001  0.2781722E+001 -0.1201669E+001  0.0000000E+000
  91.000    01042003  0.4587161E+001  0.4498277E+001  0.2748227E+001  0.2834028E+001 -0.1219738E+001  0.0000000E+000
  92.000    02042003  0.4615371E+001  0.4496946E+001  0.2735371E+001  0.2909928E+001 -0.1249620E+001  0.0000000E+000
  93.000    03042003  0.4647439E+001  0.4494827E+001  0.2720133E+001  0.2995449E+001 -0.1283493E+001  0.0000000E+000
  94.000    04042003  0.4668210E+001  0.4491995E+001  0.2703558E+001  0.3069730E+001 -0.1317800E+001  0.0000000E+000
  95.000    05042003  0.4703500E+001  0.4489318E+001  0.2687419E+001  0.3155714E+001 -0.1350000E+001  0.0000000E+000
  96.000    06042003  0.4738845E+001  0.4489815E+001  0.2676749E+001  0.3231861E+001 -0.1375072E+001  0.0000000E+000
  97.000    07042003  0.4747897E+001  0.4492734E+001  0.2673298E+001  0.3261002E+001 -0.1385314E+001  0.0000000E+000
  98.000    08042003  0.4757868E+001  0.4495979E+001  0.2669686E+001  0.3292006E+001 -0.1395484E+001  0.0000000E+000
  99.000    09042003  0.4768560E+001  0.4499092E+001  0.2666067E+001  0.3323944E+001 -0.1405877E+001  0.0000000E+000
 100.000    10042003  0.4780881E+001  0.4502382E+001  0.2662219E+001  0.3359110E+001 -0.1417518E+001  0.0000000E+000
 101.000    11042003  0.4797692E+001  0.4505941E+001  0.2658357E+001  0.3401723E+001 -0.1431144E+001  0.0000000E+000
 102.000    12042003  0.4822827E+001  0.4507552E+001  0.2650396E+001  0.3468627E+001 -0.1456421E+001  0.0000000E+000
 103.000    13042003  0.4851480E+001  0.4507979E+001  0.2641501E+001  0.3538171E+001 -0.1481123E+001  0.0000000E+000
 104.000    14042003  0.4876840E+001  0.4508036E+001  0.2629776E+001  0.3610265E+001 -0.1510231E+001  0.0000000E+000
 105.000    15042003  0.4908640E+001  0.4505122E+001  0.2614965E+001  0.3696816E+001 -0.1546321E+001  0.0000000E+000
 106.000    16042003  0.4946397E+001  0.4500668E+001  0.2600823E+001  0.3789106E+001 -0.1583715E+001  0.0000000E+000
 107.000    17042003  0.4981710E+001  0.4497052E+001  0.2586808E+001  0.3873275E+001 -0.1616433E+001  0.0000000E+000
 108.000    18042003  0.4998739E+001  0.4498385E+001  0.2581232E+001  0.3914835E+001 -0.1631193E+001  0.0000000E+000
 109.000    19042003  0.5022579E+001  0.4500367E+001  0.2574987E+001  0.3968319E+001 -0.1648606E+001  0.0000000E+000
 110.000    20042003  0.5064104E+001  0.4502054E+001  0.2565713E+001  0.4050784E+001 -0.1673384E+001  0.0000000E+000
 111.000    21042003  0.4642311E+001  0.4502531E+001  0.2553441E+001  0.4126275E+001 -0.1704001E+001  0.0000000E+000
 112.000    22042003  0.4670163E+001  0.4501107E+001  0.2549802E+001  0.4200108E+001 -0.1735869E+001  0.0000000E+000
 113.000    23042003  0.4704555E+001  0.4502680E+001  0.2549017E+001  0.4265758E+001 -0.1755472E+001  0.0000000E+000
 114.000    24042003  0.4732001E+001  0.4504840E+001  0.2549076E+001  0.4328634E+001 -0.1777682E+001  0.0000000E+000
 115.000    25042003  0.4759902E+001  0.4505996E+001  0.2549105E+001  0.4395792E+001 -0.1803819E+001  0.0000000E+000
 116.000    26042003  0.4791038E+001  0.4505355E+001  0.2548552E+001  0.4471447E+001 -0.1835019E+001  0.0000000E+000
 117.000    27042003  0.4821216E+001  0.4504061E+001  0.2545811E+001  0.4547178E+001 -0.1866124E+001  0.0000000E+000
 118.000    28042003  0.4855170E+001  0.4502950E+001  0.2541017E+001  0.4629977E+001 -0.1899365E+001  0.0000000E+000
 119.000    29042003  0.4897604E+001  0.4499469E+001  0.2536807E+001  0.4728310E+001 -0.1939318E+001  0.0000000E+000
 120.000    30042003  0.4921878E+001  0.4495508E+001  0.2529811E+001  0.4806601E+001 -0.1978406E+001  0.0000000E+000
 121.000    01052003  0.4963392E+001  0.4490224E+001  0.2523164E+001  0.4898627E+001 -0.2015912E+001  0.0000000E+000
 122.000    02052003  0.5026732E+001  0.4487021E+001  0.2516440E+001  0.5017577E+001 -0.2056153E+001  0.0000000E+000
 123.000    03052003  0.5069225E+001  0.4485060E+001  0.2512095E+001  0.5104795E+001 -0.2088351E+001  0.0000000E+000
 124.000    04052003  0.5109398E+001  0.4485135E+001  0.2512325E+001  0.5178357E+001 -0.2110943E+001  0.0000000E+000
 125.000    05052003  0.5131671E+001  0.4487157E+001  0.2511660E+001  0.5230567E+001 -0.2129779E+001  0.0000000E+000
 126.000    06052003  0.5168850E+001  0.4486471E+001  0.2512314E+001  0.5318381E+001 -0.2165097E+001  0.0000000E+000
 127.000    07052003  0.5199358E+001  0.4482932E+001  0.2509464E+001  0.5407142E+001 -0.2207704E+001  0.0000000E+000
 128.000    08052003  0.5262583E+001  0.4475536E+001  0.2503711E+001  0.5534818E+001 -0.2256171E+001  0.0000000E+000
 129.000    09052003  0.4156541E+001  0.4468554E+001  0.2496067E+001  0.5658860E+001 -0.2306753E+001  0.0000000E+000
 130.000    10052003  0.4214650E+001  0.4459305E+001  0.2520582E+001  0.5784433E+001 -0.2358936E+001  0.0000000E+000
 131.000    11052003  0.4253852E+001  0.4451291E+001  0.2535856E+001  0.5879260E+001 -0.2402489E+001  0.0000000E+000
 132.000    12052003  0.4313498E+001  0.4446082E+001  0.2548683E+001  0.5983852E+001 -0.2436010E+001  0.0000000E+000
 133.000    13052003  0.4374863E+001  0.4444916E+001  0.2560968E+001  0.6087054E+001 -0.2465616E+001  0.0000000E+000
 134.000    14052003  0.4432613E+001  0.4446111E+001  0.2575796E+001  0.6192402E+001 -0.2498136E+001  0.0000000E+000
 135.000    15052003  0.4463930E+001  0.4446458E+001  0.2588007E+001  0.6270007E+001 -0.2530156E+001  0.0000000E+000
 136.000    16052003  0.4508741E+001  0.4445302E+001  0.2611821E+001  0.6368048E+001 -0.2568201E+001  0.0000000E+000
 137.000    17052003  0.4534166E+001  0.4443673E+001  0.2622501E+001  0.6431264E+001 -0.2595490E+001  0.0000000E+000
 138.000    18052003  0.4554182E+001  0.4443216E+001  0.2629299E+001  0.6482499E+001 -0.2616828E+001  0.0000000E+000
 139.000    19052003  0.4577064E+001  0.4442419E+001  0.2638083E+001  0.6539242E+001 -0.2640057E+001  0.0000000E+000
 140.000    20052003  0.4618038E+001  0.4440183E+001  0.2652007E+001  0.6625662E+001 -0.2672813E+001  0.0000000E+000
 141.000    21052003  0.4655237E+001  0.4437718E+001  0.2663167E+001  0.6706445E+001 -0.2704995E+001  0.0000000E+000
 142.000    22052003  0.4687174E+001  0.4434681E+001  0.2672184E+001  0.6775026E+001 -0.2731612E+001  0.0000000E+000
 143.000    23052003  0.4731348E+001  0.4432711E+001  0.2687519E+001  0.6859815E+001 -0.2761486E+001  0.0000000E+000
 144.000    24052003  0.4783065E+001  0.4430269E+001  0.2704383E+001  0.6958862E+001 -0.2796271E+001  0.0000000E+000
 145.000    25052003  0.4821513E+001  0.4427083E+001  0.2723739E+001  0.7049339E+001 -0.2836074E+001  0.0000000E+000
 146.000    26052003  0.4872074E+001  0.4422861E+001  0.2742307E+001  0.7153188E+001 -0.2878048E+001  0.0000000E+000
 147.000    27052003  0.3947742E+001  0.4420186E+001  0.2759871E+001  0.7240815E+001 -0.2908676E+001  0.0000000E+000
 148.000    28052003  0.3987119E+001  0.4419544E+001  0.2788628E+001  0.7323316E+001 -0.2940370E+001  0.0000000E+000
 149.000    29052003  0.4033070E+001  0.4418294E+001  0.2812592E+001  0.7410705E+001 -0.2971085E+001  0.0000000E+000
 150.000    30052003  0.4084635E+001  0.4417520E+001  0.2841090E+001  0.7510479E+001 -0.3006875E+001  0.0000000E+000
 151.000    31052003  0.4143084E+001  0.4417412E+001  0.2865455E+001  0.7616251E+001 -0.3042105E+001  0.0000000E+000
 152.000    01062003  0.4199222E+001  0.4418082E+001  0.2887296E+001  0.7716742E+001 -0.3073804E+001  0.0000000E+000
 153.000    02062003  0.4245040E+001  0.4421096E+001  0.2913679E+001  0.7808475E+001 -0.3104968E+001  0.0000000E+000
 154.000    03062003  0.4278158E+001  0.4423220E+001  0.2947936E+001  0.7893383E+001 -0.3142404E+001  0.0000000E+000
 155.000    04062003  0.4336905E+001  0.4420500E+001  0.2987361E+001  0.8014178E+001 -0.3191675E+001  0.0000000E+000
 156.000    05062003  0.4410233E+001  0.4418023E+001  0.3015865E+001  0.8139509E+001 -0.3231916E+001  0.0000000E+000
 157.000    06062003  0.4473435E+001  0.4419203E+001  0.3051842E+001  0.8258135E+001 -0.3273408E+001  0.0000000E+000
 158.000    07062003  0.4508153E+001  0.4416110E+001  0.3085225E+001  0.8352974E+001 -0.3321666E+001  0.0000000E+000
 159.000    08062003  0.4566032E+001  0.4409841E+001  0.3119155E+001  0.8476193E+001 -0.3375871E+001  0.0000000E+000
 160.000    09062003  0.4637049E+001  0.4406300E+001  0.3145720E+001  0.8604115E+001 -0.3422369E+001  0.0000000E+000
 161.000    10062003  0.4705254E+001  0.4404490E+001  0.3179828E+001  0.8730252E+001 -0.3468354E+001  0.0000000E+000
 162.000    11062003  0.4775422E+001  0.4403319E+001  0.3218246E+001  0.8866714E+001 -0.3521706E+001  0.0000000E+000
 163.000    12062003  0.4832618E+001  0.4399415E+001  0.3254777E+001  0.8988893E+001 -0.3575153E+001  0.0000000E+000
 164.000    13062003  0.4901263E+001  0.4396262E+001  0.3290768E+001  0.9122668E+001 -0.3629151E+001  0.0000000E+000
 165.000    14062003  0.4042356E+001  0.4390953E+001  0.3322280E+001  0.9259009E+001 -0.3684572E+001  0.0000000E+000
 166.000    15062003  0.4110771E+001  0.4388185E+001  0.3363192E+001  0.9391012E+001 -0.3737019E+001  0.0000000E+000
 167.000    16062003  0.4155507E+001  0.4385706E+001  0.3399657E+001  0.9491538E+001 -0.3781974E+001  0.0000000E+000
 168.000    17062003  0.4187399E+001  0.4384487E+001  0.3428157E+001  0.9572013E+001 -0.3819664E+001  0.0000000E+000
 169.000    18062003  0.4233096E+001  0.4380956E+001  0.3461829E+001  0.9676017E+001 -0.3866947E+001  0.0000000E+000
 170.000    19062003  0.4288729E+001  0.4377452E+001  0.3500795E+001  0.9790413E+001 -0.3915814E+001  0.0000000E+000
 171.000    20062003  0.4359541E+001  0.4376989E+001  0.3527010E+001  0.9914000E+001 -0.3957573E+001  0.0000000E+000
 172.000    21062003  0.4428240E+001  0.4381383E+001  0.3549929E+001  0.1003064E+002 -0.3990435E+001  0.0000000E+000
 173.000    22062003  0.4506322E+001  0.4389253E+001  0.3574046E+001  0.1016457E+002 -0.4027512E+001  0.0000000E+000
 174.000    23062003  0.3250761E+001  0.4397884E+001  0.3608099E+001  0.1030643E+002 -0.4072406E+001  0.0000000E+000
 175.000    24062003  0.3309277E+001  0.4405911E+001  0.3654324E+001  0.1043596E+002 -0.4123058E+001  0.0000000E+000
 176.000    25062003  0.3373279E+001  0.4411270E+001  0.3704723E+001  0.1057709E+002 -0.4180295E+001  0.0000000E+000
 177.000    26062003  0.3453424E+001  0.4413404E+001  0.3754641E+001  0.1073852E+002 -0.4241649E+001  0.0000000E+000
 178.000    27062003  0.3536501E+001  0.4418776E+001  0.3799128E+001  0.1090374E+002 -0.4303773E+001  0.0000000E+000
 179.000    28062003  0.3566800E+001  0.4425722E+001  0.3828072E+001  0.1100171E+002 -0.4351215E+001  0.0000000E+000
 180.000    29062003  0.3624106E+001  0.4432353E+001  0.3859179E+001  0.1113295E+002 -0.4404183E+001  0.0000000E+000
 181.000    30062003  0.3676276E+001  0.4434402E+001  0.3893241E+001  0.1125922E+002 -0.4458799E+001  0.0000000E+000
 182.000    01072003  0.3696577E+001  0.4437328E+001  0.3921339E+001  0.1134525E+002 -0.4506600E+001  0.0000000E+000
 183.000    02072003  0.3718455E+001  0.4441138E+001  0.3944200E+001  0.1142603E+002 -0.4548709E+001  0.0000000E+000
 184.000    03072003  0.3777617E+001  0.4442516E+001  0.3966465E+001  0.1154617E+002 -0.4592490E+001  0.0000000E+000
 185.000    04072003  0.3840526E+001  0.4442207E+001  0.3995876E+001  0.1168057E+002 -0.4645909E+001  0.0000000E+000
 186.000    05072003  0.3896063E+001  0.4444921E+001  0.4023910E+001  0.1181294E+002 -0.4705464E+001  0.0000000E+000
 187.000    06072003  0.3952022E+001  0.4446450E+001  0.4052169E+001  0.1194513E+002 -0.4764846E+001  0.0000000E+000
 188.000    07072003  0.3972571E+001  0.4447578E+001  0.4081721E+001  0.1203786E+002 -0.4821658E+001  0.0000000E+000
 189.000    08072003  0.4019158E+001  0.4446780E+001  0.4111222E+001  0.1215990E+002 -0.4884256E+001  0.0000000E+000
 190.000    09072003  0.4061667E+001  0.4447201E+001  0.4134924E+001  0.1227563E+002 -0.4945079E+001  0.0000000E+000
 191.000    10072003  0.4109841E+001  0.4449048E+001  0.4154678E+001  0.1239470E+002 -0.5001914E+001  0.0000000E+000
 192.000    11072003  0.4164591E+001  0.4453252E+001  0.4174436E+001  0.1251982E+002 -0.5057180E+001  0.0000000E+000
 193.000    12072003  0.4208375E+001  0.4456363E+001  0.4193783E+001  0.1262914E+002 -0.5106254E+001  0.0000000E+000
 194.000    13072003  0.4231644E+001  0.4461703E+001  0.4210072E+001  0.1271510E+002 -0.5153143E+001  0.0000000E+000
 195.000    14072003  0.4302146E+001  0.4466957E+001  0.4226793E+001  0.1284903E+002 -0.5199367E+001  0.0000000E+000
 196.000    15072003  0.4328024E+001  0.4471351E+001  0.4245133E+001  0.1294362E+002 -0.5252226E+001  0.0000000E+000
 197.000    16072003  0.4399286E+001  0.4472961E+001  0.4263472E+001  0.1308879E+002 -0.5310974E+001  0.0000000E+000
 198.000    17072003  0.4476479E+001  0.4476322E+001  0.4281160E+001  0.1323909E+002 -0.5366375E+001  0.0000000E+000
 199.000    18072003  0.4500540E+001  0.4478925E+001  0.4301034E+001  0.1333733E+002 -0.5423357E+001  0.0000000E+000
 200.000    19072003  0.4525525E+001  0.4480200E+001  0.4315697E+001  0.1342780E+002 -0.5473049E+001  0.0000000E+000
 201.000    20072003  0.4573793E+001  0.4481425E+001  0.4330602E+001  0.1354505E+002 -0.5527665E+001  0.0000000E+000
 202.000    21072003  0.4640320E+001  0.4481007E+001  0.4345929E+001  0.1368526E+002 -0.5586494E+001  0.0000000E+000
 203.000    22072003  0.4689031E+001  0.4481534E+001  0.4357970E+001  0.1380786E+002 -0.5645114E+001  0.0000000E+000
 204.000    23072003  0.4701820E+001  0.4487353E+001  0.4366757E+001  0.1388218E+002 -0.5691242E+001  0.0000000E+000
 205.000    24072003  0.4736324E+001  0.4488889E+001  0.4376706E+001  0.1397758E+002 -0.5738598E+001  0.0000000E+000
 206.000    25072003  0.4776673E+001  0.4492169E+001  0.4385340E+001  0.1407816E+002 -0.5784926E+001  0.0000000E+000
 207.000    26072003  0.4816772E+001  0.4492214E+001  0.4395387E+001  0.1418523E+002 -0.5839442E+001  0.0000000E+000
 208.000    27072003  0.4866352E+001  0.4492858E+001  0.4405390E+001  0.1430436E+002 -0.5897759E+001  0.0000000E+000
 209.000    28072003  0.4906599E+001  0.4487896E+001  0.4412837E+001  0.1441442E+002 -0.5957031E+001  0.0000000E+000
 210.000    29072003  0.4948309E+001  0.4485522E+001  0.4420793E+001  0.1452416E+002 -0.6014045E+001  0.0000000E+000
 211.000    30072003  0.4964702E+001  0.4485641E+001  0.4426678E+001  0.1459798E+002 -0.6059876E+001  0.0000000E+000
 212.000    31072003  0.4982274E+001  0.4482334E+001  0.4432831E+001  0.1467532E+002 -0.6110021E+001  0.0000000E+000
 213.000    01082003  0.5013048E+001  0.4479725E+001  0.4437343E+001  0.1476656E+002 -0.6163292E+001  0.0000000E+000
 214.000    02082003  0.5043870E+001  0.4475490E+001  0.4441714E+001  0.1485479E+002 -0.6213157E+001  0.0000000E+000
 215.000    03082003  0.5085107E+001  0.4471272E+001  0.4444605E+001  0.1495757E+002 -0.6267901E+001  0.0000000E+000
 216.000    04082003  0.5110259E+001  0.4465640E+001  0.4447560E+001  0.1504122E+002 -0.6320242E+001  0.0000000E+000
 217.000    05082003  0.5155219E+001  0.4460700E+001  0.4450884E+001  0.1514214E+002 -0.6367777E+001  0.0000000E+000
 218.000    06082003  0.5206698E+001  0.4458742E+001  0.4453935E+001  0.1525329E+002 -0.6418173E+001  0.0000000E+000
 219.000    07082003  0.5241904E+001  0.4454370E+001  0.4455647E+001  0.1534836E+002 -0.6469784E+001  0.0000000E+000
 220.000    08082003  0.5278045E+001  0.4453972E+001  0.4457991E+001  0.1544285E+002 -0.6519529E+001  0.0000000E+000
 221.000    09082003  0.5326306E+001  0.4446067E+001  0.4459341E+001  0.1555288E+002 -0.6572667E+001  0.0000000E+000
 222.000    10082003  0.5343469E+001  0.4443892E+001  0.4460712E+001  0.1562630E+002 -0.6621160E+001  0.0000000E+000
 223.000    11082003  0.5379399E+001  0.4438831E+001  0.4462886E+001  0.1571945E+002 -0.6671978E+001  0.0000000E+000
 224.000    12082003  0.5416666E+001  0.4433901E+001  0.4463541E+001  0.1581535E+002 -0.6724972E+001  0.0000000E+000
 225.000    13082003  0.5453484E+001  0.4429091E+001  0.4462829E+001  0.1591174E+002 -0.6779822E+001  0.0000000E+000
 226.000    14082003  0.5489440E+001  0.4422651E+001  0.4462532E+001  0.1600786E+002 -0.6835649E+001  0.0000000E+000
 227.000    15082003  0.5544816E+001  0.4414105E+001  0.4460923E+001  0.1612522E+002 -0.6892886E+001  0.0000000E+000
 228.000    16082003  0.5582632E+001  0.4405303E+001  0.4459807E+001  0.1622505E+002 -0.6949470E+001  0.0000000E+000
 229.000    17082003  0.5632556E+001  0.4400202E+001  0.4458119E+001  0.1633714E+002 -0.7006023E+001  0.0000000E+000
 230.000    18082003  0.5677946E+001  0.4397453E+001  0.4456680E+001  0.1644032E+002 -0.7056319E+001  0.0000000E+000
 231.000    19082003  0.5738664E+001  0.4395185E+001  0.4455652E+001  0.1656040E+002 -0.7107440E+001  0.0000000E+000
 232.000    20082003  0.5780440E+001  0.4392013E+001  0.4454126E+001  0.1666377E+002 -0.7160765E+001  0.0000000E+000
 233.000    21082003  0.5834182E+001  0.4388445E+001  0.4452908E+001  0.1678226E+002 -0.7217760E+001  0.0000000E+000
 234.000    22082003  0.5864977E+001  0.4384209E+001  0.4451912E+001  0.1687267E+002 -0.7271283E+001  0.0000000E+000
 235.000    23082003  0.5907616E+001  0.4379288E+001  0.4449983E+001  0.1697631E+002 -0.7326666E+001  0.0000000E+000
 236.000    24082003  0.5949781E+001  0.4375690E+001  0.4447531E+001  0.1707065E+002 -0.7373160E+001  0.0000000E+000
 237.000    25082003  0.6033116E+001  0.4375389E+001  0.4445822E+001  0.1721379E+002 -0.7424261E+001  0.0000000E+000
 238.000    26082003  0.6088330E+001  0.4372184E+001  0.4443469E+001  0.1733793E+002 -0.7485457E+001  0.0000000E+000
 239.000    27082003  0.6175360E+001  0.4367972E+001  0.4442564E+001  0.1749916E+002 -0.7552447E+001  0.0000000E+000
 240.000    28082003  0.6216830E+001  0.4363653E+001  0.4441669E+001  0.1761366E+002 -0.7619262E+001  0.0000000E+000
 241.000    29082003  0.6255729E+001  0.4358187E+001  0.4439592E+001  0.1772005E+002 -0.7682134E+001  0.0000000E+000
 242.000    30082003  0.6309019E+001  0.4351603E+001  0.4436104E+001  0.1783819E+002 -0.7743005E+001  0.0000000E+000
 243.000    31082003  0.6320927E+001  0.4346058E+001  0.4432561E+001  0.1790437E+002 -0.7793594E+001  0.0000000E+000
 244.000    01092003  0.6360525E+001  0.4335143E+001  0.4428572E+001  0.1799708E+002 -0.7844514E+001  0.0000000E+000
 245.000    02092003  0.6445611E+001  0.4328375E+001  0.4424125E+001  0.1813979E+002 -0.7898041E+001  0.0000000E+000
 246.000    03092003  0.6486744E+001  0.4320274E+001  0.4420403E+001  0.1824151E+002 -0.7953630E+001  0.0000000E+000
 247.000    04092003  0.6526122E+001  0.4313561E+001  0.4415536E+001  0.1833399E+002 -0.8002754E+001  0.0000000E+000
 248.000    05092003  0.6567760E+001  0.4309378E+001  0.4410992E+001  0.1842155E+002 -0.8042322E+001  0.0000000E+000
 249.000    06092003  0.6597854E+001  0.4307051E+001  0.4407207E+001  0.1849095E+002 -0.8073901E+001  0.0000000E+000
 250.000    07092003  0.6650993E+001  0.4306383E+001  0.4404020E+001  0.1859079E+002 -0.8111803E+001  0.0000000E+000
 251.000    08092003  0.6684549E+001  0.4306088E+001  0.4401684E+001  0.1866867E+002 -0.8147841E+001  0.0000000E+000
 252.000    09092003  0.6713170E+001  0.4305133E+001  0.4398650E+001  0.1874442E+002 -0.8186917E+001  0.0000000E+000
 253.000    10092003  0.6756792E+001  0.4305578E+001  0.4395343E+001  0.1883001E+002 -0.8220289E+001  0.0000000E+000
 254.000    11092003  0.6812874E+001  0.4307717E+001  0.4393227E+001  0.1893183E+002 -0.8255075E+001  0.0000000E+000
 255.000    12092003  0.6844721E+001  0.4309471E+001  0.4390691E+001  0.1901090E+002 -0.8291644E+001  0.0000000E+000
 256.000    13092003  0.6873777E+001  0.4309036E+001  0.4387203E+001  0.1908981E+002 -0.8332451E+001  0.0000000E+000
 257.000    14092003  0.6907425E+001  0.4306279E+001  0.4381971E+001  0.1917864E+002 -0.8381215E+001  0.0000000E+000
 258.000    15092003  0.6939632E+001  0.4302325E+001  0.4376032E+001  0.1926394E+002 -0.8429061E+001  0.0000000E+000
 259.000    16092003  0.6982394E+001  0.4299272E+001  0.4370961E+001  0.1934950E+002 -0.8465412E+001  0.0000000E+000
 260.000    17092003  0.7028399E+001  0.4300965E+001  0.4366363E+001  0.1943892E+002 -0.8499289E+001  0.0000000E+000
 261.000    18092003  0.7035394E+001  0.4300630E+001  0.4361400E+001  0.1948674E+002 -0.8531611E+001  0.0000000E+000
 262.000    19092003  0.7065259E+001  0.4297921E+001  0.4355134E+001  0.1956166E+002 -0.8569970E+001  0.0000000E+000
 263.000    20092003  0.7096943E+001  0.4294808E+001  0.4348984E+001  0.1963794E+002 -0.8607450E+001  0.0000000E+000
 264.000    21092003  0.7124578E+001  0.4290480E+001  0.4341489E+001  0.1971275E+002 -0.8647783E+001  0.0000000E+000
 265.000    22092003  0.7145904E+001  0.4284608E+001  0.4332373E+001  0.1978509E+002 -0.8693609E+001  0.0000000E+000
 266.000    23092003  0.7179297E+001  0.4278403E+001  0.4323987E+001  0.1986013E+002 -0.8730967E+001  0.0000000E+000
 267.000    24092003  0.7211472E+001  0.4277759E+001  0.4316280E+001  0.1993095E+002 -0.8761592E+001  0.0000000E+000
 268.000    25092003  0.7243254E+001  0.4276934E+001  0.4307439E+001  0.2000573E+002 -0.8794719E+001  0.0000000E+000
 269.000    26092003  0.7272657E+001  0.4275659E+001  0.4298258E+001  0.2008027E+002 -0.8830235E+001  0.0000000E+000
 270.000    27092003  0.7301707E+001  0.4274321E+001  0.4287844E+001  0.2015727E+002 -0.8868209E+001  0.0000000E+000
 271.000    28092003  0.7328482E+001  0.4273728E+001  0.4279869E+001  0.2022432E+002 -0.8899705E+001  0.0000000E+000
 272.000    29092003  0.7360989E+001  0.4276815E+001  0.4274707E+001  0.2028875E+002 -0.8920879E+001  0.0000000E+000
 273.000    30092003  0.7425750E+001  0.4284115E+001  0.4267680E+001  0.2038924E+002 -0.8941426E+001  0.0000000E+000
 274.000    01102003  0.7447985E+001  0.4293063E+001  0.4263097E+001  0.2045145E+002 -0.8964604E+001  0.0000000E+000
 275.000    02102003  0.7480048E+001  0.4301695E+001  0.4258786E+001  0.2052043E+002 -0.8985556E+001  0.0000000E+000
 276.000    03102003  0.7533607E+001  0.4313397E+001  0.4250763E+001  0.2061124E+002 -0.9003052E+001  0.0000000E+000
 277.000    04102003  0.7581760E+001  0.4325733E+001  0.4246891E+001  0.2070812E+002 -0.9030988E+001  0.0000000E+000
 278.000    05102003  0.7609281E+001  0.4336774E+001  0.4242539E+001  0.2078347E+002 -0.9059669E+001  0.0000000E+000
 279.000    06102003  0.7651797E+001  0.4347446E+001  0.4237606E+001  0.2087683E+002 -0.9091088E+001  0.0000000E+000
 280.000    07102003  0.7659273E+001  0.4353678E+001  0.4230860E+001  0.2093977E+002 -0.9129124E+001  0.0000000E+000
 281.000    08102003  0.7667353E+001  0.4356933E+001  0.4223121E+001  0.2099847E+002 -0.9164901E+001  0.0000000E+000
 282.000    09102003  0.7674780E+001  0.4355701E+001  0.4213644E+001  0.2105910E+002 -0.9206200E+001  0.0000000E+000
 283.000    10102003  0.7685302E+001  0.4353551E+001  0.4204480E+001  0.2111475E+002 -0.9241188E+001  0.0000000E+000
 284.000    11102003  0.7699030E+001  0.4350332E+001  0.4194840E+001  0.2117139E+002 -0.9274678E+001  0.0000000E+000
 285.000    12102003  0.7711975E+001  0.4345578E+001  0.4181879E+001  0.2123283E+002 -0.9312103E+001  0.0000000E+000
 286.000    13102003  0.7727459E+001  0.4342121E+001  0.4167802E+001  0.2129500E+002 -0.9348177E+001  0.0000000E+000
 287.000    14102003  0.7737813E+001  0.4337502E+001  0.4154212E+001  0.2134945E+002 -0.9382144E+001  0.0000000E+000
 288.000    15102003  0.7757490E+001  0.4337560E+001  0.4145864E+001  0.2139967E+002 -0.9403443E+001  0.0000000E+000
 289.000    16102003  0.7777459E+001  0.4339985E+001  0.4135686E+001  0.2145039E+002 -0.9421939E+001  0.0000000E+000
 290.000    17102003  0.7792176E+001  0.4342907E+001  0.4126167E+001  0.2150192E+002 -0.9445584E+001  0.0000000E+000
 291.000    18102003  0.7816013E+001  0.4345674E+001  0.4117721E+001  0.2155903E+002 -0.9466828E+001  0.0000000E+000
 292.000    19102003  0.7861329E+001  0.4351151E+001  0.4107441E+001  0.2164243E+002 -0.9488653E+001  0.0000000E+000
 293.000    20102003  0.7872360E+001  0.4356222E+001  0.4097080E+001  0.2169761E+002 -0.9515004E+001  0.0000000E+000
 294.000    21102003  0.7874776E+001  0.4357787E+001  0.4083892E+001  0.2175483E+002 -0.9549673E+001  0.0000000E+000
 295.000    22102003  0.7811131E+001  0.4359614E+001  0.4074377E+001  0.2180511E+002 -0.9574501E+001  0.0000000E+000
 296.000    23102003  0.7762303E+001  0.4364982E+001  0.4066189E+001  0.2185730E+002 -0.9590234E+001  0.0000000E+000
 297.000    24102003  0.7721024E+001  0.4372301E+001  0.4056358E+001  0.2191380E+002 -0.9604717E+001  0.0000000E+000
 298.000    25102003  0.7689203E+001  0.4379757E+001  0.4048246E+001  0.2198655E+002 -0.9628135E+001  0.0000000E+000
 299.000    26102003  0.7634779E+001  0.4381126E+001  0.4035659E+001  0.2204360E+002 -0.9661926E+001  0.0000000E+000
 300.000    27102003  0.7573621E+001  0.4379662E+001  0.4019914E+001  0.2209061E+002 -0.9697527E+001  0.0000000E+000
 301.000    28102003  0.7517670E+001  0.4381569E+001  0.4011489E+001  0.2211751E+002 -0.9715472E+001  0.0000000E+000
 302.000    29102003  0.7509202E+001  0.4385686E+001  0.4002566E+001  0.2219097E+002 -0.9733569E+001  0.0000000E+000
 303.000    30102003  0.7496945E+001  0.4392180E+001  0.3991449E+001  0.2226258E+002 -0.9753238E+001  0.0000000E+000
 304.000    31102003  0.7481835E+001  0.4398464E+001  0.3981037E+001  0.2233605E+002 -0.9779001E+001  0.0000000E+000
 305.000    01112003  0.7450581E+001  0.4402940E+001  0.3969118E+001  0.2239374E+002 -0.9808140E+001  0.0000000E+000
 306.000    02112003  0.7428920E+001  0.4406312E+001  0.3956672E+001  0.2245851E+002 -0.9837921E+001  0.0000000E+000
 307.000    03112003  0.7416311E+001  0.4408434E+001  0.3943236E+001  0.2253234E+002 -0.9868925E+001  0.0000000E+000
 308.000    04112003  0.7396252E+001  0.4408285E+001  0.3924330E+001  0.2261045E+002 -0.9910495E+001  0.0000000E+000
 309.000    05112003  0.7363574E+001  0.4402349E+001  0.3897606E+001  0.2268559E+002 -0.9961793E+001  0.0000000E+000
 310.000    06112003  0.7328218E+001  0.4394196E+001  0.3869575E+001  0.2275085E+002 -0.1000990E+002  0.0000000E+000
 311.000    07112003  0.7319788E+001  0.4388940E+001  0.3849022E+001  0.2282437E+002 -0.1004442E+002  0.0000000E+000
 312.000    08112003  0.7309952E+001  0.4390994E+001  0.3837773E+001  0.2288267E+002 -0.1006318E+002  0.0000000E+000
 313.000    09112003  0.7172130E+001  0.4396456E+001  0.3827090E+001  0.2291614E+002 -0.1007448E+002  0.0000000E+000
 314.000    10112003  0.7063267E+001  0.4403474E+001  0.3815491E+001  0.2297285E+002 -0.1008664E+002  0.0000000E+000
 315.000    11112003  0.6960556E+001  0.4411402E+001  0.3802735E+001  0.2303909E+002 -0.1010593E+002  0.0000000E+000
 316.000    12112003  0.6851129E+001  0.4414423E+001  0.3782606E+001  0.2311240E+002 -0.1014210E+002  0.0000000E+000
 317.000    13112003  0.6753760E+001  0.4417520E+001  0.3771317E+001  0.2316789E+002 -0.1016450E+002  0.0000000E+000
 318.000    14112003  0.6659621E+001  0.4425321E+001  0.3761424E+001  0.2320786E+002 -0.1017525E+002  0.0000000E+000
 319.000    15112003  0.6569265E+001  0.4433612E+001  0.3753944E+001  0.2325032E+002 -0.1018992E+002  0.0000000E+000
 320.000    16112003  0.6478427E+001  0.4439222E+001  0.3741187E+001  0.2329891E+002 -0.1021426E+002  0.0000000E+000
 321.000    17112003  0.6394241E+001  0.4440742E+001  0.3722943E+001  0.2335929E+002 -0.1024756E+002  0.0000000E+000
 322.000    18112003  0.6310691E+001  0.4439179E+001  0.3702955E+001  0.2341753E+002 -0.1028363E+002  0.0000000E+000
 323.000    19112003  0.6213125E+001  0.4434514E+001  0.3682357E+001  0.2345259E+002 -0.1031783E+002  0.0000000E+000
 324.000    20112003  0.6161535E+001  0.4435514E+001  0.3671766E+001  0.2350675E+002 -0.1033434E+002  0.0000000E+000
 325.000    21112003  0.6112130E+001  0.4438606E+001  0.3658788E+001  0.2356656E+002 -0.1035413E+002  0.0000000E+000
 326.000    22112003  0.6062628E+001  0.4441787E+001  0.3645719E+001  0.2362557E+002 -0.1037611E+002  0.0000000E+000
 327.000    23112003  0.6006064E+001  0.4445748E+001  0.3632241E+001  0.2367451E+002 -0.1039805E+002  0.0000000E+000
 328.000    24112003  0.5946013E+001  0.4448750E+001  0.3616729E+001  0.2371997E+002 -0.1042210E+002  0.0000000E+000
 329.000    25112003  0.5902789E+001  0.4454145E+001  0.3605663E+001  0.2375964E+002 -0.1043292E+002  0.0000000E+000
 330.000    26112003  0.5867430E+001  0.4460735E+001  0.3593406E+001  0.2381076E+002 -0.1044449E+002  0.0000000E+000
 331.000    27112003  0.5779180E+001  0.4467378E+001  0.3583051E+001  0.2387657E+002 -0.1046448E+002  0.0000000E+000
 332.000    28112003  0.5668189E+001  0.4469087E+001  0.3566692E+001  0.2392436E+002 -0.1049373E+002  0.0000000E+000
 333.000    29112003  0.5578347E+001  0.4475041E+001  0.3555414E+001  0.2395832E+002 -0.1050261E+002  0.0000000E+000
 334.000    30112003  0.5479384E+001  0.4480954E+001  0.3546140E+001  0.2398190E+002 -0.1051419E+002  0.0000000E+000
 335.000    01122003  0.5410730E+001  0.4485759E+001  0.3538282E+001  0.2402375E+002 -0.1052934E+002  0.0000000E+000
 336.000    02122003  0.5354611E+001  0.4491568E+001  0.3527567E+001  0.2406707E+002 -0.1053910E+002  0.0000000E+000
 337.000    03122003  0.5278038E+001  0.4497245E+001  0.3520276E+001  0.2408130E+002 -0.1054562E+002  0.0000000E+000
 338.000    04122003  0.5201375E+001  0.4501742E+001  0.3513588E+001  0.2408960E+002 -0.1055160E+002  0.0000000E+000
 339.000    05122003  0.5138730E+001  0.4505421E+001  0.3508162E+001  0.2410679E+002 -0.1055782E+002  0.0000000E+000
 340.000    06122003  0.5094241E+001  0.4509663E+001  0.3502365E+001  0.2414107E+002 -0.1056618E+002  0.0000000E+000
 341.000    07122003  0.5053472E+001  0.4514114E+001  0.3495847E+001  0.2417586E+002 -0.1057379E+002  0.0000000E+000
 342.000    08122003  0.5017553E+001  0.4519056E+001  0.3488898E+001  0.2421374E+002 -0.1058155E+002  0.0000000E+000
 343.000    09122003  0.4985388E+001  0.4524406E+001  0.3483364E+001  0.2425744E+002 -0.1059199E+002  0.0000000E+000
 344.000    10122003  0.4936883E+001  0.4528603E+001  0.3476298E+001  0.2428856E+002 -0.1060902E+002  0.0000000E+000
 345.000    11122003  0.4899323E+001  0.4531019E+001  0.3468782E+001  0.2432221E+002 -0.1062450E+002  0.0000000E+000
 346.000    12122003  0.4871737E+001  0.4535647E+001  0.3456243E+001  0.2435752E+002 -0.1063328E+002  0.0000000E+000
 347.000    13122003  0.4836417E+001  0.4539987E+001  0.3450873E+001  0.2438009E+002 -0.1063999E+002  0.0000000E+000
 348.000    14122003  0.4781265E+001  0.4543657E+001  0.3444873E+001  0.2438009E+002 -0.1064640E+002  0.0000000E+000
 349.000    15122003  0.4700237E+001  0.4545673E+001  0.3438947E+001  0.2438009E+002 -0.1065293E+002  0.0000000E+000
 350.000    16122003  0.4623073E+001  0.4546264E+001  0.3433465E+001  0.2438530E+002 -0.1066418E+002  0.0000000E+000
 351.000    17122003  0.4575975E+001  0.4544418E+001  0.3424447E+001  0.2442043E+002 -0.1067969E+002  0.0000000E+000
 352.000    18122003  0.4536298E+001  0.4545677E+001  0.3417404E+001  0.2445234E+002 -0.1068805E+002  0.0000000E+000
 353.000    19122003  0.4504246E+001  0.4547781E+001  0.3412374E+001  0.2447694E+002 -0.1069541E+002  0.0000000E+000
 354.000    20122003  0.4469948E+001  0.4549632E+001  0.3406690E+001  0.2449655E+002 -0.1070139E+002  0.0000000E+000
 355.000    21122003  0.4444208E+001  0.4551680E+001  0.3401193E+001  0.2452389E+002 -0.1070811E+002  0.0000000E+000
 356.000    22122003  0.4426815E+001  0.4554114E+001  0.3396709E+001  0.2456288E+002 -0.1071770E+002  0.0000000E+000
 357.000    23122003  0.4397838E+001  0.4555232E+001  0.3389267E+001  0.2459959E+002 -0.1073707E+002  0.0000000E+000
 358.000    24122003  0.4386324E+001  0.4551778E+001  0.3385310E+001  0.2465160E+002 -0.1076215E+002  0.0000000E+000
 359.000    25122003  0.4365825E+001  0.4554678E+001  0.3374910E+001  0.2467729E+002 -0.1076945E+002  0.0000000E+000
 360.000    26122003  0.4345333E+001  0.4557392E+001  0.3370156E+001  0.2470269E+002 -0.1077669E+002  0.0000000E+000
 361.000    27122003  0.4338180E+001  0.4560612E+001  0.3366675E+001  0.2474366E+002 -0.1078725E+002  0.0000000E+000
 362.000    28122003  0.4330030E+001  0.4564261E+001  0.3361898E+001  0.2478228E+002 -0.1079713E+002  0.0000000E+000
 363.000    29122003  0.4312105E+001  0.4567005E+001  0.3358616E+001  0.2481742E+002 -0.1081320E+002  0.0000000E+000
 364.000    30122003  0.4302778E+001  0.4566224E+001  0.3352059E+001  0.2486407E+002 -0.1083436E+002  0.0000000E+000
 365.000    31122003  0.4295078E+001  0.4569774E+001  0.3345087E+001  0.2490237E+002 -0.1084657E+002  0.0000000E+000
