    DOY     DATE    SHOOT_C         ROOT_C          LAI             GPP             AUTO_RESP       HVST_C          
   1.000    01011982  0.4683585E+001  0.4037326E+001  0.4472808E+001  0.0000000E+000 -0.6778923E-002  0.0000000E+000
   2.000    02011982  0.4650762E+001  0.4039812E+001  0.4466641E+001  0.0000000E+000 -0.1391620E-001  0.0000000E+000
   3.000    03011982  0.4619965E+001  0.4041472E+001  0.4460459E+001  0.0000000E+000 -0.2114384E-001  0.0000000E+000
   4.000    04011982  0.4585614E+001  0.4040802E+001  0.4456042E+001  0.3262369E-002 -0.3611954E-001  0.0000000E+000
   5.000    05011982  0.4574716E+001  0.4036873E+001  0.4449826E+001  0.2343236E-001 -0.5040203E-001  0.0000000E+000
   6.000    06011982  0.4586305E+001  0.4036453E+001  0.4445144E+001  0.6070113E-001 -0.6125622E-001  0.0000000E+000
   7.000    07011982  0.4611349E+001  0.4032462E+001  0.4442316E+001  0.1271356E+000 -0.8861144E-001  0.0000000E+000
   8.000    08011982  0.4602110E+001  0.4030161E+001  0.4434978E+001  0.1485730E+000 -0.1070181E+000  0.0000000E+000
   9.000    09011982  0.4593602E+001  0.4033589E+001  0.4428007E+001  0.1640716E+000 -0.1138607E+000  0.0000000E+000
  10.000    10011982  0.4573567E+001  0.4035983E+001  0.4422458E+001  0.1646805E+000 -0.1186968E+000  0.0000000E+000
  11.000    11011982  0.4557192E+001  0.4036609E+001  0.4418844E+001  0.1648247E+000 -0.1221992E+000  0.0000000E+000
  12.000    12011982  0.4541479E+001  0.4037058E+001  0.4413673E+001  0.1662799E+000 -0.1260449E+000  0.0000000E+000
  13.000    13011982  0.4523810E+001  0.4036683E+001  0.4407015E+001  0.1664796E+000 -0.1309456E+000  0.0000000E+000
  14.000    14011982  0.4505362E+001  0.4036277E+001  0.4399635E+001  0.1664796E+000 -0.1367106E+000  0.0000000E+000
  15.000    15011982  0.4489348E+001  0.4035280E+001  0.4393553E+001  0.1664796E+000 -0.1418037E+000  0.0000000E+000
  16.000    16011982  0.4473579E+001  0.4033764E+001  0.4386869E+001  0.1664796E+000 -0.1471927E+000  0.0000000E+000
  17.000    17011982  0.4459189E+001  0.4031798E+001  0.4381010E+001  0.1664796E+000 -0.1523786E+000  0.0000000E+000
  18.000    18011982  0.4446320E+001  0.4029421E+001  0.4375762E+001  0.1664796E+000 -0.1571011E+000  0.0000000E+000
  19.000    19011982  0.4431475E+001  0.4026745E+001  0.4368221E+001  0.1664796E+000 -0.1630874E+000  0.0000000E+000
  20.000    20011982  0.4416951E+001  0.4023790E+001  0.4360579E+001  0.1664796E+000 -0.1692255E+000  0.0000000E+000
  21.000    21011982  0.4402667E+001  0.4020581E+001  0.4352842E+001  0.1664796E+000 -0.1755466E+000  0.0000000E+000
  22.000    22011982  0.4388976E+001  0.4017160E+001  0.4345138E+001  0.1664796E+000 -0.1817856E+000  0.0000000E+000
  23.000    23011982  0.4375644E+001  0.4013558E+001  0.4337348E+001  0.1664796E+000 -0.1881086E+000  0.0000000E+000
  24.000    24011982  0.4364987E+001  0.4009795E+001  0.4329531E+001  0.1664796E+000 -0.1944240E+000  0.0000000E+000
  25.000    25011982  0.4355702E+001  0.4005902E+001  0.4322568E+001  0.1664796E+000 -0.2000910E+000  0.0000000E+000
  26.000    26011982  0.4345911E+001  0.4001914E+001  0.4314997E+001  0.1664796E+000 -0.2060559E+000  0.0000000E+000
  27.000    27011982  0.4338393E+001  0.3997853E+001  0.4309360E+001  0.1664796E+000 -0.2109752E+000  0.0000000E+000
  28.000    28011982  0.4330116E+001  0.3993732E+001  0.4302930E+001  0.1664796E+000 -0.2162811E+000  0.0000000E+000
  29.000    29011982  0.4320409E+001  0.3989550E+001  0.4295248E+001  0.1664796E+000 -0.2223397E+000  0.0000000E+000
  30.000    30011982  0.4310876E+001  0.3985312E+001  0.4287605E+001  0.1664796E+000 -0.2283419E+000  0.0000000E+000
  31.000    31011982  0.4300960E+001  0.3981021E+001  0.4279646E+001  0.1664796E+000 -0.2345820E+000  0.0000000E+000
  32.000    01021982  0.4291125E+001  0.3976681E+001  0.4271676E+001  0.1664796E+000 -0.2408168E+000  0.0000000E+000
  33.000    02021982  0.4281534E+001  0.3972297E+001  0.4264083E+001  0.1664796E+000 -0.2470410E+000  0.0000000E+000
  34.000    03021982  0.4272141E+001  0.3967870E+001  0.4256754E+001  0.1664796E+000 -0.2532590E+000  0.0000000E+000
  35.000    04021982  0.4262817E+001  0.3963405E+001  0.4249526E+001  0.1664796E+000 -0.2594674E+000  0.0000000E+000
  36.000    05021982  0.4253559E+001  0.3958903E+001  0.4242468E+001  0.1664796E+000 -0.2656632E+000  0.0000000E+000
  37.000    06021982  0.4305019E+001  0.3955768E+001  0.4235182E+001  0.2401996E+000 -0.2788530E+000  0.0000000E+000
  38.000    07021982  0.4302671E+001  0.3955075E+001  0.4226582E+001  0.2526674E+000 -0.2864411E+000  0.0000000E+000
  39.000    08021982  0.4314359E+001  0.3954970E+001  0.4221084E+001  0.2800364E+000 -0.2941897E+000  0.0000000E+000
  40.000    09021982  0.4337086E+001  0.3956000E+001  0.4215636E+001  0.3243373E+000 -0.3053432E+000  0.0000000E+000
  41.000    10021982  0.4336178E+001  0.3957365E+001  0.4207975E+001  0.3451181E+000 -0.3165081E+000  0.0000000E+000
  42.000    11021982  0.4345221E+001  0.3959180E+001  0.4202851E+001  0.3707902E+000 -0.3238882E+000  0.0000000E+000
  43.000    12021982  0.4355597E+001  0.3961684E+001  0.4197852E+001  0.3999272E+000 -0.3324281E+000  0.0000000E+000
  44.000    13021982  0.4363270E+001  0.3964469E+001  0.4193113E+001  0.4262202E+000 -0.3418648E+000  0.0000000E+000
  45.000    14021982  0.4376168E+001  0.3968085E+001  0.4188035E+001  0.4584934E+000 -0.3501533E+000  0.0000000E+000
  46.000    15021982  0.4390493E+001  0.3971312E+001  0.4186553E+001  0.4992056E+000 -0.3657785E+000  0.0000000E+000
  47.000    16021982  0.4409602E+001  0.3965322E+001  0.4190098E+001  0.5613130E+000 -0.4037627E+000  0.0000000E+000
  48.000    17021982  0.4436989E+001  0.3956746E+001  0.4190553E+001  0.6320184E+000 -0.4444332E+000  0.0000000E+000
  49.000    18021982  0.4441551E+001  0.3958171E+001  0.4188216E+001  0.6562273E+000 -0.4582177E+000  0.0000000E+000
  50.000    19021982  0.4454520E+001  0.3962940E+001  0.4185414E+001  0.6905843E+000 -0.4699890E+000  0.0000000E+000
  51.000    20021982  0.4463205E+001  0.3967249E+001  0.4181674E+001  0.7229030E+000 -0.4837984E+000  0.0000000E+000
  52.000    21021982  0.4479567E+001  0.3969806E+001  0.4180723E+001  0.7663878E+000 -0.5024064E+000  0.0000000E+000
  53.000    22021982  0.4485333E+001  0.3974471E+001  0.4177950E+001  0.7928905E+000 -0.5141317E+000  0.0000000E+000
  54.000    23021982  0.4493370E+001  0.3980465E+001  0.4172172E+001  0.8240601E+000 -0.5252590E+000  0.0000000E+000
  55.000    24021982  0.4508062E+001  0.3984245E+001  0.4164786E+001  0.8776034E+000 -0.5478002E+000  0.0000000E+000
  56.000    25021982  0.4511741E+001  0.3984839E+001  0.4155992E+001  0.9155159E+000 -0.5702995E+000  0.0000000E+000
  57.000    26021982  0.4494098E+001  0.3991069E+001  0.4143787E+001  0.9169884E+000 -0.5767319E+000  0.0000000E+000
  58.000    27021982  0.4476119E+001  0.3995786E+001  0.4136849E+001  0.9169884E+000 -0.5833086E+000  0.0000000E+000
  59.000    28021982  0.4459605E+001  0.3999282E+001  0.4131053E+001  0.9169884E+000 -0.5901683E+000  0.0000000E+000
  60.000    01031982  0.4444091E+001  0.4001818E+001  0.4125158E+001  0.9169884E+000 -0.5972571E+000  0.0000000E+000
  61.000    02031982  0.4429405E+001  0.4003499E+001  0.4119171E+001  0.9169884E+000 -0.6044533E+000  0.0000000E+000
  62.000    03031982  0.4415420E+001  0.4004452E+001  0.4113098E+001  0.9169884E+000 -0.6116398E+000  0.0000000E+000
  63.000    04031982  0.4402040E+001  0.4004803E+001  0.4106946E+001  0.9169884E+000 -0.6187933E+000  0.0000000E+000
  64.000    05031982  0.4389189E+001  0.4004642E+001  0.4100719E+001  0.9169884E+000 -0.6258480E+000  0.0000000E+000
  65.000    06031982  0.4377120E+001  0.4003894E+001  0.4094829E+001  0.9169884E+000 -0.6326479E+000  0.0000000E+000
  66.000    07031982  0.4430700E+001  0.4003501E+001  0.4092138E+001  0.9866000E+000 -0.6431946E+000  0.0000000E+000
  67.000    08031982  0.4441153E+001  0.4006122E+001  0.4087451E+001  0.1013160E+001 -0.6513513E+000  0.0000000E+000
  68.000    09031982  0.4459584E+001  0.4009865E+001  0.4084384E+001  0.1052573E+001 -0.6619033E+000  0.0000000E+000
  69.000    10031982  0.4500626E+001  0.4013142E+001  0.4082967E+001  0.1120269E+001 -0.6787936E+000  0.0000000E+000
  70.000    11031982  0.4574352E+001  0.4014173E+001  0.4082441E+001  0.1239824E+001 -0.7129843E+000  0.0000000E+000
  71.000    12031982  0.4602539E+001  0.4012659E+001  0.4080656E+001  0.1322810E+001 -0.7567247E+000  0.0000000E+000
  72.000    13031982  0.4643957E+001  0.4010346E+001  0.4077039E+001  0.1418567E+001 -0.8005785E+000  0.0000000E+000
  73.000    14031982  0.4669190E+001  0.4010548E+001  0.4068602E+001  0.1491386E+001 -0.8343091E+000  0.0000000E+000
  74.000    15031982  0.4686946E+001  0.4014668E+001  0.4059857E+001  0.1546748E+001 -0.8570267E+000  0.0000000E+000
  75.000    16031982  0.4703249E+001  0.4022575E+001  0.4053369E+001  0.1594353E+001 -0.8725832E+000  0.0000000E+000
  76.000    17031982  0.4749010E+001  0.4028586E+001  0.4040290E+001  0.1697573E+001 -0.9066284E+000  0.0000000E+000
  77.000    18031982  0.4800063E+001  0.4032244E+001  0.4026922E+001  0.1803449E+001 -0.9413391E+000  0.0000000E+000
  78.000    19031982  0.4830673E+001  0.4038858E+001  0.4014344E+001  0.1890080E+001 -0.9748764E+000  0.0000000E+000
  79.000    20031982  0.4837752E+001  0.4043276E+001  0.4001931E+001  0.1950297E+001 -0.1007825E+001  0.0000000E+000
  80.000    21031982  0.4891287E+001  0.4047710E+001  0.3987370E+001  0.2060764E+001 -0.1042804E+001  0.0000000E+000
  81.000    22031982  0.4917232E+001  0.4052420E+001  0.3974486E+001  0.2137672E+001 -0.1074057E+001  0.0000000E+000
  82.000    23031982  0.4958319E+001  0.4061653E+001  0.3968272E+001  0.2216283E+001 -0.1093675E+001  0.0000000E+000
  83.000    24031982  0.4993995E+001  0.4070707E+001  0.3968841E+001  0.2294000E+001 -0.1119938E+001  0.0000000E+000
  84.000    25031982  0.5031776E+001  0.4077455E+001  0.3961634E+001  0.2384859E+001 -0.1152600E+001  0.0000000E+000
  85.000    26031982  0.5075008E+001  0.4084307E+001  0.3953460E+001  0.2473801E+001 -0.1179940E+001  0.0000000E+000
  86.000    27031982  0.5080010E+001  0.4096579E+001  0.3947652E+001  0.2505711E+001 -0.1189093E+001  0.0000000E+000
  87.000    28031982  0.5077351E+001  0.4108493E+001  0.3939076E+001  0.2528548E+001 -0.1196185E+001  0.0000000E+000
  88.000    29031982  0.5102182E+001  0.4119871E+001  0.3933041E+001  0.2583933E+001 -0.1206879E+001  0.0000000E+000
  89.000    30031982  0.5135772E+001  0.4130225E+001  0.3927395E+001  0.2662268E+001 -0.1230125E+001  0.0000000E+000
  90.000    31031982  0.5190461E+001  0.4133907E+001  0.3915915E+001  0.2781185E+001 -0.1272778E+001  0.0000000E+000
  91.000    01041982  0.5213430E+001  0.4135169E+001  0.3901538E+001  0.2870835E+001 -0.1318947E+001  0.0000000E+000
  92.000    02041982  0.5258176E+001  0.4138640E+001  0.3891342E+001  0.2967245E+001 -0.1352849E+001  0.0000000E+000
  93.000    03041982  0.5299163E+001  0.4140251E+001  0.3876499E+001  0.3073810E+001 -0.1397647E+001  0.0000000E+000
  94.000    04041982  0.5344458E+001  0.4144969E+001  0.3868139E+001  0.3162601E+001 -0.1425070E+001  0.0000000E+000
  95.000    05041982  0.5378284E+001  0.4154805E+001  0.3862917E+001  0.3229524E+001 -0.1441102E+001  0.0000000E+000
  96.000    06041982  0.5388872E+001  0.4164579E+001  0.3857303E+001  0.3276740E+001 -0.1459842E+001  0.0000000E+000
  97.000    07041982  0.5387817E+001  0.4175425E+001  0.3850045E+001  0.3300203E+001 -0.1467124E+001  0.0000000E+000
  98.000    08041982  0.5392933E+001  0.4185682E+001  0.3843585E+001  0.3329592E+001 -0.1474646E+001  0.0000000E+000
  99.000    09041982  0.5417283E+001  0.4195378E+001  0.3839315E+001  0.3382932E+001 -0.1486722E+001  0.0000000E+000
 100.000    10041982  0.5437324E+001  0.4205120E+001  0.3834986E+001  0.3432038E+001 -0.1499383E+001  0.0000000E+000
 101.000    11041982  0.5482764E+001  0.4214764E+001  0.3830166E+001  0.3515923E+001 -0.1519254E+001  0.0000000E+000
 102.000    12041982  0.5519743E+001  0.4223402E+001  0.3823680E+001  0.3601765E+001 -0.1547728E+001  0.0000000E+000
 103.000    13041982  0.5562628E+001  0.4227497E+001  0.3813897E+001  0.3704614E+001 -0.1587908E+001  0.0000000E+000
 104.000    14041982  0.5627149E+001  0.4229381E+001  0.3797921E+001  0.3838965E+001 -0.1635576E+001  0.0000000E+000
 105.000    15041982  0.5662410E+001  0.4231115E+001  0.3781290E+001  0.3939257E+001 -0.1679650E+001  0.0000000E+000
 106.000    16041982  0.5701059E+001  0.4232201E+001  0.3758964E+001  0.4053242E+001 -0.1730745E+001  0.0000000E+000
 107.000    17041982  0.5726760E+001  0.4227820E+001  0.3736241E+001  0.4158082E+001 -0.1788621E+001  0.0000000E+000
 108.000    18041982  0.5747569E+001  0.4224788E+001  0.3716685E+001  0.4234109E+001 -0.1828158E+001  0.0000000E+000
 109.000    19041982  0.5798387E+001  0.4228590E+001  0.3704652E+001  0.4325141E+001 -0.1852552E+001  0.0000000E+000
 110.000    20041982  0.5858130E+001  0.4234010E+001  0.3691873E+001  0.4431402E+001 -0.1880844E+001  0.0000000E+000
 111.000    21041982  0.5313876E+001  0.4237665E+001  0.3673382E+001  0.4546387E+001 -0.1922978E+001  0.0000000E+000
 112.000    22041982  0.5336303E+001  0.4243611E+001  0.3672091E+001  0.4610409E+001 -0.1948442E+001  0.0000000E+000
 113.000    23041982  0.5365112E+001  0.4252532E+001  0.3669472E+001  0.4671994E+001 -0.1964509E+001  0.0000000E+000
 114.000    24041982  0.5416578E+001  0.4261913E+001  0.3669956E+001  0.4762668E+001 -0.1985212E+001  0.0000000E+000
 115.000    25041982  0.5482171E+001  0.4270972E+001  0.3671979E+001  0.4880926E+001 -0.2016748E+001  0.0000000E+000
 116.000    26041982  0.5530668E+001  0.4275229E+001  0.3672495E+001  0.4999751E+001 -0.2065282E+001  0.0000000E+000
 117.000    27041982  0.5547781E+001  0.4274677E+001  0.3666534E+001  0.5090447E+001 -0.2119090E+001  0.0000000E+000
 118.000    28041982  0.5565852E+001  0.4274055E+001  0.3657432E+001  0.5162945E+001 -0.2157817E+001  0.0000000E+000
 119.000    29041982  0.5602323E+001  0.4278150E+001  0.3650127E+001  0.5239906E+001 -0.2183050E+001  0.0000000E+000
 120.000    30041982  0.5645952E+001  0.4284207E+001  0.3644246E+001  0.5321501E+001 -0.2204707E+001  0.0000000E+000
 121.000    01051982  0.5692853E+001  0.4290729E+001  0.3637690E+001  0.5416235E+001 -0.2233558E+001  0.0000000E+000
 122.000    02051982  0.5731776E+001  0.4295228E+001  0.3633177E+001  0.5512225E+001 -0.2270623E+001  0.0000000E+000
 123.000    03051982  0.5744352E+001  0.4296552E+001  0.3630724E+001  0.5583392E+001 -0.2311655E+001  0.0000000E+000
 124.000    04051982  0.5796586E+001  0.4297809E+001  0.3623973E+001  0.5692512E+001 -0.2350763E+001  0.0000000E+000
 125.000    05051982  0.5865925E+001  0.4301430E+001  0.3617678E+001  0.5816456E+001 -0.2386780E+001  0.0000000E+000
 126.000    06051982  0.5933938E+001  0.4305543E+001  0.3610403E+001  0.5950144E+001 -0.2430448E+001  0.0000000E+000
 127.000    07051982  0.6003650E+001  0.4306754E+001  0.3596056E+001  0.6104203E+001 -0.2487777E+001  0.0000000E+000
 128.000    08051982  0.6067086E+001  0.4307992E+001  0.3584876E+001  0.6237029E+001 -0.2535255E+001  0.0000000E+000
 129.000    09051982  0.4606838E+001  0.4311457E+001  0.3572734E+001  0.6357168E+001 -0.2578968E+001  0.0000000E+000
 130.000    10051982  0.4644142E+001  0.4316645E+001  0.3587799E+001  0.6452520E+001 -0.2615611E+001  0.0000000E+000
 131.000    11051982  0.4683703E+001  0.4321402E+001  0.3600957E+001  0.6553088E+001 -0.2655071E+001  0.0000000E+000
 132.000    12051982  0.4754172E+001  0.4325227E+001  0.3613631E+001  0.6692559E+001 -0.2700815E+001  0.0000000E+000
 133.000    13051982  0.4806648E+001  0.4326495E+001  0.3630397E+001  0.6828933E+001 -0.2758950E+001  0.0000000E+000
 134.000    14051982  0.4841942E+001  0.4323939E+001  0.3646302E+001  0.6951575E+001 -0.2821708E+001  0.0000000E+000
 135.000    15051982  0.4902948E+001  0.4322380E+001  0.3651869E+001  0.7090662E+001 -0.2877010E+001  0.0000000E+000
 136.000    16051982  0.4982270E+001  0.4322298E+001  0.3654403E+001  0.7251776E+001 -0.2932782E+001  0.0000000E+000
 137.000    17051982  0.5009082E+001  0.4319449E+001  0.3665308E+001  0.7360741E+001 -0.2990519E+001  0.0000000E+000
 138.000    18051982  0.5018038E+001  0.4315528E+001  0.3663379E+001  0.7445619E+001 -0.3043954E+001  0.0000000E+000
 139.000    19051982  0.5059832E+001  0.4311604E+001  0.3658294E+001  0.7558270E+001 -0.3094066E+001  0.0000000E+000
 140.000    20051982  0.5068171E+001  0.4305815E+001  0.3650309E+001  0.7636599E+001 -0.3142495E+001  0.0000000E+000
 141.000    21051982  0.5078296E+001  0.4298505E+001  0.3648497E+001  0.7712222E+001 -0.3188925E+001  0.0000000E+000
 142.000    22051982  0.5094158E+001  0.4288718E+001  0.3640429E+001  0.7792910E+001 -0.3234881E+001  0.0000000E+000
 143.000    23051982  0.5161795E+001  0.4280422E+001  0.3633476E+001  0.7928384E+001 -0.3283149E+001  0.0000000E+000
 144.000    24051982  0.5165407E+001  0.4271737E+001  0.3640123E+001  0.7999933E+001 -0.3333698E+001  0.0000000E+000
 145.000    25051982  0.5182605E+001  0.4261764E+001  0.3639552E+001  0.8076509E+001 -0.3378174E+001  0.0000000E+000
 146.000    26051982  0.5253039E+001  0.4251855E+001  0.3639858E+001  0.8210174E+001 -0.3425830E+001  0.0000000E+000
 147.000    27051982  0.4336302E+001  0.4241424E+001  0.3642215E+001  0.8285886E+001 -0.3476603E+001  0.0000000E+000
 148.000    28051982  0.4356688E+001  0.4230002E+001  0.3667102E+001  0.8368706E+001 -0.3525582E+001  0.0000000E+000
 149.000    29051982  0.4384964E+001  0.4216454E+001  0.3683444E+001  0.8464198E+001 -0.3578784E+001  0.0000000E+000
 150.000    30051982  0.4442989E+001  0.4200926E+001  0.3709246E+001  0.8591989E+001 -0.3637024E+001  0.0000000E+000
 151.000    31051982  0.4499348E+001  0.4184753E+001  0.3744666E+001  0.8720526E+001 -0.3700002E+001  0.0000000E+000
 152.000    01061982  0.4531766E+001  0.4169751E+001  0.3768305E+001  0.8814643E+001 -0.3754331E+001  0.0000000E+000
 153.000    02061982  0.4602456E+001  0.4158186E+001  0.3786562E+001  0.8939346E+001 -0.3800915E+001  0.0000000E+000
 154.000    03061982  0.4668713E+001  0.4148678E+001  0.3837410E+001  0.9069758E+001 -0.3856062E+001  0.0000000E+000
 155.000    04061982  0.4704386E+001  0.4136745E+001  0.3872110E+001  0.9170000E+001 -0.3913331E+001  0.0000000E+000
 156.000    05061982  0.4780717E+001  0.4125207E+001  0.3905117E+001  0.9305295E+001 -0.3966492E+001  0.0000000E+000
 157.000    06061982  0.4869196E+001  0.4118863E+001  0.3946989E+001  0.9447906E+001 -0.4013612E+001  0.0000000E+000
 158.000    07061982  0.4944336E+001  0.4117450E+001  0.3984480E+001  0.9577634E+001 -0.4058584E+001  0.0000000E+000
 159.000    08061982  0.5006739E+001  0.4115884E+001  0.4029462E+001  0.9704710E+001 -0.4113030E+001  0.0000000E+000
 160.000    09061982  0.5036372E+001  0.4110057E+001  0.4068248E+001  0.9800492E+001 -0.4172108E+001  0.0000000E+000
 161.000    10061982  0.5126461E+001  0.4102806E+001  0.4113228E+001  0.9948743E+001 -0.4225747E+001  0.0000000E+000
 162.000    11061982  0.5196093E+001  0.4100003E+001  0.4150765E+001  0.1007424E+002 -0.4273743E+001  0.0000000E+000
 163.000    12061982  0.5252714E+001  0.4098483E+001  0.4186659E+001  0.1018912E+002 -0.4323155E+001  0.0000000E+000
 164.000    13061982  0.5291875E+001  0.4095531E+001  0.4225903E+001  0.1028738E+002 -0.4375128E+001  0.0000000E+000
 165.000    14061982  0.4498991E+001  0.4091472E+001  0.4266759E+001  0.1041157E+002 -0.4427922E+001  0.0000000E+000
 166.000    15061982  0.4595557E+001  0.4088384E+001  0.4324067E+001  0.1057343E+002 -0.4485922E+001  0.0000000E+000
 167.000    16061982  0.4651251E+001  0.4081760E+001  0.4391956E+001  0.1070975E+002 -0.4560866E+001  0.0000000E+000
 168.000    17061982  0.4712791E+001  0.4072202E+001  0.4453085E+001  0.1084329E+002 -0.4629754E+001  0.0000000E+000
 169.000    18061982  0.4776877E+001  0.4064342E+001  0.4494787E+001  0.1097086E+002 -0.4689902E+001  0.0000000E+000
 170.000    19061982  0.4842993E+001  0.4057498E+001  0.4544313E+001  0.1110390E+002 -0.4752504E+001  0.0000000E+000
 171.000    20061982  0.4922733E+001  0.4049466E+001  0.4593156E+001  0.1125460E+002 -0.4819758E+001  0.0000000E+000
 172.000    21061982  0.5262632E+001  0.4048561E+001  0.4681592E+001  0.1169333E+002 -0.4907874E+001  0.0000000E+000
 173.000    22061982  0.5625886E+001  0.4063312E+001  0.4799135E+001  0.1217737E+002 -0.5004449E+001  0.0000000E+000
 174.000    23061982  0.4697775E+001  0.4090072E+001  0.4946122E+001  0.1271285E+002 -0.5127028E+001  0.0000000E+000
 175.000    24061982  0.5046962E+001  0.4124414E+001  0.5085581E+001  0.1322404E+002 -0.5245045E+001  0.0000000E+000
 176.000    25061982  0.5398427E+001  0.4168174E+001  0.5220310E+001  0.1375616E+002 -0.5372074E+001  0.0000000E+000
 177.000    26061982  0.5756957E+001  0.4214102E+001  0.5355874E+001  0.1431874E+002 -0.5518934E+001  0.0000000E+000
 178.000    27061982  0.6114898E+001  0.4263033E+001  0.5490933E+001  0.1490186E+002 -0.5682618E+001  0.0000000E+000
 179.000    28061982  0.6453296E+001  0.4314654E+001  0.5595615E+001  0.1545201E+002 -0.5830773E+001  0.0000000E+000
 180.000    29061982  0.6801765E+001  0.4371409E+001  0.5702011E+001  0.1602616E+002 -0.5987020E+001  0.0000000E+000
 181.000    30061982  0.7135574E+001  0.4431233E+001  0.5797637E+001  0.1658532E+002 -0.6139710E+001  0.0000000E+000
 182.000    01071982  0.7429129E+001  0.4498646E+001  0.5871229E+001  0.1709281E+002 -0.6273660E+001  0.0000000E+000
 183.000    02071982  0.7738549E+001  0.4576895E+001  0.5940771E+001  0.1763014E+002 -0.6409292E+001  0.0000000E+000
 184.000    03071982  0.8060921E+001  0.4647166E+001  0.6025721E+001  0.1820407E+002 -0.6574162E+001  0.0000000E+000
 185.000    04071982  0.8368473E+001  0.4715117E+001  0.6101924E+001  0.1876173E+002 -0.6739896E+001  0.0000000E+000
 186.000    05071982  0.8618584E+001  0.4786589E+001  0.6167948E+001  0.1924125E+002 -0.6881427E+001  0.0000000E+000
 187.000    06071982  0.8901819E+001  0.4865425E+001  0.6224420E+001  0.1975820E+002 -0.7019730E+001  0.0000000E+000
 188.000    07071982  0.9185086E+001  0.4945077E+001  0.6279396E+001  0.2028641E+002 -0.7167029E+001  0.0000000E+000
 189.000    08071982  0.9481036E+001  0.5024556E+001  0.6345648E+001  0.2084941E+002 -0.7337939E+001  0.0000000E+000
 190.000    09071982  0.9771607E+001  0.5101240E+001  0.6402257E+001  0.2140739E+002 -0.7513104E+001  0.0000000E+000
 191.000    10071982  0.1003611E+002  0.5176185E+001  0.6456367E+001  0.2192608E+002 -0.7677146E+001  0.0000000E+000
 192.000    11071982  0.1031501E+002  0.5253995E+001  0.6502450E+001  0.2245919E+002 -0.7838979E+001  0.0000000E+000
 193.000    12071982  0.1059590E+002  0.5330045E+001  0.6548664E+001  0.2300107E+002 -0.8009237E+001  0.0000000E+000
 194.000    13071982  0.1085169E+002  0.5406639E+001  0.6587459E+001  0.2351100E+002 -0.8171653E+001  0.0000000E+000
 195.000    14071982  0.1112308E+002  0.5483820E+001  0.6628964E+001  0.2403892E+002 -0.8335853E+001  0.0000000E+000
 196.000    15071982  0.1140218E+002  0.5560761E+001  0.6668486E+001  0.2458269E+002 -0.8508124E+001  0.0000000E+000
 197.000    16071982  0.1168230E+002  0.5635556E+001  0.6706297E+001  0.2513313E+002 -0.8687667E+001  0.0000000E+000
 198.000    17071982  0.1196302E+002  0.5709727E+001  0.6741618E+001  0.2568120E+002 -0.8865041E+001  0.0000000E+000
 199.000    18071982  0.1224095E+002  0.5780300E+001  0.6775040E+001  0.2623532E+002 -0.9054858E+001  0.0000000E+000
 200.000    19071982  0.1252059E+002  0.5845707E+001  0.6810115E+001  0.2678845E+002 -0.9247929E+001  0.0000000E+000
 201.000    20071982  0.1279225E+002  0.5909537E+001  0.6840682E+001  0.2732517E+002 -0.9435458E+001  0.0000000E+000
 202.000    21071982  0.1307070E+002  0.5973061E+001  0.6870666E+001  0.2787273E+002 -0.9627087E+001  0.0000000E+000
 203.000    22071982  0.1336629E+002  0.6037250E+001  0.6896584E+001  0.2843170E+002 -0.9813509E+001  0.0000000E+000
 204.000    23071982  0.1364482E+002  0.6102417E+001  0.6924815E+001  0.2896826E+002 -0.9994185E+001  0.0000000E+000
 205.000    24071982  0.1391546E+002  0.6168686E+001  0.6949258E+001  0.2949316E+002 -0.1016813E+002  0.0000000E+000
 206.000    25071982  0.1419848E+002  0.6234896E+001  0.6973673E+001  0.3003171E+002 -0.1034264E+002  0.0000000E+000
 207.000    26071982  0.1447994E+002  0.6300019E+001  0.7000005E+001  0.3059196E+002 -0.1054302E+002  0.0000000E+000
 208.000    27071982  0.1478562E+002  0.6351920E+001  0.7026755E+001  0.3117682E+002 -0.1075711E+002  0.0000000E+000
 209.000    28071982  0.1508854E+002  0.6400487E+001  0.7048299E+001  0.3174445E+002 -0.1095946E+002  0.0000000E+000
 210.000    29071982  0.1537132E+002  0.6451992E+001  0.7068972E+001  0.3227921E+002 -0.1114742E+002  0.0000000E+000
 211.000    30071982  0.1567137E+002  0.6506893E+001  0.7087665E+001  0.3282817E+002 -0.1132784E+002  0.0000000E+000
 212.000    31071982  0.1595943E+002  0.6560700E+001  0.7102959E+001  0.3336413E+002 -0.1150832E+002  0.0000000E+000
 213.000    01081982  0.1626106E+002  0.6617510E+001  0.7120938E+001  0.3391617E+002 -0.1168925E+002  0.0000000E+000
 214.000    02081982  0.1657277E+002  0.6672295E+001  0.7135830E+001  0.3449356E+002 -0.1188663E+002  0.0000000E+000
 215.000    03081982  0.1689215E+002  0.6725765E+001  0.7149730E+001  0.3506798E+002 -0.1207245E+002  0.0000000E+000
 216.000    04081982  0.1719283E+002  0.6774573E+001  0.7163234E+001  0.3564041E+002 -0.1228034E+002  0.0000000E+000
 217.000    05081982  0.1752337E+002  0.6818807E+001  0.7177119E+001  0.3622977E+002 -0.1248169E+002  0.0000000E+000
 218.000    06081982  0.1785259E+002  0.6857001E+001  0.7189009E+001  0.3681894E+002 -0.1268694E+002  0.0000000E+000
 219.000    07081982  0.1818891E+002  0.6892685E+001  0.7199954E+001  0.3741312E+002 -0.1289486E+002  0.0000000E+000
 220.000    08081982  0.1852285E+002  0.6927790E+001  0.7209479E+001  0.3798901E+002 -0.1308736E+002  0.0000000E+000
 221.000    09081982  0.1884085E+002  0.6959929E+001  0.7219422E+001  0.3854343E+002 -0.1327442E+002  0.0000000E+000
 222.000    10081982  0.1918134E+002  0.6995407E+001  0.7230464E+001  0.3911846E+002 -0.1345923E+002  0.0000000E+000
 223.000    11081982  0.1951194E+002  0.7030365E+001  0.7238399E+001  0.3968313E+002 -0.1364387E+002  0.0000000E+000
 224.000    12081982  0.1981239E+002  0.7067840E+001  0.7243494E+001  0.4020027E+002 -0.1380961E+002  0.0000000E+000
 225.000    13081982  0.2011921E+002  0.7110386E+001  0.7250251E+001  0.4071423E+002 -0.1396134E+002  0.0000000E+000
 226.000    14081982  0.2044655E+002  0.7150423E+001  0.7255401E+001  0.4126854E+002 -0.1413010E+002  0.0000000E+000
 227.000    15081982  0.2078244E+002  0.7190135E+001  0.7263754E+001  0.4184115E+002 -0.1431020E+002  0.0000000E+000
 228.000    16081982  0.2112174E+002  0.7224255E+001  0.7269382E+001  0.4242150E+002 -0.1450428E+002  0.0000000E+000
 229.000    17081982  0.2144973E+002  0.7252842E+001  0.7272964E+001  0.4297110E+002 -0.1468100E+002  0.0000000E+000
 230.000    18081982  0.2176825E+002  0.7285988E+001  0.7278884E+001  0.4350081E+002 -0.1484346E+002  0.0000000E+000
 231.000    19081982  0.2210387E+002  0.7321435E+001  0.7282621E+001  0.4406031E+002 -0.1501640E+002  0.0000000E+000
 232.000    20081982  0.2244022E+002  0.7353900E+001  0.7288200E+001  0.4463875E+002 -0.1520895E+002  0.0000000E+000
 233.000    21081982  0.2277477E+002  0.7376145E+001  0.7291061E+001  0.4521805E+002 -0.1541430E+002  0.0000000E+000
 234.000    22081982  0.2311353E+002  0.7408139E+001  0.7291069E+001  0.4576366E+002 -0.1557512E+002  0.0000000E+000
 235.000    23081982  0.2346214E+002  0.7437061E+001  0.7292268E+001  0.4634774E+002 -0.1576486E+002  0.0000000E+000
 236.000    24081982  0.2380258E+002  0.7458703E+001  0.7289167E+001  0.4693654E+002 -0.1597221E+002  0.0000000E+000
 237.000    25081982  0.2414680E+002  0.7476990E+001  0.7285178E+001  0.4753055E+002 -0.1618602E+002  0.0000000E+000
 238.000    26081982  0.2447724E+002  0.7503677E+001  0.7280828E+001  0.4806810E+002 -0.1635042E+002  0.0000000E+000
 239.000    27081982  0.2481820E+002  0.7539719E+001  0.7274985E+001  0.4862937E+002 -0.1651871E+002  0.0000000E+000
 240.000    28081982  0.2514872E+002  0.7564563E+001  0.7262947E+001  0.4919482E+002 -0.1670606E+002  0.0000000E+000
 241.000    29081982  0.2541987E+002  0.7597831E+001  0.7253842E+001  0.4965158E+002 -0.1684207E+002  0.0000000E+000
 242.000    30081982  0.2572180E+002  0.7646910E+001  0.7248253E+001  0.5013751E+002 -0.1696270E+002  0.0000000E+000
 243.000    31081982  0.2602839E+002  0.7690778E+001  0.7240147E+001  0.5065794E+002 -0.1711438E+002  0.0000000E+000
 244.000    01091982  0.2632544E+002  0.7728974E+001  0.7230412E+001  0.5118292E+002 -0.1728551E+002  0.0000000E+000
 245.000    02091982  0.2663596E+002  0.7754890E+001  0.7214709E+001  0.5175513E+002 -0.1749682E+002  0.0000000E+000
 246.000    03091982  0.2695943E+002  0.7769979E+001  0.7190523E+001  0.5234376E+002 -0.1771613E+002  0.0000000E+000
 247.000    04091982  0.2725628E+002  0.7794274E+001  0.7172920E+001  0.5285116E+002 -0.1787782E+002  0.0000000E+000
 248.000    05091982  0.2755640E+002  0.7832979E+001  0.7153437E+001  0.5335233E+002 -0.1801404E+002  0.0000000E+000
 249.000    06091982  0.2784652E+002  0.7873855E+001  0.7133264E+001  0.5385134E+002 -0.1815547E+002  0.0000000E+000
 250.000    07091982  0.2813929E+002  0.7915734E+001  0.7112808E+001  0.5436120E+002 -0.1830292E+002  0.0000000E+000
 251.000    08091982  0.2842161E+002  0.7956130E+001  0.7090774E+001  0.5486345E+002 -0.1845229E+002  0.0000000E+000
 252.000    09091982  0.2869647E+002  0.7991967E+001  0.7065865E+001  0.5536133E+002 -0.1860661E+002  0.0000000E+000
 253.000    10091982  0.2897955E+002  0.8025519E+001  0.7040663E+001  0.5586670E+002 -0.1876251E+002  0.0000000E+000
 254.000    11091982  0.2926858E+002  0.8059267E+001  0.7011823E+001  0.5639291E+002 -0.1892725E+002  0.0000000E+000
 255.000    12091982  0.2955247E+002  0.8086320E+001  0.6974877E+001  0.5692794E+002 -0.1910660E+002  0.0000000E+000
 256.000    13091982  0.2984560E+002  0.8102420E+001  0.6935253E+001  0.5748184E+002 -0.1930284E+002  0.0000000E+000
 257.000    14091982  0.3014301E+002  0.8117998E+001  0.6901898E+001  0.5801702E+002 -0.1948163E+002  0.0000000E+000
 258.000    15091982  0.3043600E+002  0.8135115E+001  0.6868495E+001  0.5853990E+002 -0.1965317E+002  0.0000000E+000
 259.000    16091982  0.3073072E+002  0.8149728E+001  0.6832179E+001  0.5908887E+002 -0.1984580E+002  0.0000000E+000
 260.000    17091982  0.3102529E+002  0.8164296E+001  0.6793979E+001  0.5962268E+002 -0.2002238E+002  0.0000000E+000
 261.000    18091982  0.3131863E+002  0.8184362E+001  0.6757827E+001  0.6015140E+002 -0.2019186E+002  0.0000000E+000
 262.000    19091982  0.3155877E+002  0.8198903E+001  0.6726575E+001  0.6059645E+002 -0.2034344E+002  0.0000000E+000
 263.000    20091982  0.3184987E+002  0.8218756E+001  0.6695877E+001  0.6110314E+002 -0.2049862E+002  0.0000000E+000
 264.000    21091982  0.3211136E+002  0.8240508E+001  0.6665781E+001  0.6156400E+002 -0.2064008E+002  0.0000000E+000
 265.000    22091982  0.3234175E+002  0.8268692E+001  0.6644226E+001  0.6196782E+002 -0.2075639E+002  0.0000000E+000
 266.000    23091982  0.3254012E+002  0.8304462E+001  0.6629539E+001  0.6231448E+002 -0.2084684E+002  0.0000000E+000
 267.000    24091982  0.3275396E+002  0.8348537E+001  0.6617009E+001  0.6267581E+002 -0.2092911E+002  0.0000000E+000
 268.000    25091982  0.3299552E+002  0.8389865E+001  0.6598649E+001  0.6310489E+002 -0.2104511E+002  0.0000000E+000
 269.000    26091982  0.3317854E+002  0.8419911E+001  0.6581680E+001  0.6346514E+002 -0.2116368E+002  0.0000000E+000
 270.000    27091982  0.3339870E+002  0.8448271E+001  0.6564228E+001  0.6386335E+002 -0.2128311E+002  0.0000000E+000
 271.000    28091982  0.3363763E+002  0.8477793E+001  0.6544229E+001  0.6428936E+002 -0.2140947E+002  0.0000000E+000
 272.000    29091982  0.3386974E+002  0.8505109E+001  0.6522934E+001  0.6471284E+002 -0.2154042E+002  0.0000000E+000
 273.000    30091982  0.3409709E+002  0.8532626E+001  0.6500631E+001  0.6512374E+002 -0.2166482E+002  0.0000000E+000
 274.000    01101982  0.3432505E+002  0.8560963E+001  0.6477711E+001  0.6553763E+002 -0.2179033E+002  0.0000000E+000
 275.000    02101982  0.3456637E+002  0.8588089E+001  0.6455038E+001  0.6597797E+002 -0.2192763E+002  0.0000000E+000
 276.000    03101982  0.3479926E+002  0.8606293E+001  0.6429451E+001  0.6641267E+002 -0.2207283E+002  0.0000000E+000
 277.000    04101982  0.3505068E+002  0.8624780E+001  0.6398297E+001  0.6687507E+002 -0.2222418E+002  0.0000000E+000
 278.000    05101982  0.3530839E+002  0.8638184E+001  0.6362408E+001  0.6735772E+002 -0.2238954E+002  0.0000000E+000
 279.000    06101982  0.3556235E+002  0.8647396E+001  0.6326338E+001  0.6782948E+002 -0.2255180E+002  0.0000000E+000
 280.000    07101982  0.3581416E+002  0.8658390E+001  0.6291301E+001  0.6827671E+002 -0.2269447E+002  0.0000000E+000
 281.000    08101982  0.3602412E+002  0.8674550E+001  0.6263173E+001  0.6865839E+002 -0.2281542E+002  0.0000000E+000
 282.000    09101982  0.3627284E+002  0.8689996E+001  0.6230477E+001  0.6910992E+002 -0.2296026E+002  0.0000000E+000
 283.000    10101982  0.3644967E+002  0.8702733E+001  0.6203370E+001  0.6945480E+002 -0.2308127E+002  0.0000000E+000
 284.000    11101982  0.3661924E+002  0.8727316E+001  0.6185413E+001  0.6975420E+002 -0.2316317E+002  0.0000000E+000
 285.000    12101982  0.3682199E+002  0.8756054E+001  0.6164476E+001  0.7010769E+002 -0.2325698E+002  0.0000000E+000
 286.000    13101982  0.3697641E+002  0.8780151E+001  0.6141139E+001  0.7041634E+002 -0.2335751E+002  0.0000000E+000
 287.000    14101982  0.3713985E+002  0.8796143E+001  0.6114667E+001  0.7073892E+002 -0.2346419E+002  0.0000000E+000
 288.000    15101982  0.3729176E+002  0.8823297E+001  0.6099651E+001  0.7101852E+002 -0.2354169E+002  0.0000000E+000
 289.000    16101982  0.3744637E+002  0.8854305E+001  0.6085071E+001  0.7129871E+002 -0.2361450E+002  0.0000000E+000
 290.000    17101982  0.3754722E+002  0.8891502E+001  0.6074820E+001  0.7149734E+002 -0.2365880E+002  0.0000000E+000
 291.000    18101982  0.3766101E+002  0.8934082E+001  0.6060713E+001  0.7171523E+002 -0.2370140E+002  0.0000000E+000
 292.000    19101982  0.3782875E+002  0.8975836E+001  0.6046474E+001  0.7202146E+002 -0.2377431E+002  0.0000000E+000
 293.000    20101982  0.3801374E+002  0.9000465E+001  0.6023466E+001  0.7238908E+002 -0.2389650E+002  0.0000000E+000
 294.000    21101982  0.3815908E+002  0.9015887E+001  0.6001293E+001  0.7271697E+002 -0.2401175E+002  0.0000000E+000
 295.000    22101982  0.3785036E+002  0.9037079E+001  0.5988382E+001  0.7292993E+002 -0.2408429E+002  0.0000000E+000
 296.000    23101982  0.3755235E+002  0.9069411E+001  0.5978780E+001  0.7310222E+002 -0.2412792E+002  0.0000000E+000
 297.000    24101982  0.3724251E+002  0.9104410E+001  0.5972471E+001  0.7322894E+002 -0.2416326E+002  0.0000000E+000
 298.000    25101982  0.3695978E+002  0.9135532E+001  0.5964509E+001  0.7336686E+002 -0.2420585E+002  0.0000000E+000
 299.000    26101982  0.3676303E+002  0.9161900E+001  0.5952995E+001  0.7358655E+002 -0.2426502E+002  0.0000000E+000
 300.000    27101982  0.3658396E+002  0.9191193E+001  0.5942357E+001  0.7379985E+002 -0.2431908E+002  0.0000000E+000
 301.000    28101982  0.3643810E+002  0.9221943E+001  0.5930096E+001  0.7403668E+002 -0.2437867E+002  0.0000000E+000
 302.000    29101982  0.3630215E+002  0.9253962E+001  0.5917579E+001  0.7426936E+002 -0.2443802E+002  0.0000000E+000
 303.000    30101982  0.3620814E+002  0.9282719E+001  0.5899409E+001  0.7455329E+002 -0.2451895E+002  0.0000000E+000
 304.000    31101982  0.3613002E+002  0.9303181E+001  0.5876056E+001  0.7485530E+002 -0.2461873E+002  0.0000000E+000
 305.000    01111982  0.3607319E+002  0.9315430E+001  0.5849130E+001  0.7518154E+002 -0.2473751E+002  0.0000000E+000
 306.000    02111982  0.3603370E+002  0.9318703E+001  0.5815682E+001  0.7553165E+002 -0.2487547E+002  0.0000000E+000
 307.000    03111982  0.3597062E+002  0.9319301E+001  0.5787062E+001  0.7580879E+002 -0.2498822E+002  0.0000000E+000
 308.000    04111982  0.3594510E+002  0.9318016E+001  0.5751890E+001  0.7612939E+002 -0.2511041E+002  0.0000000E+000
 309.000    05111982  0.3581390E+002  0.9326542E+001  0.5735622E+001  0.7625775E+002 -0.2517092E+002  0.0000000E+000
 310.000    06111982  0.3568503E+002  0.9351979E+001  0.5721136E+001  0.7634401E+002 -0.2519156E+002  0.0000000E+000
 311.000    07111982  0.3559123E+002  0.9377478E+001  0.5708463E+001  0.7646044E+002 -0.2521269E+002  0.0000000E+000
 312.000    08111982  0.3549529E+002  0.9403455E+001  0.5694488E+001  0.7661578E+002 -0.2524104E+002  0.0000000E+000
 313.000    09111982  0.3458634E+002  0.9431206E+001  0.5681377E+001  0.7680768E+002 -0.2527861E+002  0.0000000E+000
 314.000    10111982  0.3375208E+002  0.9457915E+001  0.5666135E+001  0.7702806E+002 -0.2533333E+002  0.0000000E+000
 315.000    11111982  0.3295393E+002  0.9480003E+001  0.5652220E+001  0.7721708E+002 -0.2538773E+002  0.0000000E+000
 316.000    12111982  0.3224679E+002  0.9489471E+001  0.5623819E+001  0.7749685E+002 -0.2549072E+002  0.0000000E+000
 317.000    13111982  0.3150195E+002  0.9489446E+001  0.5600177E+001  0.7765830E+002 -0.2557942E+002  0.0000000E+000
 318.000    14111982  0.3080702E+002  0.9511587E+001  0.5587896E+001  0.7775721E+002 -0.2560392E+002  0.0000000E+000
 319.000    15111982  0.3017110E+002  0.9535620E+001  0.5580171E+001  0.7787013E+002 -0.2562899E+002  0.0000000E+000
 320.000    16111982  0.2955975E+002  0.9559482E+001  0.5567606E+001  0.7795707E+002 -0.2564879E+002  0.0000000E+000
 321.000    17111982  0.2903100E+002  0.9582312E+001  0.5553381E+001  0.7809922E+002 -0.2567689E+002  0.0000000E+000
 322.000    18111982  0.2856393E+002  0.9604466E+001  0.5538605E+001  0.7828812E+002 -0.2572324E+002  0.0000000E+000
 323.000    19111982  0.2810635E+002  0.9616465E+001  0.5520154E+001  0.7846275E+002 -0.2578802E+002  0.0000000E+000
 324.000    20111982  0.2770598E+002  0.9622559E+001  0.5496901E+001  0.7867665E+002 -0.2586712E+002  0.0000000E+000
 325.000    21111982  0.2735455E+002  0.9626944E+001  0.5473867E+001  0.7892395E+002 -0.2595608E+002  0.0000000E+000
 326.000    22111982  0.2702307E+002  0.9633633E+001  0.5451140E+001  0.7915787E+002 -0.2603845E+002  0.0000000E+000
 327.000    23111982  0.2672701E+002  0.9642971E+001  0.5424265E+001  0.7941535E+002 -0.2612773E+002  0.0000000E+000
 328.000    24111982  0.2644240E+002  0.9646787E+001  0.5393286E+001  0.7966958E+002 -0.2622654E+002  0.0000000E+000
 329.000    25111982  0.2609027E+002  0.9667246E+001  0.5381663E+001  0.7975151E+002 -0.2625677E+002  0.0000000E+000
 330.000    26111982  0.2577415E+002  0.9692230E+001  0.5369714E+001  0.7986107E+002 -0.2628010E+002  0.0000000E+000
 331.000    27111982  0.2514208E+002  0.9715753E+001  0.5358771E+001  0.7999456E+002 -0.2631445E+002  0.0000000E+000
 332.000    28111982  0.2451412E+002  0.9737485E+001  0.5350541E+001  0.8007463E+002 -0.2634344E+002  0.0000000E+000
 333.000    29111982  0.2402465E+002  0.9750431E+001  0.5326789E+001  0.8031025E+002 -0.2641563E+002  0.0000000E+000
 334.000    30111982  0.2352822E+002  0.9758655E+001  0.5308478E+001  0.8049307E+002 -0.2648516E+002  0.0000000E+000
 335.000    01121982  0.2312519E+002  0.9767490E+001  0.5285646E+001  0.8071298E+002 -0.2656132E+002  0.0000000E+000
 336.000    02121982  0.2274704E+002  0.9768565E+001  0.5252343E+001  0.8095954E+002 -0.2666168E+002  0.0000000E+000
 337.000    03121982  0.2239296E+002  0.9767933E+001  0.5218902E+001  0.8119936E+002 -0.2676008E+002  0.0000000E+000
 338.000    04121982  0.2205230E+002  0.9764090E+001  0.5182852E+001  0.8143654E+002 -0.2686388E+002  0.0000000E+000
 339.000    05121982  0.2175591E+002  0.9758944E+001  0.5142991E+001  0.8169634E+002 -0.2696578E+002  0.0000000E+000
 340.000    06121982  0.2143893E+002  0.9753337E+001  0.5107128E+001  0.8190358E+002 -0.2706288E+002  0.0000000E+000
 341.000    07121982  0.2113711E+002  0.9762464E+001  0.5092197E+001  0.8203823E+002 -0.2710946E+002  0.0000000E+000
 342.000    08121982  0.2084007E+002  0.9779911E+001  0.5080461E+001  0.8213688E+002 -0.2713715E+002  0.0000000E+000
 343.000    09121982  0.2058012E+002  0.9799020E+001  0.5067843E+001  0.8225917E+002 -0.2716763E+002  0.0000000E+000
 344.000    10121982  0.2029643E+002  0.9817800E+001  0.5057738E+001  0.8232091E+002 -0.2718669E+002  0.0000000E+000
 345.000    11121982  0.2006302E+002  0.9835255E+001  0.5047242E+001  0.8241961E+002 -0.2720791E+002  0.0000000E+000
 346.000    12121982  0.1978529E+002  0.9851052E+001  0.5041341E+001  0.8244758E+002 -0.2722545E+002  0.0000000E+000
 347.000    13121982  0.1952223E+002  0.9863763E+001  0.5029842E+001  0.8246179E+002 -0.2723643E+002  0.0000000E+000
 348.000    14121982  0.1928344E+002  0.9870717E+001  0.5022713E+001  0.8249501E+002 -0.2724726E+002  0.0000000E+000
 349.000    15121982  0.1877908E+002  0.9879915E+001  0.5012229E+001  0.8259353E+002 -0.2726721E+002  0.0000000E+000
 350.000    16121982  0.1833502E+002  0.9888625E+001  0.4994009E+001  0.8276346E+002 -0.2731410E+002  0.0000000E+000
 351.000    17121982  0.1786163E+002  0.9897693E+001  0.4986594E+001  0.8282108E+002 -0.2733133E+002  0.0000000E+000
 352.000    18121982  0.1740955E+002  0.9906025E+001  0.4975604E+001  0.8285685E+002 -0.2734422E+002  0.0000000E+000
 353.000    19121982  0.1704853E+002  0.9912822E+001  0.4965962E+001  0.8288085E+002 -0.2735705E+002  0.0000000E+000
 354.000    20121982  0.1673680E+002  0.9917646E+001  0.4959303E+001  0.8293539E+002 -0.2737367E+002  0.0000000E+000
 355.000    21121982  0.1644638E+002  0.9922255E+001  0.4950355E+001  0.8298515E+002 -0.2738710E+002  0.0000000E+000
 356.000    22121982  0.1618013E+002  0.9924900E+001  0.4941504E+001  0.8303745E+002 -0.2740026E+002  0.0000000E+000
 357.000    23121982  0.1596401E+002  0.9929366E+001  0.4932056E+001  0.8313645E+002 -0.2742120E+002  0.0000000E+000
 358.000    24121982  0.1578852E+002  0.9936795E+001  0.4922749E+001  0.8328077E+002 -0.2745365E+002  0.0000000E+000
 359.000    25121982  0.1563907E+002  0.9943100E+001  0.4899358E+001  0.8348937E+002 -0.2751691E+002  0.0000000E+000
 360.000    26121982  0.1549219E+002  0.9938317E+001  0.4873087E+001  0.8369920E+002 -0.2759987E+002  0.0000000E+000
 361.000    27121982  0.1535351E+002  0.9926741E+001  0.4850822E+001  0.8387898E+002 -0.2767350E+002  0.0000000E+000
 362.000    28121982  0.1523342E+002  0.9915636E+001  0.4824982E+001  0.8407694E+002 -0.2775452E+002  0.0000000E+000
 363.000    29121982  0.1509579E+002  0.9899352E+001  0.4796038E+001  0.8425333E+002 -0.2784324E+002  0.0000000E+000
 364.000    30121982  0.1493386E+002  0.9898240E+001  0.4785577E+001  0.8433598E+002 -0.2788670E+002  0.0000000E+000
 365.000    31121982  0.1477329E+002  0.9908070E+001  0.4780188E+001  0.8438814E+002 -0.2790786E+002  0.0000000E+000
