    DOY     DATE    RESIDUE_C       HUMUS_C         ATM_CO2         NBP             ECO_LAI         ECO_GPP         ECO_RA          ECO_NPP         ECO_RH          
   1.000    01011982  0.8133592E+003  0.6793762E+004  0.3406120E+003  0.1401856E+001  0.1216527E+002  0.3344579E+001 -0.1854412E+001  0.1490167E+001 -0.1787968E+000
   2.000    02011982  0.8139991E+003  0.6793814E+004  0.3406120E+003  0.1827688E+001  0.1214809E+002  0.5645711E+001 -0.3586434E+001  0.2059276E+001 -0.3740215E+000
   3.000    03011982  0.8147808E+003  0.6793866E+004  0.3406120E+003  0.2161927E+001  0.1212897E+002  0.7737835E+001 -0.5206521E+001  0.2531314E+001 -0.5695650E+000
   4.000    04011982  0.8151684E+003  0.6793917E+004  0.3406120E+003  0.4307908E+001  0.1212375E+002  0.1352887E+002 -0.8726227E+001  0.4802638E+001 -0.7852879E+000
   5.000    05011982  0.8155866E+003  0.6793965E+004  0.3406120E+003  0.4398372E+001  0.1210688E+002  0.1598229E+002 -0.1093563E+002  0.5046665E+001 -0.1048997E+001
   6.000    06011982  0.8161369E+003  0.6794017E+004  0.3406120E+003  0.5673103E+001  0.1209439E+002  0.1950929E+002 -0.1305560E+002  0.6453699E+001 -0.1261961E+001
   7.000    07011982  0.8161073E+003  0.6794060E+004  0.3406120E+003  0.6866406E+001  0.1209468E+002  0.2470134E+002 -0.1678186E+002  0.7919486E+001 -0.1585653E+001
   8.000    08011982  0.8164728E+003  0.6794102E+004  0.3406120E+003  0.6062504E+001  0.1207678E+002  0.2681641E+002 -0.1938141E+002  0.7435004E+001 -0.1923503E+001
   9.000    09011982  0.8171754E+003  0.6794156E+004  0.3406120E+003  0.6426224E+001  0.1205810E+002  0.2891620E+002 -0.2097481E+002  0.7941390E+001 -0.2113950E+001
  10.000    10011982  0.8178443E+003  0.6794210E+004  0.3406120E+003 -0.1133574E+002  0.1204180E+002  0.2897276E+002 -0.2210342E+002  0.6869340E+001 -0.2270144E+001
  11.000    11011982  0.8183156E+003  0.6794267E+004  0.3406120E+003 -0.1492480E+002  0.1203117E+002  0.2899594E+002 -0.2298303E+002  0.6012915E+001 -0.2397775E+001
  12.000    12011982  0.8189877E+003  0.6794324E+004  0.3406120E+003 -0.1548272E+002  0.1201607E+002  0.2920858E+002 -0.2401487E+002  0.5193715E+001 -0.2510250E+001
  13.000    13011982  0.8198140E+003  0.6794377E+004  0.3406120E+003 -0.1585882E+002  0.1199679E+002  0.2965662E+002 -0.2520058E+002  0.4456041E+001 -0.2630796E+001
  14.000    14011982  0.8207249E+003  0.6794430E+004  0.3406120E+003 -0.1601800E+002  0.1197517E+002  0.3044800E+002 -0.2651204E+002  0.3935963E+001 -0.2761801E+001
  15.000    15011982  0.8215079E+003  0.6794482E+004  0.3406120E+003 -0.1645337E+002  0.1195691E+002  0.3082773E+002 -0.2768077E+002  0.3146965E+001 -0.2894407E+001
  16.000    16011982  0.8223276E+003  0.6794534E+004  0.3406120E+003 -0.1642899E+002  0.1193751E+002  0.3177250E+002 -0.2894369E+002  0.2828810E+001 -0.3026636E+001
  17.000    17011982  0.8230475E+003  0.6794587E+004  0.3406120E+003 -0.1717945E+002  0.1192054E+002  0.3179483E+002 -0.3004590E+002  0.1748926E+001 -0.3158636E+001
  18.000    18011982  0.8237391E+003  0.6794639E+004  0.3406120E+003 -0.1733963E+002  0.1190472E+002  0.3243179E+002 -0.3116243E+002  0.1269357E+001 -0.3288806E+001
  19.000    19011982  0.8246641E+003  0.6794691E+004  0.3406120E+003 -0.1727159E+002  0.1188281E+002  0.3354012E+002 -0.3251701E+002  0.1023104E+001 -0.3418939E+001
  20.000    20011982  0.8254280E+003  0.6794743E+004  0.3406120E+003 -0.1559642E+002  0.1186377E+002  0.3647992E+002 -0.3408462E+002  0.2395301E+001 -0.3549083E+001
  21.000    21011982  0.8263123E+003  0.6794795E+004  0.3406120E+003 -0.1484070E+002  0.1184261E+002  0.3848026E+002 -0.3563014E+002  0.2850118E+001 -0.3678161E+001
  22.000    22011982  0.8272374E+003  0.6794847E+004  0.3406120E+003 -0.1461088E+002  0.1182070E+002  0.3981492E+002 -0.3702900E+002  0.2785917E+001 -0.3807466E+001
  23.000    23011982  0.8279732E+003  0.6794898E+004  0.3406120E+003 -0.1236693E+002  0.1180207E+002  0.4338174E+002 -0.3863876E+002  0.4742980E+001 -0.3936311E+001
  24.000    24011982  0.8286891E+003  0.6794950E+004  0.3406120E+003 -0.1156611E+002  0.1178385E+002  0.4557651E+002 -0.4031642E+002  0.5260086E+001 -0.4065133E+001
  25.000    25011982  0.8295350E+003  0.6795002E+004  0.3406120E+003 -0.1133131E+002  0.1176404E+002  0.4680848E+002 -0.4159747E+002  0.5211014E+001 -0.4193612E+001
  26.000    26011982  0.8304685E+003  0.6795054E+004  0.3406120E+003 -0.1153977E+002  0.1174222E+002  0.4765959E+002 -0.4293772E+002  0.4721866E+001 -0.4321689E+001
  27.000    27011982  0.8312275E+003  0.6795106E+004  0.3406120E+003 -0.1194526E+002  0.1172512E+002  0.4804838E+002 -0.4400932E+002  0.4039054E+001 -0.4449388E+001
  28.000    28011982  0.8318720E+003  0.6795157E+004  0.3406120E+003 -0.1097532E+002  0.1170950E+002  0.5013711E+002 -0.4540231E+002  0.4734800E+001 -0.4576689E+001
  29.000    29011982  0.8325765E+003  0.6795209E+004  0.3406120E+003 -0.9791851E+001  0.1169178E+002  0.5262967E+002 -0.4698235E+002  0.5647323E+001 -0.4703612E+001
  30.000    30011982  0.8332439E+003  0.6795260E+004  0.3406120E+003 -0.7819814E+001  0.1167610E+002  0.5609382E+002 -0.4874267E+002  0.7351145E+001 -0.4830206E+001
  31.000    31011982  0.8334632E+003  0.6795312E+004  0.3406120E+003 -0.5044456E+001  0.1167044E+002  0.6157188E+002 -0.5170361E+002  0.9868270E+001 -0.4956257E+001
  32.000    01021982  0.8336613E+003  0.6795363E+004  0.3406120E+003 -0.2815744E+001  0.1165980E+002  0.6665202E+002 -0.5480634E+002  0.1184569E+002 -0.5081995E+001
  33.000    02021982  0.8345143E+003  0.6795415E+004  0.3406120E+003 -0.2317566E+001  0.1163962E+002  0.6841535E+002 -0.5632730E+002  0.1208805E+002 -0.5207578E+001
  34.000    03021982  0.8350977E+003  0.6795466E+004  0.3406120E+003  0.8875634E+000  0.1162770E+002  0.7371420E+002 -0.5865634E+002  0.1505786E+002 -0.5332546E+001
  35.000    04021982  0.8353427E+003  0.6795517E+004  0.3406120E+003  0.3553260E+001  0.1162077E+002  0.7919706E+002 -0.6171988E+002  0.1747717E+002 -0.5457567E+001
  36.000    05021982  0.8355625E+003  0.6795568E+004  0.3406120E+003  0.5700607E+001  0.1161079E+002  0.8351984E+002 -0.6414007E+002  0.1937977E+002 -0.5582270E+001
  37.000    06021982  0.8358574E+003  0.6795620E+004  0.3406120E+003  0.9796854E+001  0.1160431E+002  0.9005879E+002 -0.6683269E+002  0.2322611E+002 -0.5706689E+001
  38.000    07021982  0.8365583E+003  0.6795671E+004  0.3406120E+003  0.1002930E+002  0.1158338E+002  0.9171719E+002 -0.6850804E+002  0.2320915E+002 -0.5831297E+001
  39.000    08021982  0.8372541E+003  0.6795722E+004  0.3406120E+003  0.1196323E+002  0.1156965E+002  0.9515683E+002 -0.7026022E+002  0.2489661E+002 -0.5956478E+001
  40.000    09021982  0.8376959E+003  0.6795773E+004  0.3406120E+003  0.1519568E+002  0.1156047E+002  0.1003670E+003 -0.7247960E+002  0.2788744E+002 -0.6081538E+001
  41.000    10021982  0.8381410E+003  0.6795824E+004  0.3406120E+003  0.1564032E+002  0.1154687E+002  0.1032433E+003 -0.7461809E+002  0.2862518E+002 -0.6215429E+001
  42.000    11021982  0.8388181E+003  0.6795875E+004  0.3406120E+003  0.1659446E+002  0.1153258E+002  0.1067451E+003 -0.7628695E+002  0.3045816E+002 -0.6346653E+001
  43.000    12021982  0.8394443E+003  0.6795926E+004  0.3406120E+003  0.1783734E+002  0.1152047E+002  0.1104649E+003 -0.7811769E+002  0.3234718E+002 -0.6479581E+001
  44.000    13021982  0.8399424E+003  0.6795976E+004  0.3406120E+003  0.1896370E+002  0.1150783E+002  0.1138616E+003 -0.7993785E+002  0.3392370E+002 -0.6657161E+001
  45.000    14021982  0.8405771E+003  0.6796027E+004  0.3406120E+003  0.1998449E+002  0.1149547E+002  0.1170847E+003 -0.8178127E+002  0.3530342E+002 -0.6809834E+001
  46.000    15021982  0.8410567E+003  0.6796076E+004  0.3406120E+003  0.2188957E+002  0.1149063E+002  0.1221323E+003 -0.8461567E+002  0.3751661E+002 -0.7005440E+001
  47.000    16021982  0.8410695E+003  0.6796114E+004  0.3406120E+003  0.2295599E+002  0.1150087E+002  0.1283123E+003 -0.8943462E+002  0.3887771E+002 -0.7385726E+001
  48.000    17021982  0.8409884E+003  0.6796143E+004  0.3406120E+003  0.2527357E+002  0.1150651E+002  0.1359122E+003 -0.9438851E+002  0.4152365E+002 -0.7871110E+001
  49.000    18021982  0.8413903E+003  0.6796186E+004  0.3406120E+003  0.2583374E+002  0.1148692E+002  0.1388533E+003 -0.9648258E+002  0.4237076E+002 -0.8230669E+001
  50.000    19021982  0.8418408E+003  0.6796236E+004  0.3406120E+003  0.2799326E+002  0.1147721E+002  0.1434343E+003 -0.9866609E+002  0.4476816E+002 -0.8512988E+001
  51.000    20021982  0.8421630E+003  0.6796286E+004  0.3406120E+003  0.2968666E+002  0.1146836E+002  0.1478929E+003 -0.1012003E+003  0.4669261E+002 -0.8810429E+001
  52.000    21021982  0.8421701E+003  0.6796332E+004  0.3406120E+003  0.3292322E+002  0.1146698E+002  0.1543789E+003 -0.1041981E+003  0.5018076E+002 -0.9165072E+001
  53.000    22021982  0.8423844E+003  0.6796381E+004  0.3406120E+003  0.3457441E+002  0.1145752E+002  0.1584086E+003 -0.1063508E+003  0.5205779E+002 -0.9488798E+001
  54.000    23021982  0.8428077E+003  0.6796434E+004  0.3406120E+003  0.3629863E+002  0.1144604E+002  0.1626843E+003 -0.1087303E+003  0.5395401E+002 -0.9755592E+001
  55.000    24021982  0.8429800E+003  0.6796482E+004  0.3406120E+003  0.3827942E+002  0.1143890E+002  0.1689813E+003 -0.1128245E+003  0.5615678E+002 -0.1010128E+002
  56.000    25021982  0.8429399E+003  0.6796523E+004  0.3406120E+003  0.3941503E+002  0.1142569E+002  0.1736266E+003 -0.1160312E+003  0.5759542E+002 -0.1053633E+002
  57.000    26021982  0.8436820E+003  0.6796579E+004  0.3406120E+003  0.3937425E+002  0.1140032E+002  0.1752320E+003 -0.1175383E+003  0.5769366E+002 -0.1076702E+002
  58.000    27021982  0.8444886E+003  0.6796637E+004  0.3406120E+003  0.3897721E+002  0.1137963E+002  0.1763126E+003 -0.1189264E+003  0.5738620E+002 -0.1096786E+002
  59.000    28021982  0.8452364E+003  0.6796693E+004  0.3406120E+003  0.3932992E+002  0.1136045E+002  0.1782260E+003 -0.1203959E+003  0.5783013E+002 -0.1120033E+002
  60.000    01031982  0.8458272E+003  0.6796748E+004  0.3406120E+003  0.4086818E+002  0.1134357E+002  0.1814705E+003 -0.1219896E+003  0.5948090E+002 -0.1144838E+002
  61.000    02031982  0.8462950E+003  0.6796804E+004  0.3406120E+003  0.4320218E+002  0.1133257E+002  0.1864875E+003 -0.1245598E+003  0.6192771E+002 -0.1170355E+002
  62.000    03031982  0.8464293E+003  0.6796859E+004  0.3406120E+003  0.4673668E+002  0.1132552E+002  0.1932171E+003 -0.1276688E+003  0.6554830E+002 -0.1195971E+002
  63.000    04031982  0.8466712E+003  0.6796915E+004  0.3406120E+003  0.5010707E+002  0.1131499E+002  0.1992250E+003 -0.1302008E+003  0.6902428E+002 -0.1221447E+002
  64.000    05031982  0.8467121E+003  0.6796971E+004  0.3406120E+003  0.5344856E+002  0.1131401E+002  0.2065767E+003 -0.1341152E+003  0.7246151E+002 -0.1246470E+002
  65.000    06031982  0.8468541E+003  0.6797029E+004  0.3406120E+003  0.5535099E+002  0.1130256E+002  0.2115744E+003 -0.1371182E+003  0.7445618E+002 -0.1269762E+002
  66.000    07031982  0.8472861E+003  0.6797085E+004  0.3406120E+003  0.5883677E+002  0.1129351E+002  0.2171680E+003 -0.1391155E+003  0.7805247E+002 -0.1294559E+002
  67.000    08031982  0.8477398E+003  0.6797142E+004  0.3406120E+003  0.6003738E+002  0.1127954E+002  0.2201963E+003 -0.1408190E+003  0.7937725E+002 -0.1318684E+002
  68.000    09031982  0.8482651E+003  0.6797200E+004  0.3406120E+003  0.6229672E+002  0.1127061E+002  0.2248435E+003 -0.1430760E+003  0.8176746E+002 -0.1340596E+002
  69.000    10031982  0.8484361E+003  0.6797254E+004  0.3406120E+003  0.6485617E+002  0.1126730E+002  0.2306593E+003 -0.1460954E+003  0.8456392E+002 -0.1371189E+002
  70.000    11031982  0.8483625E+003  0.6797299E+004  0.3406120E+003  0.6823831E+002  0.1127314E+002  0.2393334E+003 -0.1510566E+003  0.8827685E+002 -0.1414454E+002
  71.000    12031982  0.8482225E+003  0.6797332E+004  0.3406120E+003  0.7053086E+002  0.1127724E+002  0.2479614E+003 -0.1569554E+003  0.9100597E+002 -0.1470551E+002
  72.000    13031982  0.8480001E+003  0.6797359E+004  0.3406120E+003  0.7398588E+002  0.1127797E+002  0.2574036E+003 -0.1624397E+003  0.9496384E+002 -0.1533672E+002
  73.000    14031982  0.8477205E+003  0.6797387E+004  0.3406120E+003  0.7697095E+002  0.1127218E+002  0.2653254E+003 -0.1668617E+003  0.9846367E+002 -0.1596235E+002
  74.000    15031982  0.8474260E+003  0.6797425E+004  0.3406120E+003  0.7998129E+002  0.1126391E+002  0.2718949E+003 -0.1699843E+003  0.1019106E+003 -0.1652013E+002
  75.000    16031982  0.8474563E+003  0.6797474E+004  0.3406120E+003  0.8323214E+002  0.1124229E+002  0.2778153E+003 -0.1723112E+003  0.1055041E+003 -0.1697982E+002
  76.000    17031982  0.8472666E+003  0.6797517E+004  0.3406120E+003  0.8649120E+002  0.1123604E+002  0.2866520E+003 -0.1774865E+003  0.1091655E+003 -0.1751024E+002
  77.000    18031982  0.8469528E+003  0.6797546E+004  0.3406120E+003  0.8922228E+002  0.1122646E+002  0.2945905E+003 -0.1821737E+003  0.1124167E+003 -0.1816146E+002
  78.000    19031982  0.8466328E+003  0.6797581E+004  0.3406120E+003  0.9364373E+002  0.1121590E+002  0.3037950E+003 -0.1864519E+003  0.1173431E+003 -0.1879178E+002
  79.000    20031982  0.8462557E+003  0.6797611E+004  0.3406120E+003  0.9660452E+002  0.1120649E+002  0.3114084E+003 -0.1905796E+003  0.1208288E+003 -0.1946478E+002
  80.000    21031982  0.8458844E+003  0.6797643E+004  0.3406120E+003  0.1012697E+003  0.1119582E+002  0.3211982E+003 -0.1952711E+003  0.1259271E+003 -0.2015272E+002
  81.000    22031982  0.8464091E+003  0.6797669E+004  0.3406120E+003  0.1046321E+003  0.1118570E+002  0.3293904E+003 -0.1995263E+003  0.1298641E+003 -0.2086522E+002
  82.000    23031982  0.8460508E+003  0.6797713E+004  0.3406120E+003  0.1078240E+003  0.1119555E+002  0.3362615E+003 -0.2027257E+003  0.1335358E+003 -0.2144012E+002
  83.000    24031982  0.8456965E+003  0.6797756E+004  0.3406120E+003  0.1120174E+003  0.1121845E+002  0.3446425E+003 -0.2064373E+003  0.1382052E+003 -0.2203286E+002
  84.000    25031982  0.8453320E+003  0.6797792E+004  0.3406120E+003  0.1161901E+003  0.1124196E+002  0.3538156E+003 -0.2109221E+003  0.1428936E+003 -0.2268088E+002
  85.000    26031982  0.8449086E+003  0.6797826E+004  0.3406120E+003  0.1196501E+003  0.1125086E+002  0.3614079E+003 -0.2145220E+003  0.1468860E+003 -0.2334677E+002
  86.000    27031982  0.8446214E+003  0.6797885E+004  0.3406120E+003  0.1215902E+003  0.1124268E+002  0.3655316E+003 -0.2163663E+003  0.1491653E+003 -0.2379035E+002
  87.000    28031982  0.8446977E+003  0.6797953E+004  0.3406120E+003  0.1229583E+003  0.1120964E+002  0.3687920E+003 -0.2180455E+003  0.1507465E+003 -0.2411494E+002
  88.000    29031982  0.8448205E+003  0.6798024E+004  0.3406120E+003  0.1254932E+003  0.1120203E+002  0.3739044E+003 -0.2204398E+003  0.1534646E+003 -0.2440261E+002
  89.000    30031982  0.8446319E+003  0.6798083E+004  0.3406120E+003  0.1293342E+003  0.1122691E+002  0.3819218E+003 -0.2242726E+003  0.1576492E+003 -0.2483048E+002
  90.000    31031982  0.8443434E+003  0.6798122E+004  0.3406120E+003  0.1336206E+003  0.1126270E+002  0.3922613E+003 -0.2298260E+003  0.1624353E+003 -0.2545383E+002
  91.000    01041982  0.8440207E+003  0.6798150E+004  0.3406120E+003  0.1364232E+003  0.1129338E+002  0.4019424E+003 -0.2361240E+003  0.1658185E+003 -0.2616296E+002
  92.000    02041982  0.8436865E+003  0.6798183E+004  0.3406120E+003  0.1390827E+003  0.1130777E+002  0.4104356E+003 -0.2413801E+003  0.1690555E+003 -0.2683800E+002
  93.000    03041982  0.8433401E+003  0.6798205E+004  0.3406120E+003  0.1427166E+003  0.1132513E+002  0.4207084E+003 -0.2473842E+003  0.1733242E+003 -0.2757499E+002
  94.000    04041982  0.8429147E+003  0.6798236E+004  0.3406120E+003  0.1455436E+003  0.1133084E+002  0.4281838E+003 -0.2514095E+003  0.1767743E+003 -0.2827178E+002
  95.000    05041982  0.8425197E+003  0.6798287E+004  0.3406120E+003  0.1493092E+003  0.1132987E+002  0.4350437E+003 -0.2539880E+003  0.1810558E+003 -0.2884008E+002
  96.000    06041982  0.8421245E+003  0.6798337E+004  0.3406120E+003  0.1534212E+003  0.1132679E+002  0.4421496E+003 -0.2564713E+003  0.1856783E+003 -0.2940754E+002
  97.000    07041982  0.8421895E+003  0.6798407E+004  0.3406120E+003  0.1546445E+003  0.1129939E+002  0.4453711E+003 -0.2581674E+003  0.1872036E+003 -0.2977008E+002
  98.000    08041982  0.8420753E+003  0.6798479E+004  0.3406120E+003  0.1570641E+003  0.1128828E+002  0.4498519E+003 -0.2599225E+003  0.1899294E+003 -0.3010030E+002
  99.000    09041982  0.8418907E+003  0.6798547E+004  0.3406120E+003  0.1605052E+003  0.1129172E+002  0.4559085E+003 -0.2623138E+003  0.1935946E+003 -0.3048560E+002
 100.000    10041982  0.8416469E+003  0.6798611E+004  0.3406120E+003  0.1635397E+003  0.1129444E+002  0.4617008E+003 -0.2647638E+003  0.1969370E+003 -0.3090367E+002
 101.000    11041982  0.8414051E+003  0.6798672E+004  0.3406120E+003  0.1680828E+003  0.1130678E+002  0.4699936E+003 -0.2681536E+003  0.2018400E+003 -0.3135853E+002
 102.000    12041982  0.8411651E+003  0.6798726E+004  0.3406120E+003  0.1716646E+003  0.1132634E+002  0.4785828E+003 -0.2727419E+003  0.2058409E+003 -0.3187414E+002
 103.000    13041982  0.8408760E+003  0.6798767E+004  0.3406120E+003  0.1745997E+003  0.1134992E+002  0.4878535E+003 -0.2785416E+003  0.2093119E+003 -0.3251332E+002
 104.000    14041982  0.8405541E+003  0.6798797E+004  0.3406120E+003  0.1777816E+003  0.1136830E+002  0.4980131E+003 -0.2849039E+003  0.2131092E+003 -0.3323114E+002
 105.000    15041982  0.8401705E+003  0.6798822E+004  0.3406120E+003  0.1814253E+003  0.1137889E+002  0.5080528E+003 -0.2906372E+003  0.2174156E+003 -0.3398835E+002
 106.000    16041982  0.8398096E+003  0.6798841E+004  0.3406120E+003  0.1846493E+003  0.1138977E+002  0.5186706E+003 -0.2973286E+003  0.2213420E+003 -0.3477585E+002
 107.000    17041982  0.8393981E+003  0.6798839E+004  0.3406120E+003  0.1867141E+003  0.1140055E+002  0.5289735E+003 -0.3047919E+003  0.2241816E+003 -0.3568804E+002
 108.000    18041982  0.8388458E+003  0.6798836E+004  0.3406120E+003  0.1900745E+003  0.1139783E+002  0.5385564E+003 -0.3102418E+003  0.2283146E+003 -0.3663535E+002
 109.000    19041982  0.8383331E+003  0.6798866E+004  0.3406120E+003  0.1949713E+003  0.1139627E+002  0.5483019E+003 -0.3143942E+003  0.2339078E+003 -0.3742575E+002
 110.000    20041982  0.8377888E+003  0.6798894E+004  0.3406120E+003  0.2000262E+003  0.1139517E+002  0.5580797E+003 -0.3184304E+003  0.2396493E+003 -0.3823570E+002
 111.000    21041982  0.8378968E+003  0.6798912E+004  0.3406120E+003  0.2048992E+003  0.1140508E+002  0.5697367E+003 -0.3245079E+003  0.2452289E+003 -0.3909091E+002
 112.000    22041982  0.8373298E+003  0.6798938E+004  0.3406120E+003  0.2095647E+003  0.1141337E+002  0.5789541E+003 -0.3283615E+003  0.2505926E+003 -0.3991017E+002
 113.000    23041982  0.8368982E+003  0.6798990E+004  0.3406120E+003  0.2129047E+003  0.1141708E+002  0.5859537E+003 -0.3314819E+003  0.2544718E+003 -0.4054302E+002
 114.000    24041982  0.8365094E+003  0.6799044E+004  0.3406120E+003  0.2166849E+003  0.1143017E+002  0.5942287E+003 -0.3354500E+003  0.2587787E+003 -0.4115593E+002
 115.000    25041982  0.8360966E+003  0.6799087E+004  0.3406120E+003  0.2219463E+003  0.1144909E+002  0.6048505E+003 -0.3402071E+003  0.2646434E+003 -0.4184179E+002
 116.000    26041982  0.8356102E+003  0.6799110E+004  0.3406120E+003  0.2259283E+003  0.1147930E+002  0.6158802E+003 -0.3466028E+003  0.2692773E+003 -0.4269947E+002
 117.000    27041982  0.8350664E+003  0.6799113E+004  0.3406120E+003  0.2281394E+003  0.1150567E+002  0.6261459E+003 -0.3538718E+003  0.2722742E+003 -0.4368710E+002
 118.000    28041982  0.8344530E+003  0.6799117E+004  0.3406120E+003  0.2318086E+003  0.1151387E+002  0.6361477E+003 -0.3593303E+003  0.2768174E+003 -0.4466036E+002
 119.000    29041982  0.8338893E+003  0.6799144E+004  0.3406120E+003  0.2367137E+003  0.1151621E+002  0.6458452E+003 -0.3633684E+003  0.2824768E+003 -0.4547835E+002
 120.000    30041982  0.8333942E+003  0.6799184E+004  0.3406120E+003  0.2410983E+003  0.1152089E+002  0.6550173E+003 -0.3674901E+003  0.2875272E+003 -0.4621367E+002
 121.000    01051982  0.8329365E+003  0.6799218E+004  0.3406120E+003  0.2451050E+003  0.1153067E+002  0.6650525E+003 -0.3728560E+003  0.2921965E+003 -0.4697986E+002
 122.000    02051982  0.8324650E+003  0.6799242E+004  0.3406120E+003  0.2494998E+003  0.1154534E+002  0.6762163E+003 -0.3789214E+003  0.2972950E+003 -0.4780995E+002
 123.000    03051982  0.8319842E+003  0.6799253E+004  0.3406120E+003  0.2530017E+003  0.1156375E+002  0.6870462E+003 -0.3855077E+003  0.3015385E+003 -0.4869125E+002
 124.000    04051982  0.8315072E+003  0.6799264E+004  0.3406120E+003  0.2565570E+003  0.1157423E+002  0.6978047E+003 -0.3919598E+003  0.3058449E+003 -0.4956940E+002
 125.000    05051982  0.8310226E+003  0.6799281E+004  0.3406120E+003  0.2600405E+003  0.1158207E+002  0.7079805E+003 -0.3979099E+003  0.3100706E+003 -0.5042374E+002
 126.000    06051982  0.8305682E+003  0.6799293E+004  0.3406120E+003  0.2631689E+003  0.1159143E+002  0.7185807E+003 -0.4046163E+003  0.3139644E+003 -0.5129719E+002
 127.000    07051982  0.8301499E+003  0.6799286E+004  0.3406120E+003  0.2652937E+003  0.1159612E+002  0.7297031E+003 -0.4127605E+003  0.3169426E+003 -0.5225164E+002
 128.000    08051982  0.8296180E+003  0.6799272E+004  0.3406120E+003  0.2692704E+003  0.1159602E+002  0.7408625E+003 -0.4190439E+003  0.3218185E+003 -0.5322647E+002
 129.000    09051982  0.8305951E+003  0.6799267E+004  0.3406120E+003  0.2734601E+003  0.1159548E+002  0.7519360E+003 -0.4250477E+003  0.3268883E+003 -0.5416910E+002
 130.000    10051982  0.8300655E+003  0.6799274E+004  0.3406120E+003  0.2773861E+003  0.1162041E+002  0.7622262E+003 -0.4305631E+003  0.3316632E+003 -0.5505617E+002
 131.000    11051982  0.8295702E+003  0.6799281E+004  0.3406120E+003  0.2811359E+003  0.1164483E+002  0.7728360E+003 -0.4365717E+003  0.3362643E+003 -0.5593524E+002
 132.000    12051982  0.8291220E+003  0.6799285E+004  0.3406120E+003  0.2839109E+003  0.1167129E+002  0.7834688E+003 -0.4435569E+003  0.3399119E+003 -0.5682797E+002
 133.000    13051982  0.8287193E+003  0.6799271E+004  0.3406120E+003  0.2853267E+003  0.1170273E+002  0.7942454E+003 -0.4519625E+003  0.3422829E+003 -0.5779481E+002
 134.000    14051982  0.8283242E+003  0.6799233E+004  0.3406120E+003  0.2863490E+003  0.1173022E+002  0.8052487E+003 -0.4608937E+003  0.3443551E+003 -0.5884099E+002
 135.000    15051982  0.8278437E+003  0.6799190E+004  0.3406120E+003  0.2891395E+003  0.1174425E+002  0.8166989E+003 -0.4684753E+003  0.3482236E+003 -0.5989388E+002
 136.000    16051982  0.8273518E+003  0.6799149E+004  0.3406120E+003  0.2924663E+003  0.1175657E+002  0.8286388E+003 -0.4760045E+003  0.3526343E+003 -0.6094509E+002
 137.000    17051982  0.8267805E+003  0.6799087E+004  0.3406120E+003  0.2952737E+003  0.1177809E+002  0.8402726E+003 -0.4837051E+003  0.3565674E+003 -0.6210397E+002
 138.000    18051982  0.8262220E+003  0.6799023E+004  0.3406120E+003  0.2981758E+003  0.1178739E+002  0.8520574E+003 -0.4914255E+003  0.3606319E+003 -0.6324846E+002
 139.000    19051982  0.8255796E+003  0.6798956E+004  0.3406120E+003  0.3019619E+003  0.1179315E+002  0.8642379E+003 -0.4986623E+003  0.3655756E+003 -0.6444339E+002
 140.000    20051982  0.8248915E+003  0.6798887E+004  0.3406120E+003  0.3059416E+003  0.1179815E+002  0.8768733E+003 -0.5061555E+003  0.3707179E+003 -0.6569079E+002
 141.000    21051982  0.8241300E+003  0.6798811E+004  0.3406120E+003  0.3091071E+003  0.1180935E+002  0.8888420E+003 -0.5138174E+003  0.3750245E+003 -0.6702614E+002
 142.000    22051982  0.8233550E+003  0.6798728E+004  0.3406120E+003  0.3121210E+003  0.1181429E+002  0.9007304E+003 -0.5215435E+003  0.3791870E+003 -0.6838759E+002
 143.000    23051982  0.8226197E+003  0.6798642E+004  0.3406120E+003  0.3156894E+003  0.1182053E+002  0.9136610E+003 -0.5297331E+003  0.3839279E+003 -0.6974214E+002
 144.000    24051982  0.8217663E+003  0.6798546E+004  0.3406120E+003  0.3160442E+003  0.1183757E+002  0.9230850E+003 -0.5375073E+003  0.3855777E+003 -0.7120923E+002
 145.000    25051982  0.8209778E+003  0.6798458E+004  0.3406120E+003  0.3189936E+003  0.1184589E+002  0.9345446E+003 -0.5447985E+003  0.3897460E+003 -0.7258315E+002
 146.000    26051982  0.8201845E+003  0.6798366E+004  0.3406120E+003  0.3226268E+003  0.1185681E+002  0.9470951E+003 -0.5525570E+003  0.3945381E+003 -0.7398888E+002
 147.000    27051982  0.8203242E+003  0.6798266E+004  0.3406120E+003  0.3249046E+003  0.1186960E+002  0.9583863E+003 -0.5603161E+003  0.3980702E+003 -0.7539603E+002
 148.000    28051982  0.8196275E+003  0.6798165E+004  0.3406120E+003  0.3276636E+003  0.1190556E+002  0.9706479E+003 -0.5686325E+003  0.4020154E+003 -0.7675330E+002
 149.000    29051982  0.8189835E+003  0.6798049E+004  0.3406120E+003  0.3302749E+003  0.1193292E+002  0.9839108E+003 -0.5780339E+003  0.4058769E+003 -0.7815258E+002
 150.000    30051982  0.8183136E+003  0.6797908E+004  0.3406120E+003  0.3316306E+003  0.1196793E+002  0.9963142E+003 -0.5878244E+003  0.4084899E+003 -0.7965554E+002
 151.000    31051982  0.8176777E+003  0.6797749E+004  0.3406120E+003  0.3325311E+003  0.1201062E+002  0.1008417E+004 -0.5977576E+003  0.4106589E+003 -0.8118641E+002
 152.000    01061982  0.8169393E+003  0.6797597E+004  0.3406120E+003  0.3349671E+003  0.1203946E+002  0.1020574E+004 -0.6061800E+003  0.4143941E+003 -0.8273126E+002
 153.000    02061982  0.8162312E+003  0.6797471E+004  0.3406120E+003  0.3384633E+003  0.1206324E+002  0.1033079E+004 -0.6139039E+003  0.4191754E+003 -0.8416202E+002
 154.000    03061982  0.8155244E+003  0.6797350E+004  0.3406120E+003  0.3422534E+003  0.1212262E+002  0.1046647E+004 -0.6224345E+003  0.4242122E+003 -0.8561652E+002
 155.000    04061982  0.8146563E+003  0.6797205E+004  0.3406120E+003  0.3388341E+003  0.1216692E+002  0.1059122E+004 -0.6313086E+003  0.4278135E+003 -0.8726777E+002
 156.000    05061982  0.8138429E+003  0.6797065E+004  0.3406120E+003  0.3417998E+003  0.1220949E+002  0.1071903E+004 -0.6399545E+003  0.4319483E+003 -0.8883465E+002
 157.000    06061982  0.8131167E+003  0.6796950E+004  0.3406120E+003  0.3459002E+003  0.1225871E+002  0.1084498E+004 -0.6474132E+003  0.4370853E+003 -0.9020177E+002
 158.000    07061982  0.8123786E+003  0.6796857E+004  0.3406120E+003  0.3500595E+003  0.1230389E+002  0.1096667E+004 -0.6543727E+003  0.4422942E+003 -0.9149951E+002
 159.000    08061982  0.8117032E+003  0.6796760E+004  0.3406120E+003  0.3533697E+003  0.1236033E+002  0.1109707E+004 -0.6629576E+003  0.4467494E+003 -0.9279793E+002
 160.000    09061982  0.8109796E+003  0.6796638E+004  0.3406120E+003  0.3551077E+003  0.1240947E+002  0.1121610E+004 -0.6719521E+003  0.4496581E+003 -0.9419521E+002
 161.000    10061982  0.8099936E+003  0.6796510E+004  0.3406120E+003  0.3489999E+003  0.1246260E+002  0.1133324E+004 -0.6799205E+003  0.4534033E+003 -0.9580702E+002
 162.000    11061982  0.8091210E+003  0.6796399E+004  0.3406120E+003  0.3524553E+003  0.1250777E+002  0.1145531E+004 -0.6867927E+003  0.4587384E+003 -0.9721443E+002
 163.000    12061982  0.8083593E+003  0.6796301E+004  0.3406120E+003  0.3578045E+003  0.1255283E+002  0.1159051E+004 -0.6942757E+003  0.4647756E+003 -0.9851281E+002
 164.000    13061982  0.8075803E+003  0.6796194E+004  0.3406120E+003  0.3617890E+003  0.1260196E+002  0.1171930E+004 -0.7023876E+003  0.4695424E+003 -0.9985582E+002
 165.000    14061982  0.8077100E+003  0.6796081E+004  0.3406120E+003  0.3651933E+003  0.1265215E+002  0.1184808E+004 -0.7110087E+003  0.4737996E+003 -0.1011848E+003
 166.000    15061982  0.2409490E+004  0.6795980E+004  0.3406120E+003 -0.2312658E+004  0.4324067E+001  0.1191412E+004 -0.7162037E+003  0.4752085E+003 -0.1024804E+003
 167.000    16061982  0.2414644E+004  0.6795876E+004  0.3406120E+003 -0.2314265E+004  0.4391956E+001  0.1191549E+004 -0.7162787E+003  0.4752699E+003 -0.1037704E+003
 168.000    17061982  0.2419574E+004  0.6795730E+004  0.3406120E+003 -0.2316031E+004  0.4453085E+001  0.1191682E+004 -0.7163475E+003  0.4753345E+003 -0.1053232E+003
 169.000    18061982  0.2424440E+004  0.6795591E+004  0.3406120E+003 -0.2317731E+004  0.4494787E+001  0.1191810E+004 -0.7164077E+003  0.4754019E+003 -0.1069306E+003
 170.000    19061982  0.2429329E+004  0.6795460E+004  0.3406120E+003 -0.2319461E+004  0.4544313E+001  0.1191943E+004 -0.7164703E+003  0.4754724E+003 -0.1085047E+003
 171.000    20061982  0.2434166E+004  0.6795323E+004  0.3406120E+003 -0.2321264E+004  0.4593156E+001  0.1192093E+004 -0.7165376E+003  0.4755558E+003 -0.1101349E+003
 172.000    21061982  0.2438980E+004  0.6795186E+004  0.3406120E+003 -0.2322798E+004  0.4681592E+001  0.1192532E+004 -0.7166257E+003  0.4759064E+003 -0.1117860E+003
 173.000    22061982  0.2443810E+004  0.6795056E+004  0.3406120E+003 -0.2324242E+004  0.4799135E+001  0.1193016E+004 -0.7167222E+003  0.4762939E+003 -0.1134106E+003
 174.000    23061982  0.2449939E+004  0.6794933E+004  0.3406120E+003 -0.2325636E+004  0.4946122E+001  0.1193552E+004 -0.7168448E+003  0.4767068E+003 -0.1150301E+003
 175.000    24061982  0.2454753E+004  0.6794811E+004  0.3406120E+003 -0.2327056E+004  0.5085581E+001  0.1194063E+004 -0.7169628E+003  0.4771000E+003 -0.1166568E+003
 176.000    25061982  0.2459611E+004  0.6794703E+004  0.3406120E+003 -0.2328408E+004  0.5220310E+001  0.1194595E+004 -0.7170899E+003  0.4775050E+003 -0.1182239E+003
 177.000    26061982  0.2464375E+004  0.6794587E+004  0.3406120E+003 -0.2329837E+004  0.5355874E+001  0.1195157E+004 -0.7172367E+003  0.4779208E+003 -0.1198908E+003
 178.000    27061982  0.2469077E+004  0.6794464E+004  0.3406120E+003 -0.2331337E+004  0.5490933E+001  0.1195741E+004 -0.7174004E+003  0.4783402E+003 -0.1216256E+003
 179.000    28061982  0.2473741E+004  0.6794333E+004  0.3406120E+003 -0.2332893E+004  0.5595615E+001  0.1196291E+004 -0.7175486E+003  0.4787422E+003 -0.1234032E+003
 180.000    29061982  0.2478366E+004  0.6794203E+004  0.3406120E+003 -0.2334448E+004  0.5702011E+001  0.1196865E+004 -0.7177048E+003  0.4791601E+003 -0.1252192E+003
 181.000    30061982  0.2482899E+004  0.6794063E+004  0.3406120E+003 -0.2336057E+004  0.5797637E+001  0.1197424E+004 -0.7178575E+003  0.4795666E+003 -0.1271332E+003
 182.000    01071982  0.2487473E+004  0.6793931E+004  0.3406120E+003 -0.2337630E+004  0.5871229E+001  0.1197932E+004 -0.7179915E+003  0.4799401E+003 -0.1289952E+003
 183.000    02071982  0.2492217E+004  0.6793828E+004  0.3406120E+003 -0.2339041E+004  0.5940771E+001  0.1198469E+004 -0.7181271E+003  0.4803418E+003 -0.1306578E+003
 184.000    03071982  0.2496804E+004  0.6793713E+004  0.3406120E+003 -0.2340619E+004  0.6025721E+001  0.1199043E+004 -0.7182920E+003  0.4807509E+003 -0.1324883E+003
 185.000    04071982  0.2501271E+004  0.6793577E+004  0.3406120E+003 -0.2342354E+004  0.6101924E+001  0.1199600E+004 -0.7184577E+003  0.4811428E+003 -0.1344588E+003
 186.000    05071982  0.2505676E+004  0.6793441E+004  0.3406120E+003 -0.2344120E+004  0.6167948E+001  0.1200080E+004 -0.7185992E+003  0.4814808E+003 -0.1364874E+003
 187.000    06071982  0.2510183E+004  0.6793319E+004  0.3406120E+003 -0.2345772E+004  0.6224420E+001  0.1200597E+004 -0.7187375E+003  0.4818594E+003 -0.1383989E+003
 188.000    07071982  0.2514653E+004  0.6793198E+004  0.3406120E+003 -0.2347465E+004  0.6279396E+001  0.1201125E+004 -0.7188848E+003  0.4822404E+003 -0.1403454E+003
 189.000    08071982  0.2519034E+004  0.6793066E+004  0.3406120E+003 -0.2349250E+004  0.6345648E+001  0.1201688E+004 -0.7190557E+003  0.4826324E+003 -0.1423903E+003
 190.000    09071982  0.2523342E+004  0.6792921E+004  0.3406120E+003 -0.2351132E+004  0.6402257E+001  0.1202246E+004 -0.7192309E+003  0.4830152E+003 -0.1445212E+003
 191.000    10071982  0.2527567E+004  0.6792769E+004  0.3406120E+003 -0.2353094E+004  0.6456367E+001  0.1202765E+004 -0.7193949E+003  0.4833699E+003 -0.1467394E+003
 192.000    11071982  0.2531827E+004  0.6792622E+004  0.3406120E+003 -0.2355022E+004  0.6502450E+001  0.1203298E+004 -0.7195568E+003  0.4837412E+003 -0.1489151E+003
 193.000    12071982  0.2535980E+004  0.6792467E+004  0.3406120E+003 -0.2357015E+004  0.6548664E+001  0.1203840E+004 -0.7197270E+003  0.4841128E+003 -0.1512037E+003
 194.000    13071982  0.2540113E+004  0.6792312E+004  0.3406120E+003 -0.2359051E+004  0.6587459E+001  0.1204350E+004 -0.7198894E+003  0.4844603E+003 -0.1535106E+003
 195.000    14071982  0.2544187E+004  0.6792157E+004  0.3406120E+003 -0.2361101E+004  0.6628964E+001  0.1204878E+004 -0.7200536E+003  0.4848240E+003 -0.1558754E+003
 196.000    15071982  0.2548282E+004  0.6792001E+004  0.3406120E+003 -0.2363143E+004  0.6668486E+001  0.1205421E+004 -0.7202259E+003  0.4851955E+003 -0.1582168E+003
 197.000    16071982  0.2552374E+004  0.6791844E+004  0.3406120E+003 -0.2365198E+004  0.6706297E+001  0.1205972E+004 -0.7204055E+003  0.4855664E+003 -0.1605629E+003
 198.000    17071982  0.2556450E+004  0.6791687E+004  0.3406120E+003 -0.2367276E+004  0.6741618E+001  0.1206520E+004 -0.7205828E+003  0.4859371E+003 -0.1629214E+003
 199.000    18071982  0.2560515E+004  0.6791523E+004  0.3406120E+003 -0.2369384E+004  0.6775040E+001  0.1207074E+004 -0.7207727E+003  0.4863014E+003 -0.1652961E+003
 200.000    19071982  0.2564577E+004  0.6791354E+004  0.3406120E+003 -0.2371512E+004  0.6810115E+001  0.1207627E+004 -0.7209657E+003  0.4866615E+003 -0.1676769E+003
 201.000    20071982  0.2568615E+004  0.6791181E+004  0.3406120E+003 -0.2373667E+004  0.6840682E+001  0.1208164E+004 -0.7211533E+003  0.4870107E+003 -0.1700812E+003
 202.000    21071982  0.2572648E+004  0.6791008E+004  0.3406120E+003 -0.2375818E+004  0.6870666E+001  0.1208711E+004 -0.7213449E+003  0.4873666E+003 -0.1724899E+003
 203.000    22071982  0.2576657E+004  0.6790837E+004  0.3406120E+003 -0.2377964E+004  0.6896584E+001  0.1209270E+004 -0.7215313E+003  0.4877392E+003 -0.1749161E+003
 204.000    23071982  0.2580542E+004  0.6790661E+004  0.3406120E+003 -0.2380185E+004  0.6924815E+001  0.1209807E+004 -0.7217120E+003  0.4880950E+003 -0.1774696E+003
 205.000    24071982  0.2584389E+004  0.6790486E+004  0.3406120E+003 -0.2382434E+004  0.6949258E+001  0.1210332E+004 -0.7218859E+003  0.4884460E+003 -0.1800592E+003
 206.000    25071982  0.2588273E+004  0.6790318E+004  0.3406120E+003 -0.2384662E+004  0.6973673E+001  0.1210870E+004 -0.7220604E+003  0.4888100E+003 -0.1826041E+003
 207.000    26071982  0.2592180E+004  0.6790154E+004  0.3406120E+003 -0.2386869E+004  0.7000005E+001  0.1211431E+004 -0.7222608E+003  0.4891699E+003 -0.1851179E+003
 208.000    27071982  0.2596075E+004  0.6789970E+004  0.3406120E+003 -0.2389098E+004  0.7026755E+001  0.1212016E+004 -0.7224749E+003  0.4895407E+003 -0.1876629E+003
 209.000    28071982  0.2599925E+004  0.6789775E+004  0.3406120E+003 -0.2391381E+004  0.7048299E+001  0.1212583E+004 -0.7226773E+003  0.4899059E+003 -0.1902618E+003
 210.000    29071982  0.2603557E+004  0.6789576E+004  0.3406120E+003 -0.2393784E+004  0.7068972E+001  0.1213118E+004 -0.7228652E+003  0.4902528E+003 -0.1930801E+003
 211.000    30071982  0.2607296E+004  0.6789389E+004  0.3406120E+003 -0.2396115E+004  0.7087665E+001  0.1213667E+004 -0.7230456E+003  0.4906213E+003 -0.1957772E+003
 212.000    31071982  0.2610974E+004  0.6789204E+004  0.3406120E+003 -0.2398485E+004  0.7102959E+001  0.1214203E+004 -0.7232261E+003  0.4909768E+003 -0.1985329E+003
 213.000    01081982  0.2614580E+004  0.6789027E+004  0.3406120E+003 -0.2400872E+004  0.7120938E+001  0.1214755E+004 -0.7234070E+003  0.4913479E+003 -0.2013482E+003
 214.000    02081982  0.2618275E+004  0.6788852E+004  0.3406120E+003 -0.2403245E+004  0.7135830E+001  0.1215332E+004 -0.7236044E+003  0.4917279E+003 -0.2040725E+003
 215.000    03081982  0.2622008E+004  0.6788686E+004  0.3406120E+003 -0.2405551E+004  0.7149730E+001  0.1215907E+004 -0.7237902E+003  0.4921165E+003 -0.2067495E+003
 216.000    04081982  0.2625735E+004  0.6788526E+004  0.3406120E+003 -0.2407864E+004  0.7163234E+001  0.1216479E+004 -0.7239981E+003  0.4924810E+003 -0.2094226E+003
 217.000    05081982  0.2629441E+004  0.6788361E+004  0.3406120E+003 -0.2410166E+004  0.7177119E+001  0.1217069E+004 -0.7241995E+003  0.4928690E+003 -0.2121200E+003
 218.000    06081982  0.2633141E+004  0.6788186E+004  0.3406120E+003 -0.2412484E+004  0.7189009E+001  0.1217658E+004 -0.7244047E+003  0.4932530E+003 -0.2148346E+003
 219.000    07081982  0.2636826E+004  0.6788007E+004  0.3406120E+003 -0.2414813E+004  0.7199954E+001  0.1218252E+004 -0.7246127E+003  0.4936392E+003 -0.2175626E+003
 220.000    08081982  0.2640489E+004  0.6787825E+004  0.3406120E+003 -0.2417159E+004  0.7209479E+001  0.1218828E+004 -0.7248052E+003  0.4940226E+003 -0.2203146E+003
 221.000    09081982  0.2643952E+004  0.6787640E+004  0.3406120E+003 -0.2419598E+004  0.7219422E+001  0.1219382E+004 -0.7249922E+003  0.4943900E+003 -0.2232706E+003
 222.000    10081982  0.2647115E+004  0.6787453E+004  0.3406120E+003 -0.2422253E+004  0.7230464E+001  0.1219957E+004 -0.7251770E+003  0.4947802E+003 -0.2265229E+003
 223.000    11081982  0.2650495E+004  0.6787274E+004  0.3406120E+003 -0.2424767E+004  0.7238399E+001  0.1220522E+004 -0.7253617E+003  0.4951602E+003 -0.2295486E+003
 224.000    12081982  0.2653708E+004  0.6787102E+004  0.3406120E+003 -0.2427386E+004  0.7243494E+001  0.1221039E+004 -0.7255274E+003  0.4955116E+003 -0.2327318E+003
 225.000    13081982  0.2657106E+004  0.6786952E+004  0.3406120E+003 -0.2429915E+004  0.7250251E+001  0.1221553E+004 -0.7256791E+003  0.4958739E+003 -0.2357058E+003
 226.000    14081982  0.2660547E+004  0.6786816E+004  0.3406120E+003 -0.2432373E+004  0.7255401E+001  0.1222107E+004 -0.7258479E+003  0.4962594E+003 -0.2386256E+003
 227.000    15081982  0.2664016E+004  0.6786687E+004  0.3406120E+003 -0.2434788E+004  0.7263754E+001  0.1222680E+004 -0.7260280E+003  0.4966519E+003 -0.2415064E+003
 228.000    16081982  0.2667470E+004  0.6786551E+004  0.3406120E+003 -0.2437209E+004  0.7269382E+001  0.1223260E+004 -0.7262221E+003  0.4970382E+003 -0.2444034E+003
 229.000    17081982  0.2670812E+004  0.6786412E+004  0.3406120E+003 -0.2439687E+004  0.7272964E+001  0.1223810E+004 -0.7263988E+003  0.4974111E+003 -0.2474182E+003
 230.000    18081982  0.2674047E+004  0.6786277E+004  0.3406120E+003 -0.2442205E+004  0.7278884E+001  0.1224340E+004 -0.7265613E+003  0.4977783E+003 -0.2505313E+003
 231.000    19081982  0.2677355E+004  0.6786154E+004  0.3406120E+003 -0.2444669E+004  0.7282621E+001  0.1224899E+004 -0.7267342E+003  0.4981649E+003 -0.2535583E+003
 232.000    20081982  0.2680666E+004  0.6786035E+004  0.3406120E+003 -0.2447137E+004  0.7288200E+001  0.1225478E+004 -0.7269267E+003  0.4985508E+003 -0.2565787E+003
 233.000    21081982  0.2683966E+004  0.6785899E+004  0.3406120E+003 -0.2449654E+004  0.7291061E+001  0.1226057E+004 -0.7271321E+003  0.4989247E+003 -0.2596242E+003
 234.000    22081982  0.2687291E+004  0.6785783E+004  0.3406120E+003 -0.2452122E+004  0.7291069E+001  0.1226602E+004 -0.7272929E+003  0.4993095E+003 -0.2626199E+003
 235.000    23081982  0.2690592E+004  0.6785669E+004  0.3406120E+003 -0.2454593E+004  0.7292268E+001  0.1227187E+004 -0.7274827E+003  0.4997038E+003 -0.2656380E+003
 236.000    24081982  0.2693858E+004  0.6785542E+004  0.3406120E+003 -0.2457130E+004  0.7289167E+001  0.1227775E+004 -0.7276900E+003  0.5000853E+003 -0.2687048E+003
 237.000    25081982  0.2697078E+004  0.6785408E+004  0.3406120E+003 -0.2459725E+004  0.7285178E+001  0.1228369E+004 -0.7279038E+003  0.5004655E+003 -0.2718222E+003
 238.000    26081982  0.2700363E+004  0.6785281E+004  0.3406120E+003 -0.2462274E+004  0.7280828E+001  0.1228907E+004 -0.7280682E+003  0.5008386E+003 -0.2748629E+003
 239.000    27081982  0.2703682E+004  0.6785188E+004  0.3406120E+003 -0.2464722E+004  0.7274985E+001  0.1229468E+004 -0.7282365E+003  0.5012316E+003 -0.2778334E+003
 240.000    28081982  0.2706974E+004  0.6785077E+004  0.3406120E+003 -0.2467233E+004  0.7262947E+001  0.1230034E+004 -0.7284239E+003  0.5016097E+003 -0.2808537E+003
 241.000    29081982  0.2710283E+004  0.6784977E+004  0.3406120E+003 -0.2469772E+004  0.7253842E+001  0.1230490E+004 -0.7285599E+003  0.5019305E+003 -0.2838374E+003
 242.000    30081982  0.2713687E+004  0.6784919E+004  0.3406120E+003 -0.2472134E+004  0.7248253E+001  0.1230976E+004 -0.7286805E+003  0.5022958E+003 -0.2866801E+003
 243.000    31081982  0.2717066E+004  0.6784865E+004  0.3406120E+003 -0.2474497E+004  0.7240147E+001  0.1231497E+004 -0.7288322E+003  0.5026645E+003 -0.2895463E+003
 244.000    01091982  0.2720400E+004  0.6784804E+004  0.3406120E+003 -0.2476922E+004  0.7230412E+001  0.1232022E+004 -0.7290033E+003  0.5030184E+003 -0.2924624E+003
 245.000    02091982  0.2723671E+004  0.6784733E+004  0.3406120E+003 -0.2479426E+004  0.7214709E+001  0.1232594E+004 -0.7292146E+003  0.5033793E+003 -0.2954548E+003
 246.000    03091982  0.2726971E+004  0.6784637E+004  0.3406120E+003 -0.2481940E+004  0.7190523E+001  0.1233183E+004 -0.7294339E+003  0.5037486E+003 -0.2984492E+003
 247.000    04091982  0.2730315E+004  0.6784544E+004  0.3406120E+003 -0.2484421E+004  0.7172920E+001  0.1233690E+004 -0.7295956E+003  0.5040943E+003 -0.3013880E+003
 248.000    05091982  0.2733759E+004  0.6784486E+004  0.3406120E+003 -0.2486751E+004  0.7153437E+001  0.1234191E+004 -0.7297318E+003  0.5044593E+003 -0.3041904E+003
 249.000    06091982  0.2737245E+004  0.6784441E+004  0.3406120E+003 -0.2489028E+004  0.7133264E+001  0.1234690E+004 -0.7298733E+003  0.5048168E+003 -0.3069360E+003
 250.000    07091982  0.2740770E+004  0.6784408E+004  0.3406120E+003 -0.2491250E+004  0.7112808E+001  0.1235200E+004 -0.7300207E+003  0.5051792E+003 -0.3096299E+003
 251.000    08091982  0.2744320E+004  0.6784381E+004  0.3406120E+003 -0.2493449E+004  0.7090774E+001  0.1235702E+004 -0.7301701E+003  0.5055321E+003 -0.3122938E+003
 252.000    09091982  0.2747877E+004  0.6784353E+004  0.3406120E+003 -0.2495650E+004  0.7065865E+001  0.1236200E+004 -0.7303244E+003  0.5058757E+003 -0.3149521E+003
 253.000    10091982  0.2751442E+004  0.6784325E+004  0.3406120E+003 -0.2497833E+004  0.7040663E+001  0.1236705E+004 -0.7304803E+003  0.5062252E+003 -0.3176007E+003
 254.000    11091982  0.2755021E+004  0.6784303E+004  0.3406120E+003 -0.2499993E+004  0.7011823E+001  0.1237232E+004 -0.7306450E+003  0.5065866E+003 -0.3202334E+003
 255.000    12091982  0.2758581E+004  0.6784282E+004  0.3406120E+003 -0.2502181E+004  0.6974877E+001  0.1237767E+004 -0.7308244E+003  0.5069423E+003 -0.3228886E+003
 256.000    13091982  0.2762110E+004  0.6784249E+004  0.3406120E+003 -0.2504410E+004  0.6935253E+001  0.1238321E+004 -0.7310206E+003  0.5073000E+003 -0.3255879E+003
 257.000    14091982  0.2765662E+004  0.6784206E+004  0.3406120E+003 -0.2506621E+004  0.6901898E+001  0.1238856E+004 -0.7311994E+003  0.5076563E+003 -0.3282668E+003
 258.000    15091982  0.2769218E+004  0.6784163E+004  0.3406120E+003 -0.2508826E+004  0.6868495E+001  0.1239379E+004 -0.7313710E+003  0.5080077E+003 -0.3309391E+003
 259.000    16091982  0.2772720E+004  0.6784118E+004  0.3406120E+003 -0.2511085E+004  0.6832179E+001  0.1239928E+004 -0.7315636E+003  0.5083640E+003 -0.3336695E+003
 260.000    17091982  0.2776286E+004  0.6784070E+004  0.3406120E+003 -0.2513290E+004  0.6793979E+001  0.1240461E+004 -0.7317402E+003  0.5087213E+003 -0.3363398E+003
 261.000    18091982  0.2779907E+004  0.6784036E+004  0.3406120E+003 -0.2515419E+004  0.6757827E+001  0.1240990E+004 -0.7319097E+003  0.5090805E+003 -0.3389354E+003
 262.000    19091982  0.2783427E+004  0.6783986E+004  0.3406120E+003 -0.2517715E+004  0.6726575E+001  0.1241435E+004 -0.7320612E+003  0.5093740E+003 -0.3416398E+003
 263.000    20091982  0.2786887E+004  0.6783940E+004  0.3406120E+003 -0.2520005E+004  0.6695877E+001  0.1241942E+004 -0.7322164E+003  0.5097255E+003 -0.3444009E+003
 264.000    21091982  0.2790110E+004  0.6783895E+004  0.3406120E+003 -0.2522526E+004  0.6665781E+001  0.1242403E+004 -0.7323579E+003  0.5100449E+003 -0.3473893E+003
 265.000    22091982  0.2793312E+004  0.6783865E+004  0.3406120E+003 -0.2525071E+004  0.6644226E+001  0.1242807E+004 -0.7324742E+003  0.5103324E+003 -0.3503761E+003
 266.000    23091982  0.2796625E+004  0.6783854E+004  0.3406120E+003 -0.2527535E+004  0.6629539E+001  0.1243153E+004 -0.7325646E+003  0.5105886E+003 -0.3532233E+003
 267.000    24091982  0.2800068E+004  0.6783869E+004  0.3406120E+003 -0.2529831E+004  0.6617009E+001  0.1243515E+004 -0.7326469E+003  0.5108677E+003 -0.3559111E+003
 268.000    25091982  0.2803557E+004  0.6783897E+004  0.3406120E+003 -0.2532048E+004  0.6598649E+001  0.1243944E+004 -0.7327629E+003  0.5111808E+003 -0.3585457E+003
 269.000    26091982  0.2806653E+004  0.6783921E+004  0.3406120E+003 -0.2534539E+004  0.6581680E+001  0.1244304E+004 -0.7328815E+003  0.5114224E+003 -0.3615742E+003
 270.000    27091982  0.2809523E+004  0.6783942E+004  0.3406120E+003 -0.2537171E+004  0.6564228E+001  0.1244702E+004 -0.7330009E+003  0.5117012E+003 -0.3648316E+003
 271.000    28091982  0.2812538E+004  0.6783976E+004  0.3406120E+003 -0.2539838E+004  0.6544229E+001  0.1245128E+004 -0.7331273E+003  0.5120009E+003 -0.3679322E+003
 272.000    29091982  0.2815606E+004  0.6784016E+004  0.3406120E+003 -0.2542466E+004  0.6522934E+001  0.1245552E+004 -0.7332582E+003  0.5122934E+003 -0.3709713E+003
 273.000    30091982  0.2818700E+004  0.6784062E+004  0.3406120E+003 -0.2545081E+004  0.6500631E+001  0.1245963E+004 -0.7333826E+003  0.5125799E+003 -0.3739769E+003
 274.000    01101982  0.2821833E+004  0.6784115E+004  0.3406120E+003 -0.2547653E+004  0.6477711E+001  0.1246376E+004 -0.7335081E+003  0.5128683E+003 -0.3769348E+003
 275.000    02101982  0.2825025E+004  0.6784175E+004  0.3406120E+003 -0.2550154E+004  0.6455038E+001  0.1246817E+004 -0.7336454E+003  0.5131713E+003 -0.3798262E+003
 276.000    03101982  0.2828189E+004  0.6784232E+004  0.3406120E+003 -0.2552706E+004  0.6429451E+001  0.1247251E+004 -0.7337906E+003  0.5134608E+003 -0.3827508E+003
 277.000    04101982  0.2831367E+004  0.6784290E+004  0.3406120E+003 -0.2555229E+004  0.6398297E+001  0.1247714E+004 -0.7339420E+003  0.5137719E+003 -0.3856621E+003
 278.000    05101982  0.2834534E+004  0.6784344E+004  0.3406120E+003 -0.2557767E+004  0.6362408E+001  0.1248196E+004 -0.7341073E+003  0.5140891E+003 -0.3885908E+003
 279.000    06101982  0.2837691E+004  0.6784390E+004  0.3406120E+003 -0.2560337E+004  0.6326338E+001  0.1248668E+004 -0.7342696E+003  0.5143986E+003 -0.3915350E+003
 280.000    07101982  0.2840854E+004  0.6784435E+004  0.3406120E+003 -0.2562904E+004  0.6291301E+001  0.1249115E+004 -0.7344123E+003  0.5147032E+003 -0.3944691E+003
 281.000    08101982  0.2843991E+004  0.6784485E+004  0.3406120E+003 -0.2565518E+004  0.6263173E+001  0.1249497E+004 -0.7345332E+003  0.5149639E+003 -0.3974144E+003
 282.000    09101982  0.2847096E+004  0.6784539E+004  0.3406120E+003 -0.2568112E+004  0.6230477E+001  0.1249949E+004 -0.7346781E+003  0.5152706E+003 -0.4003938E+003
 283.000    10101982  0.2850094E+004  0.6784585E+004  0.3406120E+003 -0.2570871E+004  0.6203370E+001  0.1250294E+004 -0.7347991E+003  0.5154945E+003 -0.4034780E+003
 284.000    11101982  0.2853202E+004  0.6784647E+004  0.3406120E+003 -0.2573527E+004  0.6185413E+001  0.1250593E+004 -0.7348810E+003  0.5157120E+003 -0.4064226E+003
 285.000    12101982  0.2856386E+004  0.6784725E+004  0.3406120E+003 -0.2576061E+004  0.6164476E+001  0.1250946E+004 -0.7349748E+003  0.5159717E+003 -0.4092780E+003
 286.000    13101982  0.2859206E+004  0.6784807E+004  0.3406120E+003 -0.2578692E+004  0.6141139E+001  0.1251255E+004 -0.7350753E+003  0.5161798E+003 -0.4124938E+003
 287.000    14101982  0.2861832E+004  0.6784887E+004  0.3406120E+003 -0.2581441E+004  0.6114667E+001  0.1251578E+004 -0.7351820E+003  0.5163957E+003 -0.4159102E+003
 288.000    15101982  0.2864946E+004  0.6784976E+004  0.3406120E+003 -0.2583880E+004  0.6099651E+001  0.1251857E+004 -0.7352595E+003  0.5165978E+003 -0.4188129E+003
 289.000    16101982  0.2868260E+004  0.6785082E+004  0.3406120E+003 -0.2586183E+004  0.6085071E+001  0.1252137E+004 -0.7353323E+003  0.5168052E+003 -0.4214971E+003
 290.000    17101982  0.2871958E+004  0.6785197E+004  0.3406120E+003 -0.2588209E+004  0.6074820E+001  0.1252336E+004 -0.7353766E+003  0.5169595E+003 -0.4237804E+003
 291.000    18101982  0.2876008E+004  0.6785328E+004  0.3406120E+003 -0.2589880E+004  0.6060713E+001  0.1252554E+004 -0.7354192E+003  0.5171348E+003 -0.4256953E+003
 292.000    19101982  0.2879833E+004  0.6785471E+004  0.3406120E+003 -0.2591702E+004  0.6046474E+001  0.1252860E+004 -0.7354921E+003  0.5173681E+003 -0.4278253E+003
 293.000    20101982  0.2883198E+004  0.6785614E+004  0.3406120E+003 -0.2594000E+004  0.6023466E+001  0.1253228E+004 -0.7356143E+003  0.5176135E+003 -0.4304278E+003
 294.000    21101982  0.2886442E+004  0.6785747E+004  0.3406120E+003 -0.2596484E+004  0.6001293E+001  0.1253556E+004 -0.7357295E+003  0.5178262E+003 -0.4331754E+003
 295.000    22101982  0.2890315E+004  0.6785879E+004  0.3406120E+003 -0.2598794E+004  0.5988382E+001  0.1253769E+004 -0.7358021E+003  0.5179666E+003 -0.4356672E+003
 296.000    23101982  0.2894553E+004  0.6786021E+004  0.3406120E+003 -0.2600725E+004  0.5978780E+001  0.1253941E+004 -0.7358457E+003  0.5180953E+003 -0.4377493E+003
 297.000    24101982  0.2898835E+004  0.6786172E+004  0.3406120E+003 -0.2602414E+004  0.5972471E+001  0.1254068E+004 -0.7358811E+003  0.5181866E+003 -0.4397491E+003
 298.000    25101982  0.2902953E+004  0.6786331E+004  0.3406120E+003 -0.2604016E+004  0.5964509E+001  0.1254206E+004 -0.7359236E+003  0.5182820E+003 -0.4418832E+003
 299.000    26101982  0.2907048E+004  0.6786496E+004  0.3406120E+003 -0.2605786E+004  0.5952995E+001  0.1254425E+004 -0.7359828E+003  0.5184425E+003 -0.4440159E+003
 300.000    27101982  0.2911253E+004  0.6786661E+004  0.3406120E+003 -0.2607347E+004  0.5942357E+001  0.1254639E+004 -0.7360369E+003  0.5186017E+003 -0.4460149E+003
 301.000    28101982  0.2915467E+004  0.6786831E+004  0.3406120E+003 -0.2608831E+004  0.5930096E+001  0.1254875E+004 -0.7360965E+003  0.5187790E+003 -0.4479811E+003
 302.000    29101982  0.2919711E+004  0.6787003E+004  0.3406120E+003 -0.2610243E+004  0.5917579E+001  0.1255108E+004 -0.7361558E+003  0.5189523E+003 -0.4498982E+003
 303.000    30101982  0.2923838E+004  0.6787178E+004  0.3406120E+003 -0.2611728E+004  0.5899409E+001  0.1255392E+004 -0.7362367E+003  0.5191553E+003 -0.4519184E+003
 304.000    31101982  0.2927758E+004  0.6787355E+004  0.3406120E+003 -0.2613420E+004  0.5876056E+001  0.1255694E+004 -0.7363365E+003  0.5193575E+003 -0.4541339E+003
 305.000    01111982  0.2931463E+004  0.6787532E+004  0.3406120E+003 -0.2615325E+004  0.5849130E+001  0.1256020E+004 -0.7364553E+003  0.5195650E+003 -0.4565546E+003
 306.000    02111982  0.2934936E+004  0.6787707E+004  0.3406120E+003 -0.2617466E+004  0.5815682E+001  0.1256370E+004 -0.7365933E+003  0.5197771E+003 -0.4592041E+003
 307.000    03111982  0.2938298E+004  0.6787877E+004  0.3406120E+003 -0.2619746E+004  0.5787062E+001  0.1256648E+004 -0.7367060E+003  0.5199415E+003 -0.4619460E+003
 308.000    04111982  0.2941438E+004  0.6788053E+004  0.3406120E+003 -0.2622043E+004  0.5751890E+001  0.1256968E+004 -0.7368282E+003  0.5201399E+003 -0.4649004E+003
 309.000    05111982  0.2944976E+004  0.6788218E+004  0.3406120E+003 -0.2624135E+004  0.5735622E+001  0.1257097E+004 -0.7368887E+003  0.5202078E+003 -0.4674306E+003
 310.000    06111982  0.2949375E+004  0.6788398E+004  0.3406120E+003 -0.2625505E+004  0.5721136E+001  0.1257183E+004 -0.7369094E+003  0.5202734E+003 -0.4690609E+003
 311.000    07111982  0.2953998E+004  0.6788600E+004  0.3406120E+003 -0.2626471E+004  0.5708463E+001  0.1257299E+004 -0.7369305E+003  0.5203687E+003 -0.4704384E+003
 312.000    08111982  0.2958730E+004  0.6788801E+004  0.3406120E+003 -0.2627483E+004  0.5694488E+001  0.1257455E+004 -0.7369588E+003  0.5204957E+003 -0.4717388E+003
 313.000    09111982  0.2964283E+004  0.6788997E+004  0.3406120E+003 -0.2628478E+004  0.5681377E+001  0.1257646E+004 -0.7369964E+003  0.5206500E+003 -0.4730594E+003
 314.000    10111982  0.2969431E+004  0.6789195E+004  0.3406120E+003 -0.2629738E+004  0.5666135E+001  0.1257867E+004 -0.7370511E+003  0.5208157E+003 -0.4747192E+003
 315.000    11111982  0.2974415E+004  0.6789390E+004  0.3406120E+003 -0.2631152E+004  0.5652220E+001  0.1258056E+004 -0.7371055E+003  0.5209503E+003 -0.4764826E+003
 316.000    12111982  0.2978882E+004  0.6789591E+004  0.3406120E+003 -0.2632996E+004  0.5623819E+001  0.1258336E+004 -0.7372085E+003  0.5211271E+003 -0.4787175E+003
 317.000    13111982  0.2983117E+004  0.6789783E+004  0.3406120E+003 -0.2635039E+004  0.5600177E+001  0.1258497E+004 -0.7372972E+003  0.5211998E+003 -0.4811368E+003
 318.000    14111982  0.2988237E+004  0.6789973E+004  0.3406120E+003 -0.2636216E+004  0.5587896E+001  0.1258596E+004 -0.7373217E+003  0.5212743E+003 -0.4825980E+003
 319.000    15111982  0.2993366E+004  0.6790173E+004  0.3406120E+003 -0.2637281E+004  0.5580171E+001  0.1258709E+004 -0.7373468E+003  0.5213621E+003 -0.4839922E+003
 320.000    16111982  0.2998583E+004  0.6790373E+004  0.3406120E+003 -0.2638266E+004  0.5567606E+001  0.1258796E+004 -0.7373666E+003  0.5214292E+003 -0.4852509E+003
 321.000    17111982  0.3003883E+004  0.6790576E+004  0.3406120E+003 -0.2639097E+004  0.5553381E+001  0.1258938E+004 -0.7373947E+003  0.5215433E+003 -0.4863868E+003
 322.000    18111982  0.3008967E+004  0.6790778E+004  0.3406120E+003 -0.2640115E+004  0.5538605E+001  0.1259127E+004 -0.7374410E+003  0.5216858E+003 -0.4877052E+003
 323.000    19111982  0.3013543E+004  0.6790981E+004  0.3406120E+003 -0.2641656E+004  0.5520154E+001  0.1259302E+004 -0.7375058E+003  0.5217957E+003 -0.4894976E+003
 324.000    20111982  0.3017916E+004  0.6791183E+004  0.3406120E+003 -0.2643365E+004  0.5496901E+001  0.1259515E+004 -0.7375849E+003  0.5219305E+003 -0.4914661E+003
 325.000    21111982  0.3022184E+004  0.6791384E+004  0.3406120E+003 -0.2645141E+004  0.5473867E+001  0.1259763E+004 -0.7376739E+003  0.5220888E+003 -0.4935141E+003
 326.000    22111982  0.3026435E+004  0.6791583E+004  0.3406120E+003 -0.2646916E+004  0.5451140E+001  0.1259997E+004 -0.7377562E+003  0.5222404E+003 -0.4955500E+003
 327.000    23111982  0.3030653E+004  0.6791784E+004  0.3406120E+003 -0.2648685E+004  0.5424265E+001  0.1260254E+004 -0.7378455E+003  0.5224086E+003 -0.4975949E+003
 328.000    24111982  0.3034616E+004  0.6791987E+004  0.3406120E+003 -0.2650708E+004  0.5393286E+001  0.1260508E+004 -0.7379443E+003  0.5225640E+003 -0.4998710E+003
 329.000    25111982  0.3039317E+004  0.6792180E+004  0.3406120E+003 -0.2652096E+004  0.5381663E+001  0.1260590E+004 -0.7379746E+003  0.5226157E+003 -0.5013637E+003
 330.000    26111982  0.3044313E+004  0.6792381E+004  0.3406120E+003 -0.2653149E+004  0.5369714E+001  0.1260700E+004 -0.7379979E+003  0.5227019E+003 -0.5025455E+003
 331.000    27111982  0.3049511E+004  0.6792586E+004  0.3406120E+003 -0.2654280E+004  0.5358771E+001  0.1260833E+004 -0.7380322E+003  0.5228011E+003 -0.5038504E+003
 332.000    28111982  0.3054568E+004  0.6792788E+004  0.3406120E+003 -0.2655530E+004  0.5350541E+001  0.1260913E+004 -0.7380612E+003  0.5228521E+003 -0.5052458E+003
 333.000    29111982  0.3059191E+004  0.6792999E+004  0.3406120E+003 -0.2657000E+004  0.5326789E+001  0.1261149E+004 -0.7381334E+003  0.5230156E+003 -0.5070475E+003
 334.000    30111982  0.3063721E+004  0.6793204E+004  0.3406120E+003 -0.2658631E+004  0.5308478E+001  0.1261332E+004 -0.7382030E+003  0.5231289E+003 -0.5089087E+003
 335.000    01121982  0.3068129E+004  0.6793412E+004  0.3406120E+003 -0.2660250E+004  0.5285646E+001  0.1261552E+004 -0.7382791E+003  0.5232726E+003 -0.5108230E+003
 336.000    02121982  0.3072230E+004  0.6793623E+004  0.3406120E+003 -0.2662256E+004  0.5252343E+001  0.1261798E+004 -0.7383795E+003  0.5234188E+003 -0.5130256E+003
 337.000    03121982  0.3076244E+004  0.6793832E+004  0.3406120E+003 -0.2664381E+004  0.5218902E+001  0.1262038E+004 -0.7384779E+003  0.5235602E+003 -0.5152872E+003
 338.000    04121982  0.3080066E+004  0.6794042E+004  0.3406120E+003 -0.2666670E+004  0.5182852E+001  0.1262275E+004 -0.7385817E+003  0.5236936E+003 -0.5177191E+003
 339.000    05121982  0.3083845E+004  0.6794254E+004  0.3406120E+003 -0.2668942E+004  0.5142991E+001  0.1262535E+004 -0.7386836E+003  0.5238515E+003 -0.5201734E+003
 340.000    06121982  0.3087383E+004  0.6794462E+004  0.3406120E+003 -0.2671396E+004  0.5107128E+001  0.1262742E+004 -0.7387807E+003  0.5239617E+003 -0.5228426E+003
 341.000    07121982  0.3091541E+004  0.6794664E+004  0.3406120E+003 -0.2673243E+004  0.5092197E+001  0.1262877E+004 -0.7388273E+003  0.5240497E+003 -0.5248437E+003
 342.000    08121982  0.3096168E+004  0.6794869E+004  0.3406120E+003 -0.2674674E+004  0.5080461E+001  0.1262976E+004 -0.7388549E+003  0.5241207E+003 -0.5263409E+003
 343.000    09121982  0.3100836E+004  0.6795079E+004  0.3406120E+003 -0.2676018E+004  0.5067843E+001  0.1263098E+004 -0.7388854E+003  0.5242125E+003 -0.5277725E+003
 344.000    10121982  0.3105700E+004  0.6795288E+004  0.3406120E+003 -0.2677202E+004  0.5057738E+001  0.1263160E+004 -0.7389045E+003  0.5242552E+003 -0.5289824E+003
 345.000    11121982  0.3110689E+004  0.6795499E+004  0.3406120E+003 -0.2678108E+004  0.5047242E+001  0.1263258E+004 -0.7389257E+003  0.5243327E+003 -0.5300481E+003
 346.000    12121982  0.3115617E+004  0.6795710E+004  0.3406120E+003 -0.2679110E+004  0.5041341E+001  0.1263286E+004 -0.7389432E+003  0.5243431E+003 -0.5311521E+003
 347.000    13121982  0.3120698E+004  0.6795924E+004  0.3406120E+003 -0.2693688E+004  0.5029842E+001  0.1263301E+004 -0.7389542E+003  0.5243463E+003 -0.5320797E+003
 348.000    14121982  0.3125912E+004  0.6796138E+004  0.3406120E+003 -0.2702808E+004  0.5022713E+001  0.1263334E+004 -0.7389651E+003  0.5243687E+003 -0.5328738E+003
 349.000    15121982  0.3131455E+004  0.6796345E+004  0.3406120E+003 -0.2704846E+004  0.5012229E+001  0.1263432E+004 -0.7389850E+003  0.5244473E+003 -0.5336623E+003
 350.000    16121982  0.3136918E+004  0.6796546E+004  0.3406120E+003 -0.2705273E+004  0.4994009E+001  0.1263602E+004 -0.7390319E+003  0.5245703E+003 -0.5345194E+003
 351.000    17121982  0.3142325E+004  0.6796746E+004  0.3406120E+003 -0.2706499E+004  0.4986594E+001  0.1263660E+004 -0.7390491E+003  0.5246107E+003 -0.5353788E+003
 352.000    18121982  0.3147761E+004  0.6796944E+004  0.3406120E+003 -0.2707355E+004  0.4975604E+001  0.1263696E+004 -0.7390620E+003  0.5246336E+003 -0.5361718E+003
 353.000    19121982  0.3153171E+004  0.6797145E+004  0.3406120E+003 -0.2708930E+004  0.4965962E+001  0.1263720E+004 -0.7390748E+003  0.5246448E+003 -0.5368839E+003
 354.000    20121982  0.3158583E+004  0.6797336E+004  0.3406120E+003 -0.2709810E+004  0.4959303E+001  0.1263774E+004 -0.7390915E+003  0.5246827E+003 -0.5375806E+003
 355.000    21121982  0.3163999E+004  0.6797529E+004  0.3406120E+003 -0.2709913E+004  0.4950355E+001  0.1263824E+004 -0.7391049E+003  0.5247190E+003 -0.5382469E+003
 356.000    22121982  0.3169435E+004  0.6797722E+004  0.3406120E+003 -0.2709998E+004  0.4941504E+001  0.1263876E+004 -0.7391181E+003  0.5247582E+003 -0.5388727E+003
 357.000    23121982  0.3174872E+004  0.6797911E+004  0.3406120E+003 -0.2710040E+004  0.4932056E+001  0.1263975E+004 -0.7391390E+003  0.5248362E+003 -0.5394860E+003
 358.000    24121982  0.3180293E+004  0.6798092E+004  0.3406120E+003 -0.2710060E+004  0.4922749E+001  0.1264120E+004 -0.7391714E+003  0.5249481E+003 -0.5401119E+003
 359.000    25121982  0.3185362E+004  0.6798284E+004  0.3406120E+003 -0.2710973E+004  0.4899358E+001  0.1264328E+004 -0.7392347E+003  0.5250934E+003 -0.5410852E+003
 360.000    26121982  0.3189837E+004  0.6798487E+004  0.3406120E+003 -0.2712742E+004  0.4873087E+001  0.1264538E+004 -0.7393177E+003  0.5252203E+003 -0.5426312E+003
 361.000    27121982  0.3194230E+004  0.6798683E+004  0.3406120E+003 -0.2714302E+004  0.4850822E+001  0.1264718E+004 -0.7393913E+003  0.5253265E+003 -0.5442393E+003
 362.000    28121982  0.3198458E+004  0.6798884E+004  0.3406120E+003 -0.2715888E+004  0.4824982E+001  0.1264916E+004 -0.7394723E+003  0.5254434E+003 -0.5459995E+003
 363.000    29121982  0.3202388E+004  0.6799087E+004  0.3406120E+003 -0.2717718E+004  0.4796038E+001  0.1265092E+004 -0.7395610E+003  0.5255311E+003 -0.5480476E+003
 364.000    30121982  0.3206830E+004  0.6799280E+004  0.3406120E+003 -0.2719034E+004  0.4785577E+001  0.1265175E+004 -0.7396045E+003  0.5255702E+003 -0.5495500E+003
 365.000    31121982  0.3211673E+004  0.6799473E+004  0.3406120E+003 -0.2719923E+004  0.4780188E+001  0.1265227E+004 -0.7396257E+003  0.5256012E+003 -0.5506306E+003
