    DOY     DATE    RESIDUE_C       HUMUS_C         ATM_CO2         NBP             ECO_LAI         ECO_GPP         ECO_RA          ECO_NPP         ECO_RH          
   1.000    01012000  0.1949846E+004  0.7418833E+004  0.3406120E+003  0.1611837E+001  0.1172249E+002  0.5095380E+001 -0.2535191E+001  0.2560189E+001 -0.3266282E+000
   2.000    02012000  0.1950008E+004  0.7418969E+004  0.3406120E+003  0.2282350E+001  0.1171658E+002  0.1058549E+002 -0.6061333E+001  0.4524162E+001 -0.9316212E+000
   3.000    03012000  0.1950043E+004  0.7419064E+004  0.3406120E+003  0.2328173E+001  0.1170851E+002  0.1626866E+002 -0.1045294E+002  0.5815720E+001 -0.1911070E+001
   4.000    04012000  0.1949848E+004  0.7419133E+004  0.3406120E+003  0.2476541E+000  0.1169895E+002  0.1935506E+002 -0.1440343E+002  0.4951628E+001 -0.3097671E+001
   5.000    05012000  0.1949701E+004  0.7419253E+004  0.3406120E+003  0.8834648E+000  0.1167535E+002  0.2236332E+002 -0.1589509E+002  0.6468227E+001 -0.3859813E+001
   6.000    06012000  0.1949803E+004  0.7419414E+004  0.3406120E+003  0.2316862E+001  0.1166037E+002  0.2566728E+002 -0.1729760E+002  0.8369686E+001 -0.4262636E+001
   7.000    07012000  0.1949869E+004  0.7419562E+004  0.3406120E+003  0.4229366E+001  0.1164680E+002  0.3011731E+002 -0.1915275E+002  0.1096456E+002 -0.4793121E+001
   8.000    08012000  0.1949999E+004  0.7419720E+004  0.3406120E+003  0.5789047E+001  0.1163254E+002  0.3371217E+002 -0.2069614E+002  0.1301603E+002 -0.5206185E+001
   9.000    09012000  0.1949851E+004  0.7419863E+004  0.3406120E+003  0.5485992E+001  0.1162403E+002  0.3555365E+002 -0.2227408E+002  0.1327957E+002 -0.5766278E+001
  10.000    10012000  0.1949654E+004  0.7419972E+004  0.3406120E+003  0.5909114E+001  0.1162013E+002  0.3994314E+002 -0.2550551E+002  0.1443763E+002 -0.6635115E+001
  11.000    11012000  0.1949401E+004  0.7420076E+004  0.3406120E+003  0.7197761E+001  0.1160834E+002  0.4502496E+002 -0.2842389E+002  0.1660107E+002 -0.7536268E+001
  12.000    12012000  0.1949329E+004  0.7420203E+004  0.3406120E+003  0.8774347E+001  0.1159479E+002  0.4941206E+002 -0.3049307E+002  0.1891899E+002 -0.8247641E+001
  13.000    13012000  0.1949175E+004  0.7420313E+004  0.3406120E+003  0.1008280E+002  0.1158500E+002  0.5453572E+002 -0.3346662E+002  0.2106910E+002 -0.9103046E+001
  14.000    14012000  0.1949273E+004  0.7420463E+004  0.3406120E+003  0.9975495E+001  0.1156327E+002  0.5612026E+002 -0.3463129E+002  0.2148897E+002 -0.9596697E+001
  15.000    15012000  0.1949435E+004  0.7420627E+004  0.3406120E+003  0.7286990E+001  0.1154679E+002  0.5829381E+002 -0.3577100E+002  0.2252280E+002 -0.9938783E+001
  16.000    16012000  0.1949685E+004  0.7420789E+004  0.3406120E+003  0.9679860E+001  0.1154073E+002  0.6331183E+002 -0.3805409E+002  0.2525774E+002 -0.1027133E+002
  17.000    17012000  0.1949810E+004  0.7420945E+004  0.3406120E+003  0.1020434E+002  0.1152224E+002  0.6585982E+002 -0.3934725E+002  0.2651257E+002 -0.1069049E+002
  18.000    18012000  0.1950024E+004  0.7421104E+004  0.3406120E+003  0.8957331E+001  0.1150526E+002  0.6598346E+002 -0.4027585E+002  0.2570761E+002 -0.1103308E+002
  19.000    19012000  0.1950273E+004  0.7421261E+004  0.3406120E+003  0.8824868E+001  0.1148851E+002  0.6730333E+002 -0.4134204E+002  0.2596129E+002 -0.1138436E+002
  20.000    20012000  0.1950435E+004  0.7421413E+004  0.3406120E+003  0.9755213E+001  0.1147375E+002  0.6979384E+002 -0.4253892E+002  0.2725492E+002 -0.1179090E+002
  21.000    21012000  0.1950598E+004  0.7421565E+004  0.3406120E+003  0.9220660E+001  0.1145783E+002  0.7057803E+002 -0.4349856E+002  0.2707947E+002 -0.1217804E+002
  22.000    22012000  0.1950790E+004  0.7421719E+004  0.3406120E+003  0.8634312E+001  0.1144205E+002  0.7126850E+002 -0.4444625E+002  0.2682225E+002 -0.1253605E+002
  23.000    23012000  0.1951038E+004  0.7421870E+004  0.3406120E+003  0.7805970E+001  0.1142436E+002  0.7179487E+002 -0.4546883E+002  0.2632605E+002 -0.1291478E+002
  24.000    24012000  0.1951251E+004  0.7422019E+004  0.3406120E+003  0.7152893E+001  0.1140675E+002  0.7251611E+002 -0.4651973E+002  0.2599638E+002 -0.1332597E+002
  25.000    25012000  0.1951397E+004  0.7422166E+004  0.3406120E+003  0.6353397E+001  0.1138991E+002  0.7301956E+002 -0.4748731E+002  0.2553225E+002 -0.1375302E+002
  26.000    26012000  0.1951512E+004  0.7422312E+004  0.3406120E+003  0.5753902E+001  0.1137429E+002  0.7370154E+002 -0.4843165E+002  0.2526989E+002 -0.1417471E+002
  27.000    27012000  0.1951608E+004  0.7422459E+004  0.3406120E+003  0.5060887E+001  0.1135914E+002  0.7427490E+002 -0.4935097E+002  0.2492392E+002 -0.1459505E+002
  28.000    28012000  0.1951637E+004  0.7422605E+004  0.3406120E+003  0.5141374E+001  0.1134689E+002  0.7570921E+002 -0.5029561E+002  0.2541360E+002 -0.1500488E+002
  29.000    29012000  0.1951752E+004  0.7422752E+004  0.3406120E+003  0.4986138E+001  0.1133270E+002  0.7693168E+002 -0.5127875E+002  0.2565293E+002 -0.1540796E+002
  30.000    30012000  0.1952636E+004  0.7422897E+004  0.3406120E+003  0.4117932E+001  0.1130926E+002  0.7745784E+002 -0.5232463E+002  0.2513321E+002 -0.1583209E+002
  31.000    31012000  0.1952809E+004  0.7423040E+004  0.3406120E+003  0.3876431E+001  0.1129255E+002  0.7864442E+002 -0.5338807E+002  0.2525634E+002 -0.1627161E+002
  32.000    01022000  0.1952913E+004  0.7423183E+004  0.3406120E+003  0.4182547E+001  0.1127815E+002  0.8043425E+002 -0.5446439E+002  0.2596986E+002 -0.1670873E+002
  33.000    02022000  0.1952976E+004  0.7423325E+004  0.3406120E+003  0.4898181E+001  0.1126474E+002  0.8264213E+002 -0.5555718E+002  0.2708495E+002 -0.1715230E+002
  34.000    03022000  0.1953035E+004  0.7423466E+004  0.3406120E+003  0.6703044E+001  0.1125422E+002  0.8632928E+002 -0.5704328E+002  0.2928601E+002 -0.1759534E+002
  35.000    04022000  0.1953134E+004  0.7423607E+004  0.3406120E+003  0.8861883E+001  0.1124276E+002  0.9044239E+002 -0.5861440E+002  0.3182799E+002 -0.1805457E+002
  36.000    05022000  0.1953198E+004  0.7423746E+004  0.3406120E+003  0.1015699E+002  0.1123048E+002  0.9345995E+002 -0.5995431E+002  0.3350564E+002 -0.1852175E+002
  37.000    06022000  0.1953281E+004  0.7423885E+004  0.3406120E+003  0.1184040E+002  0.1121876E+002  0.9703713E+002 -0.6146769E+002  0.3556945E+002 -0.1899086E+002
  38.000    07022000  0.1953424E+004  0.7424024E+004  0.3406120E+003  0.1401227E+002  0.1120840E+002  0.1015763E+003 -0.6346917E+002  0.3810711E+002 -0.1946477E+002
  39.000    08022000  0.1953477E+004  0.7424162E+004  0.3406120E+003  0.1616380E+002  0.1119748E+002  0.1056441E+003 -0.6502058E+002  0.4062350E+002 -0.1994056E+002
  40.000    09022000  0.1953582E+004  0.7424301E+004  0.3406120E+003  0.1853179E+002  0.1118707E+002  0.1102173E+003 -0.6683677E+002  0.4338051E+002 -0.2041076E+002
  41.000    10022000  0.1953761E+004  0.7424440E+004  0.3406120E+003  0.2149915E+002  0.1118294E+002  0.1162027E+003 -0.6948084E+002  0.4672188E+002 -0.2087575E+002
  42.000    11022000  0.1953980E+004  0.7424581E+004  0.3406120E+003  0.2420793E+002  0.1118449E+002  0.1226572E+003 -0.7290807E+002  0.4974909E+002 -0.2133457E+002
  43.000    12022000  0.1954100E+004  0.7424722E+004  0.3406120E+003  0.2335397E+002  0.1116477E+002  0.1234414E+003 -0.7421036E+002  0.4923101E+002 -0.2177334E+002
  44.000    13022000  0.1954297E+004  0.7424865E+004  0.3406120E+003  0.2276834E+002  0.1114911E+002  0.1244093E+003 -0.7537081E+002  0.4903849E+002 -0.2219671E+002
  45.000    14022000  0.1954473E+004  0.7425008E+004  0.3406120E+003  0.2117355E+002  0.1114996E+002  0.1297826E+003 -0.7810495E+002  0.5167766E+002 -0.2260316E+002
  46.000    15022000  0.1954612E+004  0.7425153E+004  0.3406120E+003  0.2394613E+002  0.1113641E+002  0.1346551E+003 -0.7987069E+002  0.5478436E+002 -0.2298963E+002
  47.000    16022000  0.1954739E+004  0.7425283E+004  0.3406120E+003  0.2690735E+002  0.1113951E+002  0.1410510E+003 -0.8281170E+002  0.5823928E+002 -0.2354963E+002
  48.000    17022000  0.1954594E+004  0.7425407E+004  0.3406120E+003  0.2907318E+002  0.1113108E+002  0.1456248E+003 -0.8465375E+002  0.6097107E+002 -0.2416518E+002
  49.000    18022000  0.1954596E+004  0.7425545E+004  0.3406120E+003  0.2885624E+002  0.1111802E+002  0.1471174E+003 -0.8598176E+002  0.6113562E+002 -0.2464561E+002
  50.000    19022000  0.1954655E+004  0.7425671E+004  0.3406120E+003  0.3059831E+002  0.1111925E+002  0.1525589E+003 -0.8920549E+002  0.6335340E+002 -0.2526043E+002
  51.000    20022000  0.1954688E+004  0.7425805E+004  0.3406120E+003  0.3274048E+002  0.1111057E+002  0.1568647E+003 -0.9086918E+002  0.6599549E+002 -0.2578623E+002
  52.000    21022000  0.1954828E+004  0.7425950E+004  0.3406120E+003  0.3502806E+002  0.1110010E+002  0.1610602E+003 -0.9239615E+002  0.6866404E+002 -0.2618378E+002
  53.000    22022000  0.1955076E+004  0.7426100E+004  0.3406120E+003  0.3766358E+002  0.1109216E+002  0.1657437E+003 -0.9417929E+002  0.7156437E+002 -0.2649783E+002
  54.000    23022000  0.1955317E+004  0.7426243E+004  0.3406120E+003  0.4043209E+002  0.1108633E+002  0.1713642E+003 -0.9667890E+002  0.7468533E+002 -0.2691481E+002
  55.000    24022000  0.1955442E+004  0.7426360E+004  0.3406120E+003  0.4319216E+002  0.1108958E+002  0.1782954E+003 -0.1002873E+003  0.7800809E+002 -0.2760407E+002
  56.000    25022000  0.1955531E+004  0.7426452E+004  0.3406120E+003  0.4467102E+002  0.1108763E+002  0.1851608E+003 -0.1048770E+003  0.8028380E+002 -0.2855465E+002
  57.000    26022000  0.1955458E+004  0.7426526E+004  0.3406120E+003  0.4628482E+002  0.1108329E+002  0.1920237E+003 -0.1091708E+003  0.8285289E+002 -0.2965785E+002
  58.000    27022000  0.1955151E+004  0.7426593E+004  0.3406120E+003  0.4775218E+002  0.1108457E+002  0.1984872E+003 -0.1129437E+003  0.8554346E+002 -0.3085326E+002
  59.000    28022000  0.1954709E+004  0.7426674E+004  0.3406120E+003  0.5006797E+002  0.1106726E+002  0.2043254E+003 -0.1155210E+003  0.8880439E+002 -0.3192135E+002
  60.000    29022000  0.1955283E+004  0.7426788E+004  0.3406120E+003  0.5253177E+002  0.1105381E+002  0.2099514E+003 -0.1179209E+003  0.9203057E+002 -0.3272308E+002
  61.000    01032000  0.1955258E+004  0.7426893E+004  0.3406120E+003  0.5537349E+002  0.1105408E+002  0.2171768E+003 -0.1214715E+003  0.9570535E+002 -0.3363066E+002
  62.000    02032000  0.1954834E+004  0.7426986E+004  0.3406120E+003  0.5786390E+002  0.1104609E+002  0.2232918E+003 -0.1241838E+003  0.9910799E+002 -0.3463155E+002
  63.000    03032000  0.1954605E+004  0.7427100E+004  0.3406120E+003  0.6089556E+002  0.1103658E+002  0.2294412E+003 -0.1265452E+003  0.1028960E+003 -0.3546241E+002
  64.000    04032000  0.1954407E+004  0.7427223E+004  0.3406120E+003  0.6300810E+002  0.1102700E+002  0.2341538E+003 -0.1284684E+003  0.1056854E+003 -0.3620814E+002
  65.000    05032000  0.1954354E+004  0.7427343E+004  0.3406120E+003  0.6564449E+002  0.1102425E+002  0.2405890E+003 -0.1315574E+003  0.1090316E+003 -0.3700441E+002
  66.000    06032000  0.1954148E+004  0.7427444E+004  0.3406120E+003  0.6834841E+002  0.1101576E+002  0.2476806E+003 -0.1350723E+003  0.1126083E+003 -0.3797932E+002
  67.000    07032000  0.1954018E+004  0.7427540E+004  0.3406120E+003  0.7049921E+002  0.1101239E+002  0.2546271E+003 -0.1389349E+003  0.1156922E+003 -0.3900707E+002
  68.000    08032000  0.1954124E+004  0.7427604E+004  0.3406120E+003  0.7112927E+002  0.1100804E+002  0.2618895E+003 -0.1443858E+003  0.1175037E+003 -0.4030220E+002
  69.000    09032000  0.1954102E+004  0.7427644E+004  0.3406120E+003  0.7260718E+002  0.1099815E+002  0.2699211E+003 -0.1495711E+003  0.1203500E+003 -0.4176835E+002
  70.000    10032000  0.1953878E+004  0.7427671E+004  0.3406120E+003  0.7469629E+002  0.1098559E+002  0.2780906E+003 -0.1541728E+003  0.1239178E+003 -0.4331913E+002
  71.000    11032000  0.1953634E+004  0.7427696E+004  0.3406120E+003  0.7663939E+002  0.1097356E+002  0.2861785E+003 -0.1588010E+003  0.1273775E+003 -0.4489010E+002
  72.000    12032000  0.1952906E+004  0.7427755E+004  0.3406120E+003  0.7882538E+002  0.1095014E+002  0.2917920E+003 -0.1609248E+003  0.1308672E+003 -0.4621172E+002
  73.000    13032000  0.1952694E+004  0.7427892E+004  0.3406120E+003  0.8112624E+002  0.1093650E+002  0.2964460E+003 -0.1625082E+003  0.1339379E+003 -0.4696210E+002
  74.000    14032000  0.1952646E+004  0.7428041E+004  0.3406120E+003  0.8412682E+002  0.1092566E+002  0.3022954E+003 -0.1646892E+003  0.1376062E+003 -0.4762221E+002
  75.000    15032000  0.1952481E+004  0.7428159E+004  0.3406120E+003  0.8729848E+002  0.1092207E+002  0.3095373E+003 -0.1678610E+003  0.1416762E+003 -0.4854780E+002
  76.000    16032000  0.1952106E+004  0.7428247E+004  0.3406120E+003  0.8775555E+002  0.1091860E+002  0.3148119E+003 -0.1716241E+003  0.1431878E+003 -0.4971748E+002
  77.000    17032000  0.1951511E+004  0.7428302E+004  0.3406120E+003  0.9047047E+002  0.1090084E+002  0.3221316E+003 -0.1750040E+003  0.1471276E+003 -0.5115369E+002
  78.000    18032000  0.1951197E+004  0.7428429E+004  0.3406120E+003  0.9236517E+002  0.1088888E+002  0.3263923E+003 -0.1765610E+003  0.1498313E+003 -0.5200099E+002
  79.000    19032000  0.1950886E+004  0.7428562E+004  0.3406120E+003  0.9453772E+002  0.1088267E+002  0.3314102E+003 -0.1786310E+003  0.1527792E+003 -0.5282402E+002
  80.000    20032000  0.1950240E+004  0.7428673E+004  0.3406120E+003  0.9441221E+002  0.1087701E+002  0.3342826E+003 -0.1808018E+003  0.1534808E+003 -0.5384688E+002
  81.000    21032000  0.1951576E+004  0.7428784E+004  0.3406120E+003  0.9668215E+002  0.1086901E+002  0.3395791E+003 -0.1828716E+003  0.1567075E+003 -0.5484337E+002
  82.000    22032000  0.1950988E+004  0.7428899E+004  0.3406120E+003  0.9912924E+002  0.1089085E+002  0.3452574E+003 -0.1852098E+003  0.1600476E+003 -0.5581236E+002
  83.000    23032000  0.1950457E+004  0.7429001E+004  0.3406120E+003  0.1022527E+003  0.1091327E+002  0.3523367E+003 -0.1881898E+003  0.1641469E+003 -0.5688792E+002
  84.000    24032000  0.1950076E+004  0.7429103E+004  0.3406120E+003  0.1056605E+003  0.1093808E+002  0.3604237E+003 -0.1918930E+003  0.1685307E+003 -0.5797134E+002
  85.000    25032000  0.1949943E+004  0.7429174E+004  0.3406120E+003  0.1075464E+003  0.1096367E+002  0.3688099E+003 -0.1971998E+003  0.1716101E+003 -0.5930870E+002
  86.000    26032000  0.1949479E+004  0.7429225E+004  0.3406120E+003  0.1099411E+003  0.1097620E+002  0.3767797E+003 -0.2014314E+003  0.1753483E+003 -0.6077179E+002
  87.000    27032000  0.1948867E+004  0.7429315E+004  0.3406120E+003  0.1111364E+003  0.1098511E+002  0.3820473E+003 -0.2044343E+003  0.1776130E+003 -0.6196743E+002
  88.000    28032000  0.1948255E+004  0.7429397E+004  0.3406120E+003  0.1145575E+003  0.1099232E+002  0.3897465E+003 -0.2075835E+003  0.1821630E+003 -0.6323650E+002
  89.000    29032000  0.1947620E+004  0.7429500E+004  0.3406120E+003  0.1182181E+003  0.1099624E+002  0.3969508E+003 -0.2101227E+003  0.1868281E+003 -0.6433107E+002
  90.000    30032000  0.1947651E+004  0.7429601E+004  0.3406120E+003  0.1208311E+003  0.1099542E+002  0.4031658E+003 -0.2127063E+003  0.1904596E+003 -0.6544657E+002
  91.000    31032000  0.1947117E+004  0.7429702E+004  0.3406120E+003  0.1245657E+003  0.1100409E+002  0.4111081E+003 -0.2158850E+003  0.1952231E+003 -0.6657414E+002
  92.000    01042000  0.1946817E+004  0.7429811E+004  0.3406120E+003  0.1280922E+003  0.1101342E+002  0.4194727E+003 -0.2197282E+003  0.1997445E+003 -0.6765438E+002
  93.000    02042000  0.1946316E+004  0.7429893E+004  0.3406120E+003  0.1294987E+003  0.1102807E+002  0.4260154E+003 -0.2236688E+003  0.2023466E+003 -0.6895210E+002
  94.000    03042000  0.1946006E+004  0.7429927E+004  0.3406120E+003  0.1316283E+003  0.1105030E+002  0.4352939E+003 -0.2293758E+003  0.2059182E+003 -0.7060605E+002
  95.000    04042000  0.1945204E+004  0.7429956E+004  0.3406120E+003  0.1335239E+003  0.1105583E+002  0.4423505E+003 -0.2330053E+003  0.2093452E+003 -0.7227117E+002
  96.000    05042000  0.1944470E+004  0.7430054E+004  0.3406120E+003  0.1371018E+003  0.1105696E+002  0.4494475E+003 -0.2354226E+003  0.2140249E+003 -0.7344162E+002
  97.000    06042000  0.1944282E+004  0.7430137E+004  0.3406120E+003  0.1397625E+003  0.1106467E+002  0.4581744E+003 -0.2402643E+003  0.2179101E+003 -0.7475972E+002
  98.000    07042000  0.1944306E+004  0.7430174E+004  0.3406120E+003  0.1408813E+003  0.1106995E+002  0.4668285E+003 -0.2462891E+003  0.2205394E+003 -0.7636906E+002
  99.000    08042000  0.1943487E+004  0.7430220E+004  0.3406120E+003  0.1427395E+003  0.1106954E+002  0.4734060E+003 -0.2495733E+003  0.2238327E+003 -0.7799186E+002
 100.000    09042000  0.1942743E+004  0.7430328E+004  0.3406120E+003  0.1463094E+003  0.1106961E+002  0.4803902E+003 -0.2518521E+003  0.2285381E+003 -0.7914101E+002
 101.000    10042000  0.1942347E+004  0.7430420E+004  0.3406120E+003  0.1499756E+003  0.1107474E+002  0.4892036E+003 -0.2557583E+003  0.2334453E+003 -0.8040630E+002
 102.000    11042000  0.1942040E+004  0.7430477E+004  0.3406120E+003  0.1527026E+003  0.1108069E+002  0.4982929E+003 -0.2606763E+003  0.2376166E+003 -0.8192002E+002
 103.000    12042000  0.1941575E+004  0.7430508E+004  0.3406120E+003  0.1558538E+003  0.1108368E+002  0.5078010E+003 -0.2654510E+003  0.2423500E+003 -0.8359347E+002
 104.000    13042000  0.1940577E+004  0.7430608E+004  0.3406120E+003  0.1554888E+003  0.1108038E+002  0.5100951E+003 -0.2670598E+003  0.2430353E+003 -0.8478323E+002
 105.000    14042000  0.1939823E+004  0.7430731E+004  0.3406120E+003  0.1567620E+003  0.1107861E+002  0.5142655E+003 -0.2690585E+003  0.2452070E+003 -0.8584414E+002
 106.000    15042000  0.1939176E+004  0.7430812E+004  0.3406120E+003  0.1583830E+003  0.1108395E+002  0.5206996E+003 -0.2726264E+003  0.2480732E+003 -0.8724320E+002
 107.000    16042000  0.1938819E+004  0.7430852E+004  0.3406120E+003  0.1622355E+003  0.1109091E+002  0.5314427E+003 -0.2779681E+003  0.2534746E+003 -0.8891482E+002
 108.000    17042000  0.1938351E+004  0.7430869E+004  0.3406120E+003  0.1646209E+003  0.1109406E+002  0.5413191E+003 -0.2831209E+003  0.2581982E+003 -0.9073280E+002
 109.000    18042000  0.1937270E+004  0.7430925E+004  0.3406120E+003  0.1654019E+003  0.1109067E+002  0.5457962E+003 -0.2853384E+003  0.2604579E+003 -0.9226880E+002
 110.000    19042000  0.1936662E+004  0.7430998E+004  0.3406120E+003  0.1697329E+003  0.1109417E+002  0.5552230E+003 -0.2890611E+003  0.2661618E+003 -0.9370115E+002
 111.000    20042000  0.1936786E+004  0.7431055E+004  0.3406120E+003  0.1732678E+003  0.1109879E+002  0.5650557E+003 -0.2938945E+003  0.2711612E+003 -0.9522778E+002
 112.000    21042000  0.1936291E+004  0.7431073E+004  0.3406120E+003  0.1764979E+003  0.1111176E+002  0.5750553E+003 -0.2989743E+003  0.2760811E+003 -0.9700731E+002
 113.000    22042000  0.1935393E+004  0.7431132E+004  0.3406120E+003  0.1810638E+003  0.1111706E+002  0.5840067E+003 -0.3019035E+003  0.2821031E+003 -0.9851762E+002
 114.000    23042000  0.1934726E+004  0.7431204E+004  0.3406120E+003  0.1855083E+003  0.1112616E+002  0.5935009E+003 -0.3055895E+003  0.2879113E+003 -0.9995250E+002
 115.000    24042000  0.1934003E+004  0.7431277E+004  0.3406120E+003  0.1885812E+003  0.1113530E+002  0.6014433E+003 -0.3091135E+003  0.2923299E+003 -0.1013734E+003
 116.000    25042000  0.1933056E+004  0.7431353E+004  0.3406120E+003  0.1888164E+003  0.1113838E+002  0.6054230E+003 -0.3115763E+003  0.2938468E+003 -0.1027604E+003
 117.000    26042000  0.1932286E+004  0.7431454E+004  0.3406120E+003  0.1921592E+003  0.1114454E+002  0.6133822E+003 -0.3143190E+003  0.2990632E+003 -0.1039847E+003
 118.000    27042000  0.1931527E+004  0.7431540E+004  0.3406120E+003  0.1962282E+003  0.1115522E+002  0.6219544E+003 -0.3176907E+003  0.3042638E+003 -0.1053648E+003
 119.000    28042000  0.1930635E+004  0.7431626E+004  0.3406120E+003  0.1954279E+003  0.1116189E+002  0.6251016E+003 -0.3204757E+003  0.3046259E+003 -0.1067428E+003
 120.000    29042000  0.1929939E+004  0.7431712E+004  0.3406120E+003  0.2004922E+003  0.1117118E+002  0.6349355E+003 -0.3239734E+003  0.3109621E+003 -0.1080955E+003
 121.000    30042000  0.1930244E+004  0.7431788E+004  0.3406120E+003  0.2041673E+003  0.1117680E+002  0.6447389E+003 -0.3287796E+003  0.3159593E+003 -0.1095146E+003
 122.000    01052000  0.1930079E+004  0.7431850E+004  0.3406120E+003  0.2067604E+003  0.1119171E+002  0.6545683E+003 -0.3345905E+003  0.3199778E+003 -0.1110217E+003
 123.000    02052000  0.1929584E+004  0.7431875E+004  0.3406120E+003  0.2097921E+003  0.1120615E+002  0.6644682E+003 -0.3398122E+003  0.3246560E+003 -0.1127663E+003
 124.000    03052000  0.1929110E+004  0.7431895E+004  0.3406120E+003  0.2129228E+003  0.1121668E+002  0.6743963E+003 -0.3449297E+003  0.3294666E+003 -0.1145336E+003
 125.000    04052000  0.1928717E+004  0.7431933E+004  0.3406120E+003  0.2163589E+003  0.1122620E+002  0.6844177E+003 -0.3499340E+003  0.3344837E+003 -0.1161841E+003
 126.000    05052000  0.1928509E+004  0.7431959E+004  0.3406120E+003  0.2189664E+003  0.1123533E+002  0.6943613E+003 -0.3556181E+003  0.3387432E+003 -0.1179051E+003
 127.000    06052000  0.1928570E+004  0.7431955E+004  0.3406120E+003  0.2205944E+003  0.1124611E+002  0.7044058E+003 -0.3622351E+003  0.3421707E+003 -0.1197704E+003
 128.000    07052000  0.1928641E+004  0.7431931E+004  0.3406120E+003  0.2217395E+003  0.1125155E+002  0.7138790E+003 -0.3686593E+003  0.3452196E+003 -0.1217169E+003
 129.000    08052000  0.1929705E+004  0.7431897E+004  0.3406120E+003  0.2235754E+003  0.1125679E+002  0.7239121E+003 -0.3748936E+003  0.3490185E+003 -0.1236974E+003
 130.000    09052000  0.1929667E+004  0.7431850E+004  0.3406120E+003  0.2256466E+003  0.1128487E+002  0.7341176E+003 -0.3810006E+003  0.3531170E+003 -0.1257237E+003
 131.000    10052000  0.1929606E+004  0.7431793E+004  0.3406120E+003  0.2278880E+003  0.1131200E+002  0.7445348E+003 -0.3871037E+003  0.3574310E+003 -0.1277777E+003
 132.000    11052000  0.1929193E+004  0.7431768E+004  0.3406120E+003  0.2308568E+003  0.1133119E+002  0.7543413E+003 -0.3919644E+003  0.3623769E+003 -0.1296983E+003
 133.000    12052000  0.1929360E+004  0.7431734E+004  0.3406120E+003  0.2324141E+003  0.1135811E+002  0.7646296E+003 -0.3986974E+003  0.3659322E+003 -0.1316547E+003
 134.000    13052000  0.1929724E+004  0.7431649E+004  0.3406120E+003  0.2325211E+003  0.1138931E+002  0.7742119E+003 -0.4059784E+003  0.3682335E+003 -0.1338069E+003
 135.000    14052000  0.1929295E+004  0.7431587E+004  0.3406120E+003  0.2356709E+003  0.1140423E+002  0.7843410E+003 -0.4108335E+003  0.3735074E+003 -0.1358458E+003
 136.000    15052000  0.1928588E+004  0.7431577E+004  0.3406120E+003  0.2398555E+003  0.1141661E+002  0.7943341E+003 -0.4147198E+003  0.3796143E+003 -0.1376679E+003
 137.000    16052000  0.1928024E+004  0.7431590E+004  0.3406120E+003  0.2437644E+003  0.1143202E+002  0.8044028E+003 -0.4190717E+003  0.3853310E+003 -0.1393825E+003
 138.000    17052000  0.1927624E+004  0.7431586E+004  0.3406120E+003  0.2476224E+003  0.1145612E+002  0.8154810E+003 -0.4244306E+003  0.3910504E+003 -0.1411711E+003
 139.000    18052000  0.1927704E+004  0.7431536E+004  0.3406120E+003  0.2493010E+003  0.1149224E+002  0.8262119E+003 -0.4314598E+003  0.3947521E+003 -0.1431277E+003
 140.000    19052000  0.1927962E+004  0.7431456E+004  0.3406120E+003  0.2498598E+003  0.1152220E+002  0.8360847E+003 -0.4386305E+003  0.3974542E+003 -0.1451877E+003
 141.000    20052000  0.1928106E+004  0.7431369E+004  0.3406120E+003  0.2507719E+003  0.1154926E+002  0.8457386E+003 -0.4452048E+003  0.4005338E+003 -0.1472495E+003
 142.000    21052000  0.1927373E+004  0.7431290E+004  0.3406120E+003  0.2539525E+003  0.1157315E+002  0.8559533E+003 -0.4501442E+003  0.4058091E+003 -0.1495021E+003
 143.000    22052000  0.1926047E+004  0.7431175E+004  0.3406120E+003  0.2573436E+003  0.1159656E+002  0.8675341E+003 -0.4556097E+003  0.4119244E+003 -0.1525126E+003
 144.000    23052000  0.1925233E+004  0.7431110E+004  0.3406120E+003  0.2609874E+003  0.1161732E+002  0.8783418E+003 -0.4606894E+003  0.4176524E+003 -0.1547711E+003
 145.000    24052000  0.1925131E+004  0.7431003E+004  0.3406120E+003  0.2622574E+003  0.1164471E+002  0.8892271E+003 -0.4681161E+003  0.4211109E+003 -0.1571947E+003
 146.000    25052000  0.1924427E+004  0.7430873E+004  0.3406120E+003  0.2654680E+003  0.1167282E+002  0.9005480E+003 -0.4739128E+003  0.4266352E+003 -0.1597336E+003
 147.000    26052000  0.1924670E+004  0.7430781E+004  0.3406120E+003  0.2686461E+003  0.1169222E+002  0.9113541E+003 -0.4793241E+003  0.4320300E+003 -0.1620915E+003
 148.000    27052000  0.1924285E+004  0.7430690E+004  0.3406120E+003  0.2713378E+003  0.1173421E+002  0.9228068E+003 -0.4858471E+003  0.4369597E+003 -0.1644519E+003
 149.000    28052000  0.1923327E+004  0.7430574E+004  0.3406120E+003  0.2733276E+003  0.1177312E+002  0.9323858E+003 -0.4911088E+003  0.4412770E+003 -0.1669890E+003
 150.000    29052000  0.1921928E+004  0.7430505E+004  0.3406120E+003  0.2763867E+003  0.1179138E+002  0.9410544E+003 -0.4944596E+003  0.4465948E+003 -0.1693057E+003
 151.000    30052000  0.1921423E+004  0.7430488E+004  0.3406120E+003  0.2816604E+003  0.1180384E+002  0.9518222E+003 -0.4979367E+003  0.4538854E+003 -0.1713526E+003
 152.000    31052000  0.1920721E+004  0.7430469E+004  0.3406120E+003  0.2853664E+003  0.1183644E+002  0.9628728E+003 -0.5033573E+003  0.4595155E+003 -0.1733901E+003
 153.000    01062000  0.1920641E+004  0.7430407E+004  0.3406120E+003  0.2867026E+003  0.1188057E+002  0.9738773E+003 -0.5109608E+003  0.4629164E+003 -0.1755996E+003
 154.000    02062000  0.1920876E+004  0.7430283E+004  0.3406120E+003  0.2863164E+003  0.1193146E+002  0.9842749E+003 -0.5194254E+003  0.4648495E+003 -0.1780655E+003
 155.000    03062000  0.1920583E+004  0.7430133E+004  0.3406120E+003  0.2867778E+003  0.1197394E+002  0.9941062E+003 -0.5263890E+003  0.4677172E+003 -0.1806738E+003
 156.000    04062000  0.1919610E+004  0.7430009E+004  0.3406120E+003  0.2889565E+003  0.1199878E+002  0.1003706E+004 -0.5314859E+003  0.4722198E+003 -0.1831960E+003
 157.000    05062000  0.1918503E+004  0.7429891E+004  0.3406120E+003  0.2886251E+003  0.1202946E+002  0.1010589E+004 -0.5364003E+003  0.4741890E+003 -0.1857339E+003
 158.000    06062000  0.1917516E+004  0.7429779E+004  0.3406120E+003  0.2930825E+003  0.1205319E+002  0.1022417E+004 -0.5414232E+003  0.4809941E+003 -0.1881969E+003
 159.000    07062000  0.1916604E+004  0.7429718E+004  0.3406120E+003  0.2967853E+003  0.1207209E+002  0.1033114E+004 -0.5462486E+003  0.4868659E+003 -0.1904065E+003
 160.000    08062000  0.1915984E+004  0.7429667E+004  0.3406120E+003  0.2996701E+003  0.1209467E+002  0.1043785E+004 -0.5519655E+003  0.4918190E+003 -0.1925524E+003
 161.000    09062000  0.1915779E+004  0.7429590E+004  0.3406120E+003  0.3010319E+003  0.1212455E+002  0.1054428E+004 -0.5591097E+003  0.4953186E+003 -0.1947924E+003
 162.000    10062000  0.1915694E+004  0.7429482E+004  0.3406120E+003  0.3018253E+003  0.1216299E+002  0.1064889E+004 -0.5665124E+003  0.4983770E+003 -0.1971552E+003
 163.000    11062000  0.1915649E+004  0.7429355E+004  0.3406120E+003  0.3025994E+003  0.1219864E+002  0.1075418E+004 -0.5739179E+003  0.5015000E+003 -0.1995832E+003
 164.000    12062000  0.1915633E+004  0.7429204E+004  0.3406120E+003  0.3036115E+003  0.1223515E+002  0.1086463E+004 -0.5814984E+003  0.5049646E+003 -0.2020991E+003
 165.000    13062000  0.1916840E+004  0.7429017E+004  0.3406120E+003  0.3028419E+003  0.1226875E+002  0.1096739E+004 -0.5899547E+003  0.5067846E+003 -0.2047403E+003
 166.000    14062000  0.1916574E+004  0.7428822E+004  0.3406120E+003  0.3021237E+003  0.1230556E+002  0.1105383E+004 -0.5967168E+003  0.5086660E+003 -0.2074107E+003
 167.000    15062000  0.1916131E+004  0.7428643E+004  0.3406120E+003  0.3041666E+003  0.1233776E+002  0.1116635E+004 -0.6034435E+003  0.5131910E+003 -0.2101564E+003
 168.000    16062000  0.1915687E+004  0.7428435E+004  0.3406120E+003  0.3061486E+003  0.1237442E+002  0.1128600E+004 -0.6107534E+003  0.5178466E+003 -0.2130912E+003
 169.000    17062000  0.1915486E+004  0.7428212E+004  0.3406120E+003  0.3072632E+003  0.1240552E+002  0.1140145E+004 -0.6184571E+003  0.5216876E+003 -0.2159796E+003
 170.000    18062000  0.1915200E+004  0.7427975E+004  0.3406120E+003  0.3078309E+003  0.1244054E+002  0.1150956E+004 -0.6259846E+003  0.5249718E+003 -0.2189452E+003
 171.000    19062000  0.1914248E+004  0.7427746E+004  0.3406120E+003  0.3087093E+003  0.1246971E+002  0.1161528E+004 -0.6325784E+003  0.5289498E+003 -0.2221796E+003
 172.000    20062000  0.1912775E+004  0.7427533E+004  0.3406120E+003  0.3085593E+003  0.1248944E+002  0.1170577E+004 -0.6379235E+003  0.5326534E+003 -0.2254386E+003
 173.000    21062000  0.1912366E+004  0.7427320E+004  0.3406120E+003  0.3103026E+003  0.1251649E+002  0.1182240E+004 -0.6452486E+003  0.5369912E+003 -0.2283137E+003
 174.000    22062000  0.1913397E+004  0.7427077E+004  0.3406120E+003  0.3116508E+003  0.1254872E+002  0.1193603E+004 -0.6525760E+003  0.5410272E+003 -0.2312631E+003
 175.000    23062000  0.1913195E+004  0.7426858E+004  0.3406120E+003  0.3121783E+003  0.1257944E+002  0.1204166E+004 -0.6599234E+003  0.5442423E+003 -0.2340834E+003
 176.000    24062000  0.1913093E+004  0.7426634E+004  0.3406120E+003  0.3126955E+003  0.1261179E+002  0.1214982E+004 -0.6675077E+003  0.5474746E+003 -0.2369086E+003
 177.000    25062000  0.1913101E+004  0.7426388E+004  0.3406120E+003  0.3125351E+003  0.1264546E+002  0.1225524E+004 -0.6754253E+003  0.5500990E+003 -0.2398098E+003
 178.000    26062000  0.1913066E+004  0.7426133E+004  0.3406120E+003  0.3130916E+003  0.1267466E+002  0.1236593E+004 -0.6831395E+003  0.5534539E+003 -0.2427171E+003
 179.000    27062000  0.1912744E+004  0.7425881E+004  0.3406120E+003  0.3138800E+003  0.1270156E+002  0.1247188E+004 -0.6902017E+003  0.5569868E+003 -0.2456460E+003
 180.000    28062000  0.1911838E+004  0.7425630E+004  0.3406120E+003  0.3142243E+003  0.1272848E+002  0.1256363E+004 -0.6962851E+003  0.5600774E+003 -0.2487454E+003
 181.000    29062000  0.1910807E+004  0.7425390E+004  0.3406120E+003  0.3157028E+003  0.1274930E+002  0.1266209E+004 -0.7019150E+003  0.5642938E+003 -0.2517752E+003
 182.000    30062000  0.1910788E+004  0.7425185E+004  0.3406120E+003  0.3184688E+003  0.1276341E+002  0.1277672E+004 -0.7079811E+003  0.5696905E+003 -0.2545875E+003
 183.000    01072000  0.1910146E+004  0.7424997E+004  0.3406120E+003  0.3210081E+003  0.1278151E+002  0.1289056E+004 -0.7142840E+003  0.5747724E+003 -0.2573133E+003
 184.000    02072000  0.1909758E+004  0.7424811E+004  0.3406120E+003  0.3221509E+003  0.1280320E+002  0.1299780E+004 -0.7212961E+003  0.5784836E+003 -0.2600297E+003
 185.000    03072000  0.1909521E+004  0.7424595E+004  0.3406120E+003  0.3232006E+003  0.1282502E+002  0.1311058E+004 -0.7288414E+003  0.5822169E+003 -0.2628539E+003
 186.000    04072000  0.1909337E+004  0.7424354E+004  0.3406120E+003  0.3236075E+003  0.1284842E+002  0.1321969E+004 -0.7365537E+003  0.5854150E+003 -0.2657670E+003
 187.000    05072000  0.1908773E+004  0.7424086E+004  0.3406120E+003  0.3245052E+003  0.1287551E+002  0.1333408E+004 -0.7437834E+003  0.5896242E+003 -0.2689224E+003
 188.000    06072000  0.1908223E+004  0.7423808E+004  0.3406120E+003  0.3265165E+003  0.1289845E+002  0.1345649E+004 -0.7510025E+003  0.5946461E+003 -0.2720412E+003
 189.000    07072000  0.1907573E+004  0.7423560E+004  0.3406120E+003  0.3282627E+003  0.1291513E+002  0.1356847E+004 -0.7575347E+003  0.5993123E+003 -0.2749718E+003
 190.000    08072000  0.1907086E+004  0.7423329E+004  0.3406120E+003  0.3299710E+003  0.1293376E+002  0.1368181E+004 -0.7643777E+003  0.6038028E+003 -0.2778103E+003
 191.000    09072000  0.1906961E+004  0.7423075E+004  0.3406120E+003  0.3306817E+003  0.1295304E+002  0.1379725E+004 -0.7723842E+003  0.6073412E+003 -0.2807356E+003
 192.000    10072000  0.1907119E+004  0.7422790E+004  0.3406120E+003  0.3297276E+003  0.1297589E+002  0.1390326E+004 -0.7810119E+003  0.6093144E+003 -0.2837706E+003
 193.000    11072000  0.1906949E+004  0.7422495E+004  0.3406120E+003  0.3298541E+003  0.1299517E+002  0.1400961E+004 -0.7885808E+003  0.6123802E+003 -0.2868033E+003
 194.000    12072000  0.1906190E+004  0.7422222E+004  0.3406120E+003  0.3317652E+003  0.1300882E+002  0.1411647E+004 -0.7944948E+003  0.6171520E+003 -0.2897397E+003
 195.000    13072000  0.1905112E+004  0.7421990E+004  0.3406120E+003  0.3327492E+003  0.1302019E+002  0.1420840E+004 -0.8000391E+003  0.6208004E+003 -0.2927029E+003
 196.000    14072000  0.1904574E+004  0.7421737E+004  0.3406120E+003  0.3347921E+003  0.1303525E+002  0.1432868E+004 -0.8072266E+003  0.6256411E+003 -0.2956699E+003
 197.000    15072000  0.1904025E+004  0.7421480E+004  0.3406120E+003  0.3363823E+003  0.1304823E+002  0.1444272E+004 -0.8142000E+003  0.6300719E+003 -0.2986180E+003
 198.000    16072000  0.1903542E+004  0.7421246E+004  0.3406120E+003  0.3375096E+003  0.1306199E+002  0.1455045E+004 -0.8210950E+003  0.6339495E+003 -0.3014473E+003
 199.000    17072000  0.1903130E+004  0.7421018E+004  0.3406120E+003  0.3386788E+003  0.1307624E+002  0.1465930E+004 -0.8280846E+003  0.6378457E+003 -0.3042382E+003
 200.000    18072000  0.1902972E+004  0.7420782E+004  0.3406120E+003  0.3388208E+003  0.1309135E+002  0.1476595E+004 -0.8358381E+003  0.6407571E+003 -0.3070568E+003
 201.000    19072000  0.1902911E+004  0.7420511E+004  0.3406120E+003  0.3387536E+003  0.1310563E+002  0.1487570E+004 -0.8439734E+003  0.6435967E+003 -0.3100016E+003
 202.000    20072000  0.1902168E+004  0.7420257E+004  0.3406120E+003  0.3416066E+003  0.1311532E+002  0.1499333E+004 -0.8500440E+003  0.6492891E+003 -0.3128563E+003
 203.000    21072000  0.1901444E+004  0.7420027E+004  0.3406120E+003  0.3433491E+003  0.1312390E+002  0.1509988E+004 -0.8562042E+003  0.6537839E+003 -0.3156135E+003
 204.000    22072000  0.1900655E+004  0.7419802E+004  0.3406120E+003  0.3458601E+003  0.1313300E+002  0.1521314E+004 -0.8622885E+003  0.6590259E+003 -0.3183591E+003
 205.000    23072000  0.1899068E+004  0.7419580E+004  0.3406120E+003  0.3439703E+003  0.1314382E+002  0.1529161E+004 -0.8682061E+003  0.6609546E+003 -0.3215370E+003
 206.000    24072000  0.1897313E+004  0.7419351E+004  0.3406120E+003  0.3427692E+003  0.1315077E+002  0.1536825E+004 -0.8733566E+003  0.6634685E+003 -0.3249187E+003
 207.000    25072000  0.1896024E+004  0.7419157E+004  0.3406120E+003  0.3423706E+003  0.1315739E+002  0.1543267E+004 -0.8779935E+003  0.6652731E+003 -0.3277170E+003
 208.000    26072000  0.1895138E+004  0.7418956E+004  0.3406120E+003  0.3448969E+003  0.1316423E+002  0.1553746E+004 -0.8837013E+003  0.6700444E+003 -0.3304319E+003
 209.000    27072000  0.1894665E+004  0.7418736E+004  0.3406120E+003  0.3474041E+003  0.1317329E+002  0.1565700E+004 -0.8907692E+003  0.6749312E+003 -0.3332090E+003
 210.000    28072000  0.1894480E+004  0.7418498E+004  0.3406120E+003  0.3478006E+003  0.1318036E+002  0.1576483E+004 -0.8985194E+003  0.6779631E+003 -0.3360421E+003
 211.000    29072000  0.1894066E+004  0.7418255E+004  0.3406120E+003  0.3494927E+003  0.1318743E+002  0.1587878E+004 -0.9055127E+003  0.6823649E+003 -0.3388702E+003
 212.000    30072000  0.1894455E+004  0.7418000E+004  0.3406120E+003  0.3507036E+003  0.1318981E+002  0.1599067E+004 -0.9127483E+003  0.6863190E+003 -0.3417221E+003
 213.000    31072000  0.1893947E+004  0.7417722E+004  0.3406120E+003  0.3515713E+003  0.1319667E+002  0.1609753E+004 -0.9197538E+003  0.6899991E+003 -0.3446800E+003
 214.000    01082000  0.1893114E+004  0.7417456E+004  0.3406120E+003  0.3504188E+003  0.1320151E+002  0.1620898E+004 -0.9263815E+003  0.6945168E+003 -0.3478042E+003
 215.000    02082000  0.1892543E+004  0.7417178E+004  0.3406120E+003  0.3526072E+003  0.1320725E+002  0.1633182E+004 -0.9335595E+003  0.6996229E+003 -0.3508444E+003
 216.000    03082000  0.1891919E+004  0.7416895E+004  0.3406120E+003  0.3545735E+003  0.1321125E+002  0.1645012E+004 -0.9405558E+003  0.7044564E+003 -0.3538619E+003
 217.000    04082000  0.1891111E+004  0.7416609E+004  0.3406120E+003  0.3532799E+003  0.1321537E+002  0.1655777E+004 -0.9473862E+003  0.7083908E+003 -0.3570395E+003
 218.000    05082000  0.1890395E+004  0.7416340E+004  0.3406120E+003  0.3539819E+003  0.1322060E+002  0.1667944E+004 -0.9540953E+003  0.7138491E+003 -0.3600502E+003
 219.000    06082000  0.1890165E+004  0.7416061E+004  0.3406120E+003  0.3547093E+003  0.1322565E+002  0.1679438E+004 -0.9620466E+003  0.7173917E+003 -0.3630305E+003
 220.000    07082000  0.1890142E+004  0.7415736E+004  0.3406120E+003  0.3532244E+003  0.1322965E+002  0.1689345E+004 -0.9704510E+003  0.7188941E+003 -0.3661737E+003
 221.000    08082000  0.1890213E+004  0.7415392E+004  0.3406120E+003  0.3520758E+003  0.1323336E+002  0.1699581E+004 -0.9788073E+003  0.7207737E+003 -0.3693612E+003
 222.000    09082000  0.1890360E+004  0.7415048E+004  0.3406120E+003  0.3509589E+003  0.1323535E+002  0.1709936E+004 -0.9872846E+003  0.7226518E+003 -0.3725308E+003
 223.000    10082000  0.1889775E+004  0.7414722E+004  0.3406120E+003  0.3521454E+003  0.1323824E+002  0.1720894E+004 -0.9941915E+003  0.7267030E+003 -0.3757989E+003
 224.000    11082000  0.1889407E+004  0.7414405E+004  0.3406120E+003  0.3523697E+003  0.1324014E+002  0.1731161E+004 -0.1001343E+004  0.7298181E+003 -0.3789072E+003
 225.000    12082000  0.1888724E+004  0.7414128E+004  0.3406120E+003  0.3540196E+003  0.1324153E+002  0.1741560E+004 -0.1007344E+004  0.7342162E+003 -0.3818376E+003
 226.000    13082000  0.1887535E+004  0.7413905E+004  0.3406120E+003  0.3560276E+003  0.1324169E+002  0.1750681E+004 -0.1011948E+004  0.7387328E+003 -0.3846331E+003
 227.000    14082000  0.1886819E+004  0.7413688E+004  0.3406120E+003  0.3584522E+003  0.1324363E+002  0.1761737E+004 -0.1018095E+004  0.7436416E+003 -0.3873631E+003
 228.000    15082000  0.1886357E+004  0.7413459E+004  0.3406120E+003  0.3593025E+003  0.1324484E+002  0.1772052E+004 -0.1025007E+004  0.7470450E+003 -0.3901338E+003
 229.000    16082000  0.1886289E+004  0.7413191E+004  0.3406120E+003  0.3587332E+003  0.1324691E+002  0.1782301E+004 -0.1033114E+004  0.7491873E+003 -0.3930553E+003
 230.000    17082000  0.1885808E+004  0.7412929E+004  0.3406120E+003  0.3593156E+003  0.1324946E+002  0.1792143E+004 -0.1039666E+004  0.7524767E+003 -0.3959245E+003
 231.000    18082000  0.1885346E+004  0.7412659E+004  0.3406120E+003  0.3587152E+003  0.1325223E+002  0.1801020E+004 -0.1046405E+004  0.7546147E+003 -0.3988232E+003
 232.000    19082000  0.1884570E+004  0.7412414E+004  0.3406120E+003  0.3612727E+003  0.1325371E+002  0.1811851E+004 -0.1052035E+004  0.7598168E+003 -0.4016035E+003
 233.000    20082000  0.1883621E+004  0.7412215E+004  0.3406120E+003  0.3644851E+003  0.1325410E+002  0.1822515E+004 -0.1057008E+004  0.7655071E+003 -0.4041884E+003
 234.000    21082000  0.1882783E+004  0.7412043E+004  0.3406120E+003  0.3676125E+003  0.1325499E+002  0.1833271E+004 -0.1062265E+004  0.7710060E+003 -0.4066524E+003
 235.000    22082000  0.1882073E+004  0.7411886E+004  0.3406120E+003  0.3698630E+003  0.1325606E+002  0.1843436E+004 -0.1067861E+004  0.7755744E+003 -0.4090509E+003
 236.000    23082000  0.1881571E+004  0.7411719E+004  0.3406120E+003  0.3707039E+003  0.1325694E+002  0.1852967E+004 -0.1074196E+004  0.7787715E+003 -0.4114891E+003
 237.000    24082000  0.1881014E+004  0.7411514E+004  0.3406120E+003  0.3719321E+003  0.1325831E+002  0.1863138E+004 -0.1080619E+004  0.7825194E+003 -0.4140876E+003
 238.000    25082000  0.1880438E+004  0.7411288E+004  0.3406120E+003  0.3738720E+003  0.1326000E+002  0.1874103E+004 -0.1087043E+004  0.7870599E+003 -0.4167604E+003
 239.000    26082000  0.1879967E+004  0.7411068E+004  0.3406120E+003  0.3752139E+003  0.1326054E+002  0.1884571E+004 -0.1093583E+004  0.7909881E+003 -0.4193938E+003
 240.000    27082000  0.1879179E+004  0.7410842E+004  0.3406120E+003  0.3754182E+003  0.1326177E+002  0.1893204E+004 -0.1099438E+004  0.7937662E+003 -0.4221208E+003
 241.000    28082000  0.1878234E+004  0.7410620E+004  0.3406120E+003  0.3780507E+003  0.1326165E+002  0.1904028E+004 -0.1105111E+004  0.7989162E+003 -0.4249275E+003
 242.000    29082000  0.1877449E+004  0.7410392E+004  0.3406120E+003  0.3794749E+003  0.1326191E+002  0.1914143E+004 -0.1111195E+004  0.8029480E+003 -0.4276851E+003
 243.000    30082000  0.1877255E+004  0.7410161E+004  0.3406120E+003  0.3787187E+003  0.1325479E+002  0.1921767E+004 -0.1116983E+004  0.8047836E+003 -0.4304935E+003
 244.000    31082000  0.1876712E+004  0.7409901E+004  0.3406120E+003  0.3797355E+003  0.1325397E+002  0.1932375E+004 -0.1123876E+004  0.8084990E+003 -0.4333903E+003
 245.000    01092000  0.1876317E+004  0.7409609E+004  0.3406120E+003  0.3805759E+003  0.1325283E+002  0.1943314E+004 -0.1131162E+004  0.8121520E+003 -0.4363861E+003
 246.000    02092000  0.1875649E+004  0.7409330E+004  0.3406120E+003  0.3804651E+003  0.1325113E+002  0.1952290E+004 -0.1137467E+004  0.8148236E+003 -0.4393195E+003
 247.000    03092000  0.1874921E+004  0.7409048E+004  0.3406120E+003  0.3799692E+003  0.1324860E+002  0.1960762E+004 -0.1143658E+004  0.8171045E+003 -0.4423029E+003
 248.000    04092000  0.1874081E+004  0.7408771E+004  0.3406120E+003  0.3769930E+003  0.1324529E+002  0.1966243E+004 -0.1149326E+004  0.8169171E+003 -0.4452692E+003
 249.000    05092000  0.1872901E+004  0.7408544E+004  0.3406120E+003  0.3746113E+003  0.1324185E+002  0.1970446E+004 -0.1153229E+004  0.8172168E+003 -0.4479847E+003
 250.000    06092000  0.1871850E+004  0.7408383E+004  0.3406120E+003  0.3769043E+003  0.1323775E+002  0.1978967E+004 -0.1157067E+004  0.8218995E+003 -0.4504019E+003
 251.000    07092000  0.1870961E+004  0.7408227E+004  0.3406120E+003  0.3802201E+003  0.1323566E+002  0.1989345E+004 -0.1161804E+004  0.8275405E+003 -0.4528070E+003
 252.000    08092000  0.1870314E+004  0.7408059E+004  0.3406120E+003  0.3819177E+003  0.1323327E+002  0.1999130E+004 -0.1167544E+004  0.8315860E+003 -0.4552512E+003
 253.000    09092000  0.1869781E+004  0.7407879E+004  0.3406120E+003  0.3831280E+003  0.1323033E+002  0.2008845E+004 -0.1173656E+004  0.8351888E+003 -0.4577401E+003
 254.000    10092000  0.1869304E+004  0.7407692E+004  0.3406120E+003  0.3834533E+003  0.1322671E+002  0.2017782E+004 -0.1179854E+004  0.8379278E+003 -0.4602416E+003
 255.000    11092000  0.1868780E+004  0.7407495E+004  0.3406120E+003  0.3847843E+003  0.1322257E+002  0.2027602E+004 -0.1185884E+004  0.8417182E+003 -0.4627772E+003
 256.000    12092000  0.1868309E+004  0.7407300E+004  0.3406120E+003  0.3858470E+003  0.1321754E+002  0.2037274E+004 -0.1192039E+004  0.8452351E+003 -0.4652944E+003
 257.000    13092000  0.1868043E+004  0.7407094E+004  0.3406120E+003  0.3857788E+003  0.1321137E+002  0.2046439E+004 -0.1198771E+004  0.8476681E+003 -0.4678498E+003
 258.000    14092000  0.1867310E+004  0.7406860E+004  0.3406120E+003  0.3858720E+003  0.1320521E+002  0.2055087E+004 -0.1204784E+004  0.8503031E+003 -0.4706711E+003
 259.000    15092000  0.1866396E+004  0.7406642E+004  0.3406120E+003  0.3876792E+003  0.1320024E+002  0.2064361E+004 -0.1209775E+004  0.8545853E+003 -0.4733395E+003
 260.000    16092000  0.1865355E+004  0.7406525E+004  0.3406120E+003  0.3907087E+003  0.1319072E+002  0.2072963E+004 -0.1213209E+004  0.8597547E+003 -0.4755386E+003
 261.000    17092000  0.1864448E+004  0.7406447E+004  0.3406120E+003  0.3939490E+003  0.1318222E+002  0.2081804E+004 -0.1216878E+004  0.8649253E+003 -0.4775301E+003
 262.000    18092000  0.1863438E+004  0.7406377E+004  0.3406120E+003  0.3928254E+003  0.1317870E+002  0.2086288E+004 -0.1220645E+004  0.8656429E+003 -0.4795007E+003
 263.000    19092000  0.1862814E+004  0.7406247E+004  0.3406120E+003  0.3942617E+003  0.1317418E+002  0.2095890E+004 -0.1226689E+004  0.8692012E+003 -0.4818169E+003
 264.000    20092000  0.1862343E+004  0.7406089E+004  0.3406120E+003  0.3948643E+003  0.1316762E+002  0.2105208E+004 -0.1233135E+004  0.8720734E+003 -0.4842305E+003
 265.000    21092000  0.1861736E+004  0.7405897E+004  0.3406120E+003  0.3953538E+003  0.1315994E+002  0.2114287E+004 -0.1239287E+004  0.8749997E+003 -0.4867950E+003
 266.000    22092000  0.1860598E+004  0.7405740E+004  0.3406120E+003  0.3953069E+003  0.1315436E+002  0.2120673E+004 -0.1243475E+004  0.8771990E+003 -0.4892226E+003
 267.000    23092000  0.1859648E+004  0.7405587E+004  0.3406120E+003  0.3944974E+003  0.1314759E+002  0.2127133E+004 -0.1248397E+004  0.8787361E+003 -0.4916745E+003
 268.000    24092000  0.1859238E+004  0.7405408E+004  0.3406120E+003  0.3950551E+003  0.1313823E+002  0.2136537E+004 -0.1254795E+004  0.8817423E+003 -0.4941610E+003
 269.000    25092000  0.1858122E+004  0.7405229E+004  0.3406120E+003  0.3919787E+003  0.1313057E+002  0.2141267E+004 -0.1259161E+004  0.8821058E+003 -0.4967403E+003
 270.000    26092000  0.1857087E+004  0.7405143E+004  0.3406120E+003  0.3935523E+003  0.1312179E+002  0.2147788E+004 -0.1262120E+004  0.8856678E+003 -0.4987245E+003
 271.000    27092000  0.1856178E+004  0.7405078E+004  0.3406120E+003  0.3963827E+003  0.1311580E+002  0.2155984E+004 -0.1265624E+004  0.8903601E+003 -0.5006211E+003
 272.000    28092000  0.1855465E+004  0.7405032E+004  0.3406120E+003  0.3989698E+003  0.1310699E+002  0.2164308E+004 -0.1269555E+004  0.8947525E+003 -0.5024189E+003
 273.000    29092000  0.1854618E+004  0.7404978E+004  0.3406120E+003  0.4015174E+003  0.1310270E+002  0.2172721E+004 -0.1273595E+004  0.8991265E+003 -0.5042683E+003
 274.000    30092000  0.1854545E+004  0.7404924E+004  0.3406120E+003  0.4039751E+003  0.1309180E+002  0.2181414E+004 -0.1278012E+004  0.9034020E+003 -0.5061324E+003
 275.000    01102000  0.1853745E+004  0.7404855E+004  0.3406120E+003  0.4063010E+003  0.1308693E+002  0.2190332E+004 -0.1282714E+004  0.9076185E+003 -0.5080802E+003
 276.000    02102000  0.1853021E+004  0.7404781E+004  0.3406120E+003  0.4075795E+003  0.1308195E+002  0.2198423E+004 -0.1287612E+004  0.9108112E+003 -0.5100474E+003
 277.000    03102000  0.1852627E+004  0.7404689E+004  0.3406120E+003  0.4075889E+003  0.1307525E+002  0.2206482E+004 -0.1293653E+004  0.9128294E+003 -0.5121084E+003
 278.000    04102000  0.1852113E+004  0.7404573E+004  0.3406120E+003  0.4078721E+003  0.1306742E+002  0.2214514E+004 -0.1299273E+004  0.9152416E+003 -0.5142743E+003
 279.000    05102000  0.1851660E+004  0.7404454E+004  0.3406120E+003  0.4079137E+003  0.1305680E+002  0.2222423E+004 -0.1304982E+004  0.9174409E+003 -0.5164515E+003
 280.000    06102000  0.1851140E+004  0.7404321E+004  0.3406120E+003  0.4078559E+003  0.1304661E+002  0.2230072E+004 -0.1310467E+004  0.9196051E+003 -0.5186787E+003
 281.000    07102000  0.1850171E+004  0.7404241E+004  0.3406120E+003  0.4099963E+003  0.1303895E+002  0.2237732E+004 -0.1313954E+004  0.9237777E+003 -0.5206661E+003
 282.000    08102000  0.1849369E+004  0.7404237E+004  0.3406120E+003  0.4108114E+003  0.1301468E+002  0.2242118E+004 -0.1315935E+004  0.9261836E+003 -0.5221908E+003
 283.000    09102000  0.1848832E+004  0.7404288E+004  0.3406120E+003  0.4134242E+003  0.1298599E+002  0.2248084E+004 -0.1317965E+004  0.9301187E+003 -0.5234302E+003
 284.000    10102000  0.1848366E+004  0.7404349E+004  0.3406120E+003  0.4160970E+003  0.1296609E+002  0.2254706E+004 -0.1320634E+004  0.9340725E+003 -0.5246291E+003
 285.000    11102000  0.1847960E+004  0.7404401E+004  0.3406120E+003  0.4181928E+003  0.1294734E+002  0.2261350E+004 -0.1323863E+004  0.9374877E+003 -0.5258815E+003
 286.000    12102000  0.1847469E+004  0.7404437E+004  0.3406120E+003  0.4198751E+003  0.1293673E+002  0.2268153E+004 -0.1327582E+004  0.9405711E+003 -0.5272269E+003
 287.000    13102000  0.1847146E+004  0.7404473E+004  0.3406120E+003  0.4211846E+003  0.1292136E+002  0.2274926E+004 -0.1331632E+004  0.9432946E+003 -0.5285731E+003
 288.000    14102000  0.1846839E+004  0.7404499E+004  0.3406120E+003  0.4220401E+003  0.1290914E+002  0.2281696E+004 -0.1336052E+004  0.9456444E+003 -0.5299858E+003
 289.000    15102000  0.1846545E+004  0.7404521E+004  0.3406120E+003  0.4231900E+003  0.1289617E+002  0.2288773E+004 -0.1340443E+004  0.9483292E+003 -0.5314177E+003
 290.000    16102000  0.1846166E+004  0.7404528E+004  0.3406120E+003  0.4239876E+003  0.1288663E+002  0.2295777E+004 -0.1345005E+004  0.9507715E+003 -0.5329425E+003
 291.000    17102000  0.1845606E+004  0.7404522E+004  0.3406120E+003  0.4255035E+003  0.1287850E+002  0.2303335E+004 -0.1349319E+004  0.9540163E+003 -0.5345357E+003
 292.000    18102000  0.1845031E+004  0.7404489E+004  0.3406120E+003  0.4263621E+003  0.1287011E+002  0.2310803E+004 -0.1354039E+004  0.9567639E+003 -0.5362839E+003
 293.000    19102000  0.1844395E+004  0.7404484E+004  0.3406120E+003  0.4277258E+003  0.1285782E+002  0.2317532E+004 -0.1357657E+004  0.9598751E+003 -0.5378495E+003
 294.000    20102000  0.1843939E+004  0.7404512E+004  0.3406120E+003  0.4297209E+003  0.1284227E+002  0.2324509E+004 -0.1361070E+004  0.9634388E+003 -0.5392223E+003
 295.000    21102000  0.1843582E+004  0.7404535E+004  0.3406120E+003  0.4314260E+003  0.1283037E+002  0.2331904E+004 -0.1365151E+004  0.9667528E+003 -0.5406440E+003
 296.000    22102000  0.1843234E+004  0.7404524E+004  0.3406120E+003  0.4317266E+003  0.1282136E+002  0.2338927E+004 -0.1370064E+004  0.9688635E+003 -0.5422668E+003
 297.000    23102000  0.1842613E+004  0.7404530E+004  0.3406120E+003  0.4333575E+003  0.1280882E+002  0.2345529E+004 -0.1373321E+004  0.9722080E+003 -0.5437634E+003
 298.000    24102000  0.1842241E+004  0.7404570E+004  0.3406120E+003  0.4353425E+003  0.1279124E+002  0.2352438E+004 -0.1376770E+004  0.9756686E+003 -0.5450735E+003
 299.000    25102000  0.1841675E+004  0.7404574E+004  0.3406120E+003  0.4366604E+003  0.1278300E+002  0.2359523E+004 -0.1380886E+004  0.9786370E+003 -0.5466221E+003
 300.000    26102000  0.1841116E+004  0.7404588E+004  0.3406120E+003  0.4380406E+003  0.1277072E+002  0.2366275E+004 -0.1384613E+004  0.9816620E+003 -0.5480912E+003
 301.000    27102000  0.1840607E+004  0.7404590E+004  0.3406120E+003  0.4386094E+003  0.1275994E+002  0.2372857E+004 -0.1388884E+004  0.9839725E+003 -0.5496429E+003
 302.000    28102000  0.1840214E+004  0.7404577E+004  0.3406120E+003  0.4387127E+003  0.1274775E+002  0.2379573E+004 -0.1393657E+004  0.9859163E+003 -0.5512758E+003
 303.000    29102000  0.1839702E+004  0.7404610E+004  0.3406120E+003  0.4400784E+003  0.1272642E+002  0.2385187E+004 -0.1396327E+004  0.9888606E+003 -0.5526027E+003
 304.000    30102000  0.1840086E+004  0.7404678E+004  0.3406120E+003  0.4415766E+003  0.1269781E+002  0.2390817E+004 -0.1399067E+004  0.9917499E+003 -0.5537419E+003
 305.000    31102000  0.1839808E+004  0.7404756E+004  0.3406120E+003  0.4433125E+003  0.1267215E+002  0.2396569E+004 -0.1401753E+004  0.9948165E+003 -0.5548276E+003
 306.000    01112000  0.1839648E+004  0.7404852E+004  0.3406120E+003  0.4449320E+003  0.1264605E+002  0.2402250E+004 -0.1404588E+004  0.9976627E+003 -0.5558104E+003
 307.000    02112000  0.1839514E+004  0.7404947E+004  0.3406120E+003  0.4465236E+003  0.1262329E+002  0.2408167E+004 -0.1407680E+004  0.1000487E+004 -0.5568038E+003
 308.000    03112000  0.1839394E+004  0.7405026E+004  0.3406120E+003  0.4476350E+003  0.1260643E+002  0.2414363E+004 -0.1411447E+004  0.1002915E+004 -0.5578889E+003
 309.000    04112000  0.1838981E+004  0.7405070E+004  0.3406120E+003  0.4478170E+003  0.1259816E+002  0.2420062E+004 -0.1415440E+004  0.1004622E+004 -0.5591883E+003
 310.000    05112000  0.1838469E+004  0.7405120E+004  0.3406120E+003  0.4490676E+003  0.1258136E+002  0.2425667E+004 -0.1418318E+004  0.1007349E+004 -0.5604217E+003
 311.000    06112000  0.1838229E+004  0.7405223E+004  0.3406120E+003  0.4508431E+003  0.1255703E+002  0.2431111E+004 -0.1420795E+004  0.1010316E+004 -0.5613488E+003
 312.000    07112000  0.1837708E+004  0.7405293E+004  0.3406120E+003  0.4501410E+003  0.1255128E+002  0.2434875E+004 -0.1423895E+004  0.1010980E+004 -0.5624814E+003
 313.000    08112000  0.1837434E+004  0.7405327E+004  0.3406120E+003  0.4508424E+003  0.1254253E+002  0.2441564E+004 -0.1428310E+004  0.1013254E+004 -0.5638371E+003
 314.000    09112000  0.1837185E+004  0.7405328E+004  0.3406120E+003  0.4486244E+003  0.1252955E+002  0.2445963E+004 -0.1433170E+004  0.1012793E+004 -0.5653818E+003
 315.000    10112000  0.1836697E+004  0.7405335E+004  0.3406120E+003  0.4492138E+003  0.1251349E+002  0.2451662E+004 -0.1436542E+004  0.1015120E+004 -0.5668676E+003
 316.000    11112000  0.1836368E+004  0.7405401E+004  0.3406120E+003  0.4504114E+003  0.1249451E+002  0.2456688E+004 -0.1438965E+004  0.1017723E+004 -0.5679950E+003
 317.000    12112000  0.1836141E+004  0.7405487E+004  0.3406120E+003  0.4518539E+003  0.1246939E+002  0.2461718E+004 -0.1441266E+004  0.1020452E+004 -0.5690096E+003
 318.000    13112000  0.1835969E+004  0.7405586E+004  0.3406120E+003  0.4531611E+003  0.1244941E+002  0.2466940E+004 -0.1443969E+004  0.1022971E+004 -0.5699578E+003
 319.000    14112000  0.1835475E+004  0.7405662E+004  0.3406120E+003  0.4541255E+003  0.1243517E+002  0.2471461E+004 -0.1446370E+004  0.1025091E+004 -0.5710712E+003
 320.000    15112000  0.1835325E+004  0.7405787E+004  0.3406120E+003  0.4553357E+003  0.1240331E+002  0.2475369E+004 -0.1448077E+004  0.1027292E+004 -0.5718738E+003
 321.000    16112000  0.1835202E+004  0.7405936E+004  0.3406120E+003  0.4557863E+003  0.1238181E+002  0.2478318E+004 -0.1449723E+004  0.1028596E+004 -0.5725252E+003
 322.000    17112000  0.1834856E+004  0.7406050E+004  0.3406120E+003  0.4568764E+003  0.1236853E+002  0.2482607E+004 -0.1451892E+004  0.1030715E+004 -0.5733957E+003
 323.000    18112000  0.1834805E+004  0.7406194E+004  0.3406120E+003  0.4570061E+003  0.1234820E+002  0.2485055E+004 -0.1453351E+004  0.1031704E+004 -0.5740696E+003
 324.000    19112000  0.1835000E+004  0.7406344E+004  0.3406120E+003  0.4556356E+003  0.1232800E+002  0.2485802E+004 -0.1454696E+004  0.1031106E+004 -0.5746914E+003
 325.000    20112000  0.1837581E+004  0.7406507E+004  0.3406120E+003  0.4555371E+003  0.1230832E+002  0.2487574E+004 -0.1456008E+004  0.1031566E+004 -0.5752009E+003
 326.000    21112000  0.1839994E+004  0.7406672E+004  0.3406120E+003  0.4559157E+003  0.1228981E+002  0.2489601E+004 -0.1457256E+004  0.1032345E+004 -0.5756667E+003
 327.000    22112000  0.1842232E+004  0.7406838E+004  0.3406120E+003  0.4545818E+003  0.1227360E+002  0.2492013E+004 -0.1458497E+004  0.1033517E+004 -0.5760787E+003
 328.000    23112000  0.1844388E+004  0.7407005E+004  0.3406120E+003  0.4566906E+003  0.1225867E+002  0.2495550E+004 -0.1459988E+004  0.1035562E+004 -0.5764589E+003
 329.000    24112000  0.1846433E+004  0.7407169E+004  0.3406120E+003  0.4582868E+003  0.1224484E+002  0.2498424E+004 -0.1461455E+004  0.1036968E+004 -0.5768301E+003
 330.000    25112000  0.1848246E+004  0.7407333E+004  0.3406120E+003  0.4582818E+003  0.1223687E+002  0.2499930E+004 -0.1463144E+004  0.1036786E+004 -0.5772004E+003
 331.000    26112000  0.1849972E+004  0.7407495E+004  0.3406120E+003  0.4589420E+003  0.1222989E+002  0.2503358E+004 -0.1465029E+004  0.1038328E+004 -0.5775753E+003
 332.000    27112000  0.1851403E+004  0.7407633E+004  0.3406120E+003  0.4601363E+003  0.1222355E+002  0.2508163E+004 -0.1467450E+004  0.1040713E+004 -0.5781979E+003
 333.000    28112000  0.1852804E+004  0.7407764E+004  0.3406120E+003  0.4613363E+003  0.1220895E+002  0.2512626E+004 -0.1469726E+004  0.1042901E+004 -0.5788740E+003
 334.000    29112000  0.1854137E+004  0.7407903E+004  0.3406120E+003  0.4625512E+003  0.1220114E+002  0.2517056E+004 -0.1472156E+004  0.1044900E+004 -0.5794885E+003
 335.000    30112000  0.1855944E+004  0.7408034E+004  0.3406120E+003  0.4635876E+003  0.1217945E+002  0.2520660E+004 -0.1473925E+004  0.1046735E+004 -0.5801652E+003
 336.000    01122000  0.1857249E+004  0.7408193E+004  0.3406120E+003  0.4649500E+003  0.1216447E+002  0.2524113E+004 -0.1475473E+004  0.1048640E+004 -0.5805947E+003
 337.000    02122000  0.1858577E+004  0.7408353E+004  0.3406120E+003  0.4647969E+003  0.1214750E+002  0.2525740E+004 -0.1476746E+004  0.1048994E+004 -0.5809889E+003
 338.000    03122000  0.1859882E+004  0.7408513E+004  0.3406120E+003  0.4644274E+003  0.1212821E+002  0.2527015E+004 -0.1477924E+004  0.1049092E+004 -0.5813553E+003
 339.000    04122000  0.1861037E+004  0.7408673E+004  0.3406120E+003  0.4647110E+003  0.1211318E+002  0.2529760E+004 -0.1479224E+004  0.1050536E+004 -0.5816923E+003
 340.000    05122000  0.1862179E+004  0.7408835E+004  0.3406120E+003  0.4665807E+003  0.1210045E+002  0.2533250E+004 -0.1480815E+004  0.1052435E+004 -0.5819959E+003
 341.000    06122000  0.1863307E+004  0.7408993E+004  0.3406120E+003  0.4675569E+003  0.1208468E+002  0.2535357E+004 -0.1482068E+004  0.1053289E+004 -0.5823036E+003
 342.000    07122000  0.1864383E+004  0.7409150E+004  0.3406120E+003  0.4696997E+003  0.1207277E+002  0.2538961E+004 -0.1483707E+004  0.1055254E+004 -0.5826029E+003
 343.000    08122000  0.1865440E+004  0.7409306E+004  0.3406120E+003  0.4721039E+003  0.1206486E+002  0.2543233E+004 -0.1485782E+004  0.1057451E+004 -0.5829007E+003
 344.000    09122000  0.1866380E+004  0.7409462E+004  0.3406120E+003  0.4734381E+003  0.1205302E+002  0.2546607E+004 -0.1487310E+004  0.1059297E+004 -0.5832031E+003
 345.000    10122000  0.1867377E+004  0.7409616E+004  0.3406120E+003  0.4720799E+003  0.1203716E+002  0.2547751E+004 -0.1488556E+004  0.1059195E+004 -0.5835085E+003
 346.000    11122000  0.1867999E+004  0.7409764E+004  0.3406120E+003  0.4720367E+003  0.1203121E+002  0.2550121E+004 -0.1490118E+004  0.1060003E+004 -0.5839067E+003
 347.000    12122000  0.1868513E+004  0.7409890E+004  0.3406120E+003  0.4729552E+003  0.1202110E+002  0.2554360E+004 -0.1492578E+004  0.1061782E+004 -0.5845184E+003
 348.000    13122000  0.1869297E+004  0.7410043E+004  0.3406120E+003  0.4728166E+003  0.1200540E+002  0.2556022E+004 -0.1493824E+004  0.1062198E+004 -0.5848664E+003
 349.000    14122000  0.1869983E+004  0.7410194E+004  0.3406120E+003  0.4727360E+003  0.1199392E+002  0.2557824E+004 -0.1495205E+004  0.1062619E+004 -0.5852279E+003
 350.000    15122000  0.1870560E+004  0.7410338E+004  0.3406120E+003  0.4740141E+003  0.1198307E+002  0.2561249E+004 -0.1496804E+004  0.1064445E+004 -0.5856735E+003
 351.000    16122000  0.1871082E+004  0.7410481E+004  0.3406120E+003  0.4739058E+003  0.1197230E+002  0.2563055E+004 -0.1498260E+004  0.1064795E+004 -0.5861163E+003
 352.000    17122000  0.1871411E+004  0.7410594E+004  0.3406120E+003  0.4738029E+003  0.1196164E+002  0.2566729E+004 -0.1500923E+004  0.1065806E+004 -0.5868289E+003
 353.000    18122000  0.1872013E+004  0.7410746E+004  0.3406120E+003  0.4744391E+003  0.1194561E+002  0.2569015E+004 -0.1502166E+004  0.1066849E+004 -0.5871776E+003
 354.000    19122000  0.1872713E+004  0.7410900E+004  0.3406120E+003  0.4740786E+003  0.1192809E+002  0.2570155E+004 -0.1503355E+004  0.1066800E+004 -0.5874864E+003
 355.000    20122000  0.1873366E+004  0.7411055E+004  0.3406120E+003  0.4668612E+003  0.1191005E+002  0.2570841E+004 -0.1504338E+004  0.1066502E+004 -0.5877552E+003
 356.000    21122000  0.1873979E+004  0.7411209E+004  0.3406120E+003  0.4673806E+003  0.1189535E+002  0.2572513E+004 -0.1505429E+004  0.1067084E+004 -0.5880075E+003
 357.000    22122000  0.1874639E+004  0.7411359E+004  0.3406120E+003  0.4682745E+003  0.1187853E+002  0.2574388E+004 -0.1506579E+004  0.1067809E+004 -0.5882605E+003
 358.000    23122000  0.1875281E+004  0.7411513E+004  0.3406120E+003  0.4682695E+003  0.1186143E+002  0.2575206E+004 -0.1507534E+004  0.1067671E+004 -0.5884699E+003
 359.000    24122000  0.1875875E+004  0.7411667E+004  0.3406120E+003  0.4698528E+003  0.1184790E+002  0.2577775E+004 -0.1508774E+004  0.1069001E+004 -0.5886648E+003
 360.000    25122000  0.1876559E+004  0.7411816E+004  0.3406120E+003  0.4698225E+003  0.1182913E+002  0.2578485E+004 -0.1509776E+004  0.1068709E+004 -0.5888680E+003
 361.000    26122000  0.1877210E+004  0.7411969E+004  0.3406120E+003  0.4698003E+003  0.1181158E+002  0.2579168E+004 -0.1510738E+004  0.1068431E+004 -0.5890491E+003
 362.000    27122000  0.1877831E+004  0.7412115E+004  0.3406120E+003  0.4711588E+003  0.1179791E+002  0.2581491E+004 -0.1511963E+004  0.1069528E+004 -0.5892521E+003
 363.000    28122000  0.1878499E+004  0.7412259E+004  0.3406120E+003  0.4715989E+003  0.1178063E+002  0.2582923E+004 -0.1513072E+004  0.1069851E+004 -0.5894651E+003
 364.000    29122000  0.1879110E+004  0.7412404E+004  0.3406120E+003  0.4722108E+003  0.1176425E+002  0.2584424E+004 -0.1514123E+004  0.1070301E+004 -0.5896565E+003
 365.000    30122000  0.1880269E+004  0.7412551E+004  0.3406120E+003  0.4723656E+003  0.1174135E+002  0.2585309E+004 -0.1515071E+004  0.1070237E+004 -0.5898334E+003
 366.000    31122000  0.1880728E+004  0.7412696E+004  0.3406120E+003  0.4728627E+003  0.1172502E+002  0.2586572E+004 -0.1516064E+004  0.1070508E+004 -0.5900052E+003
