    DOY     DATE    RESIDUE_C       HUMUS_C         ATM_CO2         NBP             ECO_LAI         ECO_GPP         ECO_RA          ECO_NPP         ECO_RH          
  30.000    30011917  0.1712602E+004  0.8410545E+004  0.3406120E+003 -0.6520230E+002  0.1194513E+000  0.2703237E+000 -0.3564853E+002 -0.3537820E+002 -0.3027105E+002
  60.000    01031917  0.1711373E+004  0.8416515E+004  0.3406120E+003 -0.1142866E+003  0.6286977E+000  0.1180427E+002 -0.6742007E+002 -0.5561580E+002 -0.5074552E+002
  90.000    31031917  0.1694418E+004  0.8422007E+004  0.3406120E+003 -0.1205909E+003  0.2037866E+001  0.8971744E+002 -0.1171486E+003 -0.2743121E+002 -0.8311325E+002
 120.000    30041917  0.1648114E+004  0.8427101E+004  0.3406120E+003  0.1175392E+001  0.4481352E+001  0.3642316E+003 -0.2234450E+003  0.1407866E+003 -0.1361732E+003
 150.000    30051917  0.1596934E+004  0.8429170E+004  0.3406120E+003  0.1973826E+003  0.7138614E+001  0.8230783E+003 -0.4241738E+003  0.3989045E+003 -0.2031597E+003
 180.000    29061917  0.1550855E+004  0.8428384E+004  0.3406120E+003  0.3283711E+003  0.8147224E+001  0.1273326E+004 -0.6733299E+003  0.5999958E+003 -0.2722698E+003
 210.000    29071917  0.1486141E+004  0.8421828E+004  0.3406120E+003  0.3482242E+003  0.8197288E+001  0.1671563E+004 -0.9588540E+003  0.7127092E+003 -0.3631807E+003
 240.000    28081917  0.1567028E+004  0.8415102E+004  0.3406120E+003  0.4092221E+003  0.3085266E+001  0.2058344E+004 -0.1202422E+004  0.8559219E+003 -0.4503313E+003
 270.000    27091917  0.1574443E+004  0.8407238E+004  0.3406120E+003  0.2985168E+003  0.4127333E+000  0.2206679E+004 -0.1371755E+004  0.8349237E+003 -0.5374157E+003
 300.000    27101917  0.1580654E+004  0.8404808E+004  0.3406120E+003  0.1670742E+003  0.7133144E-001  0.2224190E+004 -0.1457638E+004  0.7665516E+003 -0.5954192E+003
 330.000    26111917  0.1741630E+004  0.8407278E+004  0.3406120E+003  0.5334444E+002  0.4161197E-003  0.2225791E+004 -0.1516254E+004  0.7095374E+003 -0.6543649E+003
 360.000    26121917  0.1797949E+004  0.8413173E+004  0.3406120E+003 -0.1817609E+002  0.0000000E+000  0.2225791E+004 -0.1553612E+004  0.6721793E+003 -0.6939761E+003
