    DOY     DATE    RESIDUE_C       HUMUS_C         ATM_CO2         NBP             ECO_LAI         ECO_GPP         ECO_RA          ECO_NPP         ECO_RH          
   1.000    01012004  0.1734215E+004  0.7373306E+004  0.3406120E+003  0.1948580E+001  0.1180938E+002  0.5225099E+001 -0.2779772E+001  0.2445327E+001 -0.6067191E+000
   2.000    02012004  0.1734053E+004  0.7373401E+004  0.3406120E+003  0.3670995E+001  0.1180342E+002  0.1069543E+002 -0.5932010E+001  0.4763416E+001 -0.1323129E+001
   3.000    03012004  0.1734020E+004  0.7373477E+004  0.3406120E+003  0.4405536E+001  0.1179252E+002  0.1650119E+002 -0.1028249E+002  0.6218703E+001 -0.2174379E+001
   4.000    04012004  0.1733910E+004  0.7373518E+004  0.3406120E+003  0.4351382E+001  0.1178302E+002  0.2249781E+002 -0.1536970E+002  0.7128107E+001 -0.3278716E+001
   5.000    05012004  0.1733663E+004  0.7373536E+004  0.3406120E+003  0.3039973E+001  0.1177152E+002  0.2696575E+002 -0.2007119E+002  0.6894560E+001 -0.4531891E+001
   6.000    06012004  0.1733568E+004  0.7373621E+004  0.3406120E+003  0.4013511E+001  0.1175068E+002  0.3044420E+002 -0.2183896E+002  0.8605244E+001 -0.5339086E+001
   7.000    07012004  0.1733818E+004  0.7373758E+004  0.3406120E+003  0.3723143E+001  0.1172756E+002  0.3159494E+002 -0.2304621E+002  0.8548733E+001 -0.5763425E+001
   8.000    08012004  0.1734169E+004  0.7373903E+004  0.3406120E+003  0.4582873E+001  0.1170576E+002  0.3336979E+002 -0.2429632E+002  0.9073477E+001 -0.6098693E+001
   9.000    09012004  0.1734605E+004  0.7374046E+004  0.3406120E+003  0.4209277E+001  0.1168232E+002  0.3388283E+002 -0.2548591E+002  0.8396920E+001 -0.6412010E+001
  10.000    10012004  0.1734964E+004  0.7374192E+004  0.3406120E+003  0.3779909E+001  0.1166343E+002  0.3424097E+002 -0.2651504E+002  0.7725936E+001 -0.6689201E+001
  11.000    11012004  0.1735326E+004  0.7374336E+004  0.3406120E+003  0.3728406E+001  0.1164608E+002  0.3511387E+002 -0.2754359E+002  0.7570284E+001 -0.6936132E+001
  12.000    12012004  0.1735731E+004  0.7374477E+004  0.3406120E+003  0.6737056E+001  0.1163275E+002  0.3971083E+002 -0.2941101E+002  0.1029982E+002 -0.7169367E+001
  13.000    13012004  0.1736055E+004  0.7374616E+004  0.3406120E+003  0.9771309E+001  0.1162236E+002  0.4478892E+002 -0.3171190E+002  0.1307702E+002 -0.7425203E+001
  14.000    14012004  0.1736424E+004  0.7374755E+004  0.3406120E+003  0.1202418E+002  0.1160423E+002  0.4833895E+002 -0.3324213E+002  0.1509682E+002 -0.7685576E+001
  15.000    15012004  0.1736703E+004  0.7374893E+004  0.3406120E+003  0.1467581E+002  0.1159136E+002  0.5246655E+002 -0.3493994E+002  0.1752661E+002 -0.7947429E+001
  16.000    16012004  0.1737138E+004  0.7375030E+004  0.3406120E+003  0.1581691E+002  0.1157115E+002  0.5461375E+002 -0.3615379E+002  0.1845996E+002 -0.8208071E+001
  17.000    17012004  0.1737442E+004  0.7375166E+004  0.3406120E+003  0.1802555E+002  0.1155910E+002  0.5809911E+002 -0.3762983E+002  0.2046927E+002 -0.8464084E+001
  18.000    18012004  0.1737753E+004  0.7375302E+004  0.3406120E+003  0.1881402E+002  0.1154801E+002  0.6052429E+002 -0.3946969E+002  0.2105460E+002 -0.8715543E+001
  19.000    19012004  0.1738194E+004  0.7375437E+004  0.3406120E+003  0.2017983E+002  0.1152765E+002  0.6296208E+002 -0.4072422E+002  0.2223786E+002 -0.8965345E+001
  20.000    20012004  0.1738641E+004  0.7375571E+004  0.3406120E+003  0.2049786E+002  0.1150968E+002  0.6420960E+002 -0.4179012E+002  0.2241948E+002 -0.9208323E+001
  21.000    21012004  0.1739055E+004  0.7375706E+004  0.3406120E+003  0.2129999E+002  0.1149368E+002  0.6609832E+002 -0.4290223E+002  0.2319608E+002 -0.9430061E+001
  22.000    22012004  0.1739398E+004  0.7375839E+004  0.3406120E+003  0.2393627E+002  0.1148378E+002  0.7039517E+002 -0.4474771E+002  0.2564746E+002 -0.9637372E+001
  23.000    23012004  0.1739890E+004  0.7375971E+004  0.3406120E+003  0.2505740E+002  0.1146476E+002  0.7259092E+002 -0.4601173E+002  0.2657919E+002 -0.9857296E+001
  24.000    24012004  0.1740328E+004  0.7376103E+004  0.3406120E+003  0.2816966E+002  0.1145274E+002  0.7770223E+002 -0.4819975E+002  0.2950248E+002 -0.1007710E+002
  25.000    25012004  0.1740780E+004  0.7376236E+004  0.3406120E+003  0.2741958E+002  0.1143419E+002  0.7778605E+002 -0.4911568E+002  0.2867037E+002 -0.1027563E+002
  26.000    26012004  0.1741250E+004  0.7376375E+004  0.3406120E+003  0.2676368E+002  0.1141763E+002  0.7787020E+002 -0.4999824E+002  0.2787196E+002 -0.1043011E+002
  27.000    27012004  0.1741841E+004  0.7376507E+004  0.3406120E+003  0.2644248E+002  0.1139790E+002  0.7843741E+002 -0.5104461E+002  0.2739280E+002 -0.1059791E+002
  28.000    28012004  0.1742399E+004  0.7376637E+004  0.3406120E+003  0.2711732E+002  0.1137999E+002  0.8009979E+002 -0.5219318E+002  0.2790661E+002 -0.1077270E+002
  29.000    29012004  0.1742877E+004  0.7376764E+004  0.3406120E+003  0.2968289E+002  0.1136635E+002  0.8403772E+002 -0.5374397E+002  0.3029375E+002 -0.1096193E+002
  30.000    30012004  0.1744078E+004  0.7376891E+004  0.3406120E+003  0.3250500E+002  0.1134545E+002  0.8858664E+002 -0.5548550E+002  0.3310114E+002 -0.1116288E+002
  31.000    31012004  0.1744581E+004  0.7377018E+004  0.3406120E+003  0.3301425E+002  0.1132778E+002  0.9013447E+002 -0.5656403E+002  0.3357044E+002 -0.1135971E+002
  32.000    01022004  0.1745072E+004  0.7377146E+004  0.3406120E+003  0.3419204E+002  0.1131197E+002  0.9235596E+002 -0.5770442E+002  0.3465154E+002 -0.1152904E+002
  33.000    02022004  0.1745533E+004  0.7377273E+004  0.3406120E+003  0.3620853E+002  0.1129875E+002  0.9560126E+002 -0.5910514E+002  0.3649612E+002 -0.1170357E+002
  34.000    03022004  0.1745983E+004  0.7377398E+004  0.3406120E+003  0.3833359E+002  0.1128514E+002  0.9908167E+002 -0.6065755E+002  0.3842412E+002 -0.1189529E+002
  35.000    04022004  0.1746451E+004  0.7377523E+004  0.3406120E+003  0.4123483E+002  0.1126912E+002  0.1033721E+003 -0.6224782E+002  0.4112426E+002 -0.1209116E+002
  36.000    05022004  0.1746874E+004  0.7377647E+004  0.3406120E+003  0.4292620E+002  0.1125688E+002  0.1062018E+003 -0.6357999E+002  0.4262184E+002 -0.1228843E+002
  37.000    06022004  0.1747288E+004  0.7377772E+004  0.3406120E+003  0.4381713E+002  0.1124452E+002  0.1083156E+003 -0.6498400E+002  0.4333156E+002 -0.1248584E+002
  38.000    07022004  0.1747608E+004  0.7377896E+004  0.3406120E+003  0.4678137E+002  0.1123510E+002  0.1128889E+003 -0.6677788E+002  0.4611103E+002 -0.1268391E+002
  39.000    08022004  0.1748071E+004  0.7378019E+004  0.3406120E+003  0.4892612E+002  0.1121675E+002  0.1161702E+003 -0.6809749E+002  0.4807273E+002 -0.1288296E+002
  40.000    09022004  0.1748497E+004  0.7378143E+004  0.3406120E+003  0.5028376E+002  0.1120441E+002  0.1186368E+003 -0.6938370E+002  0.4925305E+002 -0.1307794E+002
  41.000    10022004  0.1748887E+004  0.7378266E+004  0.3406120E+003  0.5311732E+002  0.1119756E+002  0.1233747E+003 -0.7146803E+002  0.5190668E+002 -0.1327368E+002
  42.000    11022004  0.1749286E+004  0.7378389E+004  0.3406120E+003  0.5647767E+002  0.1118507E+002  0.1283360E+003 -0.7324658E+002  0.5508940E+002 -0.1347045E+002
  43.000    12022004  0.1749844E+004  0.7378511E+004  0.3406120E+003  0.5699213E+002  0.1116854E+002  0.1299199E+003 -0.7448266E+002  0.5543724E+002 -0.1366742E+002
  44.000    13022004  0.1750335E+004  0.7378633E+004  0.3406120E+003  0.6046944E+002  0.1115640E+002  0.1353475E+003 -0.7660360E+002  0.5874394E+002 -0.1386453E+002
  45.000    14022004  0.1750644E+004  0.7378755E+004  0.3406120E+003  0.6257002E+002  0.1115076E+002  0.1391101E+003 -0.7843391E+002  0.6067623E+002 -0.1406125E+002
  46.000    15022004  0.1751064E+004  0.7378877E+004  0.3406120E+003  0.6438835E+002  0.1113824E+002  0.1421917E+003 -0.7985545E+002  0.6233624E+002 -0.1425768E+002
  47.000    16022004  0.1751635E+004  0.7378998E+004  0.3406120E+003  0.6452070E+002  0.1111778E+002  0.1432013E+003 -0.8088140E+002  0.6231995E+002 -0.1445557E+002
  48.000    17022004  0.1752244E+004  0.7379119E+004  0.3406120E+003  0.6415651E+002  0.1109900E+002  0.1437097E+003 -0.8189619E+002  0.6181350E+002 -0.1465293E+002
  49.000    18022004  0.1752716E+004  0.7379240E+004  0.3406120E+003  0.6684506E+002  0.1108731E+002  0.1478535E+003 -0.8348487E+002  0.6436860E+002 -0.1484971E+002
  50.000    19022004  0.1753255E+004  0.7379360E+004  0.3406120E+003  0.7058002E+002  0.1108110E+002  0.1541191E+003 -0.8614124E+002  0.6797785E+002 -0.1504602E+002
  51.000    20022004  0.1753893E+004  0.7379480E+004  0.3406120E+003  0.7401664E+002  0.1107948E+002  0.1610477E+003 -0.8975292E+002  0.7129479E+002 -0.1524199E+002
  52.000    21022004  0.1754398E+004  0.7379600E+004  0.3406120E+003  0.7736028E+002  0.1107121E+002  0.1676797E+003 -0.9315909E+002  0.7452063E+002 -0.1543708E+002
  53.000    22022004  0.1754921E+004  0.7379720E+004  0.3406120E+003  0.8101321E+002  0.1105833E+002  0.1732987E+003 -0.9523662E+002  0.7806207E+002 -0.1563190E+002
  54.000    23022004  0.1755363E+004  0.7379839E+004  0.3406120E+003  0.8443838E+002  0.1104687E+002  0.1784023E+003 -0.9702051E+002  0.8138181E+002 -0.1583093E+002
  55.000    24022004  0.1755767E+004  0.7379959E+004  0.3406120E+003  0.8778249E+002  0.1103816E+002  0.1844597E+003 -0.9943684E+002  0.8502289E+002 -0.1603991E+002
  56.000    25022004  0.1756189E+004  0.7380078E+004  0.3406120E+003  0.9011838E+002  0.1102762E+002  0.1891080E+003 -0.1011795E+003  0.8792846E+002 -0.1625294E+002
  57.000    26022004  0.1756826E+004  0.7380197E+004  0.3406120E+003  0.8968405E+002  0.1100720E+002  0.1901365E+003 -0.1023378E+003  0.8779874E+002 -0.1645446E+002
  58.000    27022004  0.1757312E+004  0.7380316E+004  0.3406120E+003  0.9069001E+002  0.1099166E+002  0.1929977E+003 -0.1036456E+003  0.8935213E+002 -0.1665412E+002
  59.000    28022004  0.1757843E+004  0.7380434E+004  0.3406120E+003  0.9353390E+002  0.1097886E+002  0.1987918E+003 -0.1058217E+003  0.9297011E+002 -0.1686069E+002
  60.000    29022004  0.1759117E+004  0.7380551E+004  0.3406120E+003  0.9648326E+002  0.1096176E+002  0.2056463E+003 -0.1086609E+003  0.9698540E+002 -0.1710351E+002
  61.000    01032004  0.1759671E+004  0.7380663E+004  0.3406120E+003  0.9824771E+002  0.1095963E+002  0.2128157E+003 -0.1126091E+003  0.1002066E+003 -0.1742877E+002
  62.000    02032004  0.1759858E+004  0.7380750E+004  0.3406120E+003  0.9794185E+002  0.1096131E+002  0.2185389E+003 -0.1171153E+003  0.1014236E+003 -0.1809260E+002
  63.000    03032004  0.1760012E+004  0.7380818E+004  0.3406120E+003  0.9963972E+002  0.1095729E+002  0.2266848E+003 -0.1221181E+003  0.1045667E+003 -0.1894571E+002
  64.000    04032004  0.1760323E+004  0.7380867E+004  0.3406120E+003  0.1001466E+003  0.1094763E+002  0.2350130E+003 -0.1284357E+003  0.1065773E+003 -0.2000106E+002
  65.000    05032004  0.1760431E+004  0.7380893E+004  0.3406120E+003  0.1012613E+003  0.1093427E+002  0.2438023E+003 -0.1344690E+003  0.1093333E+003 -0.2126608E+002
  66.000    06032004  0.1760180E+004  0.7380909E+004  0.3406120E+003  0.1008638E+003  0.1091829E+002  0.2498546E+003 -0.1392532E+003  0.1106014E+003 -0.2263064E+002
  67.000    07032004  0.1759851E+004  0.7380961E+004  0.3406120E+003  0.1042500E+003  0.1089037E+002  0.2579985E+003 -0.1425756E+003  0.1154229E+003 -0.2374788E+002
  68.000    08032004  0.1759595E+004  0.7381045E+004  0.3406120E+003  0.1072384E+003  0.1087783E+002  0.2642779E+003 -0.1446851E+003  0.1195928E+003 -0.2461738E+002
  69.000    09032004  0.1759594E+004  0.7381156E+004  0.3406120E+003  0.1095339E+003  0.1086210E+002  0.2693058E+003 -0.1464606E+003  0.1228452E+003 -0.2526714E+002
  70.000    10032004  0.1759544E+004  0.7381270E+004  0.3406120E+003  0.1124421E+003  0.1084886E+002  0.2749321E+003 -0.1482684E+003  0.1266637E+003 -0.2589682E+002
  71.000    11032004  0.1759597E+004  0.7381389E+004  0.3406120E+003  0.1156172E+003  0.1083761E+002  0.2816204E+003 -0.1509471E+003  0.1306734E+003 -0.2646448E+002
  72.000    12032004  0.1759467E+004  0.7381488E+004  0.3406120E+003  0.1186310E+003  0.1082428E+002  0.2890181E+003 -0.1543217E+003  0.1346964E+003 -0.2724747E+002
  73.000    13032004  0.1759310E+004  0.7381593E+004  0.3406120E+003  0.1216977E+003  0.1081425E+002  0.2954192E+003 -0.1566913E+003  0.1387279E+003 -0.2798139E+002
  74.000    14032004  0.1759331E+004  0.7381699E+004  0.3406120E+003  0.1245544E+003  0.1080646E+002  0.3027868E+003 -0.1602586E+003  0.1425282E+003 -0.2871019E+002
  75.000    15032004  0.1758903E+004  0.7381775E+004  0.3406120E+003  0.1257822E+003  0.1079996E+002  0.3086517E+003 -0.1638326E+003  0.1448191E+003 -0.2973288E+002
  76.000    16032004  0.1758437E+004  0.7381845E+004  0.3406120E+003  0.1267853E+003  0.1078635E+002  0.3143386E+003 -0.1673565E+003  0.1469821E+003 -0.3082793E+002
  77.000    17032004  0.1758174E+004  0.7381949E+004  0.3406120E+003  0.1286753E+003  0.1077537E+002  0.3190027E+003 -0.1691595E+003  0.1498432E+003 -0.3162824E+002
  78.000    18032004  0.1757916E+004  0.7382062E+004  0.3406120E+003  0.1304546E+003  0.1076835E+002  0.3237389E+003 -0.1712728E+003  0.1524661E+003 -0.3236264E+002
  79.000    19032004  0.1757557E+004  0.7382157E+004  0.3406120E+003  0.1340147E+003  0.1075924E+002  0.3314833E+003 -0.1744605E+003  0.1570228E+003 -0.3326266E+002
  80.000    20032004  0.1757452E+004  0.7382256E+004  0.3406120E+003  0.1370299E+003  0.1075049E+002  0.3393102E+003 -0.1782939E+003  0.1610163E+003 -0.3413569E+002
  81.000    21032004  0.1759364E+004  0.7382328E+004  0.3406120E+003  0.1402754E+003  0.1073594E+002  0.3473785E+003 -0.1819695E+003  0.1654090E+003 -0.3523456E+002
  82.000    22032004  0.1759015E+004  0.7382451E+004  0.3406120E+003  0.1425979E+003  0.1072849E+002  0.3520423E+003 -0.1835650E+003  0.1684773E+003 -0.3589368E+002
  83.000    23032004  0.1758942E+004  0.7382593E+004  0.3406120E+003  0.1458202E+003  0.1072467E+002  0.3577340E+003 -0.1854768E+003  0.1722571E+003 -0.3637610E+002
  84.000    24032004  0.1758903E+004  0.7382719E+004  0.3406120E+003  0.1496909E+003  0.1074659E+002  0.3656860E+003 -0.1888774E+003  0.1768086E+003 -0.3700237E+002
  85.000    25032004  0.1758777E+004  0.7382811E+004  0.3406120E+003  0.1524096E+003  0.1077364E+002  0.3743083E+003 -0.1938180E+003  0.1804903E+003 -0.3794975E+002
  86.000    26032004  0.1758628E+004  0.7382873E+004  0.3406120E+003  0.1544270E+003  0.1079580E+002  0.3832477E+003 -0.1995438E+003  0.1837039E+003 -0.3914172E+002
  87.000    27032004  0.1758451E+004  0.7382910E+004  0.3406120E+003  0.1559206E+003  0.1080858E+002  0.3921713E+003 -0.2055853E+003  0.1865860E+003 -0.4051766E+002
  88.000    28032004  0.1757889E+004  0.7382941E+004  0.3406120E+003  0.1595144E+003  0.1081444E+002  0.4016609E+003 -0.2100032E+003  0.1916577E+003 -0.4195318E+002
  89.000    29032004  0.1757295E+004  0.7383006E+004  0.3406120E+003  0.1632432E+003  0.1081719E+002  0.4100780E+003 -0.2134162E+003  0.1966618E+003 -0.4315211E+002
  90.000    30032004  0.1757333E+004  0.7383100E+004  0.3406120E+003  0.1653268E+003  0.1080878E+002  0.4152559E+003 -0.2154462E+003  0.1998097E+003 -0.4413014E+002
  91.000    31032004  0.1756710E+004  0.7383191E+004  0.3406120E+003  0.1685952E+003  0.1081119E+002  0.4222459E+003 -0.2181542E+003  0.2040917E+003 -0.4515928E+002
  92.000    01042004  0.1756108E+004  0.7383283E+004  0.3406120E+003  0.1728182E+003  0.1081603E+002  0.4304873E+003 -0.2211370E+003  0.2093503E+003 -0.4620870E+002
  93.000    02042004  0.1755471E+004  0.7383374E+004  0.3406120E+003  0.1763285E+003  0.1081913E+002  0.4377895E+003 -0.2238534E+003  0.2139360E+003 -0.4723455E+002
  94.000    03042004  0.1754934E+004  0.7383472E+004  0.3406120E+003  0.1806400E+003  0.1082710E+002  0.4463574E+003 -0.2270785E+003  0.2192789E+003 -0.4822362E+002
  95.000    04042004  0.1754342E+004  0.7383565E+004  0.3406120E+003  0.1845640E+003  0.1083301E+002  0.4543118E+003 -0.2300689E+003  0.2242429E+003 -0.4924139E+002
  96.000    05042004  0.1753855E+004  0.7383677E+004  0.3406120E+003  0.1884416E+003  0.1083791E+002  0.4619099E+003 -0.2328925E+003  0.2290174E+003 -0.5011889E+002
  97.000    06042004  0.1753492E+004  0.7383783E+004  0.3406120E+003  0.1919731E+003  0.1085009E+002  0.4703413E+003 -0.2368524E+003  0.2334889E+003 -0.5105568E+002
  98.000    07042004  0.1753347E+004  0.7383851E+004  0.3406120E+003  0.1936939E+003  0.1086709E+002  0.4795767E+003 -0.2431597E+003  0.2364170E+003 -0.5228413E+002
  99.000    08042004  0.1753074E+004  0.7383894E+004  0.3406120E+003  0.1960619E+003  0.1087806E+002  0.4893897E+003 -0.2492141E+003  0.2401755E+003 -0.5368509E+002
 100.000    09042004  0.1752590E+004  0.7383928E+004  0.3406120E+003  0.1986056E+003  0.1088261E+002  0.4985458E+003 -0.2543312E+003  0.2442146E+003 -0.5516348E+002
 101.000    10042004  0.1752008E+004  0.7383980E+004  0.3406120E+003  0.2024492E+003  0.1088557E+002  0.5081374E+003 -0.2586731E+003  0.2494643E+003 -0.5653089E+002
 102.000    11042004  0.1751259E+004  0.7384027E+004  0.3406120E+003  0.2061339E+003  0.1088759E+002  0.5170426E+003 -0.2624344E+003  0.2546082E+003 -0.5794789E+002
 103.000    12042004  0.1750415E+004  0.7384113E+004  0.3406120E+003  0.2059651E+003  0.1088554E+002  0.5202326E+003 -0.2647463E+003  0.2554862E+003 -0.5912246E+002
 104.000    13042004  0.1749722E+004  0.7384184E+004  0.3406120E+003  0.2089429E+003  0.1089566E+002  0.5281338E+003 -0.2684828E+003  0.2596510E+003 -0.6042565E+002
 105.000    14042004  0.1748855E+004  0.7384265E+004  0.3406120E+003  0.2107469E+003  0.1089338E+002  0.5333477E+003 -0.2707538E+003  0.2625939E+003 -0.6161927E+002
 106.000    15042004  0.1748267E+004  0.7384352E+004  0.3406120E+003  0.2152647E+003  0.1089977E+002  0.5426773E+003 -0.2744513E+003  0.2682260E+003 -0.6279320E+002
 107.000    16042004  0.1747827E+004  0.7384434E+004  0.3406120E+003  0.2188797E+003  0.1090679E+002  0.5520533E+003 -0.2790655E+003  0.2729878E+003 -0.6400788E+002
 108.000    17042004  0.1747638E+004  0.7384487E+004  0.3406120E+003  0.2206333E+003  0.1091493E+002  0.5615447E+003 -0.2854609E+003  0.2760838E+003 -0.6541962E+002
 109.000    18042004  0.1747563E+004  0.7384496E+004  0.3406120E+003  0.2211577E+003  0.1091482E+002  0.5709850E+003 -0.2927706E+003  0.2782144E+003 -0.6708663E+002
 110.000    19042004  0.1747377E+004  0.7384483E+004  0.3406120E+003  0.2221248E+003  0.1090761E+002  0.5804187E+003 -0.2994836E+003  0.2809351E+003 -0.6886322E+002
 111.000    20042004  0.1747748E+004  0.7384460E+004  0.3406120E+003  0.2232278E+003  0.1089821E+002  0.5897629E+003 -0.3059122E+003  0.2838508E+003 -0.7066959E+002
 112.000    21042004  0.1747412E+004  0.7384432E+004  0.3406120E+003  0.2252196E+003  0.1090512E+002  0.5995991E+003 -0.3118899E+003  0.2877092E+003 -0.7250437E+002
 113.000    22042004  0.1747049E+004  0.7384397E+004  0.3406120E+003  0.2274097E+003  0.1090728E+002  0.6096768E+003 -0.3178690E+003  0.2918078E+003 -0.7436286E+002
 114.000    23042004  0.1746776E+004  0.7384348E+004  0.3406120E+003  0.2289400E+003  0.1091053E+002  0.6196947E+003 -0.3243718E+003  0.2953229E+003 -0.7629119E+002
 115.000    24042004  0.1746251E+004  0.7384295E+004  0.3406120E+003  0.2318101E+003  0.1091195E+002  0.6302982E+003 -0.3300838E+003  0.3002144E+003 -0.7823864E+002
 116.000    25042004  0.1745717E+004  0.7384244E+004  0.3406120E+003  0.2349621E+003  0.1091817E+002  0.6413693E+003 -0.3359800E+003  0.3053893E+003 -0.8018023E+002
 117.000    26042004  0.1744803E+004  0.7384193E+004  0.3406120E+003  0.2372421E+003  0.1092163E+002  0.6502885E+003 -0.3405807E+003  0.3097077E+003 -0.8215366E+002
 118.000    27042004  0.1743774E+004  0.7384191E+004  0.3406120E+003  0.2420742E+003  0.1092356E+002  0.6606734E+003 -0.3442734E+003  0.3164000E+003 -0.8394104E+002
 119.000    28042004  0.1742854E+004  0.7384240E+004  0.3406120E+003  0.2464861E+003  0.1092675E+002  0.6702229E+003 -0.3477558E+003  0.3224671E+003 -0.8548870E+002
 120.000    29042004  0.1742197E+004  0.7384280E+004  0.3406120E+003  0.2497505E+003  0.1093983E+002  0.6801825E+003 -0.3527600E+003  0.3274226E+003 -0.8708393E+002
 121.000    30042004  0.1742341E+004  0.7384290E+004  0.3406120E+003  0.2534711E+003  0.1094906E+002  0.6912893E+003 -0.3583468E+003  0.3329425E+003 -0.8879684E+002
 122.000    01052004  0.1741338E+004  0.7384261E+004  0.3406120E+003  0.2544808E+003  0.1096848E+002  0.7000175E+003 -0.3640708E+003  0.3359467E+003 -0.9093792E+002
 123.000    02052004  0.1740292E+004  0.7384195E+004  0.3406120E+003  0.2561315E+003  0.1098453E+002  0.7104993E+003 -0.3702304E+003  0.3402689E+003 -0.9330800E+002
 124.000    03052004  0.1738802E+004  0.7384190E+004  0.3406120E+003  0.2567113E+003  0.1098461E+002  0.7156534E+003 -0.3729072E+003  0.3427462E+003 -0.9530412E+002
 125.000    04052004  0.1737731E+004  0.7384244E+004  0.3406120E+003  0.2623251E+003  0.1098875E+002  0.7257548E+003 -0.3759326E+003  0.3498222E+003 -0.9685827E+002
 126.000    05052004  0.1737043E+004  0.7384289E+004  0.3406120E+003  0.2656513E+003  0.1099950E+002  0.7355062E+003 -0.3808511E+003  0.3546551E+003 -0.9843889E+002
 127.000    06052004  0.1736683E+004  0.7384285E+004  0.3406120E+003  0.2669728E+003  0.1101089E+002  0.7455038E+003 -0.3877551E+003  0.3577487E+003 -0.1002597E+003
 128.000    07052004  0.1736523E+004  0.7384245E+004  0.3406120E+003  0.2671941E+003  0.1101962E+002  0.7552298E+003 -0.3953527E+003  0.3598770E+003 -0.1022218E+003
 129.000    08052004  0.1737397E+004  0.7384186E+004  0.3406120E+003  0.2702623E+003  0.1102412E+002  0.7664586E+003 -0.4015313E+003  0.3649274E+003 -0.1042486E+003
 130.000    09052004  0.1736974E+004  0.7384114E+004  0.3406120E+003  0.2727018E+003  0.1106179E+002  0.7778230E+003 -0.4084184E+003  0.3694046E+003 -0.1063320E+003
 131.000    10052004  0.1736497E+004  0.7384033E+004  0.3406120E+003  0.2748374E+003  0.1108990E+002  0.7885937E+003 -0.4149681E+003  0.3736257E+003 -0.1084427E+003
 132.000    11052004  0.1736024E+004  0.7383962E+004  0.3406120E+003  0.2770604E+003  0.1111674E+002  0.7992770E+003 -0.4213701E+003  0.3779069E+003 -0.1105085E+003
 133.000    12052004  0.1735461E+004  0.7383881E+004  0.3406120E+003  0.2800517E+003  0.1115012E+002  0.8105830E+003 -0.4275866E+003  0.3829963E+003 -0.1126040E+003
 134.000    13052004  0.1734917E+004  0.7383798E+004  0.3406120E+003  0.2832059E+003  0.1118152E+002  0.8222868E+003 -0.4340349E+003  0.3882519E+003 -0.1146974E+003
 135.000    14052004  0.1734374E+004  0.7383708E+004  0.3406120E+003  0.2862295E+003  0.1121120E+002  0.8339656E+003 -0.4405471E+003  0.3934185E+003 -0.1168154E+003
 136.000    15052004  0.1733872E+004  0.7383612E+004  0.3406120E+003  0.2887927E+003  0.1123953E+002  0.8453744E+003 -0.4472267E+003  0.3981477E+003 -0.1189465E+003
 137.000    16052004  0.1733405E+004  0.7383511E+004  0.3406120E+003  0.2904729E+003  0.1127399E+002  0.8559836E+003 -0.4539650E+003  0.4020186E+003 -0.1210892E+003
 138.000    17052004  0.1732881E+004  0.7383408E+004  0.3406120E+003  0.2934479E+003  0.1130712E+002  0.8676905E+003 -0.4605018E+003  0.4071887E+003 -0.1232252E+003
 139.000    18052004  0.1732423E+004  0.7383299E+004  0.3406120E+003  0.2957274E+003  0.1133888E+002  0.8790035E+003 -0.4673169E+003  0.4116866E+003 -0.1253728E+003
 140.000    19052004  0.1731841E+004  0.7383176E+004  0.3406120E+003  0.2983988E+003  0.1137578E+002  0.8904249E+003 -0.4737905E+003  0.4166344E+003 -0.1275707E+003
 141.000    20052004  0.1731546E+004  0.7383047E+004  0.3406120E+003  0.2992805E+003  0.1141373E+002  0.9011056E+003 -0.4812941E+003  0.4198115E+003 -0.1297788E+003
 142.000    21052004  0.1731494E+004  0.7382887E+004  0.3406120E+003  0.2992861E+003  0.1144599E+002  0.9117888E+003 -0.4895474E+003  0.4222414E+003 -0.1321031E+003
 143.000    22052004  0.1731408E+004  0.7382713E+004  0.3406120E+003  0.2998610E+003  0.1148054E+002  0.9228332E+003 -0.4975393E+003  0.4252939E+003 -0.1344578E+003
 144.000    23052004  0.1731109E+004  0.7382525E+004  0.3406120E+003  0.3016014E+003  0.1151376E+002  0.9343549E+003 -0.5048121E+003  0.4295428E+003 -0.1368335E+003
 145.000    24052004  0.1730846E+004  0.7382344E+004  0.3406120E+003  0.3034892E+003  0.1154502E+002  0.9461504E+003 -0.5122320E+003  0.4339184E+003 -0.1391747E+003
 146.000    25052004  0.1730806E+004  0.7382160E+004  0.3406120E+003  0.3036055E+003  0.1158560E+002  0.9568339E+003 -0.5202912E+003  0.4365426E+003 -0.1415209E+003
 147.000    26052004  0.1731886E+004  0.7381962E+004  0.3406120E+003  0.3041330E+003  0.1161913E+002  0.9677294E+003 -0.5281216E+003  0.4396078E+003 -0.1438848E+003
 148.000    27052004  0.1731554E+004  0.7381785E+004  0.3406120E+003  0.3065353E+003  0.1166423E+002  0.9796015E+003 -0.5351426E+003  0.4444590E+003 -0.1461477E+003
 149.000    28052004  0.1731245E+004  0.7381608E+004  0.3406120E+003  0.3079530E+003  0.1171721E+002  0.9906516E+003 -0.5423417E+003  0.4483099E+003 -0.1483876E+003
 150.000    29052004  0.1730949E+004  0.7381452E+004  0.3406120E+003  0.3093977E+003  0.1176458E+002  0.1001550E+004 -0.5494415E+003  0.4521081E+003 -0.1505355E+003
 151.000    30052004  0.1730953E+004  0.7381265E+004  0.3406120E+003  0.3109229E+003  0.1180458E+002  0.1012433E+004 -0.5563734E+003  0.4560595E+003 -0.1530655E+003
 152.000    31052004  0.1730424E+004  0.7381050E+004  0.3406120E+003  0.3130863E+003  0.1185886E+002  0.1024734E+004 -0.5639132E+003  0.4608205E+003 -0.1555368E+003
 153.000    01062004  0.1729878E+004  0.7380870E+004  0.3406120E+003  0.3146792E+003  0.1189355E+002  0.1035700E+004 -0.5707887E+003  0.4649116E+003 -0.1578658E+003
 154.000    02062004  0.1729590E+004  0.7380716E+004  0.3406120E+003  0.3151770E+003  0.1192901E+002  0.1046151E+004 -0.5783389E+003  0.4678126E+003 -0.1600762E+003
 155.000    03062004  0.1729394E+004  0.7380556E+004  0.3406120E+003  0.3155653E+003  0.1196620E+002  0.1056664E+004 -0.5860458E+003  0.4706181E+003 -0.1622818E+003
 156.000    04062004  0.1728049E+004  0.7380391E+004  0.3406120E+003  0.3147796E+003  0.1199448E+002  0.1063095E+004 -0.5908883E+003  0.4722071E+003 -0.1648594E+003
 157.000    05062004  0.1727111E+004  0.7380236E+004  0.3406120E+003  0.3189950E+003  0.1203268E+002  0.1075743E+004 -0.5968613E+003  0.4788816E+003 -0.1672385E+003
 158.000    06062004  0.1726117E+004  0.7380088E+004  0.3406120E+003  0.3230985E+003  0.1206462E+002  0.1088149E+004 -0.6027429E+003  0.4854059E+003 -0.1695623E+003
 159.000    07062004  0.1725509E+004  0.7379916E+004  0.3406120E+003  0.3258234E+003  0.1210923E+002  0.1101151E+004 -0.6105250E+003  0.4906257E+003 -0.1719430E+003
 160.000    08062004  0.1724878E+004  0.7379714E+004  0.3406120E+003  0.3272913E+003  0.1215154E+002  0.1112871E+004 -0.6181895E+003  0.4946811E+003 -0.1743997E+003
 161.000    09062004  0.1724336E+004  0.7379505E+004  0.3406120E+003  0.3294548E+003  0.1218791E+002  0.1125473E+004 -0.6260126E+003  0.4994604E+003 -0.1768651E+003
 162.000    10062004  0.1724018E+004  0.7379282E+004  0.3406120E+003  0.3298641E+003  0.1222301E+002  0.1137085E+004 -0.6345444E+003  0.5025401E+003 -0.1793676E+003
 163.000    11062004  0.1723759E+004  0.7379042E+004  0.3406120E+003  0.3290452E+003  0.1226426E+002  0.1147725E+004 -0.6433424E+003  0.5043824E+003 -0.1820217E+003
 164.000    12062004  0.1722582E+004  0.7378824E+004  0.3406120E+003  0.3316532E+003  0.1228784E+002  0.1158523E+004 -0.6488567E+003  0.5096662E+003 -0.1846472E+003
 165.000    13062004  0.1722636E+004  0.7378648E+004  0.3406120E+003  0.3339733E+003  0.1231197E+002  0.1169603E+004 -0.6550896E+003  0.5145133E+003 -0.1870644E+003
 166.000    14062004  0.1721983E+004  0.7378437E+004  0.3406120E+003  0.3361184E+003  0.1235780E+002  0.1182026E+004 -0.6627361E+003  0.5192903E+003 -0.1895784E+003
 167.000    15062004  0.1721404E+004  0.7378193E+004  0.3406120E+003  0.3381818E+003  0.1240134E+002  0.1194836E+004 -0.6707479E+003  0.5240879E+003 -0.1921830E+003
 168.000    16062004  0.1720947E+004  0.7377926E+004  0.3406120E+003  0.3393743E+003  0.1244170E+002  0.1207292E+004 -0.6792061E+003  0.5280864E+003 -0.1948538E+003
 169.000    17062004  0.1720734E+004  0.7377632E+004  0.3406120E+003  0.3393064E+003  0.1248403E+002  0.1219325E+004 -0.6884188E+003  0.5309067E+003 -0.1975967E+003
 170.000    18062004  0.1720752E+004  0.7377319E+004  0.3406120E+003  0.3376454E+003  0.1252099E+002  0.1230132E+004 -0.6979410E+003  0.5321913E+003 -0.2003730E+003
 171.000    19062004  0.1720475E+004  0.7377028E+004  0.3406120E+003  0.3367400E+003  0.1255370E+002  0.1240150E+004 -0.7059852E+003  0.5341646E+003 -0.2030530E+003
 172.000    20062004  0.1719775E+004  0.7376796E+004  0.3406120E+003  0.3397321E+003  0.1257298E+002  0.1252043E+004 -0.7121981E+003  0.5398453E+003 -0.2055266E+003
 173.000    21062004  0.1719023E+004  0.7376613E+004  0.3406120E+003  0.3425770E+003  0.1259683E+002  0.1263430E+004 -0.7182299E+003  0.5451998E+003 -0.2078218E+003
 174.000    22062004  0.1720149E+004  0.7376391E+004  0.3406120E+003  0.3438119E+003  0.1263188E+002  0.1275659E+004 -0.7266137E+003  0.5490449E+003 -0.2102375E+003
 175.000    23062004  0.1719393E+004  0.7376131E+004  0.3406120E+003  0.3440596E+003  0.1266910E+002  0.1285925E+004 -0.7340223E+003  0.5519032E+003 -0.2130158E+003
 176.000    24062004  0.1718611E+004  0.7375862E+004  0.3406120E+003  0.3465586E+003  0.1270584E+002  0.1298658E+004 -0.7414446E+003  0.5572133E+003 -0.2157900E+003
 177.000    25062004  0.1717962E+004  0.7375575E+004  0.3406120E+003  0.3473230E+003  0.1274127E+002  0.1310080E+004 -0.7492721E+003  0.5608076E+003 -0.2185722E+003
 178.000    26062004  0.1716913E+004  0.7375295E+004  0.3406120E+003  0.3499088E+003  0.1276769E+002  0.1322439E+004 -0.7562514E+003  0.5661877E+003 -0.2215264E+003
 179.000    27062004  0.1715768E+004  0.7375055E+004  0.3406120E+003  0.3525286E+003  0.1278894E+002  0.1333798E+004 -0.7622604E+003  0.5715372E+003 -0.2242523E+003
 180.000    28062004  0.1714761E+004  0.7374815E+004  0.3406120E+003  0.3540259E+003  0.1281372E+002  0.1344811E+004 -0.7690632E+003  0.5757483E+003 -0.2269639E+003
 181.000    29062004  0.1714006E+004  0.7374564E+004  0.3406120E+003  0.3561317E+003  0.1283693E+002  0.1357380E+004 -0.7767610E+003  0.5806185E+003 -0.2297203E+003
 182.000    30062004  0.1713948E+004  0.7374319E+004  0.3406120E+003  0.3571834E+003  0.1285300E+002  0.1368165E+004 -0.7837549E+003  0.5844100E+003 -0.2323973E+003
 183.000    01072004  0.1713301E+004  0.7374068E+004  0.3406120E+003  0.3592778E+003  0.1288107E+002  0.1380797E+004 -0.7915432E+003  0.5892536E+003 -0.2350754E+003
 184.000    02072004  0.1712796E+004  0.7373785E+004  0.3406120E+003  0.3604083E+003  0.1290950E+002  0.1393185E+004 -0.7999590E+003  0.5932265E+003 -0.2378489E+003
 185.000    03072004  0.1711994E+004  0.7373492E+004  0.3406120E+003  0.3611696E+003  0.1293300E+002  0.1404465E+004 -0.8076949E+003  0.5967704E+003 -0.2407838E+003
 186.000    04072004  0.1711332E+004  0.7373177E+004  0.3406120E+003  0.3625332E+003  0.1295862E+002  0.1417242E+004 -0.8162045E+003  0.6010377E+003 -0.2438233E+003
 187.000    05072004  0.1711041E+004  0.7372855E+004  0.3406120E+003  0.3616141E+003  0.1298120E+002  0.1428571E+004 -0.8255039E+003  0.6030674E+003 -0.2468007E+003
 188.000    06072004  0.1710868E+004  0.7372529E+004  0.3406120E+003  0.3601082E+003  0.1300844E+002  0.1439335E+004 -0.8348079E+003  0.6045274E+003 -0.2497691E+003
 189.000    07072004  0.1710768E+004  0.7372184E+004  0.3406120E+003  0.3583322E+003  0.1303303E+002  0.1449895E+004 -0.8441243E+003  0.6057705E+003 -0.2527611E+003
 190.000    08072004  0.1710433E+004  0.7371878E+004  0.3406120E+003  0.3574250E+003  0.1305212E+002  0.1460059E+004 -0.8522832E+003  0.6077762E+003 -0.2556086E+003
 191.000    09072004  0.1710214E+004  0.7371571E+004  0.3406120E+003  0.3569636E+003  0.1307122E+002  0.1471144E+004 -0.8609239E+003  0.6102197E+003 -0.2584438E+003
 192.000    10072004  0.1710135E+004  0.7371239E+004  0.3406120E+003  0.3551294E+003  0.1308701E+002  0.1481482E+004 -0.8700985E+003  0.6113830E+003 -0.2613474E+003
 193.000    11072004  0.1709928E+004  0.7370917E+004  0.3406120E+003  0.3545383E+003  0.1310507E+002  0.1492431E+004 -0.8786867E+003  0.6137445E+003 -0.2641859E+003
 194.000    12072004  0.1709469E+004  0.7370584E+004  0.3406120E+003  0.3552511E+003  0.1312092E+002  0.1504407E+004 -0.8870271E+003  0.6173801E+003 -0.2671727E+003
 195.000    13072004  0.1709164E+004  0.7370223E+004  0.3406120E+003  0.3551103E+003  0.1313584E+002  0.1516501E+004 -0.8962225E+003  0.6202782E+003 -0.2702464E+003
 196.000    14072004  0.1709119E+004  0.7369854E+004  0.3406120E+003  0.3534316E+003  0.1314810E+002  0.1527635E+004 -0.9059515E+003  0.6216832E+003 -0.2732880E+003
 197.000    15072004  0.1708702E+004  0.7369528E+004  0.3406120E+003  0.3534246E+003  0.1315600E+002  0.1538290E+004 -0.9136575E+003  0.6246322E+003 -0.2761479E+003
 198.000    16072004  0.1708282E+004  0.7369251E+004  0.3406120E+003  0.3540429E+003  0.1316461E+002  0.1549114E+004 -0.9210748E+003  0.6280388E+003 -0.2788174E+003
 199.000    17072004  0.1707763E+004  0.7368986E+004  0.3406120E+003  0.3542252E+003  0.1317610E+002  0.1559261E+004 -0.9283832E+003  0.6308783E+003 -0.2815044E+003
 200.000    18072004  0.1706674E+004  0.7368688E+004  0.3406120E+003  0.3570164E+003  0.1318546E+002  0.1571755E+004 -0.9352663E+003  0.6364889E+003 -0.2845951E+003
 201.000    19072004  0.1706020E+004  0.7368397E+004  0.3406120E+003  0.3591037E+003  0.1319536E+002  0.1584441E+004 -0.9431337E+003  0.6413076E+003 -0.2874434E+003
 202.000    20072004  0.1705461E+004  0.7368098E+004  0.3406120E+003  0.3604803E+003  0.1320362E+002  0.1596613E+004 -0.9512011E+003  0.6454123E+003 -0.2902857E+003
 203.000    21072004  0.1705046E+004  0.7367797E+004  0.3406120E+003  0.3607393E+003  0.1320997E+002  0.1608029E+004 -0.9595948E+003  0.6484339E+003 -0.2931204E+003
 204.000    22072004  0.1704345E+004  0.7367489E+004  0.3406120E+003  0.3612657E+003  0.1321552E+002  0.1619064E+004 -0.9673858E+003  0.6516780E+003 -0.2960987E+003
 205.000    23072004  0.1703799E+004  0.7367152E+004  0.3406120E+003  0.3625348E+003  0.1322447E+002  0.1631856E+004 -0.9758588E+003  0.6559972E+003 -0.2991118E+003
 206.000    24072004  0.1702972E+004  0.7366832E+004  0.3406120E+003  0.3641857E+003  0.1322993E+002  0.1643270E+004 -0.9829291E+003  0.6603411E+003 -0.3020025E+003
 207.000    25072004  0.1702033E+004  0.7366534E+004  0.3406120E+003  0.3629478E+003  0.1323445E+002  0.1651024E+004 -0.9893269E+003  0.6616974E+003 -0.3048046E+003
 208.000    26072004  0.1701472E+004  0.7366212E+004  0.3406120E+003  0.3649051E+003  0.1323908E+002  0.1663644E+004 -0.9973071E+003  0.6663373E+003 -0.3076872E+003
 209.000    27072004  0.1700480E+004  0.7365882E+004  0.3406120E+003  0.3638776E+003  0.1324362E+002  0.1673076E+004 -0.1004966E+004  0.6681102E+003 -0.3109622E+003
 210.000    28072004  0.1699754E+004  0.7365545E+004  0.3406120E+003  0.3652198E+003  0.1324682E+002  0.1685376E+004 -0.1012831E+004  0.6725450E+003 -0.3140269E+003
 211.000    29072004  0.1698858E+004  0.7365199E+004  0.3406120E+003  0.3644582E+003  0.1325132E+002  0.1695614E+004 -0.1020185E+004  0.6754286E+003 -0.3171307E+003
 212.000    30072004  0.1699153E+004  0.7364860E+004  0.3406120E+003  0.3661356E+003  0.1324916E+002  0.1708094E+004 -0.1028215E+004  0.6798788E+003 -0.3200377E+003
 213.000    31072004  0.1698638E+004  0.7364502E+004  0.3406120E+003  0.3651807E+003  0.1325275E+002  0.1720113E+004 -0.1036517E+004  0.6835967E+003 -0.3230397E+003
 214.000    01082004  0.1698161E+004  0.7364134E+004  0.3406120E+003  0.3663428E+003  0.1325558E+002  0.1732270E+004 -0.1044814E+004  0.6874561E+003 -0.3260311E+003
 215.000    02082004  0.1697428E+004  0.7363762E+004  0.3406120E+003  0.3663416E+003  0.1325670E+002  0.1742558E+004 -0.1052471E+004  0.6900874E+003 -0.3291186E+003
 216.000    03082004  0.1696838E+004  0.7363390E+004  0.3406120E+003  0.3679519E+003  0.1325810E+002  0.1754834E+004 -0.1060418E+004  0.6944158E+003 -0.3321566E+003
 217.000    04082004  0.1696617E+004  0.7363026E+004  0.3406120E+003  0.3678930E+003  0.1326056E+002  0.1766348E+004 -0.1069296E+004  0.6970526E+003 -0.3350964E+003
 218.000    05082004  0.1696086E+004  0.7362652E+004  0.3406120E+003  0.3693933E+003  0.1326170E+002  0.1778418E+004 -0.1077196E+004  0.7012223E+003 -0.3381152E+003
 219.000    06082004  0.1695033E+004  0.7362359E+004  0.3406120E+003  0.3736062E+003  0.1326145E+002  0.1790406E+004 -0.1082571E+004  0.7078349E+003 -0.3408246E+003
 220.000    07082004  0.1694201E+004  0.7362136E+004  0.3406120E+003  0.3769254E+003  0.1326204E+002  0.1801806E+004 -0.1088485E+004  0.7133213E+003 -0.3432553E+003
 221.000    08082004  0.1693540E+004  0.7361907E+004  0.3406120E+003  0.3791577E+003  0.1326459E+002  0.1813070E+004 -0.1095335E+004  0.7177357E+003 -0.3457131E+003
 222.000    09082004  0.1692968E+004  0.7361667E+004  0.3406120E+003  0.3808613E+003  0.1326658E+002  0.1824273E+004 -0.1102618E+004  0.7216546E+003 -0.3482017E+003
 223.000    10082004  0.1692497E+004  0.7361406E+004  0.3406120E+003  0.3821094E+003  0.1326919E+002  0.1835526E+004 -0.1110348E+004  0.7251781E+003 -0.3507472E+003
 224.000    11082004  0.1692044E+004  0.7361128E+004  0.3406120E+003  0.3831493E+003  0.1327258E+002  0.1846681E+004 -0.1118129E+004  0.7285521E+003 -0.3533363E+003
 225.000    12082004  0.1690984E+004  0.7360849E+004  0.3406120E+003  0.3794015E+003  0.1327412E+002  0.1853252E+004 -0.1124109E+004  0.7291434E+003 -0.3560912E+003
 226.000    13082004  0.1690085E+004  0.7360561E+004  0.3406120E+003  0.3807788E+003  0.1327469E+002  0.1863489E+004 -0.1130635E+004  0.7328544E+003 -0.3588329E+003
 227.000    14082004  0.1688739E+004  0.7360302E+004  0.3406120E+003  0.3757528E+003  0.1327358E+002  0.1869411E+004 -0.1135744E+004  0.7336669E+003 -0.3616618E+003
 228.000    15082004  0.1687680E+004  0.7360078E+004  0.3406120E+003  0.3753632E+003  0.1327257E+002  0.1876027E+004 -0.1140698E+004  0.7353292E+003 -0.3641312E+003
 229.000    16082004  0.1686999E+004  0.7359832E+004  0.3406120E+003  0.3791387E+003  0.1327184E+002  0.1888470E+004 -0.1147282E+004  0.7411885E+003 -0.3666209E+003
 230.000    17082004  0.1686455E+004  0.7359581E+004  0.3406120E+003  0.3815626E+003  0.1327083E+002  0.1900273E+004 -0.1154490E+004  0.7457830E+003 -0.3691041E+003
 231.000    18082004  0.1685981E+004  0.7359296E+004  0.3406120E+003  0.3831292E+003  0.1327093E+002  0.1911766E+004 -0.1162109E+004  0.7496574E+003 -0.3716823E+003
 232.000    19082004  0.1685813E+004  0.7358989E+004  0.3406120E+003  0.3830842E+003  0.1327133E+002  0.1922832E+004 -0.1170829E+004  0.7520027E+003 -0.3743399E+003
 233.000    20082004  0.1685608E+004  0.7358668E+004  0.3406120E+003  0.3832054E+003  0.1327109E+002  0.1933667E+004 -0.1179127E+004  0.7545403E+003 -0.3770203E+003
 234.000    21082004  0.1685189E+004  0.7358326E+004  0.3406120E+003  0.3841480E+003  0.1327029E+002  0.1944867E+004 -0.1186991E+004  0.7578762E+003 -0.3798366E+003
 235.000    22082004  0.1684399E+004  0.7358026E+004  0.3406120E+003  0.3870015E+003  0.1326939E+002  0.1956346E+004 -0.1193273E+004  0.7630729E+003 -0.3825089E+003
 236.000    23082004  0.1683790E+004  0.7357756E+004  0.3406120E+003  0.3894839E+003  0.1326813E+002  0.1967944E+004 -0.1200130E+004  0.7678141E+003 -0.3850403E+003
 237.000    24082004  0.1683270E+004  0.7357487E+004  0.3406120E+003  0.3910466E+003  0.1326768E+002  0.1978887E+004 -0.1207254E+004  0.7716329E+003 -0.3875659E+003
 238.000    25082004  0.1682665E+004  0.7357234E+004  0.3406120E+003  0.3934113E+003  0.1326764E+002  0.1990158E+004 -0.1213946E+004  0.7762126E+003 -0.3900266E+003
 239.000    26082004  0.1682129E+004  0.7356966E+004  0.3406120E+003  0.3949137E+003  0.1326715E+002  0.2001034E+004 -0.1221064E+004  0.7799699E+003 -0.3925271E+003
 240.000    27082004  0.1681731E+004  0.7356680E+004  0.3406120E+003  0.3961306E+003  0.1326706E+002  0.2012274E+004 -0.1228774E+004  0.7835004E+003 -0.3950801E+003
 241.000    28082004  0.1681378E+004  0.7356391E+004  0.3406120E+003  0.3971131E+003  0.1326593E+002  0.2023264E+004 -0.1236446E+004  0.7868180E+003 -0.3976254E+003
 242.000    29082004  0.1680821E+004  0.7356101E+004  0.3406120E+003  0.3967191E+003  0.1326401E+002  0.2032123E+004 -0.1243360E+004  0.7887633E+003 -0.4001671E+003
 243.000    30082004  0.1680296E+004  0.7355784E+004  0.3406120E+003  0.3863068E+003  0.1325414E+002  0.2039554E+004 -0.1250071E+004  0.7894829E+003 -0.4034897E+003
 244.000    31082004  0.1679866E+004  0.7355452E+004  0.3406120E+003  0.3873862E+003  0.1324934E+002  0.2050351E+004 -0.1257597E+004  0.7927536E+003 -0.4062259E+003
 245.000    01092004  0.1679300E+004  0.7355130E+004  0.3406120E+003  0.3882824E+003  0.1324388E+002  0.2060224E+004 -0.1264424E+004  0.7958005E+003 -0.4088913E+003
 246.000    02092004  0.1678715E+004  0.7354833E+004  0.3406120E+003  0.3903790E+003  0.1323870E+002  0.2071058E+004 -0.1270982E+004  0.8000761E+003 -0.4114590E+003
 247.000    03092004  0.1678109E+004  0.7354570E+004  0.3406120E+003  0.3930875E+003  0.1323411E+002  0.2082312E+004 -0.1277389E+004  0.8049235E+003 -0.4138979E+003
 248.000    04092004  0.1677635E+004  0.7354293E+004  0.3406120E+003  0.3946355E+003  0.1322886E+002  0.2093181E+004 -0.1284548E+004  0.8086330E+003 -0.4163742E+003
 249.000    05092004  0.1677206E+004  0.7354006E+004  0.3406120E+003  0.3960897E+003  0.1322283E+002  0.2104140E+004 -0.1291870E+004  0.8122707E+003 -0.4188748E+003
 250.000    06092004  0.1676422E+004  0.7353690E+004  0.3406120E+003  0.3938071E+003  0.1321622E+002  0.2112439E+004 -0.1298718E+004  0.8137212E+003 -0.4216603E+003
 251.000    07092004  0.1675590E+004  0.7353367E+004  0.3406120E+003  0.3900331E+003  0.1320871E+002  0.2117270E+004 -0.1305042E+004  0.8122281E+003 -0.4244477E+003
 252.000    08092004  0.1674700E+004  0.7353015E+004  0.3406120E+003  0.3877262E+003  0.1319872E+002  0.2126231E+004 -0.1311983E+004  0.8142476E+003 -0.4275552E+003
 253.000    09092004  0.1674157E+004  0.7352679E+004  0.3406120E+003  0.3896689E+003  0.1319069E+002  0.2137232E+004 -0.1318747E+004  0.8184848E+003 -0.4302569E+003
 254.000    10092004  0.1673599E+004  0.7352397E+004  0.3406120E+003  0.3913638E+003  0.1318342E+002  0.2147384E+004 -0.1325134E+004  0.8222504E+003 -0.4327466E+003
 255.000    11092004  0.1672990E+004  0.7352124E+004  0.3406120E+003  0.3937016E+003  0.1317651E+002  0.2158121E+004 -0.1331416E+004  0.8267053E+003 -0.4351946E+003
 256.000    12092004  0.1672373E+004  0.7351875E+004  0.3406120E+003  0.3958882E+003  0.1316988E+002  0.2168572E+004 -0.1337595E+004  0.8309770E+003 -0.4375528E+003
 257.000    13092004  0.1671750E+004  0.7351638E+004  0.3406120E+003  0.3979933E+003  0.1316294E+002  0.2178898E+004 -0.1343789E+004  0.8351086E+003 -0.4398625E+003
 258.000    14092004  0.1670959E+004  0.7351397E+004  0.3406120E+003  0.3984999E+003  0.1315467E+002  0.2186978E+004 -0.1349355E+004  0.8376230E+003 -0.4421828E+003
 259.000    15092004  0.1670114E+004  0.7351161E+004  0.3406120E+003  0.3992294E+003  0.1314606E+002  0.2195347E+004 -0.1355061E+004  0.8402862E+003 -0.4445630E+003
 260.000    16092004  0.1669451E+004  0.7350918E+004  0.3406120E+003  0.3999512E+003  0.1313565E+002  0.2204425E+004 -0.1361408E+004  0.8430174E+003 -0.4469185E+003
 261.000    17092004  0.1668917E+004  0.7350620E+004  0.3406120E+003  0.3988103E+003  0.1312288E+002  0.2212556E+004 -0.1368525E+004  0.8440310E+003 -0.4494894E+003
 262.000    18092004  0.1667892E+004  0.7350379E+004  0.3406120E+003  0.3991052E+003  0.1311414E+002  0.2219446E+004 -0.1373128E+004  0.8463181E+003 -0.4518857E+003
 263.000    19092004  0.1667019E+004  0.7350201E+004  0.3406120E+003  0.4023010E+003  0.1310736E+002  0.2228853E+004 -0.1377468E+004  0.8513850E+003 -0.4539802E+003
 264.000    20092004  0.1666223E+004  0.7350058E+004  0.3406120E+003  0.4056435E+003  0.1310011E+002  0.2238214E+004 -0.1381773E+004  0.8564410E+003 -0.4559065E+003
 265.000    21092004  0.1665614E+004  0.7349930E+004  0.3406120E+003  0.4084176E+003  0.1309129E+002  0.2247592E+004 -0.1386771E+004  0.8608210E+003 -0.4577545E+003
 266.000    22092004  0.1665234E+004  0.7349780E+004  0.3406120E+003  0.4091826E+003  0.1308476E+002  0.2256709E+004 -0.1393425E+004  0.8632844E+003 -0.4597074E+003
 267.000    23092004  0.1664795E+004  0.7349599E+004  0.3406120E+003  0.4098861E+003  0.1307601E+002  0.2265812E+004 -0.1399989E+004  0.8658237E+003 -0.4617888E+003
 268.000    24092004  0.1664200E+004  0.7349415E+004  0.3406120E+003  0.4115341E+003  0.1306773E+002  0.2275193E+004 -0.1405861E+004  0.8693322E+003 -0.4638753E+003
 269.000    25092004  0.1663506E+004  0.7349257E+004  0.3406120E+003  0.4143321E+003  0.1305927E+002  0.2285042E+004 -0.1411136E+004  0.8739059E+003 -0.4658557E+003
 270.000    26092004  0.1662933E+004  0.7349093E+004  0.3406120E+003  0.4161611E+003  0.1305060E+002  0.2294647E+004 -0.1417111E+004  0.8775357E+003 -0.4678523E+003
 271.000    27092004  0.1662229E+004  0.7348895E+004  0.3406120E+003  0.4124745E+003  0.1303874E+002  0.2298769E+004 -0.1423034E+004  0.8757349E+003 -0.4700451E+003
 272.000    28092004  0.1661439E+004  0.7348651E+004  0.3406120E+003  0.4096457E+003  0.1302225E+002  0.2303698E+004 -0.1428847E+004  0.8748502E+003 -0.4724672E+003
 273.000    29092004  0.1660745E+004  0.7348442E+004  0.3406120E+003  0.4115298E+003  0.1300806E+002  0.2312947E+004 -0.1434253E+004  0.8786947E+003 -0.4746882E+003
 274.000    30092004  0.1660845E+004  0.7348250E+004  0.3406120E+003  0.4136085E+003  0.1298848E+002  0.2322401E+004 -0.1439755E+004  0.8826454E+003 -0.4768299E+003
 275.000    01102004  0.1660237E+004  0.7348036E+004  0.3406120E+003  0.4135591E+003  0.1297244E+002  0.2330560E+004 -0.1445914E+004  0.8846450E+003 -0.4790544E+003
 276.000    02102004  0.1659491E+004  0.7347797E+004  0.3406120E+003  0.4143977E+003  0.1295421E+002  0.2339481E+004 -0.1451975E+004  0.8875057E+003 -0.4814493E+003
 277.000    03102004  0.1658726E+004  0.7347597E+004  0.3406120E+003  0.4156806E+003  0.1293972E+002  0.2348058E+004 -0.1457279E+004  0.8907791E+003 -0.4836171E+003
 278.000    04102004  0.1657984E+004  0.7347403E+004  0.3406120E+003  0.4176652E+003  0.1292547E+002  0.2357305E+004 -0.1462555E+004  0.8947502E+003 -0.4857504E+003
 279.000    05102004  0.1657166E+004  0.7347267E+004  0.3406120E+003  0.4201660E+003  0.1291287E+002  0.2365803E+004 -0.1466808E+004  0.8989951E+003 -0.4876291E+003
 280.000    06102004  0.1656358E+004  0.7347159E+004  0.3406120E+003  0.4231837E+003  0.1290054E+002  0.2374334E+004 -0.1470727E+004  0.9036077E+003 -0.4893697E+003
 281.000    07102004  0.1655790E+004  0.7347078E+004  0.3406120E+003  0.4258297E+003  0.1288485E+002  0.2382762E+004 -0.1475038E+004  0.9077243E+003 -0.4909835E+003
 282.000    08102004  0.1655262E+004  0.7347004E+004  0.3406120E+003  0.4281695E+003  0.1286976E+002  0.2391064E+004 -0.1479560E+004  0.9115042E+003 -0.4925636E+003
 283.000    09102004  0.1654676E+004  0.7346926E+004  0.3406120E+003  0.4307306E+003  0.1285644E+002  0.2399931E+004 -0.1484388E+004  0.9155430E+003 -0.4941802E+003
 284.000    10102004  0.1654105E+004  0.7346821E+004  0.3406120E+003  0.4320471E+003  0.1284361E+002  0.2408443E+004 -0.1489967E+004  0.9184761E+003 -0.4959344E+003
 285.000    11102004  0.1653343E+004  0.7346738E+004  0.3406120E+003  0.4343844E+003  0.1283060E+002  0.2416320E+004 -0.1493987E+004  0.9223330E+003 -0.4975587E+003
 286.000    12102004  0.1652812E+004  0.7346676E+004  0.3406120E+003  0.4368001E+003  0.1281488E+002  0.2424837E+004 -0.1498646E+004  0.9261911E+003 -0.4990962E+003
 287.000    13102004  0.1652147E+004  0.7346561E+004  0.3406120E+003  0.4378090E+003  0.1279850E+002  0.2433059E+004 -0.1504379E+004  0.9286800E+003 -0.5009539E+003
 288.000    14102004  0.1651364E+004  0.7346459E+004  0.3406120E+003  0.4397437E+003  0.1278543E+002  0.2441197E+004 -0.1508969E+004  0.9322281E+003 -0.5026959E+003
 289.000    15102004  0.1650529E+004  0.7346370E+004  0.3406120E+003  0.4417037E+003  0.1277209E+002  0.2448727E+004 -0.1513003E+004  0.9357234E+003 -0.5043768E+003
 290.000    16102004  0.1649935E+004  0.7346329E+004  0.3406120E+003  0.4444974E+003  0.1275592E+002  0.2456410E+004 -0.1516587E+004  0.9398231E+003 -0.5058122E+003
 291.000    17102004  0.1649474E+004  0.7346314E+004  0.3406120E+003  0.4471093E+003  0.1273710E+002  0.2463667E+004 -0.1520059E+004  0.9436079E+003 -0.5071196E+003
 292.000    18102004  0.1649041E+004  0.7346291E+004  0.3406120E+003  0.4481116E+003  0.1272030E+002  0.2470528E+004 -0.1524694E+004  0.9458332E+003 -0.5084940E+003
 293.000    19102004  0.1648575E+004  0.7346195E+004  0.3406120E+003  0.4471952E+003  0.1270105E+002  0.2477494E+004 -0.1530994E+004  0.9465000E+003 -0.5102506E+003
 294.000    20102004  0.1647733E+004  0.7346101E+004  0.3406120E+003  0.4454665E+003  0.1268524E+002  0.2481359E+004 -0.1535001E+004  0.9463578E+003 -0.5119642E+003
 295.000    21102004  0.1647001E+004  0.7346039E+004  0.3406120E+003  0.4445321E+003  0.1267090E+002  0.2485412E+004 -0.1538536E+004  0.9468760E+003 -0.5135220E+003
 296.000    22102004  0.1646275E+004  0.7345984E+004  0.3406120E+003  0.4456516E+003  0.1265742E+002  0.2491422E+004 -0.1542004E+004  0.9494182E+003 -0.5150406E+003
 297.000    23102004  0.1645641E+004  0.7345956E+004  0.3406120E+003  0.4479438E+003  0.1264170E+002  0.2498133E+004 -0.1545125E+004  0.9530080E+003 -0.5164173E+003
 298.000    24102004  0.1644956E+004  0.7345932E+004  0.3406120E+003  0.4475092E+003  0.1262973E+002  0.2502366E+004 -0.1548507E+004  0.9538589E+003 -0.5177900E+003
 299.000    25102004  0.1644350E+004  0.7345883E+004  0.3406120E+003  0.4492159E+003  0.1261495E+002  0.2509800E+004 -0.1552816E+004  0.9569843E+003 -0.5192973E+003
 300.000    26102004  0.1643727E+004  0.7345847E+004  0.3406120E+003  0.4517303E+003  0.1259986E+002  0.2517506E+004 -0.1556651E+004  0.9608551E+003 -0.5207237E+003
 301.000    27102004  0.1643142E+004  0.7345828E+004  0.3406120E+003  0.4513331E+003  0.1258568E+002  0.2522055E+004 -0.1560307E+004  0.9617479E+003 -0.5220717E+003
 302.000    28102004  0.1642466E+004  0.7345794E+004  0.3406120E+003  0.4510663E+003  0.1257251E+002  0.2526901E+004 -0.1564049E+004  0.9628516E+003 -0.5235012E+003
 303.000    29102004  0.1641861E+004  0.7345753E+004  0.3406120E+003  0.4501516E+003  0.1255671E+002  0.2531600E+004 -0.1568252E+004  0.9633484E+003 -0.5249673E+003
 304.000    30102004  0.1642298E+004  0.7345669E+004  0.3406120E+003  0.4506580E+003  0.1252685E+002  0.2539671E+004 -0.1574190E+004  0.9654813E+003 -0.5266537E+003
 305.000    31102004  0.1641972E+004  0.7345563E+004  0.3406120E+003  0.4503921E+003  0.1250247E+002  0.2547065E+004 -0.1580104E+004  0.9669612E+003 -0.5284255E+003
 306.000    01112004  0.1641640E+004  0.7345461E+004  0.3406120E+003  0.4501934E+003  0.1247629E+002  0.2554228E+004 -0.1585722E+004  0.9685058E+003 -0.5301690E+003
 307.000    02112004  0.1641160E+004  0.7345353E+004  0.3406120E+003  0.4499220E+003  0.1245018E+002  0.2560955E+004 -0.1590939E+004  0.9700159E+003 -0.5319409E+003
 308.000    03112004  0.1640703E+004  0.7345225E+004  0.3406120E+003  0.4489763E+003  0.1242438E+002  0.2567241E+004 -0.1596311E+004  0.9709304E+003 -0.5337831E+003
 309.000    04112004  0.1639982E+004  0.7345163E+004  0.3406120E+003  0.4467046E+003  0.1240319E+002  0.2569515E+004 -0.1599366E+004  0.9701490E+003 -0.5353578E+003
 310.000    05112004  0.1639516E+004  0.7345138E+004  0.3406120E+003  0.4487764E+003  0.1238008E+002  0.2575718E+004 -0.1602147E+004  0.9735708E+003 -0.5367243E+003
 311.000    06112004  0.1639225E+004  0.7345156E+004  0.3406120E+003  0.4508812E+003  0.1235599E+002  0.2581881E+004 -0.1605035E+004  0.9768459E+003 -0.5378752E+003
 312.000    07112004  0.1638853E+004  0.7345158E+004  0.3406120E+003  0.4524845E+003  0.1233907E+002  0.2588545E+004 -0.1608839E+004  0.9797059E+003 -0.5391239E+003
 313.000    08112004  0.1638461E+004  0.7345148E+004  0.3406120E+003  0.4540363E+003  0.1232515E+002  0.2594956E+004 -0.1612379E+004  0.9825767E+003 -0.5404219E+003
 314.000    09112004  0.1638363E+004  0.7345196E+004  0.3406120E+003  0.4559777E+003  0.1229538E+002  0.2600083E+004 -0.1614518E+004  0.9855648E+003 -0.5414183E+003
 315.000    10112004  0.1638397E+004  0.7345287E+004  0.3406120E+003  0.4581173E+003  0.1226722E+002  0.2605187E+004 -0.1616632E+004  0.9885558E+003 -0.5422128E+003
 316.000    11112004  0.1638306E+004  0.7345364E+004  0.3406120E+003  0.4599540E+003  0.1224819E+002  0.2610854E+004 -0.1619556E+004  0.9912977E+003 -0.5430802E+003
 317.000    12112004  0.1637852E+004  0.7345384E+004  0.3406120E+003  0.4573895E+003  0.1223550E+002  0.2612942E+004 -0.1623179E+004  0.9897639E+003 -0.5442658E+003
 318.000    13112004  0.1637512E+004  0.7345423E+004  0.3406120E+003  0.4593188E+003  0.1221802E+002  0.2618457E+004 -0.1625699E+004  0.9927576E+003 -0.5453177E+003
 319.000    14112004  0.1637473E+004  0.7345503E+004  0.3406120E+003  0.4609422E+003  0.1218764E+002  0.2622948E+004 -0.1627670E+004  0.9952779E+003 -0.5461516E+003
 320.000    15112004  0.1637547E+004  0.7345610E+004  0.3406120E+003  0.4632555E+003  0.1216600E+002  0.2628403E+004 -0.1630076E+004  0.9983271E+003 -0.5468568E+003
 321.000    16112004  0.1637490E+004  0.7345703E+004  0.3406120E+003  0.4642696E+003  0.1215115E+002  0.2632434E+004 -0.1632357E+004  0.1000077E+004 -0.5476244E+003
 322.000    17112004  0.1637321E+004  0.7345773E+004  0.3406120E+003  0.4662919E+003  0.1213989E+002  0.2638426E+004 -0.1635508E+004  0.1002918E+004 -0.5485130E+003
 323.000    18112004  0.1636987E+004  0.7345820E+004  0.3406120E+003  0.4672405E+003  0.1212987E+002  0.2644102E+004 -0.1639308E+004  0.1004795E+004 -0.5495287E+003
 324.000    19112004  0.1636756E+004  0.7345841E+004  0.3406120E+003  0.4685701E+003  0.1211764E+002  0.2651017E+004 -0.1643810E+004  0.1007208E+004 -0.5506945E+003
 325.000    20112004  0.1638625E+004  0.7345843E+004  0.3406120E+003  0.4686546E+003  0.1210424E+002  0.2656838E+004 -0.1648352E+004  0.1008486E+004 -0.5519514E+003
 326.000    21112004  0.1640289E+004  0.7345837E+004  0.3406120E+003  0.4694957E+003  0.1209014E+002  0.2663247E+004 -0.1652654E+004  0.1010594E+004 -0.5532550E+003
 327.000    22112004  0.1641752E+004  0.7345846E+004  0.3406120E+003  0.4682314E+003  0.1207393E+002  0.2666663E+004 -0.1656123E+004  0.1010540E+004 -0.5544709E+003
 328.000    23112004  0.1642980E+004  0.7345842E+004  0.3406120E+003  0.4654545E+003  0.1205954E+002  0.2668539E+004 -0.1659635E+004  0.1008904E+004 -0.5557970E+003
 329.000    24112004  0.1644251E+004  0.7345826E+004  0.3406120E+003  0.4631805E+003  0.1203991E+002  0.2671883E+004 -0.1663912E+004  0.1007970E+004 -0.5571705E+003
 330.000    25112004  0.1645414E+004  0.7345814E+004  0.3406120E+003  0.4643270E+003  0.1201899E+002  0.2677521E+004 -0.1667043E+004  0.1010478E+004 -0.5584921E+003
 331.000    26112004  0.1646923E+004  0.7345900E+004  0.3406120E+003  0.4657156E+003  0.1199511E+002  0.2681553E+004 -0.1668790E+004  0.1012763E+004 -0.5592993E+003
 332.000    27112004  0.1648266E+004  0.7346013E+004  0.3406120E+003  0.4655934E+003  0.1197803E+002  0.2685857E+004 -0.1670850E+004  0.1015007E+004 -0.5599638E+003
 333.000    28112004  0.1649264E+004  0.7346078E+004  0.3406120E+003  0.4673864E+003  0.1196533E+002  0.2691318E+004 -0.1673576E+004  0.1017742E+004 -0.5609022E+003
 334.000    29112004  0.1650396E+004  0.7346163E+004  0.3406120E+003  0.4690768E+003  0.1194986E+002  0.2696002E+004 -0.1675744E+004  0.1020258E+004 -0.5617109E+003
 335.000    30112004  0.1652214E+004  0.7346254E+004  0.3406120E+003  0.4708208E+003  0.1193030E+002  0.2701291E+004 -0.1678482E+004  0.1022809E+004 -0.5624859E+003
 336.000    01122004  0.1652980E+004  0.7346307E+004  0.3406120E+003  0.4716833E+003  0.1191725E+002  0.2706346E+004 -0.1681730E+004  0.1024616E+004 -0.5634807E+003
 337.000    02122004  0.1653944E+004  0.7346405E+004  0.3406120E+003  0.4735477E+003  0.1190002E+002  0.2711165E+004 -0.1683975E+004  0.1027190E+004 -0.5642108E+003
 338.000    03122004  0.1654824E+004  0.7346500E+004  0.3406120E+003  0.4753240E+003  0.1188488E+002  0.2715839E+004 -0.1686164E+004  0.1029675E+004 -0.5649486E+003
 339.000    04122004  0.1655758E+004  0.7346618E+004  0.3406120E+003  0.4772940E+003  0.1186840E+002  0.2720541E+004 -0.1688306E+004  0.1032236E+004 -0.5655544E+003
 340.000    05122004  0.1656502E+004  0.7346716E+004  0.3406120E+003  0.4791315E+003  0.1185657E+002  0.2725810E+004 -0.1691054E+004  0.1034757E+004 -0.5662763E+003
 341.000    06122004  0.1656935E+004  0.7346797E+004  0.3406120E+003  0.4789609E+003  0.1184761E+002  0.2729081E+004 -0.1693750E+004  0.1035331E+004 -0.5670879E+003
 342.000    07122004  0.1657474E+004  0.7346839E+004  0.3406120E+003  0.4777355E+003  0.1183402E+002  0.2733962E+004 -0.1698901E+004  0.1035060E+004 -0.5681475E+003
 343.000    08122004  0.1657777E+004  0.7346859E+004  0.3406120E+003  0.4785123E+003  0.1181841E+002  0.2739647E+004 -0.1702702E+004  0.1036945E+004 -0.5693120E+003
 344.000    09122004  0.1658118E+004  0.7346931E+004  0.3406120E+003  0.4774199E+003  0.1180417E+002  0.2741493E+004 -0.1704804E+004  0.1036688E+004 -0.5701785E+003
 345.000    10122004  0.1658350E+004  0.7346972E+004  0.3406120E+003  0.4763351E+003  0.1178921E+002  0.2747163E+004 -0.1708661E+004  0.1038502E+004 -0.5712578E+003
 346.000    11122004  0.1658516E+004  0.7347033E+004  0.3406120E+003  0.4774159E+003  0.1177673E+002  0.2751537E+004 -0.1710984E+004  0.1040553E+004 -0.5721964E+003
 347.000    12122004  0.1658834E+004  0.7347121E+004  0.3406120E+003  0.4787373E+003  0.1176305E+002  0.2755835E+004 -0.1713110E+004  0.1042725E+004 -0.5729730E+003
 348.000    13122004  0.1659122E+004  0.7347206E+004  0.3406120E+003  0.4803553E+003  0.1174973E+002  0.2760549E+004 -0.1715379E+004  0.1045169E+004 -0.5737653E+003
 349.000    14122004  0.1659799E+004  0.7347330E+004  0.3406120E+003  0.4803580E+003  0.1172539E+002  0.2762632E+004 -0.1716870E+004  0.1045761E+004 -0.5743273E+003
 350.000    15122004  0.1660515E+004  0.7347469E+004  0.3406120E+003  0.4802408E+003  0.1170198E+002  0.2764201E+004 -0.1718174E+004  0.1046027E+004 -0.5747668E+003
 351.000    16122004  0.1661140E+004  0.7347612E+004  0.3406120E+003  0.4738706E+003  0.1168473E+002  0.2767663E+004 -0.1719703E+004  0.1047960E+004 -0.5751394E+003
 352.000    17122004  0.1661833E+004  0.7347753E+004  0.3406120E+003  0.4767020E+003  0.1166753E+002  0.2772138E+004 -0.1721608E+004  0.1050530E+004 -0.5755074E+003
 353.000    18122004  0.1662470E+004  0.7347892E+004  0.3406120E+003  0.4793858E+003  0.1165045E+002  0.2776302E+004 -0.1723402E+004  0.1052899E+004 -0.5758729E+003
 354.000    19122004  0.1663124E+004  0.7348031E+004  0.3406120E+003  0.4806590E+003  0.1163313E+002  0.2778719E+004 -0.1724839E+004  0.1053880E+004 -0.5762279E+003
 355.000    20122004  0.1663709E+004  0.7348174E+004  0.3406120E+003  0.4799676E+003  0.1161722E+002  0.2778904E+004 -0.1725861E+004  0.1053043E+004 -0.5765360E+003
 356.000    21122004  0.1664296E+004  0.7348314E+004  0.3406120E+003  0.4819741E+003  0.1160515E+002  0.2782400E+004 -0.1727540E+004  0.1054861E+004 -0.5768236E+003
 357.000    22122004  0.1664906E+004  0.7348451E+004  0.3406120E+003  0.4842143E+003  0.1159436E+002  0.2787024E+004 -0.1730235E+004  0.1056789E+004 -0.5771186E+003
 358.000    23122004  0.1665480E+004  0.7348588E+004  0.3406120E+003  0.4835311E+003  0.1158271E+002  0.2789360E+004 -0.1733496E+004  0.1055864E+004 -0.5774295E+003
 359.000    24122004  0.1666222E+004  0.7348724E+004  0.3406120E+003  0.4836629E+003  0.1155618E+002  0.2790947E+004 -0.1734835E+004  0.1056112E+004 -0.5777295E+003
 360.000    25122004  0.1666934E+004  0.7348859E+004  0.3406120E+003  0.4835791E+003  0.1153576E+002  0.2792009E+004 -0.1736059E+004  0.1055950E+004 -0.5780193E+003
 361.000    26122004  0.1667641E+004  0.7348996E+004  0.3406120E+003  0.4836804E+003  0.1151602E+002  0.2793138E+004 -0.1737269E+004  0.1055869E+004 -0.5782867E+003
 362.000    27122004  0.1668312E+004  0.7349131E+004  0.3406120E+003  0.4843771E+003  0.1149741E+002  0.2794935E+004 -0.1738501E+004  0.1056434E+004 -0.5785493E+003
 363.000    28122004  0.1668936E+004  0.7349267E+004  0.3406120E+003  0.4853094E+003  0.1148054E+002  0.2796905E+004 -0.1739716E+004  0.1057190E+004 -0.5787880E+003
 364.000    29122004  0.1669456E+004  0.7349400E+004  0.3406120E+003  0.4880597E+003  0.1147049E+002  0.2801467E+004 -0.1741775E+004  0.1059692E+004 -0.5790269E+003
 365.000    30122004  0.1670516E+004  0.7349532E+004  0.3406120E+003  0.4909786E+003  0.1145646E+002  0.2806643E+004 -0.1744269E+004  0.1062375E+004 -0.5792796E+003
 366.000    31122004  0.1670901E+004  0.7349664E+004  0.3406120E+003  0.4939528E+003  0.1144494E+002  0.2811954E+004 -0.1746822E+004  0.1065132E+004 -0.5795506E+003
