    DOY     DATE    PRECN           ET              WATER           DISCHG          SNOWPACK        WTR_1           WTR_2           WTR_3           WTR_4           WTR_5           WTR_6           ICE_2           ICE_3           ICE_4           ICE_5           ICE_6           ICE_7           PSI_3           PSI_4           PSI_5           PSI_6           PSI_7           PSI_8           ACTV_LYR        
  30.000    30011902  0.2918000E+002  0.2322159E+002  0.7123329E+003  0.1828564E+001  0.6307590E+002  0.3483940E+000  0.3543593E+000  0.3567676E+000  0.2959168E+000  0.2912335E+000  0.3368287E+000  0.9963713E-012  0.9923683E-012  0.0000000E+000  0.0000000E+000  0.0000000E+000  0.0000000E+000 -0.5226206E-002 -0.4257702E-002 -0.2849676E-002 -0.4067178E-002 -0.4065208E-002 -0.9555694E-002 -0.9999000E+004
  60.000    01031902  0.1248700E+003  0.5293606E+002  0.7807641E+003  0.3802388E+001  0.0000000E+000  0.3107422E+000  0.3180042E+000  0.3211496E+000  0.2504044E+000  0.2471778E+000  0.3529960E+000  0.9559914E-012  0.9927069E-012  0.0000000E+000  0.0000000E+000  0.0000000E+000  0.0000000E+000 -0.1133280E-001 -0.9423522E-002 -0.6199788E-002 -0.2783718E-002 -0.2655585E-002 -0.3865781E-002 -0.9999000E+004
  90.000    31031902  0.1900000E+003  0.1058529E+003  0.7766623E+003  0.2009998E+002  0.0000000E+000  0.3374981E+000  0.3411273E+000  0.3460127E+000  0.2803738E+000  0.2703028E+000  0.3393701E+000  0.9559914E-012  0.9927069E-012  0.0000000E+000  0.0000000E+000  0.0000000E+000  0.0000000E+000 -0.6704545E-002 -0.5435652E-002 -0.4060329E-002 -0.3826713E-002 -0.3427495E-002 -0.5310097E-002 -0.9999000E+004
 120.000    30041902  0.2229400E+003  0.1980117E+003  0.6887842E+003  0.4875919E+002  0.0000000E+000  0.1476548E+000  0.1574522E+000  0.1778327E+000  0.1689900E+000  0.1963421E+000  0.3223650E+000  0.9559914E-012  0.9927069E-012  0.0000000E+000  0.0000000E+000  0.0000000E+000  0.0000000E+000 -0.1881191E+000 -0.7103818E-001 -0.2194003E-001 -0.5780578E-002 -0.4242024E-002 -0.6158851E-002 -0.9999000E+004
 150.000    30051902  0.3196000E+003  0.3085684E+003  0.6601936E+003  0.6345309E+002  0.0000000E+000  0.2079691E+000  0.2148853E+000  0.2229672E+000  0.1492662E+000  0.1614155E+000  0.2985663E+000  0.9559914E-012  0.9927069E-012  0.0000000E+000  0.0000000E+000  0.0000000E+000  0.0000000E+000 -0.6105575E-001 -0.1362489E+000 -0.7156137E-001 -0.1080645E-001 -0.5982209E-002 -0.7309919E-002 -0.9999000E+004
 180.000    29061902  0.4039200E+003  0.4445607E+003  0.5986829E+003  0.7329144E+002  0.0000000E+000  0.1004095E+000  0.1057023E+000  0.1092584E+000  0.9449355E-001  0.1097858E+000  0.2618494E+000  0.9559914E-012  0.9927069E-012  0.0000000E+000  0.0000000E+000  0.0000000E+000  0.0000000E+000 -0.1948271E+001 -0.1431946E+001 -0.7226830E+000 -0.3439097E-001 -0.1116287E-001 -0.8566382E-002 -0.9999000E+004
 210.000    29071902  0.5617100E+003  0.5814991E+003  0.6118133E+003  0.8101261E+002  0.0000000E+000  0.1591006E+000  0.1683299E+000  0.1874434E+000  0.1530837E+000  0.1499955E+000  0.2517392E+000  0.9559914E-012  0.9927069E-012  0.0000000E+000  0.0000000E+000  0.0000000E+000  0.0000000E+000 -0.1426097E+000 -0.1189121E+000 -0.1111635E+000 -0.4896112E-001 -0.1414638E-001 -0.9788122E-002 -0.9999000E+004
 240.000    28081902  0.7067700E+003  0.6973376E+003  0.6351920E+003  0.8685542E+002  0.0000000E+000  0.2793991E+000  0.2913836E+000  0.2910304E+000  0.2301853E+000  0.1851556E+000  0.2436378E+000  0.9559914E-012  0.9927069E-012  0.0000000E+000  0.0000000E+000  0.0000000E+000  0.0000000E+000 -0.1819392E-001 -0.1438925E-001 -0.3139179E-001 -0.6547607E-001 -0.1749011E-001 -0.1113596E-001 -0.9999000E+004
 270.000    27091902  0.8074200E+003  0.7845097E+003  0.6436035E+003  0.9192175E+002  0.0000000E+000  0.2652477E+000  0.2660258E+000  0.2678872E+000  0.2145870E+000  0.2170366E+000  0.2892429E+000  0.9559914E-012  0.9927069E-012  0.0000000E+000  0.0000000E+000  0.0000000E+000  0.0000000E+000 -0.2687884E-001 -0.2077588E-001 -0.1200893E-001 -0.1432073E-001 -0.1760361E-001 -0.1232079E-001 -0.9999000E+004
 300.000    27101902  0.9156700E+003  0.8238473E+003  0.7082772E+003  0.9616042E+002  0.0000000E+000  0.3398865E+000  0.3604785E+000  0.3570625E+000  0.2975006E+000  0.2986770E+000  0.3574767E+000  0.9559914E-012  0.9927069E-012  0.0000000E+000  0.0000000E+000  0.0000000E+000  0.0000000E+000 -0.5274238E-002 -0.4163826E-002 -0.2515324E-002 -0.2520637E-002 -0.1022798E-001 -0.1371249E-001 -0.9999000E+004
 330.000    26111902  0.9318700E+003  0.8614168E+003  0.6838742E+003  0.9932010E+002  0.0000000E+000  0.3175292E+000  0.3192571E+000  0.3231054E+000  0.2501802E+000  0.2363421E+000  0.3460583E+000  0.9559914E-012  0.9927069E-012  0.0000000E+000  0.0000000E+000  0.0000000E+000  0.0000000E+000 -0.1086915E-001 -0.9481650E-002 -0.7716182E-002 -0.3267012E-002 -0.6847220E-002 -0.1235383E-001 -0.9999000E+004
 360.000    26121902  0.1028370E+004  0.8819135E+003  0.7346619E+003  0.1011786E+003  0.0000000E+000  0.3176110E+000  0.3568244E+000  0.3509056E+000  0.2876382E+000  0.2659245E+000  0.3577165E+000  0.9533140E-012  0.9927069E-012  0.0000000E+000  0.0000000E+000  0.0000000E+000  0.0000000E+000 -0.5592084E-002 -0.4859682E-002 -0.4418552E-002 -0.2502569E-002 -0.2510399E-002 -0.2799969E-002 -0.9999000E+004
