    DOY     DATE    SHOOT_C         ROOT_C          LAI             GPP             AUTO_RESP       HVST_C          
  30.000    30011944  0.2391835E+002  0.8419060E+003  0.0000000E+000  0.0000000E+000 -0.3183237E+002  0.0000000E+000
  60.000    29021944  0.2351303E+002  0.7648430E+003  0.0000000E+000  0.0000000E+000 -0.5751062E+002  0.0000000E+000
  90.000    30031944  0.2288145E+002  0.6607479E+003  0.0000000E+000  0.0000000E+000 -0.8187260E+002  0.0000000E+000
 120.000    29041944  0.7333347E+002  0.6335885E+003  0.2267175E+001  0.8786596E+002 -0.1434107E+003  0.0000000E+000
 150.000    29051944  0.2559827E+003  0.6957660E+003  0.5912400E+001  0.5025948E+003 -0.3077367E+003  0.0000000E+000
 180.000    28061944  0.4679789E+003  0.7578217E+003  0.8045751E+001  0.1026929E+004 -0.5495446E+003  0.0000000E+000
 210.000    28071944  0.6376727E+003  0.7923172E+003  0.8268522E+001  0.1514599E+004 -0.8267910E+003  0.0000000E+000
 240.000    27081944  0.6944922E+003  0.8842062E+003  0.7776909E+001  0.1952804E+004 -0.1098155E+004  0.0000000E+000
 270.000    26091944  0.4645032E+003  0.1087998E+004  0.1777205E+001  0.2314831E+004 -0.1336163E+004  0.0000000E+000
 300.000    26101944  0.3988482E+003  0.1107071E+004  0.5583044E+000  0.2416382E+004 -0.1436856E+004  0.0000000E+000
 330.000    25111944  0.9446445E+002  0.1012184E+004  0.3776643E+000  0.2426380E+004 -0.1495132E+004  0.0000000E+000
 360.000    25121944  0.2634991E+002  0.9375202E+003  0.2502566E+000  0.2426380E+004 -0.1533571E+004  0.0000000E+000
