    DOY     DATE    WTR_STRESS      
   1.000    01011984  0.0000000E+000
   2.000    02011984  0.0000000E+000
   3.000    03011984  0.0000000E+000
   4.000    04011984  0.0000000E+000
   5.000    05011984  0.0000000E+000
   6.000    06011984  0.0000000E+000
   7.000    07011984  0.0000000E+000
   8.000    08011984  0.0000000E+000
   9.000    09011984  0.0000000E+000
  10.000    10011984  0.0000000E+000
  11.000    11011984  0.0000000E+000
  12.000    12011984  0.0000000E+000
  13.000    13011984  0.0000000E+000
  14.000    14011984  0.0000000E+000
  15.000    15011984  0.0000000E+000
  16.000    16011984  0.0000000E+000
  17.000    17011984  0.0000000E+000
  18.000    18011984  0.0000000E+000
  19.000    19011984  0.0000000E+000
  20.000    20011984  0.0000000E+000
  21.000    21011984  0.0000000E+000
  22.000    22011984  0.0000000E+000
  23.000    23011984  0.0000000E+000
  24.000    24011984  0.0000000E+000
  25.000    25011984  0.0000000E+000
  26.000    26011984  0.0000000E+000
  27.000    27011984  0.0000000E+000
  28.000    28011984  0.0000000E+000
  29.000    29011984  0.0000000E+000
  30.000    30011984  0.0000000E+000
  31.000    31011984  0.0000000E+000
  32.000    01021984  0.0000000E+000
  33.000    02021984  0.0000000E+000
  34.000    03021984  0.0000000E+000
  35.000    04021984  0.0000000E+000
  36.000    05021984  0.0000000E+000
  37.000    06021984  0.0000000E+000
  38.000    07021984  0.0000000E+000
  39.000    08021984  0.0000000E+000
  40.000    09021984  0.0000000E+000
  41.000    10021984  0.0000000E+000
  42.000    11021984  0.0000000E+000
  43.000    12021984  0.0000000E+000
  44.000    13021984  0.0000000E+000
  45.000    14021984  0.0000000E+000
  46.000    15021984  0.0000000E+000
  47.000    16021984  0.0000000E+000
  48.000    17021984  0.0000000E+000
  49.000    18021984  0.0000000E+000
  50.000    19021984  0.0000000E+000
  51.000    20021984  0.0000000E+000
  52.000    21021984  0.0000000E+000
  53.000    22021984  0.0000000E+000
  54.000    23021984  0.0000000E+000
  55.000    24021984  0.0000000E+000
  56.000    25021984  0.0000000E+000
  57.000    26021984  0.0000000E+000
  58.000    27021984  0.0000000E+000
  59.000    28021984  0.0000000E+000
  60.000    29021984  0.0000000E+000
  61.000    01031984  0.0000000E+000
  62.000    02031984  0.0000000E+000
  63.000    03031984  0.0000000E+000
  64.000    04031984  0.0000000E+000
  65.000    05031984  0.0000000E+000
  66.000    06031984  0.0000000E+000
  67.000    07031984  0.0000000E+000
  68.000    08031984  0.0000000E+000
  69.000    09031984  0.0000000E+000
  70.000    10031984  0.0000000E+000
  71.000    11031984  0.0000000E+000
  72.000    12031984  0.0000000E+000
  73.000    13031984  0.0000000E+000
  74.000    14031984  0.0000000E+000
  75.000    15031984  0.0000000E+000
  76.000    16031984  0.0000000E+000
  77.000    17031984  0.0000000E+000
  78.000    18031984  0.0000000E+000
  79.000    19031984  0.0000000E+000
  80.000    20031984  0.0000000E+000
  81.000    21031984  0.0000000E+000
  82.000    22031984  0.0000000E+000
  83.000    23031984  0.0000000E+000
  84.000    24031984  0.0000000E+000
  85.000    25031984  0.0000000E+000
  86.000    26031984  0.0000000E+000
  87.000    27031984  0.0000000E+000
  88.000    28031984  0.0000000E+000
  89.000    29031984  0.0000000E+000
  90.000    30031984  0.0000000E+000
  91.000    31031984  0.0000000E+000
  92.000    01041984  0.0000000E+000
  93.000    02041984  0.0000000E+000
  94.000    03041984  0.0000000E+000
  95.000    04041984  0.0000000E+000
  96.000    05041984  0.0000000E+000
  97.000    06041984  0.0000000E+000
  98.000    07041984  0.0000000E+000
  99.000    08041984  0.0000000E+000
 100.000    09041984  0.0000000E+000
 101.000    10041984  0.0000000E+000
 102.000    11041984  0.0000000E+000
 103.000    12041984  0.0000000E+000
 104.000    13041984  0.0000000E+000
 105.000    14041984  0.0000000E+000
 106.000    15041984  0.0000000E+000
 107.000    16041984  0.0000000E+000
 108.000    17041984  0.0000000E+000
 109.000    18041984  0.0000000E+000
 110.000    19041984  0.0000000E+000
 111.000    20041984  0.0000000E+000
 112.000    21041984  0.0000000E+000
 113.000    22041984  0.0000000E+000
 114.000    23041984  0.0000000E+000
 115.000    24041984  0.0000000E+000
 116.000    25041984  0.0000000E+000
 117.000    26041984  0.0000000E+000
 118.000    27041984  0.0000000E+000
 119.000    28041984  0.0000000E+000
 120.000    29041984  0.0000000E+000
 121.000    30041984  0.0000000E+000
 122.000    01051984  0.0000000E+000
 123.000    02051984  0.0000000E+000
 124.000    03051984  0.0000000E+000
 125.000    04051984  0.0000000E+000
 126.000    05051984  0.0000000E+000
 127.000    06051984  0.0000000E+000
 128.000    07051984  0.0000000E+000
 129.000    08051984  0.0000000E+000
 130.000    09051984  0.0000000E+000
 131.000    10051984  0.0000000E+000
 132.000    11051984  0.0000000E+000
 133.000    12051984  0.0000000E+000
 134.000    13051984  0.0000000E+000
 135.000    14051984  0.0000000E+000
 136.000    15051984  0.0000000E+000
 137.000    16051984  0.0000000E+000
 138.000    17051984  0.0000000E+000
 139.000    18051984  0.0000000E+000
 140.000    19051984  0.0000000E+000
 141.000    20051984  0.0000000E+000
 142.000    21051984  0.0000000E+000
 143.000    22051984  0.0000000E+000
 144.000    23051984  0.0000000E+000
 145.000    24051984  0.0000000E+000
 146.000    25051984  0.0000000E+000
 147.000    26051984  0.0000000E+000
 148.000    27051984  0.0000000E+000
 149.000    28051984  0.0000000E+000
 150.000    29051984  0.0000000E+000
 151.000    30051984  0.0000000E+000
 152.000    31051984  0.0000000E+000
 153.000    01061984  0.0000000E+000
 154.000    02061984  0.0000000E+000
 155.000    03061984  0.0000000E+000
 156.000    04061984  0.0000000E+000
 157.000    05061984  0.0000000E+000
 158.000    06061984  0.0000000E+000
 159.000    07061984  0.0000000E+000
 160.000    08061984  0.0000000E+000
 161.000    09061984  0.0000000E+000
 162.000    10061984  0.0000000E+000
 163.000    11061984  0.0000000E+000
 164.000    12061984  0.0000000E+000
 165.000    13061984  0.0000000E+000
 166.000    14061984  0.0000000E+000
 167.000    15061984  0.0000000E+000
 168.000    16061984  0.0000000E+000
 169.000    17061984  0.0000000E+000
 170.000    18061984  0.0000000E+000
 171.000    19061984  0.0000000E+000
 172.000    20061984  0.0000000E+000
 173.000    21061984  0.0000000E+000
 174.000    22061984  0.0000000E+000
 175.000    23061984  0.0000000E+000
 176.000    24061984  0.0000000E+000
 177.000    25061984  0.0000000E+000
 178.000    26061984  0.0000000E+000
 179.000    27061984  0.0000000E+000
 180.000    28061984  0.0000000E+000
 181.000    29061984  0.0000000E+000
 182.000    30061984  0.0000000E+000
 183.000    01071984  0.0000000E+000
 184.000    02071984  0.0000000E+000
 185.000    03071984  0.0000000E+000
 186.000    04071984  0.0000000E+000
 187.000    05071984  0.0000000E+000
 188.000    06071984  0.0000000E+000
 189.000    07071984  0.0000000E+000
 190.000    08071984  0.0000000E+000
 191.000    09071984  0.0000000E+000
 192.000    10071984  0.0000000E+000
 193.000    11071984  0.0000000E+000
 194.000    12071984  0.0000000E+000
 195.000    13071984  0.0000000E+000
 196.000    14071984  0.0000000E+000
 197.000    15071984  0.0000000E+000
 198.000    16071984  0.0000000E+000
 199.000    17071984  0.0000000E+000
 200.000    18071984  0.0000000E+000
 201.000    19071984  0.0000000E+000
 202.000    20071984  0.0000000E+000
 203.000    21071984  0.0000000E+000
 204.000    22071984  0.0000000E+000
 205.000    23071984  0.0000000E+000
 206.000    24071984  0.0000000E+000
 207.000    25071984  0.0000000E+000
 208.000    26071984  0.0000000E+000
 209.000    27071984  0.0000000E+000
 210.000    28071984  0.0000000E+000
 211.000    29071984  0.0000000E+000
 212.000    30071984  0.0000000E+000
 213.000    31071984  0.0000000E+000
 214.000    01081984  0.0000000E+000
 215.000    02081984  0.0000000E+000
 216.000    03081984  0.0000000E+000
 217.000    04081984  0.0000000E+000
 218.000    05081984  0.0000000E+000
 219.000    06081984  0.0000000E+000
 220.000    07081984  0.0000000E+000
 221.000    08081984  0.0000000E+000
 222.000    09081984  0.0000000E+000
 223.000    10081984  0.0000000E+000
 224.000    11081984  0.0000000E+000
 225.000    12081984  0.0000000E+000
 226.000    13081984  0.0000000E+000
 227.000    14081984  0.0000000E+000
 228.000    15081984  0.0000000E+000
 229.000    16081984  0.0000000E+000
 230.000    17081984  0.0000000E+000
 231.000    18081984  0.0000000E+000
 232.000    19081984  0.0000000E+000
 233.000    20081984  0.0000000E+000
 234.000    21081984  0.0000000E+000
 235.000    22081984  0.0000000E+000
 236.000    23081984  0.0000000E+000
 237.000    24081984  0.0000000E+000
 238.000    25081984  0.0000000E+000
 239.000    26081984  0.0000000E+000
 240.000    27081984  0.0000000E+000
 241.000    28081984  0.0000000E+000
 242.000    29081984  0.0000000E+000
 243.000    30081984  0.0000000E+000
 244.000    31081984  0.0000000E+000
 245.000    01091984  0.0000000E+000
 246.000    02091984  0.0000000E+000
 247.000    03091984  0.0000000E+000
 248.000    04091984  0.0000000E+000
 249.000    05091984  0.0000000E+000
 250.000    06091984  0.0000000E+000
 251.000    07091984  0.0000000E+000
 252.000    08091984  0.0000000E+000
 253.000    09091984  0.0000000E+000
 254.000    10091984  0.0000000E+000
 255.000    11091984  0.0000000E+000
 256.000    12091984  0.0000000E+000
 257.000    13091984  0.0000000E+000
 258.000    14091984  0.0000000E+000
 259.000    15091984  0.0000000E+000
 260.000    16091984  0.0000000E+000
 261.000    17091984  0.0000000E+000
 262.000    18091984  0.0000000E+000
 263.000    19091984  0.0000000E+000
 264.000    20091984  0.0000000E+000
 265.000    21091984  0.0000000E+000
 266.000    22091984  0.0000000E+000
 267.000    23091984  0.0000000E+000
 268.000    24091984  0.0000000E+000
 269.000    25091984  0.0000000E+000
 270.000    26091984  0.0000000E+000
 271.000    27091984  0.0000000E+000
 272.000    28091984  0.0000000E+000
 273.000    29091984  0.0000000E+000
 274.000    30091984  0.0000000E+000
 275.000    01101984  0.0000000E+000
 276.000    02101984  0.0000000E+000
 277.000    03101984  0.0000000E+000
 278.000    04101984  0.0000000E+000
 279.000    05101984  0.0000000E+000
 280.000    06101984  0.0000000E+000
 281.000    07101984  0.0000000E+000
 282.000    08101984  0.0000000E+000
 283.000    09101984  0.0000000E+000
 284.000    10101984  0.0000000E+000
 285.000    11101984  0.0000000E+000
 286.000    12101984  0.0000000E+000
 287.000    13101984  0.0000000E+000
 288.000    14101984  0.0000000E+000
 289.000    15101984  0.0000000E+000
 290.000    16101984  0.0000000E+000
 291.000    17101984  0.0000000E+000
 292.000    18101984  0.0000000E+000
 293.000    19101984  0.0000000E+000
 294.000    20101984  0.0000000E+000
 295.000    21101984  0.0000000E+000
 296.000    22101984  0.0000000E+000
 297.000    23101984  0.0000000E+000
 298.000    24101984  0.0000000E+000
 299.000    25101984  0.0000000E+000
 300.000    26101984  0.0000000E+000
 301.000    27101984  0.0000000E+000
 302.000    28101984  0.0000000E+000
 303.000    29101984  0.0000000E+000
 304.000    30101984  0.0000000E+000
 305.000    31101984  0.0000000E+000
 306.000    01111984  0.0000000E+000
 307.000    02111984  0.0000000E+000
 308.000    03111984  0.0000000E+000
 309.000    04111984  0.0000000E+000
 310.000    05111984  0.0000000E+000
 311.000    06111984  0.0000000E+000
 312.000    07111984  0.0000000E+000
 313.000    08111984  0.0000000E+000
 314.000    09111984  0.0000000E+000
 315.000    10111984  0.0000000E+000
 316.000    11111984  0.0000000E+000
 317.000    12111984  0.0000000E+000
 318.000    13111984  0.0000000E+000
 319.000    14111984  0.0000000E+000
 320.000    15111984  0.0000000E+000
 321.000    16111984  0.0000000E+000
 322.000    17111984  0.0000000E+000
 323.000    18111984  0.0000000E+000
 324.000    19111984  0.0000000E+000
 325.000    20111984  0.0000000E+000
 326.000    21111984  0.0000000E+000
 327.000    22111984  0.0000000E+000
 328.000    23111984  0.0000000E+000
 329.000    24111984  0.0000000E+000
 330.000    25111984  0.0000000E+000
 331.000    26111984  0.0000000E+000
 332.000    27111984  0.0000000E+000
 333.000    28111984  0.0000000E+000
 334.000    29111984  0.0000000E+000
 335.000    30111984  0.0000000E+000
 336.000    01121984  0.0000000E+000
 337.000    02121984  0.0000000E+000
 338.000    03121984  0.0000000E+000
 339.000    04121984  0.0000000E+000
 340.000    05121984  0.0000000E+000
 341.000    06121984  0.0000000E+000
 342.000    07121984  0.0000000E+000
 343.000    08121984  0.0000000E+000
 344.000    09121984  0.0000000E+000
 345.000    10121984  0.0000000E+000
 346.000    11121984  0.0000000E+000
 347.000    12121984  0.0000000E+000
 348.000    13121984  0.0000000E+000
 349.000    14121984  0.0000000E+000
 350.000    15121984  0.0000000E+000
 351.000    16121984  0.0000000E+000
 352.000    17121984  0.0000000E+000
 353.000    18121984  0.0000000E+000
 354.000    19121984  0.0000000E+000
 355.000    20121984  0.0000000E+000
 356.000    21121984  0.0000000E+000
 357.000    22121984  0.0000000E+000
 358.000    23121984  0.0000000E+000
 359.000    24121984  0.0000000E+000
 360.000    25121984  0.0000000E+000
 361.000    26121984  0.0000000E+000
 362.000    27121984  0.0000000E+000
 363.000    28121984  0.0000000E+000
 364.000    29121984  0.0000000E+000
 365.000    30121984  0.0000000E+000
 366.000    31121984  0.0000000E+000
