    DOY     DATE    SHOOT_C         ROOT_C          LAI             GPP             AUTO_RESP       HVST_C          
  30.000    30011916  0.1868921E+002  0.8267146E+003  0.9753946E-001  0.0000000E+000 -0.2310523E+002  0.0000000E+000
  60.000    29021916  0.1752600E+002  0.7755673E+003  0.1843378E-001  0.0000000E+000 -0.4901237E+002  0.0000000E+000
  90.000    30031916  0.1277303E+002  0.7304253E+003  0.4847434E+000  0.4499497E+001 -0.7950092E+002  0.0000000E+000
 120.000    29041916  0.9358388E+002  0.7256831E+003  0.2546267E+001  0.1278361E+003 -0.1460288E+003  0.0000000E+000
 150.000    29051916  0.2599609E+003  0.7812393E+003  0.5783680E+001  0.5239427E+003 -0.3085813E+003  0.0000000E+000
 180.000    28061916  0.4200026E+003  0.8443034E+003  0.7260183E+001  0.9882261E+003 -0.5331236E+003  0.0000000E+000
 210.000    28071916  0.5288062E+003  0.8773746E+003  0.7351529E+001  0.1376333E+004 -0.7626046E+003  0.0000000E+000
 240.000    27081916  0.5876729E+003  0.9546024E+003  0.7351529E+001  0.1754307E+004 -0.9860168E+003  0.0000000E+000
 270.000    26091916  0.4049060E+003  0.1116343E+004  0.2478020E+001  0.2080218E+004 -0.1180381E+004  0.0000000E+000
 300.000    26101916  0.3121455E+003  0.1163276E+004  0.7066017E+000  0.2213017E+004 -0.1300382E+004  0.0000000E+000
 330.000    25111916  0.1299366E+003  0.1075883E+004  0.3319425E+000  0.2231681E+004 -0.1369112E+004  0.0000000E+000
 360.000    25121916  0.2029621E+002  0.9907678E+003  0.2531631E+000  0.2231681E+004 -0.1412884E+004  0.0000000E+000
