    DOY     DATE    PRECN           ET              WATER           DISCHG          SNOWPACK        WTR_1           WTR_2           WTR_3           WTR_4           WTR_5           WTR_6           ICE_2           ICE_3           ICE_4           ICE_5           ICE_6           ICE_7           PSI_3           PSI_4           PSI_5           PSI_6           PSI_7           PSI_8           ACTV_LYR        
  30.000    30011952  0.9311000E+002  0.1610733E+001  0.8325792E+003  0.5271177E+002  0.2209900E+003  0.3536206E+000  0.3510860E+000  0.3521137E+000  0.2832309E+000  0.2742467E+000  0.3574263E+000  0.9732237E-012  0.9536553E-012  0.0000000E+000  0.0000000E+000  0.0000000E+000  0.0000000E+000 -0.6388352E-002 -0.5370336E-002 -0.3784569E-002 -0.2519843E-002 -0.2532958E-002 -0.3118449E-002 -0.9999000E+004
  60.000    29021952  0.1540600E+003  0.1765380E+002  0.7946972E+003  0.1718626E+003  0.0000000E+000  0.2953330E+000  0.2943115E+000  0.3318874E+000  0.2585334E+000  0.2477432E+000  0.3415288E+000  0.2028443E+000  0.9596805E-012  0.0000000E+000  0.0000000E+000  0.0000000E+000  0.0000000E+000 -0.9487207E-002 -0.8106934E-002 -0.6148455E-002 -0.3633889E-002 -0.3122156E-002 -0.4850994E-002 -0.9999000E+004
  90.000    30031952  0.2096400E+003  0.4594712E+002  0.7898309E+003  0.2040055E+003  0.0000000E+000  0.3166610E+000  0.3465935E+000  0.3436864E+000  0.2772588E+000  0.2720996E+000  0.3573997E+000  0.9356242E-012  0.9596805E-012  0.0000000E+000  0.0000000E+000  0.0000000E+000  0.0000000E+000 -0.6944102E-002 -0.5798280E-002 -0.3917661E-002 -0.2520790E-002 -0.2542607E-002 -0.3405690E-002 -0.9999000E+004
 120.000    29041952  0.2936700E+003  0.8901334E+002  0.8047475E+003  0.2300528E+003  0.0000000E+000  0.3407969E+000  0.3313093E+000  0.3374234E+000  0.2667361E+000  0.2586277E+000  0.3532012E+000  0.9356242E-012  0.9596805E-012  0.0000000E+000  0.0000000E+000  0.0000000E+000  0.0000000E+000 -0.8446603E-002 -0.6971312E-002 -0.4999955E-002 -0.2771470E-002 -0.2709633E-002 -0.4007857E-002 -0.9999000E+004
 150.000    29051952  0.3817200E+003  0.1497416E+003  0.7881128E+003  0.2740094E+003  0.0000000E+000  0.3402984E+000  0.3339848E+000  0.3385844E+000  0.2697877E+000  0.2655340E+000  0.3563055E+000  0.9356242E-012  0.9596805E-012  0.0000000E+000  0.0000000E+000  0.0000000E+000  0.0000000E+000 -0.8307900E-002 -0.6584658E-002 -0.4396220E-002 -0.2582391E-002 -0.2591365E-002 -0.3504351E-002 -0.9999000E+004
 180.000    28061952  0.4598400E+003  0.2315001E+003  0.7603087E+003  0.2981751E+003  0.0000000E+000  0.3309083E+000  0.3381913E+000  0.3480948E+000  0.2787558E+000  0.2763360E+000  0.3433033E+000  0.9356242E-012  0.9596805E-012  0.0000000E+000  0.0000000E+000  0.0000000E+000  0.0000000E+000 -0.7146294E-002 -0.5635030E-002 -0.3630696E-002 -0.3485976E-002 -0.3658902E-002 -0.5757955E-002 -0.9999000E+004
 210.000    28071952  0.5405900E+003  0.3185941E+003  0.7373352E+003  0.3148046E+003  0.0000000E+000  0.3495580E+000  0.3517337E+000  0.3549902E+000  0.2927197E+000  0.2787937E+000  0.3268312E+000  0.9356242E-012  0.9596805E-012  0.0000000E+000  0.0000000E+000  0.0000000E+000  0.0000000E+000 -0.5553897E-002 -0.4461853E-002 -0.3521980E-002 -0.5180178E-002 -0.4850938E-002 -0.7380792E-002 -0.9999000E+004
 240.000    27081952  0.5954600E+003  0.4040896E+003  0.6968145E+003  0.3246999E+003  0.0000000E+000  0.3086787E+000  0.3255106E+000  0.3262084E+000  0.2542415E+000  0.2419849E+000  0.3197762E+000  0.9356242E-012  0.9596805E-012  0.0000000E+000  0.0000000E+000  0.0000000E+000  0.0000000E+000 -0.1026129E-001 -0.8750751E-002 -0.6877568E-002 -0.6173605E-002 -0.6223129E-002 -0.9183911E-002 -0.9999000E+004
 270.000    26091952  0.7703700E+003  0.4625122E+003  0.8062876E+003  0.3317143E+003  0.0000000E+000  0.3453218E+000  0.3452249E+000  0.3492510E+000  0.2838370E+000  0.2705605E+000  0.3574994E+000  0.9356242E-012  0.9596805E-012  0.0000000E+000  0.0000000E+000  0.0000000E+000  0.0000000E+000 -0.6481233E-002 -0.5170857E-002 -0.4048621E-002 -0.2514655E-002 -0.2510861E-002 -0.2630231E-002 -0.9999000E+004
 300.000    26101952  0.8546700E+003  0.5010857E+003  0.8049015E+003  0.3788268E+003  0.0000000E+000  0.3174497E+000  0.3451746E+000  0.3425550E+000  0.2746545E+000  0.2682346E+000  0.3565946E+000  0.9356242E-012  0.9596805E-012  0.0000000E+000  0.0000000E+000  0.0000000E+000  0.0000000E+000 -0.7505404E-002 -0.6076662E-002 -0.4196686E-002 -0.2566571E-002 -0.2583235E-002 -0.3258437E-002 -0.9999000E+004
 330.000    25111952  0.9454800E+003  0.5337637E+003  0.7887634E+003  0.4530968E+003  0.0000000E+000  0.3365789E+000  0.3413284E+000  0.3440016E+000  0.2759527E+000  0.2690374E+000  0.3548185E+000  0.9356242E-012  0.9596805E-012  0.0000000E+000  0.0000000E+000  0.0000000E+000  0.0000000E+000 -0.7347910E-002 -0.5942447E-002 -0.4139362E-002 -0.2672804E-002 -0.2939787E-002 -0.4778432E-002 -0.9999000E+004
 360.000    25121952  0.9938000E+003  0.5504935E+003  0.7769484E+003  0.4963787E+003  0.0000000E+000  0.3464022E+000  0.3368771E+000  0.3419578E+000  0.2730337E+000  0.2585382E+000  0.3430183E+000  0.9560666E-012  0.9841630E-012  0.0000000E+000  0.0000000E+000  0.0000000E+000  0.0000000E+000 -0.7535452E-002 -0.6229867E-002 -0.5023898E-002 -0.3509349E-002 -0.3118759E-002 -0.4923063E-002 -0.9999000E+004
