    DOY     DATE    SHOOT_C         ROOT_C          LAI             GPP             AUTO_RESP       HVST_C          
   1.000    01011999  0.3794431E+001  0.4552643E+001  0.2757123E+001  0.1887553E-001 -0.5225521E-002  0.0000000E+000
   2.000    02011999  0.3764474E+001  0.4549735E+001  0.2753180E+001  0.1974698E-001 -0.9792297E-002  0.0000000E+000
   3.000    03011999  0.3735120E+001  0.4546518E+001  0.2749493E+001  0.1974698E-001 -0.1469506E-001  0.0000000E+000
   4.000    04011999  0.3707810E+001  0.4542612E+001  0.2745392E+001  0.1974698E-001 -0.1937018E-001  0.0000000E+000
   5.000    05011999  0.3683247E+001  0.4538139E+001  0.2741659E+001  0.1974698E-001 -0.2364594E-001  0.0000000E+000
   6.000    06011999  0.3665466E+001  0.4533195E+001  0.2738233E+001  0.1974698E-001 -0.2808545E-001  0.0000000E+000
   7.000    07011999  0.3647892E+001  0.4527831E+001  0.2734240E+001  0.1974698E-001 -0.3299103E-001  0.0000000E+000
   8.000    08011999  0.3631297E+001  0.4522117E+001  0.2730319E+001  0.1974698E-001 -0.3793330E-001  0.0000000E+000
   9.000    09011999  0.3650647E+001  0.4517117E+001  0.2724963E+001  0.6752580E-001 -0.4924594E-001  0.0000000E+000
  10.000    10011999  0.3644439E+001  0.4513161E+001  0.2719712E+001  0.7828041E-001 -0.5402800E-001  0.0000000E+000
  11.000    11011999  0.3647971E+001  0.4509626E+001  0.2717656E+001  0.1009862E+000 -0.6034126E-001  0.0000000E+000
  12.000    12011999  0.3657264E+001  0.4506986E+001  0.2715415E+001  0.1357627E+000 -0.7042901E-001  0.0000000E+000
  13.000    13011999  0.3663965E+001  0.4504920E+001  0.2709709E+001  0.1738465E+000 -0.8359832E-001  0.0000000E+000
  14.000    14011999  0.3672055E+001  0.4501815E+001  0.2701614E+001  0.2178204E+000 -0.1018450E+000  0.0000000E+000
  15.000    15011999  0.3679309E+001  0.4500654E+001  0.2695107E+001  0.2507691E+000 -0.1131236E+000  0.0000000E+000
  16.000    16011999  0.3681907E+001  0.4500257E+001  0.2686917E+001  0.2775588E+000 -0.1210078E+000  0.0000000E+000
  17.000    17011999  0.3683393E+001  0.4500279E+001  0.2680654E+001  0.3074807E+000 -0.1321080E+000  0.0000000E+000
  18.000    18011999  0.3688637E+001  0.4496008E+001  0.2671066E+001  0.3564687E+000 -0.1567523E+000  0.0000000E+000
  19.000    19011999  0.3698429E+001  0.4495537E+001  0.2668142E+001  0.3918232E+000 -0.1695958E+000  0.0000000E+000
  20.000    20011999  0.3709138E+001  0.4495667E+001  0.2665806E+001  0.4305061E+000 -0.1838700E+000  0.0000000E+000
  21.000    21011999  0.3715522E+001  0.4495447E+001  0.2663391E+001  0.4691718E+000 -0.2013568E+000  0.0000000E+000
  22.000    22011999  0.3724715E+001  0.4492620E+001  0.2655937E+001  0.5225984E+000 -0.2269363E+000  0.0000000E+000
  23.000    23011999  0.3730074E+001  0.4485619E+001  0.2644733E+001  0.5802482E+000 -0.2605497E+000  0.0000000E+000
  24.000    24011999  0.3738838E+001  0.4480231E+001  0.2636762E+001  0.6214258E+000 -0.2844898E+000  0.0000000E+000
  25.000    25011999  0.3746226E+001  0.4480632E+001  0.2630659E+001  0.6509065E+000 -0.2968764E+000  0.0000000E+000
  26.000    26011999  0.3754686E+001  0.4481761E+001  0.2625572E+001  0.6790891E+000 -0.3070576E+000  0.0000000E+000
  27.000    27011999  0.3759206E+001  0.4482652E+001  0.2617866E+001  0.7110891E+000 -0.3208480E+000  0.0000000E+000
  28.000    28011999  0.3765627E+001  0.4480367E+001  0.2606513E+001  0.7550547E+000 -0.3437454E+000  0.0000000E+000
  29.000    29011999  0.3774860E+001  0.4477826E+001  0.2596877E+001  0.7958017E+000 -0.3633010E+000  0.0000000E+000
  30.000    30011999  0.3784832E+001  0.4478028E+001  0.2591081E+001  0.8276600E+000 -0.3754297E+000  0.0000000E+000
  31.000    31011999  0.3785285E+001  0.4478758E+001  0.2587670E+001  0.8425622E+000 -0.3821543E+000  0.0000000E+000
  32.000    01021999  0.3772731E+001  0.4478729E+001  0.2581834E+001  0.8425622E+000 -0.3875292E+000  0.0000000E+000
  33.000    02021999  0.3788640E+001  0.4478665E+001  0.2574356E+001  0.8845476E+000 -0.4017322E+000  0.0000000E+000
  34.000    03021999  0.3803750E+001  0.4478912E+001  0.2569660E+001  0.9236398E+000 -0.4157060E+000  0.0000000E+000
  35.000    04021999  0.3814133E+001  0.4478516E+001  0.2562327E+001  0.9631090E+000 -0.4329131E+000  0.0000000E+000
  36.000    05021999  0.3825232E+001  0.4479246E+001  0.2557426E+001  0.9938685E+000 -0.4433285E+000  0.0000000E+000
  37.000    06021999  0.3837055E+001  0.4479579E+001  0.2550892E+001  0.1033022E+001 -0.4585886E+000  0.0000000E+000
  38.000    07021999  0.3846416E+001  0.4478425E+001  0.2543035E+001  0.1077463E+001 -0.4804122E+000  0.0000000E+000
  39.000    08021999  0.3853302E+001  0.4475794E+001  0.2536247E+001  0.1110989E+001 -0.4981037E+000  0.0000000E+000
  40.000    09021999  0.3863467E+001  0.4475792E+001  0.2528805E+001  0.1146943E+001 -0.5121039E+000  0.0000000E+000
  41.000    10021999  0.3872860E+001  0.4474343E+001  0.2520639E+001  0.1185633E+001 -0.5302604E+000  0.0000000E+000
  42.000    11021999  0.3882636E+001  0.4472922E+001  0.2511657E+001  0.1226471E+001 -0.5487109E+000  0.0000000E+000
  43.000    12021999  0.3891041E+001  0.4468155E+001  0.2498330E+001  0.1273667E+001 -0.5743929E+000  0.0000000E+000
  44.000    13021999  0.3896766E+001  0.4467676E+001  0.2492532E+001  0.1292432E+001 -0.5808688E+000  0.0000000E+000
  45.000    14021999  0.3899678E+001  0.4467490E+001  0.2486620E+001  0.1308189E+001 -0.5862229E+000  0.0000000E+000
  46.000    15021999  0.3914810E+001  0.4467516E+001  0.2481382E+001  0.1341728E+001 -0.5944819E+000  0.0000000E+000
  47.000    16021999  0.3923546E+001  0.4467732E+001  0.2476079E+001  0.1372860E+001 -0.6049994E+000  0.0000000E+000
  48.000    17021999  0.3931877E+001  0.4466885E+001  0.2468489E+001  0.1411215E+001 -0.6222917E+000  0.0000000E+000
  49.000    18021999  0.3944839E+001  0.4465229E+001  0.2462086E+001  0.1448339E+001 -0.6377784E+000  0.0000000E+000
  50.000    19021999  0.3953839E+001  0.4464910E+001  0.2459181E+001  0.1471606E+001 -0.6455081E+000  0.0000000E+000
  51.000    20021999  0.3963576E+001  0.4465015E+001  0.2454065E+001  0.1498500E+001 -0.6540078E+000  0.0000000E+000
  52.000    21021999  0.3967396E+001  0.4465081E+001  0.2449894E+001  0.1515960E+001 -0.6603016E+000  0.0000000E+000
  53.000    22021999  0.3965774E+001  0.4465041E+001  0.2443338E+001  0.1526374E+001 -0.6650150E+000  0.0000000E+000
  54.000    23021999  0.3960842E+001  0.4463880E+001  0.2437982E+001  0.1531634E+001 -0.6690142E+000  0.0000000E+000
  55.000    24021999  0.3964641E+001  0.4462211E+001  0.2433729E+001  0.1546393E+001 -0.6737324E+000  0.0000000E+000
  56.000    25021999  0.3966794E+001  0.4460696E+001  0.2430391E+001  0.1560033E+001 -0.6787264E+000  0.0000000E+000
  57.000    26021999  0.3978435E+001  0.4460126E+001  0.2426067E+001  0.1587638E+001 -0.6858431E+000  0.0000000E+000
  58.000    27021999  0.3984956E+001  0.4459466E+001  0.2422561E+001  0.1619748E+001 -0.6983937E+000  0.0000000E+000
  59.000    28021999  0.4006197E+001  0.4458104E+001  0.2416799E+001  0.1668917E+001 -0.7125450E+000  0.0000000E+000
  60.000    01031999  0.4013954E+001  0.4456936E+001  0.2412916E+001  0.1693491E+001 -0.7205662E+000  0.0000000E+000
  61.000    02031999  0.4025522E+001  0.4455821E+001  0.2404993E+001  0.1726489E+001 -0.7308995E+000  0.0000000E+000
  62.000    03031999  0.4036810E+001  0.4454462E+001  0.2399094E+001  0.1762726E+001 -0.7441933E+000  0.0000000E+000
  63.000    04031999  0.4048769E+001  0.4453305E+001  0.2395706E+001  0.1788893E+001 -0.7516140E+000  0.0000000E+000
  64.000    05031999  0.4059284E+001  0.4452482E+001  0.2389788E+001  0.1816262E+001 -0.7595267E+000  0.0000000E+000
  65.000    06031999  0.4077612E+001  0.4451206E+001  0.2382983E+001  0.1864211E+001 -0.7769045E+000  0.0000000E+000
  66.000    07031999  0.4086550E+001  0.4451066E+001  0.2379536E+001  0.1889073E+001 -0.7858351E+000  0.0000000E+000
  67.000    08031999  0.4090079E+001  0.4450904E+001  0.2373299E+001  0.1906220E+001 -0.7914136E+000  0.0000000E+000
  68.000    09031999  0.4085388E+001  0.4450524E+001  0.2368749E+001  0.1913177E+001 -0.7959863E+000  0.0000000E+000
  69.000    10031999  0.4074771E+001  0.4449317E+001  0.2364845E+001  0.1913177E+001 -0.8004770E+000  0.0000000E+000
  70.000    11031999  0.4065091E+001  0.4447194E+001  0.2361676E+001  0.1913177E+001 -0.8049913E+000  0.0000000E+000
  71.000    12031999  0.4082010E+001  0.4445129E+001  0.2359386E+001  0.1946812E+001 -0.8135123E+000  0.0000000E+000
  72.000    13031999  0.4076658E+001  0.4443047E+001  0.2356211E+001  0.1954327E+001 -0.8202693E+000  0.0000000E+000
  73.000    14031999  0.4076126E+001  0.4440515E+001  0.2354415E+001  0.1965530E+001 -0.8270812E+000  0.0000000E+000
  74.000    15031999  0.4083769E+001  0.4438290E+001  0.2352445E+001  0.1985906E+001 -0.8344192E+000  0.0000000E+000
  75.000    16031999  0.4101016E+001  0.4436360E+001  0.2346656E+001  0.2024334E+001 -0.8465598E+000  0.0000000E+000
  76.000    17031999  0.4114916E+001  0.4431792E+001  0.2342376E+001  0.2070439E+001 -0.8694778E+000  0.0000000E+000
  77.000    18031999  0.4134480E+001  0.4423792E+001  0.2337064E+001  0.2125081E+001 -0.8975618E+000  0.0000000E+000
  78.000    19031999  0.4156110E+001  0.4420162E+001  0.2332568E+001  0.2169644E+001 -0.9139051E+000  0.0000000E+000
  79.000    20031999  0.4173461E+001  0.4419425E+001  0.2328106E+001  0.2210239E+001 -0.9283861E+000  0.0000000E+000
  80.000    21031999  0.4182550E+001  0.4417117E+001  0.2322181E+001  0.2247337E+001 -0.9473257E+000  0.0000000E+000
  81.000    22031999  0.4199056E+001  0.4416863E+001  0.2317945E+001  0.2285090E+001 -0.9605410E+000  0.0000000E+000
  82.000    23031999  0.4208659E+001  0.4416999E+001  0.2311035E+001  0.2321567E+001 -0.9757757E+000  0.0000000E+000
  83.000    24031999  0.4221179E+001  0.4414554E+001  0.2305798E+001  0.2365924E+001 -0.9979256E+000  0.0000000E+000
  84.000    25031999  0.4232323E+001  0.4411545E+001  0.2299841E+001  0.2405285E+001 -0.1017806E+001  0.0000000E+000
  85.000    26031999  0.4247145E+001  0.4411410E+001  0.2295968E+001  0.2439889E+001 -0.1030129E+001  0.0000000E+000
  86.000    27031999  0.4264261E+001  0.4412226E+001  0.2292402E+001  0.2476597E+001 -0.1041257E+001  0.0000000E+000
  87.000    28031999  0.4280966E+001  0.4412574E+001  0.2286601E+001  0.2519790E+001 -0.1056826E+001  0.0000000E+000
  88.000    29031999  0.4300003E+001  0.4412035E+001  0.2279807E+001  0.2569961E+001 -0.1076490E+001  0.0000000E+000
  89.000    30031999  0.4319462E+001  0.4410860E+001  0.2274140E+001  0.2618366E+001 -0.1095788E+001  0.0000000E+000
  90.000    31031999  0.4338183E+001  0.4410044E+001  0.2267761E+001  0.2669680E+001 -0.1116582E+001  0.0000000E+000
  91.000    01041999  0.4346528E+001  0.4404835E+001  0.2258092E+001  0.2717397E+001 -0.1145438E+001  0.0000000E+000
  92.000    02041999  0.4359403E+001  0.4397832E+001  0.2244576E+001  0.2775124E+001 -0.1178175E+001  0.0000000E+000
  93.000    03041999  0.4371589E+001  0.4389996E+001  0.2231380E+001  0.2829472E+001 -0.1209267E+001  0.0000000E+000
  94.000    04041999  0.4384736E+001  0.4379944E+001  0.2215224E+001  0.2888342E+001 -0.1243547E+001  0.0000000E+000
  95.000    05041999  0.4407469E+001  0.4373767E+001  0.2206486E+001  0.2937649E+001 -0.1263639E+001  0.0000000E+000
  96.000    06041999  0.4417459E+001  0.4370966E+001  0.2199715E+001  0.2970151E+001 -0.1278800E+001  0.0000000E+000
  97.000    07041999  0.4437350E+001  0.4365596E+001  0.2185620E+001  0.3028990E+001 -0.1304857E+001  0.0000000E+000
  98.000    08041999  0.4462944E+001  0.4358876E+001  0.2170882E+001  0.3097929E+001 -0.1335074E+001  0.0000000E+000
  99.000    09041999  0.4484085E+001  0.4351618E+001  0.2154271E+001  0.3163483E+001 -0.1366595E+001  0.0000000E+000
 100.000    10041999  0.4513514E+001  0.4345686E+001  0.2144068E+001  0.3223932E+001 -0.1389465E+001  0.0000000E+000
 101.000    11041999  0.4528315E+001  0.4340499E+001  0.2135506E+001  0.3268158E+001 -0.1410410E+001  0.0000000E+000
 102.000    12041999  0.4551996E+001  0.4335721E+001  0.2127706E+001  0.3317360E+001 -0.1428803E+001  0.0000000E+000
 103.000    13041999  0.4574455E+001  0.4333482E+001  0.2121875E+001  0.3362015E+001 -0.1443374E+001  0.0000000E+000
 104.000    14041999  0.4595794E+001  0.4331356E+001  0.2115218E+001  0.3409381E+001 -0.1460448E+001  0.0000000E+000
 105.000    15041999  0.4610450E+001  0.4328539E+001  0.2108663E+001  0.3451722E+001 -0.1479243E+001  0.0000000E+000
 106.000    16041999  0.4639077E+001  0.4325006E+001  0.2101176E+001  0.3509191E+001 -0.1499007E+001  0.0000000E+000
 107.000    17041999  0.4654839E+001  0.4323265E+001  0.2096807E+001  0.3547058E+001 -0.1513580E+001  0.0000000E+000
 108.000    18041999  0.4675746E+001  0.4322188E+001  0.2093040E+001  0.3587995E+001 -0.1526276E+001  0.0000000E+000
 109.000    19041999  0.4696144E+001  0.4321627E+001  0.2089157E+001  0.3633447E+001 -0.1542111E+001  0.0000000E+000
 110.000    20041999  0.4719328E+001  0.4319832E+001  0.2083057E+001  0.3688773E+001 -0.1563805E+001  0.0000000E+000
 111.000    21041999  0.4290408E+001  0.4318138E+001  0.2075748E+001  0.3765087E+001 -0.1587776E+001  0.0000000E+000
 112.000    22041999  0.4327130E+001  0.4314911E+001  0.2079992E+001  0.3849406E+001 -0.1623629E+001  0.0000000E+000
 113.000    23041999  0.4359281E+001  0.4310279E+001  0.2079703E+001  0.3925324E+001 -0.1658018E+001  0.0000000E+000
 114.000    24041999  0.4387693E+001  0.4305676E+001  0.2078317E+001  0.3978962E+001 -0.1678563E+001  0.0000000E+000
 115.000    25041999  0.4427972E+001  0.4304539E+001  0.2077874E+001  0.4044352E+001 -0.1696259E+001  0.0000000E+000
 116.000    26041999  0.4450561E+001  0.4303531E+001  0.2077663E+001  0.4097614E+001 -0.1718387E+001  0.0000000E+000
 117.000    27041999  0.4486393E+001  0.4300761E+001  0.2076177E+001  0.4171613E+001 -0.1747461E+001  0.0000000E+000
 118.000    28041999  0.4494392E+001  0.4298658E+001  0.2076395E+001  0.4197389E+001 -0.1760461E+001  0.0000000E+000
 119.000    29041999  0.4502863E+001  0.4297416E+001  0.2076434E+001  0.4221981E+001 -0.1771509E+001  0.0000000E+000
 120.000    30041999  0.4517219E+001  0.4296141E+001  0.2076439E+001  0.4256184E+001 -0.1785235E+001  0.0000000E+000
 121.000    01051999  0.4543864E+001  0.4294814E+001  0.2077087E+001  0.4306085E+001 -0.1801752E+001  0.0000000E+000
 122.000    02051999  0.4568836E+001  0.4293159E+001  0.2077595E+001  0.4356430E+001 -0.1820040E+001  0.0000000E+000
 123.000    03051999  0.4596185E+001  0.4291332E+001  0.2078975E+001  0.4412658E+001 -0.1841569E+001  0.0000000E+000
 124.000    04051999  0.4626154E+001  0.4288939E+001  0.2079686E+001  0.4475151E+001 -0.1866493E+001  0.0000000E+000
 125.000    05051999  0.4645581E+001  0.4285345E+001  0.2079642E+001  0.4526702E+001 -0.1891843E+001  0.0000000E+000
 126.000    06051999  0.4678136E+001  0.4279319E+001  0.2079391E+001  0.4597283E+001 -0.1923482E+001  0.0000000E+000
 127.000    07051999  0.4706692E+001  0.4272626E+001  0.2076694E+001  0.4663681E+001 -0.1955602E+001  0.0000000E+000
 128.000    08051999  0.4753427E+001  0.4265823E+001  0.2074186E+001  0.4744966E+001 -0.1985174E+001  0.0000000E+000
 129.000    09051999  0.3858116E+001  0.4260719E+001  0.2071842E+001  0.4831589E+001 -0.2014687E+001  0.0000000E+000
 130.000    10051999  0.3908975E+001  0.4256800E+001  0.2091341E+001  0.4920161E+001 -0.2044430E+001  0.0000000E+000
 131.000    11051999  0.3952258E+001  0.4252984E+001  0.2109208E+001  0.5002482E+001 -0.2074839E+001  0.0000000E+000
 132.000    12051999  0.4001359E+001  0.4249680E+001  0.2127033E+001  0.5090873E+001 -0.2105768E+001  0.0000000E+000
 133.000    13051999  0.4041584E+001  0.4245593E+001  0.2143575E+001  0.5173789E+001 -0.2140368E+001  0.0000000E+000
 134.000    14051999  0.4065801E+001  0.4241927E+001  0.2154270E+001  0.5223135E+001 -0.2161028E+001  0.0000000E+000
 135.000    15051999  0.4104102E+001  0.4239571E+001  0.2165020E+001  0.5289619E+001 -0.2182384E+001  0.0000000E+000
 136.000    16051999  0.4141892E+001  0.4237628E+001  0.2176309E+001  0.5359158E+001 -0.2206659E+001  0.0000000E+000
 137.000    17051999  0.4173267E+001  0.4234716E+001  0.2188736E+001  0.5425227E+001 -0.2233813E+001  0.0000000E+000
 138.000    18051999  0.4213491E+001  0.4230974E+001  0.2201514E+001  0.5502816E+001 -0.2263758E+001  0.0000000E+000
 139.000    19051999  0.4255322E+001  0.4226975E+001  0.2212254E+001  0.5581841E+001 -0.2292906E+001  0.0000000E+000
 140.000    20051999  0.4307885E+001  0.4223938E+001  0.2227410E+001  0.5671460E+001 -0.2320702E+001  0.0000000E+000
 141.000    21051999  0.4359380E+001  0.4222425E+001  0.2245737E+001  0.5764526E+001 -0.2351360E+001  0.0000000E+000
 142.000    22051999  0.4408333E+001  0.4219073E+001  0.2265937E+001  0.5860253E+001 -0.2387423E+001  0.0000000E+000
 143.000    23051999  0.4450641E+001  0.4213260E+001  0.2285950E+001  0.5952506E+001 -0.2427884E+001  0.0000000E+000
 144.000    24051999  0.4510588E+001  0.4206813E+001  0.2309422E+001  0.6056930E+001 -0.2464996E+001  0.0000000E+000
 145.000    25051999  0.4552559E+001  0.4203867E+001  0.2322264E+001  0.6133751E+001 -0.2491744E+001  0.0000000E+000
 146.000    26051999  0.4587964E+001  0.4201479E+001  0.2335090E+001  0.6204635E+001 -0.2519026E+001  0.0000000E+000
 147.000    27051999  0.3801975E+001  0.4199644E+001  0.2348088E+001  0.6306168E+001 -0.2547510E+001  0.0000000E+000
 148.000    28051999  0.3865844E+001  0.4200030E+001  0.2375886E+001  0.6414205E+001 -0.2579500E+001  0.0000000E+000
 149.000    29051999  0.3933635E+001  0.4200354E+001  0.2414298E+001  0.6532961E+001 -0.2617180E+001  0.0000000E+000
 150.000    30051999  0.3993568E+001  0.4200197E+001  0.2456855E+001  0.6647192E+001 -0.2658429E+001  0.0000000E+000
 151.000    31051999  0.4050350E+001  0.4199213E+001  0.2488585E+001  0.6755452E+001 -0.2698084E+001  0.0000000E+000
 152.000    01061999  0.4120662E+001  0.4198909E+001  0.2523214E+001  0.6876672E+001 -0.2736925E+001  0.0000000E+000
 153.000    02061999  0.4193964E+001  0.4198817E+001  0.2557663E+001  0.7006693E+001 -0.2780568E+001  0.0000000E+000
 154.000    03061999  0.4256433E+001  0.4197999E+001  0.2590235E+001  0.7128338E+001 -0.2826977E+001  0.0000000E+000
 155.000    04061999  0.4326457E+001  0.4198637E+001  0.2613360E+001  0.7250553E+001 -0.2866312E+001  0.0000000E+000
 156.000    05061999  0.4398007E+001  0.4201702E+001  0.2643131E+001  0.7375170E+001 -0.2904219E+001  0.0000000E+000
 157.000    06061999  0.4460986E+001  0.4205949E+001  0.2675521E+001  0.7493831E+001 -0.2943547E+001  0.0000000E+000
 158.000    07061999  0.4531318E+001  0.4208672E+001  0.2707453E+001  0.7628035E+001 -0.2990804E+001  0.0000000E+000
 159.000    08061999  0.4608684E+001  0.4209509E+001  0.2747662E+001  0.7773841E+001 -0.3043624E+001  0.0000000E+000
 160.000    09061999  0.4680494E+001  0.4209964E+001  0.2777878E+001  0.7912907E+001 -0.3095842E+001  0.0000000E+000
 161.000    10061999  0.4754413E+001  0.4211988E+001  0.2803971E+001  0.8053645E+001 -0.3146204E+001  0.0000000E+000
 162.000    11061999  0.4795125E+001  0.4216375E+001  0.2824701E+001  0.8146063E+001 -0.3182199E+001  0.0000000E+000
 163.000    12061999  0.4868516E+001  0.4222628E+001  0.2849357E+001  0.8275612E+001 -0.3220256E+001  0.0000000E+000
 164.000    13061999  0.4931184E+001  0.4228730E+001  0.2871895E+001  0.8398359E+001 -0.3261799E+001  0.0000000E+000
 165.000    14061999  0.4090844E+001  0.4233758E+001  0.2903533E+001  0.8525456E+001 -0.3309184E+001  0.0000000E+000
 166.000    15061999  0.4130468E+001  0.4237678E+001  0.2929064E+001  0.8619593E+001 -0.3346711E+001  0.0000000E+000
 167.000    16061999  0.4145054E+001  0.4243678E+001  0.2951131E+001  0.8683761E+001 -0.3379084E+001  0.0000000E+000
 168.000    17061999  0.4182127E+001  0.4247705E+001  0.2970230E+001  0.8768784E+001 -0.3410161E+001  0.0000000E+000
 169.000    18061999  0.4223426E+001  0.4252686E+001  0.2988827E+001  0.8857346E+001 -0.3440123E+001  0.0000000E+000
 170.000    19061999  0.4265572E+001  0.4259262E+001  0.3007879E+001  0.8947163E+001 -0.3468985E+001  0.0000000E+000
 171.000    20061999  0.4290699E+001  0.4266503E+001  0.3023513E+001  0.9016178E+001 -0.3494812E+001  0.0000000E+000
 172.000    21061999  0.4322924E+001  0.4272140E+001  0.3041415E+001  0.9095849E+001 -0.3524163E+001  0.0000000E+000
 173.000    22061999  0.4355278E+001  0.4276549E+001  0.3057670E+001  0.9175851E+001 -0.3554579E+001  0.0000000E+000
 174.000    23061999  0.2881777E+001  0.4284926E+001  0.3083587E+001  0.9282428E+001 -0.3586965E+001  0.0000000E+000
 175.000    24061999  0.2925366E+001  0.4292183E+001  0.3110005E+001  0.9379945E+001 -0.3620925E+001  0.0000000E+000
 176.000    25061999  0.2960198E+001  0.4297788E+001  0.3141493E+001  0.9472382E+001 -0.3660749E+001  0.0000000E+000
 177.000    26061999  0.2988939E+001  0.4301377E+001  0.3170176E+001  0.9560014E+001 -0.3704307E+001  0.0000000E+000
 178.000    27061999  0.3029933E+001  0.4300058E+001  0.3200105E+001  0.9662055E+001 -0.3751234E+001  0.0000000E+000
 179.000    28061999  0.3073068E+001  0.4297321E+001  0.3233030E+001  0.9767763E+001 -0.3800610E+001  0.0000000E+000
 180.000    29061999  0.3118561E+001  0.4293725E+001  0.3262709E+001  0.9876239E+001 -0.3851261E+001  0.0000000E+000
 181.000    30061999  0.3146147E+001  0.4294529E+001  0.3283885E+001  0.9960939E+001 -0.3895540E+001  0.0000000E+000
 182.000    01071999  0.3186856E+001  0.4294730E+001  0.3308106E+001  0.1005983E+002 -0.3940373E+001  0.0000000E+000
 183.000    02071999  0.3233683E+001  0.4294886E+001  0.3329014E+001  0.1016650E+002 -0.3985400E+001  0.0000000E+000
 184.000    03071999  0.3280630E+001  0.4295128E+001  0.3353312E+001  0.1027606E+002 -0.4032714E+001  0.0000000E+000
 185.000    04071999  0.3331036E+001  0.4295043E+001  0.3380104E+001  0.1039299E+002 -0.4083977E+001  0.0000000E+000
 186.000    05071999  0.3393249E+001  0.4295216E+001  0.3407917E+001  0.1052602E+002 -0.4139601E+001  0.0000000E+000
 187.000    06071999  0.3442206E+001  0.4297025E+001  0.3433479E+001  0.1064776E+002 -0.4195559E+001  0.0000000E+000
 188.000    07071999  0.3472393E+001  0.4300515E+001  0.3453006E+001  0.1074512E+002 -0.4244947E+001  0.0000000E+000
 189.000    08071999  0.3532233E+001  0.4304960E+001  0.3475553E+001  0.1087210E+002 -0.4292462E+001  0.0000000E+000
 190.000    09071999  0.3585055E+001  0.4309473E+001  0.3500222E+001  0.1099789E+002 -0.4346105E+001  0.0000000E+000
 191.000    10071999  0.3631901E+001  0.4312919E+001  0.3520770E+001  0.1111460E+002 -0.4396606E+001  0.0000000E+000
 192.000    11071999  0.3645312E+001  0.4321875E+001  0.3532167E+001  0.1118338E+002 -0.4431257E+001  0.0000000E+000
 193.000    12071999  0.3643914E+001  0.4332573E+001  0.3539122E+001  0.1122862E+002 -0.4456974E+001  0.0000000E+000
 194.000    13071999  0.3660717E+001  0.4342764E+001  0.3546915E+001  0.1129219E+002 -0.4484175E+001  0.0000000E+000
 195.000    14071999  0.3691325E+001  0.4347791E+001  0.3557521E+001  0.1137311E+002 -0.4516985E+001  0.0000000E+000
 196.000    15071999  0.3733218E+001  0.4349904E+001  0.3572274E+001  0.1147068E+002 -0.4555803E+001  0.0000000E+000
 197.000    16071999  0.3778732E+001  0.4354111E+001  0.3588109E+001  0.1157554E+002 -0.4598442E+001  0.0000000E+000
 198.000    17071999  0.3812568E+001  0.4353490E+001  0.3603807E+001  0.1167090E+002 -0.4643013E+001  0.0000000E+000
 199.000    18071999  0.3860902E+001  0.4356302E+001  0.3619035E+001  0.1178503E+002 -0.4693503E+001  0.0000000E+000
 200.000    19071999  0.3919841E+001  0.4359486E+001  0.3633843E+001  0.1191379E+002 -0.4746996E+001  0.0000000E+000
 201.000    20071999  0.3955261E+001  0.4362872E+001  0.3647794E+001  0.1202025E+002 -0.4801530E+001  0.0000000E+000
 202.000    21071999  0.4013099E+001  0.4364911E+001  0.3663392E+001  0.1214971E+002 -0.4856612E+001  0.0000000E+000
 203.000    22071999  0.4051921E+001  0.4360987E+001  0.3677982E+001  0.1226209E+002 -0.4913770E+001  0.0000000E+000
 204.000    23071999  0.4091419E+001  0.4359002E+001  0.3690683E+001  0.1237697E+002 -0.4975200E+001  0.0000000E+000
 205.000    24071999  0.4136586E+001  0.4360457E+001  0.3699144E+001  0.1249309E+002 -0.5031576E+001  0.0000000E+000
 206.000    25071999  0.4182073E+001  0.4363159E+001  0.3707730E+001  0.1260501E+002 -0.5081957E+001  0.0000000E+000
 207.000    26071999  0.4241964E+001  0.4365783E+001  0.3717505E+001  0.1273154E+002 -0.5131302E+001  0.0000000E+000
 208.000    27071999  0.4280543E+001  0.4372090E+001  0.3726923E+001  0.1283910E+002 -0.5181900E+001  0.0000000E+000
 209.000    28071999  0.4326629E+001  0.4375109E+001  0.3735789E+001  0.1295820E+002 -0.5237369E+001  0.0000000E+000
 210.000    29071999  0.4367976E+001  0.4376002E+001  0.3742827E+001  0.1306782E+002 -0.5287969E+001  0.0000000E+000
 211.000    30071999  0.4409042E+001  0.4374283E+001  0.3749731E+001  0.1318225E+002 -0.5345134E+001  0.0000000E+000
 212.000    31071999  0.4479388E+001  0.4371880E+001  0.3758343E+001  0.1333053E+002 -0.5407947E+001  0.0000000E+000
 213.000    01081999  0.4543733E+001  0.4369805E+001  0.3763560E+001  0.1347241E+002 -0.5469829E+001  0.0000000E+000
 214.000    02081999  0.4597248E+001  0.4372011E+001  0.3767345E+001  0.1359596E+002 -0.5521035E+001  0.0000000E+000
 215.000    03081999  0.4630183E+001  0.4382056E+001  0.3770401E+001  0.1369611E+002 -0.5567137E+001  0.0000000E+000
 216.000    04081999  0.4683886E+001  0.4392145E+001  0.3772848E+001  0.1381653E+002 -0.5612573E+001  0.0000000E+000
 217.000    05081999  0.4736654E+001  0.4401908E+001  0.3777627E+001  0.1394073E+002 -0.5662299E+001  0.0000000E+000
 218.000    06081999  0.4765332E+001  0.4409990E+001  0.3780969E+001  0.1404009E+002 -0.5712711E+001  0.0000000E+000
 219.000    07081999  0.4826230E+001  0.4417827E+001  0.3783738E+001  0.1417207E+002 -0.5763734E+001  0.0000000E+000
 220.000    08081999  0.4864571E+001  0.4420815E+001  0.3786172E+001  0.1428624E+002 -0.5822601E+001  0.0000000E+000
 221.000    09081999  0.4886802E+001  0.4424822E+001  0.3786521E+001  0.1436988E+002 -0.5867475E+001  0.0000000E+000
 222.000    10081999  0.4928207E+001  0.4430274E+001  0.3786806E+001  0.1447199E+002 -0.5910316E+001  0.0000000E+000
 223.000    11081999  0.4991025E+001  0.4433899E+001  0.3789100E+001  0.1460712E+002 -0.5966299E+001  0.0000000E+000
 224.000    12081999  0.5019724E+001  0.4436237E+001  0.3789786E+001  0.1470883E+002 -0.6023917E+001  0.0000000E+000
 225.000    13081999  0.5074101E+001  0.4432472E+001  0.3789397E+001  0.1483735E+002 -0.6085201E+001  0.0000000E+000
 226.000    14081999  0.5079892E+001  0.4429103E+001  0.3789098E+001  0.1490913E+002 -0.6139422E+001  0.0000000E+000
 227.000    15081999  0.5125104E+001  0.4429219E+001  0.3789172E+001  0.1501354E+002 -0.6186530E+001  0.0000000E+000
 228.000    16081999  0.5178849E+001  0.4429176E+001  0.3790310E+001  0.1512798E+002 -0.6235238E+001  0.0000000E+000
 229.000    17081999  0.5210772E+001  0.4423976E+001  0.3791317E+001  0.1522124E+002 -0.6285006E+001  0.0000000E+000
 230.000    18081999  0.5272446E+001  0.4421054E+001  0.3792005E+001  0.1534362E+002 -0.6335266E+001  0.0000000E+000
 231.000    19081999  0.5291207E+001  0.4420801E+001  0.3791804E+001  0.1542015E+002 -0.6381639E+001  0.0000000E+000
 232.000    20081999  0.5308116E+001  0.4419914E+001  0.3791343E+001  0.1548889E+002 -0.6422489E+001  0.0000000E+000
 233.000    21081999  0.5360062E+001  0.4416659E+001  0.3790086E+001  0.1559281E+002 -0.6463470E+001  0.0000000E+000
 234.000    22081999  0.5405160E+001  0.4419343E+001  0.3789235E+001  0.1568898E+002 -0.6501905E+001  0.0000000E+000
 235.000    23081999  0.5446769E+001  0.4420292E+001  0.3788874E+001  0.1578600E+002 -0.6543338E+001  0.0000000E+000
 236.000    24081999  0.5480963E+001  0.4420736E+001  0.3787365E+001  0.1587724E+002 -0.6588537E+001  0.0000000E+000
 237.000    25081999  0.5498298E+001  0.4417081E+001  0.3785624E+001  0.1595030E+002 -0.6634784E+001  0.0000000E+000
 238.000    26081999  0.5515861E+001  0.4411919E+001  0.3782619E+001  0.1602237E+002 -0.6682368E+001  0.0000000E+000
 239.000    27081999  0.5574891E+001  0.4407351E+001  0.3779046E+001  0.1613267E+002 -0.6725638E+001  0.0000000E+000
 240.000    28081999  0.5615217E+001  0.4403522E+001  0.3775415E+001  0.1622644E+002 -0.6770389E+001  0.0000000E+000
 241.000    29081999  0.5665667E+001  0.4398816E+001  0.3772431E+001  0.1632948E+002 -0.6814370E+001  0.0000000E+000
 242.000    30081999  0.5728995E+001  0.4401589E+001  0.3770376E+001  0.1643938E+002 -0.6848703E+001  0.0000000E+000
 243.000    31081999  0.5763774E+001  0.4408944E+001  0.3768055E+001  0.1652173E+002 -0.6880017E+001  0.0000000E+000
 244.000    01091999  0.5799065E+001  0.4415411E+001  0.3766605E+001  0.1660658E+002 -0.6913950E+001  0.0000000E+000
 245.000    02091999  0.5848235E+001  0.4420179E+001  0.3764166E+001  0.1671177E+002 -0.6956038E+001  0.0000000E+000
 246.000    03091999  0.5900682E+001  0.4418816E+001  0.3761242E+001  0.1682168E+002 -0.7000354E+001  0.0000000E+000
 247.000    04091999  0.5921138E+001  0.4419908E+001  0.3757325E+001  0.1689866E+002 -0.7045952E+001  0.0000000E+000
 248.000    05091999  0.5923030E+001  0.4417355E+001  0.3753748E+001  0.1694943E+002 -0.7086837E+001  0.0000000E+000
 249.000    06091999  0.5936082E+001  0.4411715E+001  0.3749143E+001  0.1701087E+002 -0.7129674E+001  0.0000000E+000
 250.000    07091999  0.5979671E+001  0.4405055E+001  0.3743006E+001  0.1710517E+002 -0.7174914E+001  0.0000000E+000
 251.000    08091999  0.6025478E+001  0.4397432E+001  0.3737281E+001  0.1720332E+002 -0.7222486E+001  0.0000000E+000
 252.000    09091999  0.6070484E+001  0.4392441E+001  0.3731247E+001  0.1729866E+002 -0.7267377E+001  0.0000000E+000
 253.000    10091999  0.6123887E+001  0.4389186E+001  0.3726757E+001  0.1739631E+002 -0.7303328E+001  0.0000000E+000
 254.000    11091999  0.6162479E+001  0.4393992E+001  0.3723045E+001  0.1747639E+002 -0.7332371E+001  0.0000000E+000
 255.000    12091999  0.6208374E+001  0.4399826E+001  0.3720041E+001  0.1756531E+002 -0.7361246E+001  0.0000000E+000
 256.000    13091999  0.6254810E+001  0.4407605E+001  0.3717617E+001  0.1765742E+002 -0.7391401E+001  0.0000000E+000
 257.000    14091999  0.6267092E+001  0.4412000E+001  0.3715712E+001  0.1772010E+002 -0.7428332E+001  0.0000000E+000
 258.000    15091999  0.6261112E+001  0.4408828E+001  0.3712947E+001  0.1775976E+002 -0.7466382E+001  0.0000000E+000
 259.000    16091999  0.6304190E+001  0.4407163E+001  0.3710482E+001  0.1784059E+002 -0.7496532E+001  0.0000000E+000
 260.000    17091999  0.6331675E+001  0.4410533E+001  0.3708802E+001  0.1790379E+002 -0.7521521E+001  0.0000000E+000
 261.000    18091999  0.6375331E+001  0.4414241E+001  0.3706946E+001  0.1798414E+002 -0.7546145E+001  0.0000000E+000
 262.000    19091999  0.6418028E+001  0.4420380E+001  0.3705039E+001  0.1806658E+002 -0.7572860E+001  0.0000000E+000
 263.000    20091999  0.6441202E+001  0.4424800E+001  0.3702991E+001  0.1813403E+002 -0.7604472E+001  0.0000000E+000
 264.000    21091999  0.6479164E+001  0.4424871E+001  0.3700242E+001  0.1821668E+002 -0.7639188E+001  0.0000000E+000
 265.000    22091999  0.6516778E+001  0.4431932E+001  0.3698170E+001  0.1828898E+002 -0.7659715E+001  0.0000000E+000
 266.000    23091999  0.6536064E+001  0.4440765E+001  0.3695495E+001  0.1834401E+002 -0.7679420E+001  0.0000000E+000
 267.000    24091999  0.6571685E+001  0.4448706E+001  0.3692519E+001  0.1841965E+002 -0.7703702E+001  0.0000000E+000
 268.000    25091999  0.6608198E+001  0.4454759E+001  0.3689087E+001  0.1850215E+002 -0.7734750E+001  0.0000000E+000
 269.000    26091999  0.6642248E+001  0.4455756E+001  0.3683926E+001  0.1859022E+002 -0.7775253E+001  0.0000000E+000
 270.000    27091999  0.6651069E+001  0.4450629E+001  0.3676972E+001  0.1865382E+002 -0.7821151E+001  0.0000000E+000
 271.000    28091999  0.6646274E+001  0.4442923E+001  0.3669715E+001  0.1869807E+002 -0.7865304E+001  0.0000000E+000
 272.000    29091999  0.6664542E+001  0.4433858E+001  0.3661337E+001  0.1876170E+002 -0.7907502E+001  0.0000000E+000
 273.000    30091999  0.6698826E+001  0.4430695E+001  0.3656413E+001  0.1882622E+002 -0.7931754E+001  0.0000000E+000
 274.000    01101999  0.6734061E+001  0.4433248E+001  0.3652247E+001  0.1889186E+002 -0.7951587E+001  0.0000000E+000
 275.000    02101999  0.6772764E+001  0.4437803E+001  0.3647563E+001  0.1896625E+002 -0.7975173E+001  0.0000000E+000
 276.000    03101999  0.6803301E+001  0.4440041E+001  0.3640687E+001  0.1904163E+002 -0.8008119E+001  0.0000000E+000
 277.000    04101999  0.6822520E+001  0.4439509E+001  0.3633045E+001  0.1910540E+002 -0.8040852E+001  0.0000000E+000
 278.000    05101999  0.6854611E+001  0.4441823E+001  0.3627374E+001  0.1917519E+002 -0.8066622E+001  0.0000000E+000
 279.000    06101999  0.6885474E+001  0.4448495E+001  0.3623233E+001  0.1923951E+002 -0.8085409E+001  0.0000000E+000
 280.000    07101999  0.6915554E+001  0.4455717E+001  0.3618583E+001  0.1930684E+002 -0.8106738E+001  0.0000000E+000
 281.000    08101999  0.6925733E+001  0.4461436E+001  0.3613778E+001  0.1935421E+002 -0.8128760E+001  0.0000000E+000
 282.000    09101999  0.6954676E+001  0.4465088E+001  0.3607316E+001  0.1942760E+002 -0.8158252E+001  0.0000000E+000
 283.000    10101999  0.6962436E+001  0.4463593E+001  0.3597559E+001  0.1948533E+002 -0.8195714E+001  0.0000000E+000
 284.000    11101999  0.6979627E+001  0.4458249E+001  0.3586463E+001  0.1955087E+002 -0.8234212E+001  0.0000000E+000
 285.000    12101999  0.6996466E+001  0.4455540E+001  0.3578545E+001  0.1960534E+002 -0.8262569E+001  0.0000000E+000
 286.000    13101999  0.7007349E+001  0.4454018E+001  0.3570892E+001  0.1965154E+002 -0.8287717E+001  0.0000000E+000
 287.000    14101999  0.7039131E+001  0.4452971E+001  0.3563922E+001  0.1971607E+002 -0.8311039E+001  0.0000000E+000
 288.000    15101999  0.7062148E+001  0.4457302E+001  0.3557779E+001  0.1976927E+002 -0.8328399E+001  0.0000000E+000
 289.000    16101999  0.7091911E+001  0.4459053E+001  0.3548571E+001  0.1984303E+002 -0.8357265E+001  0.0000000E+000
 290.000    17101999  0.7079115E+001  0.4455966E+001  0.3537514E+001  0.1987590E+002 -0.8391137E+001  0.0000000E+000
 291.000    18101999  0.7094221E+001  0.4453591E+001  0.3529653E+001  0.1992417E+002 -0.8415358E+001  0.0000000E+000
 292.000    19101999  0.7114679E+001  0.4455372E+001  0.3523624E+001  0.1997384E+002 -0.8432951E+001  0.0000000E+000
 293.000    20101999  0.7125254E+001  0.4456036E+001  0.3516873E+001  0.2001546E+002 -0.8452571E+001  0.0000000E+000
 294.000    21101999  0.7152167E+001  0.4459855E+001  0.3511121E+001  0.2007354E+002 -0.8468841E+001  0.0000000E+000
 295.000    22101999  0.7104841E+001  0.4465110E+001  0.3502299E+001  0.2012530E+002 -0.8484860E+001  0.0000000E+000
 296.000    23101999  0.7047931E+001  0.4470568E+001  0.3495344E+001  0.2015936E+002 -0.8497256E+001  0.0000000E+000
 297.000    24101999  0.7006175E+001  0.4476718E+001  0.3487641E+001  0.2020378E+002 -0.8507967E+001  0.0000000E+000
 298.000    25101999  0.6963992E+001  0.4483451E+001  0.3479324E+001  0.2024499E+002 -0.8518541E+001  0.0000000E+000
 299.000    26101999  0.6924651E+001  0.4490287E+001  0.3473451E+001  0.2028951E+002 -0.8532588E+001  0.0000000E+000
 300.000    27101999  0.6889738E+001  0.4496574E+001  0.3468215E+001  0.2033681E+002 -0.8549556E+001  0.0000000E+000
 301.000    28101999  0.6856561E+001  0.4503200E+001  0.3460990E+001  0.2038038E+002 -0.8564074E+001  0.0000000E+000
 302.000    29101999  0.6832340E+001  0.4508950E+001  0.3454101E+001  0.2043243E+002 -0.8580550E+001  0.0000000E+000
 303.000    30101999  0.6812167E+001  0.4514016E+001  0.3447364E+001  0.2049129E+002 -0.8601537E+001  0.0000000E+000
 304.000    31101999  0.6797016E+001  0.4516663E+001  0.3439032E+001  0.2055877E+002 -0.8629262E+001  0.0000000E+000
 305.000    01111999  0.6754342E+001  0.4517541E+001  0.3429602E+001  0.2059611E+002 -0.8657560E+001  0.0000000E+000
 306.000    02111999  0.6735722E+001  0.4515218E+001  0.3418890E+001  0.2065502E+002 -0.8688638E+001  0.0000000E+000
 307.000    03111999  0.6719356E+001  0.4520052E+001  0.3411388E+001  0.2069598E+002 -0.8700234E+001  0.0000000E+000
 308.000    04111999  0.6698923E+001  0.4525998E+001  0.3400073E+001  0.2073174E+002 -0.8709342E+001  0.0000000E+000
 309.000    05111999  0.6685529E+001  0.4531495E+001  0.3393135E+001  0.2077716E+002 -0.8722361E+001  0.0000000E+000
 310.000    06111999  0.6675541E+001  0.4536057E+001  0.3387542E+001  0.2083150E+002 -0.8743452E+001  0.0000000E+000
 311.000    07111999  0.6660341E+001  0.4538933E+001  0.3381661E+001  0.2087651E+002 -0.8763416E+001  0.0000000E+000
 312.000    08111999  0.6643901E+001  0.4544064E+001  0.3375355E+001  0.2091781E+002 -0.8777875E+001  0.0000000E+000
 313.000    09111999  0.6545296E+001  0.4547866E+001  0.3367976E+001  0.2097643E+002 -0.8801723E+001  0.0000000E+000
 314.000    10111999  0.6451953E+001  0.4547550E+001  0.3358107E+001  0.2103771E+002 -0.8831050E+001  0.0000000E+000
 315.000    11111999  0.6364016E+001  0.4548343E+001  0.3348283E+001  0.2109603E+002 -0.8858663E+001  0.0000000E+000
 316.000    12111999  0.6284408E+001  0.4551890E+001  0.3342744E+001  0.2114611E+002 -0.8877033E+001  0.0000000E+000
 317.000    13111999  0.6212033E+001  0.4557096E+001  0.3335320E+001  0.2120328E+002 -0.8897194E+001  0.0000000E+000
 318.000    14111999  0.6140593E+001  0.4558686E+001  0.3324118E+001  0.2126393E+002 -0.8924336E+001  0.0000000E+000
 319.000    15111999  0.6073034E+001  0.4564041E+001  0.3317779E+001  0.2130971E+002 -0.8940572E+001  0.0000000E+000
 320.000    16111999  0.6003249E+001  0.4571144E+001  0.3311371E+001  0.2134456E+002 -0.8951918E+001  0.0000000E+000
 321.000    17111999  0.5930651E+001  0.4577742E+001  0.3300089E+001  0.2137015E+002 -0.8960765E+001  0.0000000E+000
 322.000    18111999  0.5867929E+001  0.4583807E+001  0.3290183E+001  0.2140163E+002 -0.8969701E+001  0.0000000E+000
 323.000    19111999  0.5811015E+001  0.4589006E+001  0.3281430E+001  0.2144294E+002 -0.8984969E+001  0.0000000E+000
 324.000    20111999  0.5770613E+001  0.4591531E+001  0.3273283E+001  0.2150276E+002 -0.9008152E+001  0.0000000E+000
 325.000    21111999  0.5728370E+001  0.4592574E+001  0.3263126E+001  0.2156117E+002 -0.9034105E+001  0.0000000E+000
 326.000    22111999  0.5688592E+001  0.4590252E+001  0.3249091E+001  0.2162765E+002 -0.9068219E+001  0.0000000E+000
 327.000    23111999  0.5651996E+001  0.4588764E+001  0.3236316E+001  0.2168985E+002 -0.9098612E+001  0.0000000E+000
 328.000    24111999  0.5613938E+001  0.4587298E+001  0.3224384E+001  0.2174798E+002 -0.9128642E+001  0.0000000E+000
 329.000    25111999  0.5572685E+001  0.4585463E+001  0.3210312E+001  0.2180404E+002 -0.9160214E+001  0.0000000E+000
 330.000    26111999  0.5503447E+001  0.4580279E+001  0.3193920E+001  0.2183280E+002 -0.9192560E+001  0.0000000E+000
 331.000    27111999  0.5412753E+001  0.4579980E+001  0.3185746E+001  0.2187300E+002 -0.9209643E+001  0.0000000E+000
 332.000    28111999  0.5324621E+001  0.4582044E+001  0.3178250E+001  0.2190826E+002 -0.9223516E+001  0.0000000E+000
 333.000    29111999  0.5247584E+001  0.4585323E+001  0.3172135E+001  0.2194669E+002 -0.9235432E+001  0.0000000E+000
 334.000    30111999  0.5168607E+001  0.4589166E+001  0.3163823E+001  0.2197242E+002 -0.9243126E+001  0.0000000E+000
 335.000    01121999  0.5097384E+001  0.4592636E+001  0.3153620E+001  0.2199132E+002 -0.9248749E+001  0.0000000E+000
 336.000    02121999  0.5038455E+001  0.4595737E+001  0.3147182E+001  0.2201992E+002 -0.9255770E+001  0.0000000E+000
 337.000    03121999  0.4981222E+001  0.4598730E+001  0.3140721E+001  0.2205093E+002 -0.9265906E+001  0.0000000E+000
 338.000    04121999  0.4935456E+001  0.4600591E+001  0.3133672E+001  0.2209649E+002 -0.9283626E+001  0.0000000E+000
 339.000    05121999  0.4889374E+001  0.4600902E+001  0.3123577E+001  0.2214480E+002 -0.9305395E+001  0.0000000E+000
 340.000    06121999  0.4844009E+001  0.4598174E+001  0.3111295E+001  0.2219323E+002 -0.9330658E+001  0.0000000E+000
 341.000    07121999  0.4805403E+001  0.4601289E+001  0.3100565E+001  0.2222641E+002 -0.9339934E+001  0.0000000E+000
 342.000    08121999  0.4770319E+001  0.4604668E+001  0.3090036E+001  0.2226234E+002 -0.9348584E+001  0.0000000E+000
 343.000    09121999  0.4735719E+001  0.4608413E+001  0.3083334E+001  0.2230280E+002 -0.9361449E+001  0.0000000E+000
 344.000    10121999  0.4706635E+001  0.4609724E+001  0.3073185E+001  0.2235606E+002 -0.9383722E+001  0.0000000E+000
 345.000    11121999  0.4678703E+001  0.4613259E+001  0.3064044E+001  0.2239257E+002 -0.9394818E+001  0.0000000E+000
 346.000    12121999  0.4639140E+001  0.4616939E+001  0.3056765E+001  0.2241597E+002 -0.9404232E+001  0.0000000E+000
 347.000    13121999  0.4601427E+001  0.4618122E+001  0.3047284E+001  0.2245454E+002 -0.9426373E+001  0.0000000E+000
 348.000    14121999  0.4570548E+001  0.4613499E+001  0.3034812E+001  0.2250226E+002 -0.9454345E+001  0.0000000E+000
 349.000    15121999  0.4516664E+001  0.4614913E+001  0.3026772E+001  0.2254177E+002 -0.9468675E+001  0.0000000E+000
 350.000    16121999  0.4465499E+001  0.4617781E+001  0.3019182E+001  0.2257607E+002 -0.9479434E+001  0.0000000E+000
 351.000    17121999  0.4411926E+001  0.4620556E+001  0.3009166E+001  0.2260406E+002 -0.9487891E+001  0.0000000E+000
 352.000    18121999  0.4365131E+001  0.4623743E+001  0.3002287E+001  0.2263552E+002 -0.9497495E+001  0.0000000E+000
 353.000    19121999  0.4329082E+001  0.4627034E+001  0.2997507E+001  0.2266595E+002 -0.9509238E+001  0.0000000E+000
 354.000    20121999  0.4289220E+001  0.4629593E+001  0.2992971E+001  0.2269064E+002 -0.9522634E+001  0.0000000E+000
 355.000    21121999  0.4255616E+001  0.4631058E+001  0.2987156E+001  0.2272078E+002 -0.9537422E+001  0.0000000E+000
 356.000    22121999  0.4221685E+001  0.4632941E+001  0.2979002E+001  0.2274109E+002 -0.9546877E+001  0.0000000E+000
 357.000    23121999  0.4188821E+001  0.4634073E+001  0.2970933E+001  0.2275849E+002 -0.9553169E+001  0.0000000E+000
 358.000    24121999  0.4156006E+001  0.4634611E+001  0.2966679E+001  0.2277181E+002 -0.9558510E+001  0.0000000E+000
 359.000    25121999  0.4119499E+001  0.4633838E+001  0.2961866E+001  0.2277736E+002 -0.9563037E+001  0.0000000E+000
 360.000    26121999  0.4096937E+001  0.4632173E+001  0.2958292E+001  0.2279659E+002 -0.9569403E+001  0.0000000E+000
 361.000    27121999  0.4076094E+001  0.4631284E+001  0.2953836E+001  0.2281677E+002 -0.9575702E+001  0.0000000E+000
 362.000    28121999  0.4054830E+001  0.4630501E+001  0.2950122E+001  0.2283407E+002 -0.9581567E+001  0.0000000E+000
 363.000    29121999  0.4036545E+001  0.4629538E+001  0.2945012E+001  0.2285454E+002 -0.9588009E+001  0.0000000E+000
 364.000    30121999  0.4020243E+001  0.4628720E+001  0.2941095E+001  0.2288089E+002 -0.9597324E+001  0.0000000E+000
 365.000    31121999  0.4008526E+001  0.4627677E+001  0.2936110E+001  0.2291326E+002 -0.9608211E+001  0.0000000E+000
