    DOY     DATE    RESIDUE_C       HUMUS_C         ATM_CO2         NBP             ECO_LAI         ECO_GPP         ECO_RA          ECO_NPP         ECO_RH          
  30.000    30011961  0.5385686E+003  0.7601325E+004  0.3406120E+003 -0.2785088E+001  0.1281403E+002  0.3868604E+002 -0.3300106E+002  0.5684979E+001 -0.3487314E+001
  60.000    01031961  0.5463670E+003  0.7601814E+004  0.3406120E+003  0.3037967E+002  0.1244676E+002  0.1277457E+003 -0.8270684E+002  0.4503884E+002 -0.7623411E+001
  90.000    31031961  0.5475009E+003  0.7601955E+004  0.3406120E+003  0.1055285E+003  0.1214345E+002  0.2839196E+003 -0.1565482E+003  0.1273714E+003 -0.1551356E+002
 120.000    30041961  0.5412649E+003  0.7601523E+004  0.3406120E+003  0.2051126E+003  0.1203275E+002  0.4897486E+003 -0.2514717E+003  0.2382770E+003 -0.2746769E+002
 150.000    30051961  0.5303089E+003  0.7598136E+004  0.3406120E+003  0.3259434E+003  0.1300518E+002  0.7840750E+003 -0.4050219E+003  0.3790531E+003 -0.4875514E+002
 180.000    29061961  0.5173738E+003  0.7591036E+004  0.3406120E+003  0.4436678E+003  0.1468240E+002  0.1117094E+004 -0.5872887E+003  0.5298049E+003 -0.7727155E+002
 210.000    29071961  0.5071082E+003  0.7580507E+004  0.3406120E+003  0.5395471E+003  0.1604172E+002  0.1444633E+004 -0.7946613E+003  0.6499717E+003 -0.1086563E+003
 240.000    28081961  0.5015284E+003  0.7568406E+004  0.3406120E+003  0.6190700E+003  0.1600076E+002  0.1750403E+004 -0.9946613E+003  0.7557419E+003 -0.1395858E+003
 270.000    27091961  0.4959202E+003  0.7559319E+004  0.3406120E+003  0.6921223E+003  0.1573683E+002  0.2011250E+004 -0.1154601E+004  0.8566491E+003 -0.1636308E+003
 300.000    27101961  0.4911224E+003  0.7553711E+004  0.3406120E+003  0.7482039E+003  0.1503360E+002  0.2202611E+004 -0.1269274E+004  0.9333371E+003 -0.1812915E+003
 330.000    26111961  0.5065396E+003  0.7551517E+004  0.3406120E+003  0.7859976E+003  0.1431859E+002  0.2332685E+004 -0.1352788E+004  0.9798965E+003 -0.1925001E+003
 360.000    26121961  0.5345015E+003  0.7550629E+004  0.3406120E+003  0.7879892E+003  0.1373519E+002  0.2426275E+004 -0.1418061E+004  0.1008214E+004 -0.2007387E+003
