    DOY     DATE    RESIDUE_C       HUMUS_C         ATM_CO2         NBP             ECO_LAI         ECO_GPP         ECO_RA          ECO_NPP         ECO_RH          
   1.000    01011988  0.3014063E+004  0.7285336E+004  0.3406120E+003  0.8382464E+000  0.6815175E+001  0.2488808E+001 -0.7061643E+000  0.1782644E+001 -0.4805049E+000
   2.000    02011988  0.3013808E+004  0.7285659E+004  0.3406120E+003  0.7171112E+000  0.6812287E+001  0.3543126E+001 -0.1264011E+001  0.2279115E+001 -0.9478048E+000
   3.000    03011988  0.3013432E+004  0.7285979E+004  0.3406120E+003 -0.3191221E-001  0.6800823E+001  0.3729089E+001 -0.1634535E+001  0.2094554E+001 -0.1403474E+001
   4.000    04011988  0.3013098E+004  0.7286297E+004  0.3406120E+003 -0.2918507E+000  0.6793604E+001  0.4372982E+001 -0.2047345E+001  0.2325637E+001 -0.1852077E+001
   5.000    05011988  0.3012748E+004  0.7286613E+004  0.3406120E+003 -0.9223002E+000  0.6785231E+001  0.4557271E+001 -0.2422432E+001  0.2134839E+001 -0.2291219E+001
   6.000    06011988  0.3012345E+004  0.7286926E+004  0.3406120E+003 -0.1546408E+001  0.6777212E+001  0.4655458E+001 -0.2745005E+001  0.1910453E+001 -0.2720739E+001
   7.000    07011988  0.3011923E+004  0.7287237E+004  0.3406120E+003 -0.2202555E+001  0.6769917E+001  0.4667552E+001 -0.3045127E+001  0.1622425E+001 -0.3141556E+001
   8.000    08011988  0.3011525E+004  0.7287546E+004  0.3406120E+003 -0.2803039E+001  0.6762297E+001  0.4733584E+001 -0.3354927E+001  0.1378656E+001 -0.3556307E+001
   9.000    09011988  0.3011147E+004  0.7287853E+004  0.3406120E+003 -0.3327368E+001  0.6754467E+001  0.4875277E+001 -0.3674096E+001  0.1201181E+001 -0.3965725E+001
  10.000    10011988  0.3010783E+004  0.7288158E+004  0.3406120E+003 -0.3786192E+001  0.6746591E+001  0.5075735E+001 -0.3998071E+001  0.1077664E+001 -0.4370613E+001
  11.000    11011988  0.3010403E+004  0.7288461E+004  0.3406120E+003 -0.4283693E+001  0.6739330E+001  0.5214401E+001 -0.4305530E+001  0.9088718E+000 -0.4771793E+001
  12.000    12011988  0.3010051E+004  0.7288762E+004  0.3406120E+003 -0.4630183E+001  0.6732039E+001  0.5519397E+001 -0.4631798E+001  0.8875993E+000 -0.5169568E+001
  13.000    13011988  0.3009727E+004  0.7289062E+004  0.3406120E+003 -0.4809178E+001  0.6724384E+001  0.6052631E+001 -0.5003164E+001  0.1049467E+001 -0.5593397E+001
  14.000    14011988  0.3009295E+004  0.7289357E+004  0.3406120E+003 -0.5426015E+001  0.6716246E+001  0.6178237E+001 -0.5341998E+001  0.8362387E+000 -0.6087933E+001
  15.000    15011988  0.3008805E+004  0.7289652E+004  0.3406120E+003 -0.6072784E+001  0.6708647E+001  0.6265234E+001 -0.5650858E+001  0.6143754E+000 -0.6600030E+001
  16.000    16011988  0.3008303E+004  0.7289945E+004  0.3406120E+003 -0.6624726E+001  0.6701764E+001  0.6455028E+001 -0.5958766E+001  0.4962624E+000 -0.7118155E+001
  17.000    17011988  0.3007839E+004  0.7290237E+004  0.3406120E+003 -0.6798126E+001  0.6695000E+001  0.7091782E+001 -0.6319069E+001  0.7727125E+000 -0.7656130E+001
  18.000    18011988  0.3007510E+004  0.7290527E+004  0.3406120E+003 -0.6258742E+001  0.6690108E+001  0.8635209E+001 -0.6849230E+001  0.1785979E+001 -0.8237592E+001
  19.000    19011988  0.3007077E+004  0.7290816E+004  0.3406120E+003 -0.5922375E+001  0.6686045E+001  0.9941591E+001 -0.7328244E+001  0.2613347E+001 -0.8849664E+001
  20.000    20011988  0.3007241E+004  0.7291105E+004  0.3406120E+003 -0.4227570E+001  0.6686131E+001  0.1315954E+002 -0.8389354E+001  0.4770185E+001 -0.9466733E+001
  21.000    21011988  0.3007483E+004  0.7291394E+004  0.3406120E+003 -0.2847450E+001  0.6686918E+001  0.1614669E+002 -0.9507001E+001  0.6639693E+001 -0.1008680E+002
  22.000    22011988  0.3007078E+004  0.7291681E+004  0.3406120E+003 -0.2817039E+001  0.6683486E+001  0.1725027E+002 -0.1003665E+002  0.7213618E+001 -0.1071713E+002
  23.000    23011988  0.3006600E+004  0.7291967E+004  0.3406120E+003 -0.2732844E+001  0.6678171E+001  0.1839284E+002 -0.1050196E+002  0.7890878E+001 -0.1136089E+002
  24.000    24011988  0.3006210E+004  0.7292253E+004  0.3406120E+003 -0.2632405E+001  0.6672840E+001  0.1964614E+002 -0.1106018E+002  0.8585964E+001 -0.1201057E+002
  25.000    25011988  0.3005729E+004  0.7292539E+004  0.3406120E+003 -0.2490640E+001  0.6668017E+001  0.2081918E+002 -0.1153884E+002  0.9280339E+001 -0.1265702E+002
  26.000    26011988  0.3005211E+004  0.7292825E+004  0.3406120E+003 -0.3009938E+001  0.6660695E+001  0.2126537E+002 -0.1195758E+002  0.9307790E+001 -0.1330113E+002
  27.000    27011988  0.3004652E+004  0.7293111E+004  0.3406120E+003 -0.3731262E+001  0.6653100E+001  0.2145529E+002 -0.1229876E+002  0.9156531E+001 -0.1390705E+002
  28.000    28011988  0.3004145E+004  0.7293398E+004  0.3406120E+003 -0.4185634E+001  0.6646267E+001  0.2189280E+002 -0.1265818E+002  0.9234628E+001 -0.1447745E+002
  29.000    29011988  0.3003736E+004  0.7293684E+004  0.3406120E+003 -0.4193944E+001  0.6640576E+001  0.2286593E+002 -0.1312003E+002  0.9745895E+001 -0.1505009E+002
  30.000    30011988  0.3003815E+004  0.7293968E+004  0.3406120E+003 -0.3819505E+001  0.6632703E+001  0.2445915E+002 -0.1381387E+002  0.1064528E+002 -0.1564476E+002
  31.000    31011988  0.3004030E+004  0.7294252E+004  0.3406120E+003 -0.2232376E+001  0.6633458E+001  0.2766469E+002 -0.1493031E+002  0.1273438E+002 -0.1624646E+002
  32.000    01021988  0.3004589E+004  0.7294536E+004  0.3406120E+003 -0.7224839E+000  0.6636251E+001  0.3108952E+002 -0.1636096E+002  0.1472856E+002 -0.1686493E+002
  33.000    02021988  0.3004887E+004  0.7294797E+004  0.3406120E+003  0.4889563E+000  0.6639023E+001  0.3516603E+002 -0.1814939E+002  0.1701664E+002 -0.1813623E+002
  34.000    03021988  0.3004310E+004  0.7295046E+004  0.3406120E+003 -0.8492436E-002  0.6639124E+001  0.3728214E+002 -0.1943280E+002  0.1784933E+002 -0.1968388E+002
  35.000    04021988  0.3003738E+004  0.7295319E+004  0.3406120E+003  0.6825888E+000  0.6636705E+001  0.3982113E+002 -0.2030974E+002  0.1951139E+002 -0.2079797E+002
  36.000    05021988  0.3003076E+004  0.7295600E+004  0.3406120E+003 -0.1256474E+000  0.6628714E+001  0.4048793E+002 -0.2088710E+002  0.1960083E+002 -0.2169566E+002
  37.000    06021988  0.3002635E+004  0.7295896E+004  0.3406120E+003 -0.7601507E+000  0.6616272E+001  0.4063380E+002 -0.2125670E+002  0.1937711E+002 -0.2220566E+002
  38.000    07021988  0.3002267E+004  0.7296194E+004  0.3406120E+003 -0.3543819E+001  0.6608109E+001  0.4078110E+002 -0.2157494E+002  0.1920617E+002 -0.2259122E+002
  39.000    08021988  0.3002049E+004  0.7296490E+004  0.3406120E+003 -0.3352545E+001  0.6601663E+001  0.4164386E+002 -0.2195943E+002  0.1968443E+002 -0.2291365E+002
  40.000    09021988  0.3001919E+004  0.7296782E+004  0.3406120E+003 -0.2731220E+001  0.6595173E+001  0.4265999E+002 -0.2237439E+002  0.2028560E+002 -0.2319357E+002
  41.000    10021988  0.3001875E+004  0.7297069E+004  0.3406120E+003 -0.1917972E+001  0.6590154E+001  0.4392492E+002 -0.2287365E+002  0.2105128E+002 -0.2348282E+002
  42.000    11021988  0.3001784E+004  0.7297355E+004  0.3406120E+003 -0.9408976E+000  0.6585044E+001  0.4531310E+002 -0.2333468E+002  0.2197842E+002 -0.2377521E+002
  43.000    12021988  0.3001685E+004  0.7297638E+004  0.3406120E+003  0.7261345E-001  0.6580623E+001  0.4675325E+002 -0.2380266E+002  0.2295059E+002 -0.2407358E+002
  44.000    13021988  0.3001484E+004  0.7297919E+004  0.3406120E+003 -0.1264647E-001  0.6571959E+001  0.4698871E+002 -0.2414263E+002  0.2284609E+002 -0.2437353E+002
  45.000    14021988  0.3001377E+004  0.7298201E+004  0.3406120E+003  0.3238541E+000  0.6566288E+001  0.4780455E+002 -0.2453627E+002  0.2326828E+002 -0.2462335E+002
  46.000    15021988  0.3001399E+004  0.7298477E+004  0.3406120E+003  0.1674721E+001  0.6562690E+001  0.4965531E+002 -0.2506696E+002  0.2458834E+002 -0.2488492E+002
  47.000    16021988  0.3001472E+004  0.7298752E+004  0.3406120E+003  0.2876516E+001  0.6562979E+001  0.5144636E+002 -0.2570367E+002  0.2574269E+002 -0.2516384E+002
  48.000    17021988  0.3001554E+004  0.7299025E+004  0.3406120E+003  0.4126247E+001  0.6557787E+001  0.5327588E+002 -0.2631464E+002  0.2696124E+002 -0.2544602E+002
  49.000    18021988  0.3001766E+004  0.7299297E+004  0.3406120E+003  0.5618502E+001  0.6556279E+001  0.5550008E+002 -0.2706742E+002  0.2843267E+002 -0.2572706E+002
  50.000    19021988  0.3001872E+004  0.7299568E+004  0.3406120E+003  0.6985793E+001  0.6556966E+001  0.5752484E+002 -0.2773785E+002  0.2978699E+002 -0.2600629E+002
  51.000    20021988  0.3002315E+004  0.7299837E+004  0.3406120E+003  0.9201148E+001  0.6559409E+001  0.6074084E+002 -0.2874737E+002  0.3199347E+002 -0.2628400E+002
  52.000    21021988  0.3002354E+004  0.7300105E+004  0.3406120E+003  0.9879199E+001  0.6558220E+001  0.6199694E+002 -0.2933252E+002  0.3266441E+002 -0.2655990E+002
  53.000    22021988  0.3002396E+004  0.7300372E+004  0.3406120E+003  0.1071236E+002  0.6551483E+001  0.6337479E+002 -0.2987560E+002  0.3349918E+002 -0.2683564E+002
  54.000    23021988  0.3002769E+004  0.7300637E+004  0.3406120E+003  0.1215252E+002  0.6551741E+001  0.6571486E+002 -0.3077597E+002  0.3493888E+002 -0.2710946E+002
  55.000    24021988  0.3003051E+004  0.7300902E+004  0.3406120E+003  0.1357432E+002  0.6553783E+001  0.6795629E+002 -0.3159631E+002  0.3635997E+002 -0.2738604E+002
  56.000    25021988  0.3002933E+004  0.7301165E+004  0.3406120E+003  0.1401293E+002  0.6546611E+001  0.6877609E+002 -0.3197170E+002  0.3680439E+002 -0.2766663E+002
  57.000    26021988  0.3002833E+004  0.7301427E+004  0.3406120E+003  0.1443225E+002  0.6540927E+001  0.6959483E+002 -0.3236166E+002  0.3723317E+002 -0.2794868E+002
  58.000    27021988  0.3003079E+004  0.7301688E+004  0.3406120E+003  0.1560299E+002  0.6538042E+001  0.7150648E+002 -0.3309458E+002  0.3841191E+002 -0.2822865E+002
  59.000    28021988  0.3003121E+004  0.7301948E+004  0.3406120E+003  0.1612452E+002  0.6535231E+001  0.7259052E+002 -0.3365044E+002  0.3894008E+002 -0.2850786E+002
  60.000    29021988  0.3003562E+004  0.7302207E+004  0.3406120E+003  0.1732785E+002  0.6528671E+001  0.7445179E+002 -0.3429857E+002  0.4015322E+002 -0.2878658E+002
  61.000    01031988  0.3003728E+004  0.7302465E+004  0.3406120E+003  0.1870366E+002  0.6527461E+001  0.7651219E+002 -0.3497524E+002  0.4153694E+002 -0.2906405E+002
  62.000    02031988  0.3004072E+004  0.7302722E+004  0.3406120E+003  0.2025610E+002  0.6525457E+001  0.7890928E+002 -0.3580988E+002  0.4309940E+002 -0.2934135E+002
  63.000    03031988  0.3004523E+004  0.7302978E+004  0.3406120E+003  0.2241117E+002  0.6528024E+001  0.8206399E+002 -0.3678865E+002  0.4527534E+002 -0.2961714E+002
  64.000    04031988  0.3005591E+004  0.7303234E+004  0.3406120E+003  0.2470855E+002  0.6532518E+001  0.8599308E+002 -0.3837512E+002  0.4761796E+002 -0.2989189E+002
  65.000    05031988  0.3006157E+004  0.7303489E+004  0.3406120E+003  0.2571013E+002  0.6534271E+001  0.8845442E+002 -0.3944118E+002  0.4901324E+002 -0.3018090E+002
  66.000    06031988  0.3006320E+004  0.7303743E+004  0.3406120E+003  0.2618779E+002  0.6531316E+001  0.9079842E+002 -0.4009927E+002  0.5069915E+002 -0.3047720E+002
  67.000    07031988  0.3006626E+004  0.7303992E+004  0.3406120E+003  0.2725788E+002  0.6531735E+001  0.9394158E+002 -0.4111575E+002  0.5282583E+002 -0.3096028E+002
  68.000    08031988  0.3006523E+004  0.7304234E+004  0.3406120E+003  0.2828728E+002  0.6533168E+001  0.9709298E+002 -0.4214519E+002  0.5494779E+002 -0.3180165E+002
  69.000    09031988  0.3006495E+004  0.7304474E+004  0.3406120E+003  0.2981196E+002  0.6535494E+001  0.1011243E+003 -0.4351478E+002  0.5760954E+002 -0.3285156E+002
  70.000    10031988  0.3006261E+004  0.7304703E+004  0.3406120E+003  0.3091978E+002  0.6537848E+001  0.1052258E+003 -0.4513120E+002  0.6009464E+002 -0.3430126E+002
  71.000    11031988  0.3005654E+004  0.7304948E+004  0.3406120E+003  0.3097548E+002  0.6535936E+001  0.1073487E+003 -0.4598627E+002  0.6136247E+002 -0.3540558E+002
  72.000    12031988  0.3005485E+004  0.7305202E+004  0.3406120E+003  0.3164449E+002  0.6535087E+001  0.1102652E+003 -0.4712879E+002  0.6313636E+002 -0.3638011E+002
  73.000    13031988  0.3005431E+004  0.7305440E+004  0.3406120E+003  0.3268345E+002  0.6536160E+001  0.1145115E+003 -0.4891092E+002  0.6560056E+002 -0.3783617E+002
  74.000    14031988  0.3004638E+004  0.7305688E+004  0.3406120E+003  0.3190063E+002  0.6533691E+001  0.1157664E+003 -0.4970471E+002  0.6606169E+002 -0.3904569E+002
  75.000    15031988  0.3004106E+004  0.7305958E+004  0.3406120E+003  0.3129112E+002  0.6525376E+001  0.1164247E+003 -0.5015265E+002  0.6627207E+002 -0.3973570E+002
  76.000    16031988  0.3003810E+004  0.7306233E+004  0.3406120E+003  0.3127340E+002  0.6517361E+001  0.1174461E+003 -0.5060639E+002  0.6683972E+002 -0.4021887E+002
  77.000    17031988  0.3003632E+004  0.7306507E+004  0.3406120E+003  0.3166269E+002  0.6510858E+001  0.1188156E+003 -0.5111779E+002  0.6769781E+002 -0.4064590E+002
  78.000    18031988  0.3003647E+004  0.7306779E+004  0.3406120E+003  0.3318159E+002  0.6505888E+001  0.1214662E+003 -0.5180216E+002  0.6966404E+002 -0.4104731E+002
  79.000    19031988  0.3003494E+004  0.7307050E+004  0.3406120E+003  0.3395388E+002  0.6504556E+001  0.1232130E+003 -0.5236232E+002  0.7085070E+002 -0.4145218E+002
  80.000    20031988  0.3003603E+004  0.7307318E+004  0.3406120E+003  0.3528369E+002  0.6501560E+001  0.1257798E+003 -0.5317596E+002  0.7260384E+002 -0.4185812E+002
  81.000    21031988  0.3004763E+004  0.7307580E+004  0.3406120E+003  0.3641057E+002  0.6501160E+001  0.1283779E+003 -0.5403423E+002  0.7434363E+002 -0.4251233E+002
  82.000    22031988  0.3004453E+004  0.7307842E+004  0.3406120E+003  0.3686119E+002  0.6509011E+001  0.1302335E+003 -0.5477649E+002  0.7545705E+002 -0.4319831E+002
  83.000    23031988  0.3004465E+004  0.7308102E+004  0.3406120E+003  0.3799832E+002  0.6533182E+001  0.1333106E+003 -0.5598608E+002  0.7732450E+002 -0.4397152E+002
  84.000    24031988  0.3004994E+004  0.7308341E+004  0.3406120E+003  0.3956082E+002  0.6592408E+001  0.1386646E+003 -0.5847319E+002  0.8019145E+002 -0.4542580E+002
  85.000    25031988  0.3005149E+004  0.7308564E+004  0.3406120E+003  0.4077576E+002  0.6664007E+001  0.1440562E+003 -0.6095099E+002  0.8310520E+002 -0.4728443E+002
  86.000    26031988  0.3005038E+004  0.7308777E+004  0.3406120E+003  0.4169654E+002  0.6730542E+001  0.1494126E+003 -0.6342932E+002  0.8598330E+002 -0.4942558E+002
  87.000    27031988  0.3004447E+004  0.7308991E+004  0.3406120E+003  0.4203088E+002  0.6773066E+001  0.1536866E+003 -0.6539435E+002  0.8829228E+002 -0.5155370E+002
  88.000    28031988  0.3003624E+004  0.7309242E+004  0.3406120E+003  0.4256135E+002  0.6788401E+001  0.1567716E+003 -0.6648586E+002  0.9028574E+002 -0.5303189E+002
  89.000    29031988  0.3003220E+004  0.7309500E+004  0.3406120E+003  0.4380696E+002  0.6813955E+001  0.1608436E+003 -0.6790733E+002  0.9293629E+002 -0.5446489E+002
  90.000    30031988  0.3003454E+004  0.7309743E+004  0.3406120E+003  0.4510738E+002  0.6853577E+001  0.1659190E+003 -0.6999394E+002  0.9592506E+002 -0.5623124E+002
  91.000    31031988  0.3003529E+004  0.7309962E+004  0.3406120E+003  0.4633880E+002  0.6906403E+001  0.1718255E+003 -0.7258689E+002  0.9923857E+002 -0.5843043E+002
  92.000    01041988  0.3003352E+004  0.7310173E+004  0.3406120E+003  0.4735379E+002  0.6952820E+001  0.1775640E+003 -0.7506453E+002  0.1024994E+003 -0.6077279E+002
  93.000    02041988  0.3003112E+004  0.7310375E+004  0.3406120E+003  0.4811563E+002  0.6999327E+001  0.1832502E+003 -0.7759256E+002  0.1056576E+003 -0.6325756E+002
  94.000    03041988  0.3002803E+004  0.7310569E+004  0.3406120E+003  0.4943223E+002  0.7042806E+001  0.1896245E+003 -0.8012685E+002  0.1094976E+003 -0.6586631E+002
  95.000    04041988  0.3002330E+004  0.7310751E+004  0.3406120E+003  0.5011773E+002  0.7086678E+001  0.1955586E+003 -0.8270369E+002  0.1128549E+003 -0.6866691E+002
  96.000    05041988  0.3001930E+004  0.7310933E+004  0.3406120E+003  0.5102532E+002  0.7124305E+001  0.2017342E+003 -0.8525278E+002  0.1164815E+003 -0.7146872E+002
  97.000    06041988  0.3001403E+004  0.7311124E+004  0.3406120E+003  0.5247681E+002  0.7157243E+001  0.2081964E+003 -0.8761544E+002  0.1205809E+003 -0.7417610E+002
  98.000    07041988  0.2999927E+004  0.7311328E+004  0.3406120E+003  0.5225570E+002  0.7172260E+001  0.2117845E+003 -0.8904222E+002  0.1227423E+003 -0.7667801E+002
  99.000    08041988  0.2998726E+004  0.7311570E+004  0.3406120E+003  0.5293845E+002  0.7185728E+001  0.2157094E+003 -0.9031157E+002  0.1253979E+003 -0.7871256E+002
 100.000    09041988  0.2997523E+004  0.7311820E+004  0.3406120E+003  0.5353104E+002  0.7198269E+001  0.2194047E+003 -0.9151584E+002  0.1278888E+003 -0.8064799E+002
 101.000    10041988  0.2996647E+004  0.7312080E+004  0.3406120E+003  0.5496103E+002  0.7215662E+001  0.2240307E+003 -0.9292395E+002  0.1311067E+003 -0.8246459E+002
 102.000    11041988  0.2995948E+004  0.7312336E+004  0.3406120E+003  0.5638304E+002  0.7239560E+001  0.2290207E+003 -0.9462736E+002  0.1343933E+003 -0.8437656E+002
 103.000    12041988  0.2994699E+004  0.7312586E+004  0.3406120E+003  0.5659275E+002  0.7253413E+001  0.2323212E+003 -0.9590132E+002  0.1364199E+003 -0.8636103E+002
 104.000    13041988  0.2993427E+004  0.7312855E+004  0.3406120E+003  0.5707191E+002  0.7261340E+001  0.2355082E+003 -0.9690666E+002  0.1386015E+003 -0.8810442E+002
 105.000    14041988  0.2992554E+004  0.7313141E+004  0.3406120E+003  0.5785953E+002  0.7273982E+001  0.2390093E+003 -0.9808632E+002  0.1409230E+003 -0.8960272E+002
 106.000    15041988  0.2992280E+004  0.7313406E+004  0.3406120E+003  0.5955062E+002  0.7306377E+001  0.2446423E+003 -0.1002270E+003  0.1444152E+003 -0.9144337E+002
 107.000    16041988  0.2991234E+004  0.7313655E+004  0.3406120E+003  0.6010328E+002  0.7326248E+001  0.2487011E+003 -0.1017831E+003  0.1469179E+003 -0.9344705E+002
 108.000    17041988  0.2990431E+004  0.7313934E+004  0.3406120E+003  0.6156195E+002  0.7342118E+001  0.2531352E+003 -0.1031650E+003  0.1499702E+003 -0.9504996E+002
 109.000    18041988  0.2989611E+004  0.7314200E+004  0.3406120E+003  0.6322344E+002  0.7364831E+001  0.2581620E+003 -0.1047986E+003  0.1533635E+003 -0.9685853E+002
 110.000    19041988  0.2988574E+004  0.7314442E+004  0.3406120E+003  0.6416254E+002  0.7392168E+001  0.2628665E+003 -0.1066784E+003  0.1561881E+003 -0.9906765E+002
 111.000    20041988  0.2987785E+004  0.7314712E+004  0.3406120E+003  0.6504538E+002  0.7405219E+001  0.2667774E+003 -0.1079660E+003  0.1588113E+003 -0.1007946E+003
 112.000    21041988  0.2987277E+004  0.7314979E+004  0.3406120E+003  0.6678002E+002  0.7437345E+001  0.2722427E+003 -0.1099264E+003  0.1623163E+003 -0.1026040E+003
 113.000    22041988  0.2986525E+004  0.7315230E+004  0.3406120E+003  0.6784684E+002  0.7470197E+001  0.2772748E+003 -0.1119169E+003  0.1653579E+003 -0.1046350E+003
 114.000    23041988  0.2986140E+004  0.7315474E+004  0.3406120E+003  0.6941136E+002  0.7513662E+001  0.2833857E+003 -0.1144010E+003  0.1689847E+003 -0.1067718E+003
 115.000    24041988  0.2986118E+004  0.7315679E+004  0.3406120E+003  0.7020026E+002  0.7572664E+001  0.2901932E+003 -0.1178277E+003  0.1723654E+003 -0.1094984E+003
 116.000    25041988  0.2984965E+004  0.7315904E+004  0.3406120E+003  0.7163895E+002  0.7594400E+001  0.2956933E+003 -0.1195962E+003  0.1760972E+003 -0.1118276E+003
 117.000    26041988  0.2984082E+004  0.7316149E+004  0.3406120E+003  0.7386791E+002  0.7619581E+001  0.3018876E+003 -0.1214645E+003  0.1804232E+003 -0.1139541E+003
 118.000    27041988  0.2983632E+004  0.7316386E+004  0.3406120E+003  0.7584104E+002  0.7657421E+001  0.3085022E+003 -0.1239202E+003  0.1845820E+003 -0.1161915E+003
 119.000    28041988  0.2982561E+004  0.7316610E+004  0.3406120E+003  0.7666508E+002  0.7684735E+001  0.3136393E+003 -0.1259317E+003  0.1877076E+003 -0.1185878E+003
 120.000    29041988  0.2981547E+004  0.7316868E+004  0.3406120E+003  0.7834583E+002  0.7701968E+001  0.3187907E+003 -0.1274778E+003  0.1913129E+003 -0.1205239E+003
 121.000    30041988  0.2981076E+004  0.7317133E+004  0.3406120E+003  0.8025680E+002  0.7718618E+001  0.3242135E+003 -0.1291564E+003  0.1950571E+003 -0.1223679E+003
 122.000    01051988  0.2980398E+004  0.7317387E+004  0.3406120E+003  0.8272774E+002  0.7747232E+001  0.3307459E+003 -0.1312284E+003  0.1995175E+003 -0.1244008E+003
 123.000    02051988  0.2979804E+004  0.7317633E+004  0.3406120E+003  0.8526805E+002  0.7777793E+001  0.3376242E+003 -0.1334930E+003  0.2041311E+003 -0.1265152E+003
 124.000    03051988  0.2979042E+004  0.7317872E+004  0.3406120E+003  0.8706145E+002  0.7809166E+001  0.3437998E+003 -0.1357243E+003  0.2080755E+003 -0.1287094E+003
 125.000    04051988  0.2978447E+004  0.7318102E+004  0.3406120E+003  0.8954976E+002  0.7847285E+001  0.3511057E+003 -0.1383456E+003  0.2127600E+003 -0.1310798E+003
 126.000    05051988  0.2977656E+004  0.7318305E+004  0.3406120E+003  0.9143117E+002  0.7889395E+001  0.3583670E+003 -0.1412609E+003  0.2171061E+003 -0.1338847E+003
 127.000    06051988  0.2976430E+004  0.7318523E+004  0.3406120E+003  0.9281485E+002  0.7913715E+001  0.3641772E+003 -0.1433133E+003  0.2208639E+003 -0.1363837E+003
 128.000    07051988  0.2975844E+004  0.7318746E+004  0.3406120E+003  0.9474939E+002  0.7948249E+001  0.3711755E+003 -0.1460037E+003  0.2251718E+003 -0.1388589E+003
 129.000    08051988  0.2975930E+004  0.7318959E+004  0.3406120E+003  0.9652977E+002  0.7985952E+001  0.3785449E+003 -0.1490642E+003  0.2294807E+003 -0.1414913E+003
 130.000    09051988  0.2975245E+004  0.7319160E+004  0.3406120E+003  0.9863522E+002  0.8032740E+001  0.3862233E+003 -0.1519764E+003  0.2342469E+003 -0.1442603E+003
 131.000    10051988  0.2974783E+004  0.7319352E+004  0.3406120E+003  0.1005429E+003  0.8086229E+001  0.3941491E+003 -0.1552378E+003  0.2389114E+003 -0.1471602E+003
 132.000    11051988  0.2974220E+004  0.7319535E+004  0.3406120E+003  0.1025052E+003  0.8131256E+001  0.4021176E+003 -0.1583844E+003  0.2437332E+003 -0.1501340E+003
 133.000    12051988  0.2973773E+004  0.7319722E+004  0.3406120E+003  0.1043106E+003  0.8173813E+001  0.4098999E+003 -0.1615298E+003  0.2483701E+003 -0.1530385E+003
 134.000    13051988  0.2973417E+004  0.7319907E+004  0.3406120E+003  0.1064065E+003  0.8216346E+001  0.4181008E+003 -0.1647763E+003  0.2533245E+003 -0.1559639E+003
 135.000    14051988  0.2973209E+004  0.7320084E+004  0.3406120E+003  0.1084567E+003  0.8264295E+001  0.4265343E+003 -0.1682306E+003  0.2583036E+003 -0.1589626E+003
 136.000    15051988  0.2973236E+004  0.7320243E+004  0.3406120E+003  0.1105905E+003  0.8313360E+001  0.4355461E+003 -0.1720419E+003  0.2635042E+003 -0.1621118E+003
 137.000    16051988  0.2973140E+004  0.7320391E+004  0.3406120E+003  0.1129771E+003  0.8360412E+001  0.4448189E+003 -0.1757891E+003  0.2690298E+003 -0.1653381E+003
 138.000    17051988  0.2972569E+004  0.7320511E+004  0.3406120E+003  0.1147568E+003  0.8405942E+001  0.4536797E+003 -0.1795770E+003  0.2741027E+003 -0.1690796E+003
 139.000    18051988  0.2971332E+004  0.7320635E+004  0.3406120E+003  0.1164582E+003  0.8443280E+001  0.4617392E+003 -0.1825788E+003  0.2791604E+003 -0.1726836E+003
 140.000    19051988  0.2970326E+004  0.7320788E+004  0.3406120E+003  0.1191760E+003  0.8476919E+001  0.4704804E+003 -0.1854274E+003  0.2850529E+003 -0.1759145E+003
 141.000    20051988  0.2969821E+004  0.7320929E+004  0.3406120E+003  0.1212693E+003  0.8523165E+001  0.4793589E+003 -0.1890101E+003  0.2903488E+003 -0.1792882E+003
 142.000    21051988  0.2969710E+004  0.7321056E+004  0.3406120E+003  0.1233690E+003  0.8569771E+001  0.4887631E+003 -0.1929570E+003  0.2958061E+003 -0.1827576E+003
 143.000    22051988  0.2969945E+004  0.7321166E+004  0.3406120E+003  0.1250810E+003  0.8617804E+001  0.4982735E+003 -0.1972873E+003  0.3009862E+003 -0.1863510E+003
 144.000    23051988  0.2970320E+004  0.7321260E+004  0.3406120E+003  0.1263530E+003  0.8667145E+001  0.5077124E+003 -0.2018558E+003  0.3058565E+003 -0.1900827E+003
 145.000    24051988  0.2970112E+004  0.7321336E+004  0.3406120E+003  0.1277539E+003  0.8707063E+001  0.5169072E+003 -0.2059659E+003  0.3109412E+003 -0.1940104E+003
 146.000    25051988  0.2969218E+004  0.7321420E+004  0.3406120E+003  0.1298879E+003  0.8742405E+001  0.5259950E+003 -0.2092996E+003  0.3166954E+003 -0.1977800E+003
 147.000    26051988  0.2967957E+004  0.7321555E+004  0.3406120E+003  0.1314553E+003  0.8758163E+001  0.5328522E+003 -0.2113595E+003  0.3214927E+003 -0.2010637E+003
 148.000    27051988  0.2966617E+004  0.7321731E+004  0.3406120E+003  0.1334713E+003  0.8781916E+001  0.5400136E+003 -0.2135621E+003  0.3264515E+003 -0.2040398E+003
 149.000    28051988  0.2965683E+004  0.7321908E+004  0.3406120E+003  0.1358375E+003  0.8813261E+001  0.5479849E+003 -0.2162432E+003  0.3317417E+003 -0.2070231E+003
 150.000    29051988  0.2965483E+004  0.7322071E+004  0.3406120E+003  0.1377307E+003  0.8855387E+001  0.5564100E+003 -0.2197602E+003  0.3366498E+003 -0.2101222E+003
 151.000    30051988  0.2966363E+004  0.7322213E+004  0.3406120E+003  0.1390911E+003  0.8898522E+001  0.5652507E+003 -0.2240480E+003  0.3412027E+003 -0.2134042E+003
 152.000    31051988  0.2967141E+004  0.7322333E+004  0.3406120E+003  0.1401311E+003  0.8944827E+001  0.5743060E+003 -0.2286945E+003  0.3456114E+003 -0.2168588E+003
 153.000    01061988  0.2968101E+004  0.7322433E+004  0.3406120E+003  0.1409746E+003  0.8988386E+001  0.5835059E+003 -0.2335210E+003  0.3499849E+003 -0.2204583E+003
 154.000    02061988  0.2968529E+004  0.7322529E+004  0.3406120E+003  0.1424193E+003  0.9028118E+001  0.5927256E+003 -0.2377507E+003  0.3549749E+003 -0.2240280E+003
 155.000    03061988  0.2967199E+004  0.7322631E+004  0.3406120E+003  0.1440609E+003  0.9051807E+001  0.6005030E+003 -0.2405107E+003  0.3599923E+003 -0.2276071E+003
 156.000    04061988  0.2965591E+004  0.7322779E+004  0.3406120E+003  0.1458653E+003  0.9066298E+001  0.6074650E+003 -0.2425834E+003  0.3648815E+003 -0.2307327E+003
 157.000    05061988  0.2964736E+004  0.7322944E+004  0.3406120E+003  0.1484648E+003  0.9086759E+001  0.6157643E+003 -0.2453105E+003  0.3704538E+003 -0.2337290E+003
 158.000    06061988  0.2964827E+004  0.7323105E+004  0.3406120E+003  0.1498924E+003  0.9119276E+001  0.6239594E+003 -0.2490547E+003  0.3749048E+003 -0.2367778E+003
 159.000    07061988  0.2965964E+004  0.7323235E+004  0.3406120E+003  0.1505367E+003  0.9159923E+001  0.6329517E+003 -0.2541110E+003  0.3788407E+003 -0.2401204E+003
 160.000    08061988  0.2966742E+004  0.7323338E+004  0.3406120E+003  0.1521616E+003  0.9196349E+001  0.6429410E+003 -0.2589949E+003  0.3839461E+003 -0.2436801E+003
 161.000    09061988  0.2967060E+004  0.7323414E+004  0.3406120E+003  0.1543262E+003  0.9234282E+001  0.6534551E+003 -0.2637214E+003  0.3897337E+003 -0.2474941E+003
 162.000    10061988  0.2965299E+004  0.7323505E+004  0.3406120E+003  0.1560722E+003  0.9251415E+001  0.6611816E+003 -0.2662698E+003  0.3949118E+003 -0.2511556E+003
 163.000    11061988  0.2963997E+004  0.7323641E+004  0.3406120E+003  0.1585177E+003  0.9268450E+001  0.6694471E+003 -0.2689017E+003  0.4005453E+003 -0.2543862E+003
 164.000    12061988  0.2963384E+004  0.7323794E+004  0.3406120E+003  0.1604852E+003  0.9288151E+001  0.6777395E+003 -0.2721317E+003  0.4056078E+003 -0.2574859E+003
 165.000    13061988  0.2964026E+004  0.7323939E+004  0.3406120E+003  0.1621268E+003  0.9315527E+001  0.6864821E+003 -0.2760727E+003  0.4104095E+003 -0.2606659E+003
 166.000    14061988  0.2964498E+004  0.7324062E+004  0.3406120E+003  0.1635549E+003  0.9353461E+001  0.6958831E+003 -0.2807158E+003  0.4151674E+003 -0.2640282E+003
 167.000    15061988  0.2965033E+004  0.7324171E+004  0.3406120E+003  0.1648034E+003  0.9389562E+001  0.7052959E+003 -0.2854367E+003  0.4198592E+003 -0.2674800E+003
 168.000    16061988  0.2965472E+004  0.7324274E+004  0.3406120E+003  0.1664324E+003  0.9420279E+001  0.7149721E+003 -0.2900002E+003  0.4249719E+003 -0.2709477E+003
 169.000    17061988  0.2965869E+004  0.7324363E+004  0.3406120E+003  0.1685917E+003  0.9454204E+001  0.7253690E+003 -0.2946544E+003  0.4307147E+003 -0.2745260E+003
 170.000    18061988  0.2965722E+004  0.7324422E+004  0.3406120E+003  0.1698799E+003  0.9487694E+001  0.7349955E+003 -0.2993000E+003  0.4356955E+003 -0.2785708E+003
 171.000    19061988  0.2965831E+004  0.7324470E+004  0.3406120E+003  0.1704667E+003  0.9519293E+001  0.7441761E+003 -0.3040240E+003  0.4401521E+003 -0.2825530E+003
 172.000    20061988  0.2966058E+004  0.7324513E+004  0.3406120E+003  0.1720906E+003  0.9547454E+001  0.7544277E+003 -0.3087426E+003  0.4456851E+003 -0.2865242E+003
 173.000    21061988  0.2966521E+004  0.7324541E+004  0.3406120E+003  0.1734145E+003  0.9575723E+001  0.7647796E+003 -0.3137727E+003  0.4510070E+003 -0.2906523E+003
 174.000    22061988  0.2969546E+004  0.7324556E+004  0.3406120E+003  0.1734240E+003  0.9608904E+001  0.7747021E+003 -0.3195500E+003  0.4551521E+003 -0.2948253E+003
 175.000    23061988  0.2971279E+004  0.7324549E+004  0.3406120E+003  0.1730046E+003  0.9645550E+001  0.7846036E+003 -0.3255700E+003  0.4590336E+003 -0.2991305E+003
 176.000    24061988  0.2971547E+004  0.7324524E+004  0.3406120E+003  0.1732013E+003  0.9675665E+001  0.7939325E+003 -0.3303907E+003  0.4635417E+003 -0.3034995E+003
 177.000    25061988  0.2971559E+004  0.7324520E+004  0.3406120E+003  0.1742434E+003  0.9700041E+001  0.8034487E+003 -0.3347274E+003  0.4687213E+003 -0.3076087E+003
 178.000    26061988  0.2972012E+004  0.7324523E+004  0.3406120E+003  0.1757650E+003  0.9727067E+001  0.8138727E+003 -0.3395228E+003  0.4743499E+003 -0.3116856E+003
 179.000    27061988  0.2971278E+004  0.7324509E+004  0.3406120E+003  0.1761594E+003  0.9746517E+001  0.8222755E+003 -0.3434198E+003  0.4788557E+003 -0.3159082E+003
 180.000    28061988  0.2970600E+004  0.7324558E+004  0.3406120E+003  0.1781091E+003  0.9763930E+001  0.8312708E+003 -0.3467789E+003  0.4844919E+003 -0.3195127E+003
 181.000    29061988  0.2970903E+004  0.7324616E+004  0.3406120E+003  0.1795792E+003  0.9787093E+001  0.8407768E+003 -0.3511299E+003  0.4896468E+003 -0.3231110E+003
 182.000    30061988  0.2971273E+004  0.7324655E+004  0.3406120E+003  0.1809457E+003  0.9805572E+001  0.8502604E+003 -0.3554161E+003  0.4948443E+003 -0.3268808E+003
 183.000    01071988  0.2970585E+004  0.7324708E+004  0.3406120E+003  0.1827578E+003  0.9820974E+001  0.8592207E+003 -0.3588999E+003  0.5003207E+003 -0.3304430E+003
 184.000    02071988  0.2970198E+004  0.7324796E+004  0.3406120E+003  0.1845550E+003  0.9836330E+001  0.8679245E+003 -0.3624062E+003  0.5055182E+003 -0.3337039E+003
 185.000    03071988  0.2970193E+004  0.7324888E+004  0.3406120E+003  0.1862160E+003  0.9853419E+001  0.8769609E+003 -0.3663942E+003  0.5105667E+003 -0.3369693E+003
 186.000    04071988  0.2970253E+004  0.7324962E+004  0.3406120E+003  0.1883214E+003  0.9871715E+001  0.8868807E+003 -0.3706986E+003  0.5161821E+003 -0.3403851E+003
 187.000    05071988  0.2970812E+004  0.7325027E+004  0.3406120E+003  0.1899150E+003  0.9894030E+001  0.8968082E+003 -0.3754753E+003  0.5213328E+003 -0.3438414E+003
 188.000    06071988  0.2971431E+004  0.7325091E+004  0.3406120E+003  0.1911451E+003  0.9913049E+001  0.9062731E+003 -0.3801770E+003  0.5260961E+003 -0.3472452E+003
 189.000    07071988  0.2972721E+004  0.7325157E+004  0.3406120E+003  0.1915138E+003  0.9932993E+001  0.9153425E+003 -0.3853749E+003  0.5299676E+003 -0.3506042E+003
 190.000    08071988  0.2974587E+004  0.7325205E+004  0.3406120E+003  0.1915369E+003  0.9952352E+001  0.9247707E+003 -0.3911389E+003  0.5336318E+003 -0.3541069E+003
 191.000    09071988  0.2976410E+004  0.7325231E+004  0.3406120E+003  0.1917137E+003  0.9969264E+001  0.9344308E+003 -0.3968556E+003  0.5375752E+003 -0.3577320E+003
 192.000    10071988  0.2977961E+004  0.7325246E+004  0.3406120E+003  0.1926857E+003  0.9986859E+001  0.9446120E+003 -0.4022781E+003  0.5423340E+003 -0.3613716E+003
 193.000    11071988  0.2980069E+004  0.7325246E+004  0.3406120E+003  0.1928616E+003  0.1000483E+002  0.9546015E+003 -0.4082134E+003  0.5463881E+003 -0.3651036E+003
 194.000    12071988  0.2981007E+004  0.7325234E+004  0.3406120E+003  0.1923806E+003  0.1001746E+002  0.9629513E+003 -0.4131723E+003  0.5497789E+003 -0.3688365E+003
 195.000    13071988  0.2981343E+004  0.7325206E+004  0.3406120E+003  0.1941285E+003  0.1003026E+002  0.9732945E+003 -0.4178150E+003  0.5554795E+003 -0.3728697E+003
 196.000    14071988  0.2982004E+004  0.7325172E+004  0.3406120E+003  0.1949246E+003  0.1004181E+002  0.9831246E+003 -0.4227921E+003  0.5603325E+003 -0.3768261E+003
 197.000    15071988  0.2983909E+004  0.7325131E+004  0.3406120E+003  0.1950085E+003  0.1005662E+002  0.9932656E+003 -0.4287594E+003  0.5645063E+003 -0.3807827E+003
 198.000    16071988  0.2986573E+004  0.7325067E+004  0.3406120E+003  0.1940441E+003  0.1007003E+002  0.1003187E+004 -0.4354026E+003  0.5677847E+003 -0.3848786E+003
 199.000    17071988  0.2988895E+004  0.7324994E+004  0.3406120E+003  0.1938226E+003  0.1008083E+002  0.1013453E+004 -0.4416592E+003  0.5717937E+003 -0.3889388E+003
 200.000    18071988  0.2991179E+004  0.7324917E+004  0.3406120E+003  0.1927830E+003  0.1008962E+002  0.1022766E+004 -0.4478375E+003  0.5749283E+003 -0.3929389E+003
 201.000    19071988  0.2992960E+004  0.7324849E+004  0.3406120E+003  0.1931678E+003  0.1009928E+002  0.1032804E+004 -0.4534559E+003  0.5793484E+003 -0.3967975E+003
 202.000    20071988  0.2994484E+004  0.7324783E+004  0.3406120E+003  0.1935775E+003  0.1010730E+002  0.1042533E+004 -0.4588329E+003  0.5837006E+003 -0.4005624E+003
 203.000    21071988  0.2995917E+004  0.7324730E+004  0.3406120E+003  0.1950647E+003  0.1011485E+002  0.1053045E+004 -0.4640517E+003  0.5889933E+003 -0.4041926E+003
 204.000    22071988  0.2995463E+004  0.7324606E+004  0.3406120E+003  0.1935535E+003  0.1012071E+002  0.1060440E+004 -0.4687345E+003  0.5917053E+003 -0.4089999E+003
 205.000    23071988  0.2994572E+004  0.7324477E+004  0.3406120E+003  0.1936678E+003  0.1012662E+002  0.1069151E+004 -0.4729653E+003  0.5961853E+003 -0.4137861E+003
 206.000    24071988  0.2994043E+004  0.7324360E+004  0.3406120E+003  0.1942491E+003  0.1013361E+002  0.1078822E+004 -0.4774620E+003  0.6013599E+003 -0.4184539E+003
 207.000    25071988  0.2994162E+004  0.7324257E+004  0.3406120E+003  0.1947980E+003  0.1013926E+002  0.1088921E+004 -0.4823762E+003  0.6065444E+003 -0.4228752E+003
 208.000    26071988  0.2994379E+004  0.7324153E+004  0.3406120E+003  0.1954706E+003  0.1014451E+002  0.1099179E+004 -0.4874159E+003  0.6117629E+003 -0.4272535E+003
 209.000    27071988  0.2994442E+004  0.7324051E+004  0.3406120E+003  0.1962209E+003  0.1014880E+002  0.1109274E+004 -0.4923140E+003  0.6169604E+003 -0.4315717E+003
 210.000    28071988  0.2994406E+004  0.7323942E+004  0.3406120E+003  0.1969044E+003  0.1015287E+002  0.1119330E+004 -0.4972712E+003  0.6220587E+003 -0.4360307E+003
 211.000    29071988  0.2994691E+004  0.7323830E+004  0.3406120E+003  0.1977626E+003  0.1015808E+002  0.1129860E+004 -0.5024752E+003  0.6273844E+003 -0.4404523E+003
 212.000    30071988  0.2995942E+004  0.7323704E+004  0.3406120E+003  0.1975424E+003  0.1015648E+002  0.1139909E+004 -0.5081638E+003  0.6317449E+003 -0.4449625E+003
 213.000    31071988  0.2996842E+004  0.7323567E+004  0.3406120E+003  0.1972435E+003  0.1015893E+002  0.1149961E+004 -0.5138752E+003  0.6360859E+003 -0.4495053E+003
 214.000    01081988  0.2997942E+004  0.7323434E+004  0.3406120E+003  0.1964783E+003  0.1016003E+002  0.1159475E+004 -0.5195827E+003  0.6398923E+003 -0.4539483E+003
 215.000    02081988  0.2999287E+004  0.7323299E+004  0.3406120E+003  0.1961958E+003  0.1016155E+002  0.1169554E+004 -0.5253904E+003  0.6441641E+003 -0.4583552E+003
 216.000    03081988  0.2999916E+004  0.7323164E+004  0.3406120E+003  0.1960481E+003  0.1016293E+002  0.1179109E+004 -0.5305793E+003  0.6485295E+003 -0.4627151E+003
 217.000    04081988  0.2999928E+004  0.7323048E+004  0.3406120E+003  0.1966683E+003  0.1016316E+002  0.1188630E+004 -0.5351550E+003  0.6534748E+003 -0.4669029E+003
 218.000    05081988  0.3000241E+004  0.7322946E+004  0.3406120E+003  0.1975652E+003  0.1016391E+002  0.1198550E+004 -0.5399529E+003  0.6585968E+003 -0.4709791E+003
 219.000    06081988  0.3000889E+004  0.7322844E+004  0.3406120E+003  0.1982801E+003  0.1016392E+002  0.1208586E+004 -0.5450732E+003  0.6635127E+003 -0.4750286E+003
 220.000    07081988  0.3001607E+004  0.7322735E+004  0.3406120E+003  0.1987858E+003  0.1016593E+002  0.1218557E+004 -0.5503208E+003  0.6682363E+003 -0.4791043E+003
 221.000    08081988  0.3002866E+004  0.7322625E+004  0.3406120E+003  0.1990701E+003  0.1016723E+002  0.1228632E+004 -0.5559160E+003  0.6727158E+003 -0.4831436E+003
 222.000    09081988  0.3004268E+004  0.7322510E+004  0.3406120E+003  0.1993770E+003  0.1016795E+002  0.1238813E+004 -0.5615978E+003  0.6772150E+003 -0.4871679E+003
 223.000    10081988  0.3005507E+004  0.7322394E+004  0.3406120E+003  0.1998787E+003  0.1016796E+002  0.1248933E+004 -0.5670701E+003  0.6818624E+003 -0.4911426E+003
 224.000    11081988  0.3006607E+004  0.7322291E+004  0.3406120E+003  0.2005134E+003  0.1016876E+002  0.1258808E+004 -0.5723016E+003  0.6865060E+003 -0.4949719E+003
 225.000    12081988  0.3007725E+004  0.7322191E+004  0.3406120E+003  0.2010947E+003  0.1017063E+002  0.1268589E+004 -0.5775503E+003  0.6910385E+003 -0.4987502E+003
 226.000    13081988  0.3009233E+004  0.7322093E+004  0.3406120E+003  0.2015714E+003  0.1017218E+002  0.1278455E+004 -0.5830479E+003  0.6954073E+003 -0.5024678E+003
 227.000    14081988  0.3010050E+004  0.7322004E+004  0.3406120E+003  0.2024504E+003  0.1017304E+002  0.1287871E+004 -0.5878357E+003  0.7000351E+003 -0.5060372E+003
 228.000    15081988  0.3011564E+004  0.7321924E+004  0.3406120E+003  0.2030817E+003  0.1017304E+002  0.1297553E+004 -0.5932222E+003  0.7043304E+003 -0.5095305E+003
 229.000    16081988  0.3013399E+004  0.7321841E+004  0.3406120E+003  0.2033139E+003  0.1017381E+002  0.1307079E+004 -0.5988428E+003  0.7082363E+003 -0.5130370E+003
 230.000    17081988  0.3015984E+004  0.7321763E+004  0.3406120E+003  0.2022488E+003  0.1017399E+002  0.1315861E+004 -0.6049902E+003  0.7108712E+003 -0.5165662E+003
 231.000    18081988  0.3018853E+004  0.7321699E+004  0.3406120E+003  0.2004573E+003  0.1017264E+002  0.1323992E+004 -0.6112319E+003  0.7127601E+003 -0.5200590E+003
 232.000    19081988  0.3021675E+004  0.7321640E+004  0.3406120E+003  0.2000764E+003  0.1017122E+002  0.1333087E+004 -0.6171638E+003  0.7159236E+003 -0.5234043E+003
 233.000    20081988  0.3023109E+004  0.7321564E+004  0.3406120E+003  0.2013771E+003  0.1017084E+002  0.1342813E+004 -0.6220620E+003  0.7207515E+003 -0.5267950E+003
 234.000    21081988  0.3023762E+004  0.7321424E+004  0.3406120E+003  0.2019693E+003  0.1016995E+002  0.1352370E+004 -0.6269672E+003  0.7254024E+003 -0.5308577E+003
 235.000    22081988  0.3024433E+004  0.7321297E+004  0.3406120E+003  0.2025257E+003  0.1016898E+002  0.1361464E+004 -0.6316216E+003  0.7298423E+003 -0.5346120E+003
 236.000    23081988  0.3024734E+004  0.7321213E+004  0.3406120E+003  0.2044772E+003  0.1016776E+002  0.1371083E+004 -0.6357330E+003  0.7353500E+003 -0.5380007E+003
 237.000    24081988  0.3024831E+004  0.7321095E+004  0.3406120E+003  0.2050740E+003  0.1016670E+002  0.1380245E+004 -0.6403910E+003  0.7398536E+003 -0.5420014E+003
 238.000    25081988  0.3025507E+004  0.7320963E+004  0.3406120E+003  0.2054096E+003  0.1016555E+002  0.1389626E+004 -0.6454429E+003  0.7441831E+003 -0.5459446E+003
 239.000    26081988  0.3026550E+004  0.7320847E+004  0.3406120E+003  0.2050502E+003  0.1016433E+002  0.1398290E+004 -0.6505593E+003  0.7477310E+003 -0.5497183E+003
 240.000    27081988  0.3027695E+004  0.7320744E+004  0.3406120E+003  0.2053622E+003  0.1016201E+002  0.1407496E+004 -0.6556503E+003  0.7518456E+003 -0.5533675E+003
 241.000    28081988  0.3027841E+004  0.7320633E+004  0.3406120E+003  0.2056168E+003  0.1015976E+002  0.1416120E+004 -0.6601196E+003  0.7560008E+003 -0.5572656E+003
 242.000    29081988  0.3026381E+004  0.7320427E+004  0.3406120E+003  0.2058412E+003  0.1015751E+002  0.1425078E+004 -0.6645057E+003  0.7605723E+003 -0.5626900E+003
 243.000    30081988  0.3025539E+004  0.7320214E+004  0.3406120E+003  0.2058941E+003  0.1014962E+002  0.1434073E+004 -0.6688686E+003  0.7652041E+003 -0.5679134E+003
 244.000    31081988  0.3023660E+004  0.7320035E+004  0.3406120E+003  0.2065634E+003  0.1014665E+002  0.1442938E+004 -0.6725305E+003  0.7704074E+003 -0.5728688E+003
 245.000    01091988  0.3022108E+004  0.7319901E+004  0.3406120E+003  0.2067781E+003  0.1014395E+002  0.1451365E+004 -0.6763333E+003  0.7750322E+003 -0.5775550E+003
 246.000    02091988  0.3020843E+004  0.7319791E+004  0.3406120E+003  0.2067800E+003  0.1014104E+002  0.1459716E+004 -0.6803372E+003  0.7793784E+003 -0.5820809E+003
 247.000    03091988  0.3019735E+004  0.7319685E+004  0.3406120E+003  0.2071966E+003  0.1013829E+002  0.1468740E+004 -0.6845650E+003  0.7841752E+003 -0.5866089E+003
 248.000    04091988  0.3018469E+004  0.7319564E+004  0.3406120E+003  0.2065842E+003  0.1013434E+002  0.1477015E+004 -0.6890610E+003  0.7879542E+003 -0.5915070E+003
 249.000    05091988  0.3016903E+004  0.7319431E+004  0.3406120E+003  0.2059150E+003  0.1012973E+002  0.1485489E+004 -0.6933751E+003  0.7921143E+003 -0.5966089E+003
 250.000    06091988  0.3014932E+004  0.7319345E+004  0.3406120E+003  0.2066973E+003  0.1012621E+002  0.1493722E+004 -0.6965721E+003  0.7971497E+003 -0.6010057E+003
 251.000    07091988  0.3012967E+004  0.7319303E+004  0.3406120E+003  0.2070711E+003  0.1012277E+002  0.1501000E+004 -0.6995580E+003  0.8014418E+003 -0.6050913E+003
 252.000    08091988  0.3011306E+004  0.7319290E+004  0.3406120E+003  0.2079504E+003  0.1012052E+002  0.1508844E+004 -0.7027629E+003  0.8060807E+003 -0.6089943E+003
 253.000    09091988  0.3009379E+004  0.7319273E+004  0.3406120E+003  0.2082068E+003  0.1011892E+002  0.1516260E+004 -0.7061283E+003  0.8101319E+003 -0.6131851E+003
 254.000    10091988  0.3008496E+004  0.7319243E+004  0.3406120E+003  0.2083154E+003  0.1011498E+002  0.1525110E+004 -0.7107547E+003  0.8143548E+003 -0.6174298E+003
 255.000    11091988  0.3007960E+004  0.7319193E+004  0.3406120E+003  0.2086893E+003  0.1010813E+002  0.1534491E+004 -0.7156741E+003  0.8188167E+003 -0.6217995E+003
 256.000    12091988  0.3007725E+004  0.7319126E+004  0.3406120E+003  0.2084770E+003  0.1009905E+002  0.1543623E+004 -0.7208081E+003  0.8228153E+003 -0.6262900E+003
 257.000    13091988  0.3007276E+004  0.7319063E+004  0.3406120E+003  0.2081367E+003  0.1009047E+002  0.1552163E+004 -0.7255058E+003  0.8266572E+003 -0.6306920E+003
 258.000    14091988  0.3007390E+004  0.7318986E+004  0.3406120E+003  0.2076595E+003  0.1007817E+002  0.1561178E+004 -0.7306926E+003  0.8304855E+003 -0.6352212E+003
 259.000    15091988  0.3006402E+004  0.7318898E+004  0.3406120E+003  0.2072896E+003  0.1006796E+002  0.1569261E+004 -0.7348034E+003  0.8344579E+003 -0.6397624E+003
 260.000    16091988  0.3004774E+004  0.7318860E+004  0.3406120E+003  0.2077542E+003  0.1006103E+002  0.1576818E+004 -0.7379341E+003  0.8388840E+003 -0.6438447E+003
 261.000    17091988  0.3002783E+004  0.7318851E+004  0.3406120E+003  0.2082645E+003  0.1005456E+002  0.1583953E+004 -0.7408510E+003  0.8431020E+003 -0.6479139E+003
 262.000    18091988  0.3001245E+004  0.7318841E+004  0.3406120E+003  0.2080244E+003  0.1004513E+002  0.1591186E+004 -0.7444551E+003  0.8467305E+003 -0.6520443E+003
 263.000    19091988  0.2999736E+004  0.7318836E+004  0.3406120E+003  0.2083114E+003  0.1003583E+002  0.1598856E+004 -0.7480156E+003  0.8508405E+003 -0.6560954E+003
 264.000    20091988  0.2999143E+004  0.7318820E+004  0.3406120E+003  0.2089527E+003  0.1002374E+002  0.1608100E+004 -0.7526704E+003  0.8554299E+003 -0.6602651E+003
 265.000    21091988  0.2998873E+004  0.7318777E+004  0.3406120E+003  0.2080995E+003  0.1001089E+002  0.1616331E+004 -0.7576189E+003  0.8587119E+003 -0.6646334E+003
 266.000    22091988  0.2997667E+004  0.7318764E+004  0.3406120E+003  0.2081596E+003  0.1000230E+002  0.1623800E+004 -0.7611638E+003  0.8626360E+003 -0.6686346E+003
 267.000    23091988  0.2996756E+004  0.7318771E+004  0.3406120E+003  0.2087422E+003  0.9993239E+001  0.1631973E+004 -0.7650010E+003  0.8669718E+003 -0.6725282E+003
 268.000    24091988  0.2996337E+004  0.7318758E+004  0.3406120E+003  0.2093022E+003  0.9979830E+001  0.1641066E+004 -0.7696175E+003  0.8714488E+003 -0.6766654E+003
 269.000    25091988  0.2994910E+004  0.7318721E+004  0.3406120E+003  0.2092942E+003  0.9967157E+001  0.1648970E+004 -0.7734899E+003  0.8754805E+003 -0.6810883E+003
 270.000    26091988  0.2993379E+004  0.7318718E+004  0.3406120E+003  0.2094568E+003  0.9956502E+001  0.1656329E+004 -0.7768231E+003  0.8795058E+003 -0.6850685E+003
 271.000    27091988  0.2991919E+004  0.7318739E+004  0.3406120E+003  0.2100458E+003  0.9947298E+001  0.1663852E+004 -0.7800863E+003  0.8837654E+003 -0.6888713E+003
 272.000    28091988  0.2990884E+004  0.7318771E+004  0.3406120E+003  0.2102287E+003  0.9937377E+001  0.1671341E+004 -0.7837928E+003  0.8875483E+003 -0.6925959E+003
 273.000    29091988  0.2989909E+004  0.7318801E+004  0.3406120E+003  0.2103744E+003  0.9927239E+001  0.1678891E+004 -0.7875790E+003  0.8913118E+003 -0.6963464E+003
 274.000    30091988  0.2989514E+004  0.7318829E+004  0.3406120E+003  0.2106277E+003  0.9910784E+001  0.1686738E+004 -0.7915014E+003  0.8952361E+003 -0.7001373E+003
 275.000    01101988  0.2988698E+004  0.7318857E+004  0.3406120E+003  0.2107172E+003  0.9897993E+001  0.1694426E+004 -0.7954403E+003  0.8989853E+003 -0.7039040E+003
 276.000    02101988  0.2987706E+004  0.7318880E+004  0.3406120E+003  0.2115291E+003  0.9884484E+001  0.1702774E+004 -0.7993049E+003  0.9034696E+003 -0.7077691E+003
 277.000    03101988  0.2985993E+004  0.7318893E+004  0.3406120E+003  0.2105520E+003  0.9872366E+001  0.1708812E+004 -0.8026763E+003  0.9061354E+003 -0.7118746E+003
 278.000    04101988  0.2983858E+004  0.7318923E+004  0.3406120E+003  0.2098122E+003  0.9862219E+001  0.1714825E+004 -0.8055061E+003  0.9093191E+003 -0.7159057E+003
 279.000    05101988  0.2981965E+004  0.7318997E+004  0.3406120E+003  0.2101822E+003  0.9854482E+001  0.1721106E+004 -0.8079361E+003  0.9131699E+003 -0.7193091E+003
 280.000    06101988  0.2979976E+004  0.7319110E+004  0.3406120E+003  0.2100229E+003  0.9848861E+001  0.1726052E+004 -0.8099033E+003  0.9161484E+003 -0.7223767E+003
 281.000    07101988  0.2978093E+004  0.7319256E+004  0.3406120E+003  0.2103810E+003  0.9843082E+001  0.1731048E+004 -0.8117248E+003  0.9193230E+003 -0.7251854E+003
 282.000    08101988  0.2976283E+004  0.7319423E+004  0.3406120E+003  0.2106458E+003  0.9837532E+001  0.1735594E+004 -0.8134358E+003  0.9221580E+003 -0.7278021E+003
 283.000    09101988  0.2974774E+004  0.7319612E+004  0.3406120E+003  0.2112414E+003  0.9831458E+001  0.1740225E+004 -0.8152058E+003  0.9250191E+003 -0.7301349E+003
 284.000    10101988  0.2973480E+004  0.7319808E+004  0.3406120E+003  0.2117951E+003  0.9826654E+001  0.1745110E+004 -0.8173368E+003  0.9277730E+003 -0.7324294E+003
 285.000    11101988  0.2972399E+004  0.7319996E+004  0.3406120E+003  0.2123440E+003  0.9821564E+001  0.1750624E+004 -0.8200007E+003  0.9306233E+003 -0.7348486E+003
 286.000    12101988  0.2971038E+004  0.7320180E+004  0.3406120E+003  0.2124493E+003  0.9817186E+001  0.1755332E+004 -0.8222797E+003  0.9330524E+003 -0.7372879E+003
 287.000    13101988  0.2969688E+004  0.7320404E+004  0.3406120E+003  0.2122454E+003  0.9807973E+001  0.1758392E+004 -0.8236666E+003  0.9347253E+003 -0.7392203E+003
 288.000    14101988  0.2968691E+004  0.7320664E+004  0.3406120E+003  0.2124510E+003  0.9796650E+001  0.1761645E+004 -0.8251139E+003  0.9365314E+003 -0.7408535E+003
 289.000    15101988  0.2967859E+004  0.7320921E+004  0.3406120E+003  0.2129069E+003  0.9788384E+001  0.1765632E+004 -0.8269970E+003  0.9386354E+003 -0.7425526E+003
 290.000    16101988  0.2967112E+004  0.7321154E+004  0.3406120E+003  0.2136987E+003  0.9783720E+001  0.1770978E+004 -0.8296225E+003  0.9413556E+003 -0.7445682E+003
 291.000    17101988  0.2966395E+004  0.7321365E+004  0.3406120E+003  0.2143216E+003  0.9777334E+001  0.1776815E+004 -0.8326525E+003  0.9441629E+003 -0.7468509E+003
 292.000    18101988  0.2965899E+004  0.7321557E+004  0.3406120E+003  0.2146685E+003  0.9769165E+001  0.1783159E+004 -0.8362204E+003  0.9469381E+003 -0.7493719E+003
 293.000    19101988  0.2964723E+004  0.7321726E+004  0.3406120E+003  0.2143900E+003  0.9761609E+001  0.1788328E+004 -0.8391463E+003  0.9491818E+003 -0.7521670E+003
 294.000    20101988  0.2963328E+004  0.7321929E+004  0.3406120E+003  0.2147495E+003  0.9756045E+001  0.1792698E+004 -0.8409834E+003  0.9517146E+003 -0.7544166E+003
 295.000    21101988  0.2961966E+004  0.7322157E+004  0.3406120E+003  0.2153552E+003  0.9751416E+001  0.1796771E+004 -0.8426338E+003  0.9541372E+003 -0.7564997E+003
 296.000    22101988  0.2960699E+004  0.7322380E+004  0.3406120E+003  0.2160937E+003  0.9746315E+001  0.1801559E+004 -0.8445860E+003  0.9569730E+003 -0.7586695E+003
 297.000    23101988  0.2959643E+004  0.7322627E+004  0.3406120E+003  0.2163070E+003  0.9739769E+001  0.1805284E+004 -0.8462660E+003  0.9590183E+003 -0.7605076E+003
 298.000    24101988  0.2958884E+004  0.7322864E+004  0.3406120E+003  0.2171980E+003  0.9735186E+001  0.1810671E+004 -0.8487964E+003  0.9618743E+003 -0.7625473E+003
 299.000    25101988  0.2957885E+004  0.7323107E+004  0.3406120E+003  0.2171306E+003  0.9729065E+001  0.1814312E+004 -0.8506742E+003  0.9636378E+003 -0.7644425E+003
 300.000    26101988  0.2956934E+004  0.7323351E+004  0.3406120E+003  0.2181765E+003  0.9724676E+001  0.1819319E+004 -0.8527791E+003  0.9665397E+003 -0.7663763E+003
 301.000    27101988  0.2955945E+004  0.7323603E+004  0.3406120E+003  0.2183129E+003  0.9719241E+001  0.1823025E+004 -0.8545952E+003  0.9684298E+003 -0.7681838E+003
 302.000    28101988  0.2955227E+004  0.7323846E+004  0.3406120E+003  0.2191890E+003  0.9713391E+001  0.1828349E+004 -0.8571985E+003  0.9711501E+003 -0.7701953E+003
 303.000    29101988  0.2954243E+004  0.7324068E+004  0.3406120E+003  0.2192008E+003  0.9707853E+001  0.1832969E+004 -0.8596933E+003  0.9732753E+003 -0.7724363E+003
 304.000    30101988  0.2953532E+004  0.7324316E+004  0.3406120E+003  0.2196990E+003  0.9697895E+001  0.1836804E+004 -0.8612328E+003  0.9755707E+003 -0.7742796E+003
 305.000    31101988  0.2952343E+004  0.7324587E+004  0.3406120E+003  0.2195713E+003  0.9691969E+001  0.1839366E+004 -0.8624003E+003  0.9769661E+003 -0.7758688E+003
 306.000    01111988  0.2951238E+004  0.7324867E+004  0.3406120E+003  0.2155642E+003  0.9687396E+001  0.1843102E+004 -0.8638959E+003  0.9792058E+003 -0.7775111E+003
 307.000    02111988  0.2950222E+004  0.7325139E+004  0.3406120E+003  0.2166098E+003  0.9682841E+001  0.1847282E+004 -0.8655758E+003  0.9817065E+003 -0.7791836E+003
 308.000    03111988  0.2949459E+004  0.7325423E+004  0.3406120E+003  0.2172429E+003  0.9675765E+001  0.1850947E+004 -0.8672588E+003  0.9836880E+003 -0.7806760E+003
 309.000    04111988  0.2948901E+004  0.7325688E+004  0.3406120E+003  0.2182373E+003  0.9670072E+001  0.1856160E+004 -0.8698442E+003  0.9863161E+003 -0.7824552E+003
 310.000    05111988  0.2948458E+004  0.7325915E+004  0.3406120E+003  0.2181104E+003  0.9662327E+001  0.1861574E+004 -0.8732850E+003  0.9882887E+003 -0.7847451E+003
 311.000    06111988  0.2947398E+004  0.7326143E+004  0.3406120E+003  0.2181454E+003  0.9657680E+001  0.1865850E+004 -0.8755053E+003  0.9903450E+003 -0.7868778E+003
 312.000    07111988  0.2946361E+004  0.7326393E+004  0.3406120E+003  0.2183029E+003  0.9653684E+001  0.1869603E+004 -0.8773205E+003  0.9922822E+003 -0.7887179E+003
 313.000    08111988  0.2945587E+004  0.7326658E+004  0.3406120E+003  0.2187066E+003  0.9648329E+001  0.1873429E+004 -0.8791210E+003  0.9943082E+003 -0.7903875E+003
 314.000    09111988  0.2944852E+004  0.7326915E+004  0.3406120E+003  0.2191246E+003  0.9643653E+001  0.1877691E+004 -0.8812431E+003  0.9964483E+003 -0.7921906E+003
 315.000    10111988  0.2944359E+004  0.7327163E+004  0.3406120E+003  0.2197678E+003  0.9638193E+001  0.1882808E+004 -0.8838898E+003  0.9989184E+003 -0.7941145E+003
 316.000    11111988  0.2943566E+004  0.7327388E+004  0.3406120E+003  0.2194031E+003  0.9632234E+001  0.1887027E+004 -0.8864081E+003  0.1000619E+004 -0.7962949E+003
 317.000    12111988  0.2942619E+004  0.7327652E+004  0.3406120E+003  0.2192146E+003  0.9624678E+001  0.1889789E+004 -0.8877795E+003  0.1002009E+004 -0.7978975E+003
 318.000    13111988  0.2941882E+004  0.7327916E+004  0.3406120E+003  0.2199702E+003  0.9619695E+001  0.1894151E+004 -0.8897442E+003  0.1004406E+004 -0.7995946E+003
 319.000    14111988  0.2941154E+004  0.7328168E+004  0.3406120E+003  0.2204499E+003  0.9614973E+001  0.1898522E+004 -0.8918840E+003  0.1006638E+004 -0.8014138E+003
 320.000    15111988  0.2940476E+004  0.7328420E+004  0.3406120E+003  0.2209096E+003  0.9610520E+001  0.1902925E+004 -0.8940753E+003  0.1008849E+004 -0.8032210E+003
 321.000    16111988  0.2940097E+004  0.7328661E+004  0.3406120E+003  0.2211665E+003  0.9604560E+001  0.1907903E+004 -0.8968956E+003  0.1011008E+004 -0.8051963E+003
 322.000    17111988  0.2939600E+004  0.7328868E+004  0.3406120E+003  0.2205285E+003  0.9595782E+001  0.1912732E+004 -0.9000857E+003  0.1012646E+004 -0.8076661E+003
 323.000    18111988  0.2938528E+004  0.7329117E+004  0.3406120E+003  0.2199677E+003  0.9587017E+001  0.1915207E+004 -0.9014149E+003  0.1013792E+004 -0.8093919E+003
 324.000    19111988  0.2937736E+004  0.7329393E+004  0.3406120E+003  0.2207828E+003  0.9579422E+001  0.1918785E+004 -0.9026978E+003  0.1016087E+004 -0.8108625E+003
 325.000    20111988  0.2939463E+004  0.7329651E+004  0.3406120E+003  0.2218015E+003  0.9571908E+001  0.1924250E+004 -0.9053958E+003  0.1018855E+004 -0.8126737E+003
 326.000    21111988  0.2940544E+004  0.7329876E+004  0.3406120E+003  0.2209526E+003  0.9565511E+001  0.1927838E+004 -0.9077707E+003  0.1020068E+004 -0.8148114E+003
 327.000    22111988  0.2941352E+004  0.7330146E+004  0.3406120E+003  0.2204409E+003  0.9556342E+001  0.1929996E+004 -0.9089331E+003  0.1021063E+004 -0.8162957E+003
 328.000    23111988  0.2941997E+004  0.7330424E+004  0.3406120E+003  0.2202723E+003  0.9551123E+001  0.1932450E+004 -0.9101042E+003  0.1022345E+004 -0.8177372E+003
 329.000    24111988  0.2942546E+004  0.7330697E+004  0.3406120E+003  0.2204935E+003  0.9547172E+001  0.1935512E+004 -0.9114494E+003  0.1024062E+004 -0.8192421E+003
 330.000    25111988  0.2943306E+004  0.7330987E+004  0.3406120E+003  0.2205500E+003  0.9537800E+001  0.1938130E+004 -0.9127264E+003  0.1025403E+004 -0.8205048E+003
 331.000    26111988  0.2944218E+004  0.7331268E+004  0.3406120E+003  0.2207936E+003  0.9531192E+001  0.1941695E+004 -0.9146429E+003  0.1027052E+004 -0.8219138E+003
 332.000    27111988  0.2945152E+004  0.7331510E+004  0.3406120E+003  0.2203605E+003  0.9523550E+001  0.1945949E+004 -0.9176095E+003  0.1028340E+004 -0.8239627E+003
 333.000    28111988  0.2945291E+004  0.7331728E+004  0.3406120E+003  0.2195434E+003  0.9517732E+001  0.1949454E+004 -0.9197991E+003  0.1029655E+004 -0.8262063E+003
 334.000    29111988  0.2945436E+004  0.7331999E+004  0.3406120E+003  0.2187638E+003  0.9507447E+001  0.1951165E+004 -0.9208054E+003  0.1030359E+004 -0.8276193E+003
 335.000    30111988  0.2946383E+004  0.7332302E+004  0.3406120E+003  0.2184219E+003  0.9490593E+001  0.1953026E+004 -0.9218456E+003  0.1031180E+004 -0.8286954E+003
 336.000    01121988  0.2946597E+004  0.7332598E+004  0.3406120E+003  0.2183037E+003  0.9484354E+001  0.1955205E+004 -0.9229212E+003  0.1032284E+004 -0.8298817E+003
 337.000    02121988  0.2946855E+004  0.7332901E+004  0.3406120E+003  0.2177532E+003  0.9473301E+001  0.1956603E+004 -0.9238098E+003  0.1032793E+004 -0.8309145E+003
 338.000    03121988  0.2947383E+004  0.7333216E+004  0.3406120E+003  0.2178678E+003  0.9462236E+001  0.1958637E+004 -0.9248651E+003  0.1033772E+004 -0.8317382E+003
 339.000    04121988  0.2947658E+004  0.7333528E+004  0.3406120E+003  0.2181777E+003  0.9454651E+001  0.1960851E+004 -0.9258595E+003  0.1034991E+004 -0.8326583E+003
 340.000    05121988  0.2948025E+004  0.7333843E+004  0.3406120E+003  0.2180636E+003  0.9443871E+001  0.1962368E+004 -0.9267104E+003  0.1035657E+004 -0.8334038E+003
 341.000    06121988  0.2948568E+004  0.7334162E+004  0.3406120E+003  0.2183509E+003  0.9433792E+001  0.1964341E+004 -0.9277257E+003  0.1036615E+004 -0.8340400E+003
 342.000    07121988  0.2949153E+004  0.7334480E+004  0.3406120E+003  0.2187139E+003  0.9424979E+001  0.1966496E+004 -0.9288871E+003  0.1037609E+004 -0.8346647E+003
 343.000    08121988  0.2949464E+004  0.7334786E+004  0.3406120E+003  0.2192157E+003  0.9419691E+001  0.1969197E+004 -0.9302238E+003  0.1038974E+004 -0.8355572E+003
 344.000    09121988  0.2949319E+004  0.7335076E+004  0.3406120E+003  0.2192220E+003  0.9416378E+001  0.1971308E+004 -0.9313137E+003  0.1039994E+004 -0.8366307E+003
 345.000    10121988  0.2949455E+004  0.7335382E+004  0.3406120E+003  0.2186478E+003  0.9402054E+001  0.1972266E+004 -0.9320762E+003  0.1040190E+004 -0.8373738E+003
 346.000    11121988  0.2949732E+004  0.7335696E+004  0.3406120E+003  0.2182464E+003  0.9389650E+001  0.1973218E+004 -0.9328020E+003  0.1040416E+004 -0.8379576E+003
 347.000    12121988  0.2949979E+004  0.7336011E+004  0.3406120E+003  0.2077997E+003  0.9377237E+001  0.1973351E+004 -0.9334105E+003  0.1039941E+004 -0.8384702E+003
 348.000    13121988  0.2950238E+004  0.7336327E+004  0.3406120E+003  0.2047583E+003  0.9366003E+001  0.1973484E+004 -0.9339773E+003  0.1039507E+004 -0.8389000E+003
 349.000    14121988  0.2950690E+004  0.7336638E+004  0.3406120E+003  0.2053619E+003  0.9356351E+001  0.1974995E+004 -0.9347576E+003  0.1040237E+004 -0.8392652E+003
 350.000    15121988  0.2951267E+004  0.7336942E+004  0.3406120E+003  0.2064180E+003  0.9347831E+001  0.1977022E+004 -0.9358069E+003  0.1041216E+004 -0.8396518E+003
 351.000    16121988  0.2951674E+004  0.7337243E+004  0.3406120E+003  0.2063575E+003  0.9336255E+001  0.1977671E+004 -0.9366025E+003  0.1041068E+004 -0.8400508E+003
 352.000    17121988  0.2952020E+004  0.7337544E+004  0.3406120E+003  0.2063944E+003  0.9323786E+001  0.1978292E+004 -0.9372325E+003  0.1041060E+004 -0.8404222E+003
 353.000    18121988  0.2952404E+004  0.7337844E+004  0.3406120E+003  0.2061983E+003  0.9310623E+001  0.1978657E+004 -0.9378591E+003  0.1040798E+004 -0.8407456E+003
 354.000    19121988  0.2952782E+004  0.7338143E+004  0.3406120E+003  0.2067370E+003  0.9301185E+001  0.1979803E+004 -0.9385886E+003  0.1041214E+004 -0.8410515E+003
 355.000    20121988  0.2953284E+004  0.7338433E+004  0.3406120E+003  0.2076683E+003  0.9292171E+001  0.1981582E+004 -0.9395552E+003  0.1042027E+004 -0.8413807E+003
 356.000    21121988  0.2953911E+004  0.7338721E+004  0.3406120E+003  0.2095893E+003  0.9286709E+001  0.1984685E+004 -0.9408641E+003  0.1043821E+004 -0.8417251E+003
 357.000    22121988  0.2954517E+004  0.7339009E+004  0.3406120E+003  0.2113959E+003  0.9285981E+001  0.1987803E+004 -0.9422860E+003  0.1045517E+004 -0.8420742E+003
 358.000    23121988  0.2954941E+004  0.7339295E+004  0.3406120E+003  0.2131008E+003  0.9283335E+001  0.1990608E+004 -0.9434626E+003  0.1047145E+004 -0.8424412E+003
 359.000    24121988  0.2955851E+004  0.7339581E+004  0.3406120E+003  0.2147669E+003  0.9280575E+001  0.1994882E+004 -0.9454860E+003  0.1049396E+004 -0.8428619E+003
 360.000    25121988  0.2956508E+004  0.7339861E+004  0.3406120E+003  0.2145611E+003  0.9278665E+001  0.1998347E+004 -0.9475593E+003  0.1050788E+004 -0.8435924E+003
 361.000    26121988  0.2956518E+004  0.7340141E+004  0.3406120E+003  0.2141644E+003  0.9268350E+001  0.1999850E+004 -0.9484022E+003  0.1051448E+004 -0.8442122E+003
 362.000    27121988  0.2956747E+004  0.7340427E+004  0.3406120E+003  0.2143415E+003  0.9256338E+001  0.2001667E+004 -0.9493001E+003  0.1052367E+004 -0.8446697E+003
 363.000    28121988  0.2957250E+004  0.7340700E+004  0.3406120E+003  0.2154979E+003  0.9255098E+001  0.2005915E+004 -0.9514385E+003  0.1054477E+004 -0.8455365E+003
 364.000    29121988  0.2957068E+004  0.7340967E+004  0.3406120E+003  0.2144889E+003  0.9245956E+001  0.2007031E+004 -0.9525708E+003  0.1054460E+004 -0.8464659E+003
 365.000    30121988  0.2957446E+004  0.7341252E+004  0.3406120E+003  0.2145073E+003  0.9228328E+001  0.2008396E+004 -0.9532967E+003  0.1055099E+004 -0.8469774E+003
 366.000    31121988  0.2957444E+004  0.7341538E+004  0.3406120E+003  0.2147805E+003  0.9217857E+001  0.2009835E+004 -0.9540433E+003  0.1055792E+004 -0.8474228E+003
