    DOY     DATE    PRECN           ET              WATER           DISCHG          SNOWPACK        WTR_1           WTR_2           WTR_3           WTR_4           WTR_5           WTR_6           ICE_2           ICE_3           ICE_4           ICE_5           ICE_6           ICE_7           PSI_3           PSI_4           PSI_5           PSI_6           PSI_7           PSI_8           ACTV_LYR        
  30.000    30011960  0.9762000E+002  0.2531914E+002  0.8022919E+003  0.9525406E+002  0.0000000E+000  0.3213444E+000  0.3506511E+000  0.3469428E+000  0.2815645E+000  0.2749697E+000  0.3574945E+000  0.9537487E-012  0.9427162E-012  0.0000000E+000  0.0000000E+000  0.0000000E+000  0.0000000E+000 -0.6834886E-002 -0.5398462E-002 -0.3732286E-002 -0.2515829E-002 -0.2534975E-002 -0.3326771E-002 -0.9999000E+004
  60.000    29021960  0.1740600E+003  0.5505143E+002  0.8198679E+003  0.1245098E+003  0.0000000E+000  0.3172623E+000  0.3465016E+000  0.3439042E+000  0.2765127E+000  0.2690548E+000  0.3569282E+000  0.9537487E-012  0.9427162E-012  0.0000000E+000  0.0000000E+000  0.0000000E+000  0.0000000E+000 -0.7115023E-002 -0.5876840E-002 -0.4139748E-002 -0.2547370E-002 -0.2534336E-002 -0.2950518E-002 -0.9999000E+004
  90.000    30031960  0.2667400E+003  0.1022690E+003  0.8084470E+003  0.1813931E+003  0.0000000E+000  0.3436604E+000  0.3431157E+000  0.3452823E+000  0.2791195E+000  0.2743779E+000  0.3570870E+000  0.9537487E-012  0.9427162E-012  0.0000000E+000  0.0000000E+000  0.0000000E+000  0.0000000E+000 -0.7132054E-002 -0.5633298E-002 -0.3763082E-002 -0.2538260E-002 -0.2591845E-002 -0.3202499E-002 -0.9999000E+004
 120.000    29041960  0.3465700E+003  0.1671803E+003  0.7906761E+003  0.2140827E+003  0.0000000E+000  0.3247546E+000  0.3304432E+000  0.3382289E+000  0.2650027E+000  0.2566384E+000  0.3528873E+000  0.9537487E-012  0.9427162E-012  0.0000000E+000  0.0000000E+000  0.0000000E+000  0.0000000E+000 -0.8662409E-002 -0.7201269E-002 -0.5185958E-002 -0.2790359E-002 -0.2707411E-002 -0.3768029E-002 -0.9999000E+004
 150.000    29051960  0.4144000E+003  0.2428583E+003  0.7591687E+003  0.2377420E+003  0.0000000E+000  0.3366987E+000  0.3675866E+000  0.3610768E+000  0.2903230E+000  0.2485820E+000  0.3349976E+000  0.9537487E-012  0.9427162E-012  0.0000000E+000  0.0000000E+000  0.0000000E+000  0.0000000E+000 -0.4592735E-002 -0.4964664E-002 -0.6109058E-002 -0.4246109E-002 -0.4100981E-002 -0.6393253E-002 -0.9999000E+004
 180.000    28061960  0.5938000E+003  0.3363223E+003  0.8248567E+003  0.2579901E+003  0.0000000E+000  0.3462419E+000  0.3422718E+000  0.3464575E+000  0.2801541E+000  0.2668522E+000  0.3570996E+000  0.9537487E-012  0.9427162E-012  0.0000000E+000  0.0000000E+000  0.0000000E+000  0.0000000E+000 -0.6424186E-002 -0.5501033E-002 -0.4318090E-002 -0.2535857E-002 -0.2517439E-002 -0.2694421E-002 -0.9999000E+004
 210.000    28071960  0.6714100E+003  0.4410094E+003  0.7547569E+003  0.3010127E+003  0.0000000E+000  0.3379995E+000  0.3367626E+000  0.3407922E+000  0.2720924E+000  0.2602070E+000  0.3327521E+000  0.9537487E-012  0.9427162E-012  0.0000000E+000  0.0000000E+000  0.0000000E+000  0.0000000E+000 -0.7782905E-002 -0.6326291E-002 -0.4862894E-002 -0.4481040E-002 -0.4092097E-002 -0.6397571E-002 -0.9999000E+004
 240.000    27081960  0.8062900E+003  0.5350311E+003  0.7778004E+003  0.3188275E+003  0.0000000E+000  0.3439684E+000  0.3402385E+000  0.3506697E+000  0.2688429E+000  0.2593316E+000  0.3539302E+000  0.9537487E-012  0.9427162E-012  0.0000000E+000  0.0000000E+000  0.0000000E+000  0.0000000E+000 -0.7439869E-002 -0.6903167E-002 -0.4933788E-002 -0.2724685E-002 -0.2703454E-002 -0.3807546E-002 -0.9999000E+004
 270.000    26091960  0.8526700E+003  0.6176049E+003  0.7295902E+003  0.3308439E+003  0.0000000E+000  0.3090843E+000  0.3072352E+000  0.3119345E+000  0.2401206E+000  0.2237205E+000  0.3284008E+000  0.9537487E-012  0.9427162E-012  0.0000000E+000  0.0000000E+000  0.0000000E+000  0.0000000E+000 -0.1301321E-001 -0.1167495E-001 -0.1003593E-001 -0.4980747E-002 -0.4095705E-002 -0.6292256E-002 -0.9999000E+004
 300.000    26101960  0.9358600E+003  0.6691219E+003  0.7503141E+003  0.3417930E+003  0.0000000E+000  0.3129476E+000  0.3146664E+000  0.3198211E+000  0.2471514E+000  0.2390430E+000  0.3434144E+000  0.9537487E-012  0.9427162E-012  0.0000000E+000  0.0000000E+000  0.0000000E+000  0.0000000E+000 -0.1162587E-001 -0.1005684E-001 -0.7288170E-002 -0.3474035E-002 -0.3155075E-002 -0.4862341E-002 -0.9999000E+004
 330.000    25111960  0.1102180E+004  0.7022743E+003  0.8478180E+003  0.3774567E+003  0.0000000E+000  0.3623953E+000  0.3650842E+000  0.3686690E+000  0.3081918E+000  0.2861200E+000  0.3575433E+000  0.9537487E-012  0.9427162E-012  0.0000000E+000  0.0000000E+000  0.0000000E+000  0.0000000E+000 -0.4351011E-002 -0.3668638E-002 -0.3148238E-002 -0.2514004E-002 -0.2527516E-002 -0.2926944E-002 -0.9999000E+004
 360.000    25121960  0.1177410E+004  0.7276881E+003  0.8120640E+003  0.4629810E+003  0.0000000E+000  0.3248197E+000  0.3528523E+000  0.3515634E+000  0.2839842E+000  0.2715077E+000  0.3576099E+000  0.9537487E-012  0.9427162E-012  0.0000000E+000  0.0000000E+000  0.0000000E+000  0.0000000E+000 -0.5806768E-002 -0.5248436E-002 -0.3979431E-002 -0.2509059E-002 -0.2509122E-002 -0.4043705E-002 -0.9999000E+004
