    DOY     DATE    RESIDUE_C       HUMUS_C         ATM_CO2         NBP             ECO_LAI         ECO_GPP         ECO_RA          ECO_NPP         ECO_RH          
  30.000    30011909  0.1374489E+004  0.8237152E+004  0.3406120E+003 -0.4982739E+002  0.2964442E+000  0.0000000E+000 -0.2588911E+002 -0.2588911E+002 -0.2019309E+002
  60.000    01031909  0.1393727E+004  0.8241784E+004  0.3406120E+003 -0.8667422E+002  0.2403768E+000  0.1408261E+001 -0.4789663E+002 -0.4648837E+002 -0.3463720E+002
  90.000    31031909  0.1384146E+004  0.8246319E+004  0.3406120E+003 -0.1131455E+003  0.1361801E+001  0.4451040E+002 -0.8413036E+002 -0.3961996E+002 -0.5870685E+002
 120.000    30041909  0.1348597E+004  0.8251233E+004  0.3406120E+003 -0.2970937E+002  0.3321889E+001  0.2461002E+003 -0.1628528E+003  0.8324737E+002 -0.1006388E+003
 150.000    30051909  0.1308352E+004  0.8253888E+004  0.3406120E+003  0.1536147E+003  0.6021664E+001  0.6440283E+003 -0.3252828E+003  0.3187455E+003 -0.1552045E+003
 180.000    29061909  0.1275646E+004  0.8254148E+004  0.3406120E+003  0.2807976E+003  0.7205111E+001  0.1031792E+004 -0.5291263E+003  0.5026657E+003 -0.2113507E+003
 210.000    29071909  0.1224483E+004  0.8250577E+004  0.3406120E+003  0.3172013E+003  0.7268711E+001  0.1372769E+004 -0.7593444E+003  0.6134241E+003 -0.2857803E+003
 240.000    28081909  0.1289900E+004  0.8246824E+004  0.3406120E+003  0.3824429E+003  0.3103829E+001  0.1699617E+004 -0.9529341E+003  0.7466833E+003 -0.3578068E+003
 270.000    27091909  0.1310181E+004  0.8242464E+004  0.3406120E+003  0.3017151E+003  0.4654873E+000  0.1836529E+004 -0.1099273E+004  0.7372562E+003 -0.4285526E+003
 300.000    27101909  0.1312820E+004  0.8241960E+004  0.3406120E+003  0.1983646E+003  0.7588791E-001  0.1852731E+004 -0.1168911E+004  0.6838193E+003 -0.4740397E+003
 330.000    26111909  0.1445044E+004  0.8245046E+004  0.3406120E+003  0.1085350E+003  0.0000000E+000  0.1853958E+004 -0.1216282E+004  0.6376764E+003 -0.5191758E+003
 360.000    26121909  0.1489322E+004  0.8250161E+004  0.3406120E+003  0.5307905E+002  0.0000000E+000  0.1853958E+004 -0.1246092E+004  0.6078662E+003 -0.5475179E+003
