    DOY     DATE    RESIDUE_C       HUMUS_C         ATM_CO2         NBP             ECO_LAI         ECO_GPP         ECO_RA          ECO_NPP         ECO_RH          
  30.000    30011906  0.1112177E+004  0.8174303E+004  0.3406120E+003 -0.2795319E+002  0.1085841E+000  0.0000000E+000 -0.1667682E+002 -0.1667682E+002 -0.7632201E+001
  60.000    01031906  0.1115535E+004  0.8177214E+004  0.3406120E+003 -0.5618853E+002  0.1309914E-001  0.0000000E+000 -0.3367806E+002 -0.3367806E+002 -0.1894586E+002
  90.000    31031906  0.1119693E+004  0.8180680E+004  0.3406120E+003 -0.1019897E+003  0.3375083E+000  0.3064696E+001 -0.5795411E+002 -0.5488942E+002 -0.4489565E+002
 120.000    30041906  0.1096182E+004  0.8184384E+004  0.3406120E+003 -0.9147543E+002  0.1964703E+001  0.9522128E+002 -0.1073807E+003 -0.1215938E+002 -0.7871456E+002
 150.000    30051906  0.1059408E+004  0.8186705E+004  0.3406120E+003  0.6790171E+002  0.4483084E+001  0.4135679E+003 -0.2250499E+003  0.1885180E+003 -0.1239338E+003
 180.000    29061906  0.1015945E+004  0.8187009E+004  0.3406120E+003  0.2171249E+003  0.6115303E+001  0.7945664E+003 -0.3961369E+003  0.3984296E+003 -0.1863630E+003
 210.000    29071906  0.9869973E+003  0.8185464E+004  0.3406120E+003  0.3072886E+003  0.6293094E+001  0.1127942E+004 -0.5871230E+003  0.5408185E+003 -0.2352753E+003
 240.000    28081906  0.9872615E+003  0.8182795E+004  0.3406120E+003  0.3748238E+003  0.5018141E+001  0.1419839E+004 -0.7612806E+003  0.6585585E+003 -0.2839826E+003
 270.000    27091906  0.1066404E+004  0.8180762E+004  0.3406120E+003  0.3822303E+003  0.1324524E+001  0.1616150E+004 -0.9036439E+003  0.7125063E+003 -0.3314814E+003
 300.000    27101906  0.1057071E+004  0.8181134E+004  0.3406120E+003  0.3234570E+003  0.3968187E+000  0.1668430E+004 -0.9730403E+003  0.6953898E+003 -0.3748627E+003
 330.000    26111906  0.1207981E+004  0.8184505E+004  0.3406120E+003  0.2550110E+003  0.2700155E+000  0.1673210E+004 -0.1013780E+004  0.6594298E+003 -0.4086123E+003
 360.000    26121906  0.1244565E+004  0.8188613E+004  0.3406120E+003  0.1967361E+003  0.2016823E+000  0.1673210E+004 -0.1041148E+004  0.6320619E+003 -0.4293834E+003
