    DOY     DATE    WTR_STRESS      
   1.000    01011996  0.0000000E+000
   2.000    02011996  0.0000000E+000
   3.000    03011996  0.0000000E+000
   4.000    04011996  0.0000000E+000
   5.000    05011996  0.0000000E+000
   6.000    06011996  0.0000000E+000
   7.000    07011996  0.0000000E+000
   8.000    08011996  0.0000000E+000
   9.000    09011996  0.0000000E+000
  10.000    10011996  0.0000000E+000
  11.000    11011996  0.0000000E+000
  12.000    12011996  0.0000000E+000
  13.000    13011996  0.0000000E+000
  14.000    14011996  0.0000000E+000
  15.000    15011996  0.0000000E+000
  16.000    16011996  0.0000000E+000
  17.000    17011996  0.0000000E+000
  18.000    18011996  0.0000000E+000
  19.000    19011996  0.0000000E+000
  20.000    20011996  0.0000000E+000
  21.000    21011996  0.0000000E+000
  22.000    22011996  0.0000000E+000
  23.000    23011996  0.0000000E+000
  24.000    24011996  0.0000000E+000
  25.000    25011996  0.0000000E+000
  26.000    26011996  0.0000000E+000
  27.000    27011996  0.0000000E+000
  28.000    28011996  0.0000000E+000
  29.000    29011996  0.0000000E+000
  30.000    30011996  0.0000000E+000
  31.000    31011996  0.0000000E+000
  32.000    01021996  0.0000000E+000
  33.000    02021996  0.0000000E+000
  34.000    03021996  0.0000000E+000
  35.000    04021996  0.0000000E+000
  36.000    05021996  0.0000000E+000
  37.000    06021996  0.0000000E+000
  38.000    07021996  0.0000000E+000
  39.000    08021996  0.0000000E+000
  40.000    09021996  0.0000000E+000
  41.000    10021996  0.0000000E+000
  42.000    11021996  0.0000000E+000
  43.000    12021996  0.0000000E+000
  44.000    13021996  0.0000000E+000
  45.000    14021996  0.0000000E+000
  46.000    15021996  0.0000000E+000
  47.000    16021996  0.0000000E+000
  48.000    17021996  0.0000000E+000
  49.000    18021996  0.0000000E+000
  50.000    19021996  0.0000000E+000
  51.000    20021996  0.0000000E+000
  52.000    21021996  0.0000000E+000
  53.000    22021996  0.0000000E+000
  54.000    23021996  0.0000000E+000
  55.000    24021996  0.0000000E+000
  56.000    25021996  0.0000000E+000
  57.000    26021996  0.0000000E+000
  58.000    27021996  0.0000000E+000
  59.000    28021996  0.0000000E+000
  60.000    29021996  0.0000000E+000
  61.000    01031996  0.0000000E+000
  62.000    02031996  0.0000000E+000
  63.000    03031996  0.0000000E+000
  64.000    04031996  0.0000000E+000
  65.000    05031996  0.0000000E+000
  66.000    06031996  0.0000000E+000
  67.000    07031996  0.0000000E+000
  68.000    08031996  0.0000000E+000
  69.000    09031996  0.0000000E+000
  70.000    10031996  0.0000000E+000
  71.000    11031996  0.0000000E+000
  72.000    12031996  0.0000000E+000
  73.000    13031996  0.0000000E+000
  74.000    14031996  0.0000000E+000
  75.000    15031996  0.0000000E+000
  76.000    16031996  0.0000000E+000
  77.000    17031996  0.0000000E+000
  78.000    18031996  0.0000000E+000
  79.000    19031996  0.0000000E+000
  80.000    20031996  0.0000000E+000
  81.000    21031996  0.0000000E+000
  82.000    22031996  0.0000000E+000
  83.000    23031996  0.0000000E+000
  84.000    24031996  0.0000000E+000
  85.000    25031996  0.0000000E+000
  86.000    26031996  0.0000000E+000
  87.000    27031996  0.0000000E+000
  88.000    28031996  0.0000000E+000
  89.000    29031996  0.0000000E+000
  90.000    30031996  0.0000000E+000
  91.000    31031996  0.0000000E+000
  92.000    01041996  0.0000000E+000
  93.000    02041996  0.0000000E+000
  94.000    03041996  0.0000000E+000
  95.000    04041996  0.0000000E+000
  96.000    05041996  0.0000000E+000
  97.000    06041996  0.0000000E+000
  98.000    07041996  0.0000000E+000
  99.000    08041996  0.0000000E+000
 100.000    09041996  0.0000000E+000
 101.000    10041996  0.0000000E+000
 102.000    11041996  0.0000000E+000
 103.000    12041996  0.0000000E+000
 104.000    13041996  0.0000000E+000
 105.000    14041996  0.0000000E+000
 106.000    15041996  0.0000000E+000
 107.000    16041996  0.0000000E+000
 108.000    17041996  0.0000000E+000
 109.000    18041996  0.0000000E+000
 110.000    19041996  0.0000000E+000
 111.000    20041996  0.0000000E+000
 112.000    21041996  0.0000000E+000
 113.000    22041996  0.0000000E+000
 114.000    23041996  0.0000000E+000
 115.000    24041996  0.0000000E+000
 116.000    25041996  0.0000000E+000
 117.000    26041996  0.0000000E+000
 118.000    27041996  0.0000000E+000
 119.000    28041996  0.0000000E+000
 120.000    29041996  0.0000000E+000
 121.000    30041996  0.0000000E+000
 122.000    01051996  0.0000000E+000
 123.000    02051996  0.0000000E+000
 124.000    03051996  0.0000000E+000
 125.000    04051996  0.0000000E+000
 126.000    05051996  0.0000000E+000
 127.000    06051996  0.0000000E+000
 128.000    07051996  0.0000000E+000
 129.000    08051996  0.0000000E+000
 130.000    09051996  0.0000000E+000
 131.000    10051996  0.0000000E+000
 132.000    11051996  0.0000000E+000
 133.000    12051996  0.0000000E+000
 134.000    13051996  0.0000000E+000
 135.000    14051996  0.0000000E+000
 136.000    15051996  0.0000000E+000
 137.000    16051996  0.0000000E+000
 138.000    17051996  0.0000000E+000
 139.000    18051996  0.0000000E+000
 140.000    19051996  0.0000000E+000
 141.000    20051996  0.0000000E+000
 142.000    21051996  0.0000000E+000
 143.000    22051996  0.0000000E+000
 144.000    23051996  0.0000000E+000
 145.000    24051996  0.0000000E+000
 146.000    25051996  0.0000000E+000
 147.000    26051996  0.0000000E+000
 148.000    27051996  0.0000000E+000
 149.000    28051996  0.0000000E+000
 150.000    29051996  0.0000000E+000
 151.000    30051996  0.0000000E+000
 152.000    31051996  0.0000000E+000
 153.000    01061996  0.0000000E+000
 154.000    02061996  0.0000000E+000
 155.000    03061996  0.0000000E+000
 156.000    04061996  0.0000000E+000
 157.000    05061996  0.0000000E+000
 158.000    06061996  0.0000000E+000
 159.000    07061996  0.0000000E+000
 160.000    08061996  0.0000000E+000
 161.000    09061996  0.0000000E+000
 162.000    10061996  0.0000000E+000
 163.000    11061996  0.0000000E+000
 164.000    12061996  0.0000000E+000
 165.000    13061996  0.0000000E+000
 166.000    14061996  0.0000000E+000
 167.000    15061996  0.0000000E+000
 168.000    16061996  0.0000000E+000
 169.000    17061996  0.0000000E+000
 170.000    18061996  0.0000000E+000
 171.000    19061996  0.0000000E+000
 172.000    20061996  0.0000000E+000
 173.000    21061996  0.0000000E+000
 174.000    22061996  0.0000000E+000
 175.000    23061996  0.0000000E+000
 176.000    24061996  0.0000000E+000
 177.000    25061996  0.0000000E+000
 178.000    26061996  0.0000000E+000
 179.000    27061996  0.0000000E+000
 180.000    28061996  0.0000000E+000
 181.000    29061996  0.0000000E+000
 182.000    30061996  0.0000000E+000
 183.000    01071996  0.0000000E+000
 184.000    02071996  0.0000000E+000
 185.000    03071996  0.0000000E+000
 186.000    04071996  0.0000000E+000
 187.000    05071996  0.0000000E+000
 188.000    06071996  0.0000000E+000
 189.000    07071996  0.0000000E+000
 190.000    08071996  0.0000000E+000
 191.000    09071996  0.0000000E+000
 192.000    10071996  0.0000000E+000
 193.000    11071996  0.0000000E+000
 194.000    12071996  0.0000000E+000
 195.000    13071996  0.0000000E+000
 196.000    14071996  0.0000000E+000
 197.000    15071996  0.0000000E+000
 198.000    16071996  0.0000000E+000
 199.000    17071996  0.0000000E+000
 200.000    18071996  0.0000000E+000
 201.000    19071996  0.0000000E+000
 202.000    20071996  0.0000000E+000
 203.000    21071996  0.0000000E+000
 204.000    22071996  0.0000000E+000
 205.000    23071996  0.0000000E+000
 206.000    24071996  0.0000000E+000
 207.000    25071996  0.0000000E+000
 208.000    26071996  0.0000000E+000
 209.000    27071996  0.0000000E+000
 210.000    28071996  0.0000000E+000
 211.000    29071996  0.0000000E+000
 212.000    30071996  0.0000000E+000
 213.000    31071996  0.0000000E+000
 214.000    01081996  0.0000000E+000
 215.000    02081996  0.0000000E+000
 216.000    03081996  0.0000000E+000
 217.000    04081996  0.0000000E+000
 218.000    05081996  0.0000000E+000
 219.000    06081996  0.0000000E+000
 220.000    07081996  0.0000000E+000
 221.000    08081996  0.0000000E+000
 222.000    09081996  0.0000000E+000
 223.000    10081996  0.0000000E+000
 224.000    11081996  0.0000000E+000
 225.000    12081996  0.0000000E+000
 226.000    13081996  0.0000000E+000
 227.000    14081996  0.0000000E+000
 228.000    15081996  0.0000000E+000
 229.000    16081996  0.0000000E+000
 230.000    17081996  0.0000000E+000
 231.000    18081996  0.0000000E+000
 232.000    19081996  0.0000000E+000
 233.000    20081996  0.0000000E+000
 234.000    21081996  0.0000000E+000
 235.000    22081996  0.0000000E+000
 236.000    23081996  0.0000000E+000
 237.000    24081996  0.0000000E+000
 238.000    25081996  0.0000000E+000
 239.000    26081996  0.0000000E+000
 240.000    27081996  0.0000000E+000
 241.000    28081996  0.0000000E+000
 242.000    29081996  0.0000000E+000
 243.000    30081996  0.0000000E+000
 244.000    31081996  0.0000000E+000
 245.000    01091996  0.0000000E+000
 246.000    02091996  0.0000000E+000
 247.000    03091996  0.0000000E+000
 248.000    04091996  0.0000000E+000
 249.000    05091996  0.0000000E+000
 250.000    06091996  0.0000000E+000
 251.000    07091996  0.0000000E+000
 252.000    08091996  0.0000000E+000
 253.000    09091996  0.0000000E+000
 254.000    10091996  0.0000000E+000
 255.000    11091996  0.0000000E+000
 256.000    12091996  0.0000000E+000
 257.000    13091996  0.0000000E+000
 258.000    14091996  0.0000000E+000
 259.000    15091996  0.0000000E+000
 260.000    16091996  0.0000000E+000
 261.000    17091996  0.0000000E+000
 262.000    18091996  0.0000000E+000
 263.000    19091996  0.0000000E+000
 264.000    20091996  0.0000000E+000
 265.000    21091996  0.0000000E+000
 266.000    22091996  0.0000000E+000
 267.000    23091996  0.0000000E+000
 268.000    24091996  0.0000000E+000
 269.000    25091996  0.0000000E+000
 270.000    26091996  0.0000000E+000
 271.000    27091996  0.0000000E+000
 272.000    28091996  0.0000000E+000
 273.000    29091996  0.0000000E+000
 274.000    30091996  0.0000000E+000
 275.000    01101996  0.0000000E+000
 276.000    02101996  0.0000000E+000
 277.000    03101996  0.0000000E+000
 278.000    04101996  0.0000000E+000
 279.000    05101996  0.0000000E+000
 280.000    06101996  0.0000000E+000
 281.000    07101996  0.0000000E+000
 282.000    08101996  0.0000000E+000
 283.000    09101996  0.0000000E+000
 284.000    10101996  0.0000000E+000
 285.000    11101996  0.0000000E+000
 286.000    12101996  0.0000000E+000
 287.000    13101996  0.0000000E+000
 288.000    14101996  0.0000000E+000
 289.000    15101996  0.0000000E+000
 290.000    16101996  0.0000000E+000
 291.000    17101996  0.0000000E+000
 292.000    18101996  0.0000000E+000
 293.000    19101996  0.0000000E+000
 294.000    20101996  0.0000000E+000
 295.000    21101996  0.0000000E+000
 296.000    22101996  0.0000000E+000
 297.000    23101996  0.0000000E+000
 298.000    24101996  0.0000000E+000
 299.000    25101996  0.0000000E+000
 300.000    26101996  0.0000000E+000
 301.000    27101996  0.0000000E+000
 302.000    28101996  0.0000000E+000
 303.000    29101996  0.0000000E+000
 304.000    30101996  0.0000000E+000
 305.000    31101996  0.0000000E+000
 306.000    01111996  0.0000000E+000
 307.000    02111996  0.0000000E+000
 308.000    03111996  0.0000000E+000
 309.000    04111996  0.0000000E+000
 310.000    05111996  0.0000000E+000
 311.000    06111996  0.0000000E+000
 312.000    07111996  0.0000000E+000
 313.000    08111996  0.0000000E+000
 314.000    09111996  0.0000000E+000
 315.000    10111996  0.0000000E+000
 316.000    11111996  0.0000000E+000
 317.000    12111996  0.0000000E+000
 318.000    13111996  0.0000000E+000
 319.000    14111996  0.0000000E+000
 320.000    15111996  0.0000000E+000
 321.000    16111996  0.0000000E+000
 322.000    17111996  0.0000000E+000
 323.000    18111996  0.0000000E+000
 324.000    19111996  0.0000000E+000
 325.000    20111996  0.0000000E+000
 326.000    21111996  0.0000000E+000
 327.000    22111996  0.0000000E+000
 328.000    23111996  0.0000000E+000
 329.000    24111996  0.0000000E+000
 330.000    25111996  0.0000000E+000
 331.000    26111996  0.0000000E+000
 332.000    27111996  0.0000000E+000
 333.000    28111996  0.0000000E+000
 334.000    29111996  0.0000000E+000
 335.000    30111996  0.0000000E+000
 336.000    01121996  0.0000000E+000
 337.000    02121996  0.0000000E+000
 338.000    03121996  0.0000000E+000
 339.000    04121996  0.0000000E+000
 340.000    05121996  0.0000000E+000
 341.000    06121996  0.0000000E+000
 342.000    07121996  0.0000000E+000
 343.000    08121996  0.0000000E+000
 344.000    09121996  0.0000000E+000
 345.000    10121996  0.0000000E+000
 346.000    11121996  0.0000000E+000
 347.000    12121996  0.0000000E+000
 348.000    13121996  0.0000000E+000
 349.000    14121996  0.0000000E+000
 350.000    15121996  0.0000000E+000
 351.000    16121996  0.0000000E+000
 352.000    17121996  0.0000000E+000
 353.000    18121996  0.0000000E+000
 354.000    19121996  0.0000000E+000
 355.000    20121996  0.0000000E+000
 356.000    21121996  0.0000000E+000
 357.000    22121996  0.0000000E+000
 358.000    23121996  0.0000000E+000
 359.000    24121996  0.0000000E+000
 360.000    25121996  0.0000000E+000
 361.000    26121996  0.0000000E+000
 362.000    27121996  0.0000000E+000
 363.000    28121996  0.0000000E+000
 364.000    29121996  0.0000000E+000
 365.000    30121996  0.0000000E+000
 366.000    31121996  0.0000000E+000
