    DOY     DATE    PRECN           ET              WATER           DISCHG          SNOWPACK        WTR_1           WTR_2           WTR_3           WTR_4           WTR_5           WTR_6           ICE_2           ICE_3           ICE_4           ICE_5           ICE_6           ICE_7           PSI_3           PSI_4           PSI_5           PSI_6           PSI_7           PSI_8           ACTV_LYR        
  30.000    30011918  0.1008100E+003  0.2440265E+002  0.7870822E+003  0.0000000E+000  0.0000000E+000  0.3373972E+000  0.3430444E+000  0.3533120E+000  0.2850261E+000  0.2777763E+000  0.3568208E+000  0.9772270E-012  0.9527960E-012  0.0000000E+000  0.0000000E+000  0.0000000E+000  0.0000000E+000 -0.6196569E-002 -0.5070545E-002 -0.3561207E-002 -0.2554957E-002 -0.2550776E-002 -0.3266980E-002 -0.9999000E+004
  60.000    01031918  0.2181400E+003  0.6065663E+002  0.8229940E+003  0.4514748E+002  0.0000000E+000  0.3115915E+000  0.3374692E+000  0.3342825E+000  0.2647863E+000  0.2585422E+000  0.3552933E+000  0.9772270E-012  0.9527960E-012  0.0000000E+000  0.0000000E+000  0.0000000E+000  0.0000000E+000 -0.8966244E-002 -0.7207420E-002 -0.5004691E-002 -0.2642722E-002 -0.2602646E-002 -0.3628325E-002 -0.9999000E+004
  90.000    31031918  0.3271000E+003  0.1216404E+003  0.8130858E+003  0.1030320E+003  0.0000000E+000  0.3613865E+000  0.3569834E+000  0.3678597E+000  0.3121212E+000  0.2919448E+000  0.3575833E+000  0.9772270E-012  0.9527960E-012  0.0000000E+000  0.0000000E+000  0.0000000E+000  0.0000000E+000 -0.4808057E-002 -0.3239499E-002 -0.2873767E-002 -0.2512421E-002 -0.2510147E-002 -0.2693783E-002 -0.9999000E+004
 120.000    30041918  0.3994800E+003  0.2283538E+003  0.7458637E+003  0.1359205E+003  0.0000000E+000  0.2945938E+000  0.2887694E+000  0.2923486E+000  0.1970385E+000  0.2083455E+000  0.3366001E+000  0.9772270E-012  0.9527960E-012  0.0000000E+000  0.0000000E+000  0.0000000E+000  0.0000000E+000 -0.1746750E-001 -0.3289038E-001 -0.1538221E-001 -0.4082234E-002 -0.3235735E-002 -0.5065250E-002 -0.9999000E+004
 150.000    30051918  0.5992200E+003  0.3479550E+003  0.7993517E+003  0.1625714E+003  0.0000000E+000  0.3266703E+000  0.3368902E+000  0.3457698E+000  0.2772979E+000  0.2641218E+000  0.3575450E+000  0.9772270E-012  0.9527960E-012  0.0000000E+000  0.0000000E+000  0.0000000E+000  0.0000000E+000 -0.7367154E-002 -0.5704873E-002 -0.4468941E-002 -0.2455732E-002 -0.2499764E-002 -0.2537172E-002 -0.9999000E+004
 180.000    29061918  0.6362100E+003  0.4958378E+003  0.6649766E+003  0.1860535E+003  0.0000000E+000  0.1241206E+000  0.1217179E+000  0.1306866E+000  0.1143510E+000  0.1466893E+000  0.3044589E+000  0.9772270E-012  0.9527960E-012  0.0000000E+000  0.0000000E+000  0.0000000E+000  0.0000000E+000 -0.8126280E+000 -0.5309937E+000 -0.1256150E+000 -0.9134056E-002 -0.4918244E-002 -0.6944906E-002 -0.9999000E+004
 210.000    29071918  0.7075500E+003  0.6341908E+003  0.5813977E+003  0.2026195E+003  0.0000000E+000  0.1247397E+000  0.1207944E+000  0.1265384E+000  0.1067596E+000  0.1128260E+000  0.2464265E+000  0.9772270E-012  0.9527960E-012  0.0000000E+000  0.0000000E+000  0.0000000E+000  0.0000000E+000 -0.9585524E+000 -0.7608568E+000 -0.6142494E+000 -0.5888372E-001 -0.1488417E-001 -0.1990340E-001 -0.9999000E+004
 240.000    28081918  0.7988700E+003  0.7590017E+003  0.5405084E+003  0.2100179E+003  0.0000000E+000  0.1323852E+000  0.1261324E+000  0.1391075E+000  0.1238713E+000  0.1241113E+000  0.2158317E+000  0.9772270E-012  0.9527960E-012  0.0000000E+000  0.0000000E+000  0.0000000E+000  0.0000000E+000 -0.6022905E+000 -0.3516280E+000 -0.3458574E+000 -0.1909104E+000 -0.3920185E-001 -0.5157284E-001 -0.9999000E+004
 270.000    27091918  0.8200800E+003  0.8556846E+003  0.4625186E+003  0.2125347E+003  0.0000000E+000  0.1226675E+000  0.1206929E+000  0.1234886E+000  0.1007488E+000  0.1035755E+000  0.1838921E+000  0.9772270E-012  0.9527960E-012  0.0000000E+000  0.0000000E+000  0.0000000E+000  0.0000000E+000 -0.1090213E+001 -0.1032616E+001 -0.1033549E+001 -0.7904509E+000 -0.2935509E+000 -0.3996413E+000 -0.9999000E+004
 300.000    27101918  0.1059310E+004  0.8963448E+003  0.6610883E+003  0.2125347E+003  0.0000000E+000  0.3442571E+000  0.3512643E+000  0.3524179E+000  0.2902168E+000  0.2927875E+000  0.3575719E+000  0.9772270E-012  0.9527960E-012  0.0000000E+000  0.0000000E+000  0.0000000E+000  0.0000000E+000 -0.5537913E-002 -0.4679471E-002 -0.2751411E-002 -0.2513603E-002 -0.3317849E-002 -0.1282321E+000 -0.9999000E+004
 330.000    26111918  0.1095560E+004  0.9288326E+003  0.6648471E+003  0.2125347E+003  0.0000000E+000  0.3075828E+000  0.3143080E+000  0.3169382E+000  0.2468411E+000  0.2406307E+000  0.3467062E+000  0.9772270E-012  0.9527960E-012  0.0000000E+000  0.0000000E+000  0.0000000E+000  0.0000000E+000 -0.1202304E-001 -0.1009896E-001 -0.7061975E-002 -0.3217651E-002 -0.2697459E-002 -0.5967859E-002 -0.9999000E+004
 360.000    26121918  0.1195380E+004  0.9536372E+003  0.7398492E+003  0.2125347E+003  0.0000000E+000  0.3465027E+000  0.3430603E+000  0.3465336E+000  0.2725553E+000  0.2619864E+000  0.3564855E+000  0.9772270E-012  0.9527960E-012  0.0000000E+000  0.0000000E+000  0.0000000E+000  0.0000000E+000 -0.6725234E-002 -0.6475370E-002 -0.4706941E-002 -0.2572691E-002 -0.2572786E-002 -0.3415750E-002 -0.9999000E+004
