    DOY     DATE    RESIDUE_C       HUMUS_C         ATM_CO2         NBP             ECO_LAI         ECO_GPP         ECO_RA          ECO_NPP         ECO_RH          
  30.000    30011907  0.1252390E+004  0.8192818E+004  0.3406120E+003 -0.2783325E+002  0.2309796E-001  0.0000000E+000 -0.1752599E+002 -0.1752599E+002 -0.8859837E+001
  60.000    01031907  0.1255633E+004  0.8196231E+004  0.3406120E+003 -0.5422392E+002  0.0000000E+000  0.0000000E+000 -0.3477834E+002 -0.3477834E+002 -0.1964346E+002
  90.000    31031907  0.1249371E+004  0.8199971E+004  0.3406120E+003 -0.9620463E+002  0.0000000E+000  0.0000000E+000 -0.5545884E+002 -0.5545884E+002 -0.4256037E+002
 120.000    30041907  0.1239965E+004  0.8204118E+004  0.3406120E+003 -0.1418333E+003  0.1178898E+001  0.3011740E+002 -0.9336441E+002 -0.6324701E+002 -0.8185740E+002
 150.000    30051907  0.1196306E+004  0.8206231E+004  0.3406120E+003 -0.1004565E+002  0.4287447E+001  0.3345977E+003 -0.2166061E+003  0.1179916E+003 -0.1325829E+003
 180.000    29061907  0.1162191E+004  0.8205236E+004  0.3406120E+003  0.1567364E+003  0.6063506E+001  0.7374724E+003 -0.4012739E+003  0.3361985E+003 -0.1831216E+003
 210.000    29071907  0.1127316E+004  0.8202538E+004  0.3406120E+003  0.2408091E+003  0.6186834E+001  0.1075039E+004 -0.5993699E+003  0.4756696E+003 -0.2371930E+003
 240.000    28081907  0.1142613E+004  0.8199140E+004  0.3406120E+003  0.3269417E+003  0.4191647E+001  0.1386765E+004 -0.7748487E+003  0.6119161E+003 -0.2883522E+003
 270.000    27091907  0.1170055E+004  0.8195871E+004  0.3406120E+003  0.3174268E+003  0.1110572E+001  0.1586724E+004 -0.9181555E+003  0.6685680E+003 -0.3664509E+003
 300.000    27101907  0.1147163E+004  0.8197753E+004  0.3406120E+003  0.2495680E+003  0.4465694E+000  0.1632382E+004 -0.9749848E+003  0.6573976E+003 -0.4154700E+003
 330.000    26111907  0.1307053E+004  0.8201756E+004  0.3406120E+003  0.1746687E+003  0.3796602E+000  0.1633816E+004 -0.1013525E+004  0.6202907E+003 -0.4517272E+003
 360.000    26121907  0.1322091E+004  0.8206323E+004  0.3406120E+003  0.1255010E+003  0.3156924E+000  0.1633816E+004 -0.1039728E+004  0.5940883E+003 -0.4756235E+003
