    DOY     DATE    RESIDUE_C       HUMUS_C         ATM_CO2         NBP             ECO_LAI         ECO_GPP         ECO_RA          ECO_NPP         ECO_RH          
   1.000    01011992  0.2689984E+004  0.7435838E+004  0.3406120E+003  0.1638680E+000  0.1068807E+002  0.1945915E+001 -0.1121749E+001  0.8241663E+000 -0.5763538E+000
   2.000    02011992  0.2689687E+004  0.7436088E+004  0.3406120E+003  0.1059703E+001  0.1068542E+002  0.5322113E+001 -0.2823948E+001  0.2498165E+001 -0.1367512E+001
   3.000    03011992  0.2689345E+004  0.7436311E+004  0.3406120E+003  0.1622474E+001  0.1068383E+002  0.9292817E+001 -0.5355122E+001  0.3937695E+001 -0.2510231E+001
   4.000    04011992  0.2688750E+004  0.7436511E+004  0.3406120E+003  0.7534462E+000  0.1068117E+002  0.1218667E+002 -0.7875179E+001  0.4311490E+001 -0.3925684E+001
   5.000    05011992  0.2688094E+004  0.7436719E+004  0.3406120E+003  0.1136003E+001  0.1067867E+002  0.1587709E+002 -0.9982575E+001  0.5894512E+001 -0.5228718E+001
   6.000    06011992  0.2687402E+004  0.7436934E+004  0.3406120E+003  0.1705539E+001  0.1067378E+002  0.1937645E+002 -0.1179334E+002  0.7583112E+001 -0.6444915E+001
   7.000    07011992  0.2686941E+004  0.7437174E+004  0.3406120E+003  0.1478120E+001  0.1066403E+002  0.2141464E+002 -0.1314383E+002  0.8270807E+001 -0.7378554E+001
   8.000    08011992  0.2686678E+004  0.7437425E+004  0.3406120E+003  0.1793713E+001  0.1065452E+002  0.2396204E+002 -0.1454655E+002  0.9415490E+001 -0.8172143E+001
   9.000    09011992  0.2686283E+004  0.7437666E+004  0.3406120E+003  0.2482127E+001  0.1064929E+002  0.2729767E+002 -0.1626570E+002  0.1103196E+002 -0.9098647E+001
  10.000    10011992  0.2685752E+004  0.7437892E+004  0.3406120E+003  0.3051566E+001  0.1064604E+002  0.3090539E+002 -0.1824158E+002  0.1266381E+002 -0.1019767E+002
  11.000    11011992  0.2685304E+004  0.7438133E+004  0.3406120E+003  0.2509477E+001  0.1063678E+002  0.3257399E+002 -0.1955742E+002  0.1301657E+002 -0.1109093E+002
  12.000    12011992  0.2685112E+004  0.7438387E+004  0.3406120E+003  0.2740787E+001  0.1062682E+002  0.3498769E+002 -0.2099277E+002  0.1399492E+002 -0.1182250E+002
  13.000    13011992  0.2684707E+004  0.7438623E+004  0.3406120E+003  0.3821783E+001  0.1062635E+002  0.3905598E+002 -0.2304179E+002  0.1601419E+002 -0.1280264E+002
  14.000    14011992  0.2684458E+004  0.7438827E+004  0.3406120E+003  0.4337602E+001  0.1062572E+002  0.4396102E+002 -0.2620576E+002  0.1775526E+002 -0.1415103E+002
  15.000    15011992  0.2684044E+004  0.7439062E+004  0.3406120E+003  0.3123660E+001  0.1061005E+002  0.4490382E+002 -0.2743378E+002  0.1747004E+002 -0.1508199E+002
  16.000    16011992  0.2683945E+004  0.7439327E+004  0.3406120E+003  0.1842433E+001  0.1059219E+002  0.4518171E+002 -0.2835220E+002  0.1682952E+002 -0.1564596E+002
  17.000    17011992  0.2683880E+004  0.7439599E+004  0.3406120E+003 -0.1092916E+002  0.1058076E+002  0.4614373E+002 -0.2927329E+002  0.1687044E+002 -0.1607564E+002
  18.000    18011992  0.2683956E+004  0.7439869E+004  0.3406120E+003 -0.1123694E+002  0.1056791E+002  0.4780160E+002 -0.3029957E+002  0.1750204E+002 -0.1646906E+002
  19.000    19011992  0.2684099E+004  0.7440135E+004  0.3406120E+003 -0.1112667E+002  0.1055248E+002  0.4868642E+002 -0.3127061E+002  0.1741581E+002 -0.1685045E+002
  20.000    20011992  0.2684162E+004  0.7440401E+004  0.3406120E+003 -0.1083603E+002  0.1054217E+002  0.4987447E+002 -0.3222437E+002  0.1765010E+002 -0.1720396E+002
  21.000    21011992  0.2684361E+004  0.7440663E+004  0.3406120E+003 -0.9935135E+001  0.1053233E+002  0.5183072E+002 -0.3346925E+002  0.1836146E+002 -0.1755356E+002
  22.000    22011992  0.2684608E+004  0.7440922E+004  0.3406120E+003 -0.8375549E+001  0.1052398E+002  0.5466173E+002 -0.3492553E+002  0.1973620E+002 -0.1790266E+002
  23.000    23011992  0.2684933E+004  0.7441180E+004  0.3406120E+003 -0.6307421E+001  0.1051997E+002  0.5840643E+002 -0.3677579E+002  0.2163064E+002 -0.1824664E+002
  24.000    24011992  0.2685149E+004  0.7441436E+004  0.3406120E+003 -0.5583714E+001  0.1051480E+002  0.6092282E+002 -0.3840591E+002  0.2251691E+002 -0.1860744E+002
  25.000    25011992  0.2685295E+004  0.7441691E+004  0.3406120E+003 -0.5818938E+001  0.1049824E+002  0.6221570E+002 -0.3934428E+002  0.2287142E+002 -0.1894804E+002
  26.000    26011992  0.2685469E+004  0.7441943E+004  0.3406120E+003 -0.5211213E+001  0.1048788E+002  0.6443833E+002 -0.4043071E+002  0.2400762E+002 -0.1928174E+002
  27.000    27011992  0.2685645E+004  0.7442194E+004  0.3406120E+003 -0.4920924E+001  0.1047550E+002  0.6601858E+002 -0.4140847E+002  0.2461011E+002 -0.1961085E+002
  28.000    28011992  0.2685833E+004  0.7442444E+004  0.3406120E+003 -0.4065155E+001  0.1046846E+002  0.6863223E+002 -0.4268504E+002  0.2594719E+002 -0.1994514E+002
  29.000    29011992  0.2685970E+004  0.7442690E+004  0.3406120E+003 -0.3461238E+001  0.1046121E+002  0.7107605E+002 -0.4402079E+002  0.2705526E+002 -0.2034352E+002
  30.000    30011992  0.2686559E+004  0.7442926E+004  0.3406120E+003 -0.2393624E+001  0.1044952E+002  0.7422564E+002 -0.4550151E+002  0.2872412E+002 -0.2093899E+002
  31.000    31011992  0.2686333E+004  0.7443156E+004  0.3406120E+003 -0.1976266E+001  0.1044532E+002  0.7681195E+002 -0.4702540E+002  0.2978655E+002 -0.2166468E+002
  32.000    01021992  0.2686121E+004  0.7443390E+004  0.3406120E+003 -0.1390577E+001  0.1043719E+002  0.7918130E+002 -0.4824402E+002  0.3093728E+002 -0.2232253E+002
  33.000    02021992  0.2686119E+004  0.7443633E+004  0.3406120E+003 -0.1393995E+001  0.1042460E+002  0.8069004E+002 -0.4934098E+002  0.3134906E+002 -0.2280341E+002
  34.000    03021992  0.2686296E+004  0.7443880E+004  0.3406120E+003 -0.5721382E+000  0.1041573E+002  0.8312916E+002 -0.5065133E+002  0.3247783E+002 -0.2319070E+002
  35.000    04021992  0.2686496E+004  0.7444121E+004  0.3406120E+003  0.4611094E+000  0.1040897E+002  0.8626036E+002 -0.5239193E+002  0.3386843E+002 -0.2367552E+002
  36.000    05021992  0.2686331E+004  0.7444350E+004  0.3406120E+003  0.1261657E+001  0.1040409E+002  0.8921084E+002 -0.5398561E+002  0.3522523E+002 -0.2438651E+002
  37.000    06021992  0.2686280E+004  0.7444587E+004  0.3406120E+003  0.1493121E+001  0.1039223E+002  0.9103593E+002 -0.5514515E+002  0.3589078E+002 -0.2493314E+002
  38.000    07021992  0.2686305E+004  0.7444828E+004  0.3406120E+003  0.2181810E+001  0.1038299E+002  0.9326483E+002 -0.5631859E+002  0.3694624E+002 -0.2540619E+002
  39.000    08021992  0.2686318E+004  0.7445068E+004  0.3406120E+003  0.3009306E+001  0.1037338E+002  0.9552994E+002 -0.5741265E+002  0.3811729E+002 -0.2586414E+002
  40.000    09021992  0.2686402E+004  0.7445309E+004  0.3406120E+003  0.3035873E+001  0.1036134E+002  0.9680480E+002 -0.5836173E+002  0.3844308E+002 -0.2626450E+002
  41.000    10021992  0.2686541E+004  0.7445551E+004  0.3406120E+003  0.3336829E+001  0.1035038E+002  0.9808232E+002 -0.5930268E+002  0.3877964E+002 -0.2660570E+002
  42.000    11021992  0.2686758E+004  0.7445792E+004  0.3406120E+003  0.4694468E+001  0.1034200E+002  0.1005677E+003 -0.6052664E+002  0.4004108E+002 -0.2693448E+002
  43.000    12021992  0.2686893E+004  0.7446032E+004  0.3406120E+003  0.6165477E+001  0.1033723E+002  0.1038200E+003 -0.6181707E+002  0.4200297E+002 -0.2725840E+002
  44.000    13021992  0.2687114E+004  0.7446270E+004  0.3406120E+003  0.5966558E+001  0.1032232E+002  0.1048923E+003 -0.6275855E+002  0.4213378E+002 -0.2758341E+002
  45.000    14021992  0.2687466E+004  0.7446506E+004  0.3406120E+003  0.7221743E+001  0.1031634E+002  0.1080404E+003 -0.6438098E+002  0.4365946E+002 -0.2791646E+002
  46.000    15021992  0.2687517E+004  0.7446728E+004  0.3406120E+003  0.9467046E+001  0.1031674E+002  0.1130491E+003 -0.6668022E+002  0.4636891E+002 -0.2859306E+002
  47.000    16021992  0.2687519E+004  0.7446924E+004  0.3406120E+003  0.1100825E+002  0.1031818E+002  0.1186742E+003 -0.6992929E+002  0.4874489E+002 -0.2971529E+002
  48.000    17021992  0.2687203E+004  0.7447134E+004  0.3406120E+003  0.1197946E+002  0.1031076E+002  0.1221759E+003 -0.7167870E+002  0.5049719E+002 -0.3065179E+002
  49.000    18021992  0.2686918E+004  0.7447345E+004  0.3406120E+003  0.1373419E+002  0.1030960E+002  0.1268658E+003 -0.7383203E+002  0.5303382E+002 -0.3160839E+002
  50.000    19021992  0.2686827E+004  0.7447537E+004  0.3406120E+003  0.1468915E+002  0.1030919E+002  0.1322336E+003 -0.7722624E+002  0.5500741E+002 -0.3289849E+002
  51.000    20021992  0.2686299E+004  0.7447730E+004  0.3406120E+003  0.1541930E+002  0.1030456E+002  0.1361645E+003 -0.7937205E+002  0.5679245E+002 -0.3413194E+002
  52.000    21021992  0.2686091E+004  0.7447946E+004  0.3406120E+003  0.1620066E+002  0.1029871E+002  0.1397511E+003 -0.8135947E+002  0.5839163E+002 -0.3508566E+002
  53.000    22021992  0.2685861E+004  0.7448157E+004  0.3406120E+003  0.1748428E+002  0.1029640E+002  0.1443855E+003 -0.8378484E+002  0.6060066E+002 -0.3615517E+002
  54.000    23021992  0.2685493E+004  0.7448354E+004  0.3406120E+003  0.1900559E+002  0.1029589E+002  0.1496563E+003 -0.8645360E+002  0.6320271E+002 -0.3742820E+002
  55.000    24021992  0.2685109E+004  0.7448535E+004  0.3406120E+003  0.2017582E+002  0.1029526E+002  0.1551744E+003 -0.8956227E+002  0.6561215E+002 -0.3891839E+002
  56.000    25021992  0.2684450E+004  0.7448715E+004  0.3406120E+003  0.2111963E+002  0.1029551E+002  0.1599355E+003 -0.9210901E+002  0.6782646E+002 -0.4043498E+002
  57.000    26021992  0.2683798E+004  0.7448890E+004  0.3406120E+003  0.2253322E+002  0.1029550E+002  0.1655190E+003 -0.9489126E+002  0.7062769E+002 -0.4205037E+002
  58.000    27021992  0.2683145E+004  0.7449092E+004  0.3406120E+003  0.2293027E+002  0.1028677E+002  0.1688528E+003 -0.9665483E+002  0.7219794E+002 -0.4330152E+002
  59.000    28021992  0.2682733E+004  0.7449309E+004  0.3406120E+003  0.2414245E+002  0.1028139E+002  0.1730688E+003 -0.9862975E+002  0.7443909E+002 -0.4440305E+002
  60.000    29021992  0.2682735E+004  0.7449518E+004  0.3406120E+003  0.2558507E+002  0.1027474E+002  0.1776710E+003 -0.1006592E+003  0.7701174E+002 -0.4562525E+002
  61.000    01031992  0.2682519E+004  0.7449753E+004  0.3406120E+003  0.2642625E+002  0.1026411E+002  0.1810774E+003 -0.1023938E+003  0.7868357E+002 -0.4650044E+002
  62.000    02031992  0.2682379E+004  0.7449979E+004  0.3406120E+003  0.2750161E+002  0.1026013E+002  0.1855965E+003 -0.1049044E+003  0.8069208E+002 -0.4752870E+002
  63.000    03031992  0.2682283E+004  0.7450183E+004  0.3406120E+003  0.2914300E+002  0.1025941E+002  0.1917058E+003 -0.1081997E+003  0.8350604E+002 -0.4883607E+002
  64.000    04031992  0.2681970E+004  0.7450375E+004  0.3406120E+003  0.3016941E+002  0.1025684E+002  0.1970888E+003 -0.1112568E+003  0.8583193E+002 -0.5026860E+002
  65.000    05031992  0.2681651E+004  0.7450559E+004  0.3406120E+003  0.3153830E+002  0.1025622E+002  0.2030767E+003 -0.1144827E+003  0.8859393E+002 -0.5179825E+002
  66.000    06031992  0.2681163E+004  0.7450725E+004  0.3406120E+003  0.3324157E+002  0.1025417E+002  0.2095322E+003 -0.1177459E+003  0.9178633E+002 -0.5354376E+002
  67.000    07031992  0.2680705E+004  0.7450866E+004  0.3406120E+003  0.3481252E+002  0.1025102E+002  0.2167894E+003 -0.1216714E+003  0.9511808E+002 -0.5560994E+002
  68.000    08031992  0.2680110E+004  0.7451005E+004  0.3406120E+003  0.3625640E+002  0.1024848E+002  0.2235733E+003 -0.1251377E+003  0.9843555E+002 -0.5762865E+002
  69.000    09031992  0.2679559E+004  0.7451160E+004  0.3406120E+003  0.3789608E+002  0.1024622E+002  0.2302180E+003 -0.1283846E+003  0.1018335E+003 -0.5949079E+002
  70.000    10031992  0.2678965E+004  0.7451313E+004  0.3406120E+003  0.4031485E+002  0.1024352E+002  0.2377440E+003 -0.1317247E+003  0.1060193E+003 -0.6140975E+002
  71.000    11031992  0.2677988E+004  0.7451468E+004  0.3406120E+003  0.3942160E+002  0.1023128E+002  0.2408158E+003 -0.1340222E+003  0.1067935E+003 -0.6327534E+002
  72.000    12031992  0.2677500E+004  0.7451710E+004  0.3406120E+003  0.3995203E+002  0.1021850E+002  0.2435017E+003 -0.1352363E+003  0.1082655E+003 -0.6424519E+002
  73.000    13031992  0.2676978E+004  0.7451960E+004  0.3406120E+003  0.4089799E+002  0.1020947E+002  0.2465549E+003 -0.1364683E+003  0.1100867E+003 -0.6519888E+002
  74.000    14031992  0.2676624E+004  0.7452220E+004  0.3406120E+003  0.4168922E+002  0.1019840E+002  0.2492034E+003 -0.1375949E+003  0.1116085E+003 -0.6598211E+002
  75.000    15031992  0.2676279E+004  0.7452478E+004  0.3406120E+003  0.4347832E+002  0.1019141E+002  0.2530795E+003 -0.1389582E+003  0.1141213E+003 -0.6679641E+002
  76.000    16031992  0.2675936E+004  0.7452737E+004  0.3406120E+003  0.4338368E+002  0.1018016E+002  0.2547642E+003 -0.1400544E+003  0.1147099E+003 -0.6754051E+002
  77.000    17031992  0.2675992E+004  0.7453007E+004  0.3406120E+003  0.4452911E+002  0.1017092E+002  0.2580478E+003 -0.1416687E+003  0.1163791E+003 -0.6811579E+002
  78.000    18031992  0.2675885E+004  0.7453259E+004  0.3406120E+003  0.4738206E+002  0.1016960E+002  0.2640080E+003 -0.1440586E+003  0.1199494E+003 -0.6895742E+002
  79.000    19031992  0.2675628E+004  0.7453470E+004  0.3406120E+003  0.4997566E+002  0.1017087E+002  0.2710131E+003 -0.1473837E+003  0.1236295E+003 -0.7030782E+002
  80.000    20031992  0.2674801E+004  0.7453674E+004  0.3406120E+003  0.5047425E+002  0.1016412E+002  0.2745671E+003 -0.1492656E+003  0.1253015E+003 -0.7165785E+002
  81.000    21031992  0.2676457E+004  0.7453910E+004  0.3406120E+003  0.5203013E+002  0.1015907E+002  0.2785290E+003 -0.1507714E+003  0.1277577E+003 -0.7267591E+002
  82.000    22031992  0.2675853E+004  0.7454148E+004  0.3406120E+003  0.5434619E+002  0.1017168E+002  0.2835812E+003 -0.1525826E+003  0.1309986E+003 -0.7367607E+002
  83.000    23031992  0.2675115E+004  0.7454373E+004  0.3406120E+003  0.5561731E+002  0.1017809E+002  0.2875760E+003 -0.1543178E+003  0.1332582E+003 -0.7481538E+002
  84.000    24031992  0.2674575E+004  0.7454621E+004  0.3406120E+003  0.5684602E+002  0.1016770E+002  0.2909464E+003 -0.1556923E+003  0.1352541E+003 -0.7566715E+002
  85.000    25031992  0.2674234E+004  0.7454873E+004  0.3406120E+003  0.5884460E+002  0.1017578E+002  0.2955076E+003 -0.1575346E+003  0.1379729E+003 -0.7647544E+002
  86.000    26031992  0.2673745E+004  0.7455099E+004  0.3406120E+003  0.6159844E+002  0.1019521E+002  0.3016739E+003 -0.1600126E+003  0.1416612E+003 -0.7763694E+002
  87.000    27031992  0.2673144E+004  0.7455314E+004  0.3406120E+003  0.6421971E+002  0.1020928E+002  0.3077514E+003 -0.1623875E+003  0.1453639E+003 -0.7887078E+002
  88.000    28031992  0.2672559E+004  0.7455548E+004  0.3406120E+003  0.6557521E+002  0.1020645E+002  0.3118716E+003 -0.1642069E+003  0.1476647E+003 -0.7986934E+002
  89.000    29031992  0.2672069E+004  0.7455786E+004  0.3406120E+003  0.6741178E+002  0.1021232E+002  0.3166462E+003 -0.1662384E+003  0.1504078E+003 -0.8084377E+002
  90.000    30031992  0.2672405E+004  0.7456007E+004  0.3406120E+003  0.7022352E+002  0.1022810E+002  0.3235379E+003 -0.1692505E+003  0.1542874E+003 -0.8202561E+002
  91.000    31031992  0.2671959E+004  0.7456201E+004  0.3406120E+003  0.7151618E+002  0.1025119E+002  0.3295041E+003 -0.1726043E+003  0.1568998E+003 -0.8349553E+002
  92.000    01041992  0.2671477E+004  0.7456401E+004  0.3406120E+003  0.7366905E+002  0.1026704E+002  0.3358812E+003 -0.1755643E+003  0.1603169E+003 -0.8487184E+002
  93.000    02041992  0.2670712E+004  0.7456604E+004  0.3406120E+003  0.7487051E+002  0.1027412E+002  0.3404991E+003 -0.1777315E+003  0.1627676E+003 -0.8621527E+002
  94.000    03041992  0.2670108E+004  0.7456846E+004  0.3406120E+003  0.7545702E+002  0.1025560E+002  0.3432794E+003 -0.1790566E+003  0.1642228E+003 -0.8711329E+002
  95.000    04041992  0.2669599E+004  0.7457098E+004  0.3406120E+003  0.7780906E+002  0.1024896E+002  0.3479011E+003 -0.1805471E+003  0.1673540E+003 -0.8793891E+002
  96.000    05041992  0.2669006E+004  0.7457341E+004  0.3406120E+003  0.7961367E+002  0.1025224E+002  0.3522104E+003 -0.1822111E+003  0.1699993E+003 -0.8885837E+002
  97.000    06041992  0.2668676E+004  0.7457586E+004  0.3406120E+003  0.8153717E+002  0.1025151E+002  0.3570219E+003 -0.1842872E+003  0.1727347E+003 -0.8973169E+002
  98.000    07041992  0.2668365E+004  0.7457809E+004  0.3406120E+003  0.8515128E+002  0.1026969E+002  0.3645763E+003 -0.1871817E+003  0.1773946E+003 -0.9087503E+002
  99.000    08041992  0.2668207E+004  0.7458006E+004  0.3406120E+003  0.8752019E+002  0.1029501E+002  0.3722111E+003 -0.1911488E+003  0.1810623E+003 -0.9229422E+002
 100.000    09041992  0.2668197E+004  0.7458184E+004  0.3406120E+003  0.8926429E+002  0.1032013E+002  0.3800371E+003 -0.1957189E+003  0.1843182E+003 -0.9391524E+002
 101.000    10041992  0.2668347E+004  0.7458340E+004  0.3406120E+003  0.9089874E+002  0.1034289E+002  0.3885253E+003 -0.2008274E+003  0.1876979E+003 -0.9576652E+002
 102.000    11041992  0.2668427E+004  0.7458474E+004  0.3406120E+003  0.9298671E+002  0.1036194E+002  0.3976789E+003 -0.2059300E+003  0.1917489E+003 -0.9782433E+002
 103.000    12041992  0.2668345E+004  0.7458586E+004  0.3406120E+003  0.9545127E+002  0.1037864E+002  0.4072956E+003 -0.2109175E+003  0.1963780E+003 -0.1000918E+003
 104.000    13041992  0.2667404E+004  0.7458707E+004  0.3406120E+003  0.9627833E+002  0.1038545E+002  0.4132735E+003 -0.2139998E+003  0.1992737E+003 -0.1022455E+003
 105.000    14041992  0.2666539E+004  0.7458902E+004  0.3406120E+003  0.9826017E+002  0.1038490E+002  0.4187734E+003 -0.2160386E+003  0.2027347E+003 -0.1036951E+003
 106.000    15041992  0.2666041E+004  0.7459086E+004  0.3406120E+003  0.1010742E+003  0.1039507E+002  0.4263474E+003 -0.2191818E+003  0.2071656E+003 -0.1053193E+003
 107.000    16041992  0.2665853E+004  0.7459240E+004  0.3406120E+003  0.1043320E+003  0.1041068E+002  0.4358765E+003 -0.2235698E+003  0.2123066E+003 -0.1072416E+003
 108.000    17041992  0.2665947E+004  0.7459357E+004  0.3406120E+003  0.1062815E+003  0.1042835E+002  0.4453977E+003 -0.2289578E+003  0.2164398E+003 -0.1094786E+003
 109.000    18041992  0.2666091E+004  0.7459450E+004  0.3406120E+003  0.1083261E+003  0.1044196E+002  0.4552478E+003 -0.2343991E+003  0.2208487E+003 -0.1118797E+003
 110.000    19041992  0.2665957E+004  0.7459537E+004  0.3406120E+003  0.1106763E+003  0.1045261E+002  0.4649440E+003 -0.2393140E+003  0.2256300E+003 -0.1143189E+003
 111.000    20041992  0.2665884E+004  0.7459617E+004  0.3406120E+003  0.1132310E+003  0.1046260E+002  0.4746346E+003 -0.2439723E+003  0.2306622E+003 -0.1167968E+003
 112.000    21041992  0.2665035E+004  0.7459683E+004  0.3406120E+003  0.1149729E+003  0.1048073E+002  0.4833900E+003 -0.2485112E+003  0.2348788E+003 -0.1197120E+003
 113.000    22041992  0.2663958E+004  0.7459754E+004  0.3406120E+003  0.1174990E+003  0.1049790E+002  0.4928369E+003 -0.2526845E+003  0.2401523E+003 -0.1226246E+003
 114.000    23041992  0.2663211E+004  0.7459845E+004  0.3406120E+003  0.1196009E+003  0.1051060E+002  0.5014888E+003 -0.2567487E+003  0.2447401E+003 -0.1251642E+003
 115.000    24041992  0.2662804E+004  0.7459947E+004  0.3406120E+003  0.1215476E+003  0.1052522E+002  0.5103704E+003 -0.2613030E+003  0.2490673E+003 -0.1276194E+003
 116.000    25041992  0.2662184E+004  0.7460028E+004  0.3406120E+003  0.1240549E+003  0.1053890E+002  0.5197696E+003 -0.2656991E+003  0.2540705E+003 -0.1302329E+003
 117.000    26041992  0.2660781E+004  0.7460157E+004  0.3406120E+003  0.1266657E+003  0.1054327E+002  0.5268991E+003 -0.2680707E+003  0.2588283E+003 -0.1324330E+003
 118.000    27041992  0.2659612E+004  0.7460323E+004  0.3406120E+003  0.1298622E+003  0.1054911E+002  0.5343284E+003 -0.2704557E+003  0.2638727E+003 -0.1343354E+003
 119.000    28041992  0.2658446E+004  0.7460492E+004  0.3406120E+003  0.1317317E+003  0.1055596E+002  0.5404190E+003 -0.2728789E+003  0.2675401E+003 -0.1362175E+003
 120.000    29041992  0.2657450E+004  0.7460674E+004  0.3406120E+003  0.1351032E+003  0.1056369E+002  0.5481062E+003 -0.2755050E+003  0.2726012E+003 -0.1379838E+003
 121.000    30041992  0.2657257E+004  0.7460855E+004  0.3406120E+003  0.1384979E+003  0.1056804E+002  0.5562620E+003 -0.2785612E+003  0.2777008E+003 -0.1397618E+003
 122.000    01051992  0.2656492E+004  0.7461022E+004  0.3406120E+003  0.1416713E+003  0.1058232E+002  0.5648848E+003 -0.2821914E+003  0.2826934E+003 -0.1416760E+003
 123.000    02051992  0.2656438E+004  0.7461172E+004  0.3406120E+003  0.1433646E+003  0.1060352E+002  0.5739906E+003 -0.2876136E+003  0.2863770E+003 -0.1437639E+003
 124.000    03051992  0.2656490E+004  0.7461276E+004  0.3406120E+003  0.1446818E+003  0.1062354E+002  0.5835448E+003 -0.2934983E+003  0.2900464E+003 -0.1462274E+003
 125.000    04051992  0.2655606E+004  0.7461393E+004  0.3406120E+003  0.1473208E+003  0.1063161E+002  0.5920681E+003 -0.2970813E+003  0.2949868E+003 -0.1485581E+003
 126.000    05051992  0.2654484E+004  0.7461545E+004  0.3406120E+003  0.1503008E+003  0.1063949E+002  0.5998467E+003 -0.2998284E+003  0.3000184E+003 -0.1506101E+003
 127.000    06051992  0.2653282E+004  0.7461705E+004  0.3406120E+003  0.1523167E+003  0.1064655E+002  0.6063339E+003 -0.3023453E+003  0.3039886E+003 -0.1525797E+003
 128.000    07051992  0.2651977E+004  0.7461885E+004  0.3406120E+003  0.1537585E+003  0.1065019E+002  0.6114206E+003 -0.3043353E+003  0.3070853E+003 -0.1543853E+003
 129.000    08051992  0.2651332E+004  0.7462080E+004  0.3406120E+003  0.1569736E+003  0.1065801E+002  0.6186494E+003 -0.3068576E+003  0.3117919E+003 -0.1561229E+003
 130.000    09051992  0.2650529E+004  0.7462256E+004  0.3406120E+003  0.1602294E+003  0.1067761E+002  0.6272153E+003 -0.3103987E+003  0.3168166E+003 -0.1580334E+003
 131.000    10051992  0.2649938E+004  0.7462412E+004  0.3406120E+003  0.1629378E+003  0.1070057E+002  0.6362419E+003 -0.3147359E+003  0.3215060E+003 -0.1601272E+003
 132.000    11051992  0.2649521E+004  0.7462549E+004  0.3406120E+003  0.1657009E+003  0.1072373E+002  0.6460210E+003 -0.3196057E+003  0.3264154E+003 -0.1623796E+003
 133.000    12051992  0.2649009E+004  0.7462668E+004  0.3406120E+003  0.1683793E+003  0.1074800E+002  0.6558401E+003 -0.3244468E+003  0.3313934E+003 -0.1647760E+003
 134.000    13051992  0.2648417E+004  0.7462777E+004  0.3406120E+003  0.1715568E+003  0.1077167E+002  0.6661527E+003 -0.3292010E+003  0.3369518E+003 -0.1672400E+003
 135.000    14051992  0.2648209E+004  0.7462864E+004  0.3406120E+003  0.1745412E+003  0.1079775E+002  0.6772513E+003 -0.3348045E+003  0.3424468E+003 -0.1698341E+003
 136.000    15051992  0.2647989E+004  0.7462925E+004  0.3406120E+003  0.1766042E+003  0.1082097E+002  0.6875863E+003 -0.3404089E+003  0.3471773E+003 -0.1725762E+003
 137.000    16051992  0.2647767E+004  0.7462971E+004  0.3406120E+003  0.1794521E+003  0.1084241E+002  0.6988003E+003 -0.3460164E+003  0.3527840E+003 -0.1753940E+003
 138.000    17051992  0.2647508E+004  0.7463003E+004  0.3406120E+003  0.1821416E+003  0.1086555E+002  0.7098864E+003 -0.3515665E+003  0.3583199E+003 -0.1782836E+003
 139.000    18051992  0.2647189E+004  0.7463036E+004  0.3406120E+003  0.1852370E+003  0.1088639E+002  0.7212250E+003 -0.3569598E+003  0.3642651E+003 -0.1811554E+003
 140.000    19051992  0.2646754E+004  0.7463051E+004  0.3406120E+003  0.1880338E+003  0.1090688E+002  0.7323434E+003 -0.3623493E+003  0.3699941E+003 -0.1841543E+003
 141.000    20051992  0.2645581E+004  0.7463103E+004  0.3406120E+003  0.1908228E+003  0.1092197E+002  0.7416685E+003 -0.3661103E+003  0.3755581E+003 -0.1869137E+003
 142.000    21051992  0.2644787E+004  0.7463181E+004  0.3406120E+003  0.1931457E+003  0.1093807E+002  0.7509474E+003 -0.3704254E+003  0.3805220E+003 -0.1895270E+003
 143.000    22051992  0.2644128E+004  0.7463275E+004  0.3406120E+003  0.1951040E+003  0.1095229E+002  0.7597819E+003 -0.3747432E+003  0.3850387E+003 -0.1920303E+003
 144.000    23051992  0.2643958E+004  0.7463369E+004  0.3406120E+003  0.1968076E+003  0.1096995E+002  0.7691545E+003 -0.3798653E+003  0.3892891E+003 -0.1945155E+003
 145.000    24051992  0.2644119E+004  0.7463445E+004  0.3406120E+003  0.1982248E+003  0.1098851E+002  0.7789001E+003 -0.3855473E+003  0.3933528E+003 -0.1971006E+003
 146.000    25051992  0.2643474E+004  0.7463496E+004  0.3406120E+003  0.2011240E+003  0.1100646E+002  0.7889925E+003 -0.3899694E+003  0.3990230E+003 -0.1998138E+003
 147.000    26051992  0.2642652E+004  0.7463577E+004  0.3406120E+003  0.2048482E+003  0.1102028E+002  0.7988432E+003 -0.3935414E+003  0.4053018E+003 -0.2024698E+003
 148.000    27051992  0.2641442E+004  0.7463671E+004  0.3406120E+003  0.2081910E+003  0.1103977E+002  0.8082901E+003 -0.3971158E+003  0.4111743E+003 -0.2050076E+003
 149.000    28051992  0.2640240E+004  0.7463771E+004  0.3406120E+003  0.2109582E+003  0.1105850E+002  0.8171678E+003 -0.4007220E+003  0.4164458E+003 -0.2075015E+003
 150.000    29051992  0.2638708E+004  0.7463880E+004  0.3406120E+003  0.2120650E+003  0.1107261E+002  0.8237893E+003 -0.4037931E+003  0.4199962E+003 -0.2100496E+003
 151.000    30051992  0.2638003E+004  0.7463993E+004  0.3406120E+003  0.2160223E+003  0.1108657E+002  0.8340224E+003 -0.4077251E+003  0.4262973E+003 -0.2127740E+003
 152.000    31051992  0.2637381E+004  0.7464075E+004  0.3406120E+003  0.2190568E+003  0.1111851E+002  0.8451936E+003 -0.4132396E+003  0.4319540E+003 -0.2155333E+003
 153.000    01061992  0.2636560E+004  0.7464148E+004  0.3406120E+003  0.2216647E+003  0.1113907E+002  0.8552189E+003 -0.4180667E+003  0.4371523E+003 -0.2182925E+003
 154.000    02061992  0.2635903E+004  0.7464216E+004  0.3406120E+003  0.2247222E+003  0.1116003E+002  0.8659817E+003 -0.4231500E+003  0.4428317E+003 -0.2210753E+003
 155.000    03061992  0.2635201E+004  0.7464274E+004  0.3406120E+003  0.2282155E+003  0.1118038E+002  0.8772226E+003 -0.4282209E+003  0.4490017E+003 -0.2238895E+003
 156.000    04061992  0.2634315E+004  0.7464318E+004  0.3406120E+003  0.2301701E+003  0.1120078E+002  0.8869186E+003 -0.4332298E+003  0.4536888E+003 -0.2268709E+003
 157.000    05061992  0.2633579E+004  0.7464355E+004  0.3406120E+003  0.2336119E+003  0.1122618E+002  0.8984774E+003 -0.4385120E+003  0.4599654E+003 -0.2298816E+003
 158.000    06061992  0.2633443E+004  0.7464376E+004  0.3406120E+003  0.2358938E+003  0.1125726E+002  0.9099910E+003 -0.4447965E+003  0.4651945E+003 -0.2329342E+003
 159.000    07061992  0.2633881E+004  0.7464362E+004  0.3406120E+003  0.2368807E+003  0.1128653E+002  0.9211912E+003 -0.4518969E+003  0.4692942E+003 -0.2361783E+003
 160.000    08061992  0.2634399E+004  0.7464314E+004  0.3406120E+003  0.2379066E+003  0.1131311E+002  0.9326784E+003 -0.4590624E+003  0.4736160E+003 -0.2396449E+003
 161.000    09061992  0.2633577E+004  0.7464220E+004  0.3406120E+003  0.2384087E+003  0.1133341E+002  0.9430397E+003 -0.4652137E+003  0.4778260E+003 -0.2438234E+003
 162.000    10061992  0.2632561E+004  0.7464150E+004  0.3406120E+003  0.2392327E+003  0.1134973E+002  0.9524855E+003 -0.4703278E+003  0.4821577E+003 -0.2474494E+003
 163.000    11061992  0.2631511E+004  0.7464112E+004  0.3406120E+003  0.2421590E+003  0.1136676E+002  0.9634474E+003 -0.4751051E+003  0.4883423E+003 -0.2508161E+003
 164.000    12061992  0.2630353E+004  0.7464105E+004  0.3406120E+003  0.2456220E+003  0.1138259E+002  0.9745344E+003 -0.4796394E+003  0.4948950E+003 -0.2539720E+003
 165.000    13061992  0.2630022E+004  0.7464102E+004  0.3406120E+003  0.2482834E+003  0.1140008E+002  0.9856164E+003 -0.4849794E+003  0.5006370E+003 -0.2571033E+003
 166.000    14061992  0.2629288E+004  0.7464086E+004  0.3406120E+003  0.2504275E+003  0.1142705E+002  0.9965130E+003 -0.4906201E+003  0.5058929E+003 -0.2603411E+003
 167.000    15061992  0.2628810E+004  0.7464057E+004  0.3406120E+003  0.2529650E+003  0.1145299E+002  0.1008331E+004 -0.4967391E+003  0.5115924E+003 -0.2636374E+003
 168.000    16061992  0.2628006E+004  0.7463989E+004  0.3406120E+003  0.2525293E+003  0.1147904E+002  0.1018954E+004 -0.5029165E+003  0.5160379E+003 -0.2674051E+003
 169.000    17061992  0.2627211E+004  0.7463935E+004  0.3406120E+003  0.2550215E+003  0.1149791E+002  0.1030490E+004 -0.5085684E+003  0.5219215E+003 -0.2708980E+003
 170.000    18061992  0.2626585E+004  0.7463892E+004  0.3406120E+003  0.2574761E+003  0.1151836E+002  0.1042056E+004 -0.5143566E+003  0.5276998E+003 -0.2742812E+003
 171.000    19061992  0.2626136E+004  0.7463838E+004  0.3406120E+003  0.2597949E+003  0.1154127E+002  0.1053943E+004 -0.5205958E+003  0.5333472E+003 -0.2777256E+003
 172.000    20061992  0.2625648E+004  0.7463769E+004  0.3406120E+003  0.2615659E+003  0.1156121E+002  0.1065269E+004 -0.5267786E+003  0.5384908E+003 -0.2812515E+003
 173.000    21061992  0.2624769E+004  0.7463702E+004  0.3406120E+003  0.2632944E+003  0.1157923E+002  0.1075838E+004 -0.5322938E+003  0.5435441E+003 -0.2847929E+003
 174.000    22061992  0.2624526E+004  0.7463667E+004  0.3406120E+003  0.2657581E+003  0.1159191E+002  0.1085849E+004 -0.5366895E+003  0.5491596E+003 -0.2881118E+003
 175.000    23061992  0.2623607E+004  0.7463675E+004  0.3406120E+003  0.2680795E+003  0.1160981E+002  0.1096037E+004 -0.5416019E+003  0.5544346E+003 -0.2911666E+003
 176.000    24061992  0.2623388E+004  0.7463650E+004  0.3406120E+003  0.2703164E+003  0.1163402E+002  0.1107985E+004 -0.5481689E+003  0.5598165E+003 -0.2944645E+003
 177.000    25061992  0.2623288E+004  0.7463585E+004  0.3406120E+003  0.2724102E+003  0.1166042E+002  0.1120358E+004 -0.5551328E+003  0.5652248E+003 -0.2980106E+003
 178.000    26061992  0.2622955E+004  0.7463478E+004  0.3406120E+003  0.2730329E+003  0.1168684E+002  0.1131384E+004 -0.5620367E+003  0.5693473E+003 -0.3019232E+003
 179.000    27061992  0.2622318E+004  0.7463348E+004  0.3406120E+003  0.2733693E+003  0.1170928E+002  0.1142008E+004 -0.5685000E+003  0.5735077E+003 -0.3059951E+003
 180.000    28061992  0.2621765E+004  0.7463256E+004  0.3406120E+003  0.2747674E+003  0.1172498E+002  0.1152904E+004 -0.5744180E+003  0.5784864E+003 -0.3096343E+003
 181.000    29061992  0.2621654E+004  0.7463159E+004  0.3406120E+003  0.2761463E+003  0.1174516E+002  0.1164596E+004 -0.5811257E+003  0.5834705E+003 -0.3133102E+003
 182.000    30061992  0.2622303E+004  0.7463043E+004  0.3406120E+003  0.2776179E+003  0.1175781E+002  0.1176627E+004 -0.5880312E+003  0.5885960E+003 -0.3170701E+003
 183.000    01071992  0.2622205E+004  0.7462908E+004  0.3406120E+003  0.2784131E+003  0.1177851E+002  0.1188006E+004 -0.5948878E+003  0.5931178E+003 -0.3209201E+003
 184.000    02071992  0.2621734E+004  0.7462768E+004  0.3406120E+003  0.2798398E+003  0.1179748E+002  0.1199517E+004 -0.6012805E+003  0.5982361E+003 -0.3248427E+003
 185.000    03071992  0.2621233E+004  0.7462624E+004  0.3406120E+003  0.2809426E+003  0.1181692E+002  0.1210796E+004 -0.6077295E+003  0.6030667E+003 -0.3287840E+003
 186.000    04071992  0.2621033E+004  0.7462462E+004  0.3406120E+003  0.2815951E+003  0.1183602E+002  0.1222285E+004 -0.6147422E+003  0.6075432E+003 -0.3328651E+003
 187.000    05071992  0.2620820E+004  0.7462316E+004  0.3406120E+003  0.2818786E+003  0.1185076E+002  0.1232965E+004 -0.6213719E+003  0.6115926E+003 -0.3367612E+003
 188.000    06071992  0.2620360E+004  0.7462174E+004  0.3406120E+003  0.2826242E+003  0.1186590E+002  0.1243644E+004 -0.6275696E+003  0.6160743E+003 -0.3406667E+003
 189.000    07071992  0.2620093E+004  0.7462031E+004  0.3406120E+003  0.2834190E+003  0.1188391E+002  0.1254769E+004 -0.6341374E+003  0.6206316E+003 -0.3445504E+003
 190.000    08071992  0.2620206E+004  0.7461890E+004  0.3406120E+003  0.2834705E+003  0.1190173E+002  0.1265675E+004 -0.6412261E+003  0.6244486E+003 -0.3484077E+003
 191.000    09071992  0.2621074E+004  0.7461707E+004  0.3406120E+003  0.2820406E+003  0.1192094E+002  0.1276559E+004 -0.6495352E+003  0.6270237E+003 -0.3525163E+003
 192.000    10071992  0.2621996E+004  0.7461499E+004  0.3406120E+003  0.2802599E+003  0.1193698E+002  0.1287093E+004 -0.6577404E+003  0.6293529E+003 -0.3566948E+003
 193.000    11071992  0.2622975E+004  0.7461276E+004  0.3406120E+003  0.2784713E+003  0.1195370E+002  0.1297643E+004 -0.6659131E+003  0.6317302E+003 -0.3609022E+003
 194.000    12071992  0.2624186E+004  0.7461036E+004  0.3406120E+003  0.2762782E+003  0.1197139E+002  0.1308126E+004 -0.6743545E+003  0.6337716E+003 -0.3651543E+003
 195.000    13071992  0.2625279E+004  0.7460784E+004  0.3406120E+003  0.2742757E+003  0.1198613E+002  0.1318677E+004 -0.6826247E+003  0.6360523E+003 -0.3694237E+003
 196.000    14071992  0.2626226E+004  0.7460539E+004  0.3406120E+003  0.2728190E+003  0.1199937E+002  0.1329477E+004 -0.6906426E+003  0.6388345E+003 -0.3736211E+003
 197.000    15071992  0.2627129E+004  0.7460283E+004  0.3406120E+003  0.2716491E+003  0.1201262E+002  0.1340547E+004 -0.6985980E+003  0.6419492E+003 -0.3778530E+003
 198.000    16071992  0.2627682E+004  0.7460033E+004  0.3406120E+003  0.2712185E+003  0.1202595E+002  0.1351811E+004 -0.7060600E+003  0.6457514E+003 -0.3820147E+003
 199.000    17071992  0.2628191E+004  0.7459790E+004  0.3406120E+003  0.2710614E+003  0.1203826E+002  0.1363285E+004 -0.7135125E+003  0.6497730E+003 -0.3861158E+003
 200.000    18071992  0.2628203E+004  0.7459555E+004  0.3406120E+003  0.2707732E+003  0.1204844E+002  0.1373846E+004 -0.7202477E+003  0.6535982E+003 -0.3901483E+003
 201.000    19071992  0.2628288E+004  0.7459334E+004  0.3406120E+003  0.2713303E+003  0.1205711E+002  0.1385362E+004 -0.7271758E+003  0.6581867E+003 -0.3940945E+003
 202.000    20071992  0.2628694E+004  0.7459119E+004  0.3406120E+003  0.2708260E+003  0.1206607E+002  0.1396247E+004 -0.7345625E+003  0.6616843E+003 -0.3979871E+003
 203.000    21071992  0.2628992E+004  0.7458903E+004  0.3406120E+003  0.2707002E+003  0.1207516E+002  0.1407278E+004 -0.7417293E+003  0.6655487E+003 -0.4018602E+003
 204.000    22071992  0.2628966E+004  0.7458672E+004  0.3406120E+003  0.2708347E+003  0.1208272E+002  0.1418392E+004 -0.7487279E+003  0.6696645E+003 -0.4059707E+003
 205.000    23071992  0.2628334E+004  0.7458387E+004  0.3406120E+003  0.2705078E+003  0.1208886E+002  0.1429059E+004 -0.7555867E+003  0.6734725E+003 -0.4106576E+003
 206.000    24071992  0.2628022E+004  0.7458101E+004  0.3406120E+003  0.2699153E+003  0.1209347E+002  0.1439917E+004 -0.7626720E+003  0.6772448E+003 -0.4152124E+003
 207.000    25071992  0.2627935E+004  0.7457811E+004  0.3406120E+003  0.2692045E+003  0.1209853E+002  0.1451031E+004 -0.7700320E+003  0.6809995E+003 -0.4197468E+003
 208.000    26071992  0.2627878E+004  0.7457518E+004  0.3406120E+003  0.2690524E+003  0.1210388E+002  0.1462718E+004 -0.7773556E+003  0.6853626E+003 -0.4242474E+003
 209.000    27071992  0.2628247E+004  0.7457214E+004  0.3406120E+003  0.2676039E+003  0.1210754E+002  0.1473684E+004 -0.7852097E+003  0.6884743E+003 -0.4287583E+003
 210.000    28071992  0.2627876E+004  0.7456914E+004  0.3406120E+003  0.2674593E+003  0.1211016E+002  0.1484726E+004 -0.7919207E+003  0.6928058E+003 -0.4332480E+003
 211.000    29071992  0.2627779E+004  0.7456658E+004  0.3406120E+003  0.2667249E+003  0.1211159E+002  0.1495135E+004 -0.7987787E+003  0.6963562E+003 -0.4374394E+003
 212.000    30071992  0.2628761E+004  0.7456400E+004  0.3406120E+003  0.2660866E+003  0.1210754E+002  0.1506254E+004 -0.8062180E+003  0.7000361E+003 -0.4416478E+003
 213.000    31071992  0.2629048E+004  0.7456109E+004  0.3406120E+003  0.2651243E+003  0.1211080E+002  0.1517259E+004 -0.8137274E+003  0.7035320E+003 -0.4460210E+003
 214.000    01081992  0.2628749E+004  0.7455838E+004  0.3406120E+003  0.2649830E+003  0.1211201E+002  0.1527855E+004 -0.8201257E+003  0.7077292E+003 -0.4502212E+003
 215.000    02081992  0.2628327E+004  0.7455624E+004  0.3406120E+003  0.2656432E+003  0.1211298E+002  0.1538581E+004 -0.8261396E+003  0.7124411E+003 -0.4540911E+003
 216.000    03081992  0.2628361E+004  0.7455400E+004  0.3406120E+003  0.2658655E+003  0.1211401E+002  0.1549922E+004 -0.8331455E+003  0.7167767E+003 -0.4580521E+003
 217.000    04081992  0.2628585E+004  0.7455145E+004  0.3406120E+003  0.2655624E+003  0.1211477E+002  0.1561220E+004 -0.8404883E+003  0.7207320E+003 -0.4621608E+003
 218.000    05081992  0.2628117E+004  0.7454910E+004  0.3406120E+003  0.2652684E+003  0.1211604E+002  0.1571025E+004 -0.8464576E+003  0.7245674E+003 -0.4661092E+003
 219.000    06081992  0.2627485E+004  0.7454699E+004  0.3406120E+003  0.2655919E+003  0.1211628E+002  0.1581101E+004 -0.8522335E+003  0.7288673E+003 -0.4699597E+003
 220.000    07081992  0.2626928E+004  0.7454498E+004  0.3406120E+003  0.2656422E+003  0.1211615E+002  0.1591008E+004 -0.8581405E+003  0.7328678E+003 -0.4737491E+003
 221.000    08081992  0.2626677E+004  0.7454292E+004  0.3406120E+003  0.2655163E+003  0.1211600E+002  0.1601266E+004 -0.8645393E+003  0.7367268E+003 -0.4775726E+003
 222.000    09081992  0.2626755E+004  0.7454061E+004  0.3406120E+003  0.2651991E+003  0.1211463E+002  0.1612094E+004 -0.8715925E+003  0.7405014E+003 -0.4815328E+003
 223.000    10081992  0.2626989E+004  0.7453824E+004  0.3406120E+003  0.2643639E+003  0.1211334E+002  0.1622465E+004 -0.8786738E+003  0.7437909E+003 -0.4854822E+003
 224.000    11081992  0.2627641E+004  0.7453575E+004  0.3406120E+003  0.2629606E+003  0.1211291E+002  0.1632823E+004 -0.8862542E+003  0.7465690E+003 -0.4894730E+003
 225.000    12081992  0.2627445E+004  0.7453267E+004  0.3406120E+003  0.2615651E+003  0.1211205E+002  0.1642726E+004 -0.8933455E+003  0.7493805E+003 -0.4940916E+003
 226.000    13081992  0.2626145E+004  0.7452942E+004  0.3406120E+003  0.2624393E+003  0.1211092E+002  0.1653784E+004 -0.8994061E+003  0.7543777E+003 -0.4990853E+003
 227.000    14081992  0.2624209E+004  0.7452689E+004  0.3406120E+003  0.2616329E+003  0.1210962E+002  0.1662131E+004 -0.9040611E+003  0.7580697E+003 -0.5035901E+003
 228.000    15081992  0.2622432E+004  0.7452496E+004  0.3406120E+003  0.2633946E+003  0.1210886E+002  0.1672418E+004 -0.9086894E+003  0.7637291E+003 -0.5077170E+003
 229.000    16081992  0.2621041E+004  0.7452309E+004  0.3406120E+003  0.2639273E+003  0.1210846E+002  0.1682291E+004 -0.9142034E+003  0.7680880E+003 -0.5118459E+003
 230.000    17081992  0.2619769E+004  0.7452116E+004  0.3406120E+003  0.2634503E+003  0.1210890E+002  0.1691286E+004 -0.9197995E+003  0.7714862E+003 -0.5159689E+003
 231.000    18081992  0.2618728E+004  0.7451922E+004  0.3406120E+003  0.2637394E+003  0.1210856E+002  0.1701325E+004 -0.9256957E+003  0.7756293E+003 -0.5200705E+003
 232.000    19081992  0.2618228E+004  0.7451715E+004  0.3406120E+003  0.2634970E+003  0.1210763E+002  0.1711775E+004 -0.9323860E+003  0.7793890E+003 -0.5242099E+003
 233.000    20081992  0.2617327E+004  0.7451487E+004  0.3406120E+003  0.2626152E+003  0.1210695E+002  0.1720924E+004 -0.9384313E+003  0.7824927E+003 -0.5285316E+003
 234.000    21081992  0.2616545E+004  0.7451275E+004  0.3406120E+003  0.2632463E+003  0.1210555E+002  0.1731502E+004 -0.9444497E+003  0.7870521E+003 -0.5326815E+003
 235.000    22081992  0.2615593E+004  0.7451073E+004  0.3406120E+003  0.2640824E+003  0.1210498E+002  0.1741867E+004 -0.9501086E+003  0.7917587E+003 -0.5367461E+003
 236.000    23081992  0.2614776E+004  0.7450887E+004  0.3406120E+003  0.2649654E+003  0.1210513E+002  0.1752383E+004 -0.9559526E+003  0.7964305E+003 -0.5407204E+003
 237.000    24081992  0.2614254E+004  0.7450705E+004  0.3406120E+003  0.2650501E+003  0.1210489E+002  0.1762635E+004 -0.9623189E+003  0.8003160E+003 -0.5446814E+003
 238.000    25081992  0.2613991E+004  0.7450491E+004  0.3406120E+003  0.2645320E+003  0.1210466E+002  0.1772898E+004 -0.9691302E+003  0.8037676E+003 -0.5488294E+003
 239.000    26081992  0.2613819E+004  0.7450261E+004  0.3406120E+003  0.2634722E+003  0.1210376E+002  0.1782720E+004 -0.9759577E+003  0.8067623E+003 -0.5530435E+003
 240.000    27081992  0.2613561E+004  0.7450016E+004  0.3406120E+003  0.2625726E+003  0.1210211E+002  0.1792632E+004 -0.9826490E+003  0.8099834E+003 -0.5573201E+003
 241.000    28081992  0.2612797E+004  0.7449769E+004  0.3406120E+003  0.2622394E+003  0.1210098E+002  0.1802354E+004 -0.9886244E+003  0.8137296E+003 -0.5616177E+003
 242.000    29081992  0.2611634E+004  0.7449583E+004  0.3406120E+003  0.2626091E+003  0.1209996E+002  0.1811403E+004 -0.9935298E+003  0.8178732E+003 -0.5654944E+003
 243.000    30081992  0.2611469E+004  0.7449442E+004  0.3406120E+003  0.2628546E+003  0.1209247E+002  0.1820425E+004 -0.9987426E+003  0.8216826E+003 -0.5691178E+003
 244.000    31081992  0.2611075E+004  0.7449298E+004  0.3406120E+003  0.2624356E+003  0.1209208E+002  0.1829698E+004 -0.1004816E+004  0.8248821E+003 -0.5728041E+003
 245.000    01091992  0.2610909E+004  0.7449124E+004  0.3406120E+003  0.2616380E+003  0.1209096E+002  0.1839181E+004 -0.1011297E+004  0.8278842E+003 -0.5766779E+003
 246.000    02091992  0.2610553E+004  0.7448941E+004  0.3406120E+003  0.2612242E+003  0.1208995E+002  0.1848753E+004 -0.1017453E+004  0.8312996E+003 -0.5805603E+003
 247.000    03091992  0.2610091E+004  0.7448757E+004  0.3406120E+003  0.2617462E+003  0.1208870E+002  0.1859163E+004 -0.1023496E+004  0.8356668E+003 -0.5844410E+003
 248.000    04091992  0.2609617E+004  0.7448556E+004  0.3406120E+003  0.2610405E+003  0.1208764E+002  0.1868581E+004 -0.1029710E+004  0.8388714E+003 -0.5884280E+003
 249.000    05091992  0.2609066E+004  0.7448348E+004  0.3406120E+003  0.2602788E+003  0.1208561E+002  0.1877802E+004 -0.1035738E+004  0.8420633E+003 -0.5924245E+003
 250.000    06091992  0.2608369E+004  0.7448142E+004  0.3406120E+003  0.2596834E+003  0.1208360E+002  0.1886909E+004 -0.1041520E+004  0.8453894E+003 -0.5964134E+003
 251.000    07091992  0.2607521E+004  0.7447944E+004  0.3406120E+003  0.2595004E+003  0.1208110E+002  0.1896123E+004 -0.1047032E+004  0.8490912E+003 -0.6003396E+003
 252.000    08091992  0.2606919E+004  0.7447750E+004  0.3406120E+003  0.2595197E+003  0.1207813E+002  0.1905985E+004 -0.1052988E+004  0.8529969E+003 -0.6042399E+003
 253.000    09091992  0.2606465E+004  0.7447544E+004  0.3406120E+003  0.2588917E+003  0.1207498E+002  0.1915544E+004 -0.1059215E+004  0.8563288E+003 -0.6082106E+003
 254.000    10091992  0.2606096E+004  0.7447328E+004  0.3406120E+003  0.2580886E+003  0.1207200E+002  0.1925065E+004 -0.1065527E+004  0.8595387E+003 -0.6122117E+003
 255.000    11091992  0.2605643E+004  0.7447108E+004  0.3406120E+003  0.2569622E+003  0.1206851E+002  0.1934042E+004 -0.1071599E+004  0.8624431E+003 -0.6162125E+003
 256.000    12091992  0.2604687E+004  0.7446915E+004  0.3406120E+003  0.2567745E+003  0.1206637E+002  0.1942716E+004 -0.1076580E+004  0.8661358E+003 -0.6200112E+003
 257.000    13091992  0.2603605E+004  0.7446785E+004  0.3406120E+003  0.2571237E+003  0.1206420E+002  0.1951094E+004 -0.1081055E+004  0.8700385E+003 -0.6234320E+003
 258.000    14091992  0.2602700E+004  0.7446681E+004  0.3406120E+003  0.2574033E+003  0.1206264E+002  0.1959572E+004 -0.1085827E+004  0.8737454E+003 -0.6267261E+003
 259.000    15091992  0.2601904E+004  0.7446586E+004  0.3406120E+003  0.2574560E+003  0.1206093E+002  0.1967983E+004 -0.1090794E+004  0.8771894E+003 -0.6299831E+003
 260.000    16091992  0.2601385E+004  0.7446487E+004  0.3406120E+003  0.2572545E+003  0.1205889E+002  0.1976714E+004 -0.1096292E+004  0.8804216E+003 -0.6332836E+003
 261.000    17091992  0.2601360E+004  0.7446349E+004  0.3406120E+003  0.2566533E+003  0.1205452E+002  0.1986318E+004 -0.1102828E+004  0.8834900E+003 -0.6368403E+003
 262.000    18091992  0.2601130E+004  0.7446185E+004  0.3406120E+003  0.2564286E+003  0.1204963E+002  0.1996060E+004 -0.1108999E+004  0.8870611E+003 -0.6405081E+003
 263.000    19091992  0.2600803E+004  0.7446013E+004  0.3406120E+003  0.2558487E+003  0.1204365E+002  0.2005323E+004 -0.1115020E+004  0.8903029E+003 -0.6441933E+003
 264.000    20091992  0.2600180E+004  0.7445833E+004  0.3406120E+003  0.2549085E+003  0.1203707E+002  0.2013798E+004 -0.1120639E+004  0.8931591E+003 -0.6479347E+003
 265.000    21091992  0.2599680E+004  0.7445662E+004  0.3406120E+003  0.2543818E+003  0.1203019E+002  0.2022806E+004 -0.1126383E+004  0.8964231E+003 -0.6515934E+003
 266.000    22091992  0.2599675E+004  0.7445469E+004  0.3406120E+003  0.2531860E+003  0.1202046E+002  0.2032085E+004 -0.1132930E+004  0.8991549E+003 -0.6553849E+003
 267.000    23091992  0.2598729E+004  0.7445271E+004  0.3406120E+003  0.2530995E+003  0.1201236E+002  0.2040828E+004 -0.1137866E+004  0.9029621E+003 -0.6591593E+003
 268.000    24091992  0.2597249E+004  0.7445179E+004  0.3406120E+003  0.2536880E+003  0.1200836E+002  0.2048095E+004 -0.1141219E+004  0.9068753E+003 -0.6622665E+003
 269.000    25091992  0.2595654E+004  0.7445124E+004  0.3406120E+003  0.2537697E+003  0.1200472E+002  0.2054363E+004 -0.1144294E+004  0.9100698E+003 -0.6652156E+003
 270.000    26091992  0.2594583E+004  0.7445093E+004  0.3406120E+003  0.2541795E+003  0.1199990E+002  0.2061958E+004 -0.1148460E+004  0.9134981E+003 -0.6680551E+003
 271.000    27091992  0.2594067E+004  0.7445016E+004  0.3406120E+003  0.2538927E+003  0.1199030E+002  0.2070712E+004 -0.1154173E+004  0.9165390E+003 -0.6712397E+003
 272.000    28091992  0.2593347E+004  0.7444904E+004  0.3406120E+003  0.2528535E+003  0.1197984E+002  0.2078575E+004 -0.1159567E+004  0.9190082E+003 -0.6746241E+003
 273.000    29091992  0.2592409E+004  0.7444798E+004  0.3406120E+003  0.2524940E+003  0.1197105E+002  0.2086436E+004 -0.1164311E+004  0.9221252E+003 -0.6779241E+003
 274.000    30091992  0.2591631E+004  0.7444765E+004  0.3406120E+003  0.2524588E+003  0.1195413E+002  0.2092358E+004 -0.1167231E+004  0.9251270E+003 -0.6807102E+003
 275.000    01101992  0.2590256E+004  0.7444788E+004  0.3406120E+003  0.2529815E+003  0.1194373E+002  0.2098308E+004 -0.1169908E+004  0.9283991E+003 -0.6831947E+003
 276.000    02101992  0.2589042E+004  0.7444836E+004  0.3406120E+003  0.2533346E+003  0.1193460E+002  0.2104237E+004 -0.1172869E+004  0.9313678E+003 -0.6855510E+003
 277.000    03101992  0.2588084E+004  0.7444881E+004  0.3406120E+003  0.2537167E+003  0.1192910E+002  0.2111027E+004 -0.1176638E+004  0.9343896E+003 -0.6879445E+003
 278.000    04101992  0.2586488E+004  0.7444886E+004  0.3406120E+003  0.2549342E+003  0.1192264E+002  0.2118972E+004 -0.1180605E+004  0.9383661E+003 -0.6910691E+003
 279.000    05101992  0.2584516E+004  0.7444876E+004  0.3406120E+003  0.2550503E+003  0.1191752E+002  0.2125240E+004 -0.1183823E+004  0.9414173E+003 -0.6941974E+003
 280.000    06101992  0.2582918E+004  0.7444924E+004  0.3406120E+003  0.2553436E+003  0.1190795E+002  0.2130672E+004 -0.1186514E+004  0.9441576E+003 -0.6967168E+003
 281.000    07101992  0.2581641E+004  0.7444985E+004  0.3406120E+003  0.2561271E+003  0.1190328E+002  0.2137217E+004 -0.1189945E+004  0.9472722E+003 -0.6991433E+003
 282.000    08101992  0.2580750E+004  0.7445019E+004  0.3406120E+003  0.2568632E+003  0.1189591E+002  0.2145183E+004 -0.1194676E+004  0.9505074E+003 -0.7018232E+003
 283.000    09101992  0.2580010E+004  0.7445011E+004  0.3406120E+003  0.2566935E+003  0.1188492E+002  0.2153122E+004 -0.1200016E+004  0.9531056E+003 -0.7048091E+003
 284.000    10101992  0.2579032E+004  0.7444992E+004  0.3406120E+003  0.2568787E+003  0.1187419E+002  0.2160834E+004 -0.1204702E+004  0.9561320E+003 -0.7078314E+003
 285.000    11101992  0.2577729E+004  0.7444999E+004  0.3406120E+003  0.2571524E+003  0.1186664E+002  0.2167454E+004 -0.1208382E+004  0.9590715E+003 -0.7106478E+003
 286.000    12101992  0.2576356E+004  0.7445046E+004  0.3406120E+003  0.2575655E+003  0.1185569E+002  0.2173114E+004 -0.1211261E+004  0.9618526E+003 -0.7131256E+003
 287.000    13101992  0.2575285E+004  0.7445124E+004  0.3406120E+003  0.2582019E+003  0.1184812E+002  0.2179246E+004 -0.1214554E+004  0.9646919E+003 -0.7154047E+003
 288.000    14101992  0.2574519E+004  0.7445190E+004  0.3406120E+003  0.2583660E+003  0.1184031E+002  0.2186003E+004 -0.1218798E+004  0.9672049E+003 -0.7178393E+003
 289.000    15101992  0.2573820E+004  0.7445233E+004  0.3406120E+003  0.2582890E+003  0.1183166E+002  0.2193032E+004 -0.1223369E+004  0.9696627E+003 -0.7204597E+003
 290.000    16101992  0.2573148E+004  0.7445258E+004  0.3406120E+003  0.2583870E+003  0.1182102E+002  0.2200560E+004 -0.1228117E+004  0.9724429E+003 -0.7232201E+003
 291.000    17101992  0.2571997E+004  0.7445278E+004  0.3406120E+003  0.2581702E+003  0.1181206E+002  0.2206794E+004 -0.1231846E+004  0.9749475E+003 -0.7259789E+003
 292.000    18101992  0.2570601E+004  0.7445367E+004  0.3406120E+003  0.2588414E+003  0.1179799E+002  0.2211700E+004 -0.1233904E+004  0.9777962E+003 -0.7281227E+003
 293.000    19101992  0.2569497E+004  0.7445512E+004  0.3406120E+003  0.2591914E+003  0.1177538E+002  0.2215651E+004 -0.1235705E+004  0.9799455E+003 -0.7298712E+003
 294.000    20101992  0.2568644E+004  0.7445698E+004  0.3406120E+003  0.2590940E+003  0.1174739E+002  0.2218824E+004 -0.1237436E+004  0.9813877E+003 -0.7313430E+003
 295.000    21101992  0.2567851E+004  0.7445869E+004  0.3406120E+003  0.2600908E+003  0.1174078E+002  0.2224203E+004 -0.1240153E+004  0.9840497E+003 -0.7329778E+003
 296.000    22101992  0.2567174E+004  0.7445997E+004  0.3406120E+003  0.2608992E+003  0.1173401E+002  0.2230825E+004 -0.1243972E+004  0.9868535E+003 -0.7349919E+003
 297.000    23101992  0.2566201E+004  0.7446130E+004  0.3406120E+003  0.2610046E+003  0.1172475E+002  0.2235704E+004 -0.1246803E+004  0.9889016E+003 -0.7369139E+003
 298.000    24101992  0.2565456E+004  0.7446275E+004  0.3406120E+003  0.2612654E+003  0.1171643E+002  0.2241083E+004 -0.1250043E+004  0.9910396E+003 -0.7387546E+003
 299.000    25101992  0.2564585E+004  0.7446399E+004  0.3406120E+003  0.2617177E+003  0.1170921E+002  0.2246931E+004 -0.1253372E+004  0.9935594E+003 -0.7407869E+003
 300.000    26101992  0.2563801E+004  0.7446551E+004  0.3406120E+003  0.2619858E+003  0.1169697E+002  0.2251847E+004 -0.1256171E+004  0.9956767E+003 -0.7425417E+003
 301.000    27101992  0.2563004E+004  0.7446699E+004  0.3406120E+003  0.2625982E+003  0.1168984E+002  0.2257479E+004 -0.1259274E+004  0.9982051E+003 -0.7443705E+003
 302.000    28101992  0.2562096E+004  0.7446830E+004  0.3406120E+003  0.2629274E+003  0.1168231E+002  0.2263016E+004 -0.1262460E+004  0.1000556E+004 -0.7463451E+003
 303.000    29101992  0.2561349E+004  0.7446946E+004  0.3406120E+003  0.2632446E+003  0.1167261E+002  0.2269324E+004 -0.1266314E+004  0.1003010E+004 -0.7484661E+003
 304.000    30101992  0.2561430E+004  0.7447032E+004  0.3406120E+003  0.2631629E+003  0.1165400E+002  0.2276123E+004 -0.1270782E+004  0.1005340E+004 -0.7508306E+003
 305.000    31101992  0.2560359E+004  0.7447089E+004  0.3406120E+003  0.2626908E+003  0.1164269E+002  0.2281892E+004 -0.1274756E+004  0.1007136E+004 -0.7535320E+003
 306.000    01111992  0.2559062E+004  0.7447184E+004  0.3406120E+003  0.2629306E+003  0.1163538E+002  0.2287049E+004 -0.1277489E+004  0.1009560E+004 -0.7557997E+003
 307.000    02111992  0.2557980E+004  0.7447294E+004  0.3406120E+003  0.2636931E+003  0.1162743E+002  0.2293042E+004 -0.1280645E+004  0.1012396E+004 -0.7579984E+003
 308.000    03111992  0.2556979E+004  0.7447381E+004  0.3406120E+003  0.2630459E+003  0.1161736E+002  0.2298463E+004 -0.1284465E+004  0.1013998E+004 -0.7604665E+003
 309.000    04111992  0.2555871E+004  0.7447478E+004  0.3406120E+003  0.2634860E+003  0.1160799E+002  0.2304381E+004 -0.1287758E+004  0.1016624E+004 -0.7627946E+003
 310.000    05111992  0.2554999E+004  0.7447554E+004  0.3406120E+003  0.2613884E+003  0.1159504E+002  0.2308973E+004 -0.1291833E+004  0.1017140E+004 -0.7653221E+003
 311.000    06111992  0.2553717E+004  0.7447639E+004  0.3406120E+003  0.2606487E+003  0.1158628E+002  0.2313396E+004 -0.1294589E+004  0.1018806E+004 -0.7676720E+003
 312.000    07111992  0.2552615E+004  0.7447798E+004  0.3406120E+003  0.2608415E+003  0.1156592E+002  0.2317103E+004 -0.1296262E+004  0.1020841E+004 -0.7693856E+003
 313.000    08111992  0.2551733E+004  0.7447988E+004  0.3406120E+003  0.2611567E+003  0.1154572E+002  0.2320619E+004 -0.1297874E+004  0.1022746E+004 -0.7708809E+003
 314.000    09111992  0.2551018E+004  0.7448201E+004  0.3406120E+003  0.2610009E+003  0.1152205E+002  0.2323458E+004 -0.1299484E+004  0.1023974E+004 -0.7722101E+003
 315.000    10111992  0.2550448E+004  0.7448423E+004  0.3406120E+003  0.2612935E+003  0.1149914E+002  0.2326912E+004 -0.1301356E+004  0.1025556E+004 -0.7734706E+003
 316.000    11111992  0.2549780E+004  0.7448614E+004  0.3406120E+003  0.2621620E+003  0.1149394E+002  0.2332149E+004 -0.1304213E+004  0.1027937E+004 -0.7750177E+003
 317.000    12111992  0.2549083E+004  0.7448766E+004  0.3406120E+003  0.2623100E+003  0.1148581E+002  0.2337501E+004 -0.1307797E+004  0.1029704E+004 -0.7769432E+003
 318.000    13111992  0.2548159E+004  0.7448883E+004  0.3406120E+003  0.2615731E+003  0.1147760E+002  0.2342332E+004 -0.1311282E+004  0.1031049E+004 -0.7791463E+003
 319.000    14111992  0.2547313E+004  0.7449074E+004  0.3406120E+003  0.2612639E+003  0.1145260E+002  0.2345158E+004 -0.1312919E+004  0.1032238E+004 -0.7806094E+003
 320.000    15111992  0.2546607E+004  0.7449292E+004  0.3406120E+003  0.2613298E+003  0.1143233E+002  0.2348225E+004 -0.1314562E+004  0.1033663E+004 -0.7818940E+003
 321.000    16111992  0.2546052E+004  0.7449532E+004  0.3406120E+003  0.2605704E+003  0.1140079E+002  0.2349936E+004 -0.1315875E+004  0.1034062E+004 -0.7829817E+003
 322.000    17111992  0.2545771E+004  0.7449796E+004  0.3406120E+003  0.2607194E+003  0.1137235E+002  0.2352564E+004 -0.1317416E+004  0.1035149E+004 -0.7838538E+003
 323.000    18111992  0.2545453E+004  0.7450042E+004  0.3406120E+003  0.2610369E+003  0.1135452E+002  0.2356117E+004 -0.1319591E+004  0.1036526E+004 -0.7849126E+003
 324.000    19111992  0.2544985E+004  0.7450255E+004  0.3406120E+003  0.2612717E+003  0.1134740E+002  0.2360127E+004 -0.1322088E+004  0.1038039E+004 -0.7862253E+003
 325.000    20111992  0.2546518E+004  0.7450457E+004  0.3406120E+003  0.2616934E+003  0.1133998E+002  0.2364258E+004 -0.1324442E+004  0.1039816E+004 -0.7876236E+003
 326.000    21111992  0.2548022E+004  0.7450638E+004  0.3406120E+003  0.2625279E+003  0.1133398E+002  0.2369778E+004 -0.1327662E+004  0.1042116E+004 -0.7892293E+003
 327.000    22111992  0.2549594E+004  0.7450778E+004  0.3406120E+003  0.2618754E+003  0.1132531E+002  0.2375301E+004 -0.1332055E+004  0.1043246E+004 -0.7912441E+003
 328.000    23111992  0.2550771E+004  0.7450880E+004  0.3406120E+003  0.2600046E+003  0.1131512E+002  0.2379625E+004 -0.1336119E+004  0.1043506E+004 -0.7935669E+003
 329.000    24111992  0.2551440E+004  0.7451013E+004  0.3406120E+003  0.2599275E+003  0.1130886E+002  0.2384087E+004 -0.1338666E+004  0.1045421E+004 -0.7955201E+003
 330.000    25111992  0.2552136E+004  0.7451165E+004  0.3406120E+003  0.2605521E+003  0.1129721E+002  0.2389183E+004 -0.1341346E+004  0.1047837E+004 -0.7973481E+003
 331.000    26111992  0.2552933E+004  0.7451290E+004  0.3406120E+003  0.2595798E+003  0.1128758E+002  0.2393878E+004 -0.1344997E+004  0.1048881E+004 -0.7994992E+003
 332.000    27111992  0.2553318E+004  0.7451406E+004  0.3406120E+003  0.2590897E+003  0.1128068E+002  0.2398343E+004 -0.1347848E+004  0.1050495E+004 -0.8016211E+003
 333.000    28111992  0.2553570E+004  0.7451572E+004  0.3406120E+003  0.2591649E+003  0.1127027E+002  0.2401918E+004 -0.1349641E+004  0.1052278E+004 -0.8032845E+003
 334.000    29111992  0.2553943E+004  0.7451769E+004  0.3406120E+003  0.2591635E+003  0.1126138E+002  0.2405105E+004 -0.1351289E+004  0.1053816E+004 -0.8046891E+003
 335.000    30111992  0.2554941E+004  0.7451977E+004  0.3406120E+003  0.2593111E+003  0.1124740E+002  0.2408378E+004 -0.1352995E+004  0.1055383E+004 -0.8060166E+003
 336.000    01121992  0.2555232E+004  0.7452193E+004  0.3406120E+003  0.2595974E+003  0.1123884E+002  0.2411582E+004 -0.1354598E+004  0.1056984E+004 -0.8072700E+003
 337.000    02121992  0.2555707E+004  0.7452436E+004  0.3406120E+003  0.2595132E+003  0.1122525E+002  0.2413996E+004 -0.1356005E+004  0.1057991E+004 -0.8082881E+003
 338.000    03121992  0.2556152E+004  0.7452686E+004  0.3406120E+003  0.2591172E+003  0.1121177E+002  0.2415949E+004 -0.1357341E+004  0.1058607E+004 -0.8092397E+003
 339.000    04121992  0.2556602E+004  0.7452942E+004  0.3406120E+003  0.2590820E+003  0.1119975E+002  0.2418229E+004 -0.1358715E+004  0.1059513E+004 -0.8101300E+003
 340.000    05121992  0.2556708E+004  0.7453178E+004  0.3406120E+003  0.2590817E+003  0.1119431E+002  0.2420879E+004 -0.1360292E+004  0.1060586E+004 -0.8111875E+003
 341.000    06121992  0.2557216E+004  0.7453445E+004  0.3406120E+003  0.2582688E+003  0.1117634E+002  0.2421719E+004 -0.1361343E+004  0.1060376E+004 -0.8118931E+003
 342.000    07121992  0.2557789E+004  0.7453719E+004  0.3406120E+003  0.2580098E+003  0.1116277E+002  0.2423497E+004 -0.1362590E+004  0.1060907E+004 -0.8125014E+003
 343.000    08121992  0.2558261E+004  0.7453990E+004  0.3406120E+003  0.2580340E+003  0.1115149E+002  0.2425499E+004 -0.1363871E+004  0.1061627E+004 -0.8131411E+003
 344.000    09121992  0.2558664E+004  0.7454255E+004  0.3406120E+003  0.2574054E+003  0.1113637E+002  0.2426799E+004 -0.1365052E+004  0.1061747E+004 -0.8138488E+003
 345.000    10121992  0.2558993E+004  0.7454517E+004  0.3406120E+003  0.2579639E+003  0.1112618E+002  0.2429365E+004 -0.1366432E+004  0.1062933E+004 -0.8145770E+003
 346.000    11121992  0.2559086E+004  0.7454766E+004  0.3406120E+003  0.2579213E+003  0.1111672E+002  0.2431533E+004 -0.1367770E+004  0.1063763E+004 -0.8154281E+003
 347.000    12121992  0.2559223E+004  0.7455018E+004  0.3406120E+003  0.2577951E+003  0.1110633E+002  0.2433631E+004 -0.1369146E+004  0.1064485E+004 -0.8162272E+003
 348.000    13121992  0.2559326E+004  0.7455268E+004  0.3406120E+003  0.2574717E+003  0.1109640E+002  0.2435533E+004 -0.1370513E+004  0.1065019E+004 -0.8170238E+003
 349.000    14121992  0.2559392E+004  0.7455516E+004  0.3406120E+003  0.2575195E+003  0.1108823E+002  0.2437862E+004 -0.1371940E+004  0.1065922E+004 -0.8178418E+003
 350.000    15121992  0.2559536E+004  0.7455767E+004  0.3406120E+003  0.2572936E+003  0.1107766E+002  0.2439891E+004 -0.1373403E+004  0.1066489E+004 -0.8186070E+003
 351.000    16121992  0.2559581E+004  0.7456009E+004  0.3406120E+003  0.2579640E+003  0.1107110E+002  0.2443201E+004 -0.1375186E+004  0.1068015E+004 -0.8194665E+003
 352.000    17121992  0.2559739E+004  0.7456217E+004  0.3406120E+003  0.2578648E+003  0.1106736E+002  0.2447670E+004 -0.1378589E+004  0.1069081E+004 -0.8206936E+003
 353.000    18121992  0.2559507E+004  0.7456416E+004  0.3406120E+003  0.2573159E+003  0.1105835E+002  0.2450628E+004 -0.1380866E+004  0.1069762E+004 -0.8219475E+003
 354.000    19121992  0.2559347E+004  0.7456638E+004  0.3406120E+003  0.2575087E+003  0.1105063E+002  0.2453736E+004 -0.1382722E+004  0.1071014E+004 -0.8229886E+003
 355.000    20121992  0.2559143E+004  0.7456843E+004  0.3406120E+003  0.2579016E+003  0.1104619E+002  0.2457893E+004 -0.1385338E+004  0.1072555E+004 -0.8242430E+003
 356.000    21121992  0.2558755E+004  0.7457049E+004  0.3406120E+003  0.2572846E+003  0.1103750E+002  0.2460240E+004 -0.1387142E+004  0.1073098E+004 -0.8254368E+003
 357.000    22121992  0.2558570E+004  0.7457276E+004  0.3406120E+003  0.2576742E+003  0.1102993E+002  0.2463441E+004 -0.1388940E+004  0.1074501E+004 -0.8264443E+003
 358.000    23121992  0.2558394E+004  0.7457479E+004  0.3406120E+003  0.2583879E+003  0.1102695E+002  0.2468242E+004 -0.1391794E+004  0.1076448E+004 -0.8277144E+003
 359.000    24121992  0.2557904E+004  0.7457665E+004  0.3406120E+003  0.2576032E+003  0.1101921E+002  0.2471058E+004 -0.1394028E+004  0.1077031E+004 -0.8290987E+003
 360.000    25121992  0.2557847E+004  0.7457917E+004  0.3406120E+003  0.2568161E+003  0.1100257E+002  0.2472175E+004 -0.1395135E+004  0.1077040E+004 -0.8298067E+003
 361.000    26121992  0.2557907E+004  0.7458180E+004  0.3406120E+003  0.2571864E+003  0.1099271E+002  0.2474561E+004 -0.1396457E+004  0.1078104E+004 -0.8304137E+003
 362.000    27121992  0.2557988E+004  0.7458440E+004  0.3406120E+003  0.2557866E+003  0.1097367E+002  0.2474836E+004 -0.1397455E+004  0.1077381E+004 -0.8310028E+003
 363.000    28121992  0.2558080E+004  0.7458699E+004  0.3406120E+003  0.2554273E+003  0.1095748E+002  0.2476171E+004 -0.1398529E+004  0.1077642E+004 -0.8316012E+003
 364.000    29121992  0.2558098E+004  0.7458950E+004  0.3406120E+003  0.2561764E+003  0.1094939E+002  0.2479195E+004 -0.1400117E+004  0.1079078E+004 -0.8322908E+003
 365.000    30121992  0.2558733E+004  0.7459197E+004  0.3406120E+003  0.2570430E+003  0.1094269E+002  0.2483165E+004 -0.1402512E+004  0.1080654E+004 -0.8330063E+003
 366.000    31121992  0.2558515E+004  0.7459413E+004  0.3406120E+003  0.2573217E+003  0.1094052E+002  0.2487328E+004 -0.1405280E+004  0.1082048E+004 -0.8340945E+003
