    DOY     DATE    RESIDUE_C       HUMUS_C         ATM_CO2         NBP             ECO_LAI         ECO_GPP         ECO_RA          ECO_NPP         ECO_RH          
  30.000    30011977  0.7562628E+003  0.6928550E+004  0.3406120E+003  0.1272459E+002  0.1170997E+002  0.5304384E+002 -0.4464147E+002  0.8402373E+001 -0.3679639E+001
  60.000    01031977  0.7691825E+003  0.6929745E+004  0.3406120E+003  0.5403322E+002  0.1134666E+002  0.1731962E+003 -0.1137854E+003  0.5941079E+002 -0.9517022E+001
  90.000    31031977  0.7698953E+003  0.6930794E+004  0.3406120E+003  0.1423517E+003  0.1117175E+002  0.3764486E+003 -0.2158379E+003  0.1606107E+003 -0.2191835E+002
 120.000    30041977  0.7600785E+003  0.6931488E+004  0.3406120E+003  0.2484406E+003  0.1128965E+002  0.6314763E+003 -0.3461584E+003  0.2853178E+003 -0.4061018E+002
 150.000    30051977  0.7461624E+003  0.6929780E+004  0.3406120E+003  0.3480799E+003  0.1207848E+002  0.9696872E+003 -0.5553002E+003  0.4143869E+003 -0.7133115E+002
 180.000    29061977  0.7286077E+003  0.6925127E+004  0.3406120E+003  0.4322867E+003  0.1377979E+002  0.1349073E+004 -0.8037597E+003  0.5453129E+003 -0.1110476E+003
 210.000    29071977  0.7159560E+003  0.6917574E+004  0.3406120E+003  0.4816942E+003  0.1469492E+002  0.1713894E+004 -0.1085048E+004  0.6288462E+003 -0.1536741E+003
 240.000    28081977  0.7093760E+003  0.6908581E+004  0.3406120E+003  0.5185037E+003  0.1465532E+002  0.2059143E+004 -0.1357593E+004  0.7015497E+003 -0.1953809E+003
 270.000    27091977  0.7024984E+003  0.6901911E+004  0.3406120E+003  0.5679630E+003  0.1439178E+002  0.2363971E+004 -0.1576201E+004  0.7877696E+003 -0.2280859E+003
 300.000    27101977  0.6959274E+003  0.6898192E+004  0.3406120E+003  0.6181766E+003  0.1375670E+002  0.2599501E+004 -0.1733968E+004  0.8655325E+003 -0.2525691E+003
 330.000    26111977  0.7091953E+003  0.6897358E+004  0.3406120E+003  0.6562435E+003  0.1312599E+002  0.2767571E+004 -0.1850737E+004  0.9168342E+003 -0.2685631E+003
 360.000    26121977  0.7365444E+003  0.6897593E+004  0.3406120E+003  0.6528606E+003  0.1250558E+002  0.2890868E+004 -0.1943031E+004  0.9478363E+003 -0.2805209E+003
