    DOY     DATE    RESIDUE_C       HUMUS_C         ATM_CO2         NBP             ECO_LAI         ECO_GPP         ECO_RA          ECO_NPP         ECO_RH          
   1.000    01011995  0.2326410E+004  0.7467169E+004  0.3406120E+003  0.9457277E+000  0.1107765E+002  0.3679362E+001 -0.1972220E+001  0.1707142E+001 -0.7416850E+000
   2.000    02011995  0.2325885E+004  0.7467350E+004  0.3406120E+003  0.7989923E+000  0.1107173E+002  0.6327310E+001 -0.3801094E+001  0.2526216E+001 -0.1696106E+001
   3.000    03011995  0.2325823E+004  0.7467570E+004  0.3406120E+003 -0.3992267E-001  0.1105374E+002  0.7243256E+001 -0.4884450E+001  0.2358806E+001 -0.2274187E+001
   4.000    04011995  0.2325861E+004  0.7467800E+004  0.3406120E+003 -0.1947641E+000  0.1103888E+002  0.8764692E+001 -0.5999494E+001  0.2765198E+001 -0.2732129E+001
   5.000    05011995  0.2325922E+004  0.7468030E+004  0.3406120E+003 -0.6349901E+001  0.1102252E+002  0.8968902E+001 -0.6925761E+001  0.2043141E+001 -0.3141509E+001
   6.000    06011995  0.2325990E+004  0.7468262E+004  0.3406120E+003 -0.7171077E+001  0.1100899E+002  0.9609451E+001 -0.7816132E+001  0.1793319E+001 -0.3497689E+001
   7.000    07011995  0.2326289E+004  0.7468487E+004  0.3406120E+003 -0.5179267E+001  0.1100717E+002  0.1379464E+002 -0.1012081E+002  0.3673825E+001 -0.3855663E+001
   8.000    08011995  0.2326449E+004  0.7468711E+004  0.3406120E+003 -0.4762761E+001  0.1099207E+002  0.1526747E+002 -0.1136525E+002  0.3902223E+001 -0.4209191E+001
   9.000    09011995  0.2326608E+004  0.7468933E+004  0.3406120E+003 -0.3664995E+001  0.1097992E+002  0.1732301E+002 -0.1253556E+002  0.4787453E+001 -0.4556151E+001
  10.000    10011995  0.2326782E+004  0.7469154E+004  0.3406120E+003 -0.2719086E+001  0.1096964E+002  0.1941630E+002 -0.1381879E+002  0.5597519E+001 -0.4896411E+001
  11.000    11011995  0.2327015E+004  0.7469373E+004  0.3406120E+003 -0.1337326E+001  0.1096202E+002  0.2230407E+002 -0.1542060E+002  0.6883472E+001 -0.5231942E+001
  12.000    12011995  0.2327238E+004  0.7469590E+004  0.3406120E+003 -0.6411525E+000  0.1096160E+002  0.2645512E+002 -0.1779224E+002  0.8662884E+001 -0.5634755E+001
  13.000    13011995  0.2327270E+004  0.7469776E+004  0.3406120E+003 -0.5808548E+000  0.1096122E+002  0.3091261E+002 -0.2075099E+002  0.1016162E+002 -0.6439400E+001
  14.000    14011995  0.2327235E+004  0.7469917E+004  0.3406120E+003 -0.2465451E+001  0.1095806E+002  0.3413362E+002 -0.2449209E+002  0.9641529E+001 -0.7694259E+001
  15.000    15011995  0.2326924E+004  0.7470023E+004  0.3406120E+003 -0.2765273E+001  0.1095230E+002  0.3909937E+002 -0.2809666E+002  0.1100271E+002 -0.9263546E+001
  16.000    16011995  0.2326335E+004  0.7470139E+004  0.3406120E+003 -0.2337149E+001  0.1094359E+002  0.4373237E+002 -0.3074377E+002  0.1298860E+002 -0.1070385E+002
  17.000    17011995  0.2325789E+004  0.7470292E+004  0.3406120E+003 -0.2677327E+001  0.1093302E+002  0.4642247E+002 -0.3255300E+002  0.1386947E+002 -0.1182974E+002
  18.000    18011995  0.2325457E+004  0.7470470E+004  0.3406120E+003 -0.2627416E+001  0.1092482E+002  0.4925838E+002 -0.3430984E+002  0.1494854E+002 -0.1276463E+002
  19.000    19011995  0.2325072E+004  0.7470641E+004  0.3406120E+003 -0.2161527E+001  0.1091866E+002  0.5288354E+002 -0.3635381E+002  0.1652973E+002 -0.1376762E+002
  20.000    20011995  0.2324506E+004  0.7470800E+004  0.3406120E+003 -0.2384330E+001  0.1091198E+002  0.5571011E+002 -0.3830844E+002  0.1740167E+002 -0.1488967E+002
  21.000    21011995  0.2324145E+004  0.7470988E+004  0.3406120E+003 -0.2252592E+001  0.1090206E+002  0.5812321E+002 -0.3969147E+002  0.1843173E+002 -0.1573777E+002
  22.000    22011995  0.2324027E+004  0.7471196E+004  0.3406120E+003 -0.2665461E+001  0.1088599E+002  0.5958049E+002 -0.4085372E+002  0.1872677E+002 -0.1637823E+002
  23.000    23011995  0.2324002E+004  0.7471413E+004  0.3406120E+003 -0.2440383E+001  0.1087082E+002  0.6157539E+002 -0.4199096E+002  0.1958443E+002 -0.1691514E+002
  24.000    24011995  0.2324050E+004  0.7471632E+004  0.3406120E+003 -0.3094624E+001  0.1085391E+002  0.6251477E+002 -0.4302799E+002  0.1948678E+002 -0.1739352E+002
  25.000    25011995  0.2324109E+004  0.7471853E+004  0.3406120E+003 -0.1486911E+002  0.1083869E+002  0.6357612E+002 -0.4402725E+002  0.1954887E+002 -0.1780224E+002
  26.000    26011995  0.2324218E+004  0.7472073E+004  0.3406120E+003 -0.1712716E+002  0.1082544E+002  0.6551580E+002 -0.4514905E+002  0.2036676E+002 -0.1818473E+002
  27.000    27011995  0.2324335E+004  0.7472292E+004  0.3406120E+003 -0.1666398E+002  0.1081375E+002  0.6735386E+002 -0.4633158E+002  0.2102227E+002 -0.1854986E+002
  28.000    28011995  0.2324431E+004  0.7472509E+004  0.3406120E+003 -0.1551119E+002  0.1080481E+002  0.6975158E+002 -0.4757941E+002  0.2217216E+002 -0.1890386E+002
  29.000    29011995  0.2324613E+004  0.7472725E+004  0.3406120E+003 -0.1617078E+002  0.1079095E+002  0.7090710E+002 -0.4868105E+002  0.2222605E+002 -0.1925614E+002
  30.000    30011995  0.2325462E+004  0.7472940E+004  0.3406120E+003 -0.1712279E+002  0.1076854E+002  0.7150037E+002 -0.4964640E+002  0.2185396E+002 -0.1960369E+002
  31.000    31011995  0.2325610E+004  0.7473153E+004  0.3406120E+003 -0.1667160E+002  0.1075704E+002  0.7349534E+002 -0.5076055E+002  0.2273479E+002 -0.1995179E+002
  32.000    01021995  0.2325800E+004  0.7473365E+004  0.3406120E+003 -0.1607940E+002  0.1074879E+002  0.7578031E+002 -0.5213190E+002  0.2364841E+002 -0.2029963E+002
  33.000    02021995  0.2325793E+004  0.7473566E+004  0.3406120E+003 -0.1411193E+002  0.1074359E+002  0.7981505E+002 -0.5379702E+002  0.2601803E+002 -0.2082179E+002
  34.000    03021995  0.2325524E+004  0.7473755E+004  0.3406120E+003 -0.1324770E+002  0.1073946E+002  0.8273574E+002 -0.5533307E+002  0.2740267E+002 -0.2149060E+002
  35.000    04021995  0.2325192E+004  0.7473940E+004  0.3406120E+003 -0.1168786E+002  0.1073501E+002  0.8636544E+002 -0.5687010E+002  0.2949534E+002 -0.2220943E+002
  36.000    05021995  0.2325262E+004  0.7474145E+004  0.3406120E+003 -0.1222060E+002  0.1071665E+002  0.8717813E+002 -0.5787335E+002  0.2930478E+002 -0.2267617E+002
  37.000    06021995  0.2325361E+004  0.7474358E+004  0.3406120E+003 -0.1274869E+002  0.1070378E+002  0.8736849E+002 -0.5868016E+002  0.2868832E+002 -0.2301545E+002
  38.000    07021995  0.2325520E+004  0.7474571E+004  0.3406120E+003 -0.1284218E+002  0.1069135E+002  0.8794812E+002 -0.5952507E+002  0.2842305E+002 -0.2330478E+002
  39.000    08021995  0.2325761E+004  0.7474780E+004  0.3406120E+003 -0.1301580E+002  0.1067668E+002  0.8841687E+002 -0.6040713E+002  0.2800975E+002 -0.2359216E+002
  40.000    09021995  0.2325924E+004  0.7474988E+004  0.3406120E+003 -0.1317552E+002  0.1066434E+002  0.8884605E+002 -0.6121401E+002  0.2763203E+002 -0.2387227E+002
  41.000    10021995  0.2326195E+004  0.7475194E+004  0.3406120E+003 -0.1265215E+002  0.1065048E+002  0.9012943E+002 -0.6218510E+002  0.2794433E+002 -0.2414784E+002
  42.000    11021995  0.2326464E+004  0.7475399E+004  0.3406120E+003 -0.1092643E+002  0.1064178E+002  0.9294629E+002 -0.6347726E+002  0.2946903E+002 -0.2442300E+002
  43.000    12021995  0.2326712E+004  0.7475602E+004  0.3406120E+003 -0.1091453E+002  0.1062811E+002  0.9389212E+002 -0.6460220E+002  0.2928992E+002 -0.2469939E+002
  44.000    13021995  0.2326975E+004  0.7475805E+004  0.3406120E+003 -0.1081364E+002  0.1061438E+002  0.9470898E+002 -0.6547411E+002  0.2923487E+002 -0.2495978E+002
  45.000    14021995  0.2327280E+004  0.7476007E+004  0.3406120E+003 -0.1028509E+002  0.1060149E+002  0.9609813E+002 -0.6644299E+002  0.2965514E+002 -0.2519116E+002
  46.000    15021995  0.2327627E+004  0.7476207E+004  0.3406120E+003 -0.9920409E+001  0.1058702E+002  0.9721732E+002 -0.6740702E+002  0.2981030E+002 -0.2542659E+002
  47.000    16021995  0.2328064E+004  0.7476406E+004  0.3406120E+003 -0.6575140E+001  0.1058389E+002  0.1024738E+003 -0.6949086E+002  0.3298299E+002 -0.2567082E+002
  48.000    17021995  0.2328318E+004  0.7476603E+004  0.3406120E+003 -0.4609546E+001  0.1057972E+002  0.1060928E+003 -0.7131192E+002  0.3478088E+002 -0.2591835E+002
  49.000    18021995  0.2328480E+004  0.7476800E+004  0.3406120E+003 -0.3219442E+001  0.1057398E+002  0.1085737E+003 -0.7256436E+002  0.3600931E+002 -0.2617008E+002
  50.000    19021995  0.2328742E+004  0.7476996E+004  0.3406120E+003 -0.8618308E+000  0.1057023E+002  0.1123252E+003 -0.7412308E+002  0.3820214E+002 -0.2642249E+002
  51.000    20021995  0.2329125E+004  0.7477191E+004  0.3406120E+003  0.1641158E+001  0.1057082E+002  0.1169712E+003 -0.7642847E+002  0.4054278E+002 -0.2667423E+002
  52.000    21021995  0.2329421E+004  0.7477385E+004  0.3406120E+003  0.3956475E+001  0.1056607E+002  0.1211772E+003 -0.7839175E+002  0.4278544E+002 -0.2693698E+002
  53.000    22021995  0.2329683E+004  0.7477578E+004  0.3406120E+003  0.4188594E+001  0.1055445E+002  0.1232252E+003 -0.7958310E+002  0.4364210E+002 -0.2719674E+002
  54.000    23021995  0.2330123E+004  0.7477771E+004  0.3406120E+003  0.5021707E+001  0.1054825E+002  0.1268909E+003 -0.8151455E+002  0.4537633E+002 -0.2747468E+002
  55.000    24021995  0.2330166E+004  0.7477948E+004  0.3406120E+003  0.6496666E+001  0.1054652E+002  0.1314445E+003 -0.8366194E+002  0.4778252E+002 -0.2803593E+002
  56.000    25021995  0.2330267E+004  0.7478133E+004  0.3406120E+003  0.7059356E+001  0.1053530E+002  0.1339178E+003 -0.8495136E+002  0.4896648E+002 -0.2846433E+002
  57.000    26021995  0.2330558E+004  0.7478318E+004  0.3406120E+003  0.8142582E+001  0.1052865E+002  0.1374765E+003 -0.8691924E+002  0.5055721E+002 -0.2890517E+002
  58.000    27021995  0.2330629E+004  0.7478485E+004  0.3406120E+003  0.9491381E+001  0.1052766E+002  0.1422549E+003 -0.8964977E+002  0.5260514E+002 -0.2963347E+002
  59.000    28021995  0.2330647E+004  0.7478624E+004  0.3406120E+003  0.1027290E+002  0.1053169E+002  0.1475342E+003 -0.9327760E+002  0.5425659E+002 -0.3073073E+002
  60.000    01031995  0.2330888E+004  0.7478749E+004  0.3406120E+003  0.1166385E+002  0.1052559E+002  0.1528667E+003 -0.9616973E+002  0.5669702E+002 -0.3199409E+002
  61.000    02031995  0.2330407E+004  0.7478903E+004  0.3406120E+003  0.1267768E+002  0.1051449E+002  0.1564256E+003 -0.9780879E+002  0.5861684E+002 -0.3294968E+002
  62.000    03031995  0.2330250E+004  0.7479080E+004  0.3406120E+003  0.1203777E+002  0.1050214E+002  0.1576580E+003 -0.9901897E+002  0.5863904E+002 -0.3365407E+002
  63.000    04031995  0.2330210E+004  0.7479271E+004  0.3406120E+003  0.1278072E+002  0.1049122E+002  0.1600325E+003 -0.1001823E+003  0.5985024E+002 -0.3420219E+002
  64.000    05031995  0.2330070E+004  0.7479453E+004  0.3406120E+003  0.1485125E+002  0.1048591E+002  0.1643185E+003 -0.1017899E+003  0.6252859E+002 -0.3485821E+002
  65.000    06031995  0.2329770E+004  0.7479621E+004  0.3406120E+003  0.1651557E+002  0.1048583E+002  0.1689895E+003 -0.1040749E+003  0.6491468E+002 -0.3571562E+002
  66.000    07031995  0.2329775E+004  0.7479764E+004  0.3406120E+003  0.1847546E+002  0.1048679E+002  0.1759393E+003 -0.1080789E+003  0.6786039E+002 -0.3687083E+002
  67.000    08031995  0.2329566E+004  0.7479872E+004  0.3406120E+003  0.2026612E+002  0.1048800E+002  0.1830655E+003 -0.1122408E+003  0.7082469E+002 -0.3839436E+002
  68.000    09031995  0.2328993E+004  0.7480007E+004  0.3406120E+003  0.1942226E+002  0.1046916E+002  0.1852012E+003 -0.1140501E+003  0.7115107E+002 -0.3962282E+002
  69.000    10031995  0.2328863E+004  0.7480199E+004  0.3406120E+003  0.1951808E+002  0.1045530E+002  0.1870649E+003 -0.1151927E+003  0.7187223E+002 -0.4025964E+002
  70.000    11031995  0.2329008E+004  0.7480403E+004  0.3406120E+003  0.2093757E+002  0.1044575E+002  0.1905685E+003 -0.1168042E+003  0.7376423E+002 -0.4074731E+002
  71.000    12031995  0.2329027E+004  0.7480592E+004  0.3406120E+003  0.2258246E+002  0.1043922E+002  0.1950058E+003 -0.1189604E+003  0.7604547E+002 -0.4144135E+002
  72.000    13031995  0.2328871E+004  0.7480757E+004  0.3406120E+003  0.2465043E+002  0.1043693E+002  0.2007498E+003 -0.1217715E+003  0.7897831E+002 -0.4240900E+002
  73.000    14031995  0.2328716E+004  0.7480903E+004  0.3406120E+003  0.2651480E+002  0.1043647E+002  0.2070252E+003 -0.1251301E+003  0.8189513E+002 -0.4358519E+002
  74.000    15031995  0.2328459E+004  0.7481039E+004  0.3406120E+003  0.2807542E+002  0.1043691E+002  0.2130207E+003 -0.1284073E+003  0.8461343E+002 -0.4485781E+002
  75.000    16031995  0.2328287E+004  0.7481169E+004  0.3406120E+003  0.2975196E+002  0.1043629E+002  0.2195547E+003 -0.1320239E+003  0.8753077E+002 -0.4620799E+002
  76.000    17031995  0.2328088E+004  0.7481282E+004  0.3406120E+003  0.3156765E+002  0.1043409E+002  0.2266031E+003 -0.1358644E+003  0.9073866E+002 -0.4771537E+002
  77.000    18031995  0.2327497E+004  0.7481396E+004  0.3406120E+003  0.3277146E+002  0.1043086E+002  0.2320162E+003 -0.1386700E+003  0.9334613E+002 -0.4920762E+002
  78.000    19031995  0.2327080E+004  0.7481556E+004  0.3406120E+003  0.3407755E+002  0.1041454E+002  0.2363341E+003 -0.1406366E+003  0.9569752E+002 -0.5029053E+002
  79.000    20031995  0.2326744E+004  0.7481713E+004  0.3406120E+003  0.3608555E+002  0.1041093E+002  0.2421080E+003 -0.1433182E+003  0.9878978E+002 -0.5144072E+002
  80.000    21031995  0.2326372E+004  0.7481838E+004  0.3406120E+003  0.3881142E+002  0.1040977E+002  0.2496057E+003 -0.1468021E+003  0.1028036E+003 -0.5290544E+002
  81.000    22031995  0.2328067E+004  0.7481970E+004  0.3406120E+003  0.4078066E+002  0.1040417E+002  0.2561992E+003 -0.1501420E+003  0.1060571E+003 -0.5429561E+002
  82.000    23031995  0.2327526E+004  0.7482094E+004  0.3406120E+003  0.4244599E+002  0.1042335E+002  0.2622548E+003 -0.1531583E+003  0.1090965E+003 -0.5575727E+002
  83.000    24031995  0.2326811E+004  0.7482228E+004  0.3406120E+003  0.4441082E+002  0.1043318E+002  0.2679477E+003 -0.1555784E+003  0.1123693E+003 -0.5713600E+002
  84.000    25031995  0.2326143E+004  0.7482397E+004  0.3406120E+003  0.4567089E+002  0.1043531E+002  0.2721549E+003 -0.1574855E+003  0.1146693E+003 -0.5820563E+002
  85.000    26031995  0.2325627E+004  0.7482575E+004  0.3406120E+003  0.4737313E+002  0.1044407E+002  0.2770380E+003 -0.1596865E+003  0.1173516E+003 -0.5921604E+002
  86.000    27031995  0.2325172E+004  0.7482732E+004  0.3406120E+003  0.5055226E+002  0.1045798E+002  0.2841843E+003 -0.1625036E+003  0.1216807E+003 -0.6042960E+002
  87.000    28031995  0.2324649E+004  0.7482871E+004  0.3406120E+003  0.5322201E+002  0.1047328E+002  0.2912244E+003 -0.1655834E+003  0.1256410E+003 -0.6179231E+002
  88.000    29031995  0.2324043E+004  0.7483009E+004  0.3406120E+003  0.5601893E+002  0.1048508E+002  0.2981979E+003 -0.1684524E+003  0.1297454E+003 -0.6315763E+002
  89.000    30031995  0.2323512E+004  0.7483150E+004  0.3406120E+003  0.5855164E+002  0.1049842E+002  0.3051154E+003 -0.1715404E+003  0.1335751E+003 -0.6450527E+002
  90.000    31031995  0.2323464E+004  0.7483293E+004  0.3406120E+003  0.6052564E+002  0.1050150E+002  0.3109497E+003 -0.1741120E+003  0.1368377E+003 -0.6583195E+002
  91.000    01041995  0.2322731E+004  0.7483451E+004  0.3406120E+003  0.6251887E+002  0.1050658E+002  0.3162338E+003 -0.1762293E+003  0.1400045E+003 -0.6702926E+002
  92.000    02041995  0.2322093E+004  0.7483613E+004  0.3406120E+003  0.6546785E+002  0.1051451E+002  0.3227641E+003 -0.1786518E+003  0.1441123E+003 -0.6821751E+002
  93.000    03041995  0.2321571E+004  0.7483782E+004  0.3406120E+003  0.6770095E+002  0.1052420E+002  0.3287506E+003 -0.1813035E+003  0.1474471E+003 -0.6933391E+002
  94.000    04041995  0.2321183E+004  0.7483930E+004  0.3406120E+003  0.7006400E+002  0.1054011E+002  0.3359370E+003 -0.1848562E+003  0.1510808E+003 -0.7064528E+002
  95.000    05041995  0.2320499E+004  0.7484077E+004  0.3406120E+003  0.7130714E+002  0.1054772E+002  0.3410627E+003 -0.1874581E+003  0.1536046E+003 -0.7194565E+002
  96.000    06041995  0.2319972E+004  0.7484250E+004  0.3406120E+003  0.7369405E+002  0.1055601E+002  0.3471109E+003 -0.1900242E+003  0.1570867E+003 -0.7303826E+002
  97.000    07041995  0.2319701E+004  0.7484393E+004  0.3406120E+003  0.7585452E+002  0.1057261E+002  0.3545365E+003 -0.1939622E+003  0.1605743E+003 -0.7439914E+002
  98.000    08041995  0.2319641E+004  0.7484505E+004  0.3406120E+003  0.7756679E+002  0.1058979E+002  0.3627419E+003 -0.1988766E+003  0.1638653E+003 -0.7601503E+002
  99.000    09041995  0.2319507E+004  0.7484592E+004  0.3406120E+003  0.7936754E+002  0.1060340E+002  0.3711991E+003 -0.2037741E+003  0.1674250E+003 -0.7780453E+002
 100.000    10041995  0.2319140E+004  0.7484659E+004  0.3406120E+003  0.8180163E+002  0.1061363E+002  0.3800506E+003 -0.2082698E+003  0.1717808E+003 -0.7974827E+002
 101.000    11041995  0.2318472E+004  0.7484748E+004  0.3406120E+003  0.8388510E+002  0.1062041E+002  0.3874044E+003 -0.2117423E+003  0.1756621E+003 -0.8152977E+002
 102.000    12041995  0.2318118E+004  0.7484822E+004  0.3406120E+003  0.8700561E+002  0.1063814E+002  0.3969833E+003 -0.2163115E+003  0.1806717E+003 -0.8345085E+002
 103.000    13041995  0.2317482E+004  0.7484858E+004  0.3406120E+003  0.8933317E+002  0.1065051E+002  0.4059177E+003 -0.2209267E+003  0.1849910E+003 -0.8574668E+002
 104.000    14041995  0.2316444E+004  0.7484944E+004  0.3406120E+003  0.9149762E+002  0.1065383E+002  0.4125808E+003 -0.2236402E+003  0.1889406E+003 -0.8759706E+002
 105.000    15041995  0.2315604E+004  0.7485075E+004  0.3406120E+003  0.9361599E+002  0.1065809E+002  0.4188024E+003 -0.2262181E+003  0.1925843E+003 -0.8911609E+002
 106.000    16041995  0.2315173E+004  0.7485194E+004  0.3406120E+003  0.9596080E+002  0.1066842E+002  0.4266932E+003 -0.2301251E+003  0.1965682E+003 -0.9075924E+002
 107.000    17041995  0.2315015E+004  0.7485274E+004  0.3406120E+003  0.9790821E+002  0.1068013E+002  0.4356478E+003 -0.2352121E+003  0.2004357E+003 -0.9270073E+002
 108.000    18041995  0.2314517E+004  0.7485334E+004  0.3406120E+003  0.1001437E+003  0.1068841E+002  0.4443872E+003 -0.2396606E+003  0.2047266E+003 -0.9476390E+002
 109.000    19041995  0.2314577E+004  0.7485374E+004  0.3406120E+003  0.1017319E+003  0.1069879E+002  0.4539424E+003 -0.2454690E+003  0.2084734E+003 -0.9693896E+002
 110.000    20041995  0.2314611E+004  0.7485382E+004  0.3406120E+003  0.1033813E+003  0.1070238E+002  0.4635644E+003 -0.2511090E+003  0.2124553E+003 -0.9927464E+002
 111.000    21041995  0.2314925E+004  0.7485373E+004  0.3406120E+003  0.1052567E+003  0.1070579E+002  0.4735492E+003 -0.2567972E+003  0.2167520E+003 -0.1016869E+003
 112.000    22041995  0.2314802E+004  0.7485358E+004  0.3406120E+003  0.1069035E+003  0.1072015E+002  0.4829823E+003 -0.2621191E+003  0.2208632E+003 -0.1041188E+003
 113.000    23041995  0.2313673E+004  0.7485380E+004  0.3406120E+003  0.1094074E+003  0.1072528E+002  0.4907884E+003 -0.2650955E+003  0.2256929E+003 -0.1063687E+003
 114.000    24041995  0.2312370E+004  0.7485474E+004  0.3406120E+003  0.1114650E+003  0.1072949E+002  0.4970610E+003 -0.2673575E+003  0.2297036E+003 -0.1082912E+003
 115.000    25041995  0.2311309E+004  0.7485580E+004  0.3406120E+003  0.1135799E+003  0.1073695E+002  0.5038183E+003 -0.2701291E+003  0.2336893E+003 -0.1101200E+003
 116.000    26041995  0.2310479E+004  0.7485692E+004  0.3406120E+003  0.1161726E+003  0.1074610E+002  0.5114749E+003 -0.2733666E+003  0.2381083E+003 -0.1118940E+003
 117.000    27041995  0.2309898E+004  0.7485791E+004  0.3406120E+003  0.1187569E+003  0.1075960E+002  0.5199993E+003 -0.2774193E+003  0.2425799E+003 -0.1137373E+003
 118.000    28041995  0.2309394E+004  0.7485862E+004  0.3406120E+003  0.1215308E+003  0.1077449E+002  0.5293620E+003 -0.2819697E+003  0.2473923E+003 -0.1157443E+003
 119.000    29041995  0.2308699E+004  0.7485941E+004  0.3406120E+003  0.1239753E+003  0.1078533E+002  0.5377105E+003 -0.2858741E+003  0.2518363E+003 -0.1176842E+003
 120.000    30041995  0.2308412E+004  0.7485997E+004  0.3406120E+003  0.1264830E+003  0.1080244E+002  0.5474876E+003 -0.2910413E+003  0.2564463E+003 -0.1197504E+003
 121.000    01051995  0.2308312E+004  0.7486038E+004  0.3406120E+003  0.1293235E+003  0.1080632E+002  0.5565471E+003 -0.2950698E+003  0.2614772E+003 -0.1218883E+003
 122.000    02051995  0.2307242E+004  0.7486096E+004  0.3406120E+003  0.1331957E+003  0.1081674E+002  0.5661081E+003 -0.2988037E+003  0.2673045E+003 -0.1241256E+003
 123.000    03051995  0.2306066E+004  0.7486169E+004  0.3406120E+003  0.1361425E+003  0.1082582E+002  0.5741277E+003 -0.3018779E+003  0.2722498E+003 -0.1261775E+003
 124.000    04051995  0.2305139E+004  0.7486255E+004  0.3406120E+003  0.1396575E+003  0.1083764E+002  0.5832101E+003 -0.3054996E+003  0.2777105E+003 -0.1281401E+003
 125.000    05051995  0.2304455E+004  0.7486317E+004  0.3406120E+003  0.1428087E+003  0.1085458E+002  0.5931649E+003 -0.3101962E+003  0.2829688E+003 -0.1302681E+003
 126.000    06051995  0.2303607E+004  0.7486392E+004  0.3406120E+003  0.1453140E+003  0.1086528E+002  0.6015341E+003 -0.3140375E+003  0.2874966E+003 -0.1322659E+003
 127.000    07051995  0.2302908E+004  0.7486473E+004  0.3406120E+003  0.1478894E+003  0.1087660E+002  0.6102264E+003 -0.3181481E+003  0.2920783E+003 -0.1342282E+003
 128.000    08051995  0.2302268E+004  0.7486555E+004  0.3406120E+003  0.1504139E+003  0.1088735E+002  0.6189335E+003 -0.3223269E+003  0.2966066E+003 -0.1361754E+003
 129.000    09051995  0.2302322E+004  0.7486630E+004  0.3406120E+003  0.1531749E+003  0.1090124E+002  0.6283405E+003 -0.3269388E+003  0.3014017E+003 -0.1381575E+003
 130.000    10051995  0.2302090E+004  0.7486649E+004  0.3406120E+003  0.1556975E+003  0.1093769E+002  0.6392947E+003 -0.3331728E+003  0.3061219E+003 -0.1406238E+003
 131.000    11051995  0.2301921E+004  0.7486615E+004  0.3406120E+003  0.1579382E+003  0.1096481E+002  0.6502744E+003 -0.3394247E+003  0.3108498E+003 -0.1432670E+003
 132.000    12051995  0.2301248E+004  0.7486581E+004  0.3406120E+003  0.1594667E+003  0.1098031E+002  0.6592423E+003 -0.3443019E+003  0.3149404E+003 -0.1458823E+003
 133.000    13051995  0.2300525E+004  0.7486575E+004  0.3406120E+003  0.1624301E+003  0.1099481E+002  0.6692310E+003 -0.3488543E+003  0.3203767E+003 -0.1483455E+003
 134.000    14051995  0.2299953E+004  0.7486557E+004  0.3406120E+003  0.1655788E+003  0.1101722E+002  0.6801969E+003 -0.3541824E+003  0.3260145E+003 -0.1509174E+003
 135.000    15051995  0.2299748E+004  0.7486515E+004  0.3406120E+003  0.1675059E+003  0.1103907E+002  0.6908424E+003 -0.3603042E+003  0.3305382E+003 -0.1535796E+003
 136.000    16051995  0.2299341E+004  0.7486472E+004  0.3406120E+003  0.1697454E+003  0.1105522E+002  0.7011708E+003 -0.3657499E+003  0.3354209E+003 -0.1562314E+003
 137.000    17051995  0.2299301E+004  0.7486412E+004  0.3406120E+003  0.1718010E+003  0.1108092E+002  0.7122553E+003 -0.3720669E+003  0.3401884E+003 -0.1589563E+003
 138.000    18051995  0.2299459E+004  0.7486305E+004  0.3406120E+003  0.1728008E+003  0.1110380E+002  0.7230216E+003 -0.3789271E+003  0.3440945E+003 -0.1619411E+003
 139.000    19051995  0.2298930E+004  0.7486184E+004  0.3406120E+003  0.1744976E+003  0.1111959E+002  0.7332580E+003 -0.3845374E+003  0.3487206E+003 -0.1650646E+003
 140.000    20051995  0.2297799E+004  0.7486121E+004  0.3406120E+003  0.1770202E+003  0.1113073E+002  0.7426329E+003 -0.3886512E+003  0.3539818E+003 -0.1678840E+003
 141.000    21051995  0.2297075E+004  0.7486102E+004  0.3406120E+003  0.1794439E+003  0.1114771E+002  0.7523092E+003 -0.3933360E+003  0.3589732E+003 -0.1704594E+003
 142.000    22051995  0.2296529E+004  0.7486075E+004  0.3406120E+003  0.1818244E+003  0.1116840E+002  0.7624682E+003 -0.3985183E+003  0.3639499E+003 -0.1730655E+003
 143.000    23051995  0.2296089E+004  0.7486034E+004  0.3406120E+003  0.1840774E+003  0.1119013E+002  0.7728599E+003 -0.4040076E+003  0.3688523E+003 -0.1757208E+003
 144.000    24051995  0.2295692E+004  0.7485989E+004  0.3406120E+003  0.1862324E+003  0.1121437E+002  0.7832955E+003 -0.4096153E+003  0.3736801E+003 -0.1783878E+003
 145.000    25051995  0.2295582E+004  0.7485921E+004  0.3406120E+003  0.1878615E+003  0.1124202E+002  0.7939406E+003 -0.4158626E+003  0.3780780E+003 -0.1811509E+003
 146.000    26051995  0.2295519E+004  0.7485821E+004  0.3406120E+003  0.1897637E+003  0.1126682E+002  0.8051282E+003 -0.4222366E+003  0.3828917E+003 -0.1840611E+003
 147.000    27051995  0.2294788E+004  0.7485703E+004  0.3406120E+003  0.1922298E+003  0.1128217E+002  0.8153545E+003 -0.4270762E+003  0.3882783E+003 -0.1874346E+003
 148.000    28051995  0.2293298E+004  0.7485645E+004  0.3406120E+003  0.1953619E+003  0.1130551E+002  0.8254765E+003 -0.4311615E+003  0.3943150E+003 -0.1904202E+003
 149.000    29051995  0.2292709E+004  0.7485567E+004  0.3406120E+003  0.1982899E+003  0.1134579E+002  0.8373448E+003 -0.4372773E+003  0.4000674E+003 -0.1933626E+003
 150.000    30051995  0.2292456E+004  0.7485443E+004  0.3406120E+003  0.2004152E+003  0.1138352E+002  0.8491433E+003 -0.4440671E+003  0.4050762E+003 -0.1964845E+003
 151.000    31051995  0.2292249E+004  0.7485345E+004  0.3406120E+003  0.2030421E+003  0.1140161E+002  0.8596698E+003 -0.4492055E+003  0.4104643E+003 -0.1994493E+003
 152.000    01061995  0.2291514E+004  0.7485256E+004  0.3406120E+003  0.2052214E+003  0.1143082E+002  0.8700948E+003 -0.4547484E+003  0.4153464E+003 -0.2023713E+003
 153.000    02061995  0.2290814E+004  0.7485133E+004  0.3406120E+003  0.2064510E+003  0.1146268E+002  0.8804031E+003 -0.4610715E+003  0.4193316E+003 -0.2056466E+003
 154.000    03061995  0.2290074E+004  0.7484969E+004  0.3406120E+003  0.2079128E+003  0.1149090E+002  0.8916261E+003 -0.4675608E+003  0.4240653E+003 -0.2091461E+003
 155.000    04061995  0.2289742E+004  0.7484801E+004  0.3406120E+003  0.2098201E+003  0.1152151E+002  0.9035174E+003 -0.4744076E+003  0.4291098E+003 -0.2124632E+003
 156.000    05061995  0.2288879E+004  0.7484627E+004  0.3406120E+003  0.2090344E+003  0.1155019E+002  0.9115565E+003 -0.4800957E+003  0.4314609E+003 -0.2158150E+003
 157.000    06061995  0.2287575E+004  0.7484476E+004  0.3406120E+003  0.2096982E+003  0.1157189E+002  0.9201493E+003 -0.4850315E+003  0.4351178E+003 -0.2192125E+003
 158.000    07061995  0.2287066E+004  0.7484331E+004  0.3406120E+003  0.2119641E+003  0.1160437E+002  0.9319077E+003 -0.4914262E+003  0.4404815E+003 -0.2224493E+003
 159.000    08061995  0.2287210E+004  0.7484152E+004  0.3406120E+003  0.2121505E+003  0.1163474E+002  0.9429164E+003 -0.4990375E+003  0.4438790E+003 -0.2258077E+003
 160.000    09061995  0.2287238E+004  0.7483925E+004  0.3406120E+003  0.2123838E+003  0.1166150E+002  0.9539031E+003 -0.5064292E+003  0.4474739E+003 -0.2294048E+003
 161.000    10061995  0.2286959E+004  0.7483688E+004  0.3406120E+003  0.2142007E+003  0.1168988E+002  0.9659768E+003 -0.5133059E+003  0.4526709E+003 -0.2329831E+003
 162.000    11061995  0.2286666E+004  0.7483435E+004  0.3406120E+003  0.2155522E+003  0.1171858E+002  0.9779837E+003 -0.5205814E+003  0.4574023E+003 -0.2367393E+003
 163.000    12061995  0.2285917E+004  0.7483171E+004  0.3406120E+003  0.2169923E+003  0.1174405E+002  0.9894327E+003 -0.5271150E+003  0.4623177E+003 -0.2406083E+003
 164.000    13061995  0.2284377E+004  0.7482985E+004  0.3406120E+003  0.2184817E+003  0.1175670E+002  0.9984432E+003 -0.5313997E+003  0.4670435E+003 -0.2440104E+003
 165.000    14061995  0.2283841E+004  0.7482876E+004  0.3406120E+003  0.2208322E+003  0.1177000E+002  0.1008479E+004 -0.5361666E+003  0.4723128E+003 -0.2470006E+003
 166.000    15061995  0.2283271E+004  0.7482755E+004  0.3406120E+003  0.2224135E+003  0.1179411E+002  0.1019025E+004 -0.5422139E+003  0.4768107E+003 -0.2500436E+003
 167.000    16061995  0.2282679E+004  0.7482624E+004  0.3406120E+003  0.2244889E+003  0.1181777E+002  0.1029998E+004 -0.5481956E+003  0.4818021E+003 -0.2531185E+003
 168.000    17061995  0.2282053E+004  0.7482484E+004  0.3406120E+003  0.2261360E+003  0.1184325E+002  0.1040525E+004 -0.5541401E+003  0.4863848E+003 -0.2562230E+003
 169.000    18061995  0.2281381E+004  0.7482351E+004  0.3406120E+003  0.2283845E+003  0.1186636E+002  0.1051486E+004 -0.5599496E+003  0.4915359E+003 -0.2592809E+003
 170.000    19061995  0.2279968E+004  0.7482205E+004  0.3406120E+003  0.2292154E+003  0.1188557E+002  0.1060235E+004 -0.5649504E+003  0.4952850E+003 -0.2627091E+003
 171.000    20061995  0.2279091E+004  0.7482065E+004  0.3406120E+003  0.2322094E+003  0.1191131E+002  0.1072204E+004 -0.5708828E+003  0.5013215E+003 -0.2659262E+003
 172.000    21061995  0.2278440E+004  0.7481910E+004  0.3406120E+003  0.2348852E+003  0.1193418E+002  0.1084261E+004 -0.5772015E+003  0.5070591E+003 -0.2691405E+003
 173.000    22061995  0.2277648E+004  0.7481740E+004  0.3406120E+003  0.2341105E+003  0.1195861E+002  0.1095840E+004 -0.5835009E+003  0.5123395E+003 -0.2725183E+003
 174.000    23061995  0.2277793E+004  0.7481537E+004  0.3406120E+003  0.2333833E+003  0.1198167E+002  0.1106648E+004 -0.5895796E+003  0.5170683E+003 -0.2761060E+003
 175.000    24061995  0.2276983E+004  0.7481356E+004  0.3406120E+003  0.2360854E+003  0.1200955E+002  0.1118630E+004 -0.5957407E+003  0.5228895E+003 -0.2794331E+003
 176.000    25061995  0.2276547E+004  0.7481144E+004  0.3406120E+003  0.2375039E+003  0.1204240E+002  0.1130461E+004 -0.6029380E+003  0.5275227E+003 -0.2829684E+003
 177.000    26061995  0.2276076E+004  0.7480913E+004  0.3406120E+003  0.2384073E+003  0.1207041E+002  0.1141557E+004 -0.6098136E+003  0.5317433E+003 -0.2865195E+003
 178.000    27061995  0.2275444E+004  0.7480666E+004  0.3406120E+003  0.2383175E+003  0.1209442E+002  0.1151448E+004 -0.6164987E+003  0.5349497E+003 -0.2902295E+003
 179.000    28061995  0.2274630E+004  0.7480422E+004  0.3406120E+003  0.2394225E+003  0.1211629E+002  0.1162044E+004 -0.6226259E+003  0.5394182E+003 -0.2938737E+003
 180.000    29061995  0.2272969E+004  0.7480209E+004  0.3406120E+003  0.2349226E+003  0.1213133E+002  0.1172361E+004 -0.6278948E+003  0.5444657E+003 -0.2978325E+003
 181.000    30061995  0.2272010E+004  0.7480015E+004  0.3406120E+003  0.2376845E+003  0.1215007E+002  0.1184294E+004 -0.6339312E+003  0.5503630E+003 -0.3012984E+003
 182.000    01071995  0.2272209E+004  0.7479792E+004  0.3406120E+003  0.2389198E+003  0.1216922E+002  0.1195779E+004 -0.6410552E+003  0.5547241E+003 -0.3048758E+003
 183.000    02071995  0.2271557E+004  0.7479540E+004  0.3406120E+003  0.2401455E+003  0.1219112E+002  0.1206999E+004 -0.6478088E+003  0.5591902E+003 -0.3085900E+003
 184.000    03071995  0.2270978E+004  0.7479298E+004  0.3406120E+003  0.2403227E+003  0.1220900E+002  0.1217041E+004 -0.6543490E+003  0.5626924E+003 -0.3121715E+003
 185.000    04071995  0.2270606E+004  0.7479052E+004  0.3406120E+003  0.2416251E+003  0.1222913E+002  0.1228620E+004 -0.6613048E+003  0.5673157E+003 -0.3157504E+003
 186.000    05071995  0.2270259E+004  0.7478780E+004  0.3406120E+003  0.2417998E+003  0.1224705E+002  0.1239204E+004 -0.6683234E+003  0.5708806E+003 -0.3194425E+003
 187.000    06071995  0.2270040E+004  0.7478494E+004  0.3406120E+003  0.2429833E+003  0.1226918E+002  0.1251140E+004 -0.6756626E+003  0.5754776E+003 -0.3231868E+003
 188.000    07071995  0.2269437E+004  0.7478177E+004  0.3406120E+003  0.2440659E+003  0.1228878E+002  0.1262821E+004 -0.6827713E+003  0.5800502E+003 -0.3272452E+003
 189.000    08071995  0.2268910E+004  0.7477891E+004  0.3406120E+003  0.2449720E+003  0.1230426E+002  0.1273926E+004 -0.6894846E+003  0.5844411E+003 -0.3309830E+003
 190.000    09071995  0.2268410E+004  0.7477637E+004  0.3406120E+003  0.2455845E+003  0.1231783E+002  0.1284365E+004 -0.6959697E+003  0.5883952E+003 -0.3345403E+003
 191.000    10071995  0.2268254E+004  0.7477381E+004  0.3406120E+003  0.2465120E+003  0.1233269E+002  0.1295822E+004 -0.7031912E+003  0.5926312E+003 -0.3381136E+003
 192.000    11071995  0.2268139E+004  0.7477096E+004  0.3406120E+003  0.2467985E+003  0.1234900E+002  0.1306870E+004 -0.7105560E+003  0.5963141E+003 -0.3417914E+003
 193.000    12071995  0.2268204E+004  0.7476781E+004  0.3406120E+003  0.2464937E+003  0.1236717E+002  0.1317774E+004 -0.7182671E+003  0.5995067E+003 -0.3455858E+003
 194.000    13071995  0.2268212E+004  0.7476461E+004  0.3406120E+003  0.2465854E+003  0.1238349E+002  0.1328977E+004 -0.7258609E+003  0.6031156E+003 -0.3493766E+003
 195.000    14071995  0.2268365E+004  0.7476139E+004  0.3406120E+003  0.2461998E+003  0.1239817E+002  0.1339949E+004 -0.7336993E+003  0.6062501E+003 -0.3531514E+003
 196.000    15071995  0.2268701E+004  0.7475792E+004  0.3406120E+003  0.2454920E+003  0.1241270E+002  0.1351117E+004 -0.7419570E+003  0.6091602E+003 -0.3570269E+003
 197.000    16071995  0.2269083E+004  0.7475407E+004  0.3406120E+003  0.2450523E+003  0.1242884E+002  0.1362827E+004 -0.7503586E+003  0.6124687E+003 -0.3610300E+003
 198.000    17071995  0.2268980E+004  0.7475029E+004  0.3406120E+003  0.2451010E+003  0.1244309E+002  0.1374075E+004 -0.7578442E+003  0.6162305E+003 -0.3649744E+003
 199.000    18071995  0.2269060E+004  0.7474652E+004  0.3406120E+003  0.2444796E+003  0.1245669E+002  0.1384920E+004 -0.7656067E+003  0.6193137E+003 -0.3689015E+003
 200.000    19071995  0.2269230E+004  0.7474273E+004  0.3406120E+003  0.2439517E+003  0.1246875E+002  0.1395866E+004 -0.7733633E+003  0.6225025E+003 -0.3728087E+003
 201.000    20071995  0.2269548E+004  0.7473900E+004  0.3406120E+003  0.2432037E+003  0.1247874E+002  0.1406781E+004 -0.7813270E+003  0.6254540E+003 -0.3766727E+003
 202.000    21071995  0.2270012E+004  0.7473497E+004  0.3406120E+003  0.2422605E+003  0.1249282E+002  0.1417910E+004 -0.7896030E+003  0.6283069E+003 -0.3806613E+003
 203.000    22071995  0.2269973E+004  0.7473064E+004  0.3406120E+003  0.2414034E+003  0.1250385E+002  0.1428518E+004 -0.7972011E+003  0.6313167E+003 -0.3848192E+003
 204.000    23071995  0.2270155E+004  0.7472648E+004  0.3406120E+003  0.2412664E+003  0.1251349E+002  0.1440176E+004 -0.8051450E+003  0.6350305E+003 -0.3888497E+003
 205.000    24071995  0.2270454E+004  0.7472202E+004  0.3406120E+003  0.2395153E+003  0.1252175E+002  0.1450522E+004 -0.8133154E+003  0.6372069E+003 -0.3930425E+003
 206.000    25071995  0.2270344E+004  0.7471723E+004  0.3406120E+003  0.2386839E+003  0.1253065E+002  0.1461720E+004 -0.8212979E+003  0.6404218E+003 -0.3975727E+003
 207.000    26071995  0.2270380E+004  0.7471237E+004  0.3406120E+003  0.2376836E+003  0.1253874E+002  0.1472985E+004 -0.8293904E+003  0.6435947E+003 -0.4020150E+003
 208.000    27071995  0.2270420E+004  0.7470763E+004  0.3406120E+003  0.2371514E+003  0.1254497E+002  0.1484612E+004 -0.8373974E+003  0.6472144E+003 -0.4063494E+003
 209.000    28071995  0.2270145E+004  0.7470310E+004  0.3406120E+003  0.2368999E+003  0.1255128E+002  0.1495690E+004 -0.8446628E+003  0.6510272E+003 -0.4105643E+003
 210.000    29071995  0.2270028E+004  0.7469867E+004  0.3406120E+003  0.2367919E+003  0.1255693E+002  0.1507223E+004 -0.8522892E+003  0.6549340E+003 -0.4147231E+003
 211.000    30071995  0.2270045E+004  0.7469413E+004  0.3406120E+003  0.2355509E+003  0.1256477E+002  0.1517850E+004 -0.8601314E+003  0.6577181E+003 -0.4189415E+003
 212.000    31071995  0.2270525E+004  0.7468945E+004  0.3406120E+003  0.2348813E+003  0.1256392E+002  0.1528886E+004 -0.8677592E+003  0.6611273E+003 -0.4232839E+003
 213.000    01081995  0.2270533E+004  0.7468473E+004  0.3406120E+003  0.2340675E+003  0.1256857E+002  0.1540059E+004 -0.8755967E+003  0.6644622E+003 -0.4275775E+003
 214.000    02081995  0.2270655E+004  0.7468006E+004  0.3406120E+003  0.2327778E+003  0.1257210E+002  0.1550878E+004 -0.8835817E+003  0.6672965E+003 -0.4318197E+003
 215.000    03081995  0.2270720E+004  0.7467546E+004  0.3406120E+003  0.2318414E+003  0.1257643E+002  0.1561774E+004 -0.8913171E+003  0.6704568E+003 -0.4360029E+003
 216.000    04081995  0.2270815E+004  0.7467079E+004  0.3406120E+003  0.2307757E+003  0.1258059E+002  0.1572602E+004 -0.8990938E+003  0.6735080E+003 -0.4401980E+003
 217.000    05081995  0.2270696E+004  0.7466630E+004  0.3406120E+003  0.2304269E+003  0.1258316E+002  0.1583699E+004 -0.9064986E+003  0.6772008E+003 -0.4442963E+003
 218.000    06081995  0.2270853E+004  0.7466163E+004  0.3406120E+003  0.2295870E+003  0.1258679E+002  0.1594857E+004 -0.9143824E+003  0.6804748E+003 -0.4484614E+003
 219.000    07081995  0.2270137E+004  0.7465734E+004  0.3406120E+003  0.2291106E+003  0.1258850E+002  0.1604314E+004 -0.9203601E+003  0.6839540E+003 -0.4524271E+003
 220.000    08081995  0.2269343E+004  0.7465382E+004  0.3406120E+003  0.2303030E+003  0.1259078E+002  0.1614871E+004 -0.9260709E+003  0.6887999E+003 -0.4560696E+003
 221.000    09081995  0.2268645E+004  0.7465049E+004  0.3406120E+003  0.2307883E+003  0.1259440E+002  0.1624874E+004 -0.9320062E+003  0.6928678E+003 -0.4596438E+003
 222.000    10081995  0.2268188E+004  0.7464710E+004  0.3406120E+003  0.2314838E+003  0.1259757E+002  0.1635755E+004 -0.9385816E+003  0.6971735E+003 -0.4632530E+003
 223.000    11081995  0.2267884E+004  0.7464358E+004  0.3406120E+003  0.2318185E+003  0.1259977E+002  0.1646645E+004 -0.9454711E+003  0.7011738E+003 -0.4669050E+003
 224.000    12081995  0.2268150E+004  0.7463985E+004  0.3406120E+003  0.2301749E+003  0.1260238E+002  0.1656685E+004 -0.9533951E+003  0.7032900E+003 -0.4706387E+003
 225.000    13081995  0.2268911E+004  0.7463555E+004  0.3406120E+003  0.2275638E+003  0.1260516E+002  0.1666688E+004 -0.9620234E+003  0.7046647E+003 -0.4745912E+003
 226.000    14081995  0.2269869E+004  0.7463077E+004  0.3406120E+003  0.2245286E+003  0.1260881E+002  0.1676638E+004 -0.9708486E+003  0.7057896E+003 -0.4787021E+003
 227.000    15081995  0.2270548E+004  0.7462585E+004  0.3406120E+003  0.2224828E+003  0.1261115E+002  0.1687034E+004 -0.9790988E+003  0.7079356E+003 -0.4828187E+003
 228.000    16081995  0.2270894E+004  0.7462148E+004  0.3406120E+003  0.2211807E+003  0.1261237E+002  0.1697060E+004 -0.9864878E+003  0.7105727E+003 -0.4866424E+003
 229.000    17081995  0.2271621E+004  0.7461706E+004  0.3406120E+003  0.2192509E+003  0.1261292E+002  0.1707152E+004 -0.9945671E+003  0.7125849E+003 -0.4904767E+003
 230.000    18081995  0.2272487E+004  0.7461233E+004  0.3406120E+003  0.2166617E+003  0.1261377E+002  0.1716796E+004 -0.1002765E+004  0.7140312E+003 -0.4943986E+003
 231.000    19081995  0.2272559E+004  0.7460800E+004  0.3406120E+003  0.2162139E+003  0.1261369E+002  0.1726801E+004 -0.1009354E+004  0.7174468E+003 -0.4981165E+003
 232.000    20081995  0.2272407E+004  0.7460454E+004  0.3406120E+003  0.2162226E+003  0.1261334E+002  0.1736265E+004 -0.1015310E+004  0.7209543E+003 -0.5014427E+003
 233.000    21081995  0.2272657E+004  0.7460134E+004  0.3406120E+003  0.2157499E+003  0.1261331E+002  0.1745855E+004 -0.1021979E+004  0.7238765E+003 -0.5046656E+003
 234.000    22081995  0.2273175E+004  0.7459774E+004  0.3406120E+003  0.2151085E+003  0.1261284E+002  0.1756037E+004 -0.1029260E+004  0.7267772E+003 -0.5080542E+003
 235.000    23081995  0.2273344E+004  0.7459397E+004  0.3406120E+003  0.2147971E+003  0.1261238E+002  0.1765978E+004 -0.1035924E+004  0.7300535E+003 -0.5114874E+003
 236.000    24081995  0.2273583E+004  0.7459034E+004  0.3406120E+003  0.2145555E+003  0.1261067E+002  0.1776075E+004 -0.1042743E+004  0.7333321E+003 -0.5148422E+003
 237.000    25081995  0.2273934E+004  0.7458672E+004  0.3406120E+003  0.2145836E+003  0.1260947E+002  0.1786611E+004 -0.1049745E+004  0.7368659E+003 -0.5181773E+003
 238.000    26081995  0.2273673E+004  0.7458294E+004  0.3406120E+003  0.2132351E+003  0.1260753E+002  0.1794919E+004 -0.1055847E+004  0.7390725E+003 -0.5217036E+003
 239.000    27081995  0.2272315E+004  0.7457871E+004  0.3406120E+003  0.2098853E+003  0.1260495E+002  0.1800859E+004 -0.1061378E+004  0.7394812E+003 -0.5260768E+003
 240.000    28081995  0.2271021E+004  0.7457450E+004  0.3406120E+003  0.2099699E+003  0.1260302E+002  0.1810503E+004 -0.1067032E+004  0.7434704E+003 -0.5304239E+003
 241.000    29081995  0.2270188E+004  0.7457060E+004  0.3406120E+003  0.2101516E+003  0.1260116E+002  0.1820332E+004 -0.1073062E+004  0.7472692E+003 -0.5343741E+003
 242.000    30081995  0.2269676E+004  0.7456667E+004  0.3406120E+003  0.2097357E+003  0.1259854E+002  0.1830102E+004 -0.1079682E+004  0.7504200E+003 -0.5383309E+003
 243.000    31081995  0.2270066E+004  0.7456250E+004  0.3406120E+003  0.2089152E+003  0.1258884E+002  0.1840042E+004 -0.1086768E+004  0.7532746E+003 -0.5423902E+003
 244.000    01091995  0.2269650E+004  0.7455831E+004  0.3406120E+003  0.2084823E+003  0.1258466E+002  0.1850105E+004 -0.1093583E+004  0.7565224E+003 -0.5464674E+003
 245.000    02091995  0.2268659E+004  0.7455406E+004  0.3406120E+003  0.2077372E+003  0.1258029E+002  0.1858912E+004 -0.1099390E+004  0.7595220E+003 -0.5506159E+003
 246.000    03091995  0.2267541E+004  0.7455086E+004  0.3406120E+003  0.2081881E+003  0.1257616E+002  0.1867691E+004 -0.1104351E+004  0.7633397E+003 -0.5542348E+003
 247.000    04091995  0.2266819E+004  0.7454788E+004  0.3406120E+003  0.2081562E+003  0.1257163E+002  0.1876671E+004 -0.1110070E+004  0.7666013E+003 -0.5577638E+003
 248.000    05091995  0.2266082E+004  0.7454497E+004  0.3406120E+003  0.2082075E+003  0.1256709E+002  0.1885659E+004 -0.1115721E+004  0.7699375E+003 -0.5612528E+003
 249.000    06091995  0.2265357E+004  0.7454216E+004  0.3406120E+003  0.2084310E+003  0.1256259E+002  0.1894780E+004 -0.1121360E+004  0.7734200E+003 -0.5646976E+003
 250.000    07091995  0.2264391E+004  0.7453940E+004  0.3406120E+003  0.2094127E+003  0.1255838E+002  0.1904201E+004 -0.1126552E+004  0.7776485E+003 -0.5681144E+003
 251.000    08091995  0.2263704E+004  0.7453657E+004  0.3406120E+003  0.2099539E+003  0.1255288E+002  0.1914041E+004 -0.1132565E+004  0.7814765E+003 -0.5715723E+003
 252.000    09091995  0.2263321E+004  0.7453346E+004  0.3406120E+003  0.2096174E+003  0.1254621E+002  0.1923779E+004 -0.1139219E+004  0.7845602E+003 -0.5751537E+003
 253.000    10091995  0.2262876E+004  0.7453009E+004  0.3406120E+003  0.2086864E+003  0.1253785E+002  0.1932787E+004 -0.1145624E+004  0.7871635E+003 -0.5788306E+003
 254.000    11091995  0.2261843E+004  0.7452697E+004  0.3406120E+003  0.2074906E+003  0.1253102E+002  0.1940022E+004 -0.1150630E+004  0.7893912E+003 -0.5823669E+003
 255.000    12091995  0.2260772E+004  0.7452437E+004  0.3406120E+003  0.2085598E+003  0.1252513E+002  0.1949032E+004 -0.1155349E+004  0.7936825E+003 -0.5856689E+003
 256.000    13091995  0.2260172E+004  0.7452187E+004  0.3406120E+003  0.2088251E+003  0.1251781E+002  0.1958361E+004 -0.1161219E+004  0.7971420E+003 -0.5889395E+003
 257.000    14091995  0.2259912E+004  0.7451894E+004  0.3406120E+003  0.2080751E+003  0.1250593E+002  0.1967694E+004 -0.1167917E+004  0.7997768E+003 -0.5924097E+003
 258.000    15091995  0.2259592E+004  0.7451573E+004  0.3406120E+003  0.2073554E+003  0.1249358E+002  0.1976910E+004 -0.1174343E+004  0.8025671E+003 -0.5959802E+003
 259.000    16091995  0.2258694E+004  0.7451278E+004  0.3406120E+003  0.2067670E+003  0.1248343E+002  0.1984836E+004 -0.1179453E+004  0.8053831E+003 -0.5994103E+003
 260.000    17091995  0.2257926E+004  0.7451005E+004  0.3406120E+003  0.2064443E+003  0.1247197E+002  0.1993251E+004 -0.1184919E+004  0.8083323E+003 -0.6027704E+003
 261.000    18091995  0.2257158E+004  0.7450730E+004  0.3406120E+003  0.2070715E+003  0.1246104E+002  0.2002629E+004 -0.1190344E+004  0.8122847E+003 -0.6061257E+003
 262.000    19091995  0.2256159E+004  0.7450484E+004  0.3406120E+003  0.2078666E+003  0.1245163E+002  0.2011457E+004 -0.1195159E+004  0.8162981E+003 -0.6093337E+003
 263.000    20091995  0.2255504E+004  0.7450254E+004  0.3406120E+003  0.2079454E+003  0.1244013E+002  0.2020321E+004 -0.1200779E+004  0.8195417E+003 -0.6124803E+003
 264.000    21091995  0.2254871E+004  0.7449996E+004  0.3406120E+003  0.2074855E+003  0.1242565E+002  0.2028850E+004 -0.1206489E+004  0.8223617E+003 -0.6157479E+003
 265.000    22091995  0.2253912E+004  0.7449737E+004  0.3406120E+003  0.2075698E+003  0.1241262E+002  0.2037341E+004 -0.1211699E+004  0.8256420E+003 -0.6190971E+003
 266.000    23091995  0.2252096E+004  0.7449503E+004  0.3406120E+003  0.2080611E+003  0.1240433E+002  0.2044277E+004 -0.1215140E+004  0.8291376E+003 -0.6224653E+003
 267.000    24091995  0.2250346E+004  0.7449381E+004  0.3406120E+003  0.2095822E+003  0.1239700E+002  0.2051074E+004 -0.1217783E+004  0.8332910E+003 -0.6252412E+003
 268.000    25091995  0.2248911E+004  0.7449265E+004  0.3406120E+003  0.2109457E+003  0.1239013E+002  0.2058866E+004 -0.1221550E+004  0.8373167E+003 -0.6279983E+003
 269.000    26091995  0.2247693E+004  0.7449125E+004  0.3406120E+003  0.2113212E+003  0.1238063E+002  0.2066625E+004 -0.1226199E+004  0.8404262E+003 -0.6308753E+003
 270.000    27091995  0.2246633E+004  0.7448969E+004  0.3406120E+003  0.2121022E+003  0.1237052E+002  0.2075231E+004 -0.1231213E+004  0.8440182E+003 -0.6338197E+003
 271.000    28091995  0.2245676E+004  0.7448813E+004  0.3406120E+003  0.2123889E+003  0.1236081E+002  0.2083360E+004 -0.1236236E+004  0.8471235E+003 -0.6367340E+003
 272.000    29091995  0.2244685E+004  0.7448674E+004  0.3406120E+003  0.2127148E+003  0.1235154E+002  0.2091065E+004 -0.1240864E+004  0.8502011E+003 -0.6395296E+003
 273.000    30091995  0.2243746E+004  0.7448535E+004  0.3406120E+003  0.2128905E+003  0.1234066E+002  0.2098769E+004 -0.1245608E+004  0.8531617E+003 -0.6423421E+003
 274.000    01101995  0.2243500E+004  0.7448399E+004  0.3406120E+003  0.2130729E+003  0.1232190E+002  0.2106472E+004 -0.1250342E+004  0.8561297E+003 -0.6451387E+003
 275.000    02101995  0.2242826E+004  0.7448262E+004  0.3406120E+003  0.2129508E+003  0.1230833E+002  0.2114346E+004 -0.1255524E+004  0.8588221E+003 -0.6479363E+003
 276.000    03101995  0.2242326E+004  0.7448095E+004  0.3406120E+003  0.2127264E+003  0.1229154E+002  0.2122825E+004 -0.1261240E+004  0.8615856E+003 -0.6509124E+003
 277.000    04101995  0.2241318E+004  0.7447904E+004  0.3406120E+003  0.2091438E+003  0.1227442E+002  0.2128564E+004 -0.1266317E+004  0.8622466E+003 -0.6541799E+003
 278.000    05101995  0.2240170E+004  0.7447668E+004  0.3406120E+003  0.2077226E+003  0.1225551E+002  0.2134963E+004 -0.1271391E+004  0.8635724E+003 -0.6576633E+003
 279.000    06101995  0.2239495E+004  0.7447441E+004  0.3406120E+003  0.2077815E+003  0.1223389E+002  0.2143789E+004 -0.1277135E+004  0.8666540E+003 -0.6610005E+003
 280.000    07101995  0.2238893E+004  0.7447195E+004  0.3406120E+003  0.2075279E+003  0.1221012E+002  0.2152333E+004 -0.1282998E+004  0.8693357E+003 -0.6643894E+003
 281.000    08101995  0.2237833E+004  0.7446984E+004  0.3406120E+003  0.2076912E+003  0.1219352E+002  0.2159792E+004 -0.1287538E+004  0.8722547E+003 -0.6675558E+003
 282.000    09101995  0.2236687E+004  0.7446850E+004  0.3406120E+003  0.2082119E+003  0.1218094E+002  0.2166641E+004 -0.1291347E+004  0.8752944E+003 -0.6703108E+003
 283.000    10101995  0.2235842E+004  0.7446721E+004  0.3406120E+003  0.2086012E+003  0.1216655E+002  0.2174391E+004 -0.1295992E+004  0.8783984E+003 -0.6730686E+003
 284.000    11101995  0.2235181E+004  0.7446563E+004  0.3406120E+003  0.2085240E+003  0.1214817E+002  0.2182482E+004 -0.1301292E+004  0.8811900E+003 -0.6759766E+003
 285.000    12101995  0.2234289E+004  0.7446417E+004  0.3406120E+003  0.2084997E+003  0.1213331E+002  0.2189857E+004 -0.1305895E+004  0.8839622E+003 -0.6788017E+003
 286.000    13101995  0.2233419E+004  0.7446272E+004  0.3406120E+003  0.2086569E+003  0.1211699E+002  0.2197437E+004 -0.1310547E+004  0.8868900E+003 -0.6816248E+003
 287.000    14101995  0.2232540E+004  0.7446099E+004  0.3406120E+003  0.2076261E+003  0.1209672E+002  0.2204273E+004 -0.1315632E+004  0.8886404E+003 -0.6846897E+003
 288.000    15101995  0.2231062E+004  0.7445942E+004  0.3406120E+003  0.2077152E+003  0.1208297E+002  0.2210703E+004 -0.1319183E+004  0.8915197E+003 -0.6876766E+003
 289.000    16101995  0.2229930E+004  0.7445897E+004  0.3406120E+003  0.2080397E+003  0.1206681E+002  0.2215946E+004 -0.1321882E+004  0.8940635E+003 -0.6898794E+003
 290.000    17101995  0.2228884E+004  0.7445888E+004  0.3406120E+003  0.2083452E+003  0.1205499E+002  0.2221083E+004 -0.1324636E+004  0.8964465E+003 -0.6919074E+003
 291.000    18101995  0.2227966E+004  0.7445899E+004  0.3406120E+003  0.2088409E+003  0.1204290E+002  0.2226533E+004 -0.1327652E+004  0.8988811E+003 -0.6938391E+003
 292.000    19101995  0.2227169E+004  0.7445885E+004  0.3406120E+003  0.2095280E+003  0.1203250E+002  0.2233269E+004 -0.1331627E+004  0.9016417E+003 -0.6959640E+003
 293.000    20101995  0.2226160E+004  0.7445848E+004  0.3406120E+003  0.2103141E+003  0.1202097E+002  0.2239933E+004 -0.1335457E+004  0.9044761E+003 -0.6982582E+003
 294.000    21101995  0.2224896E+004  0.7445807E+004  0.3406120E+003  0.2109243E+003  0.1201123E+002  0.2245874E+004 -0.1338698E+004  0.9071756E+003 -0.7005860E+003
 295.000    22101995  0.2223976E+004  0.7445839E+004  0.3406120E+003  0.2117334E+003  0.1199560E+002  0.2250996E+004 -0.1341252E+004  0.9097436E+003 -0.7024091E+003
 296.000    23101995  0.2223137E+004  0.7445873E+004  0.3406120E+003  0.2124936E+003  0.1198703E+002  0.2256768E+004 -0.1344447E+004  0.9123209E+003 -0.7042576E+003
 297.000    24101995  0.2222527E+004  0.7445884E+004  0.3406120E+003  0.2127526E+003  0.1197548E+002  0.2263332E+004 -0.1348742E+004  0.9145892E+003 -0.7062807E+003
 298.000    25101995  0.2221704E+004  0.7445853E+004  0.3406120E+003  0.2129867E+003  0.1196283E+002  0.2269864E+004 -0.1352802E+004  0.9170622E+003 -0.7085549E+003
 299.000    26101995  0.2220831E+004  0.7445849E+004  0.3406120E+003  0.2138366E+003  0.1195372E+002  0.2276352E+004 -0.1356362E+004  0.9199900E+003 -0.7106383E+003
 300.000    27101995  0.2220146E+004  0.7445826E+004  0.3406120E+003  0.2145104E+003  0.1194139E+002  0.2283592E+004 -0.1360755E+004  0.9228368E+003 -0.7128654E+003
 301.000    28101995  0.2219243E+004  0.7445743E+004  0.3406120E+003  0.2144037E+003  0.1192676E+002  0.2290519E+004 -0.1365390E+004  0.9251287E+003 -0.7155415E+003
 302.000    29101995  0.2218129E+004  0.7445748E+004  0.3406120E+003  0.2148396E+003  0.1191228E+002  0.2295362E+004 -0.1367798E+004  0.9275635E+003 -0.7175241E+003
 303.000    30101995  0.2217237E+004  0.7445805E+004  0.3406120E+003  0.2152553E+003  0.1189776E+002  0.2299960E+004 -0.1370198E+004  0.9297620E+003 -0.7192178E+003
 304.000    31101995  0.2216895E+004  0.7445865E+004  0.3406120E+003  0.2156485E+003  0.1188431E+002  0.2304614E+004 -0.1372690E+004  0.9319235E+003 -0.7209241E+003
 305.000    01111995  0.2216121E+004  0.7445900E+004  0.3406120E+003  0.2163843E+003  0.1187420E+002  0.2310953E+004 -0.1376429E+004  0.9345236E+003 -0.7228326E+003
 306.000    02111995  0.2215358E+004  0.7445886E+004  0.3406120E+003  0.2151559E+003  0.1186087E+002  0.2316158E+004 -0.1380855E+004  0.9353025E+003 -0.7250999E+003
 307.000    03111995  0.2214710E+004  0.7445833E+004  0.3406120E+003  0.2152132E+003  0.1184441E+002  0.2323443E+004 -0.1385687E+004  0.9377559E+003 -0.7275680E+003
 308.000    04111995  0.2213524E+004  0.7445824E+004  0.3406120E+003  0.2142447E+003  0.1182684E+002  0.2327019E+004 -0.1388125E+004  0.9388945E+003 -0.7296837E+003
 309.000    05111995  0.2212878E+004  0.7445950E+004  0.3406120E+003  0.2134379E+003  0.1178980E+002  0.2329041E+004 -0.1389527E+004  0.9395143E+003 -0.7309743E+003
 310.000    06111995  0.2212316E+004  0.7446101E+004  0.3406120E+003  0.2136611E+003  0.1176174E+002  0.2332174E+004 -0.1391168E+004  0.9410061E+003 -0.7321602E+003
 311.000    07111995  0.2211604E+004  0.7446227E+004  0.3406120E+003  0.2147737E+003  0.1174583E+002  0.2336727E+004 -0.1393416E+004  0.9433106E+003 -0.7335338E+003
 312.000    08111995  0.2210687E+004  0.7446312E+004  0.3406120E+003  0.2145312E+003  0.1173654E+002  0.2340636E+004 -0.1395960E+004  0.9446762E+003 -0.7351464E+003
 313.000    09111995  0.2210247E+004  0.7446468E+004  0.3406120E+003  0.2138000E+003  0.1170068E+002  0.2342424E+004 -0.1397334E+004  0.9450905E+003 -0.7362743E+003
 314.000    10111995  0.2209957E+004  0.7446660E+004  0.3406120E+003  0.2140281E+003  0.1167094E+002  0.2345243E+004 -0.1398889E+004  0.9463537E+003 -0.7372123E+003
 315.000    11111995  0.2209572E+004  0.7446809E+004  0.3406120E+003  0.2156078E+003  0.1165694E+002  0.2350733E+004 -0.1401663E+004  0.9490703E+003 -0.7384386E+003
 316.000    12111995  0.2208992E+004  0.7446934E+004  0.3406120E+003  0.2142677E+003  0.1163015E+002  0.2352734E+004 -0.1403648E+004  0.9490855E+003 -0.7397695E+003
 317.000    13111995  0.2208640E+004  0.7447120E+004  0.3406120E+003  0.2140496E+003  0.1159968E+002  0.2354928E+004 -0.1405038E+004  0.9498904E+003 -0.7407169E+003
 318.000    14111995  0.2208139E+004  0.7447293E+004  0.3406120E+003  0.2140615E+003  0.1158002E+002  0.2357568E+004 -0.1406586E+004  0.9509822E+003 -0.7417375E+003
 319.000    15111995  0.2207724E+004  0.7447471E+004  0.3406120E+003  0.2136746E+003  0.1155324E+002  0.2359640E+004 -0.1408015E+004  0.9516251E+003 -0.7427045E+003
 320.000    16111995  0.2207491E+004  0.7447678E+004  0.3406120E+003  0.2135969E+003  0.1152435E+002  0.2361735E+004 -0.1409349E+004  0.9523866E+003 -0.7434728E+003
 321.000    17111995  0.2207312E+004  0.7447891E+004  0.3406120E+003  0.2138690E+003  0.1150747E+002  0.2364211E+004 -0.1410785E+004  0.9534266E+003 -0.7441917E+003
 322.000    18111995  0.2207107E+004  0.7448093E+004  0.3406120E+003  0.2140667E+003  0.1149664E+002  0.2366889E+004 -0.1412455E+004  0.9544342E+003 -0.7449693E+003
 323.000    19111995  0.2206707E+004  0.7448267E+004  0.3406120E+003  0.2150663E+003  0.1149112E+002  0.2370998E+004 -0.1414607E+004  0.9563913E+003 -0.7459301E+003
 324.000    20111995  0.2206423E+004  0.7448438E+004  0.3406120E+003  0.2152327E+003  0.1148251E+002  0.2374114E+004 -0.1416585E+004  0.9575289E+003 -0.7468950E+003
 325.000    21111995  0.2208325E+004  0.7448592E+004  0.3406120E+003  0.2159141E+003  0.1147773E+002  0.2378288E+004 -0.1419001E+004  0.9592875E+003 -0.7479758E+003
 326.000    22111995  0.2210196E+004  0.7448771E+004  0.3406120E+003  0.2154633E+003  0.1146181E+002  0.2380218E+004 -0.1420436E+004  0.9597815E+003 -0.7488674E+003
 327.000    23111995  0.2212141E+004  0.7448978E+004  0.3406120E+003  0.2157699E+003  0.1145046E+002  0.2382892E+004 -0.1422029E+004  0.9608625E+003 -0.7495667E+003
 328.000    24111995  0.2213649E+004  0.7449161E+004  0.3406120E+003  0.2165790E+003  0.1144442E+002  0.2386265E+004 -0.1423706E+004  0.9625594E+003 -0.7504244E+003
 329.000    25111995  0.2214988E+004  0.7449337E+004  0.3406120E+003  0.2168030E+003  0.1143776E+002  0.2389022E+004 -0.1425361E+004  0.9636604E+003 -0.7513283E+003
 330.000    26111995  0.2216419E+004  0.7449522E+004  0.3406120E+003  0.2169153E+003  0.1142813E+002  0.2391909E+004 -0.1427268E+004  0.9646408E+003 -0.7521661E+003
 331.000    27111995  0.2217682E+004  0.7449688E+004  0.3406120E+003  0.2172882E+003  0.1142316E+002  0.2395665E+004 -0.1429654E+004  0.9660115E+003 -0.7531387E+003
 332.000    28111995  0.2218869E+004  0.7449817E+004  0.3406120E+003  0.2177533E+003  0.1141953E+002  0.2400853E+004 -0.1433137E+004  0.9677157E+003 -0.7543809E+003
 333.000    29111995  0.2219660E+004  0.7449917E+004  0.3406120E+003  0.2172640E+003  0.1141304E+002  0.2404756E+004 -0.1436136E+004  0.9686195E+003 -0.7558279E+003
 334.000    30111995  0.2220550E+004  0.7450079E+004  0.3406120E+003  0.2168098E+003  0.1139724E+002  0.2406806E+004 -0.1437589E+004  0.9692172E+003 -0.7568090E+003
 335.000    01121995  0.2222222E+004  0.7450268E+004  0.3406120E+003  0.2169119E+003  0.1137790E+002  0.2409483E+004 -0.1439278E+004  0.9702051E+003 -0.7576108E+003
 336.000    02121995  0.2222993E+004  0.7450436E+004  0.3406120E+003  0.2172420E+003  0.1137079E+002  0.2412930E+004 -0.1441380E+004  0.9715504E+003 -0.7585700E+003
 337.000    03121995  0.2223747E+004  0.7450602E+004  0.3406120E+003  0.2173233E+003  0.1136388E+002  0.2416283E+004 -0.1443616E+004  0.9726672E+003 -0.7595375E+003
 338.000    04121995  0.2224286E+004  0.7450748E+004  0.3406120E+003  0.2173246E+003  0.1135920E+002  0.2420019E+004 -0.1446176E+004  0.9738429E+003 -0.7606530E+003
 339.000    05121995  0.2224725E+004  0.7450904E+004  0.3406120E+003  0.2172696E+003  0.1135010E+002  0.2422867E+004 -0.1447965E+004  0.9749013E+003 -0.7616738E+003
 340.000    06121995  0.2225155E+004  0.7451067E+004  0.3406120E+003  0.2179428E+003  0.1134321E+002  0.2426575E+004 -0.1449932E+004  0.9766429E+003 -0.7626512E+003
 341.000    07121995  0.2225570E+004  0.7451239E+004  0.3406120E+003  0.2170325E+003  0.1133111E+002  0.2428043E+004 -0.1451395E+004  0.9766478E+003 -0.7635651E+003
 342.000    08121995  0.2226224E+004  0.7451448E+004  0.3406120E+003  0.2163442E+003  0.1131222E+002  0.2429070E+004 -0.1452505E+004  0.9765652E+003 -0.7641747E+003
 343.000    09121995  0.2226979E+004  0.7451666E+004  0.3406120E+003  0.2158560E+003  0.1129732E+002  0.2430348E+004 -0.1453673E+004  0.9766750E+003 -0.7646853E+003
 344.000    10121995  0.2227653E+004  0.7451884E+004  0.3406120E+003  0.2120362E+003  0.1127815E+002  0.2430519E+004 -0.1454630E+004  0.9758888E+003 -0.7651564E+003
 345.000    11121995  0.2228306E+004  0.7452106E+004  0.3406120E+003  0.2097100E+003  0.1126330E+002  0.2430910E+004 -0.1455515E+004  0.9753947E+003 -0.7655442E+003
 346.000    12121995  0.2229003E+004  0.7452325E+004  0.3406120E+003  0.2096223E+003  0.1124860E+002  0.2431788E+004 -0.1456486E+004  0.9753014E+003 -0.7659060E+003
 347.000    13121995  0.2229750E+004  0.7452539E+004  0.3406120E+003  0.2100690E+003  0.1123363E+002  0.2433154E+004 -0.1457577E+004  0.9755763E+003 -0.7662474E+003
 348.000    14121995  0.2230429E+004  0.7452751E+004  0.3406120E+003  0.2113892E+003  0.1122360E+002  0.2435606E+004 -0.1458922E+004  0.9766842E+003 -0.7665912E+003
 349.000    15121995  0.2231115E+004  0.7452961E+004  0.3406120E+003  0.2132915E+003  0.1122116E+002  0.2439387E+004 -0.1461000E+004  0.9783869E+003 -0.7669424E+003
 350.000    16121995  0.2231730E+004  0.7453171E+004  0.3406120E+003  0.2148176E+003  0.1121777E+002  0.2443065E+004 -0.1463171E+004  0.9798943E+003 -0.7673255E+003
 351.000    17121995  0.2232286E+004  0.7453380E+004  0.3406120E+003  0.2141848E+003  0.1120589E+002  0.2445122E+004 -0.1464448E+004  0.9806731E+003 -0.7676921E+003
 352.000    18121995  0.2232868E+004  0.7453587E+004  0.3406120E+003  0.2137249E+003  0.1118959E+002  0.2446848E+004 -0.1465576E+004  0.9812717E+003 -0.7680497E+003
 353.000    19121995  0.2233251E+004  0.7453787E+004  0.3406120E+003  0.2145591E+003  0.1118108E+002  0.2449839E+004 -0.1466996E+004  0.9828436E+003 -0.7685185E+003
 354.000    20121995  0.2233498E+004  0.7453977E+004  0.3406120E+003  0.2141810E+003  0.1116905E+002  0.2451500E+004 -0.1468279E+004  0.9832210E+003 -0.7691144E+003
 355.000    21121995  0.2233941E+004  0.7454180E+004  0.3406120E+003  0.2137754E+003  0.1115167E+002  0.2452353E+004 -0.1469271E+004  0.9830820E+003 -0.7695212E+003
 356.000    22121995  0.2234421E+004  0.7454385E+004  0.3406120E+003  0.2136553E+003  0.1113676E+002  0.2453098E+004 -0.1470243E+004  0.9828552E+003 -0.7698690E+003
 357.000    23121995  0.2234901E+004  0.7454591E+004  0.3406120E+003  0.2135174E+003  0.1112216E+002  0.2453701E+004 -0.1471162E+004  0.9825395E+003 -0.7701772E+003
 358.000    24121995  0.2235395E+004  0.7454795E+004  0.3406120E+003  0.2133817E+003  0.1110710E+002  0.2454405E+004 -0.1472107E+004  0.9822985E+003 -0.7704780E+003
 359.000    25121995  0.2235882E+004  0.7454998E+004  0.3406120E+003  0.2135319E+003  0.1109292E+002  0.2455334E+004 -0.1473062E+004  0.9822714E+003 -0.7707594E+003
 360.000    26121995  0.2236423E+004  0.7455198E+004  0.3406120E+003  0.2133196E+003  0.1107733E+002  0.2455953E+004 -0.1474023E+004  0.9819306E+003 -0.7710163E+003
 361.000    27121995  0.2236915E+004  0.7455402E+004  0.3406120E+003  0.2135822E+003  0.1106363E+002  0.2457002E+004 -0.1474964E+004  0.9820375E+003 -0.7712506E+003
 362.000    28121995  0.2237418E+004  0.7455602E+004  0.3406120E+003  0.2134997E+003  0.1104903E+002  0.2457694E+004 -0.1475899E+004  0.9817956E+003 -0.7714853E+003
 363.000    29121995  0.2237911E+004  0.7455798E+004  0.3406120E+003  0.2138874E+003  0.1103526E+002  0.2458922E+004 -0.1476898E+004  0.9820245E+003 -0.7717190E+003
 364.000    30121995  0.2238357E+004  0.7455993E+004  0.3406120E+003  0.2145805E+003  0.1102429E+002  0.2460577E+004 -0.1478016E+004  0.9825613E+003 -0.7719539E+003
 365.000    31121995  0.2239251E+004  0.7456186E+004  0.3406120E+003  0.2160492E+003  0.1100972E+002  0.2463191E+004 -0.1479337E+004  0.9838538E+003 -0.7722058E+003
