    DOY     DATE    PRECN           ET              WATER           DISCHG          SNOWPACK        WTR_1           WTR_2           WTR_3           WTR_4           WTR_5           WTR_6           ICE_2           ICE_3           ICE_4           ICE_5           ICE_6           ICE_7           PSI_3           PSI_4           PSI_5           PSI_6           PSI_7           PSI_8           ACTV_LYR        
  30.000    30011920  0.9311000E+002  0.5684945E+001  0.7800175E+003  0.0000000E+000  0.0000000E+000  0.3315174E+000  0.3385218E+000  0.3475778E+000  0.2769892E+000  0.2684673E+000  0.3568808E+000  0.1652389E-009  0.9527960E-012  0.0000000E+000  0.0000000E+000  0.0000000E+000  0.0000000E+000 -0.6654481E-002 -0.5841689E-002 -0.4187377E-002 -0.2550538E-002 -0.2554929E-002 -0.3291376E-002 -0.9999000E+004
  60.000    29021920  0.1540600E+003  0.3754736E+002  0.7945844E+003  0.1448736E+002  0.0000000E+000  0.3286884E+000  0.3204288E+000  0.3276422E+000  0.2547796E+000  0.2488279E+000  0.3530650E+000  0.9629084E-012  0.9527960E-012  0.0000000E+000  0.0000000E+000  0.0000000E+000  0.0000000E+000 -0.1022421E-001 -0.8695434E-002 -0.6012906E-002 -0.2779526E-002 -0.2672398E-002 -0.3836511E-002 -0.9999000E+004
  90.000    30031920  0.2096400E+003  0.8941346E+002  0.7604098E+003  0.5236593E+002  0.0000000E+000  0.3100741E+000  0.3321625E+000  0.3304598E+000  0.2595405E+000  0.2562764E+000  0.3457766E+000  0.9629084E-012  0.9527960E-012  0.0000000E+000  0.0000000E+000  0.0000000E+000  0.0000000E+000 -0.9784458E-002 -0.7953405E-002 -0.5209964E-002 -0.3290140E-002 -0.3348718E-002 -0.5292045E-002 -0.9999000E+004
 120.000    29041920  0.2936700E+003  0.1803800E+003  0.7343839E+003  0.7145513E+002  0.0000000E+000  0.2657377E+000  0.2684173E+000  0.2707164E+000  0.2197937E+000  0.2248995E+000  0.3470177E+000  0.9629084E-012  0.9527960E-012  0.0000000E+000  0.0000000E+000  0.0000000E+000  0.0000000E+000 -0.2541093E-001 -0.1828600E-001 -0.9753801E-002 -0.3192579E-002 -0.2765127E-002 -0.4435444E-002 -0.9999000E+004
 150.000    29051920  0.3817200E+003  0.3118358E+003  0.6782300E+003  0.8420332E+002  0.0000000E+000  0.1485950E+000  0.1511757E+000  0.1784616E+000  0.1676391E+000  0.1863780E+000  0.3135626E+000  0.9629084E-012  0.9527960E-012  0.0000000E+000  0.0000000E+000  0.0000000E+000  0.0000000E+000 -0.1820381E+000 -0.7362508E-001 -0.2994891E-001 -0.7219580E-002 -0.4233598E-002 -0.6054058E-002 -0.9999000E+004
 180.000    28061920  0.4598400E+003  0.4699924E+003  0.5888613E+003  0.9353532E+002  0.0000000E+000  0.1261248E+000  0.1220834E+000  0.1343406E+000  0.1102849E+000  0.1151585E+000  0.2590465E+000  0.9629084E-012  0.9527960E-012  0.0000000E+000  0.0000000E+000  0.0000000E+000  0.0000000E+000 -0.7075700E+000 -0.6426073E+000 -0.5429509E+000 -0.3785650E-001 -0.1113035E-001 -0.1514296E-001 -0.9999000E+004
 210.000    28071920  0.5405900E+003  0.6078852E+003  0.5262930E+003  0.9896083E+002  0.0000000E+000  0.1816825E+000  0.1788709E+000  0.1727501E+000  0.1235072E+000  0.1180530E+000  0.2034302E+000  0.9629084E-012  0.9527960E-012  0.0000000E+000  0.0000000E+000  0.0000000E+000  0.0000000E+000 -0.2211486E+000 -0.3626925E+000 -0.4721043E+000 -0.3236338E+000 -0.5953367E-001 -0.8495828E-001 -0.9999000E+004
 240.000    27081920  0.5954600E+003  0.7357965E+003  0.4528245E+003  0.9938806E+002  0.0000000E+000  0.1121589E+000  0.1112151E+000  0.1167404E+000  0.1004809E+000  0.1039778E+000  0.1826461E+000  0.9629084E-012  0.9527960E-012  0.0000000E+000  0.0000000E+000  0.0000000E+000  0.0000000E+000 -0.1414528E+001 -0.1039314E+001 -0.1005824E+001 -0.8388497E+000 -0.3554369E+000 -0.4921748E+000 -0.9999000E+004
 270.000    26091920  0.7703700E+003  0.8393794E+003  0.5241515E+003  0.9938806E+002  0.0000000E+000  0.2946095E+000  0.3062361E+000  0.3079073E+000  0.2422833E+000  0.1475125E+000  0.2060226E+000  0.9629084E-012  0.9527960E-012  0.0000000E+000  0.0000000E+000  0.0000000E+000  0.0000000E+000 -0.1370826E-001 -0.1102734E-001 -0.1233158E+000 -0.2895023E+000 -0.2331738E+000 -0.2615147E+000 -0.9999000E+004
 300.000    26101920  0.8546700E+003  0.8906790E+003  0.5571519E+003  0.9938806E+002  0.0000000E+000  0.3207410E+000  0.3478110E+000  0.3469405E+000  0.2812393E+000  0.1994446E+000  0.2211823E+000  0.9629084E-012  0.9527960E-012  0.0000000E+000  0.0000000E+000  0.0000000E+000  0.0000000E+000 -0.6866411E-002 -0.5400730E-002 -0.2010023E-001 -0.1542753E+000 -0.1563878E+000 -0.1613770E+000 -0.9999000E+004
 330.000    25111920  0.9454800E+003  0.9241205E+003  0.6145204E+003  0.9938806E+002  0.0000000E+000  0.3366100E+000  0.3321844E+000  0.3366167E+000  0.2666916E+000  0.2596340E+000  0.3549687E+000  0.9629084E-012  0.9527960E-012  0.0000000E+000  0.0000000E+000  0.0000000E+000  0.0000000E+000 -0.8527616E-002 -0.6973967E-002 -0.4905817E-002 -0.2664372E-002 -0.1137892E+000 -0.1133936E+000 -0.9999000E+004
 360.000    25121920  0.9938000E+003  0.9484712E+003  0.6383711E+003  0.9938806E+002  0.0000000E+000  0.3161112E+000  0.3220073E+000  0.3274151E+000  0.2549736E+000  0.2475167E+000  0.3517544E+000  0.9871377E-012  0.9527960E-012  0.0000000E+000  0.0000000E+000  0.0000000E+000  0.0000000E+000 -0.1026867E-001 -0.8631468E-002 -0.6170063E-002 -0.2865087E-002 -0.6905358E-002 -0.8397285E-001 -0.9999000E+004
