    DOY     DATE    SHOOT_C         ROOT_C          LAI             GPP             AUTO_RESP       HVST_C          
  30.000    30011914  0.1127514E+002  0.7403335E+003  0.0000000E+000  0.0000000E+000 -0.2769710E+002  0.0000000E+000
  60.000    01031914  0.1384633E+002  0.6892125E+003  0.6104443E+000  0.9199276E+001 -0.6188963E+002  0.0000000E+000
  90.000    31031914  0.7684061E+002  0.6803764E+003  0.2209728E+001  0.1150882E+003 -0.1177271E+003  0.0000000E+000
 120.000    30041914  0.1951673E+003  0.7228250E+003  0.4555971E+001  0.3950596E+003 -0.2251448E+003  0.0000000E+000
 150.000    30051914  0.3244796E+003  0.7979756E+003  0.6604773E+001  0.7809351E+003 -0.3846719E+003  0.0000000E+000
 180.000    29061914  0.4843254E+003  0.8260204E+003  0.8118228E+001  0.1214158E+004 -0.6129092E+003  0.0000000E+000
 210.000    29071914  0.6037674E+003  0.8417493E+003  0.8194288E+001  0.1602902E+004 -0.8537900E+003  0.0000000E+000
 240.000    28081914  0.5108171E+003  0.9590399E+003  0.3963517E+001  0.1973882E+004 -0.1077491E+004  0.0000000E+000
 270.000    27091914  0.3653797E+003  0.1065636E+004  0.1167577E+001  0.2197777E+004 -0.1244193E+004  0.0000000E+000
 300.000    27101914  0.3253645E+003  0.1018158E+004  0.1588799E+000  0.2249831E+004 -0.1339650E+004  0.0000000E+000
 330.000    26111914  0.1189111E+003  0.9215211E+003  0.5893089E-002  0.2253442E+004 -0.1393276E+004  0.0000000E+000
 360.000    26121914  0.1641293E+002  0.8424304E+003  0.0000000E+000  0.2253442E+004 -0.1433758E+004  0.0000000E+000
