    DOY     DATE    SHOOT_C         ROOT_C          LAI             GPP             AUTO_RESP       HVST_C          
  30.000    30011965  0.4549048E+001  0.3912894E+001  0.4049655E+001  0.9867651E+000 -0.4336529E+000  0.0000000E+000
  60.000    01031965  0.4716108E+001  0.4043973E+001  0.3853909E+001  0.1852500E+001 -0.7830370E+000  0.0000000E+000
  90.000    31031965  0.5354591E+001  0.4103966E+001  0.3556223E+001  0.3546355E+001 -0.1441703E+001  0.0000000E+000
 120.000    30041965  0.5544248E+001  0.4185655E+001  0.3216528E+001  0.5819494E+001 -0.2275326E+001  0.0000000E+000
 150.000    30051965  0.4908901E+001  0.4097419E+001  0.3908734E+001  0.9341778E+001 -0.3652497E+001  0.0000000E+000
 180.000    29061965  0.4580132E+001  0.3861772E+001  0.5566764E+001  0.1345963E+002 -0.5566243E+001  0.0000000E+000
 210.000    29071965  0.6284955E+001  0.3418890E+001  0.6227125E+001  0.1729752E+002 -0.7780446E+001  0.0000000E+000
 240.000    28081965  0.7914563E+001  0.3199233E+001  0.6077801E+001  0.2092142E+002 -0.9696188E+001  0.0000000E+000
 270.000    27091965  0.8854426E+001  0.3049840E+001  0.5227286E+001  0.2405181E+002 -0.1142784E+002  0.0000000E+000
 300.000    27101965  0.8402887E+001  0.3126991E+001  0.4310336E+001  0.2600426E+002 -0.1241521E+002  0.0000000E+000
 330.000    26111965  0.5784698E+001  0.3207697E+001  0.3732389E+001  0.2745165E+002 -0.1307382E+002  0.0000000E+000
 360.000    26121965  0.3709625E+001  0.3321813E+001  0.3467492E+001  0.2831158E+002 -0.1343064E+002  0.0000000E+000
