    DOY     DATE    PRECN           ET              WATER           DISCHG          SNOWPACK        WTR_1           WTR_2           WTR_3           WTR_4           WTR_5           WTR_6           ICE_2           ICE_3           ICE_4           ICE_5           ICE_6           ICE_7           PSI_3           PSI_4           PSI_5           PSI_6           PSI_7           PSI_8           ACTV_LYR        
  30.000    30011903  0.1462400E+003  0.1938526E+002  0.8291332E+003  0.4950939E+002  0.0000000E+000  0.3390639E+000  0.3368000E+000  0.3401504E+000  0.2670972E+000  0.2608054E+000  0.3561743E+000  0.9533140E-012  0.9927069E-012  0.0000000E+000  0.0000000E+000  0.0000000E+000  0.0000000E+000 -0.7688481E-002 -0.7038979E-002 -0.4798543E-002 -0.2590749E-002 -0.2576324E-002 -0.3463933E-002 -0.9999000E+004
  60.000    01031903  0.2273100E+003  0.4784999E+002  0.8082537E+003  0.1129973E+003  0.7529893E+002  0.3426974E+000  0.3561796E+000  0.3531882E+000  0.2830543E+000  0.2614456E+000  0.3535135E+000  0.9748508E-012  0.9927069E-012  0.0000000E+000  0.0000000E+000  0.0000000E+000  0.0000000E+000 -0.6036714E-002 -0.5425767E-002 -0.4782522E-002 -0.2752428E-002 -0.2627119E-002 -0.3741963E-002 -0.9999000E+004
  90.000    31031903  0.4160900E+003  0.8309758E+002  0.8509635E+003  0.2319882E+003  0.0000000E+000  0.3382986E+000  0.3338139E+000  0.3386063E+000  0.2692610E+000  0.2658241E+000  0.3570892E+000  0.9562185E-012  0.9927069E-012  0.0000000E+000  0.0000000E+000  0.0000000E+000  0.0000000E+000 -0.8199726E-002 -0.6665895E-002 -0.4374047E-002 -0.2538280E-002 -0.2540678E-002 -0.3163822E-002 -0.9999000E+004
 120.000    30041903  0.5533600E+003  0.1656183E+003  0.7595878E+003  0.3781132E+003  0.0000000E+000  0.2598532E+000  0.2637755E+000  0.2665123E+000  0.2176206E+000  0.2224588E+000  0.3430489E+000  0.9562185E-012  0.9927069E-012  0.0000000E+000  0.0000000E+000  0.0000000E+000  0.0000000E+000 -0.2704993E-001 -0.1927161E-001 -0.1034936E-001 -0.3503110E-002 -0.2973186E-002 -0.4657926E-002 -0.9999000E+004
 150.000    30051903  0.6489300E+003  0.2788141E+003  0.7082900E+003  0.4117851E+003  0.0000000E+000  0.2599069E+000  0.2624963E+000  0.2640736E+000  0.1888949E+000  0.1926492E+000  0.3164382E+000  0.9562185E-012  0.9927069E-012  0.0000000E+000  0.0000000E+000  0.0000000E+000  0.0000000E+000 -0.2817996E-001 -0.4056857E-001 -0.2467785E-001 -0.6717439E-002 -0.4164711E-002 -0.6044210E-002 -0.9999000E+004
 180.000    29061903  0.6890600E+003  0.3950104E+003  0.6152769E+003  0.4287319E+003  0.0000000E+000  0.1290448E+000  0.1130350E+000  0.1145371E+000  0.9605424E-001  0.1132607E+000  0.2699517E+000  0.9562185E-012  0.9927069E-012  0.0000000E+000  0.0000000E+000  0.0000000E+000  0.0000000E+000 -0.1572621E+001 -0.1322180E+001 -0.6009422E+000 -0.2630199E-001 -0.8453561E-002 -0.1143124E-001 -0.9999000E+004
 210.000    29071903  0.8121500E+003  0.5262789E+003  0.5958575E+003  0.4399728E+003  0.0000000E+000  0.1284413E+000  0.1357821E+000  0.1653365E+000  0.1236359E+000  0.1208304E+000  0.2455652E+000  0.9562185E-012  0.9927069E-012  0.0000000E+000  0.0000000E+000  0.0000000E+000  0.0000000E+000 -0.2579647E+000 -0.3570860E+000 -0.4078674E+000 -0.6092088E-001 -0.1384946E-001 -0.1760022E-001 -0.9999000E+004
 240.000    28081903  0.9024900E+003  0.6400292E+003  0.5644521E+003  0.4479679E+003  0.0000000E+000  0.1215213E+000  0.1208944E+000  0.1361473E+000  0.1105359E+000  0.1159080E+000  0.2241850E+000  0.9562185E-012  0.9927069E-012  0.0000000E+000  0.0000000E+000  0.0000000E+000  0.0000000E+000 -0.6634286E+000 -0.6364115E+000 -0.5231227E+000 -0.1363948E+000 -0.2326147E-001 -0.2809737E-001 -0.9999000E+004
 270.000    27091903  0.9923500E+003  0.7167453E+003  0.5718031E+003  0.4537608E+003  0.0000000E+000  0.2059617E+000  0.2077601E+000  0.2115654E+000  0.1737825E+000  0.1360945E+000  0.2167997E+000  0.9562185E-012  0.9927069E-012  0.0000000E+000  0.0000000E+000  0.0000000E+000  0.0000000E+000 -0.8225439E-001 -0.6185183E-001 -0.2001896E+000 -0.1841285E+000 -0.3395307E-001 -0.4038450E-001 -0.9999000E+004
 300.000    27101903  0.1038160E+004  0.7514727E+003  0.5785620E+003  0.4580844E+003  0.0000000E+000  0.2638955E+000  0.2652773E+000  0.2668276E+000  0.1817635E+000  0.1472478E+000  0.2211378E+000  0.9562185E-012  0.9927069E-012  0.0000000E+000  0.0000000E+000  0.0000000E+000  0.0000000E+000 -0.2694250E-001 -0.4950379E-001 -0.1245809E+000 -0.1545058E+000 -0.3667040E-001 -0.4102729E-001 -0.9999000E+004
 330.000    26111903  0.1102560E+004  0.7885452E+003  0.6031551E+003  0.4608187E+003  0.0000000E+000  0.2798781E+000  0.2851980E+000  0.2865399E+000  0.2248463E+000  0.2200651E+000  0.2284731E+000  0.9562185E-012  0.9927069E-012  0.0000000E+000  0.0000000E+000  0.0000000E+000  0.0000000E+000 -0.1933706E-001 -0.1635959E-001 -0.1105901E-001 -0.1157129E+000 -0.3545014E-001 -0.3678120E-001 -0.9999000E+004
 360.000    26121903  0.1274170E+004  0.8108693E+003  0.7509736E+003  0.4622628E+003  0.0000000E+000  0.3269362E+000  0.3524551E+000  0.3488818E+000  0.2807624E+000  0.2728390E+000  0.3575104E+000  0.9562185E-012  0.9927069E-012  0.0000000E+000  0.0000000E+000  0.0000000E+000  0.0000000E+000 -0.5952330E-002 -0.5574500E-002 -0.3875533E-002 -0.2514998E-002 -0.2517304E-002 -0.3059782E-002 -0.9999000E+004
