    DOY     DATE    PRECN           ET              WATER           DISCHG          SNOWPACK        WTR_1           WTR_2           WTR_3           WTR_4           WTR_5           WTR_6           ICE_2           ICE_3           ICE_4           ICE_5           ICE_6           ICE_7           PSI_3           PSI_4           PSI_5           PSI_6           PSI_7           PSI_8           ACTV_LYR        
  30.000    30011969  0.1353300E+003  0.1670416E+002  0.7772776E+003  0.2098992E+002  0.2325171E+003  0.2773784E+000  0.2471367E+000  0.3404296E+000  0.2686252E+000  0.2552047E+000  0.3372551E+000  0.2502370E+000  0.6145950E-001  0.0000000E+000  0.0000000E+000  0.0000000E+000  0.0000000E+000 -0.7878680E-002 -0.6768894E-002 -0.5341799E-002 -0.4023175E-002 -0.3875396E-002 -0.6023388E-002 -0.9999000E+004
  60.000    01031969  0.2850700E+003  0.3883121E+002  0.8030323E+003  0.3593958E+002  0.2259785E+003  0.3452594E+000  0.3519311E+000  0.3546451E+000  0.2898281E+000  0.2854512E+000  0.3571388E+000  0.9400972E-012  0.9842153E-012  0.0000000E+000  0.0000000E+000  0.0000000E+000  0.0000000E+000 -0.6034841E-002 -0.4748918E-002 -0.3123599E-002 -0.2537388E-002 -0.2721467E-002 -0.4137637E-002 -0.9999000E+004
  90.000    31031969  0.3556800E+003  0.7636965E+002  0.7932249E+003  0.1136896E+003  0.0000000E+000  0.3405226E+000  0.3334954E+000  0.3382602E+000  0.2670848E+000  0.2576611E+000  0.3531227E+000  0.9400972E-012  0.9842153E-012  0.0000000E+000  0.0000000E+000  0.0000000E+000  0.0000000E+000 -0.8400535E-002 -0.6953892E-002 -0.5093147E-002 -0.2776197E-002 -0.2760653E-002 -0.4112914E-002 -0.9999000E+004
 120.000    30041969  0.4535600E+003  0.1410881E+003  0.7966475E+003  0.1434284E+003  0.0000000E+000  0.3310632E+000  0.3465610E+000  0.3488351E+000  0.2831494E+000  0.2791804E+000  0.3572169E+000  0.9400972E-012  0.9842153E-012  0.0000000E+000  0.0000000E+000  0.0000000E+000  0.0000000E+000 -0.6657159E-002 -0.5252555E-002 -0.3464195E-002 -0.2531125E-002 -0.2549811E-002 -0.3034804E-002 -0.9999000E+004
 150.000    30051969  0.5793500E+003  0.2226765E+003  0.8236182E+003  0.1606594E+003  0.0000000E+000  0.3431990E+000  0.3487995E+000  0.3626338E+000  0.2978635E+000  0.2915265E+000  0.3571257E+000  0.9400972E-012  0.9842153E-012  0.0000000E+000  0.0000000E+000  0.0000000E+000  0.0000000E+000 -0.5252433E-002 -0.4089274E-002 -0.2840590E-002 -0.2537196E-002 -0.2583095E-002 -0.3211763E-002 -0.9999000E+004
 180.000    29061969  0.8177700E+003  0.3178958E+003  0.8206488E+003  0.3068294E+003  0.0000000E+000  0.3990758E+000  0.3790849E+000  0.3871063E+000  0.2730729E+000  0.2547045E+000  0.3505870E+000  0.9400972E-012  0.9842153E-012  0.0000000E+000  0.0000000E+000  0.0000000E+000  0.0000000E+000 -0.4857148E-002 -0.6950676E-002 -0.5392922E-002 -0.2941405E-002 -0.2893586E-002 -0.4324738E-002 -0.9999000E+004
 210.000    29071969  0.9263500E+003  0.4110767E+003  0.7902687E+003  0.3526085E+003  0.0000000E+000  0.3582565E+000  0.3533109E+000  0.3608136E+000  0.3011985E+000  0.2928176E+000  0.3507419E+000  0.9400972E-012  0.9842153E-012  0.0000000E+000  0.0000000E+000  0.0000000E+000  0.0000000E+000 -0.5095893E-002 -0.3879914E-002 -0.2790492E-002 -0.2934726E-002 -0.3045278E-002 -0.4471471E-002 -0.9999000E+004
 240.000    28081969  0.1025640E+004  0.4925900E+003  0.7872803E+003  0.3733737E+003  0.0000000E+000  0.3357638E+000  0.3287405E+000  0.3346746E+000  0.2629698E+000  0.2559617E+000  0.3522663E+000  0.9400972E-012  0.9842153E-012  0.0000000E+000  0.0000000E+000  0.0000000E+000  0.0000000E+000 -0.8597317E-002 -0.7470279E-002 -0.5248016E-002 -0.2830215E-002 -0.3067637E-002 -0.4839751E-002 -0.9999000E+004
 270.000    27091969  0.1071840E+004  0.5580266E+003  0.7397351E+003  0.4016823E+003  0.0000000E+000  0.3354886E+000  0.3414453E+000  0.3529600E+000  0.2834718E+000  0.2213001E+000  0.3227142E+000  0.9400972E-012  0.9842153E-012  0.0000000E+000  0.0000000E+000  0.0000000E+000  0.0000000E+000 -0.6528478E-002 -0.5199506E-002 -0.1077137E-001 -0.5734657E-002 -0.4440641E-002 -0.6804654E-002 -0.9999000E+004
 300.000    27101969  0.1186310E+004  0.6093058E+003  0.7892119E+003  0.4153963E+003  0.0000000E+000  0.3297693E+000  0.3528066E+000  0.3502323E+000  0.2860537E+000  0.2682006E+000  0.3627966E+000  0.9400972E-012  0.9842153E-012  0.0000000E+000  0.0000000E+000  0.0000000E+000  0.0000000E+000 -0.6353679E-002 -0.4975658E-002 -0.4146937E-002 -0.2181604E-002 -0.2497192E-002 -0.2516145E-002 -0.9999000E+004
 330.000    26111969  0.1235500E+004  0.6447203E+003  0.7915502E+003  0.4267934E+003  0.0000000E+000  0.3385604E+000  0.3376114E+000  0.3416813E+000  0.2720287E+000  0.2647399E+000  0.3559037E+000  0.9400972E-012  0.9842153E-012  0.0000000E+000  0.0000000E+000  0.0000000E+000  0.0000000E+000 -0.7187881E-002 -0.6376759E-002 -0.4470454E-002 -0.2607201E-002 -0.2685563E-002 -0.4319170E-002 -0.9999000E+004
 360.000    26121969  0.1350370E+004  0.6727136E+003  0.8207990E+003  0.4843213E+003  0.0000000E+000  0.3423461E+000  0.3375400E+000  0.3416343E+000  0.2724652E+000  0.2643040E+000  0.3549407E+000  0.9724525E-012  0.9842153E-012  0.0000000E+000  0.0000000E+000  0.0000000E+000  0.0000000E+000 -0.7700401E-002 -0.6318078E-002 -0.4507601E-002 -0.2664431E-002 -0.2702194E-002 -0.4048922E-002 -0.9999000E+004
