    DOY     DATE    PRECN           ET              WATER           DISCHG          SNOWPACK        WTR_1           WTR_2           WTR_3           WTR_4           WTR_5           WTR_6           ICE_2           ICE_3           ICE_4           ICE_5           ICE_6           ICE_7           PSI_3           PSI_4           PSI_5           PSI_6           PSI_7           PSI_8           ACTV_LYR        
  30.000    30011967  0.2918000E+002  0.2134829E+002  0.7859941E+003  0.6915447E+002  0.6887349E+002  0.3547097E+000  0.3604556E+000  0.3691810E+000  0.3118257E+000  0.2433935E+000  0.3324472E+000  0.9908801E-012  0.9563902E-001  0.0000000E+000  0.0000000E+000  0.0000000E+000  0.0000000E+000 -0.4335859E-002 -0.3293144E-002 -0.6788362E-002 -0.4515906E-002 -0.3404293E-002 -0.5230357E-002 -0.9999000E+004
  60.000    01031967  0.1248700E+003  0.4961438E+002  0.7808511E+003  0.9221304E+002  0.0000000E+000  0.3108673E+000  0.3411465E+000  0.3381004E+000  0.2685533E+000  0.2605048E+000  0.3541383E+000  0.9910316E-012  0.9650480E-012  0.0000000E+000  0.0000000E+000  0.0000000E+000  0.0000000E+000 -0.8075094E-002 -0.6763714E-002 -0.4829002E-002 -0.2712816E-002 -0.2697250E-002 -0.3829511E-002 -0.9999000E+004
  90.000    31031967  0.1900000E+003  0.9121363E+002  0.7871530E+003  0.1094447E+003  0.0000000E+000  0.3260713E+000  0.3546888E+000  0.3551642E+000  0.2920633E+000  0.2865381E+000  0.3548666E+000  0.9910316E-012  0.9650480E-012  0.0000000E+000  0.0000000E+000  0.0000000E+000  0.0000000E+000 -0.5364948E-002 -0.4503385E-002 -0.3073128E-002 -0.2670457E-002 -0.2706540E-002 -0.3539327E-002 -0.9999000E+004
 120.000    30041967  0.2229400E+003  0.1594772E+003  0.7373281E+003  0.1239459E+003  0.0000000E+000  0.3210579E+000  0.3107710E+000  0.3169349E+000  0.2452863E+000  0.2378273E+000  0.3415555E+000  0.9910316E-012  0.9650480E-012  0.0000000E+000  0.0000000E+000  0.0000000E+000  0.0000000E+000 -0.1208930E-001 -0.1045582E-001 -0.7466423E-002 -0.3628323E-002 -0.3748862E-002 -0.6031560E-002 -0.9999000E+004
 150.000    30051967  0.3196000E+003  0.2336388E+003  0.7487578E+003  0.1350147E+003  0.0000000E+000  0.3248855E+000  0.3493000E+000  0.3466475E+000  0.2814284E+000  0.2757057E+000  0.3571893E+000  0.9910316E-012  0.9650480E-012  0.0000000E+000  0.0000000E+000  0.0000000E+000  0.0000000E+000 -0.6478507E-002 -0.5398970E-002 -0.3679997E-002 -0.2531779E-002 -0.2548058E-002 -0.6391356E-002 -0.9999000E+004
 180.000    29061967  0.4039200E+003  0.3406168E+003  0.7192823E+003  0.1418321E+003  0.0000000E+000  0.3094274E+000  0.3131112E+000  0.3175399E+000  0.2471481E+000  0.2429282E+000  0.3465965E+000  0.9910316E-012  0.9650480E-012  0.0000000E+000  0.0000000E+000  0.0000000E+000  0.0000000E+000 -0.1189032E-001 -0.1003415E-001 -0.6732962E-002 -0.3224003E-002 -0.3529271E-002 -0.4471352E-002 -0.9999000E+004
 210.000    29071967  0.5617100E+003  0.4476020E+003  0.7654844E+003  0.1464348E+003  0.0000000E+000  0.3267803E+000  0.3335874E+000  0.3420178E+000  0.2702200E+000  0.2601182E+000  0.3387302E+000  0.9910316E-012  0.9650480E-012  0.0000000E+000  0.0000000E+000  0.0000000E+000  0.0000000E+000 -0.7975498E-002 -0.6536715E-002 -0.4866469E-002 -0.3882171E-002 -0.3603944E-002 -0.5581468E-002 -0.9999000E+004
 240.000    28081967  0.7067700E+003  0.5418657E+003  0.8042304E+003  0.1584851E+003  0.0000000E+000  0.3087736E+000  0.3350491E+000  0.3323458E+000  0.2604664E+000  0.2535753E+000  0.3523062E+000  0.9910316E-012  0.9650480E-012  0.0000000E+000  0.0000000E+000  0.0000000E+000  0.0000000E+000 -0.8953216E-002 -0.7824708E-002 -0.5488852E-002 -0.2827180E-002 -0.2766250E-002 -0.3972255E-002 -0.9999000E+004
 270.000    27091967  0.8074200E+003  0.6107767E+003  0.7766094E+003  0.2178451E+003  0.0000000E+000  0.3129455E+000  0.3157206E+000  0.3194623E+000  0.2475101E+000  0.2402034E+000  0.3439495E+000  0.9910316E-012  0.9650480E-012  0.0000000E+000  0.0000000E+000  0.0000000E+000  0.0000000E+000 -0.1151195E-001 -0.9981480E-002 -0.7118409E-002 -0.3430376E-002 -0.3205962E-002 -0.5006554E-002 -0.9999000E+004
 300.000    27101967  0.9156700E+003  0.6612825E+003  0.8032402E+003  0.2489585E+003  0.0000000E+000  0.3498482E+000  0.3518094E+000  0.3720958E+000  0.3088095E+000  0.3246203E+000  0.3834886E+000  0.9910316E-012  0.9650480E-012  0.0000000E+000  0.0000000E+000  0.0000000E+000  0.0000000E+000 -0.4795783E-002 -0.3394858E-002 -0.1615685E-002 -0.1450572E-002 -0.2495280E-002 -0.3658105E-002 -0.9999000E+004
 330.000    26111967  0.9318700E+003  0.7000130E+003  0.7634805E+003  0.2661363E+003  0.0000000E+000  0.3199003E+000  0.3236244E+000  0.3282933E+000  0.2534118E+000  0.2393813E+000  0.3392828E+000  0.9910316E-012  0.9650480E-012  0.0000000E+000  0.0000000E+000  0.0000000E+000  0.0000000E+000 -0.1017191E-001 -0.8929424E-002 -0.7254250E-002 -0.3831605E-002 -0.3332576E-002 -0.5225779E-002 -0.9999000E+004
 360.000    26121967  0.1028370E+004  0.7225825E+003  0.7935745E+003  0.2860541E+003  0.0000000E+000  0.3356555E+000  0.3531075E+000  0.3513011E+000  0.2877712E+000  0.2669110E+000  0.3599981E+000  0.9845581E-012  0.9650480E-012  0.0000000E+000  0.0000000E+000  0.0000000E+000  0.0000000E+000 -0.5686701E-002 -0.4843638E-002 -0.4239571E-002 -0.2328915E-002 -0.2501142E-002 -0.2608293E-002 -0.9999000E+004
