    DOY     DATE    WTR_STRESS      
   1.000    01011987  0.2900000E+002
   2.000    02011987  0.2900000E+002
   3.000    03011987  0.2900000E+002
   4.000    04011987  0.2900000E+002
   5.000    05011987  0.2900000E+002
   6.000    06011987  0.2900000E+002
   7.000    07011987  0.2900000E+002
   8.000    08011987  0.2900000E+002
   9.000    09011987  0.2900000E+002
  10.000    10011987  0.2900000E+002
  11.000    11011987  0.2900000E+002
  12.000    12011987  0.2900000E+002
  13.000    13011987  0.2900000E+002
  14.000    14011987  0.2900000E+002
  15.000    15011987  0.2900000E+002
  16.000    16011987  0.2900000E+002
  17.000    17011987  0.2900000E+002
  18.000    18011987  0.2900000E+002
  19.000    19011987  0.2900000E+002
  20.000    20011987  0.2900000E+002
  21.000    21011987  0.2900000E+002
  22.000    22011987  0.2900000E+002
  23.000    23011987  0.2900000E+002
  24.000    24011987  0.2900000E+002
  25.000    25011987  0.2900000E+002
  26.000    26011987  0.2900000E+002
  27.000    27011987  0.2900000E+002
  28.000    28011987  0.2900000E+002
  29.000    29011987  0.2900000E+002
  30.000    30011987  0.2900000E+002
  31.000    31011987  0.2900000E+002
  32.000    01021987  0.2900000E+002
  33.000    02021987  0.2900000E+002
  34.000    03021987  0.2900000E+002
  35.000    04021987  0.2900000E+002
  36.000    05021987  0.2900000E+002
  37.000    06021987  0.2900000E+002
  38.000    07021987  0.2900000E+002
  39.000    08021987  0.2900000E+002
  40.000    09021987  0.2900000E+002
  41.000    10021987  0.2900000E+002
  42.000    11021987  0.2900000E+002
  43.000    12021987  0.2900000E+002
  44.000    13021987  0.2900000E+002
  45.000    14021987  0.2900000E+002
  46.000    15021987  0.2900000E+002
  47.000    16021987  0.2900000E+002
  48.000    17021987  0.2900000E+002
  49.000    18021987  0.2900000E+002
  50.000    19021987  0.2900000E+002
  51.000    20021987  0.2900000E+002
  52.000    21021987  0.2900000E+002
  53.000    22021987  0.2900000E+002
  54.000    23021987  0.2900000E+002
  55.000    24021987  0.2900000E+002
  56.000    25021987  0.2900000E+002
  57.000    26021987  0.2900000E+002
  58.000    27021987  0.2900000E+002
  59.000    28021987  0.2900000E+002
  60.000    01031987  0.2900000E+002
  61.000    02031987  0.2900000E+002
  62.000    03031987  0.2900000E+002
  63.000    04031987  0.2900000E+002
  64.000    05031987  0.2900000E+002
  65.000    06031987  0.2900000E+002
  66.000    07031987  0.2900000E+002
  67.000    08031987  0.2900000E+002
  68.000    09031987  0.2900000E+002
  69.000    10031987  0.2900000E+002
  70.000    11031987  0.2900000E+002
  71.000    12031987  0.2900000E+002
  72.000    13031987  0.2900000E+002
  73.000    14031987  0.2900000E+002
  74.000    15031987  0.2900000E+002
  75.000    16031987  0.2900000E+002
  76.000    17031987  0.2900000E+002
  77.000    18031987  0.2900000E+002
  78.000    19031987  0.2900000E+002
  79.000    20031987  0.2900000E+002
  80.000    21031987  0.2900000E+002
  81.000    22031987  0.0000000E+000
  82.000    23031987  0.0000000E+000
  83.000    24031987  0.0000000E+000
  84.000    25031987  0.0000000E+000
  85.000    26031987  0.0000000E+000
  86.000    27031987  0.0000000E+000
  87.000    28031987  0.0000000E+000
  88.000    29031987  0.0000000E+000
  89.000    30031987  0.0000000E+000
  90.000    31031987  0.0000000E+000
  91.000    01041987  0.0000000E+000
  92.000    02041987  0.0000000E+000
  93.000    03041987  0.0000000E+000
  94.000    04041987  0.0000000E+000
  95.000    05041987  0.0000000E+000
  96.000    06041987  0.0000000E+000
  97.000    07041987  0.0000000E+000
  98.000    08041987  0.0000000E+000
  99.000    09041987  0.0000000E+000
 100.000    10041987  0.0000000E+000
 101.000    11041987  0.0000000E+000
 102.000    12041987  0.0000000E+000
 103.000    13041987  0.0000000E+000
 104.000    14041987  0.0000000E+000
 105.000    15041987  0.0000000E+000
 106.000    16041987  0.0000000E+000
 107.000    17041987  0.0000000E+000
 108.000    18041987  0.0000000E+000
 109.000    19041987  0.0000000E+000
 110.000    20041987  0.0000000E+000
 111.000    21041987  0.0000000E+000
 112.000    22041987  0.0000000E+000
 113.000    23041987  0.0000000E+000
 114.000    24041987  0.0000000E+000
 115.000    25041987  0.0000000E+000
 116.000    26041987  0.0000000E+000
 117.000    27041987  0.0000000E+000
 118.000    28041987  0.0000000E+000
 119.000    29041987  0.0000000E+000
 120.000    30041987  0.0000000E+000
 121.000    01051987  0.0000000E+000
 122.000    02051987  0.0000000E+000
 123.000    03051987  0.0000000E+000
 124.000    04051987  0.0000000E+000
 125.000    05051987  0.0000000E+000
 126.000    06051987  0.0000000E+000
 127.000    07051987  0.0000000E+000
 128.000    08051987  0.0000000E+000
 129.000    09051987  0.0000000E+000
 130.000    10051987  0.0000000E+000
 131.000    11051987  0.0000000E+000
 132.000    12051987  0.0000000E+000
 133.000    13051987  0.0000000E+000
 134.000    14051987  0.0000000E+000
 135.000    15051987  0.0000000E+000
 136.000    16051987  0.0000000E+000
 137.000    17051987  0.0000000E+000
 138.000    18051987  0.0000000E+000
 139.000    19051987  0.0000000E+000
 140.000    20051987  0.0000000E+000
 141.000    21051987  0.0000000E+000
 142.000    22051987  0.0000000E+000
 143.000    23051987  0.0000000E+000
 144.000    24051987  0.0000000E+000
 145.000    25051987  0.0000000E+000
 146.000    26051987  0.0000000E+000
 147.000    27051987  0.0000000E+000
 148.000    28051987  0.0000000E+000
 149.000    29051987  0.0000000E+000
 150.000    30051987  0.0000000E+000
 151.000    31051987  0.0000000E+000
 152.000    01061987  0.0000000E+000
 153.000    02061987  0.0000000E+000
 154.000    03061987  0.0000000E+000
 155.000    04061987  0.0000000E+000
 156.000    05061987  0.0000000E+000
 157.000    06061987  0.0000000E+000
 158.000    07061987  0.0000000E+000
 159.000    08061987  0.0000000E+000
 160.000    09061987  0.0000000E+000
 161.000    10061987  0.0000000E+000
 162.000    11061987  0.0000000E+000
 163.000    12061987  0.0000000E+000
 164.000    13061987  0.0000000E+000
 165.000    14061987  0.0000000E+000
 166.000    15061987  0.0000000E+000
 167.000    16061987  0.0000000E+000
 168.000    17061987  0.0000000E+000
 169.000    18061987  0.0000000E+000
 170.000    19061987  0.0000000E+000
 171.000    20061987  0.0000000E+000
 172.000    21061987  0.0000000E+000
 173.000    22061987  0.0000000E+000
 174.000    23061987  0.0000000E+000
 175.000    24061987  0.0000000E+000
 176.000    25061987  0.0000000E+000
 177.000    26061987  0.0000000E+000
 178.000    27061987  0.0000000E+000
 179.000    28061987  0.0000000E+000
 180.000    29061987  0.0000000E+000
 181.000    30061987  0.0000000E+000
 182.000    01071987  0.0000000E+000
 183.000    02071987  0.0000000E+000
 184.000    03071987  0.0000000E+000
 185.000    04071987  0.0000000E+000
 186.000    05071987  0.0000000E+000
 187.000    06071987  0.0000000E+000
 188.000    07071987  0.0000000E+000
 189.000    08071987  0.0000000E+000
 190.000    09071987  0.0000000E+000
 191.000    10071987  0.0000000E+000
 192.000    11071987  0.0000000E+000
 193.000    12071987  0.0000000E+000
 194.000    13071987  0.0000000E+000
 195.000    14071987  0.0000000E+000
 196.000    15071987  0.0000000E+000
 197.000    16071987  0.0000000E+000
 198.000    17071987  0.0000000E+000
 199.000    18071987  0.0000000E+000
 200.000    19071987  0.0000000E+000
 201.000    20071987  0.0000000E+000
 202.000    21071987  0.0000000E+000
 203.000    22071987  0.0000000E+000
 204.000    23071987  0.0000000E+000
 205.000    24071987  0.0000000E+000
 206.000    25071987  0.0000000E+000
 207.000    26071987  0.0000000E+000
 208.000    27071987  0.0000000E+000
 209.000    28071987  0.0000000E+000
 210.000    29071987  0.0000000E+000
 211.000    30071987  0.0000000E+000
 212.000    31071987  0.0000000E+000
 213.000    01081987  0.0000000E+000
 214.000    02081987  0.0000000E+000
 215.000    03081987  0.0000000E+000
 216.000    04081987  0.0000000E+000
 217.000    05081987  0.0000000E+000
 218.000    06081987  0.0000000E+000
 219.000    07081987  0.0000000E+000
 220.000    08081987  0.0000000E+000
 221.000    09081987  0.0000000E+000
 222.000    10081987  0.0000000E+000
 223.000    11081987  0.0000000E+000
 224.000    12081987  0.0000000E+000
 225.000    13081987  0.0000000E+000
 226.000    14081987  0.0000000E+000
 227.000    15081987  0.0000000E+000
 228.000    16081987  0.0000000E+000
 229.000    17081987  0.0000000E+000
 230.000    18081987  0.0000000E+000
 231.000    19081987  0.0000000E+000
 232.000    20081987  0.0000000E+000
 233.000    21081987  0.0000000E+000
 234.000    22081987  0.0000000E+000
 235.000    23081987  0.0000000E+000
 236.000    24081987  0.0000000E+000
 237.000    25081987  0.0000000E+000
 238.000    26081987  0.0000000E+000
 239.000    27081987  0.0000000E+000
 240.000    28081987  0.0000000E+000
 241.000    29081987  0.0000000E+000
 242.000    30081987  0.0000000E+000
 243.000    31081987  0.0000000E+000
 244.000    01091987  0.0000000E+000
 245.000    02091987  0.0000000E+000
 246.000    03091987  0.0000000E+000
 247.000    04091987  0.0000000E+000
 248.000    05091987  0.0000000E+000
 249.000    06091987  0.0000000E+000
 250.000    07091987  0.0000000E+000
 251.000    08091987  0.0000000E+000
 252.000    09091987  0.0000000E+000
 253.000    10091987  0.0000000E+000
 254.000    11091987  0.0000000E+000
 255.000    12091987  0.0000000E+000
 256.000    13091987  0.0000000E+000
 257.000    14091987  0.0000000E+000
 258.000    15091987  0.0000000E+000
 259.000    16091987  0.0000000E+000
 260.000    17091987  0.0000000E+000
 261.000    18091987  0.0000000E+000
 262.000    19091987  0.0000000E+000
 263.000    20091987  0.0000000E+000
 264.000    21091987  0.0000000E+000
 265.000    22091987  0.0000000E+000
 266.000    23091987  0.0000000E+000
 267.000    24091987  0.0000000E+000
 268.000    25091987  0.0000000E+000
 269.000    26091987  0.0000000E+000
 270.000    27091987  0.0000000E+000
 271.000    28091987  0.0000000E+000
 272.000    29091987  0.0000000E+000
 273.000    30091987  0.0000000E+000
 274.000    01101987  0.0000000E+000
 275.000    02101987  0.0000000E+000
 276.000    03101987  0.0000000E+000
 277.000    04101987  0.0000000E+000
 278.000    05101987  0.0000000E+000
 279.000    06101987  0.0000000E+000
 280.000    07101987  0.0000000E+000
 281.000    08101987  0.0000000E+000
 282.000    09101987  0.0000000E+000
 283.000    10101987  0.0000000E+000
 284.000    11101987  0.0000000E+000
 285.000    12101987  0.0000000E+000
 286.000    13101987  0.0000000E+000
 287.000    14101987  0.0000000E+000
 288.000    15101987  0.0000000E+000
 289.000    16101987  0.0000000E+000
 290.000    17101987  0.0000000E+000
 291.000    18101987  0.0000000E+000
 292.000    19101987  0.0000000E+000
 293.000    20101987  0.0000000E+000
 294.000    21101987  0.0000000E+000
 295.000    22101987  0.0000000E+000
 296.000    23101987  0.0000000E+000
 297.000    24101987  0.0000000E+000
 298.000    25101987  0.0000000E+000
 299.000    26101987  0.0000000E+000
 300.000    27101987  0.0000000E+000
 301.000    28101987  0.0000000E+000
 302.000    29101987  0.0000000E+000
 303.000    30101987  0.0000000E+000
 304.000    31101987  0.0000000E+000
 305.000    01111987  0.0000000E+000
 306.000    02111987  0.0000000E+000
 307.000    03111987  0.0000000E+000
 308.000    04111987  0.0000000E+000
 309.000    05111987  0.0000000E+000
 310.000    06111987  0.0000000E+000
 311.000    07111987  0.0000000E+000
 312.000    08111987  0.0000000E+000
 313.000    09111987  0.0000000E+000
 314.000    10111987  0.0000000E+000
 315.000    11111987  0.0000000E+000
 316.000    12111987  0.0000000E+000
 317.000    13111987  0.0000000E+000
 318.000    14111987  0.0000000E+000
 319.000    15111987  0.0000000E+000
 320.000    16111987  0.0000000E+000
 321.000    17111987  0.0000000E+000
 322.000    18111987  0.0000000E+000
 323.000    19111987  0.0000000E+000
 324.000    20111987  0.0000000E+000
 325.000    21111987  0.0000000E+000
 326.000    22111987  0.0000000E+000
 327.000    23111987  0.0000000E+000
 328.000    24111987  0.0000000E+000
 329.000    25111987  0.0000000E+000
 330.000    26111987  0.0000000E+000
 331.000    27111987  0.0000000E+000
 332.000    28111987  0.0000000E+000
 333.000    29111987  0.0000000E+000
 334.000    30111987  0.0000000E+000
 335.000    01121987  0.0000000E+000
 336.000    02121987  0.0000000E+000
 337.000    03121987  0.0000000E+000
 338.000    04121987  0.0000000E+000
 339.000    05121987  0.0000000E+000
 340.000    06121987  0.0000000E+000
 341.000    07121987  0.0000000E+000
 342.000    08121987  0.0000000E+000
 343.000    09121987  0.0000000E+000
 344.000    10121987  0.0000000E+000
 345.000    11121987  0.0000000E+000
 346.000    12121987  0.0000000E+000
 347.000    13121987  0.0000000E+000
 348.000    14121987  0.0000000E+000
 349.000    15121987  0.0000000E+000
 350.000    16121987  0.0000000E+000
 351.000    17121987  0.0000000E+000
 352.000    18121987  0.0000000E+000
 353.000    19121987  0.0000000E+000
 354.000    20121987  0.0000000E+000
 355.000    21121987  0.0000000E+000
 356.000    22121987  0.0000000E+000
 357.000    23121987  0.0000000E+000
 358.000    24121987  0.0000000E+000
 359.000    25121987  0.0000000E+000
 360.000    26121987  0.0000000E+000
 361.000    27121987  0.0000000E+000
 362.000    28121987  0.0000000E+000
 363.000    29121987  0.0000000E+000
 364.000    30121987  0.0000000E+000
 365.000    31121987  0.0000000E+000
