    DOY     DATE    RESIDUE_C       HUMUS_C         ATM_CO2         NBP             ECO_LAI         ECO_GPP         ECO_RA          ECO_NPP         ECO_RH          
  30.000    30011929  0.1824100E+004  0.8524394E+004  0.3406120E+003 -0.3379498E+002  0.1667146E-001  0.0000000E+000 -0.2599880E+002 -0.2599880E+002 -0.1499746E+002
  60.000    01031929  0.1817971E+004  0.8529930E+004  0.3406120E+003 -0.9833458E+002  0.0000000E+000  0.0000000E+000 -0.5213788E+002 -0.5213788E+002 -0.4205082E+002
  90.000    31031929  0.1804204E+004  0.8535698E+004  0.3406120E+003 -0.1621528E+003  0.0000000E+000  0.0000000E+000 -0.7991781E+002 -0.7991781E+002 -0.7961973E+002
 120.000    30041929  0.1775690E+004  0.8538704E+004  0.3406120E+003 -0.1792522E+003  0.2841171E+001  0.1272269E+003 -0.1627985E+003 -0.3557162E+002 -0.1404588E+003
 150.000    30051929  0.1722973E+004  0.8540239E+004  0.3406120E+003  0.1172964E+002  0.6350041E+001  0.5487512E+003 -0.3329614E+003  0.2157898E+003 -0.2015244E+003
 180.000    29061929  0.1656118E+004  0.8536357E+004  0.3406120E+003  0.1530604E+003  0.7849880E+001  0.1046674E+004 -0.6063969E+003  0.4402775E+003 -0.2834606E+003
 210.000    29071929  0.1572463E+004  0.8527397E+004  0.3406120E+003  0.2197021E+003  0.7893728E+001  0.1491402E+004 -0.8806963E+003  0.6107061E+003 -0.3875107E+003
 240.000    28081929  0.1526619E+004  0.8517309E+004  0.3406120E+003  0.3042537E+003  0.6288431E+001  0.1914076E+004 -0.1125529E+004  0.7885464E+003 -0.4913595E+003
 270.000    27091929  0.1569332E+004  0.8510376E+004  0.3406120E+003  0.3199202E+003  0.1731843E+001  0.2226904E+004 -0.1328296E+004  0.8986086E+003 -0.5918548E+003
 300.000    27101929  0.1555051E+004  0.8509643E+004  0.3406120E+003  0.2418190E+003  0.6095237E+000  0.2316581E+004 -0.1422173E+004  0.8944086E+003 -0.6492142E+003
 330.000    26111929  0.1785547E+004  0.8512336E+004  0.3406120E+003  0.1295313E+003  0.4780820E+000  0.2320997E+004 -0.1486047E+004  0.8349501E+003 -0.7077778E+003
 360.000    26121929  0.1816982E+004  0.8518102E+004  0.3406120E+003  0.5500466E+002  0.3336532E+000  0.2320997E+004 -0.1524059E+004  0.7969375E+003 -0.7359496E+003
