    DOY     DATE    SHOOT_C         ROOT_C          LAI             GPP             AUTO_RESP       HVST_C          
   1.000    01012000  0.1105537E+005  0.3938221E+003  0.8793822E+001  0.5063571E+001 -0.2523614E+001  0.0000000E+000
   2.000    02012000  0.1105677E+005  0.3941569E+003  0.8797285E+001  0.1051205E+002 -0.6029039E+001  0.0000000E+000
   3.000    03012000  0.1105787E+005  0.3941839E+003  0.8801907E+001  0.1615101E+002 -0.1039083E+002  0.0000000E+000
   4.000    04012000  0.1105705E+005  0.3939883E+003  0.8801965E+001  0.1920452E+002 -0.1430980E+002  0.0000000E+000
   5.000    05012000  0.1105798E+005  0.3939923E+003  0.8784316E+001  0.2219073E+002 -0.1579152E+002  0.0000000E+000
   6.000    06012000  0.1105918E+005  0.3941967E+003  0.8776546E+001  0.2547468E+002 -0.1718685E+002  0.0000000E+000
   7.000    07012000  0.1106100E+005  0.3944909E+003  0.8769501E+001  0.2989560E+002 -0.1903205E+002  0.0000000E+000
   8.000    08012000  0.1106217E+005  0.3948553E+003  0.8761558E+001  0.3346905E+002 -0.2056771E+002  0.0000000E+000
   9.000    09012000  0.1106170E+005  0.3952397E+003  0.8757267E+001  0.3529201E+002 -0.2213537E+002  0.0000000E+000
  10.000    10012000  0.1106250E+005  0.3954565E+003  0.8762335E+001  0.3964658E+002 -0.2534456E+002  0.0000000E+000
  11.000    11012000  0.1106431E+005  0.3956240E+003  0.8757697E+001  0.4469593E+002 -0.2824492E+002  0.0000000E+000
  12.000    12012000  0.1106591E+005  0.3958821E+003  0.8750715E+001  0.4906053E+002 -0.3030270E+002  0.0000000E+000
  13.000    13012000  0.1106758E+005  0.3961113E+003  0.8748998E+001  0.5414908E+002 -0.3325793E+002  0.0000000E+000
  14.000    14012000  0.1106700E+005  0.3964214E+003  0.8736552E+001  0.5572240E+002 -0.3441677E+002  0.0000000E+000
  15.000    15012000  0.1106706E+005  0.3967915E+003  0.8726764E+001  0.5787803E+002 -0.3555116E+002  0.0000000E+000
  16.000    16012000  0.1106902E+005  0.3972066E+003  0.8724745E+001  0.6286662E+002 -0.3782392E+002  0.0000000E+000
  17.000    17012000  0.1106925E+005  0.3976344E+003  0.8713479E+001  0.6539351E+002 -0.3911030E+002  0.0000000E+000
  18.000    18012000  0.1106732E+005  0.3980593E+003  0.8701222E+001  0.6551716E+002 -0.4003419E+002  0.0000000E+000
  19.000    19012000  0.1106645E+005  0.3984690E+003  0.8688698E+001  0.6683702E+002 -0.4109530E+002  0.0000000E+000
  20.000    20012000  0.1106668E+005  0.3989008E+003  0.8677827E+001  0.6932753E+002 -0.4228651E+002  0.0000000E+000
  21.000    21012000  0.1106539E+005  0.3993371E+003  0.8666040E+001  0.7011172E+002 -0.4324099E+002  0.0000000E+000
  22.000    22012000  0.1106403E+005  0.3997522E+003  0.8654329E+001  0.7080219E+002 -0.4418371E+002  0.0000000E+000
  23.000    23012000  0.1106239E+005  0.4001458E+003  0.8640928E+001  0.7132856E+002 -0.4520094E+002  0.0000000E+000
  24.000    24012000  0.1106095E+005  0.4005189E+003  0.8627577E+001  0.7204980E+002 -0.4624622E+002  0.0000000E+000
  25.000    25012000  0.1105943E+005  0.4008719E+003  0.8615095E+001  0.7255325E+002 -0.4720831E+002  0.0000000E+000
  26.000    26012000  0.1105817E+005  0.4012068E+003  0.8603514E+001  0.7323523E+002 -0.4814741E+002  0.0000000E+000
  27.000    27012000  0.1105686E+005  0.4015271E+003  0.8592345E+001  0.7380859E+002 -0.4906152E+002  0.0000000E+000
  28.000    28012000  0.1105649E+005  0.4018460E+003  0.8583594E+001  0.7524290E+002 -0.5000107E+002  0.0000000E+000
  29.000    29012000  0.1105577E+005  0.4021741E+003  0.8572934E+001  0.7646537E+002 -0.5097906E+002  0.0000000E+000
  30.000    30012000  0.1104685E+005  0.4022241E+003  0.8553739E+001  0.7699153E+002 -0.5201925E+002  0.0000000E+000
  31.000    31012000  0.1104595E+005  0.4025279E+003  0.8540921E+001  0.7817811E+002 -0.5307693E+002  0.0000000E+000
  32.000    01022000  0.1104572E+005  0.4028427E+003  0.8530192E+001  0.7996794E+002 -0.5414767E+002  0.0000000E+000
  33.000    02022000  0.1104591E+005  0.4031797E+003  0.8520544E+001  0.8217582E+002 -0.5523482E+002  0.0000000E+000
  34.000    03022000  0.1104727E+005  0.4035508E+003  0.8513661E+001  0.8586297E+002 -0.5671527E+002  0.0000000E+000
  35.000    04022000  0.1104889E+005  0.4039480E+003  0.8505745E+001  0.8997608E+002 -0.5828039E+002  0.0000000E+000
  36.000    05022000  0.1104959E+005  0.4043698E+003  0.8497000E+001  0.9299364E+002 -0.5961426E+002  0.0000000E+000
  37.000    06022000  0.1105067E+005  0.4048100E+003  0.8488816E+001  0.9657082E+002 -0.6112169E+002  0.0000000E+000
  38.000    07022000  0.1105227E+005  0.4052529E+003  0.8482009E+001  0.1011100E+003 -0.6311709E+002  0.0000000E+000
  39.000    08022000  0.1105383E+005  0.4057038E+003  0.8474649E+001  0.1051778E+003 -0.6466243E+002  0.0000000E+000
  40.000    09022000  0.1105561E+005  0.4061759E+003  0.8467739E+001  0.1097510E+003 -0.6647271E+002  0.0000000E+000
  41.000    10022000  0.1105812E+005  0.4066372E+003  0.8467160E+001  0.1157364E+003 -0.6911087E+002  0.0000000E+000
  42.000    11022000  0.1106059E+005  0.4070252E+003  0.8472276E+001  0.1221908E+003 -0.7253215E+002  0.0000000E+000
  43.000    12022000  0.1105916E+005  0.4073385E+003  0.8456136E+001  0.1229751E+003 -0.7382860E+002  0.0000000E+000
  44.000    13022000  0.1105795E+005  0.4076561E+003  0.8444043E+001  0.1239430E+003 -0.7498339E+002  0.0000000E+000
  45.000    14022000  0.1106004E+005  0.4079642E+003  0.8448481E+001  0.1293163E+003 -0.7771182E+002  0.0000000E+000
  46.000    15022000  0.1106241E+005  0.4082904E+003  0.8438498E+001  0.1341887E+003 -0.7947194E+002  0.0000000E+000
  47.000    16022000  0.1106523E+005  0.4085787E+003  0.8441534E+001  0.1405300E+003 -0.8239851E+002  0.0000000E+000
  48.000    17022000  0.1106733E+005  0.4088370E+003  0.8433278E+001  0.1450676E+003 -0.8423023E+002  0.0000000E+000
  49.000    18022000  0.1106664E+005  0.4091916E+003  0.8426228E+001  0.1465602E+003 -0.8555232E+002  0.0000000E+000
  50.000    19022000  0.1106837E+005  0.4094400E+003  0.8426255E+001  0.1519714E+003 -0.8876208E+002  0.0000000E+000
  51.000    20022000  0.1107021E+005  0.4097237E+003  0.8419149E+001  0.1562473E+003 -0.9041732E+002  0.0000000E+000
  52.000    21022000  0.1107196E+005  0.4101076E+003  0.8411901E+001  0.1604161E+003 -0.9193698E+002  0.0000000E+000
  53.000    22022000  0.1107391E+005  0.4105467E+003  0.8405877E+001  0.1650673E+003 -0.9371211E+002  0.0000000E+000
  54.000    23022000  0.1107617E+005  0.4109728E+003  0.8401919E+001  0.1706476E+003 -0.9620045E+002  0.0000000E+000
  55.000    24022000  0.1107889E+005  0.4112538E+003  0.8406934E+001  0.1775256E+003 -0.9978964E+002  0.0000000E+000
  56.000    25022000  0.1108094E+005  0.4112891E+003  0.8412498E+001  0.1843401E+003 -0.1043534E+003  0.0000000E+000
  57.000    26022000  0.1108343E+005  0.4111729E+003  0.8416420E+001  0.1911450E+003 -0.1086201E+003  0.0000000E+000
  58.000    27022000  0.1108607E+005  0.4110379E+003  0.8419609E+001  0.1975503E+003 -0.1123652E+003  0.0000000E+000
  59.000    28022000  0.1108909E+005  0.4110267E+003  0.8404163E+001  0.2033437E+003 -0.1149250E+003  0.0000000E+000
  60.000    29022000  0.1108432E+005  0.4109473E+003  0.8392848E+001  0.2089274E+003 -0.1173124E+003  0.0000000E+000
  61.000    01032000  0.1108747E+005  0.4111738E+003  0.8395750E+001  0.2161045E+003 -0.1208435E+003  0.0000000E+000
  62.000    02032000  0.1109050E+005  0.4113723E+003  0.8392707E+001  0.2221748E+003 -0.1235386E+003  0.0000000E+000
  63.000    03032000  0.1109361E+005  0.4116959E+003  0.8387671E+001  0.2282850E+003 -0.1258868E+003  0.0000000E+000
  64.000    04032000  0.1109555E+005  0.4121051E+003  0.8381910E+001  0.2329559E+003 -0.1277992E+003  0.0000000E+000
  65.000    05032000  0.1109814E+005  0.4125197E+003  0.8383783E+001  0.2393416E+003 -0.1308726E+003  0.0000000E+000
  66.000    06032000  0.1110118E+005  0.4128447E+003  0.8381066E+001  0.2463773E+003 -0.1343676E+003  0.0000000E+000
  67.000    07032000  0.1110375E+005  0.4131200E+003  0.8384262E+001  0.2532714E+003 -0.1382083E+003  0.0000000E+000
  68.000    08032000  0.1110533E+005  0.4131888E+003  0.8389615E+001  0.2604624E+003 -0.1436294E+003  0.0000000E+000
  69.000    09032000  0.1110809E+005  0.4131146E+003  0.8393394E+001  0.2684275E+003 -0.1487799E+003  0.0000000E+000
  70.000    10032000  0.1111161E+005  0.4130175E+003  0.8396054E+001  0.2765254E+003 -0.1533479E+003  0.0000000E+000
  71.000    11032000  0.1111497E+005  0.4129689E+003  0.8398761E+001  0.2845377E+003 -0.1579419E+003  0.0000000E+000
  72.000    12032000  0.1111810E+005  0.4130627E+003  0.8381766E+001  0.2901099E+003 -0.1600496E+003  0.0000000E+000
  73.000    13032000  0.1112034E+005  0.4133819E+003  0.8374054E+001  0.2947244E+003 -0.1616242E+003  0.0000000E+000
  74.000    14032000  0.1112314E+005  0.4138125E+003  0.8368764E+001  0.3005275E+003 -0.1637935E+003  0.0000000E+000
  75.000    15032000  0.1112648E+005  0.4142644E+003  0.8371058E+001  0.3077157E+003 -0.1669469E+003  0.0000000E+000
  76.000    16032000  0.1112749E+005  0.4146140E+003  0.8376431E+001  0.3129323E+003 -0.1706836E+003  0.0000000E+000
  77.000    17032000  0.1113104E+005  0.4147832E+003  0.8367812E+001  0.3201951E+003 -0.1740396E+003  0.0000000E+000
  78.000    18032000  0.1113285E+005  0.4151634E+003  0.8359678E+001  0.3244243E+003 -0.1755878E+003  0.0000000E+000
  79.000    19032000  0.1113495E+005  0.4156409E+003  0.8358395E+001  0.3294073E+003 -0.1776455E+003  0.0000000E+000
  80.000    20032000  0.1113506E+005  0.4160803E+003  0.8358614E+001  0.3322417E+003 -0.1798007E+003  0.0000000E+000
  81.000    21032000  0.1113570E+005  0.4165206E+003  0.8355458E+001  0.3374920E+003 -0.1818562E+003  0.0000000E+000
  82.000    22032000  0.1113845E+005  0.4169802E+003  0.8381573E+001  0.3431265E+003 -0.1841793E+003  0.0000000E+000
  83.000    23032000  0.1114200E+005  0.4174199E+003  0.8409794E+001  0.3501531E+003 -0.1871406E+003  0.0000000E+000
  84.000    24032000  0.1114585E+005  0.4178600E+003  0.8441489E+001  0.3581826E+003 -0.1908230E+003  0.0000000E+000
  85.000    25032000  0.1114864E+005  0.4181587E+003  0.8478097E+001  0.3665081E+003 -0.1960999E+003  0.0000000E+000
  86.000    26032000  0.1115219E+005  0.4183001E+003  0.8500223E+001  0.3744032E+003 -0.2003055E+003  0.0000000E+000
  87.000    27032000  0.1115414E+005  0.4185186E+003  0.8516995E+001  0.3796230E+003 -0.2032888E+003  0.0000000E+000
  88.000    28032000  0.1115838E+005  0.4187443E+003  0.8532210E+001  0.3872694E+003 -0.2064186E+003  0.0000000E+000
  89.000    29032000  0.1116259E+005  0.4190738E+003  0.8542039E+001  0.3944212E+003 -0.2089430E+003  0.0000000E+000
  90.000    30032000  0.1115831E+005  0.4191848E+003  0.8548046E+001  0.4005878E+003 -0.2115096E+003  0.0000000E+000
  91.000    31032000  0.1116254E+005  0.4196100E+003  0.8564085E+001  0.4084726E+003 -0.2146704E+003  0.0000000E+000
  92.000    01042000  0.1116650E+005  0.4200505E+003  0.8581380E+001  0.4167723E+003 -0.2184929E+003  0.0000000E+000
  93.000    02042000  0.1116871E+005  0.4203786E+003  0.8605082E+001  0.4232595E+003 -0.2224075E+003  0.0000000E+000
  94.000    03042000  0.1117218E+005  0.4205137E+003  0.8639770E+001  0.4324687E+003 -0.2280776E+003  0.0000000E+000
  95.000    04042000  0.1117552E+005  0.4205483E+003  0.8654590E+001  0.4394675E+003 -0.2316820E+003  0.0000000E+000
  96.000    05042000  0.1117982E+005  0.4208024E+003  0.8660858E+001  0.4465175E+003 -0.2340857E+003  0.0000000E+000
  97.000    06042000  0.1118338E+005  0.4211083E+003  0.8679878E+001  0.4551626E+003 -0.2389006E+003  0.0000000E+000
  98.000    07042000  0.1118595E+005  0.4212269E+003  0.8699784E+001  0.4637220E+003 -0.2448892E+003  0.0000000E+000
  99.000    08042000  0.1118915E+005  0.4212621E+003  0.8707815E+001  0.4702446E+003 -0.2481503E+003  0.0000000E+000
 100.000    09042000  0.1119351E+005  0.4214830E+003  0.8712488E+001  0.4771821E+003 -0.2504161E+003  0.0000000E+000
 101.000    10042000  0.1119807E+005  0.4217953E+003  0.8725548E+001  0.4859402E+003 -0.2543015E+003  0.0000000E+000
 102.000    11042000  0.1120201E+005  0.4220359E+003  0.8742604E+001  0.4949640E+003 -0.2591915E+003  0.0000000E+000
 103.000    12042000  0.1120659E+005  0.4221836E+003  0.8758670E+001  0.5043969E+003 -0.2639356E+003  0.0000000E+000
 104.000    13042000  0.1120692E+005  0.4223904E+003  0.8758741E+001  0.5066691E+003 -0.2655343E+003  0.0000000E+000
 105.000    14042000  0.1120865E+005  0.4226860E+003  0.8762170E+001  0.5108018E+003 -0.2675202E+003  0.0000000E+000
 106.000    15042000  0.1121119E+005  0.4229452E+003  0.8778048E+001  0.5171733E+003 -0.2710646E+003  0.0000000E+000
 107.000    16042000  0.1121645E+005  0.4231123E+003  0.8799833E+001  0.5278438E+003 -0.2763732E+003  0.0000000E+000
 108.000    17042000  0.1122109E+005  0.4232184E+003  0.8815545E+001  0.5376551E+003 -0.2814952E+003  0.0000000E+000
 109.000    18042000  0.1122309E+005  0.4233672E+003  0.8817655E+001  0.5420917E+003 -0.2836969E+003  0.0000000E+000
 110.000    19042000  0.1122846E+005  0.4236400E+003  0.8829242E+001  0.5514608E+003 -0.2873986E+003  0.0000000E+000
 111.000    20042000  0.1123316E+005  0.4239258E+003  0.8845198E+001  0.5612331E+003 -0.2922058E+003  0.0000000E+000
 112.000    21042000  0.1123792E+005  0.4240873E+003  0.8860755E+001  0.5711667E+003 -0.2972572E+003  0.0000000E+000
 113.000    22042000  0.1124357E+005  0.4243591E+003  0.8867187E+001  0.5800738E+003 -0.3001693E+003  0.0000000E+000
 114.000    23042000  0.1124891E+005  0.4247410E+003  0.8877789E+001  0.5895092E+003 -0.3038358E+003  0.0000000E+000
 115.000    24042000  0.1125284E+005  0.4251475E+003  0.8888903E+001  0.5974078E+003 -0.3073406E+003  0.0000000E+000
 116.000    25042000  0.1125387E+005  0.4255004E+003  0.8894092E+001  0.6013525E+003 -0.3097881E+003  0.0000000E+000
 117.000    26042000  0.1125851E+005  0.4259295E+003  0.8902284E+001  0.6092667E+003 -0.3125157E+003  0.0000000E+000
 118.000    27042000  0.1126313E+005  0.4263832E+003  0.8913977E+001  0.6177849E+003 -0.3158688E+003  0.0000000E+000
 119.000    28042000  0.1126296E+005  0.4267835E+003  0.8922136E+001  0.6209030E+003 -0.3186373E+003  0.0000000E+000
 120.000    29042000  0.1126876E+005  0.4271801E+003  0.8933460E+001  0.6306822E+003 -0.3221158E+003  0.0000000E+000
 121.000    30042000  0.1126580E+005  0.4272912E+003  0.8941680E+001  0.6404232E+003 -0.3268989E+003  0.0000000E+000
 122.000    01052000  0.1126946E+005  0.4275749E+003  0.8957491E+001  0.6501897E+003 -0.3326831E+003  0.0000000E+000
 123.000    02052000  0.1127384E+005  0.4276407E+003  0.8972955E+001  0.6600314E+003 -0.3378755E+003  0.0000000E+000
 124.000    03052000  0.1127835E+005  0.4276982E+003  0.8984795E+001  0.6698799E+003 -0.3429655E+003  0.0000000E+000
 125.000    04052000  0.1128303E+005  0.4278115E+003  0.8995123E+001  0.6798256E+003 -0.3479429E+003  0.0000000E+000
 126.000    05052000  0.1128698E+005  0.4278908E+003  0.9006461E+001  0.6896748E+003 -0.3535946E+003  0.0000000E+000
 127.000    06052000  0.1129022E+005  0.4278578E+003  0.9018140E+001  0.6996091E+003 -0.3601712E+003  0.0000000E+000
 128.000    07052000  0.1129318E+005  0.4277460E+003  0.9026728E+001  0.7089777E+003 -0.3665555E+003  0.0000000E+000
 129.000    08052000  0.1129693E+005  0.4276216E+003  0.9034505E+001  0.7189104E+003 -0.3727494E+003  0.0000000E+000
 130.000    09052000  0.1130097E+005  0.4275008E+003  0.9041959E+001  0.7290100E+003 -0.3788162E+003  0.0000000E+000
 131.000    10052000  0.1130523E+005  0.4273964E+003  0.9049426E+001  0.7393325E+003 -0.3848799E+003  0.0000000E+000
 132.000    11052000  0.1131003E+005  0.4273678E+003  0.9054517E+001  0.7490405E+003 -0.3897085E+003  0.0000000E+000
 133.000    12052000  0.1131343E+005  0.4273532E+003  0.9063537E+001  0.7592184E+003 -0.3963988E+003  0.0000000E+000
 134.000    13052000  0.1131572E+005  0.4272049E+003  0.9070818E+001  0.7686784E+003 -0.4036318E+003  0.0000000E+000
 135.000    14052000  0.1132093E+005  0.4270970E+003  0.9074849E+001  0.7787093E+003 -0.4084532E+003  0.0000000E+000
 136.000    15052000  0.1132682E+005  0.4271590E+003  0.9078776E+001  0.7886194E+003 -0.4123138E+003  0.0000000E+000
 137.000    16052000  0.1133218E+005  0.4273534E+003  0.9085039E+001  0.7986025E+003 -0.4166387E+003  0.0000000E+000
 138.000    17052000  0.1133753E+005  0.4275683E+003  0.9095620E+001  0.8095868E+003 -0.4219627E+003  0.0000000E+000
 139.000    18052000  0.1134101E+005  0.4276317E+003  0.9107455E+001  0.8202029E+003 -0.4289478E+003  0.0000000E+000
 140.000    19052000  0.1134365E+005  0.4275355E+003  0.9115382E+001  0.8299563E+003 -0.4360705E+003  0.0000000E+000
 141.000    20052000  0.1134672E+005  0.4273957E+003  0.9120966E+001  0.8394976E+003 -0.4425989E+003  0.0000000E+000
 142.000    21052000  0.1135194E+005  0.4272961E+003  0.9127348E+001  0.8496117E+003 -0.4475005E+003  0.0000000E+000
 143.000    22052000  0.1135795E+005  0.4272476E+003  0.9135439E+001  0.8610882E+003 -0.4529283E+003  0.0000000E+000
 144.000    23052000  0.1136345E+005  0.4273222E+003  0.9144010E+001  0.8718141E+003 -0.4579760E+003  0.0000000E+000
 145.000    24052000  0.1136677E+005  0.4273000E+003  0.9154435E+001  0.8825882E+003 -0.4653579E+003  0.0000000E+000
 146.000    25052000  0.1137226E+005  0.4272099E+003  0.9161961E+001  0.8938308E+003 -0.4711145E+003  0.0000000E+000
 147.000    26052000  0.1137750E+005  0.4272071E+003  0.9167496E+001  0.9045459E+003 -0.4764928E+003  0.0000000E+000
 148.000    27052000  0.1138227E+005  0.4272171E+003  0.9175541E+001  0.9158963E+003 -0.4829754E+003  0.0000000E+000
 149.000    28052000  0.1138650E+005  0.4271595E+003  0.9182756E+001  0.9253883E+003 -0.4882002E+003  0.0000000E+000
 150.000    29052000  0.1139163E+005  0.4271988E+003  0.9185911E+001  0.9339762E+003 -0.4915270E+003  0.0000000E+000
 151.000    30052000  0.1139096E+005  0.4271589E+003  0.9184285E+001  0.9446583E+003 -0.4949823E+003  0.0000000E+000
 152.000    31052000  0.1139612E+005  0.4274609E+003  0.9192517E+001  0.9556001E+003 -0.5003713E+003  0.0000000E+000
 153.000    01062000  0.1139925E+005  0.4275741E+003  0.9201904E+001  0.9664876E+003 -0.5079278E+003  0.0000000E+000
 154.000    02062000  0.1140112E+005  0.4274592E+003  0.9208729E+001  0.9767401E+003 -0.5163354E+003  0.0000000E+000
 155.000    03062000  0.1140400E+005  0.4272891E+003  0.9213436E+001  0.9864466E+003 -0.5232490E+003  0.0000000E+000
 156.000    04062000  0.1140845E+005  0.4272066E+003  0.9218147E+001  0.9959675E+003 -0.5283088E+003  0.0000000E+000
 157.000    05062000  0.1141035E+005  0.4271559E+003  0.9223978E+001  0.1002785E+004 -0.5331881E+003  0.0000000E+000
 158.000    06062000  0.1141699E+005  0.4271582E+003  0.9228851E+001  0.1014508E+004 -0.5381773E+003  0.0000000E+000
 159.000    07062000  0.1142252E+005  0.4273323E+003  0.9233020E+001  0.1025099E+004 -0.5429749E+003  0.0000000E+000
 160.000    08062000  0.1142710E+005  0.4275384E+003  0.9238254E+001  0.1035663E+004 -0.5486603E+003  0.0000000E+000
 161.000    09062000  0.1143033E+005  0.4276379E+003  0.9244214E+001  0.1046180E+004 -0.5557620E+003  0.0000000E+000
 162.000    10062000  0.1143325E+005  0.4275955E+003  0.9248953E+001  0.1056494E+004 -0.5631176E+003  0.0000000E+000
 163.000    11062000  0.1143630E+005  0.4274882E+003  0.9252718E+001  0.1066877E+004 -0.5704734E+003  0.0000000E+000
 164.000    12062000  0.1143977E+005  0.4273372E+003  0.9256318E+001  0.1077801E+004 -0.5780006E+003  0.0000000E+000
 165.000    13062000  0.1144164E+005  0.4271003E+003  0.9259051E+001  0.1087935E+004 -0.5863993E+003  0.0000000E+000
 166.000    14062000  0.1144364E+005  0.4268128E+003  0.9261042E+001  0.1096475E+004 -0.5931107E+003  0.0000000E+000
 167.000    15062000  0.1144823E+005  0.4265632E+003  0.9263859E+001  0.1107626E+004 -0.5997900E+003  0.0000000E+000
 168.000    16062000  0.1145289E+005  0.4263269E+003  0.9267291E+001  0.1119466E+004 -0.6070518E+003  0.0000000E+000
 169.000    17062000  0.1145678E+005  0.4260464E+003  0.9270306E+001  0.1130887E+004 -0.6147061E+003  0.0000000E+000
 170.000    18062000  0.1146015E+005  0.4257196E+003  0.9272755E+001  0.1141583E+004 -0.6221820E+003  0.0000000E+000
 171.000    19062000  0.1146421E+005  0.4253933E+003  0.9275651E+001  0.1152048E+004 -0.6287288E+003  0.0000000E+000
 172.000    20062000  0.1146797E+005  0.4251053E+003  0.9278309E+001  0.1161024E+004 -0.6340358E+003  0.0000000E+000
 173.000    21062000  0.1147235E+005  0.4248132E+003  0.9281624E+001  0.1172588E+004 -0.6413137E+003  0.0000000E+000
 174.000    22062000  0.1147649E+005  0.4244578E+003  0.9283935E+001  0.1183854E+004 -0.6485941E+003  0.0000000E+000
 175.000    23062000  0.1147974E+005  0.4241202E+003  0.9285418E+001  0.1194285E+004 -0.6558976E+003  0.0000000E+000
 176.000    24062000  0.1148304E+005  0.4237590E+003  0.9286763E+001  0.1204976E+004 -0.6634365E+003  0.0000000E+000
 177.000    25062000  0.1148578E+005  0.4233383E+003  0.9287900E+001  0.1215391E+004 -0.6713036E+003  0.0000000E+000
 178.000    26062000  0.1148927E+005  0.4228900E+003  0.9288804E+001  0.1226341E+004 -0.6789672E+003  0.0000000E+000
 179.000    27062000  0.1149293E+005  0.4224548E+003  0.9289692E+001  0.1236840E+004 -0.6859825E+003  0.0000000E+000
 180.000    28062000  0.1149615E+005  0.4220372E+003  0.9290773E+001  0.1245942E+004 -0.6920225E+003  0.0000000E+000
 181.000    29062000  0.1150047E+005  0.4216486E+003  0.9291835E+001  0.1255715E+004 -0.6976129E+003  0.0000000E+000
 182.000    30062000  0.1149817E+005  0.4210989E+003  0.9286485E+001  0.1267054E+004 -0.7036422E+003  0.0000000E+000
 183.000    01072000  0.1150315E+005  0.4208986E+003  0.9287307E+001  0.1278326E+004 -0.7099089E+003  0.0000000E+000
 184.000    02072000  0.1150677E+005  0.4206940E+003  0.9287988E+001  0.1288930E+004 -0.7168818E+003  0.0000000E+000
 185.000    03072000  0.1151051E+005  0.4204040E+003  0.9288501E+001  0.1300097E+004 -0.7243819E+003  0.0000000E+000
 186.000    04072000  0.1151381E+005  0.4200387E+003  0.9288765E+001  0.1310908E+004 -0.7320459E+003  0.0000000E+000
 187.000    05072000  0.1151815E+005  0.4196245E+003  0.9288897E+001  0.1322245E+004 -0.7392246E+003  0.0000000E+000
 188.000    06072000  0.1152330E+005  0.4192081E+003  0.9288997E+001  0.1334395E+004 -0.7463947E+003  0.0000000E+000
 189.000    07072000  0.1152802E+005  0.4188449E+003  0.9289104E+001  0.1345486E+004 -0.7528838E+003  0.0000000E+000
 190.000    08072000  0.1153252E+005  0.4185240E+003  0.9289202E+001  0.1356709E+004 -0.7596830E+003  0.0000000E+000
 191.000    09072000  0.1153613E+005  0.4181476E+003  0.9289265E+001  0.1368138E+004 -0.7676375E+003  0.0000000E+000
 192.000    10072000  0.1153826E+005  0.4176644E+003  0.9289100E+001  0.1378613E+004 -0.7762080E+003  0.0000000E+000
 193.000    11072000  0.1154151E+005  0.4171364E+003  0.9288979E+001  0.1389126E+004 -0.7837236E+003  0.0000000E+000
 194.000    12072000  0.1154639E+005  0.4166697E+003  0.9288997E+001  0.1399702E+004 -0.7895940E+003  0.0000000E+000
 195.000    13072000  0.1155007E+005  0.4163235E+003  0.9289211E+001  0.1408810E+004 -0.7950999E+003  0.0000000E+000
 196.000    14072000  0.1155492E+005  0.4159788E+003  0.9289450E+001  0.1420725E+004 -0.8022406E+003  0.0000000E+000
 197.000    15072000  0.1155937E+005  0.4156351E+003  0.9289545E+001  0.1432014E+004 -0.8091675E+003  0.0000000E+000
 198.000    16072000  0.1156323E+005  0.4153233E+003  0.9289600E+001  0.1442665E+004 -0.8160182E+003  0.0000000E+000
 199.000    17072000  0.1156712E+005  0.4150226E+003  0.9289615E+001  0.1453442E+004 -0.8229634E+003  0.0000000E+000
 200.000    18072000  0.1157004E+005  0.4146948E+003  0.9289572E+001  0.1463978E+004 -0.8306676E+003  0.0000000E+000
 201.000    19072000  0.1157296E+005  0.4142833E+003  0.9289498E+001  0.1474820E+004 -0.8387481E+003  0.0000000E+000
 202.000    20072000  0.1157870E+005  0.4139123E+003  0.9289579E+001  0.1486465E+004 -0.8447751E+003  0.0000000E+000
 203.000    21072000  0.1158320E+005  0.4136127E+003  0.9289807E+001  0.1497023E+004 -0.8508925E+003  0.0000000E+000
 204.000    22072000  0.1158841E+005  0.4133490E+003  0.9290132E+001  0.1508254E+004 -0.8569346E+003  0.0000000E+000
 205.000    23072000  0.1159038E+005  0.4130514E+003  0.9290451E+001  0.1516031E+004 -0.8628091E+003  0.0000000E+000
 206.000    24072000  0.1159297E+005  0.4127154E+003  0.9290682E+001  0.1523624E+004 -0.8679215E+003  0.0000000E+000
 207.000    25072000  0.1159482E+005  0.4124170E+003  0.9290880E+001  0.1530001E+004 -0.8725244E+003  0.0000000E+000
 208.000    26072000  0.1159959E+005  0.4121359E+003  0.9291202E+001  0.1540387E+004 -0.8781927E+003  0.0000000E+000
 209.000    27072000  0.1160448E+005  0.4118517E+003  0.9291446E+001  0.1552228E+004 -0.8852146E+003  0.0000000E+000
 210.000    28072000  0.1160756E+005  0.4115045E+003  0.9291476E+001  0.1562886E+004 -0.8929158E+003  0.0000000E+000
 211.000    29072000  0.1161207E+005  0.4111277E+003  0.9291516E+001  0.1574190E+004 -0.8998604E+003  0.0000000E+000
 212.000    30072000  0.1160841E+005  0.4104595E+003  0.9285379E+001  0.1585270E+004 -0.9070455E+003  0.0000000E+000
 213.000    31072000  0.1161224E+005  0.4100099E+003  0.9285546E+001  0.1595852E+004 -0.9139983E+003  0.0000000E+000
 214.000    01082000  0.1161687E+005  0.4095845E+003  0.9285730E+001  0.1606895E+004 -0.9205769E+003  0.0000000E+000
 215.000    02082000  0.1162208E+005  0.4091672E+003  0.9285934E+001  0.1619086E+004 -0.9277039E+003  0.0000000E+000
 216.000    03082000  0.1162703E+005  0.4087480E+003  0.9286196E+001  0.1630828E+004 -0.9346497E+003  0.0000000E+000
 217.000    04082000  0.1163108E+005  0.4083113E+003  0.9286401E+001  0.1641494E+004 -0.9414306E+003  0.0000000E+000
 218.000    05082000  0.1163660E+005  0.4079093E+003  0.9286602E+001  0.1653550E+004 -0.9480935E+003  0.0000000E+000
 219.000    06082000  0.1164023E+005  0.4074825E+003  0.9286739E+001  0.1664922E+004 -0.9559926E+003  0.0000000E+000
 220.000    07082000  0.1164196E+005  0.4069083E+003  0.9286649E+001  0.1674713E+004 -0.9643369E+003  0.0000000E+000
 221.000    08082000  0.1164412E+005  0.4062530E+003  0.9286364E+001  0.1684839E+004 -0.9726337E+003  0.0000000E+000
 222.000    09082000  0.1164627E+005  0.4055797E+003  0.9286075E+001  0.1695071E+004 -0.9810514E+003  0.0000000E+000
 223.000    10082000  0.1165052E+005  0.4049562E+003  0.9285949E+001  0.1705911E+004 -0.9879076E+003  0.0000000E+000
 224.000    11082000  0.1165382E+005  0.4043573E+003  0.9285848E+001  0.1716061E+004 -0.9950088E+003  0.0000000E+000
 225.000    12082000  0.1165831E+005  0.4038499E+003  0.9285800E+001  0.1726353E+004 -0.1000968E+004  0.0000000E+000
 226.000    13082000  0.1166282E+005  0.4034933E+003  0.9285912E+001  0.1735397E+004 -0.1005539E+004  0.0000000E+000
 227.000    14082000  0.1166766E+005  0.4032146E+003  0.9286148E+001  0.1746358E+004 -0.1011646E+004  0.0000000E+000
 228.000    15082000  0.1167103E+005  0.4029029E+003  0.9286284E+001  0.1756559E+004 -0.1018515E+004  0.0000000E+000
 229.000    16082000  0.1167326E+005  0.4024733E+003  0.9286270E+001  0.1766681E+004 -0.1026569E+004  0.0000000E+000
 230.000    17082000  0.1167669E+005  0.4020082E+003  0.9286170E+001  0.1776430E+004 -0.1033076E+004  0.0000000E+000
 231.000    18082000  0.1167901E+005  0.4015207E+003  0.9286156E+001  0.1785239E+004 -0.1039764E+004  0.0000000E+000
 232.000    19082000  0.1168430E+005  0.4011002E+003  0.9286166E+001  0.1795981E+004 -0.1045352E+004  0.0000000E+000
 233.000    20082000  0.1168992E+005  0.4008382E+003  0.9286304E+001  0.1806555E+004 -0.1050292E+004  0.0000000E+000
 234.000    21082000  0.1169527E+005  0.4006883E+003  0.9286552E+001  0.1817220E+004 -0.1055516E+004  0.0000000E+000
 235.000    22082000  0.1169966E+005  0.4005818E+003  0.9286795E+001  0.1827292E+004 -0.1061079E+004  0.0000000E+000
 236.000    23082000  0.1170275E+005  0.4004307E+003  0.9287054E+001  0.1836723E+004 -0.1067375E+004  0.0000000E+000
 237.000    24082000  0.1170651E+005  0.4001679E+003  0.9287315E+001  0.1846793E+004 -0.1073753E+004  0.0000000E+000
 238.000    25082000  0.1171111E+005  0.3998603E+003  0.9287532E+001  0.1857653E+004 -0.1080129E+004  0.0000000E+000
 239.000    26082000  0.1171509E+005  0.3995535E+003  0.9287672E+001  0.1868018E+004 -0.1086621E+004  0.0000000E+000
 240.000    27082000  0.1171797E+005  0.3992116E+003  0.9287882E+001  0.1876581E+004 -0.1092431E+004  0.0000000E+000
 241.000    28082000  0.1172314E+005  0.3989059E+003  0.9288094E+001  0.1887293E+004 -0.1098063E+004  0.0000000E+000
 242.000    29082000  0.1172720E+005  0.3986097E+003  0.9288371E+001  0.1897308E+004 -0.1104102E+004  0.0000000E+000
 243.000    30082000  0.1172135E+005  0.3980131E+003  0.9282495E+001  0.1904867E+004 -0.1109846E+004  0.0000000E+000
 244.000    31082000  0.1172523E+005  0.3976007E+003  0.9282762E+001  0.1915392E+004 -0.1116687E+004  0.0000000E+000
 245.000    01092000  0.1172906E+005  0.3971224E+003  0.9282892E+001  0.1926221E+004 -0.1123918E+004  0.0000000E+000
 246.000    02092000  0.1173192E+005  0.3966344E+003  0.9283028E+001  0.1935105E+004 -0.1130174E+004  0.0000000E+000
 247.000    03092000  0.1173440E+005  0.3961153E+003  0.9283160E+001  0.1943491E+004 -0.1136316E+004  0.0000000E+000
 248.000    04092000  0.1173449E+005  0.3955466E+003  0.9283234E+001  0.1948918E+004 -0.1141939E+004  0.0000000E+000
 249.000    05092000  0.1173503E+005  0.3949923E+003  0.9283101E+001  0.1953074E+004 -0.1145810E+004  0.0000000E+000
 250.000    06092000  0.1173970E+005  0.3946320E+003  0.9281870E+001  0.1961513E+004 -0.1149622E+004  0.0000000E+000
 251.000    07092000  0.1174521E+005  0.3944174E+003  0.9282094E+001  0.1971792E+004 -0.1154327E+004  0.0000000E+000
 252.000    08092000  0.1174914E+005  0.3942356E+003  0.9282379E+001  0.1981488E+004 -0.1160030E+004  0.0000000E+000
 253.000    09092000  0.1175266E+005  0.3940188E+003  0.9282588E+001  0.1991094E+004 -0.1166101E+004  0.0000000E+000
 254.000    10092000  0.1175538E+005  0.3937570E+003  0.9282741E+001  0.1999927E+004 -0.1172257E+004  0.0000000E+000
 255.000    11092000  0.1175918E+005  0.3934592E+003  0.9282849E+001  0.2009631E+004 -0.1178243E+004  0.0000000E+000
 256.000    12092000  0.1176273E+005  0.3931667E+003  0.9282953E+001  0.2019206E+004 -0.1184354E+004  0.0000000E+000
 257.000    13092000  0.1176523E+005  0.3928364E+003  0.9283010E+001  0.2028274E+004 -0.1191038E+004  0.0000000E+000
 258.000    14092000  0.1176800E+005  0.3924415E+003  0.9283105E+001  0.2036837E+004 -0.1197003E+004  0.0000000E+000
 259.000    15092000  0.1177236E+005  0.3920890E+003  0.9283044E+001  0.2046033E+004 -0.1201958E+004  0.0000000E+000
 260.000    16092000  0.1177725E+005  0.3919700E+003  0.9276808E+001  0.2054556E+004 -0.1205370E+004  0.0000000E+000
 261.000    17092000  0.1178199E+005  0.3920381E+003  0.9271661E+001  0.2063317E+004 -0.1209018E+004  0.0000000E+000
 262.000    18092000  0.1178240E+005  0.3921423E+003  0.9271835E+001  0.2067748E+004 -0.1212760E+004  0.0000000E+000
 263.000    19092000  0.1178584E+005  0.3920769E+003  0.9272340E+001  0.2077277E+004 -0.1218765E+004  0.0000000E+000
 264.000    20092000  0.1178869E+005  0.3919150E+003  0.9272633E+001  0.2086522E+004 -0.1225166E+004  0.0000000E+000
 265.000    21092000  0.1179168E+005  0.3916586E+003  0.9272832E+001  0.2095508E+004 -0.1231271E+004  0.0000000E+000
 266.000    22092000  0.1179389E+005  0.3914609E+003  0.9272929E+001  0.2101822E+004 -0.1235426E+004  0.0000000E+000
 267.000    23092000  0.1179544E+005  0.3912488E+003  0.9273186E+001  0.2108207E+004 -0.1240311E+004  0.0000000E+000
 268.000    24092000  0.1179850E+005  0.3909841E+003  0.9273366E+001  0.2117511E+004 -0.1246664E+004  0.0000000E+000
 269.000    25092000  0.1179898E+005  0.3906737E+003  0.9273103E+001  0.2122185E+004 -0.1250994E+004  0.0000000E+000
 270.000    26092000  0.1180241E+005  0.3905168E+003  0.9269196E+001  0.2128656E+004 -0.1253932E+004  0.0000000E+000
 271.000    27092000  0.1180687E+005  0.3905128E+003  0.9268490E+001  0.2136784E+004 -0.1257413E+004  0.0000000E+000
 272.000    28092000  0.1181085E+005  0.3906227E+003  0.9264401E+001  0.2145031E+004 -0.1261321E+004  0.0000000E+000
 273.000    29092000  0.1181489E+005  0.3907717E+003  0.9264865E+001  0.2153370E+004 -0.1265335E+004  0.0000000E+000
 274.000    30092000  0.1181099E+005  0.3906751E+003  0.9259272E+001  0.2161980E+004 -0.1269725E+004  0.0000000E+000
 275.000    01102000  0.1181492E+005  0.3908009E+003  0.9259916E+001  0.2170815E+004 -0.1274397E+004  0.0000000E+000
 276.000    02102000  0.1181788E+005  0.3908806E+003  0.9260506E+001  0.2178826E+004 -0.1279264E+004  0.0000000E+000
 277.000    03102000  0.1181978E+005  0.3908552E+003  0.9261165E+001  0.2186803E+004 -0.1285266E+004  0.0000000E+000
 278.000    04102000  0.1182220E+005  0.3907322E+003  0.9261663E+001  0.2194773E+004 -0.1290847E+004  0.0000000E+000
 279.000    05102000  0.1182441E+005  0.3905853E+003  0.9262140E+001  0.2202605E+004 -0.1296515E+004  0.0000000E+000
 280.000    06102000  0.1182662E+005  0.3904043E+003  0.9262551E+001  0.2210185E+004 -0.1301959E+004  0.0000000E+000
 281.000    07102000  0.1183067E+005  0.3903377E+003  0.9261377E+001  0.2217775E+004 -0.1305422E+004  0.0000000E+000
 282.000    08102000  0.1183246E+005  0.3904529E+003  0.9244538E+001  0.2222116E+004 -0.1307390E+004  0.0000000E+000
 283.000    09102000  0.1183555E+005  0.3907410E+003  0.9225973E+001  0.2228024E+004 -0.1309410E+004  0.0000000E+000
 284.000    10102000  0.1183864E+005  0.3911525E+003  0.9212423E+001  0.2234583E+004 -0.1312064E+004  0.0000000E+000
 285.000    11102000  0.1184120E+005  0.3915775E+003  0.9199617E+001  0.2241161E+004 -0.1315276E+004  0.0000000E+000
 286.000    12102000  0.1184364E+005  0.3919476E+003  0.9193708E+001  0.2247897E+004 -0.1318975E+004  0.0000000E+000
 287.000    13102000  0.1184571E+005  0.3922457E+003  0.9184101E+001  0.2254601E+004 -0.1323004E+004  0.0000000E+000
 288.000    14102000  0.1184756E+005  0.3924513E+003  0.9178010E+001  0.2261299E+004 -0.1327400E+004  0.0000000E+000
 289.000    15102000  0.1184980E+005  0.3926024E+003  0.9171389E+001  0.2268304E+004 -0.1331765E+004  0.0000000E+000
 290.000    16102000  0.1185196E+005  0.3926959E+003  0.9169109E+001  0.2275244E+004 -0.1336298E+004  0.0000000E+000
 291.000    17102000  0.1185499E+005  0.3927720E+003  0.9169195E+001  0.2282740E+004 -0.1340580E+004  0.0000000E+000
 292.000    18102000  0.1185761E+005  0.3927950E+003  0.9170212E+001  0.2290146E+004 -0.1345266E+004  0.0000000E+000
 293.000    19102000  0.1186044E+005  0.3928894E+003  0.9165565E+001  0.2296827E+004 -0.1348858E+004  0.0000000E+000
 294.000    20102000  0.1186350E+005  0.3930873E+003  0.9156101E+001  0.2303755E+004 -0.1352250E+004  0.0000000E+000
 295.000    21102000  0.1186638E+005  0.3933047E+003  0.9151892E+001  0.2311103E+004 -0.1356305E+004  0.0000000E+000
 296.000    22102000  0.1186829E+005  0.3934100E+003  0.9152900E+001  0.2318075E+004 -0.1361186E+004  0.0000000E+000
 297.000    23102000  0.1187130E+005  0.3935473E+003  0.9147877E+001  0.2324629E+004 -0.1364420E+004  0.0000000E+000
 298.000    24102000  0.1187420E+005  0.3937941E+003  0.9139404E+001  0.2331479E+004 -0.1367848E+004  0.0000000E+000
 299.000    25102000  0.1187686E+005  0.3939821E+003  0.9140370E+001  0.2338496E+004 -0.1371937E+004  0.0000000E+000
 300.000    26102000  0.1187950E+005  0.3941858E+003  0.9137795E+001  0.2345181E+004 -0.1375639E+004  0.0000000E+000
 301.000    27102000  0.1188155E+005  0.3943362E+003  0.9138734E+001  0.2351696E+004 -0.1379882E+004  0.0000000E+000
 302.000    28102000  0.1188329E+005  0.3944158E+003  0.9139633E+001  0.2358340E+004 -0.1384623E+004  0.0000000E+000
 303.000    29102000  0.1188570E+005  0.3945810E+003  0.9126004E+001  0.2363906E+004 -0.1387275E+004  0.0000000E+000
 304.000    30102000  0.1188005E+005  0.3945925E+003  0.9106869E+001  0.2369502E+004 -0.1390001E+004  0.0000000E+000
 305.000    31102000  0.1188234E+005  0.3949210E+003  0.9091170E+001  0.2375213E+004 -0.1392671E+004  0.0000000E+000
 306.000    01112000  0.1188435E+005  0.3952847E+003  0.9075778E+001  0.2380840E+004 -0.1395491E+004  0.0000000E+000
 307.000    02112000  0.1188637E+005  0.3956437E+003  0.9061960E+001  0.2386700E+004 -0.1398567E+004  0.0000000E+000
 308.000    03112000  0.1188813E+005  0.3959512E+003  0.9053818E+001  0.2392834E+004 -0.1402314E+004  0.0000000E+000
 309.000    04112000  0.1188951E+005  0.3961363E+003  0.9054865E+001  0.2398475E+004 -0.1406279E+004  0.0000000E+000
 310.000    05112000  0.1189178E+005  0.3963236E+003  0.9046855E+001  0.2404038E+004 -0.1409138E+004  0.0000000E+000
 311.000    06112000  0.1189401E+005  0.3966413E+003  0.9033508E+001  0.2409447E+004 -0.1411601E+004  0.0000000E+000
 312.000    07112000  0.1189426E+005  0.3969209E+003  0.9035027E+001  0.2413165E+004 -0.1414679E+004  0.0000000E+000
 313.000    08112000  0.1189624E+005  0.3970610E+003  0.9037121E+001  0.2419783E+004 -0.1419063E+004  0.0000000E+000
 314.000    09112000  0.1189569E+005  0.3970391E+003  0.9039041E+001  0.2424130E+004 -0.1423884E+004  0.0000000E+000
 315.000    10112000  0.1189787E+005  0.3970116E+003  0.9033120E+001  0.2429773E+004 -0.1427229E+004  0.0000000E+000
 316.000    11112000  0.1189991E+005  0.3971843E+003  0.9020279E+001  0.2434748E+004 -0.1429637E+004  0.0000000E+000
 317.000    12112000  0.1190192E+005  0.3974601E+003  0.9004183E+001  0.2439745E+004 -0.1431924E+004  0.0000000E+000
 318.000    13112000  0.1190374E+005  0.3977943E+003  0.8994655E+001  0.2444918E+004 -0.1434610E+004  0.0000000E+000
 319.000    14112000  0.1190528E+005  0.3981150E+003  0.8987239E+001  0.2449394E+004 -0.1436995E+004  0.0000000E+000
 320.000    15112000  0.1190652E+005  0.3985216E+003  0.8967191E+001  0.2453274E+004 -0.1438693E+004  0.0000000E+000
 321.000    16112000  0.1190691E+005  0.3989771E+003  0.8952845E+001  0.2456203E+004 -0.1440330E+004  0.0000000E+000
 322.000    17112000  0.1190825E+005  0.3994371E+003  0.8945301E+001  0.2460461E+004 -0.1442487E+004  0.0000000E+000
 323.000    18112000  0.1190812E+005  0.3999119E+003  0.8933181E+001  0.2462893E+004 -0.1443938E+004  0.0000000E+000
 324.000    19112000  0.1190616E+005  0.4003725E+003  0.8919638E+001  0.2463633E+004 -0.1445276E+004  0.0000000E+000
 325.000    20112000  0.1190298E+005  0.4008130E+003  0.8907016E+001  0.2465391E+004 -0.1446582E+004  0.0000000E+000
 326.000    21112000  0.1190030E+005  0.4012606E+003  0.8895485E+001  0.2467405E+004 -0.1447825E+004  0.0000000E+000
 327.000    22112000  0.1189824E+005  0.4017161E+003  0.8886047E+001  0.2469794E+004 -0.1449060E+004  0.0000000E+000
 328.000    23112000  0.1189718E+005  0.4021862E+003  0.8877396E+001  0.2473303E+004 -0.1450544E+004  0.0000000E+000
 329.000    24112000  0.1189558E+005  0.4026698E+003  0.8868286E+001  0.2476158E+004 -0.1452005E+004  0.0000000E+000
 330.000    25112000  0.1189272E+005  0.4031266E+003  0.8863350E+001  0.2477648E+004 -0.1453685E+004  0.0000000E+000
 331.000    26112000  0.1189178E+005  0.4035439E+003  0.8860125E+001  0.2481035E+004 -0.1455560E+004  0.0000000E+000
 332.000    27112000  0.1189188E+005  0.4039365E+003  0.8858072E+001  0.2485797E+004 -0.1457968E+004  0.0000000E+000
 333.000    28112000  0.1189173E+005  0.4042939E+003  0.8851775E+001  0.2490218E+004 -0.1460233E+004  0.0000000E+000
 334.000    29112000  0.1189157E+005  0.4046456E+003  0.8849435E+001  0.2494615E+004 -0.1462650E+004  0.0000000E+000
 335.000    30112000  0.1188341E+005  0.4046994E+003  0.8834893E+001  0.2498186E+004 -0.1464409E+004  0.0000000E+000
 336.000    01122000  0.1188309E+005  0.4051012E+003  0.8826127E+001  0.2501608E+004 -0.1465949E+004  0.0000000E+000
 337.000    02122000  0.1188114E+005  0.4056213E+003  0.8814190E+001  0.2503215E+004 -0.1467216E+004  0.0000000E+000
 338.000    03122000  0.1187898E+005  0.4061291E+003  0.8801351E+001  0.2504478E+004 -0.1468389E+004  0.0000000E+000
 339.000    04122000  0.1187838E+005  0.4066397E+003  0.8792291E+001  0.2507199E+004 -0.1469683E+004  0.0000000E+000
 340.000    05122000  0.1187832E+005  0.4071629E+003  0.8784454E+001  0.2510658E+004 -0.1471266E+004  0.0000000E+000
 341.000    06122000  0.1187714E+005  0.4076936E+003  0.8773571E+001  0.2512745E+004 -0.1472514E+004  0.0000000E+000
 342.000    07122000  0.1187721E+005  0.4082295E+003  0.8765035E+001  0.2516325E+004 -0.1474146E+004  0.0000000E+000
 343.000    08122000  0.1187763E+005  0.4087569E+003  0.8758165E+001  0.2520558E+004 -0.1476211E+004  0.0000000E+000
 344.000    09122000  0.1187770E+005  0.4092767E+003  0.8749960E+001  0.2523901E+004 -0.1477732E+004  0.0000000E+000
 345.000    10122000  0.1187572E+005  0.4097901E+003  0.8737599E+001  0.2525035E+004 -0.1478972E+004  0.0000000E+000
 346.000    11122000  0.1187503E+005  0.4102870E+003  0.8733118E+001  0.2527377E+004 -0.1480525E+004  0.0000000E+000
 347.000    12122000  0.1187555E+005  0.4106480E+003  0.8729394E+001  0.2531587E+004 -0.1482970E+004  0.0000000E+000
 348.000    13122000  0.1187433E+005  0.4110795E+003  0.8718229E+001  0.2533233E+004 -0.1484210E+004  0.0000000E+000
 349.000    14122000  0.1187326E+005  0.4115233E+003  0.8709793E+001  0.2535013E+004 -0.1485584E+004  0.0000000E+000
 350.000    15122000  0.1187366E+005  0.4119635E+003  0.8702215E+001  0.2538407E+004 -0.1487174E+004  0.0000000E+000
 351.000    16122000  0.1187261E+005  0.4124111E+003  0.8694706E+001  0.2540195E+004 -0.1488621E+004  0.0000000E+000
 352.000    17122000  0.1187263E+005  0.4126329E+003  0.8690857E+001  0.2543832E+004 -0.1491265E+004  0.0000000E+000
 353.000    18122000  0.1187228E+005  0.4130184E+003  0.8680880E+001  0.2546098E+004 -0.1492502E+004  0.0000000E+000
 354.000    19122000  0.1187073E+005  0.4134339E+003  0.8668583E+001  0.2547226E+004 -0.1493686E+004  0.0000000E+000
 355.000    20122000  0.1186899E+005  0.4138385E+003  0.8657109E+001  0.2547906E+004 -0.1494664E+004  0.0000000E+000
 356.000    21122000  0.1186822E+005  0.4142405E+003  0.8647206E+001  0.2549564E+004 -0.1495750E+004  0.0000000E+000
 357.000    22122000  0.1186754E+005  0.4146581E+003  0.8635987E+001  0.2551422E+004 -0.1496894E+004  0.0000000E+000
 358.000    23122000  0.1186602E+005  0.4150728E+003  0.8625066E+001  0.2552234E+004 -0.1497846E+004  0.0000000E+000
 359.000    24122000  0.1186609E+005  0.4154915E+003  0.8616888E+001  0.2554784E+004 -0.1499080E+004  0.0000000E+000
 360.000    25122000  0.1186439E+005  0.4159041E+003  0.8604681E+001  0.2555488E+004 -0.1500077E+004  0.0000000E+000
 361.000    26122000  0.1186278E+005  0.4162931E+003  0.8593270E+001  0.2556166E+004 -0.1501035E+004  0.0000000E+000
 362.000    27122000  0.1186260E+005  0.4166838E+003  0.8583215E+001  0.2558468E+004 -0.1502254E+004  0.0000000E+000
 363.000    28122000  0.1186155E+005  0.4170808E+003  0.8570725E+001  0.2559888E+004 -0.1503358E+004  0.0000000E+000
 364.000    29122000  0.1186071E+005  0.4174769E+003  0.8559679E+001  0.2561376E+004 -0.1504405E+004  0.0000000E+000
 365.000    30122000  0.1185164E+005  0.4175857E+003  0.8542702E+001  0.2562252E+004 -0.1505348E+004  0.0000000E+000
 366.000    31122000  0.1185080E+005  0.4179587E+003  0.8531869E+001  0.2563505E+004 -0.1506336E+004  0.0000000E+000
