    DOY     DATE    RESIDUE_C       HUMUS_C         ATM_CO2         NBP             ECO_LAI         ECO_GPP         ECO_RA          ECO_NPP         ECO_RH          
  30.000    30011949  0.1807025E+004  0.8409596E+004  0.3406120E+003 -0.4839340E+002  0.0000000E+000  0.0000000E+000  0.0000000E+000  0.0000000E+000 -0.4071784E+002
  60.000    01031949  0.1748988E+004  0.8414429E+004  0.3406120E+003 -0.1046678E+003  0.0000000E+000  0.0000000E+000  0.0000000E+000  0.0000000E+000 -0.9392364E+002
  90.000    31031949  0.1685688E+004  0.8418637E+004  0.3406120E+003 -0.1668617E+003  0.6247087E-001  0.8465541E-002 -0.2424986E-001 -0.1578432E-001 -0.1530193E+003
 120.000    30041949  0.1611600E+004  0.8421316E+004  0.3406120E+003 -0.2385967E+003  0.2670685E+000  0.2234521E+000 -0.1653480E+000  0.5810406E-001 -0.2244474E+003
 150.000    30051949  0.1518731E+004  0.8417594E+004  0.3406120E+003 -0.3309746E+003  0.6614548E+000  0.1031514E+001 -0.4673551E+000  0.5641592E+000 -0.3210573E+003
 180.000    29061949  0.1430772E+004  0.8404117E+004  0.3406120E+003 -0.4318827E+003  0.1156539E+001  0.3339594E+001 -0.1457401E+001  0.1882193E+001 -0.4225170E+003
 210.000    29071949  0.1348653E+004  0.8380560E+004  0.3406120E+003 -0.5361280E+003  0.1500978E+001  0.7424163E+001 -0.2740537E+001  0.4683626E+001 -0.5281805E+003
 240.000    28081949  0.1268396E+004  0.8352747E+004  0.3406120E+003 -0.6416181E+003  0.1613245E+001  0.1190134E+002 -0.4169448E+001  0.7731892E+001 -0.6364485E+003
 270.000    27091949  0.1207401E+004  0.8330737E+004  0.3406120E+003 -0.7250956E+003  0.1512964E+001  0.1545636E+002 -0.5306170E+001  0.1015019E+002 -0.7196593E+003
 300.000    27101949  0.1151572E+004  0.8317923E+004  0.3406120E+003 -0.7924117E+003  0.1524031E+001  0.1782183E+002 -0.6144297E+001  0.1167753E+002 -0.7891869E+003
 330.000    26111949  0.1111648E+004  0.8315644E+004  0.3406120E+003 -0.8356911E+003  0.1608868E+001  0.1938673E+002 -0.6639821E+001  0.1274691E+002 -0.8340200E+003
 360.000    26121949  0.1079835E+004  0.8316435E+004  0.3406120E+003 -0.8716793E+003  0.1674275E+001  0.2069271E+002 -0.7082027E+001  0.1361069E+002 -0.8675077E+003
