    DOY     DATE    RESIDUE_C       HUMUS_C         ATM_CO2         NBP             ECO_LAI         ECO_GPP         ECO_RA          ECO_NPP         ECO_RH          
  30.000    30011968  0.5972045E+003  0.7265856E+004  0.3406120E+003  0.1841815E+002  0.1296691E+002  0.7743114E+002 -0.4889583E+002  0.2853531E+002 -0.5407470E+001
  60.000    29021968  0.6087681E+003  0.7266697E+004  0.3406120E+003  0.3831769E+002  0.1244623E+002  0.1451335E+003 -0.9381252E+002  0.5132093E+002 -0.1023710E+002
  90.000    30031968  0.6131350E+003  0.7267400E+004  0.3406120E+003  0.1055190E+003  0.1244821E+002  0.2847978E+003 -0.1607342E+003  0.1240636E+003 -0.1757096E+002
 120.000    29041968  0.6041793E+003  0.7266931E+004  0.3406120E+003  0.2248100E+003  0.1275979E+002  0.5411793E+003 -0.2837209E+003  0.2574584E+003 -0.3375612E+002
 150.000    29051968  0.5934257E+003  0.7264669E+004  0.3406120E+003  0.3539205E+003  0.1319699E+002  0.8530490E+003 -0.4444414E+003  0.4086076E+003 -0.5676096E+002
 180.000    28061968  0.5805595E+003  0.7259960E+004  0.3406120E+003  0.4690784E+003  0.1489560E+002  0.1193283E+004 -0.6431448E+003  0.5501378E+003 -0.8553389E+002
 210.000    28071968  0.5714874E+003  0.7250940E+004  0.3406120E+003  0.5411126E+003  0.1571396E+002  0.1539459E+004 -0.8875508E+003  0.6519078E+003 -0.1199296E+003
 240.000    27081968  0.5690269E+003  0.7239819E+004  0.3406120E+003  0.5817026E+003  0.1551845E+002  0.1856893E+004 -0.1129098E+004  0.7277948E+003 -0.1539916E+003
 270.000    26091968  0.5663927E+003  0.7229251E+004  0.3406120E+003  0.6208223E+003  0.1483876E+002  0.2147254E+004 -0.1344866E+004  0.8023874E+003 -0.1854297E+003
 300.000    26101968  0.5612849E+003  0.7224316E+004  0.3406120E+003  0.6903843E+003  0.1412820E+002  0.2354716E+004 -0.1465610E+004  0.8891054E+003 -0.2052741E+003
 330.000    25111968  0.5763846E+003  0.7223067E+004  0.3406120E+003  0.7319818E+003  0.1345769E+002  0.2487731E+004 -0.1547012E+004  0.9407190E+003 -0.2166182E+003
 360.000    25121968  0.6056611E+003  0.7223238E+004  0.3406120E+003  0.7390744E+003  0.1284895E+002  0.2569732E+004 -0.1604137E+004  0.9655947E+003 -0.2236506E+003
