    DOY     DATE    SHOOT_C         ROOT_C          LAI             GPP             AUTO_RESP       HVST_C          
   1.000    01011998  0.3875020E+001  0.3984578E+001  0.2972039E+001  0.1241758E-001 -0.4624251E-002  0.0000000E+000
   2.000    02011998  0.3863762E+001  0.3985055E+001  0.2968987E+001  0.3862964E-001 -0.1202403E-001  0.0000000E+000
   3.000    03011998  0.3870603E+001  0.3986105E+001  0.2967743E+001  0.8891601E-001 -0.2486254E-001  0.0000000E+000
   4.000    04011998  0.3878647E+001  0.3986027E+001  0.2965798E+001  0.1424828E+000 -0.4180220E-001  0.0000000E+000
   5.000    05011998  0.3876227E+001  0.3985744E+001  0.2962450E+001  0.1879219E+000 -0.6170742E-001  0.0000000E+000
   6.000    06011998  0.3871556E+001  0.3979179E+001  0.2952096E+001  0.2419987E+000 -0.9610114E-001  0.0000000E+000
   7.000    07011998  0.3852663E+001  0.3967588E+001  0.2935872E+001  0.2865555E+000 -0.1356916E+000  0.0000000E+000
   8.000    08011998  0.3842045E+001  0.3953841E+001  0.2918734E+001  0.3359630E+000 -0.1753549E+000  0.0000000E+000
   9.000    09011998  0.3850034E+001  0.3946978E+001  0.2912917E+001  0.3809898E+000 -0.1984687E+000  0.0000000E+000
  10.000    10011998  0.3853215E+001  0.3948347E+001  0.2905466E+001  0.4130390E+000 -0.2082774E+000  0.0000000E+000
  11.000    11011998  0.3854679E+001  0.3951154E+001  0.2898506E+001  0.4446696E+000 -0.2175871E+000  0.0000000E+000
  12.000    12011998  0.3858639E+001  0.3953797E+001  0.2892553E+001  0.4825626E+000 -0.2305905E+000  0.0000000E+000
  13.000    13011998  0.3860609E+001  0.3956006E+001  0.2885753E+001  0.5207785E+000 -0.2457068E+000  0.0000000E+000
  14.000    14011998  0.3855702E+001  0.3959694E+001  0.2882131E+001  0.5410318E+000 -0.2530979E+000  0.0000000E+000
  15.000    15011998  0.3833441E+001  0.3962361E+001  0.2873884E+001  0.5410318E+000 -0.2584736E+000  0.0000000E+000
  16.000    16011998  0.3835215E+001  0.3964783E+001  0.2869571E+001  0.5684538E+000 -0.2671071E+000  0.0000000E+000
  17.000    17011998  0.3836887E+001  0.3967565E+001  0.2865895E+001  0.5960106E+000 -0.2763092E+000  0.0000000E+000
  18.000    18011998  0.3833472E+001  0.3970224E+001  0.2860794E+001  0.6154140E+000 -0.2830845E+000  0.0000000E+000
  19.000    19011998  0.3824901E+001  0.3972367E+001  0.2857418E+001  0.6269596E+000 -0.2885842E+000  0.0000000E+000
  20.000    20011998  0.3826089E+001  0.3974542E+001  0.2852811E+001  0.6493687E+000 -0.2948473E+000  0.0000000E+000
  21.000    21011998  0.3824113E+001  0.3976614E+001  0.2846645E+001  0.6682730E+000 -0.3002663E+000  0.0000000E+000
  22.000    22011998  0.3821978E+001  0.3978610E+001  0.2843654E+001  0.6867220E+000 -0.3059507E+000  0.0000000E+000
  23.000    23011998  0.3822842E+001  0.3980364E+001  0.2841202E+001  0.7101268E+000 -0.3134093E+000  0.0000000E+000
  24.000    24011998  0.3834373E+001  0.3982499E+001  0.2837981E+001  0.7415340E+000 -0.3224760E+000  0.0000000E+000
  25.000    25011998  0.3840440E+001  0.3984648E+001  0.2830942E+001  0.7642119E+000 -0.3286472E+000  0.0000000E+000
  26.000    26011998  0.3845194E+001  0.3986716E+001  0.2827575E+001  0.7870240E+000 -0.3351882E+000  0.0000000E+000
  27.000    27011998  0.3844976E+001  0.3988671E+001  0.2825022E+001  0.8028049E+000 -0.3412193E+000  0.0000000E+000
  28.000    28011998  0.3847784E+001  0.3990381E+001  0.2821821E+001  0.8247619E+000 -0.3498591E+000  0.0000000E+000
  29.000    29011998  0.3856730E+001  0.3991460E+001  0.2816939E+001  0.8575499E+000 -0.3621221E+000  0.0000000E+000
  30.000    30011998  0.3873882E+001  0.3993077E+001  0.2812432E+001  0.8977913E+000 -0.3740944E+000  0.0000000E+000
  31.000    31011998  0.3883857E+001  0.3996080E+001  0.2806101E+001  0.9262144E+000 -0.3817262E+000  0.0000000E+000
  32.000    01021998  0.3886191E+001  0.3998592E+001  0.2797404E+001  0.9471157E+000 -0.3881068E+000  0.0000000E+000
  33.000    02021998  0.3887901E+001  0.4000850E+001  0.2794246E+001  0.9705184E+000 -0.3964902E+000  0.0000000E+000
  34.000    03021998  0.3895303E+001  0.4002518E+001  0.2790607E+001  0.9999505E+000 -0.4058072E+000  0.0000000E+000
  35.000    04021998  0.3899493E+001  0.4004430E+001  0.2787521E+001  0.1021961E+001 -0.4137465E+000  0.0000000E+000
  36.000    05021998  0.3906462E+001  0.4006289E+001  0.2784338E+001  0.1047141E+001 -0.4218760E+000  0.0000000E+000
  37.000    06021998  0.3915760E+001  0.4008703E+001  0.2781123E+001  0.1074924E+001 -0.4301697E+000  0.0000000E+000
  38.000    07021998  0.3912770E+001  0.4010752E+001  0.2777404E+001  0.1087046E+001 -0.4358215E+000  0.0000000E+000
  39.000    08021998  0.3916376E+001  0.4012475E+001  0.2773909E+001  0.1110204E+001 -0.4448176E+000  0.0000000E+000
  40.000    09021998  0.3917430E+001  0.4013678E+001  0.2765161E+001  0.1127228E+001 -0.4508635E+000  0.0000000E+000
  41.000    10021998  0.3919885E+001  0.4014679E+001  0.2760768E+001  0.1148856E+001 -0.4585752E+000  0.0000000E+000
  42.000    11021998  0.3922612E+001  0.4015258E+001  0.2757151E+001  0.1175683E+001 -0.4702257E+000  0.0000000E+000
  43.000    12021998  0.3922577E+001  0.4011507E+001  0.2752112E+001  0.1205018E+001 -0.4898731E+000  0.0000000E+000
  44.000    13021998  0.3924531E+001  0.4010301E+001  0.2747426E+001  0.1223911E+001 -0.4996932E+000  0.0000000E+000
  45.000    14021998  0.3933455E+001  0.4009433E+001  0.2743237E+001  0.1249232E+001 -0.5093302E+000  0.0000000E+000
  46.000    15021998  0.3940595E+001  0.4009273E+001  0.2737525E+001  0.1272073E+001 -0.5162608E+000  0.0000000E+000
  47.000    16021998  0.3944056E+001  0.4009176E+001  0.2734702E+001  0.1293055E+001 -0.5250396E+000  0.0000000E+000
  48.000    17021998  0.3952171E+001  0.4002108E+001  0.2726901E+001  0.1343012E+001 -0.5552006E+000  0.0000000E+000
  49.000    18021998  0.3950030E+001  0.3995872E+001  0.2719813E+001  0.1370258E+001 -0.5772124E+000  0.0000000E+000
  50.000    19021998  0.3956452E+001  0.3992133E+001  0.2713468E+001  0.1401094E+001 -0.5941213E+000  0.0000000E+000
  51.000    20021998  0.3970283E+001  0.3989319E+001  0.2706144E+001  0.1442398E+001 -0.6122573E+000  0.0000000E+000
  52.000    21021998  0.3979356E+001  0.3988084E+001  0.2700263E+001  0.1474785E+001 -0.6269817E+000  0.0000000E+000
  53.000    22021998  0.3988272E+001  0.3988783E+001  0.2693581E+001  0.1505462E+001 -0.6388212E+000  0.0000000E+000
  54.000    23021998  0.3997627E+001  0.3990431E+001  0.2690537E+001  0.1532992E+001 -0.6487622E+000  0.0000000E+000
  55.000    24021998  0.4009683E+001  0.3991168E+001  0.2686374E+001  0.1569977E+001 -0.6634674E+000  0.0000000E+000
  56.000    25021998  0.4022299E+001  0.3991077E+001  0.2680391E+001  0.1610017E+001 -0.6801095E+000  0.0000000E+000
  57.000    26021998  0.4034723E+001  0.3991752E+001  0.2674575E+001  0.1648772E+001 -0.6956148E+000  0.0000000E+000
  58.000    27021998  0.4045749E+001  0.3992627E+001  0.2667148E+001  0.1691670E+001 -0.7143256E+000  0.0000000E+000
  59.000    28021998  0.4058547E+001  0.3989464E+001  0.2655447E+001  0.1746626E+001 -0.7422391E+000  0.0000000E+000
  60.000    01031998  0.4069664E+001  0.3988336E+001  0.2647583E+001  0.1789348E+001 -0.7626559E+000  0.0000000E+000
  61.000    02031998  0.4085656E+001  0.3988932E+001  0.2641473E+001  0.1832132E+001 -0.7785898E+000  0.0000000E+000
  62.000    03031998  0.4096584E+001  0.3992467E+001  0.2637048E+001  0.1862808E+001 -0.7878609E+000  0.0000000E+000
  63.000    04031998  0.4110749E+001  0.3996395E+001  0.2629954E+001  0.1897053E+001 -0.7956318E+000  0.0000000E+000
  64.000    05031998  0.4120499E+001  0.4000588E+001  0.2623991E+001  0.1930599E+001 -0.8054561E+000  0.0000000E+000
  65.000    06031998  0.4137801E+001  0.4004649E+001  0.2619176E+001  0.1972484E+001 -0.8170562E+000  0.0000000E+000
  66.000    07031998  0.4148764E+001  0.4007052E+001  0.2611296E+001  0.2017248E+001 -0.8357024E+000  0.0000000E+000
  67.000    08031998  0.4155284E+001  0.4005963E+001  0.2600548E+001  0.2063674E+001 -0.8607312E+000  0.0000000E+000
  68.000    09031998  0.4164351E+001  0.4002601E+001  0.2588686E+001  0.2112440E+001 -0.8873084E+000  0.0000000E+000
  69.000    10031998  0.4176896E+001  0.4004881E+001  0.2584296E+001  0.2143790E+001 -0.8972308E+000  0.0000000E+000
  70.000    11031998  0.4178844E+001  0.4007915E+001  0.2579260E+001  0.2161253E+001 -0.9026969E+000  0.0000000E+000
  71.000    12031998  0.4177208E+001  0.4010561E+001  0.2573734E+001  0.2173864E+001 -0.9073678E+000  0.0000000E+000
  72.000    13031998  0.4185833E+001  0.4012663E+001  0.2568906E+001  0.2198382E+001 -0.9131809E+000  0.0000000E+000
  73.000    14031998  0.4199222E+001  0.4015192E+001  0.2562799E+001  0.2239640E+001 -0.9257456E+000  0.0000000E+000
  74.000    15031998  0.4216199E+001  0.4017413E+001  0.2557629E+001  0.2279671E+001 -0.9361937E+000  0.0000000E+000
  75.000    16031998  0.4227658E+001  0.4020023E+001  0.2554860E+001  0.2309178E+001 -0.9443549E+000  0.0000000E+000
  76.000    17031998  0.4233627E+001  0.4022533E+001  0.2552665E+001  0.2331260E+001 -0.9512674E+000  0.0000000E+000
  77.000    18031998  0.4236706E+001  0.4024803E+001  0.2549214E+001  0.2352674E+001 -0.9593177E+000  0.0000000E+000
  78.000    19031998  0.4255679E+001  0.4024392E+001  0.2542054E+001  0.2407186E+001 -0.9814002E+000  0.0000000E+000
  79.000    20031998  0.4276902E+001  0.4022118E+001  0.2533820E+001  0.2466254E+001 -0.1006170E+001  0.0000000E+000
  80.000    21031998  0.4293946E+001  0.4021695E+001  0.2528611E+001  0.2508129E+001 -0.1021827E+001  0.0000000E+000
  81.000    22031998  0.4313929E+001  0.4024568E+001  0.2524307E+001  0.2550349E+001 -0.1033213E+001  0.0000000E+000
  82.000    23031998  0.4325702E+001  0.4028213E+001  0.2518839E+001  0.2585106E+001 -0.1043844E+001  0.0000000E+000
  83.000    24031998  0.4341659E+001  0.4030947E+001  0.2513083E+001  0.2629582E+001 -0.1059127E+001  0.0000000E+000
  84.000    25031998  0.4353316E+001  0.4033673E+001  0.2507551E+001  0.2668516E+001 -0.1073917E+001  0.0000000E+000
  85.000    26031998  0.4369690E+001  0.4034379E+001  0.2500459E+001  0.2721662E+001 -0.1096238E+001  0.0000000E+000
  86.000    27031998  0.4384142E+001  0.4028997E+001  0.2487164E+001  0.2788466E+001 -0.1133040E+001  0.0000000E+000
  87.000    28031998  0.4398034E+001  0.4022029E+001  0.2471794E+001  0.2852678E+001 -0.1169338E+001  0.0000000E+000
  88.000    29031998  0.4418167E+001  0.4013962E+001  0.2455425E+001  0.2924187E+001 -0.1206638E+001  0.0000000E+000
  89.000    30031998  0.4436894E+001  0.4006303E+001  0.2436013E+001  0.2996444E+001 -0.1244268E+001  0.0000000E+000
  90.000    31031998  0.4455274E+001  0.3997995E+001  0.2414712E+001  0.3070155E+001 -0.1282493E+001  0.0000000E+000
  91.000    01041998  0.4470447E+001  0.3991053E+001  0.2397704E+001  0.3130182E+001 -0.1314052E+001  0.0000000E+000
  92.000    02041998  0.4498723E+001  0.3986920E+001  0.2384701E+001  0.3196173E+001 -0.1339196E+001  0.0000000E+000
  93.000    03041998  0.4519885E+001  0.3985417E+001  0.2374755E+001  0.3248537E+001 -0.1358642E+001  0.0000000E+000
  94.000    04041998  0.4537029E+001  0.3985340E+001  0.2367589E+001  0.3290208E+001 -0.1373405E+001  0.0000000E+000
  95.000    05041998  0.4562879E+001  0.3986692E+001  0.2361368E+001  0.3339963E+001 -0.1386526E+001  0.0000000E+000
  96.000    06041998  0.4582676E+001  0.3989191E+001  0.2353334E+001  0.3387797E+001 -0.1401248E+001  0.0000000E+000
  97.000    07041998  0.4604999E+001  0.3990843E+001  0.2344819E+001  0.3446875E+001 -0.1422553E+001  0.0000000E+000
  98.000    08041998  0.4632727E+001  0.3988596E+001  0.2329047E+001  0.3527902E+001 -0.1456902E+001  0.0000000E+000
  99.000    09041998  0.4659957E+001  0.3985929E+001  0.2316422E+001  0.3595646E+001 -0.1483688E+001  0.0000000E+000
 100.000    10041998  0.4682661E+001  0.3986365E+001  0.2311674E+001  0.3640078E+001 -0.1496772E+001  0.0000000E+000
 101.000    11041998  0.4703667E+001  0.3988368E+001  0.2306241E+001  0.3686622E+001 -0.1511223E+001  0.0000000E+000
 102.000    12041998  0.4728890E+001  0.3990748E+001  0.2299964E+001  0.3739572E+001 -0.1526590E+001  0.0000000E+000
 103.000    13041998  0.4751337E+001  0.3992993E+001  0.2292320E+001  0.3794706E+001 -0.1545396E+001  0.0000000E+000
 104.000    14041998  0.4764824E+001  0.3994473E+001  0.2285136E+001  0.3838824E+001 -0.1564100E+001  0.0000000E+000
 105.000    15041998  0.4789413E+001  0.3992099E+001  0.2271554E+001  0.3911069E+001 -0.1595492E+001  0.0000000E+000
 106.000    16041998  0.4810141E+001  0.3986257E+001  0.2257259E+001  0.3979566E+001 -0.1628949E+001  0.0000000E+000
 107.000    17041998  0.4830183E+001  0.3979371E+001  0.2244099E+001  0.4043412E+001 -0.1660362E+001  0.0000000E+000
 108.000    18041998  0.4854277E+001  0.3975152E+001  0.2236883E+001  0.4092259E+001 -0.1677814E+001  0.0000000E+000
 109.000    19041998  0.4870362E+001  0.3973154E+001  0.2228104E+001  0.4138069E+001 -0.1697505E+001  0.0000000E+000
 110.000    20041998  0.4902183E+001  0.3971512E+001  0.2219941E+001  0.4199526E+001 -0.1717084E+001  0.0000000E+000
 111.000    21041998  0.4434405E+001  0.3970609E+001  0.2213715E+001  0.4254333E+001 -0.1734717E+001  0.0000000E+000
 112.000    22041998  0.4457032E+001  0.3971422E+001  0.2214087E+001  0.4299125E+001 -0.1749005E+001  0.0000000E+000
 113.000    23041998  0.4484430E+001  0.3972775E+001  0.2214814E+001  0.4354864E+001 -0.1767342E+001  0.0000000E+000
 114.000    24041998  0.4513773E+001  0.3973495E+001  0.2215169E+001  0.4418010E+001 -0.1789797E+001  0.0000000E+000
 115.000    25041998  0.4550484E+001  0.3972710E+001  0.2216621E+001  0.4494109E+001 -0.1817619E+001  0.0000000E+000
 116.000    26041998  0.4575313E+001  0.3971319E+001  0.2215931E+001  0.4557736E+001 -0.1845765E+001  0.0000000E+000
 117.000    27041998  0.4604198E+001  0.3970836E+001  0.2214332E+001  0.4611800E+001 -0.1863579E+001  0.0000000E+000
 118.000    28041998  0.4631563E+001  0.3972549E+001  0.2213211E+001  0.4665499E+001 -0.1880047E+001  0.0000000E+000
 119.000    29041998  0.4655051E+001  0.3973945E+001  0.2215612E+001  0.4719880E+001 -0.1900154E+001  0.0000000E+000
 120.000    30041998  0.4673400E+001  0.3973536E+001  0.2216226E+001  0.4773321E+001 -0.1924801E+001  0.0000000E+000
 121.000    01051998  0.4700885E+001  0.3971375E+001  0.2216307E+001  0.4838523E+001 -0.1952662E+001  0.0000000E+000
 122.000    02051998  0.4722093E+001  0.3969047E+001  0.2215859E+001  0.4891167E+001 -0.1975998E+001  0.0000000E+000
 123.000    03051998  0.4747962E+001  0.3966153E+001  0.2214138E+001  0.4951796E+001 -0.2001868E+001  0.0000000E+000
 124.000    04051998  0.4778968E+001  0.3963420E+001  0.2212586E+001  0.5017181E+001 -0.2027828E+001  0.0000000E+000
 125.000    05051998  0.4817659E+001  0.3961124E+001  0.2211211E+001  0.5087711E+001 -0.2051262E+001  0.0000000E+000
 126.000    06051998  0.4858530E+001  0.3959803E+001  0.2209691E+001  0.5166672E+001 -0.2078553E+001  0.0000000E+000
 127.000    07051998  0.4885951E+001  0.3958013E+001  0.2208917E+001  0.5232171E+001 -0.2106887E+001  0.0000000E+000
 128.000    08051998  0.4921034E+001  0.3954168E+001  0.2206696E+001  0.5306307E+001 -0.2136651E+001  0.0000000E+000
 129.000    09051998  0.3957996E+001  0.3951498E+001  0.2203801E+001  0.5380030E+001 -0.2164452E+001  0.0000000E+000
 130.000    10051998  0.3998361E+001  0.3949123E+001  0.2220852E+001  0.5455058E+001 -0.2189993E+001  0.0000000E+000
 131.000    11051998  0.4033659E+001  0.3947035E+001  0.2235603E+001  0.5526306E+001 -0.2216435E+001  0.0000000E+000
 132.000    12051998  0.4060976E+001  0.3945912E+001  0.2246658E+001  0.5585171E+001 -0.2239331E+001  0.0000000E+000
 133.000    13051998  0.4090161E+001  0.3945131E+001  0.2257563E+001  0.5646103E+001 -0.2262282E+001  0.0000000E+000
 134.000    14051998  0.4124146E+001  0.3944111E+001  0.2270037E+001  0.5717771E+001 -0.2290079E+001  0.0000000E+000
 135.000    15051998  0.4160675E+001  0.3941593E+001  0.2288668E+001  0.5795687E+001 -0.2321284E+001  0.0000000E+000
 136.000    16051998  0.4203085E+001  0.3937080E+001  0.2307871E+001  0.5890768E+001 -0.2363022E+001  0.0000000E+000
 137.000    17051998  0.4239159E+001  0.3929988E+001  0.2320364E+001  0.5973933E+001 -0.2401984E+001  0.0000000E+000
 138.000    18051998  0.4297490E+001  0.3925381E+001  0.2329444E+001  0.6075929E+001 -0.2436521E+001  0.0000000E+000
 139.000    19051998  0.4350884E+001  0.3921671E+001  0.2347822E+001  0.6179388E+001 -0.2474195E+001  0.0000000E+000
 140.000    20051998  0.4391996E+001  0.3915440E+001  0.2365088E+001  0.6269383E+001 -0.2512728E+001  0.0000000E+000
 141.000    21051998  0.4451437E+001  0.3909065E+001  0.2381123E+001  0.6380773E+001 -0.2553569E+001  0.0000000E+000
 142.000    22051998  0.4497280E+001  0.3904826E+001  0.2399649E+001  0.6466952E+001 -0.2584989E+001  0.0000000E+000
 143.000    23051998  0.4548614E+001  0.3901956E+001  0.2411258E+001  0.6553923E+001 -0.2611717E+001  0.0000000E+000
 144.000    24051998  0.4585814E+001  0.3900474E+001  0.2426569E+001  0.6633803E+001 -0.2643195E+001  0.0000000E+000
 145.000    25051998  0.4629539E+001  0.3894448E+001  0.2446217E+001  0.6733199E+001 -0.2687186E+001  0.0000000E+000
 146.000    26051998  0.4673738E+001  0.3887476E+001  0.2467123E+001  0.6827693E+001 -0.2728131E+001  0.0000000E+000
 147.000    27051998  0.3805132E+001  0.3880248E+001  0.2487774E+001  0.6925445E+001 -0.2769281E+001  0.0000000E+000
 148.000    28051998  0.3860475E+001  0.3872651E+001  0.2521419E+001  0.7027824E+001 -0.2808353E+001  0.0000000E+000
 149.000    29051998  0.3906006E+001  0.3864179E+001  0.2559914E+001  0.7122888E+001 -0.2849970E+001  0.0000000E+000
 150.000    30051998  0.3987523E+001  0.3855908E+001  0.2598880E+001  0.7261284E+001 -0.2897882E+001  0.0000000E+000
 151.000    31051998  0.4057836E+001  0.3849770E+001  0.2633845E+001  0.7389907E+001 -0.2945784E+001  0.0000000E+000
 152.000    01061998  0.4129196E+001  0.3842419E+001  0.2669334E+001  0.7518403E+001 -0.2993289E+001  0.0000000E+000
 153.000    02061998  0.4203756E+001  0.3839054E+001  0.2708278E+001  0.7648192E+001 -0.3037016E+001  0.0000000E+000
 154.000    03061998  0.4270048E+001  0.3835804E+001  0.2743730E+001  0.7774899E+001 -0.3085346E+001  0.0000000E+000
 155.000    04061998  0.4320994E+001  0.3833709E+001  0.2772756E+001  0.7872962E+001 -0.3121676E+001  0.0000000E+000
 156.000    05061998  0.4362100E+001  0.3830368E+001  0.2797672E+001  0.7962424E+001 -0.3159535E+001  0.0000000E+000
 157.000    06061998  0.4411771E+001  0.3829311E+001  0.2812993E+001  0.8050795E+001 -0.3187966E+001  0.0000000E+000
 158.000    07061998  0.4456889E+001  0.3831988E+001  0.2824755E+001  0.8131845E+001 -0.3211202E+001  0.0000000E+000
 159.000    08061998  0.4500597E+001  0.3836319E+001  0.2840068E+001  0.8217468E+001 -0.3238227E+001  0.0000000E+000
 160.000    09061998  0.4540524E+001  0.3839516E+001  0.2861057E+001  0.8302024E+001 -0.3268877E+001  0.0000000E+000
 161.000    10061998  0.4592448E+001  0.3838786E+001  0.2894311E+001  0.8408665E+001 -0.3309695E+001  0.0000000E+000
 162.000    11061998  0.4658043E+001  0.3838126E+001  0.2926389E+001  0.8533445E+001 -0.3355973E+001  0.0000000E+000
 163.000    12061998  0.4724567E+001  0.3832800E+001  0.2964889E+001  0.8665756E+001 -0.3409900E+001  0.0000000E+000
 164.000    13061998  0.4788843E+001  0.3829750E+001  0.2991308E+001  0.8788278E+001 -0.3456619E+001  0.0000000E+000
 165.000    14061998  0.3991668E+001  0.3832024E+001  0.3009595E+001  0.8906936E+001 -0.3494480E+001  0.0000000E+000
 166.000    15061998  0.4043703E+001  0.3834292E+001  0.3046504E+001  0.9020868E+001 -0.3541188E+001  0.0000000E+000
 167.000    16061998  0.4096737E+001  0.3833138E+001  0.3084657E+001  0.9134380E+001 -0.3588150E+001  0.0000000E+000
 168.000    17061998  0.4163918E+001  0.3833075E+001  0.3113609E+001  0.9257767E+001 -0.3629927E+001  0.0000000E+000
 169.000    18061998  0.4231493E+001  0.3836150E+001  0.3144645E+001  0.9384991E+001 -0.3672677E+001  0.0000000E+000
 170.000    19061998  0.4274075E+001  0.3840192E+001  0.3175632E+001  0.9491336E+001 -0.3719420E+001  0.0000000E+000
 171.000    20061998  0.4345193E+001  0.3842644E+001  0.3207008E+001  0.9626102E+001 -0.3765845E+001  0.0000000E+000
 172.000    21061998  0.4399287E+001  0.3848341E+001  0.3233742E+001  0.9745411E+001 -0.3812359E+001  0.0000000E+000
 173.000    22061998  0.4472700E+001  0.3850859E+001  0.3264128E+001  0.9886749E+001 -0.3861936E+001  0.0000000E+000
 174.000    23061998  0.3033926E+001  0.3856033E+001  0.3297670E+001  0.1002297E+002 -0.3911749E+001  0.0000000E+000
 175.000    24061998  0.3087898E+001  0.3861524E+001  0.3334118E+001  0.1014416E+002 -0.3958237E+001  0.0000000E+000
 176.000    25061998  0.3138730E+001  0.3867760E+001  0.3370418E+001  0.1026600E+002 -0.4008962E+001  0.0000000E+000
 177.000    26061998  0.3208358E+001  0.3873142E+001  0.3405295E+001  0.1041164E+002 -0.4064862E+001  0.0000000E+000
 178.000    27061998  0.3256607E+001  0.3875332E+001  0.3440556E+001  0.1053807E+002 -0.4124037E+001  0.0000000E+000
 179.000    28061998  0.3316381E+001  0.3880490E+001  0.3471520E+001  0.1066929E+002 -0.4176399E+001  0.0000000E+000
 180.000    29061998  0.3376096E+001  0.3888687E+001  0.3501545E+001  0.1080190E+002 -0.4228052E+001  0.0000000E+000
 181.000    30061998  0.3416258E+001  0.3897360E+001  0.3528715E+001  0.1091450E+002 -0.4279745E+001  0.0000000E+000
 182.000    01071998  0.3439647E+001  0.3906108E+001  0.3547064E+001  0.1099946E+002 -0.4321189E+001  0.0000000E+000
 183.000    02071998  0.3492070E+001  0.3915964E+001  0.3566521E+001  0.1111536E+002 -0.4364105E+001  0.0000000E+000
 184.000    03071998  0.3556478E+001  0.3927650E+001  0.3592180E+001  0.1124710E+002 -0.4408832E+001  0.0000000E+000
 185.000    04071998  0.3613637E+001  0.3940140E+001  0.3618590E+001  0.1137673E+002 -0.4457406E+001  0.0000000E+000
 186.000    05071998  0.3647290E+001  0.3950756E+001  0.3642130E+001  0.1147935E+002 -0.4504376E+001  0.0000000E+000
 187.000    06071998  0.3694018E+001  0.3962480E+001  0.3661598E+001  0.1159195E+002 -0.4547523E+001  0.0000000E+000
 188.000    07071998  0.3758129E+001  0.3976351E+001  0.3680269E+001  0.1172462E+002 -0.4591156E+001  0.0000000E+000
 189.000    08071998  0.3798895E+001  0.3987583E+001  0.3700025E+001  0.1183848E+002 -0.4641081E+001  0.0000000E+000
 190.000    09071998  0.3857147E+001  0.3996011E+001  0.3725889E+001  0.1197353E+002 -0.4696669E+001  0.0000000E+000
 191.000    10071998  0.3926076E+001  0.4006535E+001  0.3746748E+001  0.1211751E+002 -0.4749020E+001  0.0000000E+000
 192.000    11071998  0.3983877E+001  0.4021951E+001  0.3762178E+001  0.1224625E+002 -0.4793274E+001  0.0000000E+000
 193.000    12071998  0.4021756E+001  0.4038523E+001  0.3777374E+001  0.1235458E+002 -0.4836189E+001  0.0000000E+000
 194.000    13071998  0.4070218E+001  0.4054638E+001  0.3790284E+001  0.1247219E+002 -0.4878130E+001  0.0000000E+000
 195.000    14071998  0.4130684E+001  0.4071667E+001  0.3803640E+001  0.1260407E+002 -0.4921206E+001  0.0000000E+000
 196.000    15071998  0.4171833E+001  0.4087638E+001  0.3821694E+001  0.1272115E+002 -0.4969285E+001  0.0000000E+000
 197.000    16071998  0.4206723E+001  0.4097356E+001  0.3839382E+001  0.1283412E+002 -0.5024861E+001  0.0000000E+000
 198.000    17071998  0.4251438E+001  0.4104649E+001  0.3855297E+001  0.1295418E+002 -0.5080191E+001  0.0000000E+000
 199.000    18071998  0.4291080E+001  0.4113090E+001  0.3867031E+001  0.1306277E+002 -0.5128684E+001  0.0000000E+000
 200.000    19071998  0.4337848E+001  0.4120993E+001  0.3877935E+001  0.1318184E+002 -0.5180878E+001  0.0000000E+000
 201.000    20071998  0.4395145E+001  0.4127064E+001  0.3889588E+001  0.1331421E+002 -0.5237213E+001  0.0000000E+000
 202.000    21071998  0.4452851E+001  0.4133596E+001  0.3903057E+001  0.1345028E+002 -0.5296199E+001  0.0000000E+000
 203.000    22071998  0.4521179E+001  0.4139421E+001  0.3915251E+001  0.1359872E+002 -0.5357705E+001  0.0000000E+000
 204.000    23071998  0.4529391E+001  0.4145079E+001  0.3925862E+001  0.1368397E+002 -0.5416476E+001  0.0000000E+000
 205.000    24071998  0.4592720E+001  0.4150556E+001  0.3934463E+001  0.1382263E+002 -0.5474125E+001  0.0000000E+000
 206.000    25071998  0.4617085E+001  0.4156046E+001  0.3942954E+001  0.1391871E+002 -0.5528678E+001  0.0000000E+000
 207.000    26071998  0.4642576E+001  0.4161227E+001  0.3951880E+001  0.1401099E+002 -0.5579173E+001  0.0000000E+000
 208.000    27071998  0.4666635E+001  0.4166091E+001  0.3958029E+001  0.1409726E+002 -0.5625964E+001  0.0000000E+000
 209.000    28071998  0.4739942E+001  0.4170892E+001  0.3963834E+001  0.1423775E+002 -0.5677294E+001  0.0000000E+000
 210.000    29071998  0.4818600E+001  0.4176926E+001  0.3970735E+001  0.1439111E+002 -0.5734181E+001  0.0000000E+000
 211.000    30071998  0.4843679E+001  0.4183589E+001  0.3975658E+001  0.1448672E+002 -0.5786774E+001  0.0000000E+000
 212.000    31071998  0.4879175E+001  0.4188993E+001  0.3980615E+001  0.1458836E+002 -0.5836590E+001  0.0000000E+000
 213.000    01081998  0.4941366E+001  0.4198217E+001  0.3985928E+001  0.1471274E+002 -0.5879343E+001  0.0000000E+000
 214.000    02081998  0.4980241E+001  0.4209815E+001  0.3989248E+001  0.1481245E+002 -0.5918673E+001  0.0000000E+000
 215.000    03081998  0.5016058E+001  0.4221334E+001  0.3992203E+001  0.1490905E+002 -0.5957848E+001  0.0000000E+000
 216.000    04081998  0.5060190E+001  0.4232983E+001  0.3994563E+001  0.1501475E+002 -0.5997596E+001  0.0000000E+000
 217.000    05081998  0.5123442E+001  0.4244893E+001  0.3997373E+001  0.1514078E+002 -0.6038011E+001  0.0000000E+000
 218.000    06081998  0.5166841E+001  0.4257725E+001  0.3998773E+001  0.1524907E+002 -0.6079039E+001  0.0000000E+000
 219.000    07081998  0.5203358E+001  0.4266949E+001  0.4000728E+001  0.1535084E+002 -0.6123225E+001  0.0000000E+000
 220.000    08081998  0.5252348E+001  0.4271419E+001  0.4004126E+001  0.1547240E+002 -0.6178242E+001  0.0000000E+000
 221.000    09081998  0.5285100E+001  0.4273904E+001  0.4004984E+001  0.1557245E+002 -0.6230231E+001  0.0000000E+000
 222.000    10081998  0.5316189E+001  0.4272429E+001  0.4005021E+001  0.1566493E+002 -0.6277585E+001  0.0000000E+000
 223.000    11081998  0.5329698E+001  0.4272158E+001  0.4005874E+001  0.1574041E+002 -0.6328026E+001  0.0000000E+000
 224.000    12081998  0.5390230E+001  0.4270525E+001  0.4004904E+001  0.1586021E+002 -0.6375134E+001  0.0000000E+000
 225.000    13081998  0.5408104E+001  0.4270594E+001  0.4005076E+001  0.1593806E+002 -0.6422611E+001  0.0000000E+000
 226.000    14081998  0.5462241E+001  0.4272225E+001  0.4006157E+001  0.1605067E+002 -0.6468572E+001  0.0000000E+000
 227.000    15081998  0.5513009E+001  0.4275534E+001  0.4006760E+001  0.1616454E+002 -0.6516282E+001  0.0000000E+000
 228.000    16081998  0.5556327E+001  0.4276803E+001  0.4007010E+001  0.1627478E+002 -0.6568902E+001  0.0000000E+000
 229.000    17081998  0.5565573E+001  0.4275475E+001  0.4006846E+001  0.1634602E+002 -0.6619138E+001  0.0000000E+000
 230.000    18081998  0.5631740E+001  0.4274803E+001  0.4005413E+001  0.1647575E+002 -0.6671587E+001  0.0000000E+000
 231.000    19081998  0.5681664E+001  0.4278291E+001  0.4004900E+001  0.1658468E+002 -0.6716616E+001  0.0000000E+000
 232.000    20081998  0.5717248E+001  0.4288649E+001  0.4004842E+001  0.1667245E+002 -0.6749581E+001  0.0000000E+000
 233.000    21081998  0.5781446E+001  0.4300409E+001  0.4005285E+001  0.1679412E+002 -0.6785868E+001  0.0000000E+000
 234.000    22081998  0.5844624E+001  0.4311220E+001  0.4006007E+001  0.1692331E+002 -0.6830718E+001  0.0000000E+000
 235.000    23081998  0.5894835E+001  0.4318777E+001  0.4006655E+001  0.1704205E+002 -0.6880601E+001  0.0000000E+000
 236.000    24081998  0.5923094E+001  0.4322712E+001  0.4006565E+001  0.1714161E+002 -0.6936251E+001  0.0000000E+000
 237.000    25081998  0.5992239E+001  0.4326246E+001  0.4005347E+001  0.1727817E+002 -0.6988675E+001  0.0000000E+000
 238.000    26081998  0.5988726E+001  0.4327921E+001  0.4003849E+001  0.1734049E+002 -0.7041224E+001  0.0000000E+000
 239.000    27081998  0.6002153E+001  0.4323476E+001  0.4001133E+001  0.1741436E+002 -0.7094346E+001  0.0000000E+000
 240.000    28081998  0.6043799E+001  0.4318941E+001  0.3997085E+001  0.1751604E+002 -0.7147117E+001  0.0000000E+000
 241.000    29081998  0.6071245E+001  0.4313067E+001  0.3991828E+001  0.1760519E+002 -0.7202653E+001  0.0000000E+000
 242.000    30081998  0.6133002E+001  0.4308536E+001  0.3986627E+001  0.1772619E+002 -0.7254112E+001  0.0000000E+000
 243.000    31081998  0.6193525E+001  0.4308002E+001  0.3982230E+001  0.1784847E+002 -0.7305338E+001  0.0000000E+000
 244.000    01091998  0.6254404E+001  0.4310139E+001  0.3978627E+001  0.1797129E+002 -0.7354469E+001  0.0000000E+000
 245.000    02091998  0.6305313E+001  0.4313744E+001  0.3974397E+001  0.1808521E+002 -0.7403259E+001  0.0000000E+000
 246.000    03091998  0.6310554E+001  0.4316336E+001  0.3971011E+001  0.1814572E+002 -0.7446226E+001  0.0000000E+000
 247.000    04091998  0.6367145E+001  0.4317415E+001  0.3967181E+001  0.1825642E+002 -0.7487825E+001  0.0000000E+000
 248.000    05091998  0.6435788E+001  0.4320265E+001  0.3963370E+001  0.1838326E+002 -0.7532226E+001  0.0000000E+000
 249.000    06091998  0.6488118E+001  0.4322389E+001  0.3959139E+001  0.1849725E+002 -0.7579054E+001  0.0000000E+000
 250.000    07091998  0.6531221E+001  0.4319703E+001  0.3955017E+001  0.1860437E+002 -0.7631011E+001  0.0000000E+000
 251.000    08091998  0.6546660E+001  0.4320329E+001  0.3951119E+001  0.1867084E+002 -0.7670503E+001  0.0000000E+000
 252.000    09091998  0.6598460E+001  0.4328508E+001  0.3948193E+001  0.1876341E+002 -0.7694967E+001  0.0000000E+000
 253.000    10091998  0.6648451E+001  0.4338668E+001  0.3945432E+001  0.1885808E+002 -0.7720837E+001  0.0000000E+000
 254.000    11091998  0.6696841E+001  0.4347715E+001  0.3943294E+001  0.1895634E+002 -0.7750613E+001  0.0000000E+000
 255.000    12091998  0.6729921E+001  0.4354175E+001  0.3940021E+001  0.1904527E+002 -0.7787982E+001  0.0000000E+000
 256.000    13091998  0.6780577E+001  0.4357181E+001  0.3935673E+001  0.1915857E+002 -0.7833944E+001  0.0000000E+000
 257.000    14091998  0.6837847E+001  0.4359763E+001  0.3930232E+001  0.1928024E+002 -0.7882973E+001  0.0000000E+000
 258.000    15091998  0.6853952E+001  0.4360154E+001  0.3923170E+001  0.1935969E+002 -0.7933227E+001  0.0000000E+000
 259.000    16091998  0.6903996E+001  0.4356524E+001  0.3915063E+001  0.1947153E+002 -0.7982995E+001  0.0000000E+000
 260.000    17091998  0.6956410E+001  0.4356248E+001  0.3906237E+001  0.1958356E+002 -0.8030171E+001  0.0000000E+000
 261.000    18091998  0.7007591E+001  0.4354377E+001  0.3897632E+001  0.1969673E+002 -0.8078481E+001  0.0000000E+000
 262.000    19091998  0.7032683E+001  0.4353533E+001  0.3888253E+001  0.1978042E+002 -0.8125186E+001  0.0000000E+000
 263.000    20091998  0.7076814E+001  0.4351883E+001  0.3878560E+001  0.1988194E+002 -0.8170692E+001  0.0000000E+000
 264.000    21091998  0.7114584E+001  0.4349902E+001  0.3867232E+001  0.1997948E+002 -0.8217227E+001  0.0000000E+000
 265.000    22091998  0.7152310E+001  0.4345307E+001  0.3852191E+001  0.2008183E+002 -0.8268246E+001  0.0000000E+000
 266.000    23091998  0.7181152E+001  0.4346200E+001  0.3843322E+001  0.2015667E+002 -0.8301080E+001  0.0000000E+000
 267.000    24091998  0.7208867E+001  0.4352237E+001  0.3835807E+001  0.2022656E+002 -0.8326694E+001  0.0000000E+000
 268.000    25091998  0.7255735E+001  0.4357998E+001  0.3826515E+001  0.2032484E+002 -0.8359043E+001  0.0000000E+000
 269.000    26091998  0.7303052E+001  0.4360898E+001  0.3812603E+001  0.2043503E+002 -0.8402931E+001  0.0000000E+000
 270.000    27091998  0.7314194E+001  0.4360658E+001  0.3798130E+001  0.2050759E+002 -0.8447408E+001  0.0000000E+000
 271.000    28091998  0.7361786E+001  0.4357487E+001  0.3780544E+001  0.2062231E+002 -0.8499191E+001  0.0000000E+000
 272.000    29091998  0.7388389E+001  0.4356223E+001  0.3764828E+001  0.2070849E+002 -0.8542505E+001  0.0000000E+000
 273.000    30091998  0.7420568E+001  0.4354450E+001  0.3747782E+001  0.2080303E+002 -0.8587455E+001  0.0000000E+000
 274.000    01101998  0.7437083E+001  0.4352212E+001  0.3730765E+001  0.2087936E+002 -0.8630814E+001  0.0000000E+000
 275.000    02101998  0.7472111E+001  0.4356982E+001  0.3721513E+001  0.2095438E+002 -0.8654700E+001  0.0000000E+000
 276.000    03101998  0.7507963E+001  0.4363992E+001  0.3709428E+001  0.2103812E+002 -0.8680461E+001  0.0000000E+000
 277.000    04101998  0.7519439E+001  0.4367956E+001  0.3693798E+001  0.2110492E+002 -0.8714228E+001  0.0000000E+000
 278.000    05101998  0.7546019E+001  0.4372486E+001  0.3680168E+001  0.2118163E+002 -0.8744155E+001  0.0000000E+000
 279.000    06101998  0.7565135E+001  0.4375528E+001  0.3665404E+001  0.2125412E+002 -0.8777428E+001  0.0000000E+000
 280.000    07101998  0.7584289E+001  0.4376979E+001  0.3647870E+001  0.2133139E+002 -0.8814911E+001  0.0000000E+000
 281.000    08101998  0.7602516E+001  0.4374891E+001  0.3630400E+001  0.2140628E+002 -0.8852906E+001  0.0000000E+000
 282.000    09101998  0.7634123E+001  0.4377784E+001  0.3618436E+001  0.2148163E+002 -0.8878523E+001  0.0000000E+000
 283.000    10101998  0.7666348E+001  0.4383466E+001  0.3608285E+001  0.2155679E+002 -0.8901311E+001  0.0000000E+000
 284.000    11101998  0.7679053E+001  0.4389697E+001  0.3597769E+001  0.2161423E+002 -0.8925606E+001  0.0000000E+000
 285.000    12101998  0.7708854E+001  0.4396608E+001  0.3588016E+001  0.2168715E+002 -0.8948251E+001  0.0000000E+000
 286.000    13101998  0.7731555E+001  0.4403355E+001  0.3575729E+001  0.2175979E+002 -0.8975459E+001  0.0000000E+000
 287.000    14101998  0.7740121E+001  0.4408728E+001  0.3563902E+001  0.2181540E+002 -0.9001457E+001  0.0000000E+000
 288.000    15101998  0.7754765E+001  0.4415333E+001  0.3553363E+001  0.2187251E+002 -0.9022637E+001  0.0000000E+000
 289.000    16101998  0.7781938E+001  0.4422750E+001  0.3543110E+001  0.2194183E+002 -0.9042799E+001  0.0000000E+000
 290.000    17101998  0.7805519E+001  0.4430239E+001  0.3531961E+001  0.2201061E+002 -0.9064710E+001  0.0000000E+000
 291.000    18101998  0.7804942E+001  0.4436407E+001  0.3518483E+001  0.2206067E+002 -0.9091283E+001  0.0000000E+000
 292.000    19101998  0.7822901E+001  0.4437878E+001  0.3500135E+001  0.2213903E+002 -0.9127599E+001  0.0000000E+000
 293.000    20101998  0.7840629E+001  0.4438894E+001  0.3485954E+001  0.2220505E+002 -0.9157024E+001  0.0000000E+000
 294.000    21101998  0.7860562E+001  0.4445496E+001  0.3477060E+001  0.2226572E+002 -0.9175157E+001  0.0000000E+000
 295.000    22101998  0.7783669E+001  0.4453336E+001  0.3468391E+001  0.2230246E+002 -0.9188979E+001  0.0000000E+000
 296.000    23101998  0.7735281E+001  0.4461901E+001  0.3457267E+001  0.2236357E+002 -0.9201449E+001  0.0000000E+000
 297.000    24101998  0.7688081E+001  0.4470942E+001  0.3447308E+001  0.2242646E+002 -0.9217448E+001  0.0000000E+000
 298.000    25101998  0.7643641E+001  0.4479873E+001  0.3438297E+001  0.2249134E+002 -0.9237042E+001  0.0000000E+000
 299.000    26101998  0.7586763E+001  0.4488255E+001  0.3426618E+001  0.2253970E+002 -0.9256164E+001  0.0000000E+000
 300.000    27101998  0.7548296E+001  0.4496321E+001  0.3416208E+001  0.2260166E+002 -0.9275049E+001  0.0000000E+000
 301.000    28101998  0.7510139E+001  0.4503366E+001  0.3403493E+001  0.2266879E+002 -0.9300219E+001  0.0000000E+000
 302.000    29101998  0.7471122E+001  0.4507062E+001  0.3389495E+001  0.2273216E+002 -0.9328538E+001  0.0000000E+000
 303.000    30101998  0.7418995E+001  0.4511708E+001  0.3376193E+001  0.2277582E+002 -0.9353411E+001  0.0000000E+000
 304.000    31101998  0.7386189E+001  0.4514003E+001  0.3362815E+001  0.2283676E+002 -0.9380107E+001  0.0000000E+000
 305.000    01111998  0.7359430E+001  0.4518635E+001  0.3352112E+001  0.2289359E+002 -0.9400680E+001  0.0000000E+000
 306.000    02111998  0.7332192E+001  0.4524867E+001  0.3340989E+001  0.2294884E+002 -0.9420784E+001  0.0000000E+000
 307.000    03111998  0.7297811E+001  0.4530355E+001  0.3332535E+001  0.2298772E+002 -0.9437286E+001  0.0000000E+000
 308.000    04111998  0.7272813E+001  0.4537891E+001  0.3325791E+001  0.2302777E+002 -0.9448747E+001  0.0000000E+000
 309.000    05111998  0.7245748E+001  0.4545140E+001  0.3316328E+001  0.2306283E+002 -0.9458563E+001  0.0000000E+000
 310.000    06111998  0.7223305E+001  0.4552272E+001  0.3307235E+001  0.2309996E+002 -0.9467929E+001  0.0000000E+000
 311.000    07111998  0.7202239E+001  0.4558960E+001  0.3297059E+001  0.2313641E+002 -0.9475899E+001  0.0000000E+000
 312.000    08111998  0.7167042E+001  0.4565241E+001  0.3290090E+001  0.2316348E+002 -0.9485353E+001  0.0000000E+000
 313.000    09111998  0.7042749E+001  0.4569741E+001  0.3281801E+001  0.2321568E+002 -0.9503291E+001  0.0000000E+000
 314.000    10111998  0.6918228E+001  0.4570611E+001  0.3266917E+001  0.2327386E+002 -0.9533467E+001  0.0000000E+000
 315.000    11111998  0.6798716E+001  0.4567716E+001  0.3253468E+001  0.2332180E+002 -0.9562090E+001  0.0000000E+000
 316.000    12111998  0.6698738E+001  0.4571357E+001  0.3246701E+001  0.2336623E+002 -0.9576261E+001  0.0000000E+000
 317.000    13111998  0.6601324E+001  0.4576759E+001  0.3241038E+001  0.2340554E+002 -0.9589161E+001  0.0000000E+000
 318.000    14111998  0.6511197E+001  0.4581190E+001  0.3233041E+001  0.2345109E+002 -0.9605686E+001  0.0000000E+000
 319.000    15111998  0.6424713E+001  0.4583221E+001  0.3222975E+001  0.2349923E+002 -0.9627807E+001  0.0000000E+000
 320.000    16111998  0.6329039E+001  0.4585941E+001  0.3211372E+001  0.2353314E+002 -0.9647962E+001  0.0000000E+000
 321.000    17111998  0.6248830E+001  0.4583117E+001  0.3197605E+001  0.2358211E+002 -0.9674994E+001  0.0000000E+000
 322.000    18111998  0.6186083E+001  0.4585391E+001  0.3189454E+001  0.2362998E+002 -0.9690986E+001  0.0000000E+000
 323.000    19111998  0.6110504E+001  0.4588453E+001  0.3176848E+001  0.2366706E+002 -0.9709371E+001  0.0000000E+000
 324.000    20111998  0.6037157E+001  0.4585835E+001  0.3160805E+001  0.2371282E+002 -0.9738198E+001  0.0000000E+000
 325.000    21111998  0.5972538E+001  0.4586614E+001  0.3152467E+001  0.2374335E+002 -0.9753366E+001  0.0000000E+000
 326.000    22111998  0.5924543E+001  0.4589909E+001  0.3142657E+001  0.2378294E+002 -0.9763828E+001  0.0000000E+000
 327.000    23111998  0.5872608E+001  0.4592642E+001  0.3130368E+001  0.2382907E+002 -0.9781683E+001  0.0000000E+000
 328.000    24111998  0.5831185E+001  0.4591739E+001  0.3118227E+001  0.2388458E+002 -0.9805021E+001  0.0000000E+000
 329.000    25111998  0.5790039E+001  0.4594526E+001  0.3108359E+001  0.2393233E+002 -0.9823246E+001  0.0000000E+000
 330.000    26111998  0.5738575E+001  0.4594384E+001  0.3098444E+001  0.2397054E+002 -0.9844014E+001  0.0000000E+000
 331.000    27111998  0.5636061E+001  0.4595938E+001  0.3089515E+001  0.2401555E+002 -0.9861798E+001  0.0000000E+000
 332.000    28111998  0.5544558E+001  0.4598698E+001  0.3079888E+001  0.2406739E+002 -0.9880000E+001  0.0000000E+000
 333.000    29111998  0.5451247E+001  0.4600880E+001  0.3068920E+001  0.2411394E+002 -0.9900638E+001  0.0000000E+000
 334.000    30111998  0.5357561E+001  0.4600467E+001  0.3054211E+001  0.2416189E+002 -0.9927442E+001  0.0000000E+000
 335.000    01121998  0.5273294E+001  0.4597692E+001  0.3040634E+001  0.2420084E+002 -0.9952635E+001  0.0000000E+000
 336.000    02121998  0.5203423E+001  0.4598486E+001  0.3029633E+001  0.2424211E+002 -0.9970862E+001  0.0000000E+000
 337.000    03121998  0.5139328E+001  0.4597027E+001  0.3016748E+001  0.2429240E+002 -0.9995172E+001  0.0000000E+000
 338.000    04121998  0.5077472E+001  0.4595121E+001  0.3002767E+001  0.2434318E+002 -0.1002137E+002  0.0000000E+000
 339.000    05121998  0.5011496E+001  0.4592164E+001  0.2985742E+001  0.2439224E+002 -0.1005054E+002  0.0000000E+000
 340.000    06121998  0.4947129E+001  0.4585379E+001  0.2965396E+001  0.2444557E+002 -0.1008541E+002  0.0000000E+000
 341.000    07121998  0.4881548E+001  0.4576837E+001  0.2942797E+001  0.2449563E+002 -0.1012083E+002  0.0000000E+000
 342.000    08121998  0.4817544E+001  0.4568357E+001  0.2921442E+001  0.2454242E+002 -0.1015557E+002  0.0000000E+000
 343.000    09121998  0.4769954E+001  0.4564511E+001  0.2910710E+001  0.2457800E+002 -0.1017384E+002  0.0000000E+000
 344.000    10121998  0.4728833E+001  0.4564906E+001  0.2901088E+001  0.2460839E+002 -0.1018275E+002  0.0000000E+000
 345.000    11121998  0.4690260E+001  0.4566225E+001  0.2894554E+001  0.2464177E+002 -0.1019424E+002  0.0000000E+000
 346.000    12121998  0.4647342E+001  0.4567800E+001  0.2888941E+001  0.2466613E+002 -0.1020457E+002  0.0000000E+000
 347.000    13121998  0.4609443E+001  0.4569385E+001  0.2884082E+001  0.2469110E+002 -0.1021357E+002  0.0000000E+000
 348.000    14121998  0.4575568E+001  0.4571247E+001  0.2878555E+001  0.2471983E+002 -0.1022286E+002  0.0000000E+000
 349.000    15121998  0.4496025E+001  0.4572945E+001  0.2871323E+001  0.2473844E+002 -0.1022980E+002  0.0000000E+000
 350.000    16121998  0.4428592E+001  0.4574859E+001  0.2865984E+001  0.2476769E+002 -0.1023962E+002  0.0000000E+000
 351.000    17121998  0.4363843E+001  0.4576650E+001  0.2859510E+001  0.2479147E+002 -0.1024692E+002  0.0000000E+000
 352.000    18121998  0.4303430E+001  0.4578449E+001  0.2852748E+001  0.2481466E+002 -0.1025369E+002  0.0000000E+000
 353.000    19121998  0.4258164E+001  0.4580667E+001  0.2846641E+001  0.2484460E+002 -0.1026467E+002  0.0000000E+000
 354.000    20121998  0.4221361E+001  0.4581997E+001  0.2837227E+001  0.2488769E+002 -0.1028193E+002  0.0000000E+000
 355.000    21121998  0.4180854E+001  0.4581577E+001  0.2824908E+001  0.2493012E+002 -0.1030325E+002  0.0000000E+000
 356.000    22121998  0.4138409E+001  0.4578000E+001  0.2811451E+001  0.2496715E+002 -0.1032629E+002  0.0000000E+000
 357.000    23121998  0.4088466E+001  0.4577964E+001  0.2799106E+001  0.2497132E+002 -0.1033183E+002  0.0000000E+000
 358.000    24121998  0.4038003E+001  0.4576907E+001  0.2792835E+001  0.2497132E+002 -0.1033716E+002  0.0000000E+000
 359.000    25121998  0.3991239E+001  0.4574902E+001  0.2787444E+001  0.2497132E+002 -0.1034263E+002  0.0000000E+000
 360.000    26121998  0.3947651E+001  0.4572120E+001  0.2782592E+001  0.2497132E+002 -0.1034810E+002  0.0000000E+000
 361.000    27121998  0.3906853E+001  0.4568707E+001  0.2778340E+001  0.2497132E+002 -0.1035368E+002  0.0000000E+000
 362.000    28121998  0.3866510E+001  0.4564805E+001  0.2774385E+001  0.2497132E+002 -0.1036064E+002  0.0000000E+000
 363.000    29121998  0.3848223E+001  0.4561087E+001  0.2770759E+001  0.2499186E+002 -0.1036804E+002  0.0000000E+000
 364.000    30121998  0.3827524E+001  0.4558060E+001  0.2765315E+001  0.2500762E+002 -0.1037459E+002  0.0000000E+000
 365.000    31121998  0.3808877E+001  0.4555281E+001  0.2760843E+001  0.2502396E+002 -0.1037987E+002  0.0000000E+000
