    DOY     DATE    PRECN           ET              WATER           DISCHG          SNOWPACK        WTR_1           WTR_2           WTR_3           WTR_4           WTR_5           WTR_6           ICE_2           ICE_3           ICE_4           ICE_5           ICE_6           ICE_7           PSI_3           PSI_4           PSI_5           PSI_6           PSI_7           PSI_8           ACTV_LYR        
  30.000    30011939  0.1691500E+003  0.1513286E+002  0.8338866E+003  0.7927212E+001  0.0000000E+000  0.3130150E+000  0.3416093E+000  0.3385612E+000  0.2710124E+000  0.2655596E+000  0.3561421E+000  0.9559349E-012  0.9351698E-012  0.0000000E+000  0.0000000E+000  0.0000000E+000  0.0000000E+000 -0.8271924E-002 -0.6436166E-002 -0.4400883E-002 -0.2593194E-002 -0.2578912E-002 -0.3475979E-002 -0.9999000E+004
  60.000    01031939  0.3243600E+003  0.2479177E+002  0.8734927E+003  0.1133438E+003  0.0000000E+000  0.3261273E+000  0.3579659E+000  0.3530101E+000  0.2903885E+000  0.2774718E+000  0.3781424E+000  0.9841743E-012  0.9351698E-012  0.0000000E+000  0.0000000E+000  0.0000000E+000  0.0000000E+000 -0.6001415E-002 -0.4651790E-002 -0.3527627E-002 -0.1554162E-002 -0.2480735E-002 -0.2522096E-002 -0.9999000E+004
  90.000    31031939  0.4123800E+003  0.7338570E+002  0.8122069E+003  0.2140557E+003  0.0000000E+000  0.3237425E+000  0.3187525E+000  0.3250623E+000  0.2545727E+000  0.2507275E+000  0.3541687E+000  0.9841743E-012  0.9351698E-012  0.0000000E+000  0.0000000E+000  0.0000000E+000  0.0000000E+000 -0.1058180E-001 -0.8697704E-002 -0.5794368E-002 -0.2710149E-002 -0.2603976E-002 -0.3635237E-002 -0.9999000E+004
 120.000    30041939  0.5105600E+003  0.1622998E+003  0.7599522E+003  0.2755763E+003  0.0000000E+000  0.2855288E+000  0.2985107E+000  0.2997580E+000  0.2392177E+000  0.2286499E+000  0.3346210E+000  0.9841743E-012  0.9351698E-012  0.0000000E+000  0.0000000E+000  0.0000000E+000  0.0000000E+000 -0.1559038E-001 -0.1173504E-001 -0.9029672E-002 -0.4283037E-002 -0.3237774E-002 -0.4985797E-002 -0.9999000E+004
 150.000    30051939  0.6511000E+003  0.2762674E+003  0.7583896E+003  0.3037112E+003  0.0000000E+000  0.3000190E+000  0.3120783E+000  0.3152040E+000  0.2504693E+000  0.2482494E+000  0.3466342E+000  0.9841743E-012  0.9351698E-012  0.0000000E+000  0.0000000E+000  0.0000000E+000  0.0000000E+000 -0.1244364E-001 -0.9280508E-002 -0.6067848E-002 -0.3223649E-002 -0.2931854E-002 -0.4443966E-002 -0.9999000E+004
 180.000    29061939  0.7988700E+003  0.4121600E+003  0.7393175E+003  0.3346608E+003  0.0000000E+000  0.2022884E+000  0.2078712E+000  0.2187974E+000  0.1943745E+000  0.2118327E+000  0.3310320E+000  0.9841743E-012  0.9351698E-012  0.0000000E+000  0.0000000E+000  0.0000000E+000  0.0000000E+000 -0.6858531E-001 -0.3437729E-001 -0.1387785E-001 -0.4668741E-002 -0.3382675E-002 -0.5087031E-002 -0.9999000E+004
 210.000    29071939  0.8888900E+003  0.5474196E+003  0.6650851E+003  0.3636536E+003  0.0000000E+000  0.1918173E+000  0.1968594E+000  0.2076869E+000  0.1565441E+000  0.1550407E+000  0.2971079E+000  0.9841743E-012  0.9351698E-012  0.0000000E+000  0.0000000E+000  0.0000000E+000  0.0000000E+000 -0.8670204E-001 -0.1062412E+000 -0.9117364E-001 -0.1128159E-001 -0.5871636E-002 -0.7933902E-002 -0.9999000E+004
 240.000    28081939  0.9653100E+003  0.6786930E+003  0.5979209E+003  0.3759643E+003  0.0000000E+000  0.3030363E+000  0.3178490E+000  0.1558070E+000  0.1203744E+000  0.1201431E+000  0.2505142E+000  0.9841743E-012  0.9351698E-012  0.0000000E+000  0.0000000E+000  0.0000000E+000  0.0000000E+000 -0.3819091E+000 -0.4158522E+000 -0.4254074E+000 -0.5115776E-001 -0.1464581E-001 -0.1938335E-001 -0.9999000E+004
 270.000    27091939  0.1173340E+004  0.7785428E+003  0.6996800E+003  0.3823855E+003  0.0000000E+000  0.3308856E+000  0.3558766E+000  0.3532035E+000  0.2919644E+000  0.2951901E+000  0.3549070E+000  0.9841743E-012  0.9351698E-012  0.0000000E+000  0.0000000E+000  0.0000000E+000  0.0000000E+000 -0.6002537E-002 -0.4538432E-002 -0.2646789E-002 -0.2671557E-002 -0.1558520E-001 -0.1989079E-001 -0.9999000E+004
 300.000    27101939  0.1257790E+004  0.8423438E+003  0.7161380E+003  0.3865763E+003  0.0000000E+000  0.2983257E+000  0.3180928E+000  0.3172374E+000  0.2462584E+000  0.2380402E+000  0.3423297E+000  0.9841743E-012  0.9351698E-012  0.0000000E+000  0.0000000E+000  0.0000000E+000  0.0000000E+000 -0.1190183E-001 -0.1023644E-001 -0.7442392E-002 -0.3564984E-002 -0.2909386E-002 -0.2904170E-002 -0.9999000E+004
 330.000    26111939  0.1412050E+004  0.8657763E+003  0.8368279E+003  0.3967139E+003  0.0000000E+000  0.3441261E+000  0.3465394E+000  0.3619438E+000  0.2954524E+000  0.2959858E+000  0.3680633E+000  0.9841743E-012  0.9351698E-012  0.0000000E+000  0.0000000E+000  0.0000000E+000  0.0000000E+000 -0.5057606E-002 -0.4262686E-002 -0.2471494E-002 -0.2015258E-002 -0.2503686E-002 -0.3518335E-002 -0.9999000E+004
 360.000    26121939  0.1443520E+004  0.8856930E+003  0.7911769E+003  0.4538883E+003  0.0000000E+000  0.3493962E+000  0.3483434E+000  0.3520266E+000  0.2887166E+000  0.2879834E+000  0.3573731E+000  0.9841743E-012  0.9351698E-012  0.0000000E+000  0.0000000E+000  0.0000000E+000  0.0000000E+000 -0.6243100E-002 -0.4778219E-002 -0.2985742E-002 -0.2524432E-002 -0.2975268E-002 -0.4911744E-002 -0.9999000E+004
