    DOY     DATE    PRECN           ET              WATER           DISCHG          SNOWPACK        WTR_1           WTR_2           WTR_3           WTR_4           WTR_5           WTR_6           ICE_2           ICE_3           ICE_4           ICE_5           ICE_6           ICE_7           PSI_3           PSI_4           PSI_5           PSI_6           PSI_7           PSI_8           ACTV_LYR        
  30.000    30011911  0.1462400E+003  0.1880813E+002  0.8331415E+003  0.1669415E+002  0.0000000E+000  0.3416670E+000  0.3371436E+000  0.3409777E+000  0.2707143E+000  0.2650356E+000  0.3569610E+000  0.9459739E-012  0.9888537E-012  0.0000000E+000  0.0000000E+000  0.0000000E+000  0.0000000E+000 -0.7722040E-002 -0.6554830E-002 -0.4442142E-002 -0.2545531E-002 -0.2573351E-002 -0.3492579E-002 -0.9999000E+004
  60.000    01031911  0.2273100E+003  0.4650097E+002  0.8092623E+003  0.8062748E+002  0.9641807E+002  0.3430195E+000  0.3401645E+000  0.3495360E+000  0.2724749E+000  0.2589229E+000  0.3542955E+000  0.9459739E-012  0.9888537E-012  0.0000000E+000  0.0000000E+000  0.0000000E+000  0.0000000E+000 -0.6944371E-002 -0.6471550E-002 -0.4985933E-002 -0.2703431E-002 -0.2623044E-002 -0.3732773E-002 -0.9999000E+004
  90.000    31031911  0.4160900E+003  0.8734017E+002  0.8497789E+003  0.2013580E+003  0.0000000E+000  0.3116938E+000  0.3382418E+000  0.3351830E+000  0.2665973E+000  0.2639096E+000  0.3567749E+000  0.9871865E-012  0.9888537E-012  0.0000000E+000  0.0000000E+000  0.0000000E+000  0.0000000E+000 -0.8817866E-002 -0.6981342E-002 -0.4524859E-002 -0.2556136E-002 -0.2544987E-002 -0.3194548E-002 -0.9999000E+004
 120.000    30041911  0.5533600E+003  0.1871620E+003  0.7499935E+003  0.3385915E+003  0.0000000E+000  0.2285981E+000  0.2316306E+000  0.2369276E+000  0.2020007E+000  0.2139065E+000  0.3390688E+000  0.9871865E-012  0.9888537E-012  0.0000000E+000  0.0000000E+000  0.0000000E+000  0.0000000E+000 -0.4731977E-001 -0.2826279E-001 -0.1310344E-001 -0.3847945E-002 -0.3047561E-002 -0.4712287E-002 -0.9999000E+004
 150.000    30051911  0.6489300E+003  0.3061298E+003  0.6936277E+003  0.3715596E+003  0.0000000E+000  0.2373182E+000  0.2393379E+000  0.2409726E+000  0.1656925E+000  0.1783219E+000  0.3096817E+000  0.9871865E-012  0.9888537E-012  0.0000000E+000  0.0000000E+000  0.0000000E+000  0.0000000E+000 -0.4376875E-001 -0.7962454E-001 -0.3929628E-001 -0.7993809E-002 -0.4575301E-002 -0.6482165E-002 -0.9999000E+004
 180.000    29061911  0.6890600E+003  0.4347013E+003  0.5900492E+003  0.3866965E+003  0.0000000E+000  0.1273934E+000  0.1200422E+000  0.1215603E+000  0.1000546E+000  0.1081714E+000  0.2567860E+000  0.9871865E-012  0.9888537E-012  0.0000000E+000  0.0000000E+000  0.0000000E+000  0.0000000E+000 -0.1183325E+001 -0.1071078E+001 -0.7944080E+000 -0.4092035E-001 -0.1146753E-001 -0.1564752E-001 -0.9999000E+004
 210.000    29071911  0.8121500E+003  0.5786776E+003  0.5617039E+003  0.3941555E+003  0.0000000E+000  0.1362957E+000  0.1341668E+000  0.1573127E+000  0.1288382E+000  0.1250740E+000  0.2297736E+000  0.9871865E-012  0.9888537E-012  0.0000000E+000  0.0000000E+000  0.0000000E+000  0.0000000E+000 -0.3284710E+000 -0.2876972E+000 -0.3307758E+000 -0.1097014E+000 -0.2313014E-001 -0.3011851E-001 -0.9999000E+004
 240.000    28081911  0.9024900E+003  0.7055960E+003  0.5212823E+003  0.3979986E+003  0.0000000E+000  0.1303606E+000  0.1236430E+000  0.1355078E+000  0.1101227E+000  0.1153399E+000  0.2093247E+000  0.9871865E-012  0.9888537E-012  0.0000000E+000  0.0000000E+000  0.0000000E+000  0.0000000E+000 -0.6826774E+000 -0.6492960E+000 -0.5387761E+000 -0.2504192E+000 -0.4995110E-001 -0.6413653E-001 -0.9999000E+004
 270.000    27091911  0.9923500E+003  0.7874977E+003  0.5292235E+003  0.3980157E+003  0.0000000E+000  0.1952460E+000  0.1965005E+000  0.1994918E+000  0.1644426E+000  0.1404502E+000  0.2102847E+000  0.9871865E-012  0.9888537E-012  0.0000000E+000  0.0000000E+000  0.0000000E+000  0.0000000E+000 -0.1093856E+000 -0.8228489E-001 -0.1655452E+000 -0.2413303E+000 -0.8090274E-001 -0.9960309E-001 -0.9999000E+004
 300.000    27101911  0.1038160E+004  0.8199533E+003  0.5425779E+003  0.3980157E+003  0.0000000E+000  0.2533368E+000  0.2546694E+000  0.2557232E+000  0.1742560E+000  0.1503790E+000  0.2186862E+000  0.9871865E-012  0.9888537E-012  0.0000000E+000  0.0000000E+000  0.0000000E+000  0.0000000E+000 -0.3327762E-001 -0.6142792E-001 -0.1097594E+000 -0.1705792E+000 -0.8344100E-001 -0.9626125E-001 -0.9999000E+004
 330.000    26111911  0.1102560E+004  0.8566663E+003  0.5702648E+003  0.3980157E+003  0.0000000E+000  0.2716435E+000  0.2726563E+000  0.2743098E+000  0.2150780E+000  0.2119717E+000  0.2292288E+000  0.9871865E-012  0.9888537E-012  0.0000000E+000  0.0000000E+000  0.0000000E+000  0.0000000E+000 -0.2399932E-001 -0.2059704E-001 -0.1386147E-001 -0.1123880E+000 -0.7189836E-001 -0.7804395E-001 -0.9999000E+004
 360.000    26121911  0.1274170E+004  0.8787658E+003  0.7197520E+003  0.3980157E+003  0.0000000E+000  0.3421972E+000  0.3394059E+000  0.3482839E+000  0.2783636E+000  0.2744752E+000  0.3576741E+000  0.9871865E-012  0.9888537E-012  0.0000000E+000  0.0000000E+000  0.0000000E+000  0.0000000E+000 -0.7220815E-002 -0.5684341E-002 -0.3756300E-002 -0.2505878E-002 -0.2522402E-002 -0.2874026E-002 -0.9999000E+004
