    DOY     DATE    PRECN           ET              WATER           DISCHG          SNOWPACK        WTR_1           WTR_2           WTR_3           WTR_4           WTR_5           WTR_6           ICE_2           ICE_3           ICE_4           ICE_5           ICE_6           ICE_7           PSI_3           PSI_4           PSI_5           PSI_6           PSI_7           PSI_8           ACTV_LYR        
  30.000    30011962  0.4526000E+002  0.2248537E+002  0.8049797E+003  0.4297433E+002  0.0000000E+000  0.1793996E+000  0.2608972E+000  0.3349862E+000  0.2621232E+000  0.2541262E+000  0.3555432E+000  0.2363155E+000  0.9672458E-012  0.0000000E+000  0.0000000E+000  0.0000000E+000  0.0000000E+000 -0.8856809E-002 -0.7608957E-002 -0.5439695E-002 -0.2627156E-002 -0.2555766E-002 -0.3278716E-002 -0.9999000E+004
  60.000    01031962  0.9693000E+002  0.5127446E+002  0.7990079E+003  0.7168217E+002  0.0000000E+000  0.3433989E+000  0.3460504E+000  0.3559921E+000  0.2890656E+000  0.2873220E+000  0.3561704E+000  0.9725202E-012  0.9672458E-012  0.0000000E+000  0.0000000E+000  0.0000000E+000  0.0000000E+000 -0.5500154E-002 -0.4767476E-002 -0.3021169E-002 -0.2593660E-002 -0.2863754E-002 -0.4513481E-002 -0.9999000E+004
  90.000    31031962  0.1733100E+003  0.9061681E+002  0.8009473E+003  0.1067804E+003  0.0000000E+000  0.3045708E+000  0.3337228E+000  0.3316341E+000  0.2600483E+000  0.2531009E+000  0.3516824E+000  0.9388465E-012  0.9672458E-012  0.0000000E+000  0.0000000E+000  0.0000000E+000  0.0000000E+000 -0.9302778E-002 -0.7873800E-002 -0.5537302E-002 -0.2867463E-002 -0.2817040E-002 -0.4243523E-002 -0.9999000E+004
 120.000    30041962  0.2064900E+003  0.1576369E+003  0.7275700E+003  0.1463175E+003  0.0000000E+000  0.2930831E+000  0.3030079E+000  0.3050611E+000  0.2364179E+000  0.2232136E+000  0.3227583E+000  0.9388465E-012  0.9672458E-012  0.0000000E+000  0.0000000E+000  0.0000000E+000  0.0000000E+000 -0.1434558E-001 -0.1261551E-001 -0.1015756E-001 -0.5726057E-002 -0.4329601E-002 -0.6564377E-002 -0.9999000E+004
 150.000    30051962  0.2816200E+003  0.2313303E+003  0.7139434E+003  0.1613807E+003  0.0000000E+000  0.3588049E+000  0.3404836E+000  0.3507603E+000  0.2716728E+000  0.2644507E+000  0.3072144E+000  0.9388465E-012  0.9672458E-012  0.0000000E+000  0.0000000E+000  0.0000000E+000  0.0000000E+000 -0.7806140E-002 -0.6485551E-002 -0.4489485E-002 -0.8525530E-002 -0.6372658E-002 -0.9167511E-002 -0.9999000E+004
 180.000    29061962  0.3241500E+003  0.3314836E+003  0.6485601E+003  0.1691407E+003  0.0000000E+000  0.3085372E+000  0.3084517E+000  0.3127355E+000  0.2056179E+000  0.1969902E+000  0.2932183E+000  0.9388465E-012  0.9672458E-012  0.0000000E+000  0.0000000E+000  0.0000000E+000  0.0000000E+000 -0.1259499E-001 -0.2643478E-001 -0.2154946E-001 -0.1267605E-001 -0.9844180E-002 -0.1590508E-001 -0.9999000E+004
 210.000    29071962  0.4242200E+003  0.4594945E+003  0.6167534E+003  0.1730065E+003  0.0000000E+000  0.2830521E+000  0.3029160E+000  0.3023863E+000  0.2338778E+000  0.1779730E+000  0.2757115E+000  0.9388465E-012  0.9672458E-012  0.0000000E+000  0.0000000E+000  0.0000000E+000  0.0000000E+000 -0.1482190E-001 -0.1334358E-001 -0.3974633E-001 -0.2186538E-001 -0.1653663E-001 -0.2932909E-001 -0.9999000E+004
 240.000    28081962  0.6532200E+003  0.5591668E+003  0.7460779E+003  0.1730098E+003  0.0000000E+000  0.3295963E+000  0.3641105E+000  0.3569731E+000  0.2964887E+000  0.2935488E+000  0.3741546E+000  0.9388465E-012  0.9672458E-012  0.0000000E+000  0.0000000E+000  0.0000000E+000  0.0000000E+000 -0.5547311E-002 -0.4255889E-002 -0.2592371E-002 -0.1742272E-002 -0.2496207E-002 -0.3100162E-002 -0.9999000E+004
 270.000    27091962  0.6738600E+003  0.6235098E+003  0.7023749E+003  0.1730097E+003  0.0000000E+000  0.2999879E+000  0.2922368E+000  0.2971851E+000  0.2312613E+000  0.2248450E+000  0.3351179E+000  0.9388465E-012  0.9672458E-012  0.0000000E+000  0.0000000E+000  0.0000000E+000  0.0000000E+000 -0.1633874E-001 -0.1415577E-001 -0.9771864E-002 -0.4229239E-002 -0.3681265E-002 -0.5150973E-002 -0.9999000E+004
 300.000    27101962  0.7335900E+003  0.6790521E+003  0.7065634E+003  0.1730089E+003  0.0000000E+000  0.3597596E+000  0.3607963E+000  0.3619496E+000  0.3073347E+000  0.2205186E+000  0.3128597E+000  0.9388465E-012  0.9672458E-012  0.0000000E+000  0.0000000E+000  0.0000000E+000  0.0000000E+000 -0.4387375E-002 -0.3548580E-002 -0.1101691E-001 -0.7363208E-002 -0.5112265E-002 -0.6204702E-002 -0.9999000E+004
 330.000    26111962  0.8301500E+003  0.7167058E+003  0.7661982E+003  0.1730082E+003  0.0000000E+000  0.3399857E+000  0.3677387E+000  0.3636272E+000  0.3073106E+000  0.2863834E+000  0.3568868E+000  0.9388465E-012  0.9672458E-012  0.0000000E+000  0.0000000E+000  0.0000000E+000  0.0000000E+000 -0.4765434E-002 -0.3546988E-002 -0.3136623E-002 -0.2551509E-002 -0.2599281E-002 -0.3514283E-002 -0.9999000E+004
 360.000    26121962  0.9398700E+003  0.7450563E+003  0.8461316E+003  0.1742742E+003  0.0000000E+000  0.3549407E+000  0.3435093E+000  0.3520782E+000  0.2856185E+000  0.2673567E+000  0.3576605E+000  0.9388465E-012  0.9672458E-012  0.0000000E+000  0.0000000E+000  0.0000000E+000  0.0000000E+000 -0.6462320E-002 -0.5018418E-002 -0.4296361E-002 -0.2505681E-002 -0.2504541E-002 -0.2615557E-002 -0.9999000E+004
