    DOY     DATE    RESIDUE_C       HUMUS_C         ATM_CO2         NBP             ECO_LAI         ECO_GPP         ECO_RA          ECO_NPP         ECO_RH          
   1.000    01011986  0.3335846E+004  0.7129688E+004  0.3406120E+003 -0.1450585E+000  0.2355228E+001  0.1147142E+000 -0.3750959E-001  0.7720466E-001 -0.2243131E+000
   2.000    02011986  0.3335675E+004  0.7130029E+004  0.3406120E+003 -0.2087223E+000  0.2353260E+001  0.2291356E+000 -0.7951153E-001  0.1496241E+000 -0.4644326E+000
   3.000    03011986  0.3335895E+004  0.7130366E+004  0.3406120E+003 -0.1618089E+000  0.2353265E+001  0.4393994E+000 -0.1473859E+000  0.2920135E+000 -0.7398348E+000
   4.000    04011986  0.3335782E+004  0.7130703E+004  0.3406120E+003 -0.2262090E+000  0.2351194E+001  0.5507210E+000 -0.1964858E+000  0.3542352E+000 -0.1041255E+001
   5.000    05011986  0.3335641E+004  0.7131039E+004  0.3406120E+003 -0.2775970E+000  0.2349233E+001  0.6632951E+000 -0.2418446E+000  0.4214505E+000 -0.1349426E+001
   6.000    06011986  0.3335316E+004  0.7131373E+004  0.3406120E+003 -0.3678943E+000  0.2346939E+001  0.7489903E+000 -0.2784391E+000  0.4705512E+000 -0.1636186E+001
   7.000    07011986  0.3334984E+004  0.7131705E+004  0.3406120E+003 -0.4292009E+000  0.2345104E+001  0.8166825E+000 -0.3107653E+000  0.5059173E+000 -0.1886532E+001
   8.000    08011986  0.3334525E+004  0.7132036E+004  0.3406120E+003 -0.5384206E+000  0.2342870E+001  0.8244010E+000 -0.3350942E+000  0.4893068E+000 -0.2097159E+001
   9.000    09011986  0.3334148E+004  0.7132379E+004  0.3406120E+003 -0.9499539E+000  0.2341080E+001  0.8571336E+000 -0.3589690E+000  0.4981646E+000 -0.2251790E+001
  10.000    10011986  0.3333940E+004  0.7132713E+004  0.3406120E+003 -0.1232699E+001  0.2339069E+001  0.9471697E+000 -0.3935790E+000  0.5535907E+000 -0.2412378E+001
  11.000    11011986  0.3333690E+004  0.7133030E+004  0.3406120E+003 -0.1341600E+001  0.2337062E+001  0.1004210E+001 -0.4253817E+000  0.5788280E+000 -0.2591518E+001
  12.000    12011986  0.3333565E+004  0.7133346E+004  0.3406120E+003 -0.1378301E+001  0.2334945E+001  0.1109838E+001 -0.4655160E+000  0.6443225E+000 -0.2764678E+001
  13.000    13011986  0.3333297E+004  0.7133657E+004  0.3406120E+003 -0.1451907E+001  0.2332908E+001  0.1167175E+001 -0.4968055E+000  0.6703694E+000 -0.2958713E+001
  14.000    14011986  0.3332950E+004  0.7133971E+004  0.3406120E+003 -0.1555249E+001  0.2331048E+001  0.1203046E+001 -0.5223049E+000  0.6807407E+000 -0.3120170E+001
  15.000    15011986  0.3332608E+004  0.7134283E+004  0.3406120E+003 -0.1662925E+001  0.2329057E+001  0.1235755E+001 -0.5478444E+000  0.6879101E+000 -0.3268625E+001
  16.000    16011986  0.3332489E+004  0.7134594E+004  0.3406120E+003 -0.1700388E+001  0.2327423E+001  0.1334340E+001 -0.5859887E+000  0.7483512E+000 -0.3409660E+001
  17.000    17011986  0.3332822E+004  0.7134893E+004  0.3406120E+003 -0.1640118E+001  0.2328769E+001  0.1556825E+001 -0.6547154E+000  0.9021099E+000 -0.3598482E+001
  18.000    18011986  0.3333637E+004  0.7135193E+004  0.3406120E+003 -0.1576190E+001  0.2331090E+001  0.1842119E+001 -0.7578816E+000  0.1084238E+001 -0.3837677E+001
  19.000    19011986  0.3334604E+004  0.7135495E+004  0.3406120E+003 -0.1481713E+001  0.2332883E+001  0.2169942E+001 -0.8718413E+000  0.1298101E+001 -0.4133935E+001
  20.000    20011986  0.3334706E+004  0.7135799E+004  0.3406120E+003 -0.1512846E+001  0.2332647E+001  0.2292491E+001 -0.9280050E+000  0.1364486E+001 -0.4420820E+001
  21.000    21011986  0.3334563E+004  0.7136102E+004  0.3406120E+003 -0.1524147E+001  0.2329587E+001  0.2414258E+001 -0.9712102E+000  0.1443048E+001 -0.4695276E+001
  22.000    22011986  0.3334730E+004  0.7136405E+004  0.3406120E+003 -0.1494955E+001  0.2328074E+001  0.2599419E+001 -0.1033773E+001  0.1565646E+001 -0.4968290E+001
  23.000    23011986  0.3334934E+004  0.7136708E+004  0.3406120E+003 -0.1543654E+001  0.2328310E+001  0.2723387E+001 -0.1095844E+001  0.1627544E+001 -0.5249670E+001
  24.000    24011986  0.3334571E+004  0.7137010E+004  0.3406120E+003 -0.1629389E+001  0.2324049E+001  0.2785259E+001 -0.1126313E+001  0.1658946E+001 -0.5522347E+001
  25.000    25011986  0.3334146E+004  0.7137310E+004  0.3406120E+003 -0.1717046E+001  0.2322331E+001  0.2838150E+001 -0.1153317E+001  0.1684833E+001 -0.5796553E+001
  26.000    26011986  0.3333843E+004  0.7137611E+004  0.3406120E+003 -0.1786606E+001  0.2321980E+001  0.2935528E+001 -0.1186634E+001  0.1748894E+001 -0.6073297E+001
  27.000    27011986  0.3333428E+004  0.7137910E+004  0.3406120E+003 -0.1921492E+001  0.2319695E+001  0.2952303E+001 -0.1213770E+001  0.1738534E+001 -0.6351301E+001
  28.000    28011986  0.3332877E+004  0.7138209E+004  0.3406120E+003 -0.2069424E+001  0.2318114E+001  0.2953572E+001 -0.1233303E+001  0.1720269E+001 -0.6629737E+001
  29.000    29011986  0.3332411E+004  0.7138506E+004  0.3406120E+003 -0.2196715E+001  0.2316309E+001  0.2988167E+001 -0.1257454E+001  0.1730713E+001 -0.6908327E+001
  30.000    30011986  0.3332023E+004  0.7138802E+004  0.3406120E+003 -0.2331580E+001  0.2314156E+001  0.3020269E+001 -0.1284655E+001  0.1735614E+001 -0.7185983E+001
  31.000    31011986  0.3331660E+004  0.7139098E+004  0.3406120E+003 -0.2524216E+001  0.2312487E+001  0.3085850E+001 -0.1313840E+001  0.1772010E+001 -0.7438077E+001
  32.000    01021986  0.3331614E+004  0.7139391E+004  0.3406120E+003 -0.2625323E+001  0.2312346E+001  0.3231677E+001 -0.1362313E+001  0.1869364E+001 -0.7683053E+001
  33.000    02021986  0.3332089E+004  0.7139682E+004  0.3406120E+003 -0.2612604E+001  0.2313648E+001  0.3475027E+001 -0.1442820E+001  0.2032207E+001 -0.7939947E+001
  34.000    03021986  0.3332725E+004  0.7139973E+004  0.3406120E+003 -0.2575409E+001  0.2314716E+001  0.3740338E+001 -0.1532480E+001  0.2207858E+001 -0.8200604E+001
  35.000    04021986  0.3333485E+004  0.7140264E+004  0.3406120E+003 -0.2521572E+001  0.2315663E+001  0.4030636E+001 -0.1630162E+001  0.2400474E+001 -0.8462014E+001
  36.000    05021986  0.3334582E+004  0.7140553E+004  0.3406120E+003 -0.2434294E+001  0.2317019E+001  0.4362834E+001 -0.1744943E+001  0.2617890E+001 -0.8722568E+001
  37.000    06021986  0.3335467E+004  0.7140841E+004  0.3406120E+003 -0.2365604E+001  0.2318603E+001  0.4676140E+001 -0.1846871E+001  0.2829269E+001 -0.9001676E+001
  38.000    07021986  0.3335934E+004  0.7141130E+004  0.3406120E+003 -0.2398892E+001  0.2319361E+001  0.4875556E+001 -0.1923952E+001  0.2951603E+001 -0.9290778E+001
  39.000    08021986  0.3336158E+004  0.7141419E+004  0.3406120E+003 -0.2411482E+001  0.2319387E+001  0.5063848E+001 -0.1985714E+001  0.3078134E+001 -0.9579223E+001
  40.000    09021986  0.3336492E+004  0.7141710E+004  0.3406120E+003 -0.2425390E+001  0.2319838E+001  0.5282490E+001 -0.2053757E+001  0.3228733E+001 -0.9832430E+001
  41.000    10021986  0.3336617E+004  0.7142000E+004  0.3406120E+003 -0.3077140E+001  0.2320109E+001  0.5452251E+001 -0.2113748E+001  0.3338503E+001 -0.1016076E+002
  42.000    11021986  0.3336581E+004  0.7142288E+004  0.3406120E+003 -0.4003012E+001  0.2320267E+001  0.5615966E+001 -0.2166888E+001  0.3449078E+001 -0.1053286E+002
  43.000    12021986  0.3336162E+004  0.7142575E+004  0.3406120E+003 -0.4971677E+001  0.2316979E+001  0.5647909E+001 -0.2194509E+001  0.3453400E+001 -0.1083962E+002
  44.000    13021986  0.3335667E+004  0.7142861E+004  0.3406120E+003 -0.5263982E+001  0.2312105E+001  0.5660897E+001 -0.2217984E+001  0.3442914E+001 -0.1111836E+002
  45.000    14021986  0.3335246E+004  0.7143146E+004  0.3406120E+003 -0.5482666E+001  0.2308638E+001  0.5703827E+001 -0.2241930E+001  0.3461897E+001 -0.1136538E+002
  46.000    15021986  0.3334907E+004  0.7143427E+004  0.3406120E+003 -0.5575255E+001  0.2305667E+001  0.5760460E+001 -0.2270683E+001  0.3489777E+001 -0.1162185E+002
  47.000    16021986  0.3334731E+004  0.7143707E+004  0.3406120E+003 -0.5646106E+001  0.2302860E+001  0.5878111E+001 -0.2308681E+001  0.3569429E+001 -0.1184915E+002
  48.000    17021986  0.3335090E+004  0.7143986E+004  0.3406120E+003 -0.5549284E+001  0.2304152E+001  0.6132019E+001 -0.2383330E+001  0.3748689E+001 -0.1211007E+002
  49.000    18021986  0.3335800E+004  0.7144264E+004  0.3406120E+003 -0.5396255E+001  0.2305978E+001  0.6454922E+001 -0.2482971E+001  0.3971951E+001 -0.1238097E+002
  50.000    19021986  0.3336605E+004  0.7144542E+004  0.3406120E+003 -0.5277924E+001  0.2307091E+001  0.6779696E+001 -0.2590071E+001  0.4189625E+001 -0.1267640E+002
  51.000    20021986  0.3337481E+004  0.7144821E+004  0.3406120E+003 -0.5697613E+001  0.2307832E+001  0.7079129E+001 -0.2702727E+001  0.4376402E+001 -0.1302890E+002
  52.000    21021986  0.3338282E+004  0.7145101E+004  0.3406120E+003 -0.6614554E+001  0.2308272E+001  0.7441160E+001 -0.2825230E+001  0.4615930E+001 -0.1360816E+002
  53.000    22021986  0.3338249E+004  0.7145383E+004  0.3406120E+003 -0.8281304E+001  0.2308231E+001  0.7674566E+001 -0.2933317E+001  0.4741248E+001 -0.1474517E+002
  54.000    23021986  0.3337531E+004  0.7145672E+004  0.3406120E+003 -0.9648064E+001  0.2307424E+001  0.7823023E+001 -0.2989835E+001  0.4833189E+001 -0.1573759E+002
  55.000    24021986  0.3336984E+004  0.7145964E+004  0.3406120E+003 -0.1066222E+002  0.2305664E+001  0.7983776E+001 -0.3042620E+001  0.4941156E+001 -0.1650144E+002
  56.000    25021986  0.3336233E+004  0.7146257E+004  0.3406120E+003 -0.1166637E+002  0.2304570E+001  0.8063583E+001 -0.3082684E+001  0.4980899E+001 -0.1728536E+002
  57.000    26021986  0.3335711E+004  0.7146552E+004  0.3406120E+003 -0.1210415E+002  0.2301599E+001  0.8156000E+001 -0.3118125E+001  0.5037875E+001 -0.1775819E+002
  58.000    27021986  0.3335337E+004  0.7146845E+004  0.3406120E+003 -0.1254293E+002  0.2299793E+001  0.8252358E+001 -0.3153735E+001  0.5098623E+001 -0.1814285E+002
  59.000    28021986  0.3334922E+004  0.7147136E+004  0.3406120E+003 -0.1314223E+002  0.2297774E+001  0.8333445E+001 -0.3185686E+001  0.5147758E+001 -0.1851377E+002
  60.000    01031986  0.3334472E+004  0.7147426E+004  0.3406120E+003 -0.1355587E+002  0.2294264E+001  0.8393325E+001 -0.3215407E+001  0.5177918E+001 -0.1887555E+002
  61.000    02031986  0.3334080E+004  0.7147714E+004  0.3406120E+003 -0.1364274E+002  0.2291292E+001  0.8475377E+001 -0.3249001E+001  0.5226376E+001 -0.1921019E+002
  62.000    03031986  0.3334001E+004  0.7148000E+004  0.3406120E+003 -0.1358739E+002  0.2289746E+001  0.8657019E+001 -0.3302770E+001  0.5354249E+001 -0.1953387E+002
  63.000    04031986  0.3334085E+004  0.7148285E+004  0.3406120E+003 -0.1353508E+002  0.2289828E+001  0.8850994E+001 -0.3367099E+001  0.5483895E+001 -0.1986514E+002
  64.000    05031986  0.3334044E+004  0.7148569E+004  0.3406120E+003 -0.1359695E+002  0.2290015E+001  0.9011245E+001 -0.3422366E+001  0.5588879E+001 -0.2019479E+002
  65.000    06031986  0.3333993E+004  0.7148852E+004  0.3406120E+003 -0.1411984E+002  0.2289049E+001  0.9199496E+001 -0.3480638E+001  0.5718858E+001 -0.2054250E+002
  66.000    07031986  0.3333848E+004  0.7149134E+004  0.3406120E+003 -0.1499562E+002  0.2287906E+001  0.9373297E+001 -0.3536500E+001  0.5836798E+001 -0.2093865E+002
  67.000    08031986  0.3333306E+004  0.7149416E+004  0.3406120E+003 -0.1547690E+002  0.2284123E+001  0.9402047E+001 -0.3565070E+001  0.5836978E+001 -0.2133918E+002
  68.000    09031986  0.3333265E+004  0.7149698E+004  0.3406120E+003 -0.1541636E+002  0.2284456E+001  0.9602788E+001 -0.3625301E+001  0.5977486E+001 -0.2165243E+002
  69.000    10031986  0.3334409E+004  0.7149978E+004  0.3406120E+003 -0.1539300E+002  0.2288628E+001  0.1003386E+002 -0.3770439E+001  0.6263422E+001 -0.2200772E+002
  70.000    11031986  0.3335685E+004  0.7150259E+004  0.3406120E+003 -0.1673472E+002  0.2290908E+001  0.1055863E+002 -0.3979404E+001  0.6579230E+001 -0.2320955E+002
  71.000    12031986  0.3334972E+004  0.7150546E+004  0.3406120E+003 -0.1851384E+002  0.2291037E+001  0.1079038E+002 -0.4091647E+001  0.6698731E+001 -0.2490979E+002
  72.000    13031986  0.3334307E+004  0.7150841E+004  0.3406120E+003 -0.1992409E+002  0.2291578E+001  0.1116361E+002 -0.4213881E+001  0.6949728E+001 -0.2666033E+002
  73.000    14031986  0.3333618E+004  0.7151135E+004  0.3406120E+003 -0.2236266E+002  0.2292548E+001  0.1166416E+002 -0.4412656E+001  0.7251504E+001 -0.2945999E+002
  74.000    15031986  0.3332484E+004  0.7151436E+004  0.3406120E+003 -0.2508909E+002  0.2292408E+001  0.1208795E+002 -0.4583876E+001  0.7504078E+001 -0.3234886E+002
  75.000    16031986  0.3331223E+004  0.7151747E+004  0.3406120E+003 -0.2767084E+002  0.2291927E+001  0.1249595E+002 -0.4732938E+001  0.7763009E+001 -0.3510486E+002
  76.000    17031986  0.3329782E+004  0.7152067E+004  0.3406120E+003 -0.3006820E+002  0.2292236E+001  0.1281489E+002 -0.4850433E+001  0.7964455E+001 -0.3757184E+002
  77.000    18031986  0.3328592E+004  0.7152397E+004  0.3406120E+003 -0.3218432E+002  0.2292096E+001  0.1317727E+002 -0.4969406E+001  0.8207859E+001 -0.3979982E+002
  78.000    19031986  0.3327487E+004  0.7152721E+004  0.3406120E+003 -0.3467522E+002  0.2291828E+001  0.1366895E+002 -0.5141165E+001  0.8527788E+001 -0.4268545E+002
  79.000    20031986  0.3325638E+004  0.7153045E+004  0.3406120E+003 -0.3755017E+002  0.2291590E+001  0.1401542E+002 -0.5280265E+001  0.8735153E+001 -0.4583211E+002
  80.000    21031986  0.3323633E+004  0.7153391E+004  0.3406120E+003 -0.3976005E+002  0.2290754E+001  0.1408136E+002 -0.5331765E+001  0.8749590E+001 -0.4787458E+002
  81.000    22031986  0.3322541E+004  0.7153754E+004  0.3406120E+003 -0.4090345E+002  0.2287892E+001  0.1416695E+002 -0.5368933E+001  0.8798015E+001 -0.4892130E+002
  82.000    23031986  0.3321851E+004  0.7154118E+004  0.3406120E+003 -0.4147886E+002  0.2288006E+001  0.1434872E+002 -0.5421060E+001  0.8927656E+001 -0.4969612E+002
  83.000    24031986  0.3321703E+004  0.7154480E+004  0.3406120E+003 -0.4232874E+002  0.2292112E+001  0.1466423E+002 -0.5505415E+001  0.9158810E+001 -0.5043990E+002
  84.000    25031986  0.3321294E+004  0.7154834E+004  0.3406120E+003 -0.4355741E+002  0.2299170E+001  0.1501340E+002 -0.5617155E+001  0.9396241E+001 -0.5177029E+002
  85.000    26031986  0.3320815E+004  0.7155180E+004  0.3406120E+003 -0.4534732E+002  0.2311696E+001  0.1550760E+002 -0.5785956E+001  0.9721642E+001 -0.5385298E+002
  86.000    27031986  0.3320088E+004  0.7155520E+004  0.3406120E+003 -0.4762290E+002  0.2324899E+001  0.1601897E+002 -0.5977694E+001  0.1004128E+002 -0.5643907E+002
  87.000    28031986  0.3318664E+004  0.7155867E+004  0.3406120E+003 -0.4981831E+002  0.2331425E+001  0.1635332E+002 -0.6097991E+001  0.1025532E+002 -0.5876329E+002
  88.000    29031986  0.3317670E+004  0.7156222E+004  0.3406120E+003 -0.5169284E+002  0.2338794E+001  0.1676996E+002 -0.6229582E+001  0.1054038E+002 -0.6082633E+002
  89.000    30031986  0.3316958E+004  0.7156574E+004  0.3406120E+003 -0.5376942E+002  0.2348758E+001  0.1726149E+002 -0.6403233E+001  0.1085826E+002 -0.6315691E+002
  90.000    31031986  0.3316536E+004  0.7156924E+004  0.3406120E+003 -0.5607107E+002  0.2359511E+001  0.1782631E+002 -0.6613458E+001  0.1121285E+002 -0.6576293E+002
  91.000    01041986  0.3316199E+004  0.7157269E+004  0.3406120E+003 -0.5862669E+002  0.2371711E+001  0.1845390E+002 -0.6851956E+001  0.1160194E+002 -0.6866234E+002
  92.000    02041986  0.3315658E+004  0.7157613E+004  0.3406120E+003 -0.6129762E+002  0.2383511E+001  0.1908923E+002 -0.7083593E+001  0.1200563E+002 -0.7167574E+002
  93.000    03041986  0.3314799E+004  0.7157957E+004  0.3406120E+003 -0.6406078E+002  0.2394684E+001  0.1970572E+002 -0.7305601E+001  0.1240012E+002 -0.7476717E+002
  94.000    04041986  0.3313804E+004  0.7158300E+004  0.3406120E+003 -0.6684305E+002  0.2405797E+001  0.2037226E+002 -0.7529140E+001  0.1284312E+002 -0.7793128E+002
  95.000    05041986  0.3313238E+004  0.7158645E+004  0.3406120E+003 -0.6973567E+002  0.2418167E+001  0.2110463E+002 -0.7792441E+001  0.1331219E+002 -0.8124395E+002
  96.000    06041986  0.3312485E+004  0.7158987E+004  0.3406120E+003 -0.7272259E+002  0.2431581E+001  0.2184381E+002 -0.8051186E+001  0.1379262E+002 -0.8465141E+002
  97.000    07041986  0.3311698E+004  0.7159330E+004  0.3406120E+003 -0.7569890E+002  0.2444152E+001  0.2260586E+002 -0.8312957E+001  0.1429290E+002 -0.8813441E+002
  98.000    08041986  0.3310843E+004  0.7159678E+004  0.3406120E+003 -0.7857171E+002  0.2454784E+001  0.2337857E+002 -0.8559792E+001  0.1481878E+002 -0.9144964E+002
  99.000    09041986  0.3308957E+004  0.7160026E+004  0.3406120E+003 -0.8160432E+002  0.2462382E+001  0.2388020E+002 -0.8736320E+001  0.1514388E+002 -0.9470755E+002
 100.000    10041986  0.3306810E+004  0.7160396E+004  0.3406120E+003 -0.8405561E+002  0.2464291E+001  0.2419822E+002 -0.8826449E+001  0.1537177E+002 -0.9721794E+002
 101.000    11041986  0.3305237E+004  0.7160774E+004  0.3406120E+003 -0.8611762E+002  0.2468051E+001  0.2464464E+002 -0.8944231E+001  0.1570041E+002 -0.9946398E+002
 102.000    12041986  0.3304097E+004  0.7161150E+004  0.3406120E+003 -0.8819862E+002  0.2474875E+001  0.2523625E+002 -0.9112974E+001  0.1612328E+002 -0.1018585E+003
 103.000    13041986  0.3303045E+004  0.7161522E+004  0.3406120E+003 -0.9045725E+002  0.2484208E+001  0.2585712E+002 -0.9313764E+001  0.1654335E+002 -0.1044413E+003
 104.000    14041986  0.3301930E+004  0.7161890E+004  0.3406120E+003 -0.9284825E+002  0.2494491E+001  0.2649668E+002 -0.9530094E+001  0.1696658E+002 -0.1071726E+003
 105.000    15041986  0.3301039E+004  0.7162255E+004  0.3406120E+003 -0.9530990E+002  0.2506539E+001  0.2727165E+002 -0.9787760E+001  0.1748389E+002 -0.1100860E+003
 106.000    16041986  0.3299419E+004  0.7162615E+004  0.3406120E+003 -0.9804361E+002  0.2515690E+001  0.2780599E+002 -0.9993364E+001  0.1781262E+002 -0.1131194E+003
 107.000    17041986  0.3297426E+004  0.7162992E+004  0.3406120E+003 -0.1003192E+003  0.2518015E+001  0.2814205E+002 -0.1009819E+002  0.1804386E+002 -0.1154968E+003
 108.000    18041986  0.3295890E+004  0.7163370E+004  0.3406120E+003 -0.1023864E+003  0.2524027E+001  0.2869156E+002 -0.1024730E+002  0.1844426E+002 -0.1178653E+003
 109.000    19041986  0.3294566E+004  0.7163747E+004  0.3406120E+003 -0.1045147E+003  0.2532092E+001  0.2930064E+002 -0.1043011E+002  0.1887052E+002 -0.1203337E+003
 110.000    20041986  0.3293616E+004  0.7164122E+004  0.3406120E+003 -0.1066769E+003  0.2542465E+001  0.3006076E+002 -0.1066247E+002  0.1939828E+002 -0.1229431E+003
 111.000    21041986  0.3292650E+004  0.7164487E+004  0.3406120E+003 -0.1090979E+003  0.2554775E+001  0.3079864E+002 -0.1091742E+002  0.1988122E+002 -0.1260113E+003
 112.000    22041986  0.3290854E+004  0.7164851E+004  0.3406120E+003 -0.1117026E+003  0.2569056E+001  0.3138055E+002 -0.1111470E+002  0.2026584E+002 -0.1289771E+003
 113.000    23041986  0.3288769E+004  0.7165233E+004  0.3406120E+003 -0.1139035E+003  0.2572227E+001  0.3163855E+002 -0.1120834E+002  0.2043021E+002 -0.1312232E+003
 114.000    24041986  0.3287377E+004  0.7165630E+004  0.3406120E+003 -0.1155400E+003  0.2578264E+001  0.3210796E+002 -0.1133043E+002  0.2077753E+002 -0.1330775E+003
 115.000    25041986  0.3286714E+004  0.7166020E+004  0.3406120E+003 -0.1173032E+003  0.2591776E+001  0.3283686E+002 -0.1155082E+002  0.2128603E+002 -0.1352651E+003
 116.000    26041986  0.3286154E+004  0.7166396E+004  0.3406120E+003 -0.1194202E+003  0.2611080E+001  0.3371145E+002 -0.1184849E+002  0.2186296E+002 -0.1379903E+003
 117.000    27041986  0.3285719E+004  0.7166758E+004  0.3406120E+003 -0.1219541E+003  0.2633288E+001  0.3471247E+002 -0.1221189E+002  0.2250058E+002 -0.1412503E+003
 118.000    28041986  0.3285525E+004  0.7167116E+004  0.3406120E+003 -0.1246542E+003  0.2656762E+001  0.3578510E+002 -0.1260905E+002  0.2317606E+002 -0.1446288E+003
 119.000    29041986  0.3284998E+004  0.7167465E+004  0.3406120E+003 -0.1275702E+003  0.2679304E+001  0.3683906E+002 -0.1298870E+002  0.2385036E+002 -0.1481994E+003
 120.000    30041986  0.3283897E+004  0.7167817E+004  0.3406120E+003 -0.1303270E+003  0.2694183E+001  0.3775411E+002 -0.1327854E+002  0.2447557E+002 -0.1514847E+003
 121.000    01051986  0.3283642E+004  0.7168172E+004  0.3406120E+003 -0.1329880E+003  0.2709994E+001  0.3880716E+002 -0.1363796E+002  0.2516919E+002 -0.1547532E+003
 122.000    02051986  0.3282587E+004  0.7168518E+004  0.3406120E+003 -0.1357972E+003  0.2725535E+001  0.3974978E+002 -0.1395178E+002  0.2579800E+002 -0.1581032E+003
 123.000    03051986  0.3280690E+004  0.7168875E+004  0.3406120E+003 -0.1383499E+003  0.2732601E+001  0.4036161E+002 -0.1413285E+002  0.2622876E+002 -0.1609459E+003
 124.000    04051986  0.3279079E+004  0.7169248E+004  0.3406120E+003 -0.1404124E+003  0.2738504E+001  0.4099961E+002 -0.1429751E+002  0.2670210E+002 -0.1633399E+003
 125.000    05051986  0.3278204E+004  0.7169620E+004  0.3406120E+003 -0.1424067E+003  0.2750010E+001  0.4189056E+002 -0.1454938E+002  0.2734119E+002 -0.1658726E+003
 126.000    06051986  0.3278331E+004  0.7169982E+004  0.3406120E+003 -0.1446554E+003  0.2767476E+001  0.4301341E+002 -0.1494515E+002  0.2806825E+002 -0.1687894E+003
 127.000    07051986  0.3279112E+004  0.7170333E+004  0.3406120E+003 -0.1473152E+003  0.2791304E+001  0.4426432E+002 -0.1544916E+002  0.2881516E+002 -0.1721637E+003
 128.000    08051986  0.3279690E+004  0.7170669E+004  0.3406120E+003 -0.1501751E+003  0.2814810E+001  0.4559145E+002 -0.1595411E+002  0.2963733E+002 -0.1757983E+003
 129.000    09051986  0.3279006E+004  0.7170997E+004  0.3406120E+003 -0.1529366E+003  0.2828535E+001  0.4654303E+002 -0.1626972E+002  0.3027332E+002 -0.1790908E+003
 130.000    10051986  0.3277464E+004  0.7171341E+004  0.3406120E+003 -0.1552142E+003  0.2843411E+001  0.4734650E+002 -0.1648528E+002  0.3086122E+002 -0.1818306E+003
 131.000    11051986  0.3276595E+004  0.7171695E+004  0.3406120E+003 -0.1571363E+003  0.2860410E+001  0.4830750E+002 -0.1674012E+002  0.3156738E+002 -0.1843400E+003
 132.000    12051986  0.3275926E+004  0.7172042E+004  0.3406120E+003 -0.1592558E+003  0.2881067E+001  0.4938752E+002 -0.1707159E+002  0.3231593E+002 -0.1871604E+003
 133.000    13051986  0.3274676E+004  0.7172381E+004  0.3406120E+003 -0.1616019E+003  0.2898615E+001  0.5031104E+002 -0.1737042E+002  0.3294062E+002 -0.1901474E+003
 134.000    14051986  0.3273354E+004  0.7172719E+004  0.3406120E+003 -0.1639091E+003  0.2916354E+001  0.5134092E+002 -0.1766960E+002  0.3367132E+002 -0.1931830E+003
 135.000    15051986  0.3272681E+004  0.7173054E+004  0.3406120E+003 -0.1662529E+003  0.2940630E+001  0.5261521E+002 -0.1806149E+002  0.3455371E+002 -0.1963860E+003
 136.000    16051986  0.3272845E+004  0.7173383E+004  0.3406120E+003 -0.1688032E+003  0.2973415E+001  0.5404206E+002 -0.1856109E+002  0.3548096E+002 -0.1998429E+003
 137.000    17051986  0.3273098E+004  0.7173702E+004  0.3406120E+003 -0.1715407E+003  0.3003729E+001  0.5550313E+002 -0.1908657E+002  0.3641655E+002 -0.2034787E+003
 138.000    18051986  0.3273274E+004  0.7174013E+004  0.3406120E+003 -0.1743225E+003  0.3035123E+001  0.5699168E+002 -0.1961564E+002  0.3737604E+002 -0.2071706E+003
 139.000    19051986  0.3272044E+004  0.7174307E+004  0.3406120E+003 -0.1772274E+003  0.3057830E+001  0.5826251E+002 -0.2004234E+002  0.3822017E+002 -0.2111944E+003
 140.000    20051986  0.3270402E+004  0.7174587E+004  0.3406120E+003 -0.1801981E+003  0.3081898E+001  0.5964838E+002 -0.2049159E+002  0.3915679E+002 -0.2158301E+003
 141.000    21051986  0.3268916E+004  0.7174868E+004  0.3406120E+003 -0.1834231E+003  0.3103420E+001  0.6103061E+002 -0.2092521E+002  0.4010540E+002 -0.2201706E+003
 142.000    22051986  0.3267456E+004  0.7175157E+004  0.3406120E+003 -0.1865866E+003  0.3126137E+001  0.6239448E+002 -0.2133773E+002  0.4105675E+002 -0.2242945E+003
 143.000    23051986  0.3265696E+004  0.7175453E+004  0.3406120E+003 -0.1895629E+003  0.3143716E+001  0.6362675E+002 -0.2169187E+002  0.4193488E+002 -0.2281492E+003
 144.000    24051986  0.3264468E+004  0.7175762E+004  0.3406120E+003 -0.1922973E+003  0.3164967E+001  0.6501298E+002 -0.2209224E+002  0.4292074E+002 -0.2318934E+003
 145.000    25051986  0.3263503E+004  0.7176062E+004  0.3406120E+003 -0.1953091E+003  0.3189684E+001  0.6643772E+002 -0.2257314E+002  0.4386458E+002 -0.2359057E+003
 146.000    26051986  0.3262611E+004  0.7176360E+004  0.3406120E+003 -0.1983344E+003  0.3216549E+001  0.6795799E+002 -0.2307455E+002  0.4488344E+002 -0.2400085E+003
 147.000    27051986  0.3261893E+004  0.7176652E+004  0.3406120E+003 -0.2014765E+003  0.3237922E+001  0.6930969E+002 -0.2354013E+002  0.4576957E+002 -0.2440813E+003
 148.000    28051986  0.3261407E+004  0.7176948E+004  0.3406120E+003 -0.2044870E+003  0.3273068E+001  0.7094772E+002 -0.2409352E+002  0.4685420E+002 -0.2482337E+003
 149.000    29051986  0.3261266E+004  0.7177232E+004  0.3406120E+003 -0.2077015E+003  0.3311498E+001  0.7271513E+002 -0.2472116E+002  0.4799397E+002 -0.2526863E+003
 150.000    30051986  0.3261086E+004  0.7177510E+004  0.3406120E+003 -0.2110357E+003  0.3349033E+001  0.7451385E+002 -0.2536016E+002  0.4915369E+002 -0.2572768E+003
 151.000    31051986  0.3260801E+004  0.7177778E+004  0.3406120E+003 -0.2145261E+003  0.3381562E+001  0.7625184E+002 -0.2598352E+002  0.5026832E+002 -0.2619933E+003
 152.000    01061986  0.3260743E+004  0.7178044E+004  0.3406120E+003 -0.2180153E+003  0.3412793E+001  0.7802347E+002 -0.2663465E+002  0.5138882E+002 -0.2666435E+003
 153.000    02061986  0.3261094E+004  0.7178304E+004  0.3406120E+003 -0.2216352E+003  0.3444539E+001  0.7988628E+002 -0.2737514E+002  0.5251114E+002 -0.2714364E+003
 154.000    03061986  0.3259524E+004  0.7178552E+004  0.3406120E+003 -0.2253224E+003  0.3471015E+001  0.8130265E+002 -0.2790543E+002  0.5339722E+002 -0.2760002E+003
 155.000    04061986  0.3258504E+004  0.7178820E+004  0.3406120E+003 -0.2283709E+003  0.3498411E+001  0.8296564E+002 -0.2844872E+002  0.5451692E+002 -0.2801355E+003
 156.000    05061986  0.3258283E+004  0.7179084E+004  0.3406120E+003 -0.2316420E+003  0.3532320E+001  0.8484624E+002 -0.2915019E+002  0.5569605E+002 -0.2846035E+003
 157.000    06061986  0.3258080E+004  0.7179339E+004  0.3406120E+003 -0.2349940E+003  0.3566498E+001  0.8684577E+002 -0.2989812E+002  0.5694765E+002 -0.2892322E+003
 158.000    07061986  0.3258160E+004  0.7179586E+004  0.3406120E+003 -0.2384582E+003  0.3597505E+001  0.8887940E+002 -0.3068582E+002  0.5819358E+002 -0.2939645E+003
 159.000    08061986  0.3258202E+004  0.7179812E+004  0.3406120E+003 -0.2421573E+003  0.3633708E+001  0.9099308E+002 -0.3152692E+002  0.5946615E+002 -0.2992368E+003
 160.000    09061986  0.3258312E+004  0.7180031E+004  0.3406120E+003 -0.2460119E+003  0.3665327E+001  0.9303009E+002 -0.3234548E+002  0.6068461E+002 -0.3043577E+003
 161.000    10061986  0.3257897E+004  0.7180251E+004  0.3406120E+003 -0.2496448E+003  0.3694459E+001  0.9499950E+002 -0.3307032E+002  0.6192918E+002 -0.3092247E+003
 162.000    11061986  0.3258171E+004  0.7180475E+004  0.3406120E+003 -0.2531732E+003  0.3721489E+001  0.9713587E+002 -0.3387919E+002  0.6325668E+002 -0.3140710E+003
 163.000    12061986  0.3259257E+004  0.7180688E+004  0.3406120E+003 -0.2570614E+003  0.3752768E+001  0.9934550E+002 -0.3481956E+002  0.6452594E+002 -0.3192552E+003
 164.000    13061986  0.3259569E+004  0.7180884E+004  0.3406120E+003 -0.2609555E+003  0.3781546E+001  0.1015057E+003 -0.3566418E+002  0.6584149E+002 -0.3244580E+003
 165.000    14061986  0.3260152E+004  0.7181086E+004  0.3406120E+003 -0.2644137E+003  0.3807408E+001  0.1036842E+003 -0.3640447E+002  0.6727969E+002 -0.3292920E+003
 166.000    15061986  0.3259829E+004  0.7181289E+004  0.3406120E+003 -0.2678134E+003  0.3841489E+001  0.1059395E+003 -0.3715890E+002  0.6878058E+002 -0.3341680E+003
 167.000    16061986  0.3259542E+004  0.7181488E+004  0.3406120E+003 -0.2712210E+003  0.3872234E+001  0.1081247E+003 -0.3792477E+002  0.7019996E+002 -0.3389668E+003
 168.000    17061986  0.3260332E+004  0.7181689E+004  0.3406120E+003 -0.2748446E+003  0.3906067E+001  0.1103211E+003 -0.3881871E+002  0.7150243E+002 -0.3438575E+003
 169.000    18061986  0.3260054E+004  0.7181881E+004  0.3406120E+003 -0.2783723E+003  0.3932880E+001  0.1123165E+003 -0.3955858E+002  0.7275791E+002 -0.3485470E+003
 170.000    19061986  0.3259835E+004  0.7182094E+004  0.3406120E+003 -0.2813629E+003  0.3955662E+001  0.1144006E+003 -0.4024664E+002  0.7415395E+002 -0.3528182E+003
 171.000    20061986  0.3260674E+004  0.7182303E+004  0.3406120E+003 -0.2846907E+003  0.3982641E+001  0.1165518E+003 -0.4112530E+002  0.7542646E+002 -0.3573504E+003
 172.000    21061986  0.3260892E+004  0.7182502E+004  0.3406120E+003 -0.2878851E+003  0.4006340E+001  0.1186971E+003 -0.4192007E+002  0.7677699E+002 -0.3617969E+003
 173.000    22061986  0.3261027E+004  0.7182713E+004  0.3406120E+003 -0.2907277E+003  0.4026128E+001  0.1207956E+003 -0.4265176E+002  0.7814389E+002 -0.3658883E+003
 174.000    23061986  0.3263589E+004  0.7182925E+004  0.3406120E+003 -0.2936123E+003  0.4052441E+001  0.1229959E+003 -0.4348905E+002  0.7950686E+002 -0.3700525E+003
 175.000    24061986  0.3264737E+004  0.7183121E+004  0.3406120E+003 -0.2967971E+003  0.4084485E+001  0.1252898E+003 -0.4443245E+002  0.8085735E+002 -0.3745645E+003
 176.000    25061986  0.3265203E+004  0.7183310E+004  0.3406120E+003 -0.2998689E+003  0.4107475E+001  0.1274336E+003 -0.4525011E+002  0.8218345E+002 -0.3788671E+003
 177.000    26061986  0.3265784E+004  0.7183512E+004  0.3406120E+003 -0.3025958E+003  0.4128484E+001  0.1296085E+003 -0.4604824E+002  0.8356028E+002 -0.3828600E+003
 178.000    27061986  0.3267293E+004  0.7183707E+004  0.3406120E+003 -0.3055329E+003  0.4153526E+001  0.1319876E+003 -0.4702525E+002  0.8496231E+002 -0.3871254E+003
 179.000    28061986  0.3269269E+004  0.7183885E+004  0.3406120E+003 -0.3087164E+003  0.4176335E+001  0.1343619E+003 -0.4807108E+002  0.8629086E+002 -0.3915678E+003
 180.000    29061986  0.3269825E+004  0.7184025E+004  0.3406120E+003 -0.3122637E+003  0.4197158E+001  0.1367989E+003 -0.4904767E+002  0.8775123E+002 -0.3969816E+003
 181.000    30061986  0.3270538E+004  0.7184161E+004  0.3406120E+003 -0.3160747E+003  0.4216353E+001  0.1391351E+003 -0.5000160E+002  0.8913351E+002 -0.4021501E+003
 182.000    01071986  0.3270368E+004  0.7184296E+004  0.3406120E+003 -0.3195188E+003  0.4233427E+001  0.1416530E+003 -0.5086766E+002  0.9078532E+002 -0.4072932E+003
 183.000    02071986  0.3270022E+004  0.7184409E+004  0.3406120E+003 -0.3232169E+003  0.4251068E+001  0.1441514E+003 -0.5178797E+002  0.9236343E+002 -0.4129615E+003
 184.000    03071986  0.3269783E+004  0.7184530E+004  0.3406120E+003 -0.3269625E+003  0.4266131E+001  0.1464540E+003 -0.5264484E+002  0.9380920E+002 -0.4181868E+003
 185.000    04071986  0.3269513E+004  0.7184671E+004  0.3406120E+003 -0.3303417E+003  0.4277761E+001  0.1487549E+003 -0.5344561E+002  0.9530931E+002 -0.4229964E+003
 186.000    05071986  0.3269836E+004  0.7184821E+004  0.3406120E+003 -0.3339067E+003  0.4292909E+001  0.1509830E+003 -0.5434922E+002  0.9663381E+002 -0.4278118E+003
 187.000    06071986  0.3270592E+004  0.7184969E+004  0.3406120E+003 -0.3375525E+003  0.4304904E+001  0.1532627E+003 -0.5532471E+002  0.9793803E+002 -0.4326834E+003
 188.000    07071986  0.3271970E+004  0.7185109E+004  0.3406120E+003 -0.3414205E+003  0.4314275E+001  0.1555150E+003 -0.5639422E+002  0.9912080E+002 -0.4376533E+003
 189.000    08071986  0.3273962E+004  0.7185237E+004  0.3406120E+003 -0.3454380E+003  0.4322348E+001  0.1577928E+003 -0.5753920E+002  0.1002536E+003 -0.4427135E+003
 190.000    09071986  0.3276037E+004  0.7185359E+004  0.3406120E+003 -0.3493312E+003  0.4332128E+001  0.1601036E+003 -0.5866574E+002  0.1014379E+003 -0.4476887E+003
 191.000    10071986  0.3277010E+004  0.7185476E+004  0.3406120E+003 -0.3528343E+003  0.4342430E+001  0.1625929E+003 -0.5965752E+002  0.1029354E+003 -0.4526531E+003
 192.000    11071986  0.3277596E+004  0.7185570E+004  0.3406120E+003 -0.3566706E+003  0.4353006E+001  0.1650710E+003 -0.6067943E+002  0.1043916E+003 -0.4581637E+003
 193.000    12071986  0.3278842E+004  0.7185662E+004  0.3406120E+003 -0.3606565E+003  0.4361508E+001  0.1675758E+003 -0.6177279E+002  0.1058030E+003 -0.4635348E+003
 194.000    13071986  0.3279883E+004  0.7185752E+004  0.3406120E+003 -0.3645652E+003  0.4371106E+001  0.1699845E+003 -0.6280609E+002  0.1071784E+003 -0.4687856E+003
 195.000    14071986  0.3281478E+004  0.7185847E+004  0.3406120E+003 -0.3685065E+003  0.4376987E+001  0.1722761E+003 -0.6387876E+002  0.1083973E+003 -0.4738491E+003
 196.000    15071986  0.3282860E+004  0.7185950E+004  0.3406120E+003 -0.3719859E+003  0.4384154E+001  0.1746706E+003 -0.6487066E+002  0.1097999E+003 -0.4786004E+003
 197.000    16071986  0.3283771E+004  0.7186056E+004  0.3406120E+003 -0.3752564E+003  0.4392414E+001  0.1772016E+003 -0.6584600E+002  0.1113556E+003 -0.4833369E+003
 198.000    17071986  0.3285391E+004  0.7186155E+004  0.3406120E+003 -0.3786756E+003  0.4400931E+001  0.1796982E+003 -0.6690941E+002  0.1127888E+003 -0.4881017E+003
 199.000    18071986  0.3287075E+004  0.7186248E+004  0.3406120E+003 -0.3823871E+003  0.4405389E+001  0.1820017E+003 -0.6798630E+002  0.1140154E+003 -0.4929730E+003
 200.000    19071986  0.3289557E+004  0.7186334E+004  0.3406120E+003 -0.3861287E+003  0.4408099E+001  0.1842724E+003 -0.6912901E+002  0.1151434E+003 -0.4977311E+003
 201.000    20071986  0.3292028E+004  0.7186426E+004  0.3406120E+003 -0.3895662E+003  0.4414982E+001  0.1866460E+003 -0.7023115E+002  0.1164149E+003 -0.5023306E+003
 202.000    21071986  0.3294104E+004  0.7186507E+004  0.3406120E+003 -0.3928484E+003  0.4421319E+001  0.1891580E+003 -0.7129773E+002  0.1178603E+003 -0.5069709E+003
 203.000    22071986  0.3294985E+004  0.7186576E+004  0.3406120E+003 -0.3959813E+003  0.4429642E+001  0.1918367E+003 -0.7227647E+002  0.1195602E+003 -0.5118149E+003
 204.000    23071986  0.3295085E+004  0.7186625E+004  0.3406120E+003 -0.3993851E+003  0.4437341E+001  0.1944940E+003 -0.7323963E+002  0.1212544E+003 -0.5171224E+003
 205.000    24071986  0.3294823E+004  0.7186651E+004  0.3406120E+003 -0.4030905E+003  0.4445428E+001  0.1971029E+003 -0.7420018E+002  0.1229027E+003 -0.5226602E+003
 206.000    25071986  0.3295112E+004  0.7186689E+004  0.3406120E+003 -0.4068135E+003  0.4453814E+001  0.1997463E+003 -0.7521274E+002  0.1245336E+003 -0.5279716E+003
 207.000    26071986  0.3295104E+004  0.7186732E+004  0.3406120E+003 -0.4103008E+003  0.4460278E+001  0.2024221E+003 -0.7618117E+002  0.1262410E+003 -0.5331407E+003
 208.000    27071986  0.3294428E+004  0.7186732E+004  0.3406120E+003 -0.4142345E+003  0.4467647E+001  0.2050457E+003 -0.7720365E+002  0.1278420E+003 -0.5393189E+003
 209.000    28071986  0.3294632E+004  0.7186732E+004  0.3406120E+003 -0.4184316E+003  0.4475490E+001  0.2077494E+003 -0.7829970E+002  0.1294497E+003 -0.5452522E+003
 210.000    29071986  0.3295147E+004  0.7186732E+004  0.3406120E+003 -0.4227355E+003  0.4484237E+001  0.2103623E+003 -0.7941003E+002  0.1309523E+003 -0.5511260E+003
 211.000    30071986  0.3295293E+004  0.7186743E+004  0.3406120E+003 -0.4269817E+003  0.4489300E+001  0.2127297E+003 -0.8040139E+002  0.1323283E+003 -0.5567087E+003
 212.000    31071986  0.3295299E+004  0.7186789E+004  0.3406120E+003 -0.4307535E+003  0.4492374E+001  0.2150072E+003 -0.8128433E+002  0.1337229E+003 -0.5617514E+003
 213.000    01081986  0.3295901E+004  0.7186854E+004  0.3406120E+003 -0.4343684E+003  0.4496016E+001  0.2173891E+003 -0.8225709E+002  0.1351320E+003 -0.5666522E+003
 214.000    02081986  0.3296635E+004  0.7186908E+004  0.3406120E+003 -0.4379077E+003  0.4502730E+001  0.2200922E+003 -0.8331547E+002  0.1367768E+003 -0.5717797E+003
 215.000    03081986  0.3295870E+004  0.7186903E+004  0.3406120E+003 -0.4418443E+003  0.4507852E+001  0.2228063E+003 -0.8434074E+002  0.1384656E+003 -0.5781088E+003
 216.000    04081986  0.3295400E+004  0.7186907E+004  0.3406120E+003 -0.4459146E+003  0.4511195E+001  0.2254355E+003 -0.8533341E+002  0.1401021E+003 -0.5839368E+003
 217.000    05081986  0.3294578E+004  0.7186925E+004  0.3406120E+003 -0.4497089E+003  0.4513145E+001  0.2280847E+003 -0.8626090E+002  0.1418238E+003 -0.5895304E+003
 218.000    06081986  0.3294067E+004  0.7186952E+004  0.3406120E+003 -0.4535578E+003  0.4515366E+001  0.2306813E+003 -0.8724112E+002  0.1434402E+003 -0.5950392E+003
 219.000    07081986  0.3293854E+004  0.7186980E+004  0.3406120E+003 -0.4574555E+003  0.4517176E+001  0.2332685E+003 -0.8825025E+002  0.1450182E+003 -0.6005593E+003
 220.000    08081986  0.3294138E+004  0.7187006E+004  0.3406120E+003 -0.4615900E+003  0.4520621E+001  0.2357854E+003 -0.8932185E+002  0.1464635E+003 -0.6061351E+003
 221.000    09081986  0.3294629E+004  0.7187035E+004  0.3406120E+003 -0.4656504E+003  0.4520571E+001  0.2382844E+003 -0.9037014E+002  0.1479143E+003 -0.6115700E+003
 222.000    10081986  0.3294796E+004  0.7187062E+004  0.3406120E+003 -0.4695447E+003  0.4519644E+001  0.2409165E+003 -0.9138668E+002  0.1495298E+003 -0.6170687E+003
 223.000    11081986  0.3294601E+004  0.7187082E+004  0.3406120E+003 -0.4733866E+003  0.4518189E+001  0.2435635E+003 -0.9238166E+002  0.1511818E+003 -0.6227245E+003
 224.000    12081986  0.3292491E+004  0.7187071E+004  0.3406120E+003 -0.4770461E+003  0.4516969E+001  0.2459768E+003 -0.9323947E+002  0.1527373E+003 -0.6291612E+003
 225.000    13081986  0.3290365E+004  0.7187087E+004  0.3406120E+003 -0.4814286E+003  0.4515588E+001  0.2483180E+003 -0.9401872E+002  0.1542993E+003 -0.6349540E+003
 226.000    14081986  0.3289046E+004  0.7187121E+004  0.3406120E+003 -0.4852770E+003  0.4513094E+001  0.2508621E+003 -0.9490780E+002  0.1559543E+003 -0.6404990E+003
 227.000    15081986  0.3287978E+004  0.7187156E+004  0.3406120E+003 -0.4891946E+003  0.4508063E+001  0.2534140E+003 -0.9586478E+002  0.1575492E+003 -0.6461253E+003
 228.000    16081986  0.3287322E+004  0.7187188E+004  0.3406120E+003 -0.4932290E+003  0.4501771E+001  0.2559550E+003 -0.9687597E+002  0.1590790E+003 -0.6517990E+003
 229.000    17081986  0.3285976E+004  0.7187214E+004  0.3406120E+003 -0.4972055E+003  0.4497656E+001  0.2584799E+003 -0.9779551E+002  0.1606844E+003 -0.6575156E+003
 230.000    18081986  0.3284196E+004  0.7187247E+004  0.3406120E+003 -0.5010315E+003  0.4493974E+001  0.2609155E+003 -0.9865422E+002  0.1622613E+003 -0.6632033E+003
 231.000    19081986  0.3282322E+004  0.7187283E+004  0.3406120E+003 -0.5050405E+003  0.4489776E+001  0.2633617E+003 -0.9954080E+002  0.1638209E+003 -0.6690561E+003
 232.000    20081986  0.3279170E+004  0.7187332E+004  0.3406120E+003 -0.5090021E+003  0.4486592E+001  0.2651945E+003 -0.1001849E+003  0.1650096E+003 -0.6748169E+003
 233.000    21081986  0.3277075E+004  0.7187417E+004  0.3406120E+003 -0.5129977E+003  0.4483372E+001  0.2674724E+003 -0.1009346E+003  0.1665378E+003 -0.6799328E+003
 234.000    22081986  0.3275882E+004  0.7187503E+004  0.3406120E+003 -0.5167657E+003  0.4479264E+001  0.2699304E+003 -0.1018878E+003  0.1680426E+003 -0.6851800E+003
 235.000    23081986  0.3274405E+004  0.7187588E+004  0.3406120E+003 -0.5203076E+003  0.4473283E+001  0.2723645E+003 -0.1027569E+003  0.1696076E+003 -0.6903280E+003
 236.000    24081986  0.3273478E+004  0.7187669E+004  0.3406120E+003 -0.5240292E+003  0.4464701E+001  0.2748198E+003 -0.1037419E+003  0.1710779E+003 -0.6956913E+003
 237.000    25081986  0.3272044E+004  0.7187758E+004  0.3406120E+003 -0.5276103E+003  0.4456644E+001  0.2770554E+003 -0.1045514E+003  0.1725040E+003 -0.7007022E+003
 238.000    26081986  0.3271482E+004  0.7187859E+004  0.3406120E+003 -0.5310803E+003  0.4445706E+001  0.2795305E+003 -0.1055202E+003  0.1740102E+003 -0.7057244E+003
 239.000    27081986  0.3271172E+004  0.7187944E+004  0.3406120E+003 -0.5347378E+003  0.4436138E+001  0.2821183E+003 -0.1065661E+003  0.1755522E+003 -0.7110297E+003
 240.000    28081986  0.3269263E+004  0.7187997E+004  0.3406120E+003 -0.5385598E+003  0.4426940E+001  0.2846058E+003 -0.1074612E+003  0.1771446E+003 -0.7170043E+003
 241.000    29081986  0.3266456E+004  0.7188100E+004  0.3406120E+003 -0.5421414E+003  0.4421539E+001  0.2863464E+003 -0.1079621E+003  0.1783843E+003 -0.7216429E+003
 242.000    30081986  0.3264338E+004  0.7188248E+004  0.3406120E+003 -0.5451429E+003  0.4415579E+001  0.2882371E+003 -0.1085439E+003  0.1796932E+003 -0.7258385E+003
 243.000    31081986  0.3262470E+004  0.7188401E+004  0.3406120E+003 -0.5482118E+003  0.4408691E+001  0.2901815E+003 -0.1092261E+003  0.1809554E+003 -0.7301439E+003
 244.000    01091986  0.3260581E+004  0.7188556E+004  0.3406120E+003 -0.5512747E+003  0.4402870E+001  0.2921400E+003 -0.1099412E+003  0.1821988E+003 -0.7344838E+003
 245.000    02091986  0.3258893E+004  0.7188710E+004  0.3406120E+003 -0.5542302E+003  0.4396847E+001  0.2942802E+003 -0.1107116E+003  0.1835685E+003 -0.7388737E+003
 246.000    03091986  0.3257391E+004  0.7188863E+004  0.3406120E+003 -0.5571555E+003  0.4390125E+001  0.2965474E+003 -0.1115304E+003  0.1850170E+003 -0.7433261E+003
 247.000    04091986  0.3256114E+004  0.7189011E+004  0.3406120E+003 -0.5601581E+003  0.4382401E+001  0.2989022E+003 -0.1124106E+003  0.1864916E+003 -0.7478805E+003
 248.000    05091986  0.3254318E+004  0.7189154E+004  0.3406120E+003 -0.5634923E+003  0.4375024E+001  0.3008054E+003 -0.1131876E+003  0.1876179E+003 -0.7525037E+003
 249.000    06091986  0.3253041E+004  0.7189303E+004  0.3406120E+003 -0.5664357E+003  0.4365359E+001  0.3031129E+003 -0.1140281E+003  0.1890848E+003 -0.7570263E+003
 250.000    07091986  0.3251982E+004  0.7189452E+004  0.3406120E+003 -0.5695333E+003  0.4354222E+001  0.3053661E+003 -0.1148913E+003  0.1904748E+003 -0.7615739E+003
 251.000    08091986  0.3250398E+004  0.7189605E+004  0.3406120E+003 -0.5725424E+003  0.4345425E+001  0.3075146E+003 -0.1156465E+003  0.1918680E+003 -0.7660191E+003
 252.000    09091986  0.3248881E+004  0.7189770E+004  0.3406120E+003 -0.5753533E+003  0.4337016E+001  0.3096780E+003 -0.1163844E+003  0.1932935E+003 -0.7702835E+003
 253.000    10091986  0.3247914E+004  0.7189939E+004  0.3406120E+003 -0.5782194E+003  0.4326084E+001  0.3119324E+003 -0.1172436E+003  0.1946888E+003 -0.7745810E+003
 254.000    11091986  0.3247411E+004  0.7190095E+004  0.3406120E+003 -0.5812284E+003  0.4311727E+001  0.3144312E+003 -0.1182309E+003  0.1962003E+003 -0.7791595E+003
 255.000    12091986  0.3247207E+004  0.7190232E+004  0.3406120E+003 -0.5844713E+003  0.4295694E+001  0.3169955E+003 -0.1192810E+003  0.1977144E+003 -0.7839874E+003
 256.000    13091986  0.3246068E+004  0.7190367E+004  0.3406120E+003 -0.5877498E+003  0.4283916E+001  0.3191503E+003 -0.1200936E+003  0.1990567E+003 -0.7886100E+003
 257.000    14091986  0.3244725E+004  0.7190528E+004  0.3406120E+003 -0.5905890E+003  0.4273493E+001  0.3212444E+003 -0.1208000E+003  0.2004445E+003 -0.7927894E+003
 258.000    15091986  0.3243589E+004  0.7190703E+004  0.3406120E+003 -0.5933117E+003  0.4263517E+001  0.3233539E+003 -0.1215465E+003  0.2018074E+003 -0.7968374E+003
 259.000    16091986  0.3243076E+004  0.7190873E+004  0.3406120E+003 -0.5961288E+003  0.4251199E+001  0.3256860E+003 -0.1224550E+003  0.2032310E+003 -0.8010798E+003
 260.000    17091986  0.3241333E+004  0.7191041E+004  0.3406120E+003 -0.5991385E+003  0.4243383E+001  0.3274746E+003 -0.1231042E+003  0.2043704E+003 -0.8051888E+003
 261.000    18091986  0.3239603E+004  0.7191233E+004  0.3406120E+003 -0.6015915E+003  0.4236206E+001  0.3294128E+003 -0.1237008E+003  0.2057121E+003 -0.8089189E+003
 262.000    19091986  0.3238847E+004  0.7191429E+004  0.3406120E+003 -0.6041038E+003  0.4225733E+001  0.3316273E+003 -0.1245448E+003  0.2070825E+003 -0.8127800E+003
 263.000    20091986  0.3238672E+004  0.7191604E+004  0.3406120E+003 -0.6068929E+003  0.4212514E+001  0.3340940E+003 -0.1255558E+003  0.2085382E+003 -0.8170400E+003
 264.000    21091986  0.3238419E+004  0.7191762E+004  0.3406120E+003 -0.6098672E+003  0.4198515E+001  0.3365448E+003 -0.1265536E+003  0.2099912E+003 -0.8214748E+003
 265.000    22091986  0.3237921E+004  0.7191910E+004  0.3406120E+003 -0.6129153E+003  0.4186763E+001  0.3389106E+003 -0.1274901E+003  0.2114205E+003 -0.8259380E+003
 266.000    23091986  0.3237634E+004  0.7192062E+004  0.3406120E+003 -0.6159186E+003  0.4173781E+001  0.3412336E+003 -0.1284183E+003  0.2128153E+003 -0.8302903E+003
 267.000    24091986  0.3237807E+004  0.7192205E+004  0.3406120E+003 -0.6190325E+003  0.4159949E+001  0.3436487E+003 -0.1294240E+003  0.2142247E+003 -0.8347721E+003
 268.000    25091986  0.3238626E+004  0.7192333E+004  0.3406120E+003 -0.6224143E+003  0.4143346E+001  0.3460666E+003 -0.1305219E+003  0.2155447E+003 -0.8394369E+003
 269.000    26091986  0.3239294E+004  0.7192449E+004  0.3406120E+003 -0.6257712E+003  0.4126574E+001  0.3485032E+003 -0.1315565E+003  0.2169467E+003 -0.8441311E+003
 270.000    27091986  0.3239900E+004  0.7192556E+004  0.3406120E+003 -0.6291940E+003  0.4111778E+001  0.3509095E+003 -0.1325801E+003  0.2183295E+003 -0.8488734E+003
 271.000    28091986  0.3239743E+004  0.7192664E+004  0.3406120E+003 -0.6322631E+003  0.4099831E+001  0.3534166E+003 -0.1334805E+003  0.2199362E+003 -0.8534588E+003
 272.000    29091986  0.3239252E+004  0.7192778E+004  0.3406120E+003 -0.6353181E+003  0.4089478E+001  0.3557732E+003 -0.1343559E+003  0.2214173E+003 -0.8579101E+003
 273.000    30091986  0.3239378E+004  0.7192896E+004  0.3406120E+003 -0.6384053E+003  0.4075169E+001  0.3581372E+003 -0.1353248E+003  0.2228124E+003 -0.8623072E+003
 274.000    01101986  0.3239804E+004  0.7193008E+004  0.3406120E+003 -0.6415747E+003  0.4057479E+001  0.3604805E+003 -0.1363199E+003  0.2241606E+003 -0.8667371E+003
 275.000    02101986  0.3240675E+004  0.7193107E+004  0.3406120E+003 -0.6449212E+003  0.4042514E+001  0.3628134E+003 -0.1373767E+003  0.2254368E+003 -0.8712753E+003
 276.000    03101986  0.3241125E+004  0.7193210E+004  0.3406120E+003 -0.6480607E+003  0.4029621E+001  0.3650890E+003 -0.1383224E+003  0.2267666E+003 -0.8756263E+003
 277.000    04101986  0.3242153E+004  0.7193308E+004  0.3406120E+003 -0.6513767E+003  0.4014835E+001  0.3673111E+003 -0.1393568E+003  0.2279543E+003 -0.8800282E+003
 278.000    05101986  0.3242593E+004  0.7193401E+004  0.3406120E+003 -0.6545061E+003  0.4000107E+001  0.3695685E+003 -0.1402788E+003  0.2292898E+003 -0.8843754E+003
 279.000    06101986  0.3241554E+004  0.7193520E+004  0.3406120E+003 -0.6573233E+003  0.3991037E+001  0.3714050E+003 -0.1409143E+003  0.2304907E+003 -0.8882348E+003
 280.000    07101986  0.3239912E+004  0.7193688E+004  0.3406120E+003 -0.6597678E+003  0.3986460E+001  0.3728065E+003 -0.1413682E+003  0.2314383E+003 -0.8914551E+003
 281.000    08101986  0.3238582E+004  0.7193873E+004  0.3406120E+003 -0.6618594E+003  0.3982380E+001  0.3745565E+003 -0.1419259E+003  0.2326306E+003 -0.8946245E+003
 282.000    09101986  0.3237840E+004  0.7194046E+004  0.3406120E+003 -0.6640276E+003  0.3976353E+001  0.3766876E+003 -0.1426999E+003  0.2339877E+003 -0.8981041E+003
 283.000    10101986  0.3236268E+004  0.7194205E+004  0.3406120E+003 -0.6666294E+003  0.3970362E+001  0.3783496E+003 -0.1433230E+003  0.2350265E+003 -0.9016956E+003
 284.000    11101986  0.3234426E+004  0.7194389E+004  0.3406120E+003 -0.6690168E+003  0.3966652E+001  0.3797635E+003 -0.1438091E+003  0.2359544E+003 -0.9049010E+003
 285.000    12101986  0.3232974E+004  0.7194585E+004  0.3406120E+003 -0.6711708E+003  0.3962830E+001  0.3814014E+003 -0.1443850E+003  0.2370165E+003 -0.9080174E+003
 286.000    13101986  0.3231740E+004  0.7194767E+004  0.3406120E+003 -0.6734783E+003  0.3957481E+001  0.3832180E+003 -0.1451162E+003  0.2381019E+003 -0.9115196E+003
 287.000    14101986  0.3230491E+004  0.7194912E+004  0.3406120E+003 -0.6759998E+003  0.3950449E+001  0.3853691E+003 -0.1459683E+003  0.2394008E+003 -0.9156820E+003
 288.000    15101986  0.3228269E+004  0.7195071E+004  0.3406120E+003 -0.6789585E+003  0.3946161E+001  0.3866998E+003 -0.1464873E+003  0.2402125E+003 -0.9194417E+003
 289.000    16101986  0.3225983E+004  0.7195279E+004  0.3406120E+003 -0.6814325E+003  0.3943366E+001  0.3878308E+003 -0.1468540E+003  0.2409768E+003 -0.9225846E+003
 290.000    17101986  0.3224029E+004  0.7195508E+004  0.3406120E+003 -0.6835919E+003  0.3940173E+001  0.3892228E+003 -0.1472879E+003  0.2419349E+003 -0.9255945E+003
 291.000    18101986  0.3222142E+004  0.7195747E+004  0.3406120E+003 -0.6857556E+003  0.3937052E+001  0.3905553E+003 -0.1477411E+003  0.2428142E+003 -0.9285334E+003
 292.000    19101986  0.3220198E+004  0.7196001E+004  0.3406120E+003 -0.6879476E+003  0.3934884E+001  0.3916437E+003 -0.1481422E+003  0.2435015E+003 -0.9312999E+003
 293.000    20101986  0.3218431E+004  0.7196274E+004  0.3406120E+003 -0.6898897E+003  0.3931984E+001  0.3927476E+003 -0.1485346E+003  0.2442130E+003 -0.9338286E+003
 294.000    21101986  0.3216904E+004  0.7196551E+004  0.3406120E+003 -0.6917308E+003  0.3929944E+001  0.3940176E+003 -0.1489993E+003  0.2450183E+003 -0.9363624E+003
 295.000    22101986  0.3215821E+004  0.7196826E+004  0.3406120E+003 -0.6935685E+003  0.3927509E+001  0.3954705E+003 -0.1495798E+003  0.2458907E+003 -0.9389713E+003
 296.000    23101986  0.3214973E+004  0.7197093E+004  0.3406120E+003 -0.6954413E+003  0.3924250E+001  0.3970861E+003 -0.1502459E+003  0.2468402E+003 -0.9417066E+003
 297.000    24101986  0.3213809E+004  0.7197353E+004  0.3406120E+003 -0.6973891E+003  0.3920591E+001  0.3986455E+003 -0.1508530E+003  0.2477924E+003 -0.9445198E+003
 298.000    25101986  0.3212284E+004  0.7197612E+004  0.3406120E+003 -0.6993324E+003  0.3916775E+001  0.4001185E+003 -0.1513986E+003  0.2487199E+003 -0.9474369E+003
 299.000    26101986  0.3210820E+004  0.7197851E+004  0.3406120E+003 -0.7012854E+003  0.3912076E+001  0.4019825E+003 -0.1521320E+003  0.2498505E+003 -0.9510201E+003
 300.000    27101986  0.3209734E+004  0.7198077E+004  0.3406120E+003 -0.7035167E+003  0.3906137E+001  0.4039225E+003 -0.1529253E+003  0.2509972E+003 -0.9546183E+003
 301.000    28101986  0.3208091E+004  0.7198314E+004  0.3406120E+003 -0.7059552E+003  0.3901986E+001  0.4053796E+003 -0.1535054E+003  0.2518742E+003 -0.9579785E+003
 302.000    29101986  0.3206590E+004  0.7198577E+004  0.3406120E+003 -0.7080112E+003  0.3898567E+001  0.4068458E+003 -0.1540221E+003  0.2528237E+003 -0.9609086E+003
 303.000    30101986  0.3205347E+004  0.7198846E+004  0.3406120E+003 -0.7100475E+003  0.3894704E+001  0.4083399E+003 -0.1545949E+003  0.2537450E+003 -0.9637838E+003
 304.000    31101986  0.3204086E+004  0.7199119E+004  0.3406120E+003 -0.7120857E+003  0.3889229E+001  0.4097236E+003 -0.1551327E+003  0.2545910E+003 -0.9665852E+003
 305.000    01111986  0.3202966E+004  0.7199392E+004  0.3406120E+003 -0.7140492E+003  0.3884762E+001  0.4113136E+003 -0.1557477E+003  0.2555658E+003 -0.9694674E+003
 306.000    02111986  0.3201723E+004  0.7199652E+004  0.3406120E+003 -0.7162935E+003  0.3880350E+001  0.4128356E+003 -0.1563848E+003  0.2564508E+003 -0.9725942E+003
 307.000    03111986  0.3200257E+004  0.7199914E+004  0.3406120E+003 -0.7184211E+003  0.3876533E+001  0.4143352E+003 -0.1569401E+003  0.2573951E+003 -0.9756370E+003
 308.000    04111986  0.3199067E+004  0.7200189E+004  0.3406120E+003 -0.7202840E+003  0.3873410E+001  0.4158768E+003 -0.1575017E+003  0.2583752E+003 -0.9784185E+003
 309.000    05111986  0.3197808E+004  0.7200460E+004  0.3406120E+003 -0.7223109E+003  0.3869686E+001  0.4174397E+003 -0.1580992E+003  0.2593406E+003 -0.9813770E+003
 310.000    06111986  0.3196979E+004  0.7200723E+004  0.3406120E+003 -0.7243289E+003  0.3863665E+001  0.4192625E+003 -0.1588233E+003  0.2604392E+003 -0.9844720E+003
 311.000    07111986  0.3195599E+004  0.7200979E+004  0.3406120E+003 -0.7266681E+003  0.3859287E+001  0.4206561E+003 -0.1594376E+003  0.2612186E+003 -0.9877187E+003
 312.000    08111986  0.3194897E+004  0.7201234E+004  0.3406120E+003 -0.7286573E+003  0.3852831E+001  0.4226414E+003 -0.1602126E+003  0.2624288E+003 -0.9910275E+003
 313.000    09111986  0.3194698E+004  0.7201472E+004  0.3406120E+003 -0.7310734E+003  0.3844926E+001  0.4246754E+003 -0.1610934E+003  0.2635821E+003 -0.9946394E+003
 314.000    10111986  0.3193215E+004  0.7201711E+004  0.3406120E+003 -0.7336579E+003  0.3841240E+001  0.4260294E+003 -0.1616297E+003  0.2643996E+003 -0.9980210E+003
 315.000    11111986  0.3191384E+004  0.7201992E+004  0.3406120E+003 -0.7356153E+003  0.3838906E+001  0.4270862E+003 -0.1619762E+003  0.2651101E+003 -0.1000775E+004
 316.000    12111986  0.3189646E+004  0.7202285E+004  0.3406120E+003 -0.7376760E+003  0.3836233E+001  0.4280557E+003 -0.1623324E+003  0.2657233E+003 -0.1003389E+004
 317.000    13111986  0.3187944E+004  0.7202599E+004  0.3406120E+003 -0.7394711E+003  0.3834348E+001  0.4288401E+003 -0.1626093E+003  0.2662308E+003 -0.1005603E+004
 318.000    14111986  0.3186372E+004  0.7202961E+004  0.3406120E+003 -0.7411360E+003  0.3828384E+001  0.4289937E+003 -0.1627583E+003  0.2662353E+003 -0.1007111E+004
 319.000    15111986  0.3185054E+004  0.7203349E+004  0.3406120E+003 -0.7423769E+003  0.3821693E+001  0.4291230E+003 -0.1628944E+003  0.2662286E+003 -0.1008283E+004
 320.000    16111986  0.3184228E+004  0.7203740E+004  0.3406120E+003 -0.7429788E+003  0.3819541E+001  0.4298891E+003 -0.1631463E+003  0.2667428E+003 -0.1009393E+004
 321.000    17111986  0.3183725E+004  0.7204114E+004  0.3406120E+003 -0.7436088E+003  0.3817791E+001  0.4311287E+003 -0.1635816E+003  0.2675471E+003 -0.1010828E+004
 322.000    18111986  0.3183046E+004  0.7204453E+004  0.3406120E+003 -0.7448905E+003  0.3815687E+001  0.4323779E+003 -0.1641306E+003  0.2682473E+003 -0.1012821E+004
 323.000    19111986  0.3182006E+004  0.7204775E+004  0.3406120E+003 -0.7467489E+003  0.3813596E+001  0.4332585E+003 -0.1646316E+003  0.2686269E+003 -0.1015084E+004
 324.000    20111986  0.3180510E+004  0.7205138E+004  0.3406120E+003 -0.7481127E+003  0.3809580E+001  0.4335425E+003 -0.1648045E+003  0.2687380E+003 -0.1016596E+004
 325.000    21111986  0.3179787E+004  0.7205511E+004  0.3406120E+003 -0.7491761E+003  0.3807104E+001  0.4341473E+003 -0.1650308E+003  0.2691166E+003 -0.1017990E+004
 326.000    22111986  0.3179100E+004  0.7205887E+004  0.3406120E+003 -0.7501972E+003  0.3803906E+001  0.4346914E+003 -0.1652486E+003  0.2694428E+003 -0.1019253E+004
 327.000    23111986  0.3178468E+004  0.7206266E+004  0.3406120E+003 -0.7510532E+003  0.3800959E+001  0.4353504E+003 -0.1654800E+003  0.2698704E+003 -0.1020471E+004
 328.000    24111986  0.3178158E+004  0.7206624E+004  0.3406120E+003 -0.7517678E+003  0.3799922E+001  0.4366814E+003 -0.1659345E+003  0.2707468E+003 -0.1022067E+004
 329.000    25111986  0.3177559E+004  0.7206955E+004  0.3406120E+003 -0.7531072E+003  0.3798657E+001  0.4378538E+003 -0.1664536E+003  0.2714002E+003 -0.1024149E+004
 330.000    26111986  0.3177162E+004  0.7207289E+004  0.3406120E+003 -0.7542299E+003  0.3797188E+001  0.4392386E+003 -0.1670217E+003  0.2722169E+003 -0.1026201E+004
 331.000    27111986  0.3176744E+004  0.7207597E+004  0.3406120E+003 -0.7559087E+003  0.3794850E+001  0.4406274E+003 -0.1676562E+003  0.2729712E+003 -0.1028715E+004
 332.000    28111986  0.3175937E+004  0.7207916E+004  0.3406120E+003 -0.7574818E+003  0.3792993E+001  0.4417413E+003 -0.1681028E+003  0.2736385E+003 -0.1030919E+004
 333.000    29111986  0.3175175E+004  0.7208244E+004  0.3406120E+003 -0.7588362E+003  0.3791667E+001  0.4428784E+003 -0.1685243E+003  0.2743541E+003 -0.1032950E+004
 334.000    30111986  0.3174125E+004  0.7208581E+004  0.3406120E+003 -0.7603263E+003  0.3790556E+001  0.4435708E+003 -0.1688296E+003  0.2747412E+003 -0.1034804E+004
 335.000    01121986  0.3173098E+004  0.7208932E+004  0.3406120E+003 -0.7616841E+003  0.3788105E+001  0.4440876E+003 -0.1690675E+003  0.2750201E+003 -0.1036427E+004
 336.000    02121986  0.3172231E+004  0.7209287E+004  0.3406120E+003 -0.7626459E+003  0.3786961E+001  0.4449793E+003 -0.1693898E+003  0.2755895E+003 -0.1038073E+004
 337.000    03121986  0.3171372E+004  0.7209629E+004  0.3406120E+003 -0.7639433E+003  0.3785683E+001  0.4458671E+003 -0.1697806E+003  0.2760865E+003 -0.1039923E+004
 338.000    04121986  0.3170306E+004  0.7209988E+004  0.3406120E+003 -0.7653334E+003  0.3783531E+001  0.4462821E+003 -0.1700089E+003  0.2762732E+003 -0.1041387E+004
 339.000    05121986  0.3169451E+004  0.7210371E+004  0.3406120E+003 -0.7662944E+003  0.3778613E+001  0.4466573E+003 -0.1701786E+003  0.2764787E+003 -0.1042401E+004
 340.000    06121986  0.3168714E+004  0.7210762E+004  0.3406120E+003 -0.7669968E+003  0.3773090E+001  0.4469362E+003 -0.1703255E+003  0.2766107E+003 -0.1043196E+004
 341.000    07121986  0.3168145E+004  0.7211151E+004  0.3406120E+003 -0.7672062E+003  0.3768756E+001  0.4473467E+003 -0.1705019E+003  0.2768448E+003 -0.1043912E+004
 342.000    08121986  0.3167634E+004  0.7211537E+004  0.3406120E+003 -0.7676655E+003  0.3765625E+001  0.4478312E+003 -0.1706799E+003  0.2771514E+003 -0.1044596E+004
 343.000    09121986  0.3167612E+004  0.7211920E+004  0.3406120E+003 -0.7679230E+003  0.3765229E+001  0.4488082E+003 -0.1710219E+003  0.2777863E+003 -0.1045305E+004
 344.000    10121986  0.3167745E+004  0.7212273E+004  0.3406120E+003 -0.7686756E+003  0.3764936E+001  0.4501459E+003 -0.1716471E+003  0.2784988E+003 -0.1046837E+004
 345.000    11121986  0.3166845E+004  0.7212608E+004  0.3406120E+003 -0.7699699E+003  0.3764038E+001  0.4509222E+003 -0.1720464E+003  0.2788758E+003 -0.1048644E+004
 346.000    12121986  0.3165805E+004  0.7212963E+004  0.3406120E+003 -0.7709322E+003  0.3762653E+001  0.4515952E+003 -0.1722724E+003  0.2793228E+003 -0.1049975E+004
 347.000    13121986  0.3164767E+004  0.7213326E+004  0.3406120E+003 -0.7722323E+003  0.3759260E+001  0.4517543E+003 -0.1724551E+003  0.2792992E+003 -0.1051120E+004
 348.000    14121986  0.3163962E+004  0.7213705E+004  0.3406120E+003 -0.7762938E+003  0.3753580E+001  0.4519265E+003 -0.1725843E+003  0.2793422E+003 -0.1051844E+004
 349.000    15121986  0.3163507E+004  0.7214085E+004  0.3406120E+003 -0.7794629E+003  0.3749591E+001  0.4523361E+003 -0.1727537E+003  0.2795824E+003 -0.1052438E+004
 350.000    16121986  0.3163174E+004  0.7214461E+004  0.3406120E+003 -0.7794675E+003  0.3746605E+001  0.4528838E+003 -0.1729424E+003  0.2799415E+003 -0.1052986E+004
 351.000    17121986  0.3162952E+004  0.7214833E+004  0.3406120E+003 -0.7791330E+003  0.3744947E+001  0.4535509E+003 -0.1731643E+003  0.2803866E+003 -0.1053535E+004
 352.000    18121986  0.3162832E+004  0.7215202E+004  0.3406120E+003 -0.7797450E+003  0.3744887E+001  0.4542755E+003 -0.1734219E+003  0.2808537E+003 -0.1054090E+004
 353.000    19121986  0.3162418E+004  0.7215567E+004  0.3406120E+003 -0.7807142E+003  0.3741897E+001  0.4546581E+003 -0.1736353E+003  0.2810228E+003 -0.1054753E+004
 354.000    20121986  0.3161940E+004  0.7215928E+004  0.3406120E+003 -0.7812298E+003  0.3739865E+001  0.4552286E+003 -0.1738393E+003  0.2813892E+003 -0.1055442E+004
 355.000    21121986  0.3161354E+004  0.7216288E+004  0.3406120E+003 -0.7818378E+003  0.3736102E+001  0.4555468E+003 -0.1740028E+003  0.2815439E+003 -0.1056088E+004
 356.000    22121986  0.3160765E+004  0.7216648E+004  0.3406120E+003 -0.7821443E+003  0.3732790E+001  0.4557477E+003 -0.1741334E+003  0.2816142E+003 -0.1056613E+004
 357.000    23121986  0.3160282E+004  0.7217006E+004  0.3406120E+003 -0.7820204E+003  0.3730331E+001  0.4560707E+003 -0.1742796E+003  0.2817911E+003 -0.1057083E+004
 358.000    24121986  0.3160247E+004  0.7217360E+004  0.3406120E+003 -0.7815354E+003  0.3730681E+001  0.4568957E+003 -0.1745535E+003  0.2823422E+003 -0.1057526E+004
 359.000    25121986  0.3160273E+004  0.7217711E+004  0.3406120E+003 -0.7815739E+003  0.3731128E+001  0.4576508E+003 -0.1748461E+003  0.2828047E+003 -0.1057978E+004
 360.000    26121986  0.3160136E+004  0.7218058E+004  0.3406120E+003 -0.7821188E+003  0.3731322E+001  0.4583333E+003 -0.1751321E+003  0.2832012E+003 -0.1058574E+004
 361.000    27121986  0.3159529E+004  0.7218400E+004  0.3406120E+003 -0.7828130E+003  0.3730671E+001  0.4587849E+003 -0.1753467E+003  0.2834382E+003 -0.1059391E+004
 362.000    28121986  0.3158937E+004  0.7218745E+004  0.3406120E+003 -0.7833287E+003  0.3727005E+001  0.4592054E+003 -0.1755300E+003  0.2836754E+003 -0.1060075E+004
 363.000    29121986  0.3158381E+004  0.7219091E+004  0.3406120E+003 -0.7837811E+003  0.3722815E+001  0.4595286E+003 -0.1756903E+003  0.2838382E+003 -0.1060634E+004
 364.000    30121986  0.3157992E+004  0.7219437E+004  0.3406120E+003 -0.7840388E+003  0.3721114E+001  0.4599527E+003 -0.1758740E+003  0.2840787E+003 -0.1061104E+004
 365.000    31121986  0.3157578E+004  0.7219780E+004  0.3406120E+003 -0.7843143E+003  0.3716982E+001  0.4602370E+003 -0.1760275E+003  0.2842095E+003 -0.1061551E+004
