    DOY     DATE    PRECN           ET              WATER           DISCHG          SNOWPACK        WTR_1           WTR_2           WTR_3           WTR_4           WTR_5           WTR_6           ICE_2           ICE_3           ICE_4           ICE_5           ICE_6           ICE_7           PSI_3           PSI_4           PSI_5           PSI_6           PSI_7           PSI_8           ACTV_LYR        
  30.000    30011957  0.5409000E+002  0.1933610E+002  0.7979803E+003  0.4691783E+002  0.0000000E+000  0.3271519E+000  0.3594109E+000  0.3552914E+000  0.2952802E+000  0.2977881E+000  0.3563588E+000  0.1147374E-011  0.9399186E-012  0.0000000E+000  0.0000000E+000  0.0000000E+000  0.0000000E+000 -0.5173441E-002 -0.4318091E-002 -0.2544094E-002 -0.2583514E-002 -0.3037762E-002 -0.4882513E-002 -0.9999000E+004
  60.000    01031957  0.2160300E+003  0.4378962E+002  0.8628444E+003  0.1156492E+003  0.0000000E+000  0.3397881E+000  0.3646068E+000  0.3578757E+000  0.2963569E+000  0.3000844E+000  0.3677245E+000  0.9967574E-012  0.9399186E-012  0.0000000E+000  0.0000000E+000  0.0000000E+000  0.0000000E+000 -0.5373786E-002 -0.4160516E-002 -0.2387788E-002 -0.2038249E-002 -0.2496110E-002 -0.2656381E-002 -0.9999000E+004
  90.000    31031957  0.3985700E+003  0.8723432E+002  0.8498197E+003  0.2675191E+003  0.0000000E+000  0.3287811E+000  0.3612796E+000  0.3571947E+000  0.2977192E+000  0.2818485E+000  0.3566927E+000  0.9967574E-012  0.9399186E-012  0.0000000E+000  0.0000000E+000  0.0000000E+000  0.0000000E+000 -0.5369655E-002 -0.4097456E-002 -0.3357177E-002 -0.2562570E-002 -0.2564087E-002 -0.3254540E-002 -0.9999000E+004
 120.000    30041957  0.5374000E+003  0.1405318E+003  0.8277734E+003  0.3750979E+003  0.0000000E+000  0.3281164E+000  0.3317326E+000  0.3394160E+000  0.2666723E+000  0.2591196E+000  0.3539196E+000  0.9967574E-012  0.9399186E-012  0.0000000E+000  0.0000000E+000  0.0000000E+000  0.0000000E+000 -0.8381948E-002 -0.6982520E-002 -0.4950177E-002 -0.2725124E-002 -0.2686474E-002 -0.3688226E-002 -0.9999000E+004
 150.000    30051957  0.6646200E+003  0.2133394E+003  0.8221925E+003  0.4350912E+003  0.0000000E+000  0.3286003E+000  0.3543692E+000  0.3506187E+000  0.2881232E+000  0.2858100E+000  0.3573257E+000  0.9967574E-012  0.9399186E-012  0.0000000E+000  0.0000000E+000  0.0000000E+000  0.0000000E+000 -0.6007591E-002 -0.4825110E-002 -0.3096653E-002 -0.2525103E-002 -0.2686408E-002 -0.3681777E-002 -0.9999000E+004
 180.000    29061957  0.7415000E+003  0.3044217E+003  0.7667905E+003  0.4762909E+003  0.0000000E+000  0.3632688E+000  0.3389142E+000  0.3485528E+000  0.2603251E+000  0.2498012E+000  0.3405021E+000  0.9967574E-012  0.9399186E-012  0.0000000E+000  0.0000000E+000  0.0000000E+000  0.0000000E+000 -0.8516824E-002 -0.8066465E-002 -0.5901250E-002 -0.3720997E-002 -0.3511574E-002 -0.5408283E-002 -0.9999000E+004
 210.000    29071957  0.7767200E+003  0.4057509E+003  0.6805938E+003  0.4963783E+003  0.0000000E+000  0.2344656E+000  0.2368604E+000  0.2388979E+000  0.1930020E+000  0.1972725E+000  0.3143564E+000  0.9967574E-012  0.9399186E-012  0.0000000E+000  0.0000000E+000  0.0000000E+000  0.0000000E+000 -0.4606391E-001 -0.3595213E-001 -0.2134008E-001 -0.7078457E-002 -0.5651756E-002 -0.8600882E-002 -0.9999000E+004
 240.000    28081957  0.8431600E+003  0.5045800E+003  0.6386663E+003  0.5059167E+003  0.0000000E+000  0.2804273E+000  0.2783396E+000  0.2808485E+000  0.1757717E+000  0.1694745E+000  0.2899084E+000  0.9967574E-012  0.9399186E-012  0.0000000E+000  0.0000000E+000  0.0000000E+000  0.0000000E+000 -0.2115453E-001 -0.5868400E-001 -0.5331084E-001 -0.1401423E-001 -0.8886695E-002 -0.1429006E-001 -0.9999000E+004
 270.000    27091957  0.9017100E+003  0.5855508E+003  0.6112819E+003  0.5108803E+003  0.0000000E+000  0.2647403E+000  0.2676641E+000  0.2691534E+000  0.2095620E+000  0.1530921E+000  0.2730228E+000  0.9967574E-012  0.9399186E-012  0.0000000E+000  0.0000000E+000  0.0000000E+000  0.0000000E+000 -0.2610468E-001 -0.2352875E-001 -0.9835479E-001 -0.2385468E-001 -0.1373976E-001 -0.2327450E-001 -0.9999000E+004
 300.000    27101957  0.1022010E+004  0.6395480E+003  0.6767311E+003  0.5117339E+003  0.0000000E+000  0.3269125E+000  0.3544428E+000  0.3531796E+000  0.2903386E+000  0.2916259E+000  0.3514518E+000  0.9967574E-012  0.9399186E-012  0.0000000E+000  0.0000000E+000  0.0000000E+000  0.0000000E+000 -0.5953250E-002 -0.4658189E-002 -0.2807969E-002 -0.2889069E-002 -0.1750609E-001 -0.2933448E-001 -0.9999000E+004
 330.000    26111957  0.1142040E+004  0.6782579E+003  0.7580522E+003  0.5117330E+003  0.0000000E+000  0.3255065E+000  0.3545372E+000  0.3512834E+000  0.2873923E+000  0.2693483E+000  0.3638083E+000  0.9967574E-012  0.9399186E-012  0.0000000E+000  0.0000000E+000  0.0000000E+000  0.0000000E+000 -0.6077801E-002 -0.4867877E-002 -0.4059429E-002 -0.2134585E-002 -0.2498797E-002 -0.2583933E-002 -0.9999000E+004
 360.000    26121957  0.1289740E+004  0.7076733E+003  0.8316827E+003  0.5565048E+003  0.0000000E+000  0.8580380E-001  0.9788300E-001  0.3093062E+000  0.2467362E+000  0.2527139E+000  0.3559959E+000  0.3995964E+000  0.6457254E-001  0.0000000E+000  0.0000000E+000  0.0000000E+000  0.0000000E+000 -0.1349770E-001 -0.1003168E-001 -0.5551630E-002 -0.2600032E-002 -0.2557681E-002 -0.3310250E-002 -0.9999000E+004
