    DOY     DATE    PRECN           ET              WATER           DISCHG          SNOWPACK        WTR_1           WTR_2           WTR_3           WTR_4           WTR_5           WTR_6           ICE_2           ICE_3           ICE_4           ICE_5           ICE_6           ICE_7           PSI_3           PSI_4           PSI_5           PSI_6           PSI_7           PSI_8           ACTV_LYR        
  30.000    30011961  0.1353300E+003  0.1852616E+002  0.7969422E+003  0.8827347E+002  0.2331141E+003  0.2969740E+000  0.2980250E+000  0.3339038E+000  0.2603855E+000  0.2485777E+000  0.3393761E+000  0.1992965E+000  0.9879617E-012  0.0000000E+000  0.0000000E+000  0.0000000E+000  0.0000000E+000 -0.9061107E-002 -0.7848800E-002 -0.6052077E-002 -0.3824185E-002 -0.3179636E-002 -0.4915513E-002 -0.9999000E+004
  60.000    01031961  0.2850700E+003  0.4042570E+002  0.8247690E+003  0.1440792E+003  0.2256121E+003  0.3544801E+000  0.3476804E+000  0.3559753E+000  0.2898013E+000  0.2849921E+000  0.3569378E+000  0.9938859E-012  0.9672458E-012  0.0000000E+000  0.0000000E+000  0.0000000E+000  0.0000000E+000 -0.5502773E-002 -0.4762812E-002 -0.3148617E-002 -0.2548895E-002 -0.2733925E-002 -0.4191907E-002 -0.9999000E+004
  90.000    31031961  0.3556800E+003  0.7739923E+002  0.7915457E+003  0.2456285E+003  0.0000000E+000  0.3333866E+000  0.3341933E+000  0.3386565E+000  0.2671739E+000  0.2578173E+000  0.3531982E+000  0.9938859E-012  0.9672458E-012  0.0000000E+000  0.0000000E+000  0.0000000E+000  0.0000000E+000 -0.8232198E-002 -0.6941460E-002 -0.5078171E-002 -0.2771393E-002 -0.2759089E-002 -0.4121727E-002 -0.9999000E+004
 120.000    30041961  0.4535600E+003  0.1426331E+003  0.7945577E+003  0.2752626E+003  0.0000000E+000  0.3407704E+000  0.3415913E+000  0.3508002E+000  0.2828016E+000  0.2788959E+000  0.3572860E+000  0.9938859E-012  0.9672458E-012  0.0000000E+000  0.0000000E+000  0.0000000E+000  0.0000000E+000 -0.6213726E-002 -0.5274108E-002 -0.3480581E-002 -0.2526984E-002 -0.2552015E-002 -0.3029130E-002 -0.9999000E+004
 150.000    30051961  0.5793500E+003  0.2284651E+003  0.8172840E+003  0.2924944E+003  0.0000000E+000  0.3369395E+000  0.3611828E+000  0.3561907E+000  0.2975972E+000  0.2914196E+000  0.3568781E+000  0.9938859E-012  0.9672458E-012  0.0000000E+000  0.0000000E+000  0.0000000E+000  0.0000000E+000 -0.4846712E-002 -0.4115123E-002 -0.2844316E-002 -0.2551102E-002 -0.2592088E-002 -0.3198880E-002 -0.9999000E+004
 180.000    29061961  0.8177700E+003  0.3276445E+003  0.8168779E+003  0.4321410E+003  0.0000000E+000  0.3905890E+000  0.3810919E+000  0.3879750E+000  0.2708888E+000  0.2527871E+000  0.3497092E+000  0.9938859E-012  0.9672458E-012  0.0000000E+000  0.0000000E+000  0.0000000E+000  0.0000000E+000 -0.4598136E-002 -0.7225084E-002 -0.5589992E-002 -0.3000875E-002 -0.2923113E-002 -0.4365129E-002 -0.9999000E+004
 210.000    29071961  0.9263500E+003  0.4253622E+003  0.7826463E+003  0.4772349E+003  0.0000000E+000  0.3474847E+000  0.3500620E+000  0.3640020E+000  0.3002389E+000  0.2905109E+000  0.3503909E+000  0.9938859E-012  0.9672458E-012  0.0000000E+000  0.0000000E+000  0.0000000E+000  0.0000000E+000 -0.4795066E-002 -0.3928058E-002 -0.2900516E-002 -0.2958151E-002 -0.3063892E-002 -0.4393234E-002 -0.9999000E+004
 240.000    28081961  0.1025640E+004  0.5111989E+003  0.7789364E+003  0.4943981E+003  0.0000000E+000  0.3095412E+000  0.3336405E+000  0.3320737E+000  0.2604612E+000  0.2536327E+000  0.3512890E+000  0.9938859E-012  0.9672458E-012  0.0000000E+000  0.0000000E+000  0.0000000E+000  0.0000000E+000 -0.9272599E-002 -0.7813659E-002 -0.5482081E-002 -0.2893769E-002 -0.3103086E-002 -0.4869611E-002 -0.9999000E+004
 270.000    27091961  0.1071840E+004  0.5791724E+003  0.7344885E+003  0.5170724E+003  0.0000000E+000  0.3240935E+000  0.3460894E+000  0.3454521E+000  0.2780341E+000  0.2160488E+000  0.3207270E+000  0.9938859E-012  0.9672458E-012  0.0000000E+000  0.0000000E+000  0.0000000E+000  0.0000000E+000 -0.7125957E-002 -0.5714414E-002 -0.1243960E-001 -0.6026521E-002 -0.4560877E-002 -0.6933378E-002 -0.9999000E+004
 300.000    27101961  0.1186310E+004  0.6303332E+003  0.7841101E+003  0.5307600E+003  0.0000000E+000  0.3485917E+000  0.3474545E+000  0.3497835E+000  0.2852575E+000  0.2661578E+000  0.3600302E+000  0.9938859E-012  0.9672458E-012  0.0000000E+000  0.0000000E+000  0.0000000E+000  0.0000000E+000 -0.6349650E-002 -0.5049662E-002 -0.4300283E-002 -0.2322649E-002 -0.2495102E-002 -0.2572949E-002 -0.9999000E+004
 330.000    26111961  0.1235500E+004  0.6644811E+003  0.7891157E+003  0.5407565E+003  0.0000000E+000  0.3215177E+000  0.3419101E+000  0.3413095E+000  0.2718028E+000  0.2643893E+000  0.3558239E+000  0.9938859E-012  0.9672458E-012  0.0000000E+000  0.0000000E+000  0.0000000E+000  0.0000000E+000 -0.7794392E-002 -0.6397815E-002 -0.4499242E-002 -0.2611909E-002 -0.2693431E-002 -0.4233920E-002 -0.9999000E+004
 360.000    26121961  0.1350370E+004  0.6914227E+003  0.8181672E+003  0.5994900E+003  0.0000000E+000  0.3329443E+000  0.3355152E+000  0.3440418E+000  0.2721333E+000  0.2639182E+000  0.3546825E+000  0.9640991E-012  0.9672458E-012  0.0000000E+000  0.0000000E+000  0.0000000E+000  0.0000000E+000 -0.7707922E-002 -0.6352006E-002 -0.4539232E-002 -0.2680076E-002 -0.2694817E-002 -0.4026205E-002 -0.9999000E+004
