    DOY     DATE    PRECN           ET              WATER           DISCHG          SNOWPACK        WTR_1           WTR_2           WTR_3           WTR_4           WTR_5           WTR_6           ICE_2           ICE_3           ICE_4           ICE_5           ICE_6           ICE_7           PSI_3           PSI_4           PSI_5           PSI_6           PSI_7           PSI_8           ACTV_LYR        
  30.000    30011972  0.9762000E+002  0.2620459E+002  0.8040517E+003  0.9457760E+002  0.0000000E+000  0.3242994E+000  0.3504530E+000  0.3470204E+000  0.2817788E+000  0.2755057E+000  0.3575481E+000  0.9535482E-012  0.9621737E-012  0.0000000E+000  0.0000000E+000  0.0000000E+000  0.0000000E+000 -0.6703704E-002 -0.5374109E-002 -0.3697113E-002 -0.2512844E-002 -0.2540652E-002 -0.3532093E-002 -0.9999000E+004
  60.000    29021972  0.1740600E+003  0.5694784E+002  0.8206294E+003  0.1237842E+003  0.0000000E+000  0.3135063E+000  0.3465197E+000  0.3439272E+000  0.2766742E+000  0.2691397E+000  0.3570551E+000  0.9535482E-012  0.9621737E-012  0.0000000E+000  0.0000000E+000  0.0000000E+000  0.0000000E+000 -0.7272676E-002 -0.5866319E-002 -0.4133801E-002 -0.2540089E-002 -0.2536283E-002 -0.2992881E-002 -0.9999000E+004
  90.000    30031972  0.2667400E+003  0.1052216E+003  0.8106540E+003  0.1781658E+003  0.0000000E+000  0.3139902E+000  0.3456558E+000  0.3429142E+000  0.2752646E+000  0.2692005E+000  0.3563580E+000  0.9535482E-012  0.9621737E-012  0.0000000E+000  0.0000000E+000  0.0000000E+000  0.0000000E+000 -0.7260026E-002 -0.6012643E-002 -0.4123762E-002 -0.2580068E-002 -0.2584814E-002 -0.3192694E-002 -0.9999000E+004
 120.000    29041972  0.3465700E+003  0.1684151E+003  0.7930583E+003  0.2123981E+003  0.0000000E+000  0.3057867E+000  0.3396568E+000  0.3364429E+000  0.2656990E+000  0.2574807E+000  0.3531042E+000  0.9535482E-012  0.9621737E-012  0.0000000E+000  0.0000000E+000  0.0000000E+000  0.0000000E+000 -0.8726220E-002 -0.7114556E-002 -0.5105791E-002 -0.2776909E-002 -0.2700650E-002 -0.3759607E-002 -0.9999000E+004
 150.000    29051972  0.4144000E+003  0.2403207E+003  0.7654615E+003  0.2359191E+003  0.0000000E+000  0.3417490E+000  0.3681600E+000  0.3614535E+000  0.2931591E+000  0.2536717E+000  0.3374644E+000  0.9535482E-012  0.9621737E-012  0.0000000E+000  0.0000000E+000  0.0000000E+000  0.0000000E+000 -0.4556854E-002 -0.4711582E-002 -0.5547864E-002 -0.4002691E-002 -0.3977089E-002 -0.6265757E-002 -0.9999000E+004
 180.000    28061972  0.5938000E+003  0.3291505E+003  0.8332728E+003  0.2586780E+003  0.0000000E+000  0.3388852E+000  0.3400124E+000  0.3500401E+000  0.2807527E+000  0.2667053E+000  0.3573130E+000  0.9535482E-012  0.9621737E-012  0.0000000E+000  0.0000000E+000  0.0000000E+000  0.0000000E+000 -0.6757383E-002 -0.5436921E-002 -0.4332772E-002 -0.2524106E-002 -0.2521694E-002 -0.2733290E-002 -0.9999000E+004
 210.000    28071972  0.6714100E+003  0.4261731E+003  0.7649756E+003  0.3075627E+003  0.0000000E+000  0.3230474E+000  0.3469957E+000  0.3434084E+000  0.2774172E+000  0.2689659E+000  0.3369864E+000  0.9535482E-012  0.9621737E-012  0.0000000E+000  0.0000000E+000  0.0000000E+000  0.0000000E+000 -0.6700936E-002 -0.5772506E-002 -0.4147869E-002 -0.4048408E-002 -0.3872341E-002 -0.6130738E-002 -0.9999000E+004
 240.000    27081972  0.8062900E+003  0.5154356E+003  0.7919279E+003  0.3262278E+003  0.0000000E+000  0.3361456E+000  0.3484780E+000  0.3465373E+000  0.2689595E+000  0.2595653E+000  0.3537691E+000  0.9535482E-012  0.9621737E-012  0.0000000E+000  0.0000000E+000  0.0000000E+000  0.0000000E+000 -0.7176775E-002 -0.6885645E-002 -0.4913470E-002 -0.2735149E-002 -0.2739265E-002 -0.3887477E-002 -0.9999000E+004
 270.000    26091972  0.8526700E+003  0.5942424E+003  0.7421313E+003  0.3435976E+003  0.0000000E+000  0.3088684E+000  0.3130063E+000  0.3159277E+000  0.2434021E+000  0.2271600E+000  0.3301582E+000  0.9535482E-012  0.9621737E-012  0.0000000E+000  0.0000000E+000  0.0000000E+000  0.0000000E+000 -0.1218398E-001 -0.1088565E-001 -0.9322766E-002 -0.4771678E-002 -0.4020399E-002 -0.6218263E-002 -0.9999000E+004
 300.000    26101972  0.9358600E+003  0.6457135E+003  0.7577643E+003  0.3596835E+003  0.0000000E+000  0.3193067E+000  0.3145802E+000  0.3205194E+000  0.2479419E+000  0.2398997E+000  0.3439594E+000  0.9535482E-012  0.9621737E-012  0.0000000E+000  0.0000000E+000  0.0000000E+000  0.0000000E+000 -0.1144252E-001 -0.9900256E-002 -0.7164931E-002 -0.3429963E-002 -0.3149645E-002 -0.4944906E-002 -0.9999000E+004
 330.000    25111972  0.1102180E+004  0.6799976E+003  0.8485567E+003  0.4009269E+003  0.0000000E+000  0.3632716E+000  0.3559159E+000  0.3744490E+000  0.3078233E+000  0.2861286E+000  0.3573800E+000  0.9535482E-012  0.9621737E-012  0.0000000E+000  0.0000000E+000  0.0000000E+000  0.0000000E+000 -0.4205448E-002 -0.3666856E-002 -0.3148089E-002 -0.2523294E-002 -0.2528410E-002 -0.2962622E-002 -0.9999000E+004
 360.000    25121972  0.1177410E+004  0.7066145E+003  0.8128919E+003  0.4852323E+003  0.0000000E+000  0.3527345E+000  0.3488856E+000  0.3510526E+000  0.2843038E+000  0.2732299E+000  0.3576436E+000  0.9535482E-012  0.9621737E-012  0.0000000E+000  0.0000000E+000  0.0000000E+000  0.0000000E+000 -0.5714362E-002 -0.5227827E-002 -0.3859850E-002 -0.2507326E-002 -0.2503471E-002 -0.4320111E-002 -0.9999000E+004
