    DOY     DATE    WTR_STRESS      
   1.000    01011994  0.0000000E+000
   2.000    02011994  0.0000000E+000
   3.000    03011994  0.0000000E+000
   4.000    04011994  0.0000000E+000
   5.000    05011994  0.0000000E+000
   6.000    06011994  0.0000000E+000
   7.000    07011994  0.0000000E+000
   8.000    08011994  0.0000000E+000
   9.000    09011994  0.0000000E+000
  10.000    10011994  0.0000000E+000
  11.000    11011994  0.0000000E+000
  12.000    12011994  0.0000000E+000
  13.000    13011994  0.0000000E+000
  14.000    14011994  0.0000000E+000
  15.000    15011994  0.0000000E+000
  16.000    16011994  0.0000000E+000
  17.000    17011994  0.0000000E+000
  18.000    18011994  0.0000000E+000
  19.000    19011994  0.0000000E+000
  20.000    20011994  0.0000000E+000
  21.000    21011994  0.0000000E+000
  22.000    22011994  0.0000000E+000
  23.000    23011994  0.0000000E+000
  24.000    24011994  0.0000000E+000
  25.000    25011994  0.0000000E+000
  26.000    26011994  0.0000000E+000
  27.000    27011994  0.0000000E+000
  28.000    28011994  0.0000000E+000
  29.000    29011994  0.0000000E+000
  30.000    30011994  0.0000000E+000
  31.000    31011994  0.0000000E+000
  32.000    01021994  0.0000000E+000
  33.000    02021994  0.0000000E+000
  34.000    03021994  0.0000000E+000
  35.000    04021994  0.0000000E+000
  36.000    05021994  0.0000000E+000
  37.000    06021994  0.0000000E+000
  38.000    07021994  0.0000000E+000
  39.000    08021994  0.0000000E+000
  40.000    09021994  0.0000000E+000
  41.000    10021994  0.0000000E+000
  42.000    11021994  0.0000000E+000
  43.000    12021994  0.0000000E+000
  44.000    13021994  0.0000000E+000
  45.000    14021994  0.0000000E+000
  46.000    15021994  0.0000000E+000
  47.000    16021994  0.0000000E+000
  48.000    17021994  0.0000000E+000
  49.000    18021994  0.0000000E+000
  50.000    19021994  0.0000000E+000
  51.000    20021994  0.0000000E+000
  52.000    21021994  0.0000000E+000
  53.000    22021994  0.0000000E+000
  54.000    23021994  0.0000000E+000
  55.000    24021994  0.0000000E+000
  56.000    25021994  0.0000000E+000
  57.000    26021994  0.0000000E+000
  58.000    27021994  0.0000000E+000
  59.000    28021994  0.0000000E+000
  60.000    01031994  0.0000000E+000
  61.000    02031994  0.0000000E+000
  62.000    03031994  0.0000000E+000
  63.000    04031994  0.0000000E+000
  64.000    05031994  0.0000000E+000
  65.000    06031994  0.0000000E+000
  66.000    07031994  0.0000000E+000
  67.000    08031994  0.0000000E+000
  68.000    09031994  0.0000000E+000
  69.000    10031994  0.0000000E+000
  70.000    11031994  0.0000000E+000
  71.000    12031994  0.0000000E+000
  72.000    13031994  0.0000000E+000
  73.000    14031994  0.0000000E+000
  74.000    15031994  0.0000000E+000
  75.000    16031994  0.0000000E+000
  76.000    17031994  0.0000000E+000
  77.000    18031994  0.0000000E+000
  78.000    19031994  0.0000000E+000
  79.000    20031994  0.0000000E+000
  80.000    21031994  0.0000000E+000
  81.000    22031994  0.0000000E+000
  82.000    23031994  0.0000000E+000
  83.000    24031994  0.0000000E+000
  84.000    25031994  0.0000000E+000
  85.000    26031994  0.0000000E+000
  86.000    27031994  0.0000000E+000
  87.000    28031994  0.0000000E+000
  88.000    29031994  0.0000000E+000
  89.000    30031994  0.0000000E+000
  90.000    31031994  0.0000000E+000
  91.000    01041994  0.0000000E+000
  92.000    02041994  0.0000000E+000
  93.000    03041994  0.0000000E+000
  94.000    04041994  0.0000000E+000
  95.000    05041994  0.0000000E+000
  96.000    06041994  0.0000000E+000
  97.000    07041994  0.0000000E+000
  98.000    08041994  0.0000000E+000
  99.000    09041994  0.0000000E+000
 100.000    10041994  0.0000000E+000
 101.000    11041994  0.0000000E+000
 102.000    12041994  0.0000000E+000
 103.000    13041994  0.0000000E+000
 104.000    14041994  0.0000000E+000
 105.000    15041994  0.0000000E+000
 106.000    16041994  0.0000000E+000
 107.000    17041994  0.0000000E+000
 108.000    18041994  0.0000000E+000
 109.000    19041994  0.0000000E+000
 110.000    20041994  0.0000000E+000
 111.000    21041994  0.0000000E+000
 112.000    22041994  0.0000000E+000
 113.000    23041994  0.0000000E+000
 114.000    24041994  0.0000000E+000
 115.000    25041994  0.0000000E+000
 116.000    26041994  0.0000000E+000
 117.000    27041994  0.0000000E+000
 118.000    28041994  0.0000000E+000
 119.000    29041994  0.0000000E+000
 120.000    30041994  0.0000000E+000
 121.000    01051994  0.0000000E+000
 122.000    02051994  0.0000000E+000
 123.000    03051994  0.0000000E+000
 124.000    04051994  0.0000000E+000
 125.000    05051994  0.0000000E+000
 126.000    06051994  0.0000000E+000
 127.000    07051994  0.0000000E+000
 128.000    08051994  0.0000000E+000
 129.000    09051994  0.0000000E+000
 130.000    10051994  0.0000000E+000
 131.000    11051994  0.0000000E+000
 132.000    12051994  0.0000000E+000
 133.000    13051994  0.0000000E+000
 134.000    14051994  0.0000000E+000
 135.000    15051994  0.0000000E+000
 136.000    16051994  0.0000000E+000
 137.000    17051994  0.0000000E+000
 138.000    18051994  0.0000000E+000
 139.000    19051994  0.0000000E+000
 140.000    20051994  0.0000000E+000
 141.000    21051994  0.0000000E+000
 142.000    22051994  0.0000000E+000
 143.000    23051994  0.0000000E+000
 144.000    24051994  0.0000000E+000
 145.000    25051994  0.0000000E+000
 146.000    26051994  0.0000000E+000
 147.000    27051994  0.0000000E+000
 148.000    28051994  0.0000000E+000
 149.000    29051994  0.0000000E+000
 150.000    30051994  0.0000000E+000
 151.000    31051994  0.0000000E+000
 152.000    01061994  0.0000000E+000
 153.000    02061994  0.0000000E+000
 154.000    03061994  0.0000000E+000
 155.000    04061994  0.0000000E+000
 156.000    05061994  0.0000000E+000
 157.000    06061994  0.0000000E+000
 158.000    07061994  0.0000000E+000
 159.000    08061994  0.0000000E+000
 160.000    09061994  0.0000000E+000
 161.000    10061994  0.0000000E+000
 162.000    11061994  0.0000000E+000
 163.000    12061994  0.0000000E+000
 164.000    13061994  0.0000000E+000
 165.000    14061994  0.0000000E+000
 166.000    15061994  0.0000000E+000
 167.000    16061994  0.0000000E+000
 168.000    17061994  0.0000000E+000
 169.000    18061994  0.0000000E+000
 170.000    19061994  0.0000000E+000
 171.000    20061994  0.0000000E+000
 172.000    21061994  0.0000000E+000
 173.000    22061994  0.0000000E+000
 174.000    23061994  0.0000000E+000
 175.000    24061994  0.0000000E+000
 176.000    25061994  0.0000000E+000
 177.000    26061994  0.0000000E+000
 178.000    27061994  0.0000000E+000
 179.000    28061994  0.0000000E+000
 180.000    29061994  0.0000000E+000
 181.000    30061994  0.0000000E+000
 182.000    01071994  0.0000000E+000
 183.000    02071994  0.0000000E+000
 184.000    03071994  0.0000000E+000
 185.000    04071994  0.0000000E+000
 186.000    05071994  0.0000000E+000
 187.000    06071994  0.0000000E+000
 188.000    07071994  0.0000000E+000
 189.000    08071994  0.0000000E+000
 190.000    09071994  0.0000000E+000
 191.000    10071994  0.0000000E+000
 192.000    11071994  0.0000000E+000
 193.000    12071994  0.0000000E+000
 194.000    13071994  0.0000000E+000
 195.000    14071994  0.0000000E+000
 196.000    15071994  0.0000000E+000
 197.000    16071994  0.0000000E+000
 198.000    17071994  0.0000000E+000
 199.000    18071994  0.0000000E+000
 200.000    19071994  0.0000000E+000
 201.000    20071994  0.0000000E+000
 202.000    21071994  0.0000000E+000
 203.000    22071994  0.0000000E+000
 204.000    23071994  0.0000000E+000
 205.000    24071994  0.0000000E+000
 206.000    25071994  0.0000000E+000
 207.000    26071994  0.0000000E+000
 208.000    27071994  0.0000000E+000
 209.000    28071994  0.0000000E+000
 210.000    29071994  0.0000000E+000
 211.000    30071994  0.0000000E+000
 212.000    31071994  0.0000000E+000
 213.000    01081994  0.0000000E+000
 214.000    02081994  0.0000000E+000
 215.000    03081994  0.0000000E+000
 216.000    04081994  0.0000000E+000
 217.000    05081994  0.0000000E+000
 218.000    06081994  0.0000000E+000
 219.000    07081994  0.0000000E+000
 220.000    08081994  0.0000000E+000
 221.000    09081994  0.0000000E+000
 222.000    10081994  0.0000000E+000
 223.000    11081994  0.0000000E+000
 224.000    12081994  0.0000000E+000
 225.000    13081994  0.0000000E+000
 226.000    14081994  0.0000000E+000
 227.000    15081994  0.0000000E+000
 228.000    16081994  0.0000000E+000
 229.000    17081994  0.0000000E+000
 230.000    18081994  0.0000000E+000
 231.000    19081994  0.0000000E+000
 232.000    20081994  0.0000000E+000
 233.000    21081994  0.0000000E+000
 234.000    22081994  0.0000000E+000
 235.000    23081994  0.0000000E+000
 236.000    24081994  0.0000000E+000
 237.000    25081994  0.0000000E+000
 238.000    26081994  0.0000000E+000
 239.000    27081994  0.0000000E+000
 240.000    28081994  0.0000000E+000
 241.000    29081994  0.0000000E+000
 242.000    30081994  0.0000000E+000
 243.000    31081994  0.0000000E+000
 244.000    01091994  0.0000000E+000
 245.000    02091994  0.0000000E+000
 246.000    03091994  0.0000000E+000
 247.000    04091994  0.0000000E+000
 248.000    05091994  0.0000000E+000
 249.000    06091994  0.0000000E+000
 250.000    07091994  0.0000000E+000
 251.000    08091994  0.0000000E+000
 252.000    09091994  0.0000000E+000
 253.000    10091994  0.0000000E+000
 254.000    11091994  0.0000000E+000
 255.000    12091994  0.0000000E+000
 256.000    13091994  0.0000000E+000
 257.000    14091994  0.0000000E+000
 258.000    15091994  0.0000000E+000
 259.000    16091994  0.0000000E+000
 260.000    17091994  0.0000000E+000
 261.000    18091994  0.0000000E+000
 262.000    19091994  0.0000000E+000
 263.000    20091994  0.0000000E+000
 264.000    21091994  0.0000000E+000
 265.000    22091994  0.0000000E+000
 266.000    23091994  0.0000000E+000
 267.000    24091994  0.0000000E+000
 268.000    25091994  0.0000000E+000
 269.000    26091994  0.0000000E+000
 270.000    27091994  0.0000000E+000
 271.000    28091994  0.0000000E+000
 272.000    29091994  0.0000000E+000
 273.000    30091994  0.0000000E+000
 274.000    01101994  0.0000000E+000
 275.000    02101994  0.0000000E+000
 276.000    03101994  0.0000000E+000
 277.000    04101994  0.0000000E+000
 278.000    05101994  0.0000000E+000
 279.000    06101994  0.0000000E+000
 280.000    07101994  0.0000000E+000
 281.000    08101994  0.0000000E+000
 282.000    09101994  0.0000000E+000
 283.000    10101994  0.0000000E+000
 284.000    11101994  0.0000000E+000
 285.000    12101994  0.0000000E+000
 286.000    13101994  0.0000000E+000
 287.000    14101994  0.0000000E+000
 288.000    15101994  0.0000000E+000
 289.000    16101994  0.0000000E+000
 290.000    17101994  0.0000000E+000
 291.000    18101994  0.0000000E+000
 292.000    19101994  0.0000000E+000
 293.000    20101994  0.0000000E+000
 294.000    21101994  0.0000000E+000
 295.000    22101994  0.0000000E+000
 296.000    23101994  0.0000000E+000
 297.000    24101994  0.0000000E+000
 298.000    25101994  0.0000000E+000
 299.000    26101994  0.0000000E+000
 300.000    27101994  0.0000000E+000
 301.000    28101994  0.0000000E+000
 302.000    29101994  0.0000000E+000
 303.000    30101994  0.0000000E+000
 304.000    31101994  0.0000000E+000
 305.000    01111994  0.0000000E+000
 306.000    02111994  0.0000000E+000
 307.000    03111994  0.0000000E+000
 308.000    04111994  0.0000000E+000
 309.000    05111994  0.0000000E+000
 310.000    06111994  0.0000000E+000
 311.000    07111994  0.0000000E+000
 312.000    08111994  0.0000000E+000
 313.000    09111994  0.0000000E+000
 314.000    10111994  0.0000000E+000
 315.000    11111994  0.0000000E+000
 316.000    12111994  0.0000000E+000
 317.000    13111994  0.0000000E+000
 318.000    14111994  0.0000000E+000
 319.000    15111994  0.0000000E+000
 320.000    16111994  0.0000000E+000
 321.000    17111994  0.0000000E+000
 322.000    18111994  0.0000000E+000
 323.000    19111994  0.0000000E+000
 324.000    20111994  0.0000000E+000
 325.000    21111994  0.0000000E+000
 326.000    22111994  0.0000000E+000
 327.000    23111994  0.0000000E+000
 328.000    24111994  0.0000000E+000
 329.000    25111994  0.0000000E+000
 330.000    26111994  0.0000000E+000
 331.000    27111994  0.0000000E+000
 332.000    28111994  0.0000000E+000
 333.000    29111994  0.0000000E+000
 334.000    30111994  0.0000000E+000
 335.000    01121994  0.0000000E+000
 336.000    02121994  0.0000000E+000
 337.000    03121994  0.0000000E+000
 338.000    04121994  0.0000000E+000
 339.000    05121994  0.0000000E+000
 340.000    06121994  0.0000000E+000
 341.000    07121994  0.0000000E+000
 342.000    08121994  0.0000000E+000
 343.000    09121994  0.0000000E+000
 344.000    10121994  0.0000000E+000
 345.000    11121994  0.0000000E+000
 346.000    12121994  0.0000000E+000
 347.000    13121994  0.0000000E+000
 348.000    14121994  0.0000000E+000
 349.000    15121994  0.0000000E+000
 350.000    16121994  0.0000000E+000
 351.000    17121994  0.0000000E+000
 352.000    18121994  0.0000000E+000
 353.000    19121994  0.0000000E+000
 354.000    20121994  0.0000000E+000
 355.000    21121994  0.0000000E+000
 356.000    22121994  0.0000000E+000
 357.000    23121994  0.0000000E+000
 358.000    24121994  0.0000000E+000
 359.000    25121994  0.0000000E+000
 360.000    26121994  0.0000000E+000
 361.000    27121994  0.0000000E+000
 362.000    28121994  0.0000000E+000
 363.000    29121994  0.0000000E+000
 364.000    30121994  0.0000000E+000
 365.000    31121994  0.0000000E+000
