    DOY     DATE    RESIDUE_C       HUMUS_C         ATM_CO2         NBP             ECO_LAI         ECO_GPP         ECO_RA          ECO_NPP         ECO_RH          
  30.000    30011966  0.5753824E+003  0.7353674E+004  0.3406120E+003  0.1893250E+001  0.1180672E+002  0.5698894E+002 -0.4035172E+002  0.1663722E+002 -0.4229150E+001
  60.000    01031966  0.5865204E+003  0.7354406E+004  0.3406120E+003  0.3192415E+002  0.1141484E+002  0.1294499E+003 -0.8307523E+002  0.4637469E+002 -0.8318592E+001
  90.000    31031966  0.5912518E+003  0.7354912E+004  0.3406120E+003  0.1010202E+003  0.1141517E+002  0.2719782E+003 -0.1535697E+003  0.1184085E+003 -0.1541786E+002
 120.000    30041966  0.5832305E+003  0.7354646E+004  0.3406120E+003  0.2130023E+003  0.1167904E+002  0.4966523E+003 -0.2562141E+003  0.2404382E+003 -0.2919620E+002
 150.000    30051966  0.5709047E+003  0.7351662E+004  0.3406120E+003  0.3432390E+003  0.1287062E+002  0.8119330E+003 -0.4200160E+003  0.3919169E+003 -0.5269203E+002
 180.000    29061966  0.5596864E+003  0.7344604E+004  0.3406120E+003  0.4431241E+003  0.1492060E+002  0.1151071E+004 -0.6286616E+003  0.5224096E+003 -0.8340255E+002
 210.000    29071966  0.5516407E+003  0.7333805E+004  0.3406120E+003  0.4936455E+003  0.1566615E+002  0.1475395E+004 -0.8675021E+003  0.6078933E+003 -0.1180618E+003
 240.000    28081966  0.5494717E+003  0.7321305E+004  0.3406120E+003  0.5452645E+003  0.1545911E+002  0.1787214E+004 -0.1091243E+004  0.6959708E+003 -0.1505777E+003
 270.000    27091966  0.5437558E+003  0.7311161E+004  0.3406120E+003  0.6141677E+003  0.1486769E+002  0.2059601E+004 -0.1270383E+004  0.7892179E+003 -0.1799230E+003
 300.000    27101966  0.5395646E+003  0.7307237E+004  0.3406120E+003  0.6836491E+003  0.1425549E+002  0.2248924E+004 -0.1376101E+004  0.8728231E+003 -0.1965327E+003
 330.000    26111966  0.5524824E+003  0.7305773E+004  0.3406120E+003  0.7215466E+003  0.1348819E+002  0.2386831E+004 -0.1463897E+004  0.9229336E+003 -0.2079386E+003
 360.000    26121966  0.5759247E+003  0.7305614E+004  0.3406120E+003  0.7348986E+003  0.1295223E+002  0.2481806E+004 -0.1525903E+004  0.9559032E+003 -0.2158354E+003
