    DOY     DATE    SHOOT_C         ROOT_C          LAI             GPP             AUTO_RESP       HVST_C          
   1.000    01011997  0.8670417E+004  0.3357567E+003  0.8871562E+001  0.3067873E+001 -0.1640409E+001  0.0000000E+000
   2.000    02011997  0.8670953E+004  0.3359570E+003  0.8866017E+001  0.6051495E+001 -0.3490617E+001  0.0000000E+000
   3.000    03011997  0.8672137E+004  0.3361197E+003  0.8867021E+001  0.1024440E+002 -0.6224281E+001  0.0000000E+000
   4.000    04011997  0.8673377E+004  0.3362110E+003  0.8869800E+001  0.1482844E+002 -0.9387299E+001  0.0000000E+000
   5.000    05011997  0.8674222E+004  0.3362364E+003  0.8872142E+001  0.1908592E+002 -0.1268870E+002  0.0000000E+000
   6.000    06011997  0.8675246E+004  0.3363133E+003  0.8864979E+001  0.2262134E+002 -0.1495592E+002  0.0000000E+000
   7.000    07011997  0.8675683E+004  0.3365146E+003  0.8857527E+001  0.2517528E+002 -0.1650670E+002  0.0000000E+000
   8.000    08011997  0.8674817E+004  0.3367926E+003  0.8844984E+001  0.2639874E+002 -0.1768111E+002  0.0000000E+000
   9.000    09011997  0.8673319E+004  0.3370949E+003  0.8831236E+001  0.2693869E+002 -0.1871966E+002  0.0000000E+000
  10.000    10011997  0.8672791E+004  0.3374052E+003  0.8818890E+001  0.2848995E+002 -0.1986034E+002  0.0000000E+000
  11.000    11011997  0.8671384E+004  0.3377290E+003  0.8805357E+001  0.2918546E+002 -0.2096569E+002  0.0000000E+000
  12.000    12011997  0.8669920E+004  0.3380415E+003  0.8793493E+001  0.2955078E+002 -0.2187963E+002  0.0000000E+000
  13.000    13011997  0.8668526E+004  0.3383403E+003  0.8781628E+001  0.2997667E+002 -0.2279710E+002  0.0000000E+000
  14.000    14011997  0.8667206E+004  0.3386271E+003  0.8770141E+001  0.3044106E+002 -0.2370615E+002  0.0000000E+000
  15.000    15011997  0.8666224E+004  0.3389074E+003  0.8759228E+001  0.3129185E+002 -0.2469440E+002  0.0000000E+000
  16.000    16011997  0.8667843E+004  0.3392074E+003  0.8753057E+001  0.3512386E+002 -0.2623717E+002  0.0000000E+000
  17.000    17011997  0.8666129E+004  0.3395387E+003  0.8741651E+001  0.3526235E+002 -0.2716749E+002  0.0000000E+000
  18.000    18011997  0.8664620E+004  0.3398423E+003  0.8731789E+001  0.3537636E+002 -0.2795672E+002  0.0000000E+000
  19.000    19011997  0.8663165E+004  0.3401219E+003  0.8722497E+001  0.3547165E+002 -0.2871726E+002  0.0000000E+000
  20.000    20011997  0.8662491E+004  0.3403882E+003  0.8711876E+001  0.3661775E+002 -0.2970536E+002  0.0000000E+000
  21.000    21011997  0.8662403E+004  0.3406686E+003  0.8702160E+001  0.3850080E+002 -0.3087202E+002  0.0000000E+000
  22.000    22011997  0.8663101E+004  0.3409713E+003  0.8695738E+001  0.4154648E+002 -0.3245189E+002  0.0000000E+000
  23.000    23011997  0.8664915E+004  0.3412557E+003  0.8698449E+001  0.4614766E+002 -0.3483910E+002  0.0000000E+000
  24.000    24011997  0.8665008E+004  0.3415226E+003  0.8690151E+001  0.4834943E+002 -0.3637113E+002  0.0000000E+000
  25.000    25011997  0.8666618E+004  0.3417649E+003  0.8692563E+001  0.5242443E+002 -0.3846990E+002  0.0000000E+000
  26.000    26011997  0.8666372E+004  0.3420339E+003  0.8682029E+001  0.5423238E+002 -0.3978149E+002  0.0000000E+000
  27.000    27011997  0.8666376E+004  0.3423605E+003  0.8673182E+001  0.5631306E+002 -0.4100652E+002  0.0000000E+000
  28.000    28011997  0.8668339E+004  0.3426428E+003  0.8675968E+001  0.6086382E+002 -0.4319283E+002  0.0000000E+000
  29.000    29011997  0.8668034E+004  0.3429525E+003  0.8664634E+001  0.6261628E+002 -0.4445335E+002  0.0000000E+000
  30.000    30011997  0.8661004E+004  0.3430701E+003  0.8645922E+001  0.6339658E+002 -0.4548093E+002  0.0000000E+000
  31.000    31011997  0.8660723E+004  0.3434143E+003  0.8636198E+001  0.6513776E+002 -0.4660676E+002  0.0000000E+000
  32.000    01021997  0.8661147E+004  0.3437604E+003  0.8631761E+001  0.6805665E+002 -0.4834738E+002  0.0000000E+000
  33.000    02021997  0.8662105E+004  0.3440427E+003  0.8628314E+001  0.7132838E+002 -0.5012444E+002  0.0000000E+000
  34.000    03021997  0.8663540E+004  0.3443064E+003  0.8628259E+001  0.7540077E+002 -0.5229967E+002  0.0000000E+000
  35.000    04021997  0.8664729E+004  0.3444975E+003  0.8626869E+001  0.7896869E+002 -0.5435980E+002  0.0000000E+000
  36.000    05021997  0.8666364E+004  0.3447105E+003  0.8630050E+001  0.8334060E+002 -0.5676218E+002  0.0000000E+000
  37.000    06021997  0.8666427E+004  0.3449421E+003  0.8621255E+001  0.8561478E+002 -0.5838925E+002  0.0000000E+000
  38.000    07021997  0.8667278E+004  0.3452525E+003  0.8616230E+001  0.8866647E+002 -0.5989862E+002  0.0000000E+000
  39.000    08021997  0.8667887E+004  0.3455793E+003  0.8610459E+001  0.9133883E+002 -0.6131095E+002  0.0000000E+000
  40.000    09021997  0.8667422E+004  0.3459632E+003  0.8599390E+001  0.9300416E+002 -0.6245625E+002  0.0000000E+000
  41.000    10021997  0.8667185E+004  0.3463677E+003  0.8588516E+001  0.9486526E+002 -0.6354388E+002  0.0000000E+000
  42.000    11021997  0.8666626E+004  0.3467856E+003  0.8576905E+001  0.9644303E+002 -0.6461803E+002  0.0000000E+000
  43.000    12021997  0.8666974E+004  0.3472157E+003  0.8569048E+001  0.9893799E+002 -0.6582825E+002  0.0000000E+000
  44.000    13021997  0.8665896E+004  0.3476452E+003  0.8557812E+001  0.9999574E+002 -0.6693201E+002  0.0000000E+000
  45.000    14021997  0.8664562E+004  0.3480506E+003  0.8545322E+001  0.1007466E+003 -0.6792394E+002  0.0000000E+000
  46.000    15021997  0.8664985E+004  0.3484520E+003  0.8538270E+001  0.1032901E+003 -0.6916320E+002  0.0000000E+000
  47.000    16021997  0.8665121E+004  0.3488699E+003  0.8530626E+001  0.1055739E+003 -0.7040035E+002  0.0000000E+000
  48.000    17021997  0.8664960E+004  0.3492896E+003  0.8521346E+001  0.1075020E+003 -0.7155599E+002  0.0000000E+000
  49.000    18021997  0.8665286E+004  0.3497071E+003  0.8516000E+001  0.1103101E+003 -0.7312271E+002  0.0000000E+000
  50.000    19021997  0.8667132E+004  0.3500336E+003  0.8518151E+001  0.1154115E+003 -0.7586128E+002  0.0000000E+000
  51.000    20021997  0.8669187E+004  0.3501441E+003  0.8522539E+001  0.1209936E+003 -0.7913342E+002  0.0000000E+000
  52.000    21021997  0.8671909E+004  0.3501823E+003  0.8526140E+001  0.1271117E+003 -0.8235388E+002  0.0000000E+000
  53.000    22021997  0.8674254E+004  0.3500697E+003  0.8530835E+001  0.1337045E+003 -0.8658390E+002  0.0000000E+000
  54.000    23021997  0.8674800E+004  0.3500977E+003  0.8512731E+001  0.1364132E+003 -0.8836411E+002  0.0000000E+000
  55.000    24021997  0.8675954E+004  0.3502942E+003  0.8507214E+001  0.1398303E+003 -0.9000167E+002  0.0000000E+000
  56.000    25021997  0.8677081E+004  0.3505450E+003  0.8501886E+001  0.1432069E+003 -0.9165120E+002  0.0000000E+000
  57.000    26021997  0.8678306E+004  0.3508458E+003  0.8496987E+001  0.1466997E+003 -0.9327172E+002  0.0000000E+000
  58.000    27021997  0.8681351E+004  0.3510275E+003  0.8504010E+001  0.1539182E+003 -0.9714350E+002  0.0000000E+000
  59.000    28021997  0.8683235E+004  0.3510174E+003  0.8508834E+001  0.1598661E+003 -0.1011053E+003  0.0000000E+000
  60.000    01031997  0.8680331E+004  0.3507317E+003  0.8507556E+001  0.1670586E+003 -0.1053871E+003  0.0000000E+000
  61.000    02031997  0.8683354E+004  0.3505810E+003  0.8511635E+001  0.1748762E+003 -0.1102347E+003  0.0000000E+000
  62.000    03031997  0.8686733E+004  0.3504791E+003  0.8514428E+001  0.1822691E+003 -0.1142590E+003  0.0000000E+000
  63.000    04031997  0.8688981E+004  0.3505270E+003  0.8497952E+001  0.1872486E+003 -0.1167785E+003  0.0000000E+000
  64.000    05031997  0.8691603E+004  0.3506848E+003  0.8498872E+001  0.1925954E+003 -0.1192588E+003  0.0000000E+000
  65.000    06031997  0.8693690E+004  0.3508279E+003  0.8502199E+001  0.1978105E+003 -0.1221611E+003  0.0000000E+000
  66.000    07031997  0.8694532E+004  0.3511129E+003  0.8490251E+001  0.2008293E+003 -0.1236080E+003  0.0000000E+000
  67.000    08031997  0.8696117E+004  0.3514771E+003  0.8486351E+001  0.2049731E+003 -0.1254623E+003  0.0000000E+000
  68.000    09031997  0.8698017E+004  0.3518558E+003  0.8484127E+001  0.2093588E+003 -0.1273857E+003  0.0000000E+000
  69.000    10031997  0.8700541E+004  0.3522313E+003  0.8489191E+001  0.2154930E+003 -0.1305231E+003  0.0000000E+000
  70.000    11031997  0.8703102E+004  0.3524725E+003  0.8492997E+001  0.2218178E+003 -0.1339512E+003  0.0000000E+000
  71.000    12031997  0.8705134E+004  0.3527383E+003  0.8485725E+001  0.2265598E+003 -0.1362410E+003  0.0000000E+000
  72.000    13031997  0.8707860E+004  0.3530882E+003  0.8484561E+001  0.2320230E+003 -0.1384281E+003  0.0000000E+000
  73.000    14031997  0.8711325E+004  0.3534021E+003  0.8490042E+001  0.2393589E+003 -0.1418866E+003  0.0000000E+000
  74.000    15031997  0.8712795E+004  0.3536250E+003  0.8486877E+001  0.2437798E+003 -0.1445071E+003  0.0000000E+000
  75.000    16031997  0.8713345E+004  0.3539943E+003  0.8476627E+001  0.2464840E+003 -0.1458671E+003  0.0000000E+000
  76.000    17031997  0.8714477E+004  0.3544353E+003  0.8471309E+001  0.2502307E+003 -0.1475873E+003  0.0000000E+000
  77.000    18031997  0.8718010E+004  0.3548505E+003  0.8475052E+001  0.2569574E+003 -0.1502609E+003  0.0000000E+000
  78.000    19031997  0.8720618E+004  0.3551850E+003  0.8478132E+001  0.2626959E+003 -0.1529511E+003  0.0000000E+000
  79.000    20031997  0.8722815E+004  0.3556244E+003  0.8470475E+001  0.2676325E+003 -0.1549804E+003  0.0000000E+000
  80.000    21031997  0.8723590E+004  0.3560056E+003  0.8475584E+001  0.2743324E+003 -0.1582641E+003  0.0000000E+000
  81.000    22031997  0.8726650E+004  0.3562503E+003  0.8521975E+001  0.2817410E+003 -0.1623976E+003  0.0000000E+000
  82.000    23031997  0.8729030E+004  0.3565053E+003  0.8531847E+001  0.2866284E+003 -0.1645729E+003  0.0000000E+000
  83.000    24031997  0.8731266E+004  0.3568594E+003  0.8539757E+001  0.2912435E+003 -0.1665050E+003  0.0000000E+000
  84.000    25031997  0.8733591E+004  0.3572745E+003  0.8555523E+001  0.2963847E+003 -0.1688226E+003  0.0000000E+000
  85.000    26031997  0.8736669E+004  0.3575237E+003  0.8593668E+001  0.3039029E+003 -0.1730365E+003  0.0000000E+000
  86.000    27031997  0.8739455E+004  0.3577825E+003  0.8608502E+001  0.3098021E+003 -0.1758417E+003  0.0000000E+000
  87.000    28031997  0.8743562E+004  0.3580628E+003  0.8625447E+001  0.3172368E+003 -0.1788531E+003  0.0000000E+000
  88.000    29031997  0.8747748E+004  0.3583247E+003  0.8657347E+001  0.3260675E+003 -0.1832709E+003  0.0000000E+000
  89.000    30031997  0.8750961E+004  0.3585459E+003  0.8676113E+001  0.3331162E+003 -0.1868834E+003  0.0000000E+000
  90.000    31031997  0.8747867E+004  0.3585165E+003  0.8680104E+001  0.3387293E+003 -0.1895303E+003  0.0000000E+000
  91.000    01041997  0.8749480E+004  0.3588685E+003  0.8680256E+001  0.3425993E+003 -0.1912871E+003  0.0000000E+000
  92.000    02041997  0.8751877E+004  0.3592713E+003  0.8687146E+001  0.3477184E+003 -0.1934977E+003  0.0000000E+000
  93.000    03041997  0.8754766E+004  0.3596725E+003  0.8700325E+001  0.3539509E+003 -0.1963822E+003  0.0000000E+000
  94.000    04041997  0.8757752E+004  0.3600109E+003  0.8718790E+001  0.3611014E+003 -0.2001924E+003  0.0000000E+000
  95.000    05041997  0.8761332E+004  0.3602151E+003  0.8739980E+001  0.3693343E+003 -0.2046622E+003  0.0000000E+000
  96.000    06041997  0.8764795E+004  0.3603051E+003  0.8762369E+001  0.3772487E+003 -0.2090539E+003  0.0000000E+000
  97.000    07041997  0.8768900E+004  0.3603531E+003  0.8785713E+001  0.3861032E+003 -0.2138211E+003  0.0000000E+000
  98.000    08041997  0.8771957E+004  0.3605202E+003  0.8791359E+001  0.3917962E+003 -0.2162283E+003  0.0000000E+000
  99.000    09041997  0.8775577E+004  0.3608027E+003  0.8796717E+001  0.3980436E+003 -0.2185105E+003  0.0000000E+000
 100.000    10041997  0.8776867E+004  0.3611766E+003  0.8788607E+001  0.4014285E+003 -0.2199975E+003  0.0000000E+000
 101.000    11041997  0.8779622E+004  0.3616237E+003  0.8793953E+001  0.4069393E+003 -0.2221737E+003  0.0000000E+000
 102.000    12041997  0.8783527E+004  0.3620053E+003  0.8813497E+001  0.4148137E+003 -0.2257243E+003  0.0000000E+000
 103.000    13041997  0.8787792E+004  0.3622566E+003  0.8838592E+001  0.4238529E+003 -0.2302530E+003  0.0000000E+000
 104.000    14041997  0.8790430E+004  0.3625444E+003  0.8843817E+001  0.4290734E+003 -0.2324435E+003  0.0000000E+000
 105.000    15041997  0.8794171E+004  0.3629624E+003  0.8850846E+001  0.4356926E+003 -0.2348027E+003  0.0000000E+000
 106.000    16041997  0.8797599E+004  0.3634128E+003  0.8862561E+001  0.4427053E+003 -0.2378581E+003  0.0000000E+000
 107.000    17041997  0.8801422E+004  0.3638020E+003  0.8875474E+001  0.4502000E+003 -0.2410625E+003  0.0000000E+000
 108.000    18041997  0.8803307E+004  0.3642371E+003  0.8877203E+001  0.4546429E+003 -0.2430075E+003  0.0000000E+000
 109.000    19041997  0.8806016E+004  0.3647406E+003  0.8880444E+001  0.4600598E+003 -0.2450285E+003  0.0000000E+000
 110.000    20041997  0.8810119E+004  0.3652361E+003  0.8893187E+001  0.4678338E+003 -0.2480945E+003  0.0000000E+000
 111.000    21041997  0.8813887E+004  0.3656778E+003  0.8908781E+001  0.4755541E+003 -0.2515009E+003  0.0000000E+000
 112.000    22041997  0.8817325E+004  0.3660157E+003  0.8927917E+001  0.4832331E+003 -0.2553173E+003  0.0000000E+000
 113.000    23041997  0.8820430E+004  0.3663064E+003  0.8940985E+001  0.4898875E+003 -0.2584692E+003  0.0000000E+000
 114.000    24041997  0.8823636E+004  0.3667023E+003  0.8947744E+001  0.4959799E+003 -0.2608242E+003  0.0000000E+000
 115.000    25041997  0.8828076E+004  0.3671330E+003  0.8961405E+001  0.5042759E+003 -0.2641515E+003  0.0000000E+000
 116.000    26041997  0.8832226E+004  0.3675643E+003  0.8974233E+001  0.5124260E+003 -0.2676251E+003  0.0000000E+000
 117.000    27041997  0.8835619E+004  0.3679473E+003  0.8986069E+001  0.5194675E+003 -0.2707811E+003  0.0000000E+000
 118.000    28041997  0.8840288E+004  0.3682628E+003  0.9011849E+001  0.5294481E+003 -0.2757470E+003  0.0000000E+000
 119.000    29041997  0.8842750E+004  0.3684752E+003  0.9024289E+001  0.5356106E+003 -0.2791516E+003  0.0000000E+000
 120.000    30041997  0.8847107E+004  0.3687742E+003  0.9038706E+001  0.5441621E+003 -0.2829925E+003  0.0000000E+000
 121.000    01051997  0.8846250E+004  0.3687119E+003  0.9054149E+001  0.5548056E+003 -0.2884667E+003  0.0000000E+000
 122.000    02051997  0.8850316E+004  0.3688744E+003  0.9064544E+001  0.5628773E+003 -0.2922721E+003  0.0000000E+000
 123.000    03051997  0.8854988E+004  0.3690489E+003  0.9080806E+001  0.5723084E+003 -0.2968635E+003  0.0000000E+000
 124.000    04051997  0.8859558E+004  0.3692038E+003  0.9091009E+001  0.5807124E+003 -0.3005134E+003  0.0000000E+000
 125.000    05051997  0.8863819E+004  0.3694998E+003  0.9098618E+001  0.5885895E+003 -0.3036948E+003  0.0000000E+000
 126.000    06051997  0.8868376E+004  0.3698014E+003  0.9109723E+001  0.5974865E+003 -0.3075732E+003  0.0000000E+000
 127.000    07051997  0.8872405E+004  0.3700777E+003  0.9119461E+001  0.6057648E+003 -0.3113873E+003  0.0000000E+000
 128.000    08051997  0.8876971E+004  0.3703704E+003  0.9130384E+001  0.6148654E+003 -0.3154733E+003  0.0000000E+000
 129.000    09051997  0.8882131E+004  0.3705558E+003  0.9146605E+001  0.6256730E+003 -0.3207836E+003  0.0000000E+000
 130.000    10051997  0.8886398E+004  0.3707691E+003  0.9153128E+001  0.6334898E+003 -0.3239777E+003  0.0000000E+000
 131.000    11051997  0.8890345E+004  0.3711401E+003  0.9159641E+001  0.6409510E+003 -0.3269747E+003  0.0000000E+000
 132.000    12051997  0.8894746E+004  0.3715026E+003  0.9170145E+001  0.6498772E+003 -0.3309915E+003  0.0000000E+000
 133.000    13051997  0.8900084E+004  0.3717495E+003  0.9183392E+001  0.6601887E+003 -0.3355730E+003  0.0000000E+000
 134.000    14051997  0.8904703E+004  0.3720310E+003  0.9193848E+001  0.6693780E+003 -0.3397203E+003  0.0000000E+000
 135.000    15051997  0.8909084E+004  0.3722479E+003  0.9207301E+001  0.6794228E+003 -0.3450301E+003  0.0000000E+000
 136.000    16051997  0.8912921E+004  0.3724449E+003  0.9213718E+001  0.6871073E+003 -0.3485509E+003  0.0000000E+000
 137.000    17051997  0.8917318E+004  0.3727461E+003  0.9221266E+001  0.6956782E+003 -0.3522955E+003  0.0000000E+000
 138.000    18051997  0.8921259E+004  0.3729606E+003  0.9233577E+001  0.7054645E+003 -0.3577986E+003  0.0000000E+000
 139.000    19051997  0.8925248E+004  0.3730024E+003  0.9245834E+001  0.7158871E+003 -0.3640719E+003  0.0000000E+000
 140.000    20051997  0.8930212E+004  0.3729160E+003  0.9257004E+001  0.7271234E+003 -0.3703245E+003  0.0000000E+000
 141.000    21051997  0.8935892E+004  0.3729271E+003  0.9263314E+001  0.7371940E+003 -0.3746084E+003  0.0000000E+000
 142.000    22051997  0.8940864E+004  0.3731405E+003  0.9267878E+001  0.7457584E+003 -0.3778913E+003  0.0000000E+000
 143.000    23051997  0.8945621E+004  0.3734438E+003  0.9274569E+001  0.7547770E+003 -0.3817554E+003  0.0000000E+000
 144.000    24051997  0.8950264E+004  0.3736948E+003  0.9285133E+001  0.7650157E+003 -0.3870050E+003  0.0000000E+000
 145.000    25051997  0.8955218E+004  0.3737864E+003  0.9297100E+001  0.7758069E+003 -0.3926568E+003  0.0000000E+000
 146.000    26051997  0.8960665E+004  0.3737990E+003  0.9309284E+001  0.7873066E+003 -0.3986075E+003  0.0000000E+000
 147.000    27051997  0.8965048E+004  0.3739136E+003  0.9314575E+001  0.7954161E+003 -0.4021340E+003  0.0000000E+000
 148.000    28051997  0.8970584E+004  0.3741704E+003  0.9320157E+001  0.8047125E+003 -0.4055529E+003  0.0000000E+000
 149.000    29051997  0.8976250E+004  0.3745033E+003  0.9327610E+001  0.8147412E+003 -0.4094957E+003  0.0000000E+000
 150.000    30051997  0.8981253E+004  0.3747817E+003  0.9338075E+001  0.8248544E+003 -0.4142383E+003  0.0000000E+000
 151.000    31051997  0.8978941E+004  0.3747205E+003  0.9342808E+001  0.8337080E+003 -0.4191679E+003  0.0000000E+000
 152.000    01061997  0.8983693E+004  0.3747936E+003  0.9354964E+001  0.8444506E+003 -0.4249983E+003  0.0000000E+000
 153.000    02061997  0.8988038E+004  0.3747821E+003  0.9364657E+001  0.8546154E+003 -0.4307467E+003  0.0000000E+000
 154.000    03061997  0.8993545E+004  0.3747987E+003  0.9370842E+001  0.8646446E+003 -0.4351744E+003  0.0000000E+000
 155.000    04061997  0.8998218E+004  0.3749773E+003  0.9375077E+001  0.8728441E+003 -0.4384434E+003  0.0000000E+000
 156.000    05061997  0.9003638E+004  0.3752787E+003  0.9380555E+001  0.8822922E+003 -0.4420924E+003  0.0000000E+000
 157.000    06061997  0.9008276E+004  0.3756119E+003  0.9385460E+001  0.8906609E+003 -0.4454095E+003  0.0000000E+000
 158.000    07061997  0.9013574E+004  0.3759818E+003  0.9392231E+001  0.9001120E+003 -0.4491099E+003  0.0000000E+000
 159.000    08061997  0.9018480E+004  0.3763511E+003  0.9399859E+001  0.9095886E+003 -0.4532224E+003  0.0000000E+000
 160.000    09061997  0.9023863E+004  0.3766857E+003  0.9407671E+001  0.9198951E+003 -0.4577194E+003  0.0000000E+000
 161.000    10061997  0.9028395E+004  0.3769797E+003  0.9415887E+001  0.9301029E+003 -0.4630084E+003  0.0000000E+000
 162.000    11061997  0.9033184E+004  0.3771332E+003  0.9424093E+001  0.9410874E+003 -0.4689592E+003  0.0000000E+000
 163.000    12061997  0.9038324E+004  0.3771585E+003  0.9432261E+001  0.9524979E+003 -0.4751193E+003  0.0000000E+000
 164.000    13061997  0.9043570E+004  0.3771039E+003  0.9440573E+001  0.9645177E+003 -0.4818681E+003  0.0000000E+000
 165.000    14061997  0.9048159E+004  0.3769665E+003  0.9447350E+001  0.9759088E+003 -0.4887334E+003  0.0000000E+000
 166.000    15061997  0.9053503E+004  0.3768638E+003  0.9452989E+001  0.9871167E+003 -0.4946270E+003  0.0000000E+000
 167.000    16061997  0.9058507E+004  0.3768382E+003  0.9458795E+001  0.9974825E+003 -0.4999357E+003  0.0000000E+000
 168.000    17061997  0.9063828E+004  0.3768313E+003  0.9466122E+001  0.1009051E+004 -0.5061137E+003  0.0000000E+000
 169.000    18061997  0.9068008E+004  0.3767289E+003  0.9474017E+001  0.1020498E+004 -0.5134101E+003  0.0000000E+000
 170.000    19061997  0.9072707E+004  0.3766052E+003  0.9479840E+001  0.1032005E+004 -0.5202595E+003  0.0000000E+000
 171.000    20061997  0.9076930E+004  0.3764669E+003  0.9484951E+001  0.1043423E+004 -0.5275015E+003  0.0000000E+000
 172.000    21061997  0.9080855E+004  0.3762634E+003  0.9489713E+001  0.1054813E+004 -0.5350703E+003  0.0000000E+000
 173.000    22061997  0.9085008E+004  0.3760316E+003  0.9493900E+001  0.1066285E+004 -0.5425063E+003  0.0000000E+000
 174.000    23061997  0.9089040E+004  0.3757734E+003  0.9497751E+001  0.1077493E+004 -0.5498116E+003  0.0000000E+000
 175.000    24061997  0.9093152E+004  0.3755145E+003  0.9501293E+001  0.1088844E+004 -0.5571695E+003  0.0000000E+000
 176.000    25061997  0.9096714E+004  0.3751930E+003  0.9504802E+001  0.1100233E+004 -0.5651631E+003  0.0000000E+000
 177.000    26061997  0.9100753E+004  0.3748088E+003  0.9507796E+001  0.1111562E+004 -0.5726610E+003  0.0000000E+000
 178.000    27061997  0.9104980E+004  0.3744443E+003  0.9510669E+001  0.1122234E+004 -0.5792798E+003  0.0000000E+000
 179.000    28061997  0.9110183E+004  0.3741731E+003  0.9513755E+001  0.1133937E+004 -0.5858605E+003  0.0000000E+000
 180.000    29061997  0.9114682E+004  0.3739376E+003  0.9516578E+001  0.1144975E+004 -0.5924519E+003  0.0000000E+000
 181.000    30061997  0.9120606E+004  0.3737331E+003  0.9519368E+001  0.1156991E+004 -0.5985730E+003  0.0000000E+000
 182.000    01071997  0.9118656E+004  0.3732715E+003  0.9516445E+001  0.1167483E+004 -0.6050049E+003  0.0000000E+000
 183.000    02071997  0.9123659E+004  0.3730263E+003  0.9519739E+001  0.1179171E+004 -0.6117649E+003  0.0000000E+000
 184.000    03071997  0.9127070E+004  0.3727361E+003  0.9522714E+001  0.1190422E+004 -0.6197204E+003  0.0000000E+000
 185.000    04071997  0.9129741E+004  0.3723561E+003  0.9524394E+001  0.1200671E+004 -0.6274887E+003  0.0000000E+000
 186.000    05071997  0.9133838E+004  0.3719453E+003  0.9525854E+001  0.1211682E+004 -0.6346103E+003  0.0000000E+000
 187.000    06071997  0.9138748E+004  0.3715720E+003  0.9527573E+001  0.1223109E+004 -0.6412867E+003  0.0000000E+000
 188.000    07071997  0.9142902E+004  0.3712037E+003  0.9529353E+001  0.1234616E+004 -0.6487878E+003  0.0000000E+000
 189.000    08071997  0.9146695E+004  0.3708161E+003  0.9530708E+001  0.1245587E+004 -0.6561295E+003  0.0000000E+000
 190.000    09071997  0.9150981E+004  0.3704033E+003  0.9532003E+001  0.1256762E+004 -0.6632006E+003  0.0000000E+000
 191.000    10071997  0.9155715E+004  0.3699956E+003  0.9533280E+001  0.1268211E+004 -0.6700839E+003  0.0000000E+000
 192.000    11071997  0.9160489E+004  0.3696457E+003  0.9534440E+001  0.1279476E+004 -0.6766888E+003  0.0000000E+000
 193.000    12071997  0.9164496E+004  0.3693272E+003  0.9535399E+001  0.1290149E+004 -0.6834452E+003  0.0000000E+000
 194.000    13071997  0.9167886E+004  0.3689879E+003  0.9536195E+001  0.1300623E+004 -0.6906449E+003  0.0000000E+000
 195.000    14071997  0.9171166E+004  0.3685872E+003  0.9536826E+001  0.1311309E+004 -0.6982221E+003  0.0000000E+000
 196.000    15071997  0.9174702E+004  0.3680986E+003  0.9537323E+001  0.1322596E+004 -0.7062162E+003  0.0000000E+000
 197.000    16071997  0.9178685E+004  0.3675694E+003  0.9537699E+001  0.1333726E+004 -0.7136276E+003  0.0000000E+000
 198.000    17071997  0.9182393E+004  0.3670362E+003  0.9538089E+001  0.1344172E+004 -0.7206184E+003  0.0000000E+000
 199.000    18071997  0.9186689E+004  0.3665136E+003  0.9538503E+001  0.1355756E+004 -0.7281391E+003  0.0000000E+000
 200.000    19071997  0.9189698E+004  0.3659640E+003  0.9538886E+001  0.1366755E+004 -0.7363783E+003  0.0000000E+000
 201.000    20071997  0.9193141E+004  0.3653663E+003  0.9539209E+001  0.1377320E+004 -0.7437860E+003  0.0000000E+000
 202.000    21071997  0.9196910E+004  0.3647769E+003  0.9539602E+001  0.1388232E+004 -0.7511957E+003  0.0000000E+000
 203.000    22071997  0.9200618E+004  0.3641725E+003  0.9539999E+001  0.1399199E+004 -0.7587289E+003  0.0000000E+000
 204.000    23071997  0.9203987E+004  0.3635370E+003  0.9540383E+001  0.1409342E+004 -0.7657971E+003  0.0000000E+000
 205.000    24071997  0.9208041E+004  0.3629238E+003  0.9540761E+001  0.1419744E+004 -0.7724140E+003  0.0000000E+000
 206.000    25071997  0.9212648E+004  0.3624317E+003  0.9541178E+001  0.1430449E+004 -0.7786742E+003  0.0000000E+000
 207.000    26071997  0.9216807E+004  0.3619156E+003  0.9541694E+001  0.1442149E+004 -0.7864061E+003  0.0000000E+000
 208.000    27071997  0.9219900E+004  0.3613196E+003  0.9542143E+001  0.1453643E+004 -0.7950703E+003  0.0000000E+000
 209.000    28071997  0.9222126E+004  0.3606257E+003  0.9542497E+001  0.1464659E+004 -0.8042017E+003  0.0000000E+000
 210.000    29071997  0.9224681E+004  0.3598424E+003  0.9542778E+001  0.1474986E+004 -0.8123765E+003  0.0000000E+000
 211.000    30071997  0.9230426E+004  0.3592178E+003  0.9543014E+001  0.1485967E+004 -0.8178653E+003  0.0000000E+000
 212.000    31071997  0.9229593E+004  0.3586494E+003  0.9537025E+001  0.1496379E+004 -0.8229879E+003  0.0000000E+000
 213.000    01081997  0.9233716E+004  0.3583949E+003  0.9537452E+001  0.1506533E+004 -0.8289856E+003  0.0000000E+000
 214.000    02081997  0.9237205E+004  0.3580905E+003  0.9537885E+001  0.1516696E+004 -0.8357009E+003  0.0000000E+000
 215.000    03081997  0.9240403E+004  0.3577092E+003  0.9538286E+001  0.1526988E+004 -0.8429222E+003  0.0000000E+000
 216.000    04081997  0.9244076E+004  0.3572246E+003  0.9538654E+001  0.1537798E+004 -0.8502849E+003  0.0000000E+000
 217.000    05081997  0.9248566E+004  0.3567577E+003  0.9538986E+001  0.1548333E+004 -0.8565265E+003  0.0000000E+000
 218.000    06081997  0.9253570E+004  0.3563880E+003  0.9539359E+001  0.1559158E+004 -0.8624515E+003  0.0000000E+000
 219.000    07081997  0.9258355E+004  0.3560655E+003  0.9539776E+001  0.1569989E+004 -0.8685647E+003  0.0000000E+000
 220.000    08081997  0.9262315E+004  0.3557903E+003  0.9540169E+001  0.1580000E+004 -0.8746499E+003  0.0000000E+000
 221.000    09081997  0.9266257E+004  0.3555073E+003  0.9540544E+001  0.1590056E+004 -0.8808189E+003  0.0000000E+000
 222.000    10081997  0.9270309E+004  0.3551924E+003  0.9540947E+001  0.1599954E+004 -0.8867571E+003  0.0000000E+000
 223.000    11081997  0.9274043E+004  0.3548629E+003  0.9541419E+001  0.1610118E+004 -0.8932976E+003  0.0000000E+000
 224.000    12081997  0.9277059E+004  0.3544540E+003  0.9541849E+001  0.1620541E+004 -0.9008903E+003  0.0000000E+000
 225.000    13081997  0.9280244E+004  0.3539364E+003  0.9542200E+001  0.1631271E+004 -0.9087101E+003  0.0000000E+000
 226.000    14081997  0.9283870E+004  0.3533798E+003  0.9542542E+001  0.1642388E+004 -0.9164887E+003  0.0000000E+000
 227.000    15081997  0.9286719E+004  0.3527667E+003  0.9542879E+001  0.1652929E+004 -0.9245003E+003  0.0000000E+000
 228.000    16081997  0.9289221E+004  0.3521081E+003  0.9543170E+001  0.1663484E+004 -0.9328899E+003  0.0000000E+000
 229.000    17081997  0.9291592E+004  0.3514055E+003  0.9543421E+001  0.1673898E+004 -0.9412892E+003  0.0000000E+000
 230.000    18081997  0.9294272E+004  0.3506633E+003  0.9543661E+001  0.1684316E+004 -0.9493996E+003  0.0000000E+000
 231.000    19081997  0.9298166E+004  0.3500129E+003  0.9543909E+001  0.1694693E+004 -0.9561645E+003  0.0000000E+000
 232.000    20081997  0.9301745E+004  0.3493985E+003  0.9544231E+001  0.1704584E+004 -0.9627279E+003  0.0000000E+000
 233.000    21081997  0.9305394E+004  0.3487839E+003  0.9544574E+001  0.1714658E+004 -0.9694076E+003  0.0000000E+000
 234.000    22081997  0.9309161E+004  0.3482497E+003  0.9544866E+001  0.1724336E+004 -0.9755048E+003  0.0000000E+000
 235.000    23081997  0.9313230E+004  0.3478553E+003  0.9545106E+001  0.1733413E+004 -0.9805862E+003  0.0000000E+000
 236.000    24081997  0.9317185E+004  0.3475447E+003  0.9545411E+001  0.1742771E+004 -0.9860067E+003  0.0000000E+000
 237.000    25081997  0.9321216E+004  0.3472682E+003  0.9545746E+001  0.1752344E+004 -0.9915562E+003  0.0000000E+000
 238.000    26081997  0.9324613E+004  0.3469848E+003  0.9546146E+001  0.1761731E+004 -0.9975816E+003  0.0000000E+000
 239.000    27081997  0.9328260E+004  0.3466602E+003  0.9546533E+001  0.1771518E+004 -0.1003810E+004  0.0000000E+000
 240.000    28081997  0.9331255E+004  0.3462589E+003  0.9546927E+001  0.1781435E+004 -0.1010900E+004  0.0000000E+000
 241.000    29081997  0.9334039E+004  0.3457754E+003  0.9547236E+001  0.1790908E+004 -0.1017828E+004  0.0000000E+000
 242.000    30081997  0.9338394E+004  0.3453354E+003  0.9547497E+001  0.1800811E+004 -0.1023558E+004  0.0000000E+000
 243.000    31081997  0.9336281E+004  0.3447217E+003  0.9541528E+001  0.1811020E+004 -0.1029810E+004  0.0000000E+000
 244.000    01091997  0.9339773E+004  0.3442627E+003  0.9541952E+001  0.1821242E+004 -0.1036742E+004  0.0000000E+000
 245.000    02091997  0.9342533E+004  0.3437495E+003  0.9542331E+001  0.1830350E+004 -0.1043334E+004  0.0000000E+000
 246.000    03091997  0.9346174E+004  0.3432376E+003  0.9542682E+001  0.1840508E+004 -0.1050082E+004  0.0000000E+000
 247.000    04091997  0.9350057E+004  0.3428193E+003  0.9542845E+001  0.1848581E+004 -0.1054409E+004  0.0000000E+000
 248.000    05091997  0.9354147E+004  0.3426392E+003  0.9543039E+001  0.1856579E+004 -0.1058238E+004  0.0000000E+000
 249.000    06091997  0.9357449E+004  0.3425294E+003  0.9543374E+001  0.1864894E+004 -0.1063134E+004  0.0000000E+000
 250.000    07091997  0.9360235E+004  0.3423617E+003  0.9543773E+001  0.1873567E+004 -0.1068988E+004  0.0000000E+000
 251.000    08091997  0.9363173E+004  0.3421023E+003  0.9544135E+001  0.1882640E+004 -0.1075192E+004  0.0000000E+000
 252.000    09091997  0.9366386E+004  0.3417720E+003  0.9544473E+001  0.1891588E+004 -0.1081069E+004  0.0000000E+000
 253.000    10091997  0.9368899E+004  0.3414006E+003  0.9544835E+001  0.1899593E+004 -0.1086737E+004  0.0000000E+000
 254.000    11091997  0.9371785E+004  0.3410009E+003  0.9545177E+001  0.1907743E+004 -0.1092192E+004  0.0000000E+000
 255.000    12091997  0.9375155E+004  0.3406213E+003  0.9545547E+001  0.1916663E+004 -0.1097902E+004  0.0000000E+000
 256.000    13091997  0.9378413E+004  0.3402427E+003  0.9545912E+001  0.1925727E+004 -0.1103861E+004  0.0000000E+000
 257.000    14091997  0.9382337E+004  0.3398834E+003  0.9546262E+001  0.1935293E+004 -0.1109633E+004  0.0000000E+000
 258.000    15091997  0.9385009E+004  0.3395209E+003  0.9546633E+001  0.1943410E+004 -0.1115212E+004  0.0000000E+000
 259.000    16091997  0.9389060E+004  0.3391971E+003  0.9547000E+001  0.1952947E+004 -0.1120793E+004  0.0000000E+000
 260.000    17091997  0.9392356E+004  0.3388850E+003  0.9547374E+001  0.1962123E+004 -0.1126762E+004  0.0000000E+000
 261.000    18091997  0.9395491E+004  0.3385228E+003  0.9547744E+001  0.1971539E+004 -0.1133184E+004  0.0000000E+000
 262.000    19091997  0.9398424E+004  0.3381218E+003  0.9548110E+001  0.1981015E+004 -0.1139901E+004  0.0000000E+000
 263.000    20091997  0.9400941E+004  0.3376735E+003  0.9548435E+001  0.1990207E+004 -0.1146786E+004  0.0000000E+000
 264.000    21091997  0.9404134E+004  0.3372219E+003  0.9548621E+001  0.1998419E+004 -0.1152007E+004  0.0000000E+000
 265.000    22091997  0.9407765E+004  0.3369871E+003  0.9546304E+001  0.2005888E+004 -0.1155793E+004  0.0000000E+000
 266.000    23091997  0.9411041E+004  0.3367995E+003  0.9546673E+001  0.2014383E+004 -0.1160980E+004  0.0000000E+000
 267.000    24091997  0.9414408E+004  0.3365781E+003  0.9546935E+001  0.2022070E+004 -0.1165318E+004  0.0000000E+000
 268.000    25091997  0.9417695E+004  0.3364856E+003  0.9547212E+001  0.2029145E+004 -0.1169005E+004  0.0000000E+000
 269.000    26091997  0.9421094E+004  0.3364309E+003  0.9547635E+001  0.2037355E+004 -0.1173700E+004  0.0000000E+000
 270.000    27091997  0.9423635E+004  0.3363459E+003  0.9547966E+001  0.2044228E+004 -0.1177961E+004  0.0000000E+000
 271.000    28091997  0.9425259E+004  0.3362508E+003  0.9548325E+001  0.2050135E+004 -0.1182190E+004  0.0000000E+000
 272.000    29091997  0.9428743E+004  0.3361304E+003  0.9548747E+001  0.2058647E+004 -0.1187195E+004  0.0000000E+000
 273.000    30091997  0.9431681E+004  0.3360571E+003  0.9549038E+001  0.2066233E+004 -0.1191778E+004  0.0000000E+000
 274.000    01101997  0.9428957E+004  0.3357765E+003  0.9542913E+001  0.2073997E+004 -0.1195930E+004  0.0000000E+000
 275.000    02101997  0.9432046E+004  0.3358182E+003  0.9542354E+001  0.2080616E+004 -0.1199278E+004  0.0000000E+000
 276.000    03101997  0.9434820E+004  0.3359466E+003  0.9540858E+001  0.2087241E+004 -0.1202851E+004  0.0000000E+000
 277.000    04101997  0.9437452E+004  0.3360283E+003  0.9541261E+001  0.2094706E+004 -0.1207494E+004  0.0000000E+000
 278.000    05101997  0.9439756E+004  0.3359899E+003  0.9541706E+001  0.2102550E+004 -0.1212968E+004  0.0000000E+000
 279.000    06101997  0.9442006E+004  0.3358519E+003  0.9542086E+001  0.2110490E+004 -0.1218691E+004  0.0000000E+000
 280.000    07101997  0.9444299E+004  0.3356632E+003  0.9542399E+001  0.2118374E+004 -0.1224364E+004  0.0000000E+000
 281.000    08101997  0.9446847E+004  0.3354691E+003  0.9542687E+001  0.2126359E+004 -0.1229883E+004  0.0000000E+000
 282.000    09101997  0.9449640E+004  0.3352758E+003  0.9542989E+001  0.2134480E+004 -0.1235289E+004  0.0000000E+000
 283.000    10101997  0.9452450E+004  0.3350845E+003  0.9543301E+001  0.2142654E+004 -0.1240724E+004  0.0000000E+000
 284.000    11101997  0.9455131E+004  0.3348766E+003  0.9543588E+001  0.2150616E+004 -0.1246088E+004  0.0000000E+000
 285.000    12101997  0.9458283E+004  0.3347298E+003  0.9543819E+001  0.2158174E+004 -0.1250507E+004  0.0000000E+000
 286.000    13101997  0.9461059E+004  0.3346395E+003  0.9544107E+001  0.2165597E+004 -0.1255112E+004  0.0000000E+000
 287.000    14101997  0.9463604E+004  0.3345067E+003  0.9544462E+001  0.2173182E+004 -0.1260160E+004  0.0000000E+000
 288.000    15101997  0.9466349E+004  0.3343815E+003  0.9544647E+001  0.2179619E+004 -0.1263850E+004  0.0000000E+000
 289.000    16101997  0.9469329E+004  0.3344430E+003  0.9539191E+001  0.2185631E+004 -0.1266594E+004  0.0000000E+000
 290.000    17101997  0.9471846E+004  0.3346026E+003  0.9538966E+001  0.2191118E+004 -0.1269286E+004  0.0000000E+000
 291.000    18101997  0.9474663E+004  0.3348700E+003  0.9534978E+001  0.2196964E+004 -0.1271874E+004  0.0000000E+000
 292.000    19101997  0.9476196E+004  0.3351230E+003  0.9535235E+001  0.2201870E+004 -0.1274906E+004  0.0000000E+000
 293.000    20101997  0.9478477E+004  0.3353985E+003  0.9534453E+001  0.2207599E+004 -0.1277981E+004  0.0000000E+000
 294.000    21101997  0.9481255E+004  0.3356666E+003  0.9534610E+001  0.2213874E+004 -0.1281131E+004  0.0000000E+000
 295.000    22101997  0.9483335E+004  0.3359209E+003  0.9534874E+001  0.2219443E+004 -0.1284290E+004  0.0000000E+000
 296.000    23101997  0.9484414E+004  0.3362652E+003  0.9520594E+001  0.2223302E+004 -0.1286394E+004  0.0000000E+000
 297.000    24101997  0.9486478E+004  0.3366432E+003  0.9512546E+001  0.2228498E+004 -0.1288919E+004  0.0000000E+000
 298.000    25101997  0.9488426E+004  0.3368810E+003  0.9513156E+001  0.2235242E+004 -0.1293391E+004  0.0000000E+000
 299.000    26101997  0.9489698E+004  0.3369573E+003  0.9513548E+001  0.2240481E+004 -0.1297202E+004  0.0000000E+000
 300.000    27101997  0.9492368E+004  0.3370105E+003  0.9514016E+001  0.2247538E+004 -0.1301462E+004  0.0000000E+000
 301.000    28101997  0.9493209E+004  0.3371657E+003  0.9502698E+001  0.2251048E+004 -0.1303706E+004  0.0000000E+000
 302.000    29101997  0.9494613E+004  0.3374466E+003  0.9486817E+001  0.2255316E+004 -0.1305932E+004  0.0000000E+000
 303.000    30101997  0.9496164E+004  0.3377475E+003  0.9479723E+001  0.2260009E+004 -0.1308566E+004  0.0000000E+000
 304.000    31101997  0.9491934E+004  0.3378008E+003  0.9471395E+001  0.2265513E+004 -0.1311598E+004  0.0000000E+000
 305.000    01111997  0.9493098E+004  0.3379556E+003  0.9471892E+001  0.2270800E+004 -0.1315484E+004  0.0000000E+000
 306.000    02111997  0.9494986E+004  0.3380362E+003  0.9472291E+001  0.2276538E+004 -0.1319178E+004  0.0000000E+000
 307.000    03111997  0.9496601E+004  0.3382164E+003  0.9466893E+001  0.2281175E+004 -0.1321850E+004  0.0000000E+000
 308.000    04111997  0.9498559E+004  0.3384689E+003  0.9461825E+001  0.2285879E+004 -0.1324180E+004  0.0000000E+000
 309.000    05111997  0.9499189E+004  0.3388009E+003  0.9446289E+001  0.2289192E+004 -0.1326174E+004  0.0000000E+000
 310.000    06111997  0.9500873E+004  0.3391717E+003  0.9436407E+001  0.2293512E+004 -0.1328182E+004  0.0000000E+000
 311.000    07111997  0.9501960E+004  0.3395243E+003  0.9436595E+001  0.2297473E+004 -0.1330610E+004  0.0000000E+000
 312.000    08111997  0.9503561E+004  0.3398851E+003  0.9435248E+001  0.2301756E+004 -0.1332811E+004  0.0000000E+000
 313.000    09111997  0.9505233E+004  0.3402736E+003  0.9434701E+001  0.2306481E+004 -0.1335361E+004  0.0000000E+000
 314.000    10111997  0.9506360E+004  0.3406179E+003  0.9431811E+001  0.2310829E+004 -0.1338082E+004  0.0000000E+000
 315.000    11111997  0.9508120E+004  0.3409371E+003  0.9432239E+001  0.2315583E+004 -0.1340654E+004  0.0000000E+000
 316.000    12111997  0.9509834E+004  0.3412824E+003  0.9432113E+001  0.2320240E+004 -0.1343145E+004  0.0000000E+000
 317.000    13111997  0.9509581E+004  0.3416537E+003  0.9423634E+001  0.2322405E+004 -0.1344944E+004  0.0000000E+000
 318.000    14111997  0.9510345E+004  0.3420687E+003  0.9412259E+001  0.2325904E+004 -0.1346951E+004  0.0000000E+000
 319.000    15111997  0.9511094E+004  0.3424393E+003  0.9409182E+001  0.2329466E+004 -0.1349222E+004  0.0000000E+000
 320.000    16111997  0.9510824E+004  0.3428313E+003  0.9395351E+001  0.2331641E+004 -0.1350920E+004  0.0000000E+000
 321.000    17111997  0.9509996E+004  0.3432605E+003  0.9366583E+001  0.2333241E+004 -0.1352283E+004  0.0000000E+000
 322.000    18111997  0.9509641E+004  0.3436992E+003  0.9342699E+001  0.2335342E+004 -0.1353725E+004  0.0000000E+000
 323.000    19111997  0.9509932E+004  0.3441452E+003  0.9322594E+001  0.2338188E+004 -0.1355320E+004  0.0000000E+000
 324.000    20111997  0.9510019E+004  0.3445917E+003  0.9305777E+001  0.2341235E+004 -0.1357283E+004  0.0000000E+000
 325.000    21111997  0.9508812E+004  0.3450382E+003  0.9294502E+001  0.2344833E+004 -0.1359180E+004  0.0000000E+000
 326.000    22111997  0.9508132E+004  0.3453253E+003  0.9296703E+001  0.2350409E+004 -0.1363025E+004  0.0000000E+000
 327.000    23111997  0.9507539E+004  0.3454690E+003  0.9297777E+001  0.2355157E+004 -0.1366240E+004  0.0000000E+000
 328.000    24111997  0.9505822E+004  0.3457166E+003  0.9280277E+001  0.2357563E+004 -0.1368003E+004  0.0000000E+000
 329.000    25111997  0.9503916E+004  0.3460741E+003  0.9255316E+001  0.2359583E+004 -0.1369391E+004  0.0000000E+000
 330.000    26111997  0.9502447E+004  0.3464749E+003  0.9233783E+001  0.2362290E+004 -0.1371134E+004  0.0000000E+000
 331.000    27111997  0.9501740E+004  0.3468233E+003  0.9228513E+001  0.2365883E+004 -0.1373460E+004  0.0000000E+000
 332.000    28111997  0.9500919E+004  0.3471651E+003  0.9217815E+001  0.2369300E+004 -0.1375730E+004  0.0000000E+000
 333.000    29111997  0.9500707E+004  0.3474199E+003  0.9217386E+001  0.2373692E+004 -0.1378712E+004  0.0000000E+000
 334.000    30111997  0.9500595E+004  0.3475548E+003  0.9218466E+001  0.2377699E+004 -0.1381438E+004  0.0000000E+000
 335.000    01121997  0.9494677E+004  0.3475592E+003  0.9209784E+001  0.2381850E+004 -0.1383761E+004  0.0000000E+000
 336.000    02121997  0.9493671E+004  0.3478831E+003  0.9188873E+001  0.2384237E+004 -0.1385372E+004  0.0000000E+000
 337.000    03121997  0.9493684E+004  0.3482563E+003  0.9173881E+001  0.2387895E+004 -0.1387332E+004  0.0000000E+000
 338.000    04121997  0.9493837E+004  0.3485521E+003  0.9175596E+001  0.2392119E+004 -0.1390130E+004  0.0000000E+000
 339.000    05121997  0.9493462E+004  0.3487999E+003  0.9168139E+001  0.2395146E+004 -0.1392273E+004  0.0000000E+000
 340.000    06121997  0.9491280E+004  0.3491571E+003  0.9133314E+001  0.2396005E+004 -0.1393484E+004  0.0000000E+000
 341.000    07121997  0.9489597E+004  0.3495375E+003  0.9114376E+001  0.2397227E+004 -0.1394639E+004  0.0000000E+000
 342.000    08121997  0.9488254E+004  0.3499318E+003  0.9103508E+001  0.2398727E+004 -0.1395817E+004  0.0000000E+000
 343.000    09121997  0.9487039E+004  0.3503392E+003  0.9091846E+001  0.2400445E+004 -0.1397079E+004  0.0000000E+000
 344.000    10121997  0.9486564E+004  0.3507668E+003  0.9083498E+001  0.2402855E+004 -0.1398443E+004  0.0000000E+000
 345.000    11121997  0.9486526E+004  0.3512160E+003  0.9078117E+001  0.2405853E+004 -0.1400089E+004  0.0000000E+000
 346.000    12121997  0.9486620E+004  0.3516575E+003  0.9073322E+001  0.2408821E+004 -0.1401702E+004  0.0000000E+000
 347.000    13121997  0.9486072E+004  0.3521108E+003  0.9065402E+001  0.2411071E+004 -0.1403131E+004  0.0000000E+000
 348.000    14121997  0.9485372E+004  0.3525705E+003  0.9058107E+001  0.2413138E+004 -0.1404551E+004  0.0000000E+000
 349.000    15121997  0.9484344E+004  0.3530303E+003  0.9049013E+001  0.2414814E+004 -0.1405847E+004  0.0000000E+000
 350.000    16121997  0.9483644E+004  0.3534876E+003  0.9041130E+001  0.2416958E+004 -0.1407311E+004  0.0000000E+000
 351.000    17121997  0.9483311E+004  0.3539291E+003  0.9034078E+001  0.2419580E+004 -0.1408993E+004  0.0000000E+000
 352.000    18121997  0.9483006E+004  0.3543385E+003  0.9027644E+001  0.2422077E+004 -0.1410641E+004  0.0000000E+000
 353.000    19121997  0.9482571E+004  0.3547276E+003  0.9021664E+001  0.2424602E+004 -0.1412471E+004  0.0000000E+000
 354.000    20121997  0.9482193E+004  0.3550583E+003  0.9016284E+001  0.2427271E+004 -0.1414508E+004  0.0000000E+000
 355.000    21121997  0.9482656E+004  0.3552845E+003  0.9015254E+001  0.2430469E+004 -0.1416598E+004  0.0000000E+000
 356.000    22121997  0.9482380E+004  0.3555670E+003  0.9008940E+001  0.2432645E+004 -0.1418135E+004  0.0000000E+000
 357.000    23121997  0.9482331E+004  0.3558840E+003  0.9004715E+001  0.2435400E+004 -0.1420008E+004  0.0000000E+000
 358.000    24121997  0.9482335E+004  0.3561426E+003  0.9002409E+001  0.2437910E+004 -0.1421842E+004  0.0000000E+000
 359.000    25121997  0.9483420E+004  0.3563765E+003  0.9005277E+001  0.2442225E+004 -0.1424505E+004  0.0000000E+000
 360.000    26121997  0.9483857E+004  0.3565821E+003  0.9001774E+001  0.2445492E+004 -0.1426718E+004  0.0000000E+000
 361.000    27121997  0.9483949E+004  0.3568405E+003  0.8997014E+001  0.2447946E+004 -0.1428370E+004  0.0000000E+000
 362.000    28121997  0.9482931E+004  0.3571818E+003  0.8986340E+001  0.2449346E+004 -0.1429691E+004  0.0000000E+000
 363.000    29121997  0.9482106E+004  0.3575645E+003  0.8974844E+001  0.2450880E+004 -0.1430874E+004  0.0000000E+000
 364.000    30121997  0.9480665E+004  0.3579611E+003  0.8962101E+001  0.2451814E+004 -0.1432016E+004  0.0000000E+000
 365.000    31121997  0.9473218E+004  0.3581143E+003  0.8943089E+001  0.2452849E+004 -0.1433098E+004  0.0000000E+000
