    DOY     DATE    PRECN           ET              WATER           DISCHG          SNOWPACK        WTR_1           WTR_2           WTR_3           WTR_4           WTR_5           WTR_6           ICE_2           ICE_3           ICE_4           ICE_5           ICE_6           ICE_7           PSI_3           PSI_4           PSI_5           PSI_6           PSI_7           PSI_8           ACTV_LYR        
  30.000    30011947  0.3968000E+002  0.2626556E+002  0.7663560E+003  0.4136283E+002  0.0000000E+000  0.3152708E+000  0.3081493E+000  0.3137531E+000  0.2441921E+000  0.2388677E+000  0.3481515E+000  0.9985116E-012  0.9688263E-012  0.0000000E+000  0.0000000E+000  0.0000000E+000  0.0000000E+000 -0.1261363E-001 -0.1069515E-001 -0.7313341E-002 -0.3111200E-002 -0.2784107E-002 -0.4097629E-002 -0.9999000E+004
  60.000    01031947  0.2052600E+003  0.4852508E+002  0.8843526E+003  0.6744779E+002  0.0000000E+000  0.3245284E+000  0.3543235E+000  0.3533491E+000  0.2899265E+000  0.2760457E+000  0.3724722E+000  0.9985116E-012  0.9688263E-012  0.0000000E+000  0.0000000E+000  0.0000000E+000  0.0000000E+000 -0.6075894E-002 -0.4647038E-002 -0.3601832E-002 -0.1764089E-002 -0.2496983E-002 -0.2508698E-002 -0.9999000E+004
  90.000    31031947  0.3887400E+003  0.8950489E+002  0.8500821E+003  0.2447501E+003  0.0000000E+000  0.3503052E+000  0.3501933E+000  0.3576610E+000  0.2952051E+000  0.2818051E+000  0.3554471E+000  0.9985116E-012  0.9688263E-012  0.0000000E+000  0.0000000E+000  0.0000000E+000  0.0000000E+000 -0.5531534E-002 -0.4245599E-002 -0.3351250E-002 -0.2636102E-002 -0.2575473E-002 -0.3466730E-002 -0.9999000E+004
 120.000    30041947  0.5138100E+003  0.1776168E+003  0.7932160E+003  0.3385743E+003  0.0000000E+000  0.3798908E+000  0.3545866E+000  0.3738294E+000  0.2995564E+000  0.2381805E+000  0.3443332E+000  0.9985116E-012  0.9688263E-012  0.0000000E+000  0.0000000E+000  0.0000000E+000  0.0000000E+000 -0.4990918E-002 -0.4303594E-002 -0.7494498E-002 -0.3401095E-002 -0.2976429E-002 -0.4752549E-002 -0.9999000E+004
 150.000    30051947  0.6451500E+003  0.3076370E+003  0.7182234E+003  0.4148866E+003  0.0000000E+000  0.1413536E+000  0.1380893E+000  0.1537685E+000  0.1503078E+000  0.1900955E+000  0.3285459E+000  0.9985116E-012  0.9688263E-012  0.0000000E+000  0.0000000E+000  0.0000000E+000  0.0000000E+000 -0.3739467E+000 -0.1293799E+000 -0.2655566E-001 -0.4952481E-002 -0.3391782E-002 -0.5100840E-002 -0.9999000E+004
 180.000    29061947  0.8426400E+003  0.4538446E+003  0.7393896E+003  0.4450029E+003  0.0000000E+000  0.3098209E+000  0.3429869E+000  0.3397335E+000  0.2735413E+000  0.2694010E+000  0.3170429E+000  0.9985116E-012  0.9688263E-012  0.0000000E+000  0.0000000E+000  0.0000000E+000  0.0000000E+000 -0.7834847E-002 -0.6107646E-002 -0.4107075E-002 -0.6620287E-002 -0.5039365E-002 -0.6984218E-002 -0.9999000E+004
 210.000    29071947  0.1010320E+004  0.5918095E+003  0.7546757E+003  0.4594319E+003  0.0000000E+000  0.2906537E+000  0.3139584E+000  0.3135950E+000  0.2489787E+000  0.2447358E+000  0.3480747E+000  0.9985116E-012  0.9688263E-012  0.0000000E+000  0.0000000E+000  0.0000000E+000  0.0000000E+000 -0.1257313E-001 -0.9585359E-002 -0.6506052E-002 -0.3117239E-002 -0.2765374E-002 -0.3861462E-002 -0.9999000E+004
 240.000    28081947  0.1159320E+004  0.7134749E+003  0.7709661E+003  0.4704761E+003  0.0000000E+000  0.3391299E+000  0.3414890E+000  0.3521499E+000  0.2843578E+000  0.2694645E+000  0.3576962E+000  0.9985116E-012  0.9688263E-012  0.0000000E+000  0.0000000E+000  0.0000000E+000  0.0000000E+000 -0.6057014E-002 -0.5085777E-002 -0.4134845E-002 -0.2504042E-002 -0.2504265E-002 -0.4606653E-002 -0.9999000E+004
 270.000    27091947  0.1236650E+004  0.8145595E+003  0.7354229E+003  0.4822646E+003  0.0000000E+000  0.3397693E+000  0.3422990E+000  0.3536707E+000  0.2859907E+000  0.2062330E+000  0.3226226E+000  0.9985116E-012  0.9688263E-012  0.0000000E+000  0.0000000E+000  0.0000000E+000  0.0000000E+000 -0.6459676E-002 -0.4956174E-002 -0.1647057E-001 -0.5748273E-002 -0.3691638E-002 -0.5512871E-002 -0.9999000E+004
 300.000    27101947  0.1375060E+004  0.8601415E+003  0.8105516E+003  0.4999639E+003  0.0000000E+000  0.3290877E+000  0.3276064E+000  0.3336285E+000  0.2608521E+000  0.2546225E+000  0.3539654E+000  0.9985116E-012  0.9688263E-012  0.0000000E+000  0.0000000E+000  0.0000000E+000  0.0000000E+000 -0.9372459E-002 -0.7753341E-002 -0.5384836E-002 -0.2723246E-002 -0.2631310E-002 -0.3760877E-002 -0.9999000E+004
 330.000    26111947  0.1462120E+004  0.8878934E+003  0.8203409E+003  0.5492559E+003  0.0000000E+000  0.3334248E+000  0.3397649E+000  0.3487341E+000  0.2787228E+000  0.2711434E+000  0.3569687E+000  0.9985116E-012  0.9688263E-012  0.0000000E+000  0.0000000E+000  0.0000000E+000  0.0000000E+000 -0.6617805E-002 -0.5658729E-002 -0.3992024E-002 -0.2545768E-002 -0.2531911E-002 -0.3079135E-002 -0.9999000E+004
 360.000    26121947  0.1538490E+004  0.9014507E+003  0.8156415E+003  0.6000737E+003  0.1152157E+003  0.3201188E+000  0.3529118E+000  0.3485790E+000  0.2794318E+000  0.2709069E+000  0.3571564E+000  0.9985116E-012  0.9688263E-012  0.0000000E+000  0.0000000E+000  0.0000000E+000  0.0000000E+000 -0.6345127E-002 -0.5696332E-002 -0.4009687E-002 -0.2535151E-002 -0.2666245E-002 -0.3979829E-002 -0.9999000E+004
