    DOY     DATE    PRECN           ET              WATER           DISCHG          SNOWPACK        WTR_1           WTR_2           WTR_3           WTR_4           WTR_5           WTR_6           ICE_2           ICE_3           ICE_4           ICE_5           ICE_6           ICE_7           PSI_3           PSI_4           PSI_5           PSI_6           PSI_7           PSI_8           ACTV_LYR        
  30.000    30011959  0.1353300E+003  0.1756001E+002  0.8017917E+003  0.9948007E+002  0.2350246E+003  0.2855001E+000  0.2730762E+000  0.3345744E+000  0.2612771E+000  0.2490291E+000  0.3389087E+000  0.2242737E+000  0.9493385E-012  0.0000000E+000  0.0000000E+000  0.0000000E+000  0.0000000E+000 -0.8929491E-002 -0.7720566E-002 -0.6000802E-002 -0.3866980E-002 -0.3184211E-002 -0.4921712E-002 -0.9999000E+004
  60.000    01031959  0.2850700E+003  0.3819395E+002  0.8272510E+003  0.1441745E+003  0.2252168E+003  0.3464692E+000  0.3465441E+000  0.3575989E+000  0.2888320E+000  0.2832420E+000  0.3560003E+000  0.9399897E-012  0.9427162E-012  0.0000000E+000  0.0000000E+000  0.0000000E+000  0.0000000E+000 -0.6103816E-002 -0.4826057E-002 -0.3242877E-002 -0.2603426E-002 -0.2702316E-002 -0.4046733E-002 -0.9999000E+004
  90.000    31031959  0.3556800E+003  0.7390902E+002  0.7920478E+003  0.2487761E+003  0.0000000E+000  0.3376692E+000  0.3336650E+000  0.3385440E+000  0.2671402E+000  0.2578128E+000  0.3531634E+000  0.9399897E-012  0.9427162E-012  0.0000000E+000  0.0000000E+000  0.0000000E+000  0.0000000E+000 -0.8262559E-002 -0.6946368E-002 -0.5078559E-002 -0.2773622E-002 -0.2753188E-002 -0.4046859E-002 -0.9999000E+004
 120.000    30041959  0.4535600E+003  0.1368931E+003  0.7968716E+003  0.2788482E+003  0.0000000E+000  0.3177619E+000  0.3461425E+000  0.3425968E+000  0.2756152E+000  0.2687906E+000  0.3568707E+000  0.9399897E-012  0.9427162E-012  0.0000000E+000  0.0000000E+000  0.0000000E+000  0.0000000E+000 -0.7364397E-002 -0.5959097E-002 -0.4155324E-002 -0.2549799E-002 -0.2542797E-002 -0.2997007E-002 -0.9999000E+004
 150.000    30051959  0.5793500E+003  0.2214278E+003  0.8184495E+003  0.2985255E+003  0.0000000E+000  0.3522927E+000  0.3555064E+000  0.3596623E+000  0.3006256E+000  0.2694777E+000  0.3583369E+000  0.9399897E-012  0.9427162E-012  0.0000000E+000  0.0000000E+000  0.0000000E+000  0.0000000E+000 -0.5085930E-002 -0.3900870E-002 -0.4034491E-002 -0.2438166E-002 -0.2498467E-002 -0.2563520E-002 -0.9999000E+004
 180.000    29061959  0.8177700E+003  0.3217857E+003  0.8143505E+003  0.4406867E+003  0.0000000E+000  0.3900036E+000  0.3804159E+000  0.3870983E+000  0.2676544E+000  0.2502524E+000  0.3489064E+000  0.9399897E-012  0.9427162E-012  0.0000000E+000  0.0000000E+000  0.0000000E+000  0.0000000E+000 -0.4723720E-002 -0.7585308E-002 -0.5863041E-002 -0.3056703E-002 -0.2941023E-002 -0.4395077E-002 -0.9999000E+004
 210.000    29071959  0.9263500E+003  0.4222691E+003  0.7777461E+003  0.4853876E+003  0.0000000E+000  0.3289031E+000  0.3640139E+000  0.3572256E+000  0.2991229E+000  0.2857136E+000  0.3482533E+000  0.9399897E-012  0.9427162E-012  0.0000000E+000  0.0000000E+000  0.0000000E+000  0.0000000E+000 -0.5169159E-002 -0.3989122E-002 -0.3145119E-002 -0.3106897E-002 -0.3160286E-002 -0.4690269E-002 -0.9999000E+004
 240.000    28081959  0.1025640E+004  0.5110244E+003  0.7725571E+003  0.5011112E+003  0.0000000E+000  0.3184987E+000  0.3290022E+000  0.3313300E+000  0.2591359E+000  0.2520747E+000  0.3501690E+000  0.9399897E-012  0.9427162E-012  0.0000000E+000  0.0000000E+000  0.0000000E+000  0.0000000E+000 -0.9481360E-002 -0.8009285E-002 -0.5645974E-002 -0.2968869E-002 -0.3135705E-002 -0.4869276E-002 -0.9999000E+004
 270.000    27091959  0.1071840E+004  0.5811070E+003  0.7310558E+003  0.5187300E+003  0.0000000E+000  0.3293145E+000  0.3376340E+000  0.3460804E+000  0.2751921E+000  0.2130780E+000  0.3193127E+000  0.9399897E-012  0.9427162E-012  0.0000000E+000  0.0000000E+000  0.0000000E+000  0.0000000E+000 -0.6977621E-002 -0.6002086E-002 -0.1350900E-001 -0.6244410E-002 -0.4668720E-002 -0.7066339E-002 -0.9999000E+004
 300.000    27101959  0.1186310E+004  0.6338649E+003  0.7794282E+003  0.5320696E+003  0.0000000E+000  0.3471167E+000  0.3465638E+000  0.3492074E+000  0.2841163E+000  0.2647868E+000  0.3576929E+000  0.9399897E-012  0.9427162E-012  0.0000000E+000  0.0000000E+000  0.0000000E+000  0.0000000E+000 -0.6022058E-002 -0.5149883E-002 -0.4496058E-002 -0.2499682E-002 -0.2498715E-002 -0.2632080E-002 -0.9999000E+004
 330.000    26111959  0.1235500E+004  0.6688718E+003  0.7843845E+003  0.5412564E+003  0.0000000E+000  0.3436276E+000  0.3374069E+000  0.3413905E+000  0.2720101E+000  0.2646417E+000  0.3558963E+000  0.9399897E-012  0.9427162E-012  0.0000000E+000  0.0000000E+000  0.0000000E+000  0.0000000E+000 -0.7719843E-002 -0.6376008E-002 -0.4478667E-002 -0.2607650E-002 -0.2684849E-002 -0.4325083E-002 -0.9999000E+004
 360.000    26121959  0.1350370E+004  0.6962858E+003  0.8184964E+003  0.5945212E+003  0.0000000E+000  0.3336093E+000  0.3361687E+000  0.3446090E+000  0.2729511E+000  0.2648229E+000  0.3549798E+000  0.9507760E-012  0.9427162E-012  0.0000000E+000  0.0000000E+000  0.0000000E+000  0.0000000E+000 -0.7206067E-002 -0.6262778E-002 -0.4465593E-002 -0.2662080E-002 -0.2694574E-002 -0.4027657E-002 -0.9999000E+004
