    DOY     DATE    GROWTH_STG      BRANCH_NO.      NODE_NO.        RUB_ACTVN       LEAF_N/C        LEAF_P/C        MIN_LWP         O2_STRESS       TEMP_STRESS     
   1.000    01011998  END_SEED_FILL                1  0.2091795E+002  0.9827027E+000  0.8488955E-001  0.7952890E-002 -0.8183312E+000  0.9939228E+000  0.5306364E-002
   2.000    02011998  END_SEED_FILL                1  0.2091874E+002  0.9822478E+000  0.8490598E-001  0.7953602E-002 -0.1028776E+001  0.9938871E+000  0.4797986E-001
   3.000    03011998  END_SEED_FILL                1  0.2092012E+002  0.9822951E+000  0.8505759E-001  0.7967004E-002 -0.9060785E+000  0.9938614E+000  0.6407750E-001
   4.000    04011998  END_SEED_FILL                1  0.2092178E+002  0.9827096E+000  0.8514243E-001  0.7974721E-002 -0.8589267E+000  0.9940644E+000  0.4620040E-001
   5.000    05011998  END_SEED_FILL                1  0.2092377E+002  0.9829706E+000  0.8524907E-001  0.7985049E-002 -0.1122618E+001  0.9940448E+000  0.2621621E+000
   6.000    06011998  END_SEED_FILL                1  0.2092681E+002  0.9845177E+000  0.8527296E-001  0.7989356E-002 -0.9467100E+000  0.9939753E+000  0.3501877E+000
   7.000    07011998  END_SEED_FILL                1  0.2093035E+002  0.9860809E+000  0.8478205E-001  0.7947296E-002 -0.8341325E+000  0.9938789E+000  0.4182292E+000
   8.000    08011998  END_SEED_FILL                1  0.2093400E+002  0.9871136E+000  0.8374911E-001  0.7855591E-002 -0.8153511E+000  0.9938765E+000  0.3029041E+000
   9.000    09011998  END_SEED_FILL                1  0.2093608E+002  0.9860947E+000  0.8230313E-001  0.7723765E-002 -0.1018691E+001  0.9940246E+000  0.6190651E-001
  10.000    10011998  END_SEED_FILL                1  0.2093695E+002  0.9846894E+000  0.8155942E-001  0.7655211E-002 -0.1038468E+001  0.9940858E+000  0.9004801E-002
  11.000    11011998  END_SEED_FILL                1  0.2093786E+002  0.9834966E+000  0.8126870E-001  0.7627436E-002 -0.1057893E+001  0.9940790E+000  0.5991128E-001
  12.000    12011998  END_SEED_FILL                1  0.2093900E+002  0.9826679E+000  0.8129097E-001  0.7627995E-002 -0.9970632E+000  0.9941035E+000  0.6745096E-001
  13.000    13011998  END_SEED_FILL                1  0.2094031E+002  0.9821426E+000  0.8156344E-001  0.7651457E-002 -0.8878349E+000  0.9941043E+000  0.8158621E-001
  14.000    14011998  END_SEED_FILL                1  0.2094069E+002  0.9820952E+000  0.8190017E-001  0.7680891E-002 -0.8397793E+000  0.9940803E+000  0.1290890E-001
  15.000    15011998  END_SEED_FILL                1  0.2094085E+002  0.9822053E+000  0.8245810E-001  0.7730990E-002 -0.8130010E+000  0.9940582E+000  0.1697681E-001
  16.000    16011998  END_SEED_FILL                1  0.2094136E+002  0.9818602E+000  0.8282435E-001  0.7763076E-002 -0.7954209E+000  0.9940574E+000  0.5848250E-001
  17.000    17011998  END_SEED_FILL                1  0.2094195E+002  0.9815601E+000  0.8319057E-001  0.7794982E-002 -0.7971742E+000  0.9940697E+000  0.3063960E-001
  18.000    18011998  END_SEED_FILL                1  0.2094239E+002  0.9812288E+000  0.8357935E-001  0.7828808E-002 -0.8537155E+000  0.9940273E+000  0.2534520E-001
  19.000    19011998  END_SEED_FILL                1  0.2094258E+002  0.9815407E+000  0.8420667E-001  0.7885227E-002 -0.8218110E+000  0.9940616E+000  0.1868540E-001
  20.000    20011998  END_SEED_FILL                1  0.2094297E+002  0.9812284E+000  0.8451721E-001  0.7912109E-002 -0.8528268E+000  0.9939548E+000  0.2655752E-002
  21.000    21011998  END_SEED_FILL                1  0.2094334E+002  0.9809672E+000  0.8485580E-001  0.7941576E-002 -0.8780074E+000  0.9940263E+000  0.4220275E-002
  22.000    22011998  END_SEED_FILL                1  0.2094363E+002  0.9809387E+000  0.8528782E-001  0.7979987E-002 -0.8338090E+000  0.9939672E+000  0.2403748E-001
  23.000    23011998  END_SEED_FILL                1  0.2094411E+002  0.9809011E+000  0.8563046E-001  0.8010292E-002 -0.8017246E+000  0.9939976E+000  0.4737539E-001
  24.000    24011998  END_SEED_FILL                1  0.2094474E+002  0.9808504E+000  0.8589015E-001  0.8033016E-002 -0.7970954E+000  0.9940504E+000  0.1307755E-001
  25.000    25011998  END_SEED_FILL                1  0.2094515E+002  0.9805995E+000  0.8607126E-001  0.8048466E-002 -0.8651358E+000  0.9941228E+000  0.3501634E-002
  26.000    26011998  END_SEED_FILL                1  0.2094575E+002  0.9805059E+000  0.8631075E-001  0.8069434E-002 -0.9499516E+000  0.9942761E+000  0.1828123E-001
  27.000    27011998  END_SEED_FILL                1  0.2094606E+002  0.9807327E+000  0.8661272E-001  0.8096767E-002 -0.8677749E+000  0.9942131E+000  0.4645803E-001
  28.000    28011998  END_SEED_FILL                1  0.2094658E+002  0.9806164E+000  0.8671755E-001  0.8105872E-002 -0.8006206E+000  0.9942720E+000  0.3659016E-001
  29.000    29011998  END_SEED_FILL                1  0.2094777E+002  0.9807542E+000  0.8685979E-001  0.8118514E-002 -0.1082985E+001  0.9943481E+000  0.4875349E-001
  30.000    30011998  END_SEED_FILL                1  0.2094876E+002  0.9808508E+000  0.8676931E-001  0.8109910E-002 -0.1030735E+001  0.9942615E+000  0.2158511E-001
  31.000    31011998  END_SEED_FILL                1  0.2094925E+002  0.9805750E+000  0.8660508E-001  0.8094465E-002 -0.9202838E+000  0.9942322E+000  0.1551712E-002
  32.000    01021998  END_SEED_FILL                1  0.2094979E+002  0.9803199E+000  0.8654211E-001  0.8088305E-002 -0.9522719E+000  0.9941390E+000  0.1914078E-002
  33.000    02021998  END_SEED_FILL                1  0.2095062E+002  0.9801031E+000  0.8652867E-001  0.8086811E-002 -0.1012849E+001  0.9940893E+000  0.8312987E-001
  34.000    03021998  END_SEED_FILL                1  0.2095132E+002  0.9800809E+000  0.8637582E-001  0.8072662E-002 -0.9014275E+000  0.9940773E+000  0.4281157E-001
  35.000    04021998  END_SEED_FILL                1  0.2095172E+002  0.9798817E+000  0.8631064E-001  0.8066593E-002 -0.8120169E+000  0.9941895E+000  0.2642651E-001
  36.000    05021998  END_SEED_FILL                1  0.2095217E+002  0.9795823E+000  0.8623614E-001  0.8059501E-002 -0.7989462E+000  0.9942874E+000  0.3848392E-001
  37.000    06021998  END_SEED_FILL                1  0.2095263E+002  0.9792732E+000  0.8616003E-001  0.8052079E-002 -0.8064236E+000  0.9943784E+000  0.2102577E-001
  38.000    07021998  END_SEED_FILL                1  0.2095283E+002  0.9793560E+000  0.8630041E-001  0.8064929E-002 -0.7979275E+000  0.9943251E+000  0.1633040E-001
  39.000    08021998  END_SEED_FILL                1  0.2095349E+002  0.9792289E+000  0.8633012E-001  0.8067463E-002 -0.8938597E+000  0.9944679E+000  0.2283722E-001
  40.000    09021998  END_SEED_FILL                1  0.2095387E+002  0.9794342E+000  0.8634660E-001  0.8069102E-002 -0.8407052E+000  0.9944008E+000  0.3217339E-002
  41.000    10021998  END_SEED_FILL                1  0.2095470E+002  0.9793432E+000  0.8629440E-001  0.8064295E-002 -0.1005708E+001  0.9943837E+000  0.9711706E-002
  42.000    11021998  END_SEED_FILL                1  0.2095574E+002  0.9793931E+000  0.8644271E-001  0.8078571E-002 -0.8933664E+000  0.9943938E+000  0.2266199E+000
  43.000    12021998  END_SEED_FILL                1  0.2095757E+002  0.9809782E+000  0.8626265E-001  0.8063555E-002 -0.1104530E+001  0.9945141E+000  0.4843853E-001
  44.000    13021998  END_SEED_FILL                1  0.2095823E+002  0.9808575E+000  0.8564619E-001  0.8008048E-002 -0.9382229E+000  0.9944692E+000  0.5442361E-001
  45.000    14021998  END_SEED_FILL                1  0.2095892E+002  0.9803937E+000  0.8510325E-001  0.7958838E-002 -0.9158712E+000  0.9944695E+000  0.3049183E-002
  46.000    15021998  END_SEED_FILL                1  0.2095942E+002  0.9796915E+000  0.8462986E-001  0.7915453E-002 -0.9293287E+000  0.9943681E+000  0.1650293E-001
  47.000    16021998  END_SEED_FILL                1  0.2095999E+002  0.9792398E+000  0.8452737E-001  0.7906312E-002 -0.8585552E+000  0.9943748E+000  0.2004138E+000
  48.000    17021998  END_SEED_FILL                1  0.2096290E+002  0.9810676E+000  0.8505966E-001  0.7957315E-002 -0.1017165E+001  0.9943774E+000  0.2308259E+000
  49.000    18021998  END_SEED_FILL                1  0.2096462E+002  0.9827789E+000  0.8444945E-001  0.7903848E-002 -0.9054817E+000  0.9944479E+000  0.1141222E+000
  50.000    19021998  END_SEED_FILL                1  0.2096617E+002  0.9821481E+000  0.8342636E-001  0.7811017E-002 -0.1142142E+001  0.9944890E+000  0.5817260E-001
  51.000    20021998  END_SEED_FILL                1  0.2096780E+002  0.9811147E+000  0.8263417E-001  0.7738501E-002 -0.1198128E+001  0.9944544E+000  0.9783103E-001
  52.000    21021998  END_SEED_FILL                1  0.2096907E+002  0.9802220E+000  0.8205393E-001  0.7684768E-002 -0.1122225E+001  0.9945321E+000  0.5389349E-001
  53.000    22021998  END_SEED_FILL                1  0.2097012E+002  0.9794565E+000  0.8178715E-001  0.7659434E-002 -0.1102549E+001  0.9945119E+000  0.7274030E-001
  54.000    23021998  END_SEED_FILL                1  0.2097066E+002  0.9790052E+000  0.8174371E-001  0.7654611E-002 -0.9382827E+000  0.9944983E+000  0.5228000E-001
  55.000    24021998  END_SEED_FILL                1  0.2097201E+002  0.9786756E+000  0.8189898E-001  0.7667771E-002 -0.1138212E+001  0.9943212E+000  0.8350390E-001
  56.000    25021998  END_SEED_FILL                1  0.2097387E+002  0.9790842E+000  0.8213723E-001  0.7688978E-002 -0.1420628E+001  0.9944569E+000  0.6590680E-001
  57.000    26021998  END_SEED_FILL                1  0.2097579E+002  0.9795043E+000  0.8220847E-001  0.7694984E-002 -0.1557401E+001  0.9944332E+000  0.4961989E-001
  58.000    27021998  END_SEED_FILL                1  0.2097742E+002  0.9795978E+000  0.8236951E-001  0.7709751E-002 -0.1134687E+001  0.9943525E+000  0.1719223E+000
  59.000    28021998  END_SEED_FILL                1  0.2098015E+002  0.9806842E+000  0.8229722E-001  0.7703496E-002 -0.1161621E+001  0.9943076E+000  0.1348537E+000
  60.000    01031998  END_SEED_FILL                1  0.2098202E+002  0.9803380E+000  0.8178418E-001  0.7656116E-002 -0.1154789E+001  0.9941700E+000  0.1129705E+000
  61.000    02031998  END_SEED_FILL                1  0.2098333E+002  0.9795104E+000  0.8129008E-001  0.7609811E-002 -0.1096077E+001  0.9905652E+000  0.3550139E-001
  62.000    03031998  END_SEED_FILL                1  0.2098394E+002  0.9784863E+000  0.8110548E-001  0.7591505E-002 -0.9451395E+000  0.9929988E+000  0.5026909E-002
  63.000    04031998  END_SEED_FILL                1  0.2098459E+002  0.9777593E+000  0.8119240E-001  0.7597793E-002 -0.9729358E+000  0.9894330E+000  0.3119160E-002
  64.000    05031998  END_SEED_FILL                1  0.2098564E+002  0.9773550E+000  0.8144649E-001  0.7619355E-002 -0.1154741E+001  0.9881918E+000  0.3149054E-001
  65.000    06031998  END_SEED_FILL                1  0.2098661E+002  0.9771595E+000  0.8172305E-001  0.7643254E-002 -0.9651790E+000  0.9943137E+000  0.8610518E-001
  66.000    07031998  END_SEED_FILL                1  0.2098835E+002  0.9775178E+000  0.8216275E-001  0.7682551E-002 -0.1160605E+001  0.9942927E+000  0.1637970E+000
  67.000    08031998  END_SEED_FILL                1  0.2099066E+002  0.9786703E+000  0.8272516E-001  0.7734375E-002 -0.1062498E+001  0.9942103E+000  0.2995463E+000
  68.000    09031998  END_SEED_FILL                1  0.2099331E+002  0.9802114E+000  0.8246645E-001  0.7711121E-002 -0.1319447E+001  0.9941419E+000  0.9071277E-001
  69.000    10031998  END_SEED_FILL                1  0.2099398E+002  0.9793788E+000  0.8188907E-001  0.7657775E-002 -0.1027530E+001  0.9938296E+000  0.3242345E-002
  70.000    11031998  END_SEED_FILL                1  0.2099427E+002  0.9786569E+000  0.8172738E-001  0.7642377E-002 -0.8666134E+000  0.9944220E+000  0.3438968E-002
  71.000    12031998  END_SEED_FILL                1  0.2099447E+002  0.9782553E+000  0.8177218E-001  0.7645820E-002 -0.8283000E+000  0.9913794E+000  0.8202992E-003
  72.000    13031998  END_SEED_FILL                1  0.2099494E+002  0.9777038E+000  0.8181077E-001  0.7648233E-002 -0.9329174E+000  0.9943587E+000  0.1793639E-001
  73.000    14031998  END_SEED_FILL                1  0.2099668E+002  0.9779405E+000  0.8216603E-001  0.7679933E-002 -0.1371904E+001  0.9942994E+000  0.7853272E-001
  74.000    15031998  END_SEED_FILL                1  0.2099783E+002  0.9778579E+000  0.8208127E-001  0.7671292E-002 -0.1174261E+001  0.9943445E+000  0.3313839E-001
  75.000    16031998  END_SEED_FILL                1  0.2099833E+002  0.9771879E+000  0.8198067E-001  0.7661132E-002 -0.9723577E+000  0.9941812E+000  0.2295203E-001
  76.000    17031998  END_SEED_FILL                1  0.2099866E+002  0.9768379E+000  0.8212722E-001  0.7673694E-002 -0.8235280E+000  0.9943730E+000  0.2240051E-001
  77.000    18031998  END_SEED_FILL                1  0.2099921E+002  0.9766236E+000  0.8241783E-001  0.7699563E-002 -0.8217675E+000  0.9939159E+000  0.1255298E+000
  78.000    19031998  END_SEED_FILL                1  0.2100145E+002  0.9776916E+000  0.8290377E-001  0.7743826E-002 -0.1308557E+001  0.9942976E+000  0.1475423E+000
  79.000    20031998  END_SEED_FILL                1  0.2100387E+002  0.9786936E+000  0.8299467E-001  0.7752565E-002 -0.1269904E+001  0.9905577E+000  0.1701110E+000
  80.000    21031998  END_SEED_FILL                1  0.2100499E+002  0.9785471E+000  0.8234504E-001  0.7692955E-002 -0.1022486E+001  0.9834486E+000  0.4223391E-001
  81.000    22031998  EMERGENCE                    1  0.2100591E+002  0.9775283E+000  0.8193624E-001  0.7654583E-002 -0.1008765E+001  0.9843153E+000  0.8490170E-002
  82.000    23031998  EMERGENCE                    1  0.2100685E+002  0.9768072E+000  0.8165169E-001  0.7626659E-002 -0.1071841E+001  0.9943547E+000  0.6068742E-001
  83.000    24031998  EMERGENCE                    1  0.2100823E+002  0.9762336E+000  0.8142700E-001  0.7604204E-002 -0.1179989E+001  0.9943938E+000  0.6101551E-001
  84.000    25031998  EMERGENCE                    1  0.2100951E+002  0.9757958E+000  0.8121119E-001  0.7582570E-002 -0.1190470E+001  0.9944907E+000  0.3486188E-001
  85.000    26031998  EMERGENCE                    1  0.2101241E+002  0.9767861E+000  0.8175868E-001  0.7631997E-002 -0.1697318E+001  0.9943031E+000  0.2955725E+000
  86.000    27031998  EMERGENCE                    1  0.2101712E+002  0.9803563E+000  0.8263440E-001  0.7712428E-002 -0.1825472E+001  0.9942066E+000  0.3112739E+000
  87.000    28031998  EMERGENCE                    1  0.2102152E+002  0.9821408E+000  0.8285597E-001  0.7732209E-002 -0.1731331E+001  0.9930241E+000  0.3129980E+000
  88.000    29031998  EMERGENCE                    1  0.2102710E+002  0.9841736E+000  0.8317839E-001  0.7761548E-002 -0.1908845E+001  0.9846761E+000  0.3899278E+000
  89.000    30031998  EMERGENCE                    1  0.2103295E+002  0.9853481E+000  0.8324642E-001  0.7767307E-002 -0.1904118E+001  0.9939577E+000  0.4135383E+000
  90.000    31031998  EMERGENCE                    1  0.2103852E+002  0.9855606E+000  0.8308745E-001  0.7751777E-002 -0.1744833E+001  0.9811646E+000  0.4462569E+000
  91.000    01041998  EMERGENCE                    1  0.2104301E+002  0.9856376E+000  0.8288627E-001  0.7732186E-002 -0.1401005E+001  0.9938930E+000  0.3168506E+000
  92.000    02041998  EMERGENCE                    1  0.2104752E+002  0.9854727E+000  0.8262578E-001  0.7706708E-002 -0.1842524E+001  0.9939380E+000  0.1925009E+000
  93.000    03041998  EMERGENCE                    1  0.2104991E+002  0.9840085E+000  0.8212649E-001  0.7658674E-002 -0.1260993E+001  0.9855291E+000  0.2077514E+000
  94.000    04041998  EMERGENCE                    1  0.2105142E+002  0.9832332E+000  0.8189617E-001  0.7635541E-002 -0.9938409E+000  0.9940502E+000  0.8516143E-001
  95.000    05041998  EMERGENCE                    1  0.2105288E+002  0.9817189E+000  0.8152125E-001  0.7598596E-002 -0.1188654E+001  0.9913096E+000  0.1537177E-001
  96.000    06041998  EMERGENCE                    1  0.2105495E+002  0.9808443E+000  0.8142491E-001  0.7587404E-002 -0.1575405E+001  0.9940991E+000  0.4764414E-001
  97.000    07041998  EMERGENCE                    1  0.2105861E+002  0.9811749E+000  0.8187010E-001  0.7626655E-002 -0.1859202E+001  0.9940024E+000  0.3247659E+000
  98.000    08041998  EMERGENCE                    1  0.2106385E+002  0.9831074E+000  0.8241966E-001  0.7675989E-002 -0.1842316E+001  0.9938932E+000  0.3534158E+000
  99.000    09041998  EMERGENCE                    1  0.2106750E+002  0.9831284E+000  0.8233409E-001  0.7666431E-002 -0.1545730E+001  0.9887950E+000  0.1753601E+000
 100.000    10041998  EMERGENCE                    1  0.2106874E+002  0.9820801E+000  0.8189509E-001  0.7623949E-002 -0.1136125E+001  0.9940747E+000  0.5168791E-001
 101.000    11041998  EMERGENCE                    1  0.2107041E+002  0.9806709E+000  0.8158209E-001  0.7592848E-002 -0.1282084E+001  0.9846979E+000  0.2812422E-001
 102.000    12041998  EMERGENCE                    1  0.2107239E+002  0.9797596E+000  0.8138160E-001  0.7572078E-002 -0.1557958E+001  0.9940446E+000  0.4162466E-001
 103.000    13041998  EMERGENCE                    1  0.2107512E+002  0.9797904E+000  0.8163506E-001  0.7593529E-002 -0.1722927E+001  0.9939413E+000  0.2029034E+000
 104.000    14041998  EMERGENCE                    1  0.2107709E+002  0.9803822E+000  0.8199092E-001  0.7624862E-002 -0.1218781E+001  0.9939416E+000  0.2366821E+000
 105.000    15041998  EMERGENCE                    1  0.2108155E+002  0.9818985E+000  0.8254401E-001  0.7674455E-002 -0.1722162E+001  0.9937456E+000  0.3673230E+000
 106.000    16041998  EMERGENCE                    1  0.2108623E+002  0.9831671E+000  0.8283201E-001  0.7699715E-002 -0.1635977E+001  0.9938218E+000  0.3829352E+000
 107.000    17041998  EMERGENCE                    1  0.2109056E+002  0.9837960E+000  0.8309494E-001  0.7722740E-002 -0.1238120E+001  0.9935951E+000  0.3819134E+000
 108.000    18041998  EMERGENCE                    1  0.2109253E+002  0.9838791E+000  0.8280986E-001  0.7695066E-002 -0.1004916E+001  0.9827204E+000  0.1550366E+000
 109.000    19041998  EMERGENCE                    1  0.2109520E+002  0.9830793E+000  0.8264142E-001  0.7677849E-002 -0.1361323E+001  0.9939229E+000  0.2069101E+000
 110.000    20041998  EMERGENCE                    1  0.2109782E+002  0.9820451E+000  0.8231634E-001  0.7645916E-002 -0.1457380E+001  0.9939108E+000  0.1571234E+000
 111.000    21041998  EMERGENCE                    1  0.2110026E+002  0.9811322E+000  0.8209803E-001  0.7623739E-002 -0.1574479E+001  0.9940260E+000  0.1644969E+000
 112.000    22041998  EMERGENCE                    1  0.2110170E+002  0.9803348E+000  0.8194269E-001  0.7607512E-002 -0.1159057E+001  0.9857738E+000  0.1165409E+000
 113.000    23041998  EMERGENCE                    1  0.2110383E+002  0.9793991E+000  0.8176887E-001  0.7589347E-002 -0.1284643E+001  0.9936483E+000  0.1215845E+000
 114.000    24041998  EMERGENCE                    1  0.2110682E+002  0.9796312E+000  0.8195765E-001  0.7604789E-002 -0.1637301E+001  0.9939908E+000  0.2053517E+000
 115.000    25041998  EMERGENCE                    1  0.2111116E+002  0.9812454E+000  0.8256900E-001  0.7659591E-002 -0.1869697E+001  0.9938954E+000  0.2743565E+000
 116.000    26041998  EMERGENCE                    1  0.2111576E+002  0.9825171E+000  0.8301177E-001  0.7699087E-002 -0.1843046E+001  0.9938157E+000  0.3384307E+000
 117.000    27041998  EMERGENCE                    1  0.2111796E+002  0.9823238E+000  0.8265641E-001  0.7664924E-002 -0.1308342E+001  0.9939569E+000  0.8902979E-001
 118.000    28041998  EMERGENCE                    1  0.2111999E+002  0.9811399E+000  0.8242642E-001  0.7642107E-002 -0.1445013E+001  0.9939835E+000  0.1018747E+000
 119.000    29041998  EMERGENCE                    1  0.2112268E+002  0.9808693E+000  0.8247763E-001  0.7645265E-002 -0.1614287E+001  0.9939565E+000  0.2063393E+000
 120.000    30041998  EMERGENCE                    1  0.2112568E+002  0.9815683E+000  0.8281629E-001  0.7675159E-002 -0.1274983E+001  0.9939084E+000  0.2722700E+000
 121.000    01051998  EMERGENCE                    1  0.2112919E+002  0.9821091E+000  0.8299075E-001  0.7689896E-002 -0.1203042E+001  0.9938963E+000  0.2349929E+000
 122.000    02051998  EMERGENCE                    1  0.2113231E+002  0.9821976E+000  0.8291306E-001  0.7681410E-002 -0.1445250E+001  0.9937267E+000  0.2340414E+000
 123.000    03051998  EMERGENCE                    1  0.2113615E+002  0.9835035E+000  0.8330313E-001  0.7716350E-002 -0.1716394E+001  0.9938854E+000  0.2506384E+000
 124.000    04051998  EMERGENCE                    1  0.2113984E+002  0.9829705E+000  0.8319305E-001  0.7704983E-002 -0.1468088E+001  0.9937980E+000  0.2463785E+000
 125.000    05051998  EMERGENCE                    1  0.2114320E+002  0.9829270E+000  0.8305095E-001  0.7690666E-002 -0.1641675E+001  0.9938899E+000  0.1416842E+000
 126.000    06051998  EMERGENCE                    1  0.2114742E+002  0.9834098E+000  0.8328133E-001  0.7710802E-002 -0.1827125E+001  0.9938540E+000  0.2206773E+000
 127.000    07051998  EMERGENCE                    1  0.2115103E+002  0.9834451E+000  0.8346629E-001  0.7726846E-002 -0.1235340E+001  0.9937743E+000  0.3332225E+000
 128.000    08051998  EMERGENCE                    1  0.2115515E+002  0.9837304E+000  0.8336404E-001  0.7716331E-002 -0.1427758E+001  0.9937488E+000  0.2513398E+000
 129.000    09051998  EMERGENCE                    1  0.2115936E+002  0.9837694E+000  0.8328851E-001  0.7708202E-002 -0.1645990E+001  0.9937606E+000  0.2538358E+000
 130.000    10051998  EMERGENCE                    1  0.2116258E+002  0.9829148E+000  0.8304061E-001  0.7684001E-002 -0.1181630E+001  0.9937418E+000  0.3116412E+000
 131.000    11051998  EMERGENCE                    1  0.2116586E+002  0.9824292E+000  0.8287993E-001  0.7667738E-002 -0.1167134E+001  0.9936830E+000  0.2578445E+000
 132.000    12051998  EMERGENCE                    1  0.2116859E+002  0.9819864E+000  0.8273324E-001  0.7652760E-002 -0.1125554E+001  0.9937315E+000  0.2248888E+000
 133.000    13051998  EMERGENCE                    1  0.2117137E+002  0.9812636E+000  0.8257497E-001  0.7636624E-002 -0.1207791E+001  0.9937594E+000  0.1735510E+000
 134.000    14051998  EMERGENCE                    1  0.2117541E+002  0.9819932E+000  0.8286101E-001  0.7661565E-002 -0.1719475E+001  0.9937887E+000  0.1827513E+000
 135.000    15051998  EMERGENCE                    1  0.2118080E+002  0.9838205E+000  0.8349015E-001  0.7718526E-002 -0.1973663E+001  0.9937373E+000  0.2650435E+000
 136.000    16051998  FLORAL_INIT.                 1  0.2118805E+002  0.9857802E+000  0.8421173E-001  0.7784477E-002 -0.1959391E+001  0.9935065E+000  0.5840765E+000
 137.000    17051998  FLORAL_INIT.                 1  0.2119445E+002  0.9860390E+000  0.8407869E-001  0.7771751E-002 -0.1801146E+001  0.9935562E+000  0.3538305E+000
 138.000    18051998  FLORAL_INIT.                 1  0.2120046E+002  0.9864379E+000  0.8407506E-001  0.7770999E-002 -0.1944148E+001  0.9936094E+000  0.2436966E+000
 139.000    19051998  FLORAL_INIT.                 1  0.2120745E+002  0.9869193E+000  0.8434852E-001  0.7795897E-002 -0.2007909E+001  0.9934680E+000  0.5131634E+000
 140.000    20051998  FLORAL_INIT.                 1  0.2121382E+002  0.9867661E+000  0.8416332E-001  0.7778536E-002 -0.1855127E+001  0.9934780E+000  0.4153639E+000
 141.000    21051998  FLORAL_INIT.                 1  0.2122051E+002  0.9868512E+000  0.8416352E-001  0.7778210E-002 -0.1899369E+001  0.9934549E+000  0.4015309E+000
 142.000    22051998  FLORAL_INIT.                 1  0.2122522E+002  0.9855245E+000  0.8372917E-001  0.7737645E-002 -0.1730907E+001  0.9934896E+000  0.3916938E+000
 143.000    23051998  FLORAL_INIT.                 1  0.2122852E+002  0.9844826E+000  0.8340292E-001  0.7706864E-002 -0.1221991E+001  0.9935424E+000  0.2744554E+000
 144.000    24051998  FLORAL_INIT.                 1  0.2123250E+002  0.9836640E+000  0.8337061E-001  0.7702893E-002 -0.1315591E+001  0.9934773E+000  0.4468672E+000
 145.000    25051998  FLORAL_INIT.                 1  0.2123941E+002  0.9856223E+000  0.8398585E-001  0.7758880E-002 -0.1883867E+001  0.9933941E+000  0.4398138E+000
 146.000    26051998  FLORAL_INIT.                 1  0.2124587E+002  0.9859442E+000  0.8411159E-001  0.7769954E-002 -0.1758969E+001  0.9933208E+000  0.4944579E+000
 147.000    27051998  FLORAL_INIT.                 1  0.2125201E+002  0.9856497E+000  0.8400600E-001  0.7759602E-002 -0.1636340E+001  0.9932703E+000  0.5129129E+000
 148.000    28051998  FLORAL_INIT.                 1  0.2125791E+002  0.9854418E+000  0.8392504E-001  0.7751426E-002 -0.1667003E+001  0.9933064E+000  0.4218277E+000
 149.000    29051998  FLORAL_INIT.                 1  0.2126479E+002  0.9860965E+000  0.8417999E-001  0.7774293E-002 -0.1849564E+001  0.9932310E+000  0.5221246E+000
 150.000    30051998  FLORAL_INIT.                 1  0.2127247E+002  0.9869191E+000  0.8440993E-001  0.7795150E-002 -0.1883415E+001  0.9931787E+000  0.4427217E+000
 151.000    31051998  JOINTING                     1  0.2128001E+002  0.9867799E+000  0.8364672E-001  0.7730799E-002 -0.1837680E+001  0.9930879E+000  0.7139942E+000
 152.000    01061998  JOINTING                     1  0.2128804E+002  0.9864491E+000  0.8178524E-001  0.7572922E-002 -0.1933142E+001  0.9931620E+000  0.3794608E+000
 153.000    02061998  JOINTING                     1  0.2129473E+002  0.9852640E+000  0.8030092E-001  0.7446929E-002 -0.1878602E+001  0.9931422E+000  0.4628004E+000
 154.000    03061998  JOINTING                     1  0.2130264E+002  0.9854824E+000  0.7938083E-001  0.7371704E-002 -0.1976960E+001  0.9931200E+000  0.4388601E+000
 155.000    04061998  JOINTING                     1  0.2130735E+002  0.9833791E+000  0.7818687E-001  0.7268722E-002 -0.1326699E+001  0.9931578E+000  0.4701461E+000
 156.000    05061998  JOINTING                     1  0.2131231E+002  0.9825200E+000  0.7759972E-001  0.7219830E-002 -0.1186637E+001  0.9931614E+000  0.4129781E+000
 157.000    06061998  JOINTING                     1  0.2131571E+002  0.9818316E+000  0.7714637E-001  0.7182108E-002 -0.9912659E+000  0.9932611E+000  0.2606045E+000
 158.000    07061998  JOINTING                     1  0.2131877E+002  0.9800893E+000  0.7674022E-001  0.7146462E-002 -0.1553693E+001  0.9933336E+000  0.8889159E-001
 159.000    08061998  JOINTING                     1  0.2132273E+002  0.9797912E+000  0.7716397E-001  0.7186462E-002 -0.1774707E+001  0.9932823E+000  0.2869500E+000
 160.000    09061998  JOINTING                     1  0.2132658E+002  0.9803693E+000  0.7760131E-001  0.7228148E-002 -0.1305420E+001  0.9932311E+000  0.3695998E+000
 161.000    10061998  JOINTING                     1  0.2133195E+002  0.9815132E+000  0.7798835E-001  0.7265934E-002 -0.1468553E+001  0.9931210E+000  0.4873481E+000
 162.000    11061998  JOINTING                     1  0.2133853E+002  0.9827843E+000  0.7805022E-001  0.7274624E-002 -0.1734384E+001  0.9930698E+000  0.5470056E+000
 163.000    12061998  JOINTING                     1  0.2134718E+002  0.9846641E+000  0.7794532E-001  0.7269445E-002 -0.1922537E+001  0.9929550E+000  0.5702921E+000
 164.000    13061998  JOINTING                     1  0.2135447E+002  0.9843691E+000  0.7718921E-001  0.7203599E-002 -0.1818031E+001  0.9930183E+000  0.4095526E+000
 165.000    14061998  JOINTING                     1  0.2136068E+002  0.9836888E+000  0.7668054E-001  0.7159393E-002 -0.1828409E+001  0.9930329E+000  0.4006935E+000
 166.000    15061998  ELONGATION                   1  0.2136729E+002  0.9832421E+000  0.7650992E-001  0.7145628E-002 -0.1568096E+001  0.9929545E+000  0.5716250E+000
 167.000    16061998  ELONGATION                   1  0.2137515E+002  0.9839289E+000  0.7643684E-001  0.7141301E-002 -0.1861882E+001  0.9928761E+000  0.6356117E+000
 168.000    17061998  ELONGATION                   1  0.2138252E+002  0.9843368E+000  0.7609572E-001  0.7112333E-002 -0.1889335E+001  0.9929547E+000  0.3966771E+000
 169.000    18061998  ELONGATION                   1  0.2139029E+002  0.9844284E+000  0.7591214E-001  0.7097562E-002 -0.1948065E+001  0.9929341E+000  0.4925362E+000
 170.000    19061998  ELONGATION                   1  0.2139741E+002  0.9838221E+000  0.7564917E-001  0.7074826E-002 -0.1761841E+001  0.9928419E+000  0.5875452E+000
 171.000    20061998  ELONGATION                   1  0.2140518E+002  0.9842711E+000  0.7552397E-001  0.7064876E-002 -0.1944234E+001  0.9928941E+000  0.3949840E+000
 172.000    21061998  ELONGATION                   1  0.2141297E+002  0.9841948E+000  0.7548155E-001  0.7062291E-002 -0.1946235E+001  0.9928168E+000  0.6091853E+000
 173.000    22061998  ELONGATION                   1  0.2142099E+002  0.9841913E+000  0.7534460E-001  0.7051069E-002 -0.1891149E+001  0.9928137E+000  0.5497933E+000
 174.000    23061998  ELONGATION                   1  0.2142890E+002  0.9841782E+000  0.7524563E-001  0.7043108E-002 -0.1940476E+001  0.9928067E+000  0.4853750E+000
 175.000    24061998  ELONGATION                   1  0.2143657E+002  0.9841837E+000  0.7521641E-001  0.7041338E-002 -0.1892393E+001  0.9927998E+000  0.4889023E+000
 176.000    25061998  ELONGATION                   1  0.2144518E+002  0.9846698E+000  0.7528175E-001  0.7048639E-002 -0.1982481E+001  0.9927694E+000  0.5397707E+000
 177.000    26061998  ELONGATION                   1  0.2145498E+002  0.9849305E+000  0.7531270E-001  0.7053293E-002 -0.2054084E+001  0.9926352E+000  0.8275878E+000
 178.000    27061998  ELONGATION                   1  0.2146558E+002  0.9853512E+000  0.7523057E-001  0.7047852E-002 -0.2037250E+001  0.9925885E+000  0.7260564E+000
 179.000    28061998  ELONGATION                   1  0.2147466E+002  0.9850555E+000  0.7500557E-001  0.7028444E-002 -0.1939125E+001  0.9926480E+000  0.6505390E+000
 180.000    29061998  ELONGATION                   1  0.2148333E+002  0.9847641E+000  0.7496875E-001  0.7025848E-002 -0.1911169E+001  0.9926145E+000  0.6885244E+000
 181.000    30061998  ELONGATION                   1  0.2149164E+002  0.9847848E+000  0.7489370E-001  0.7019791E-002 -0.1985020E+001  0.9926491E+000  0.5590522E+000
 182.000    01071998  ELONGATION                   1  0.2149856E+002  0.9838769E+000  0.7490035E-001  0.7020222E-002 -0.1796823E+001  0.9927015E+000  0.4818018E+000
 183.000    02071998  ELONGATION                   1  0.2150593E+002  0.9838880E+000  0.7507704E-001  0.7036129E-002 -0.1933407E+001  0.9927198E+000  0.4201353E+000
 184.000    03071998  ELONGATION                   1  0.2151339E+002  0.9841456E+000  0.7535438E-001  0.7061504E-002 -0.1972896E+001  0.9927181E+000  0.4128987E+000
 185.000    04071998  ELONGATION                   1  0.2152131E+002  0.9843796E+000  0.7563352E-001  0.7087524E-002 -0.1975350E+001  0.9926569E+000  0.5945522E+000
 186.000    05071998  ELONGATION                   1  0.2152847E+002  0.9840298E+000  0.7557616E-001  0.7082371E-002 -0.1818767E+001  0.9926948E+000  0.5008488E+000
 187.000    06071998  ELONGATION                   1  0.2153543E+002  0.9841203E+000  0.7566858E-001  0.7090961E-002 -0.1915124E+001  0.9927453E+000  0.3552591E+000
 188.000    07071998  ELONGATION                   1  0.2154287E+002  0.9842703E+000  0.7590852E-001  0.7113356E-002 -0.1954654E+001  0.9927041E+000  0.5398409E+000
 189.000    08071998  ANTHESIS                     1  0.2155092E+002  0.9845434E+000  0.7598630E-001  0.7121489E-002 -0.1877826E+001  0.9926554E+000  0.6412176E+000
 190.000    09071998  ANTHESIS                     1  0.2155989E+002  0.9849063E+000  0.7596425E-001  0.7120840E-002 -0.1879656E+001  0.9926340E+000  0.6726658E+000
 191.000    10071998  ANTHESIS                     1  0.2156809E+002  0.9846102E+000  0.7574734E-001  0.7101639E-002 -0.1925480E+001  0.9926901E+000  0.4651470E+000
 192.000    11071998  ANTHESIS                     1  0.2157500E+002  0.9838608E+000  0.7565861E-001  0.7093385E-002 -0.1900024E+001  0.9927323E+000  0.4587887E+000
 193.000    12071998  ANTHESIS                     1  0.2158126E+002  0.9830571E+000  0.7568567E-001  0.7094992E-002 -0.1807054E+001  0.9927468E+000  0.4026707E+000
 194.000    13071998  ANTHESIS                     1  0.2158783E+002  0.9830873E+000  0.7597496E-001  0.7120788E-002 -0.1880065E+001  0.9927785E+000  0.3478643E+000
 195.000    14071998  ANTHESIS                     1  0.2159483E+002  0.9836288E+000  0.7631787E-001  0.7152004E-002 -0.1963493E+001  0.9927921E+000  0.3690479E+000
 196.000    15071998  ANTHESIS                     1  0.2160271E+002  0.9841223E+000  0.7664814E-001  0.7182652E-002 -0.1980420E+001  0.9927200E+000  0.5927241E+000
 197.000    16071998  SEED_FILL                    1  0.2161063E+002  0.9846767E+000  0.7673651E-001  0.7191749E-002 -0.1846568E+001  0.9926908E+000  0.6139985E+000
 198.000    17071998  SEED_FILL                    1  0.2161882E+002  0.9848547E+000  0.7674291E-001  0.7193629E-002 -0.1855100E+001  0.9926803E+000  0.6199846E+000
 199.000    18071998  SEED_FILL                    1  0.2162695E+002  0.9856849E+000  0.7673962E-001  0.7195174E-002 -0.2002274E+001  0.9927591E+000  0.4173764E+000
 200.000    19071998  SEED_FILL                    1  0.2163578E+002  0.9854059E+000  0.7673334E-001  0.7195839E-002 -0.1991759E+001  0.9926780E+000  0.6583060E+000
 201.000    20071998  SEED_FILL                    1  0.2164516E+002  0.9856356E+000  0.7670994E-001  0.7194944E-002 -0.2027423E+001  0.9926725E+000  0.6200819E+000
 202.000    21071998  SEED_FILL                    1  0.2165502E+002  0.9856400E+000  0.7683590E-001  0.7207696E-002 -0.2041179E+001  0.9926104E+000  0.8566656E+000
 203.000    22071998  SEED_FILL                    1  0.2166520E+002  0.9860068E+000  0.7678869E-001  0.7204455E-002 -0.2032812E+001  0.9926492E+000  0.6047437E+000
 204.000    23071998  SEED_NO._SET                 1  0.2167367E+002  0.9856931E+000  0.7681227E-001  0.7206876E-002 -0.1955608E+001  0.9926506E+000  0.6434911E+000
 205.000    24071998  SEED_NO._SET                 1  0.2168217E+002  0.9856967E+000  0.7701431E-001  0.7225533E-002 -0.1978943E+001  0.9926692E+000  0.6425021E+000
 206.000    25071998  SEED_NO._SET                 1  0.2168943E+002  0.9849872E+000  0.7717407E-001  0.7239383E-002 -0.1697453E+001  0.9926728E+000  0.6011506E+000
 207.000    26071998  SEED_NO._SET                 1  0.2169657E+002  0.9847218E+000  0.7745176E-001  0.7263716E-002 -0.1860385E+001  0.9927115E+000  0.5367996E+000
 208.000    27071998  SEED_NO._SET                 1  0.2170228E+002  0.9847648E+000  0.7787356E-001  0.7301525E-002 -0.1410425E+001  0.9927310E+000  0.5418175E+000
 209.000    28071998  SEED_NO._SET                 1  0.2170956E+002  0.9849561E+000  0.7829781E-001  0.7339650E-002 -0.1860492E+001  0.9927042E+000  0.5533863E+000
 210.000    29071998  SEED_NO._SET                 1  0.2171892E+002  0.9862282E+000  0.7879035E-001  0.7385520E-002 -0.2063790E+001  0.9919750E+000  0.5247541E+000
 211.000    30071998  SEED_NO._SET                 1  0.2172623E+002  0.9857978E+000  0.7884182E-001  0.7390102E-002 -0.1704872E+001  0.9926960E+000  0.6291198E+000
 212.000    31071998  SEED_MASS_SET                1  0.2173248E+002  0.9852209E+000  0.7888632E-001  0.7393397E-002 -0.1559485E+001  0.9927610E+000  0.4685831E+000
 213.000    01081998  SEED_MASS_SET                1  0.2173872E+002  0.9850558E+000  0.7919044E-001  0.7420236E-002 -0.1879900E+001  0.9928073E+000  0.4006500E+000
 214.000    02081998  SEED_MASS_SET                1  0.2174460E+002  0.9850761E+000  0.7961071E-001  0.7457849E-002 -0.1872803E+001  0.9928313E+000  0.3606203E+000
 215.000    03081998  SEED_MASS_SET                1  0.2175086E+002  0.9857017E+000  0.8010087E-001  0.7502396E-002 -0.1973554E+001  0.9928746E+000  0.3062900E+000
 216.000    04081998  SEED_MASS_SET                1  0.2175747E+002  0.9861559E+000  0.8047607E-001  0.7536852E-002 -0.2007017E+001  0.9928607E+000  0.3220844E+000
 217.000    05081998  SEED_MASS_SET                1  0.2176428E+002  0.9864570E+000  0.8070343E-001  0.7557957E-002 -0.2015726E+001  0.9928819E+000  0.2892777E+000
 218.000    06081998  SEED_MASS_SET                1  0.2177114E+002  0.9865703E+000  0.8089448E-001  0.7575833E-002 -0.2006803E+001  0.9915003E+000  0.4395572E+000
 219.000    07081998  SEED_MASS_SET                1  0.2177755E+002  0.9860209E+000  0.8091752E-001  0.7577945E-002 -0.1766966E+001  0.9912083E+000  0.6246587E+000
 220.000    08081998  SEED_MASS_SET                1  0.2178600E+002  0.9867153E+000  0.8110263E-001  0.7595602E-002 -0.1961900E+001  0.9911272E+000  0.6284411E+000
 221.000    09081998  SEED_MASS_SET                1  0.2179346E+002  0.9868588E+000  0.8100698E-001  0.7587464E-002 -0.1859066E+001  0.9927847E+000  0.5384287E+000
 222.000    10081998  SEED_MASS_SET                1  0.2179918E+002  0.9860648E+000  0.8085906E-001  0.7573583E-002 -0.1462003E+001  0.9926948E+000  0.5416872E+000
 223.000    11081998  SEED_MASS_SET                1  0.2180655E+002  0.9860991E+000  0.8098308E-001  0.7584557E-002 -0.1802318E+001  0.9926500E+000  0.5304387E+000
 224.000    12081998  SEED_MASS_SET                1  0.2181441E+002  0.9865293E+000  0.8112474E-001  0.7597513E-002 -0.1931845E+001  0.9926444E+000  0.5789992E+000
 225.000    13081998  SEED_MASS_SET                1  0.2182200E+002  0.9864209E+000  0.8111520E-001  0.7596384E-002 -0.1878866E+001  0.9926660E+000  0.5341675E+000
 226.000    14081998  END_SEED_FILL                1  0.2182924E+002  0.9863555E+000  0.8105243E-001  0.7590261E-002 -0.1866420E+001  0.9926960E+000  0.4383769E+000
 227.000    15081998  END_SEED_FILL                1  0.2183615E+002  0.9863675E+000  0.8112103E-001  0.7596327E-002 -0.1847643E+001  0.9927262E+000  0.5327056E+000
 228.000    16081998  END_SEED_FILL                1  0.2184334E+002  0.9867617E+000  0.8111353E-001  0.7596138E-002 -0.1767944E+001  0.9927259E+000  0.5932489E+000
 229.000    17081998  END_SEED_FILL                1  0.2185044E+002  0.9862625E+000  0.8092172E-001  0.7578439E-002 -0.1688827E+001  0.9927217E+000  0.6118614E+000
 230.000    18081998  END_SEED_FILL                1  0.2185887E+002  0.9870195E+000  0.8095004E-001  0.7581904E-002 -0.1970981E+001  0.9927072E+000  0.6056834E+000
 231.000    19081998  END_SEED_FILL                1  0.2186557E+002  0.9865925E+000  0.8060196E-001  0.7550148E-002 -0.1841830E+001  0.9927647E+000  0.3118368E+000
 232.000    20081998  END_SEED_FILL                1  0.2187050E+002  0.9858529E+000  0.8048693E-001  0.7538753E-002 -0.1853128E+001  0.9928911E+000  0.2247234E+000
 233.000    21081998  END_SEED_FILL                1  0.2187633E+002  0.9860460E+000  0.8080742E-001  0.7567732E-002 -0.1950065E+001  0.9929073E+000  0.2805616E+000
 234.000    22081998  END_SEED_FILL                1  0.2188412E+002  0.9868580E+000  0.8115854E-001  0.7600796E-002 -0.2046436E+001  0.9928538E+000  0.4792808E+000
 235.000    23081998  END_SEED_FILL                1  0.2189220E+002  0.9872381E+000  0.8106134E-001  0.7593168E-002 -0.1999868E+001  0.9928233E+000  0.5186619E+000
 236.000    24081998  END_SEED_FILL                1  0.2190131E+002  0.9874368E+000  0.8092987E-001  0.7582593E-002 -0.2040685E+001  0.9927778E+000  0.5948533E+000
 237.000    25081998  END_SEED_FILL                1  0.2190992E+002  0.9875052E+000  0.8065890E-001  0.7558981E-002 -0.1993590E+001  0.9927968E+000  0.5522823E+000
 238.000    26081998  END_SEED_FILL                1  0.2191740E+002  0.9869506E+000  0.8046265E-001  0.7541651E-002 -0.1735345E+001  0.9927529E+000  0.7124036E+000
 239.000    27081998  END_SEED_FILL                1  0.2192480E+002  0.9870700E+000  0.8028377E-001  0.7526064E-002 -0.1603276E+001  0.9927800E+000  0.5927741E+000
 240.000    28081998  END_SEED_FILL                1  0.2193384E+002  0.9873225E+000  0.8025735E-001  0.7524648E-002 -0.2043932E+001  0.9927815E+000  0.5890643E+000
 241.000    29081998  END_SEED_FILL                1  0.2194335E+002  0.9874218E+000  0.8018264E-001  0.7518801E-002 -0.2077151E+001  0.9927520E+000  0.5991881E+000
 242.000    30081998  END_SEED_FILL                1  0.2195122E+002  0.9869128E+000  0.8008322E-001  0.7509775E-002 -0.1816068E+001  0.9927643E+000  0.5827942E+000
 243.000    31081998  END_SEED_FILL                1  0.2195912E+002  0.9871569E+000  0.8013709E-001  0.7515046E-002 -0.1899349E+001  0.9927853E+000  0.5446162E+000
 244.000    01091998  END_SEED_FILL                1  0.2196669E+002  0.9868934E+000  0.8015780E-001  0.7516944E-002 -0.1927903E+001  0.9928181E+000  0.5046256E+000
 245.000    02091998  END_SEED_FILL                1  0.2197466E+002  0.9869967E+000  0.8036075E-001  0.7535782E-002 -0.1995451E+001  0.9927709E+000  0.6459587E+000
 246.000    03091998  END_SEED_FILL                1  0.2197985E+002  0.9869576E+000  0.8034445E-001  0.7534246E-002 -0.1429953E+001  0.9910525E+000  0.4392199E+000
 247.000    04091998  END_SEED_FILL                1  0.2198588E+002  0.9860706E+000  0.8043756E-001  0.7541688E-002 -0.1739040E+001  0.9928054E+000  0.4256349E+000
 248.000    05091998  END_SEED_FILL                1  0.2199314E+002  0.9868090E+000  0.8085095E-001  0.7579345E-002 -0.1919023E+001  0.9928000E+000  0.4262835E+000
 249.000    06091998  END_SEED_FILL                1  0.2200064E+002  0.9870301E+000  0.8107766E-001  0.7599869E-002 -0.1865542E+001  0.9927437E+000  0.5722720E+000
 250.000    07091998  END_SEED_FILL                1  0.2200964E+002  0.9876534E+000  0.8124996E-001  0.7616148E-002 -0.2012405E+001  0.9926720E+000  0.7429259E+000
 251.000    08091998  END_SEED_FILL                1  0.2201461E+002  0.9869074E+000  0.8081645E-001  0.7575532E-002 -0.1374766E+001  0.9927605E+000  0.2463284E+000
 252.000    09091998  END_SEED_FILL                1  0.2201765E+002  0.9851948E+000  0.8076971E-001  0.7568173E-002 -0.1564840E+001  0.9928614E+000  0.1340469E+000
 253.000    10091998  END_SEED_FILL                1  0.2202143E+002  0.9847745E+000  0.8142338E-001  0.7625267E-002 -0.1767755E+001  0.9929198E+000  0.1630537E+000
 254.000    11091998  END_SEED_FILL                1  0.2202613E+002  0.9853904E+000  0.8225576E-001  0.7699689E-002 -0.1855877E+001  0.9929047E+000  0.2484899E+000
 255.000    12091998  END_SEED_FILL                1  0.2203257E+002  0.9866786E+000  0.8295144E-001  0.7763231E-002 -0.1984100E+001  0.9928703E+000  0.3800318E+000
 256.000    13091998  END_SEED_FILL                1  0.2203971E+002  0.9875168E+000  0.8307219E-001  0.7774929E-002 -0.1978513E+001  0.9928564E+000  0.3937711E+000
 257.000    14091998  END_SEED_FILL                1  0.2204700E+002  0.9877436E+000  0.8288680E-001  0.7758650E-002 -0.1940794E+001  0.9928298E+000  0.4516214E+000
 258.000    15091998  END_SEED_FILL                1  0.2205401E+002  0.9875358E+000  0.8257343E-001  0.7730298E-002 -0.1855110E+001  0.9928478E+000  0.4583000E+000
 259.000    16091998  END_SEED_FILL                1  0.2206125E+002  0.9876818E+000  0.8239483E-001  0.7714446E-002 -0.1888705E+001  0.9928215E+000  0.4436018E+000
 260.000    17091998  END_SEED_FILL                1  0.2206813E+002  0.9873908E+000  0.8215406E-001  0.7692467E-002 -0.1864916E+001  0.9928399E+000  0.4478628E+000
 261.000    18091998  END_SEED_FILL                1  0.2207468E+002  0.9868940E+000  0.8203136E-001  0.7680962E-002 -0.1766110E+001  0.9928212E+000  0.5388131E+000
 262.000    19091998  END_SEED_FILL                1  0.2208084E+002  0.9870587E+000  0.8194260E-001  0.7672871E-002 -0.1674559E+001  0.9928574E+000  0.4215597E+000
 263.000    20091998  END_SEED_FILL                1  0.2208715E+002  0.9868558E+000  0.8190743E-001  0.7669306E-002 -0.1785218E+001  0.9928679E+000  0.4252246E+000
 264.000    21091998  END_SEED_FILL                1  0.2209307E+002  0.9866914E+000  0.8200290E-001  0.7677937E-002 -0.1567109E+001  0.9928234E+000  0.5922512E+000
 265.000    22091998  END_SEED_FILL                1  0.2210046E+002  0.9873228E+000  0.8202911E-001  0.7680931E-002 -0.1831408E+001  0.9928099E+000  0.5308641E+000
 266.000    23091998  END_SEED_FILL                1  0.2210473E+002  0.9864154E+000  0.8160923E-001  0.7641561E-002 -0.1661439E+001  0.9929553E+000  0.1711805E+000
 267.000    24091998  END_SEED_FILL                1  0.2210810E+002  0.9854084E+000  0.8174825E-001  0.7652491E-002 -0.1697656E+001  0.9930067E+000  0.1448884E+000
 268.000    25091998  END_SEED_FILL                1  0.2211286E+002  0.9856022E+000  0.8244160E-001  0.7715026E-002 -0.1824280E+001  0.9929878E+000  0.3769905E+000
 269.000    26091998  END_SEED_FILL                1  0.2211991E+002  0.9870325E+000  0.8296832E-001  0.7764121E-002 -0.1962001E+001  0.9929446E+000  0.4465319E+000
 270.000    27091998  END_SEED_FILL                1  0.2212713E+002  0.9876668E+000  0.8297631E-001  0.7766251E-002 -0.1984585E+001  0.9928982E+000  0.5912228E+000
 271.000    28091998  END_SEED_FILL                1  0.2213523E+002  0.9879501E+000  0.8270294E-001  0.7742849E-002 -0.1925359E+001  0.9928625E+000  0.5802524E+000
 272.000    29091998  END_SEED_FILL                1  0.2214080E+002  0.9872635E+000  0.8220273E-001  0.7697685E-002 -0.1603866E+001  0.9929143E+000  0.5103210E+000
 273.000    30091998  END_SEED_FILL                1  0.2214678E+002  0.9867806E+000  0.8201992E-001  0.7681023E-002 -0.1586338E+001  0.9929063E+000  0.5180657E+000
 274.000    01101998  END_SEED_FILL                1  0.2215326E+002  0.9870833E+000  0.8198950E-001  0.7678590E-002 -0.1835411E+001  0.9929809E+000  0.3166181E+000
 275.000    02101998  END_SEED_FILL                1  0.2215636E+002  0.9858897E+000  0.8172680E-001  0.7653199E-002 -0.1676565E+001  0.9930759E+000  0.8913150E-001
 276.000    03101998  END_SEED_FILL                1  0.2215988E+002  0.9850726E+000  0.8219567E-001  0.7694596E-002 -0.1702074E+001  0.9931009E+000  0.3138723E+000
 277.000    04101998  END_SEED_FILL                1  0.2216366E+002  0.9853510E+000  0.8271282E-001  0.7741193E-002 -0.1245745E+001  0.9930919E+000  0.3241821E+000
 278.000    05101998  END_SEED_FILL                1  0.2216687E+002  0.9853376E+000  0.8308944E-001  0.7775087E-002 -0.1036771E+001  0.9931082E+000  0.3746304E+000
 279.000    06101998  END_SEED_FILL                1  0.2217064E+002  0.9860641E+000  0.8346257E-001  0.7809485E-002 -0.1095568E+001  0.9931394E+000  0.3478664E+000
 280.000    07101998  END_SEED_FILL                1  0.2217543E+002  0.9860735E+000  0.8361339E-001  0.7823414E-002 -0.1546873E+001  0.9931013E+000  0.4548270E+000
 281.000    08101998  END_SEED_FILL                1  0.2218000E+002  0.9865082E+000  0.8354741E-001  0.7817886E-002 -0.1210887E+001  0.9931192E+000  0.2943888E+000
 282.000    09101998  END_SEED_FILL                1  0.2218317E+002  0.9856304E+000  0.8323490E-001  0.7788181E-002 -0.1479712E+001  0.9932324E+000  0.1314928E+000
 283.000    10101998  END_SEED_FILL                1  0.2218604E+002  0.9849566E+000  0.8343995E-001  0.7805441E-002 -0.1550569E+001  0.9932410E+000  0.1652755E+000
 284.000    11101998  END_SEED_FILL                1  0.2218917E+002  0.9848157E+000  0.8380040E-001  0.7837022E-002 -0.1589843E+001  0.9932753E+000  0.1270210E+000
 285.000    12101998  END_SEED_FILL                1  0.2219207E+002  0.9846195E+000  0.8416031E-001  0.7868510E-002 -0.1591769E+001  0.9932857E+000  0.1300134E+000
 286.000    13101998  END_SEED_FILL                1  0.2219538E+002  0.9846189E+000  0.8464834E-001  0.7912116E-002 -0.1591102E+001  0.9933080E+000  0.2937819E+000
 287.000    14101998  END_SEED_FILL                1  0.2219856E+002  0.9849817E+000  0.8480814E-001  0.7925968E-002 -0.1655267E+001  0.9933526E+000  0.1044856E+000
 288.000    15101998  END_SEED_FILL                1  0.2220107E+002  0.9845888E+000  0.8494276E-001  0.7937139E-002 -0.1590416E+001  0.9933869E+000  0.7542984E-001
 289.000    16101998  END_SEED_FILL                1  0.2220348E+002  0.9843101E+000  0.8520763E-001  0.7960180E-002 -0.1566286E+001  0.9934417E+000  0.8934655E-001
 290.000    17101998  END_SEED_FILL                1  0.2220614E+002  0.9843880E+000  0.8554186E-001  0.7989850E-002 -0.1598620E+001  0.9934551E+000  0.1046428E+000
 291.000    18101998  END_SEED_FILL                1  0.2220945E+002  0.9848022E+000  0.8597386E-001  0.8029224E-002 -0.1651149E+001  0.9934621E+000  0.2701997E+000
 292.000    19101998  END_SEED_FILL                1  0.2221390E+002  0.9855734E+000  0.8620921E-001  0.8051746E-002 -0.1665030E+001  0.9933978E+000  0.4511349E+000
 293.000    20101998  END_SEED_FILL                1  0.2221739E+002  0.9862153E+000  0.8565025E-001  0.8001471E-002 -0.1586847E+001  0.9934814E+000  0.1107179E+000
 294.000    21101998  END_SEED_FILL                1  0.2221917E+002  0.9848927E+000  0.8509124E-001  0.7949539E-002 -0.1367692E+001  0.9935048E+000  0.8406538E-001
 295.000    22101998  END_SEED_FILL                1  0.2222037E+002  0.9837165E+000  0.8496287E-001  0.7936176E-002 -0.1193343E+001  0.9935458E+000  0.7432601E-002
 296.000    23101998  END_SEED_FILL                1  0.2222161E+002  0.9830512E+000  0.8526494E-001  0.7961963E-002 -0.1316178E+001  0.9936243E+000  0.1595532E-001
 297.000    24101998  END_SEED_FILL                1  0.2222360E+002  0.9831839E+000  0.8583747E-001  0.8012981E-002 -0.1612645E+001  0.9936550E+000  0.5246609E-001
 298.000    25101998  END_SEED_FILL                1  0.2222632E+002  0.9839292E+000  0.8637574E-001  0.8061722E-002 -0.1778592E+001  0.9936823E+000  0.4918218E-001
 299.000    26101998  END_SEED_FILL                1  0.2222880E+002  0.9842405E+000  0.8657138E-001  0.8079352E-002 -0.1729190E+001  0.9937053E+000  0.5744883E-001
 300.000    27101998  END_SEED_FILL                1  0.2223102E+002  0.9841159E+000  0.8655494E-001  0.8077451E-002 -0.1597683E+001  0.9937353E+000  0.7658854E-001
 301.000    28101998  END_SEED_FILL                1  0.2223415E+002  0.9844408E+000  0.8686548E-001  0.8106340E-002 -0.1674057E+001  0.9937483E+000  0.3101295E+000
 302.000    29101998  END_SEED_FILL                1  0.2223768E+002  0.9856107E+000  0.8661258E-001  0.8084296E-002 -0.1734082E+001  0.9937381E+000  0.1371625E+000
 303.000    30101998  END_SEED_FILL                1  0.2224070E+002  0.9852531E+000  0.8629697E-001  0.8056174E-002 -0.1651681E+001  0.9937447E+000  0.1930325E+000
 304.000    31101998  END_SEED_FILL                1  0.2224388E+002  0.9855068E+000  0.8585798E-001  0.8016710E-002 -0.1677421E+001  0.9937516E+000  0.1363690E+000
 305.000    01111998  END_SEED_FILL                1  0.2224627E+002  0.9850280E+000  0.8539531E-001  0.7974415E-002 -0.1613163E+001  0.9938046E+000  0.7113027E-001
 306.000    02111998  END_SEED_FILL                1  0.2224832E+002  0.9841141E+000  0.8521194E-001  0.7957188E-002 -0.1393764E+001  0.9938141E+000  0.1677831E+000
 307.000    03111998  END_SEED_FILL                1  0.2224958E+002  0.9839996E+000  0.8503925E-001  0.7940767E-002 -0.1111678E+001  0.9938182E+000  0.9046339E-001
 308.000    04111998  END_SEED_FILL                1  0.2225036E+002  0.9831258E+000  0.8501798E-001  0.7937293E-002 -0.8998567E+000  0.9938260E+000  0.1508123E-001
 309.000    05111998  END_SEED_FILL                1  0.2225108E+002  0.9824605E+000  0.8528016E-001  0.7959328E-002 -0.1031759E+001  0.9938069E+000  0.2366257E-001
 310.000    06111998  END_SEED_FILL                1  0.2225173E+002  0.9818854E+000  0.8562980E-001  0.7989035E-002 -0.1013322E+001  0.9938403E+000  0.3980795E-002
 311.000    07111998  END_SEED_FILL                1  0.2225236E+002  0.9815207E+000  0.8610626E-001  0.8030271E-002 -0.1057829E+001  0.9938837E+000  0.2900763E-002
 312.000    08111998  END_SEED_FILL                1  0.2225312E+002  0.9812232E+000  0.8666074E-001  0.8078837E-002 -0.1007655E+001  0.9938610E+000  0.8663448E-001
 313.000    09111998  END_SEED_FILL                1  0.2225505E+002  0.9817630E+000  0.8740320E-001  0.8145401E-002 -0.1283250E+001  0.9939609E+000  0.1528298E+000
 314.000    10111998  END_SEED_FILL                1  0.2225843E+002  0.9832388E+000  0.8839460E-001  0.8236910E-002 -0.1378535E+001  0.9938455E+000  0.4604357E+000
 315.000    11111998  END_SEED_FILL                1  0.2226133E+002  0.9853791E+000  0.8788745E-001  0.8192289E-002 -0.1130468E+001  0.9939966E+000  0.3618746E-001
 316.000    12111998  END_SEED_FILL                1  0.2226266E+002  0.9843749E+000  0.8709276E-001  0.8119613E-002 -0.1267558E+001  0.9940044E+000  0.2638333E-001
 317.000    13111998  END_SEED_FILL                1  0.2226363E+002  0.9835366E+000  0.8672785E-001  0.8085714E-002 -0.1050150E+001  0.9939708E+000  0.3575707E-001
 318.000    14111998  END_SEED_FILL                1  0.2226491E+002  0.9829850E+000  0.8672031E-001  0.8084349E-002 -0.9510781E+000  0.9939790E+000  0.1593927E+000
 319.000    15111998  END_SEED_FILL                1  0.2226717E+002  0.9836918E+000  0.8684080E-001  0.8095246E-002 -0.1239452E+001  0.9940354E+000  0.5120917E-001
 320.000    16111998  END_SEED_FILL                1  0.2226905E+002  0.9836079E+000  0.8693304E-001  0.8103663E-002 -0.1218237E+001  0.9939370E+000  0.2876782E+000
 321.000    17111998  END_SEED_FILL                1  0.2227205E+002  0.9848492E+000  0.8681452E-001  0.8093840E-002 -0.1355898E+001  0.9939779E+000  0.1219979E+000
 322.000    18111998  END_SEED_FILL                1  0.2227347E+002  0.9842082E+000  0.8615707E-001  0.8033342E-002 -0.1205598E+001  0.9939758E+000  0.2202896E-001
 323.000    19111998  END_SEED_FILL                1  0.2227517E+002  0.9834029E+000  0.8612073E-001  0.8029494E-002 -0.1128358E+001  0.9939531E+000  0.2423225E+000
 324.000    20111998  END_SEED_FILL                1  0.2227815E+002  0.9842801E+000  0.8618834E-001  0.8036157E-002 -0.1238476E+001  0.9939663E+000  0.2029580E+000
 325.000    21111998  END_SEED_FILL                1  0.2227943E+002  0.9841038E+000  0.8560428E-001  0.7982289E-002 -0.1170729E+001  0.9940087E+000  0.1334020E-001
 326.000    22111998  END_SEED_FILL                1  0.2228026E+002  0.9833004E+000  0.8541585E-001  0.7963971E-002 -0.1128446E+001  0.9940138E+000  0.4819356E-002
 327.000    23111998  END_SEED_FILL                1  0.2228235E+002  0.9831723E+000  0.8582949E-001  0.8001301E-002 -0.1352128E+001  0.9940229E+000  0.2172746E+000
 328.000    24111998  END_SEED_FILL                1  0.2228500E+002  0.9843748E+000  0.8575255E-001  0.7994494E-002 -0.1521625E+001  0.9940748E+000  0.3800839E-001
 329.000    25111998  END_SEED_FILL                1  0.2228683E+002  0.9837230E+000  0.8558477E-001  0.7978890E-002 -0.1308188E+001  0.9940452E+000  0.2221410E+000
 330.000    26111998  END_SEED_FILL                1  0.2228886E+002  0.9836611E+000  0.8531295E-001  0.7953552E-002 -0.1219034E+001  0.9940799E+000  0.1032270E+000
 331.000    27111998  END_SEED_FILL                1  0.2229059E+002  0.9832891E+000  0.8519197E-001  0.7941584E-002 -0.1235460E+001  0.9940678E+000  0.3540308E-001
 332.000    28111998  END_SEED_FILL                1  0.2229261E+002  0.9833203E+000  0.8536534E-001  0.7956801E-002 -0.1476395E+001  0.9940709E+000  0.1316959E+000
 333.000    29111998  END_SEED_FILL                1  0.2229513E+002  0.9839824E+000  0.8558455E-001  0.7977012E-002 -0.1581889E+001  0.9940534E+000  0.1944867E+000
 334.000    30111998  END_SEED_FILL                1  0.2229809E+002  0.9844289E+000  0.8558718E-001  0.7977933E-002 -0.1437505E+001  0.9939630E+000  0.2736470E+000
 335.000    01121998  END_SEED_FILL                1  0.2230088E+002  0.9852153E+000  0.8518719E-001  0.7942273E-002 -0.1509082E+001  0.9940321E+000  0.9494374E-001
 336.000    02121998  END_SEED_FILL                1  0.2230285E+002  0.9847890E+000  0.8477574E-001  0.7904949E-002 -0.1421450E+001  0.9940291E+000  0.1520370E+000
 337.000    03121998  END_SEED_FILL                1  0.2230568E+002  0.9846688E+000  0.8458827E-001  0.7888139E-002 -0.1499961E+001  0.9940347E+000  0.1400606E+000
 338.000    04121998  END_SEED_FILL                1  0.2230867E+002  0.9848884E+000  0.8441599E-001  0.7872813E-002 -0.1515457E+001  0.9932206E+000  0.2142578E+000
 339.000    05121998  END_SEED_FILL                1  0.2231186E+002  0.9849646E+000  0.8431275E-001  0.7864093E-002 -0.1366145E+001  0.9939376E+000  0.3677448E+000
 340.000    06121998  END_SEED_FILL                1  0.2231609E+002  0.9860766E+000  0.8405742E-001  0.7842372E-002 -0.1540937E+001  0.9939245E+000  0.3102723E+000
 341.000    07121998  END_SEED_FILL                1  0.2232048E+002  0.9865657E+000  0.8358329E-001  0.7800878E-002 -0.1529660E+001  0.9937626E+000  0.3658723E+000
 342.000    08121998  END_SEED_FILL                1  0.2232450E+002  0.9864647E+000  0.8292452E-001  0.7742070E-002 -0.1387890E+001  0.9938258E+000  0.3083389E+000
 343.000    09121998  END_SEED_FILL                1  0.2232615E+002  0.9856800E+000  0.8212447E-001  0.7668909E-002 -0.1092849E+001  0.9940283E+000  0.1707915E-001
 344.000    10121998  END_SEED_FILL                1  0.2232685E+002  0.9843191E+000  0.8192566E-001  0.7649407E-002 -0.1019013E+001  0.9940696E+000  0.4712316E-001
 345.000    11121998  END_SEED_FILL                1  0.2232791E+002  0.9833459E+000  0.8209250E-001  0.7662625E-002 -0.1039062E+001  0.9940667E+000  0.7779757E-001
 346.000    12121998  END_SEED_FILL                1  0.2232864E+002  0.9830001E+000  0.8262935E-001  0.7709687E-002 -0.9367629E+000  0.9906791E+000  0.4912943E-001
 347.000    13121998  END_SEED_FILL                1  0.2232918E+002  0.9828505E+000  0.8326626E-001  0.7765871E-002 -0.8779174E+000  0.9908825E+000  0.5718181E-001
 348.000    14121998  END_SEED_FILL                1  0.2232986E+002  0.9822787E+000  0.8378819E-001  0.7810961E-002 -0.9351850E+000  0.9941861E+000  0.1350467E-001
 349.000    15121998  END_SEED_FILL                1  0.2233027E+002  0.9820793E+000  0.8452127E-001  0.7875562E-002 -0.8901737E+000  0.9941887E+000  0.2832618E-001
 350.000    16121998  END_SEED_FILL                1  0.2233123E+002  0.9819533E+000  0.8522127E-001  0.7937046E-002 -0.1062691E+001  0.9941943E+000  0.1512648E-001
 351.000    17121998  END_SEED_FILL                1  0.2233163E+002  0.9820249E+000  0.8591855E-001  0.7998732E-002 -0.9390578E+000  0.9942063E+000  0.7577771E-002
 352.000    18121998  END_SEED_FILL                1  0.2233207E+002  0.9819142E+000  0.8653651E-001  0.8053156E-002 -0.9301138E+000  0.9942211E+000  0.1437409E-001
 353.000    19121998  END_SEED_FILL                1  0.2233300E+002  0.9818580E+000  0.8722755E-001  0.8114566E-002 -0.9512781E+000  0.9942302E+000  0.1263229E+000
 354.000    20121998  END_SEED_FILL                1  0.2233465E+002  0.9824211E+000  0.8774744E-001  0.8160951E-002 -0.9910590E+000  0.9942835E+000  0.9879702E-001
 355.000    21121998  END_SEED_FILL                1  0.2233669E+002  0.9828134E+000  0.8833681E-001  0.8214546E-002 -0.1009332E+001  0.9941162E+000  0.3270135E+000
 356.000    22121998  END_SEED_FILL                1  0.2233899E+002  0.9850211E+000  0.8837669E-001  0.8219826E-002 -0.1054019E+001  0.9942993E+000  0.1672391E-001
 357.000    23121998  END_SEED_FILL                1  0.2233906E+002  0.9849946E+000  0.8816439E-001  0.8201691E-002 -0.9389992E+000  0.9942744E+000  0.4829190E-002
 358.000    24121998  END_SEED_FILL                1  0.2233916E+002  0.9847960E+000  0.8797362E-001  0.8185145E-002 -0.8454365E+000  0.9942472E+000  0.3257907E-002
 359.000    25121998  END_SEED_FILL                1  0.2233921E+002  0.9847007E+000  0.8788463E-001  0.8177727E-002 -0.8298570E+000  0.9942733E+000  0.1319780E-002
 360.000    26121998  END_SEED_FILL                1  0.2233929E+002  0.9845657E+000  0.8782518E-001  0.8172783E-002 -0.8293892E+000  0.9942819E+000  0.4312166E-002
 361.000    27121998  END_SEED_FILL                1  0.2233961E+002  0.9838411E+000  0.8762733E-001  0.8154291E-002 -0.8599569E+000  0.9942783E+000  0.8257617E-002
 362.000    28121998  END_SEED_FILL                1  0.2234034E+002  0.9831069E+000  0.8759570E-001  0.8150332E-002 -0.9312455E+000  0.9942934E+000  0.3546904E-001
 363.000    29121998  END_SEED_FILL                1  0.2234073E+002  0.9829965E+000  0.8786029E-001  0.8173706E-002 -0.8776804E+000  0.9943008E+000  0.4509319E-001
 364.000    30121998  END_SEED_FILL                1  0.2234104E+002  0.9828784E+000  0.8814169E-001  0.8198576E-002 -0.8456635E+000  0.9943111E+000  0.2201510E-002
 365.000    31121998  END_SEED_FILL                1  0.2234124E+002  0.9827341E+000  0.8841977E-001  0.8223094E-002 -0.8571198E+000  0.9943271E+000  0.1108942E-002
