    DOY     DATE    PRECN           ET              WATER           DISCHG          SNOWPACK        WTR_1           WTR_2           WTR_3           WTR_4           WTR_5           WTR_6           ICE_2           ICE_3           ICE_4           ICE_5           ICE_6           ICE_7           PSI_3           PSI_4           PSI_5           PSI_6           PSI_7           PSI_8           ACTV_LYR        
  30.000    30011979  0.1691500E+003  0.2321205E+002  0.8281975E+003  0.1484262E+003  0.7363070E+002  0.3370561E+000  0.3416267E+000  0.3517758E+000  0.2819055E+000  0.2761932E+000  0.3570911E+000  0.9667066E-012  0.9411501E-012  0.0000000E+000  0.0000000E+000  0.0000000E+000  0.0000000E+000 -0.6233977E-002 -0.5373608E-002 -0.3652490E-002 -0.2539095E-002 -0.2587152E-002 -0.3502130E-002 -0.9999000E+004
  60.000    01031979  0.3243600E+003  0.3516978E+002  0.8863322E+003  0.2422259E+003  0.0000000E+000  0.3526082E+000  0.3564073E+000  0.3573496E+000  0.2982293E+000  0.2891742E+000  0.3938141E+000  0.9667066E-012  0.9411501E-012  0.0000000E+000  0.0000000E+000  0.0000000E+000  0.0000000E+000 -0.4817353E-002 -0.4093562E-002 -0.2886034E-002 -0.1123582E-002 -0.2392914E-002 -0.2500082E-002 -0.9999000E+004
  90.000    31031979  0.4123800E+003  0.7830297E+002  0.8249296E+003  0.3485153E+003  0.0000000E+000  0.3415427E+000  0.3361843E+000  0.3408134E+000  0.2713047E+000  0.2634412E+000  0.3548697E+000  0.9667066E-012  0.9411501E-012  0.0000000E+000  0.0000000E+000  0.0000000E+000  0.0000000E+000 -0.7821478E-002 -0.6442123E-002 -0.4576546E-002 -0.2668166E-002 -0.2657094E-002 -0.3678734E-002 -0.9999000E+004
 120.000    30041979  0.5105600E+003  0.1328008E+003  0.8003900E+003  0.4167370E+003  0.0000000E+000  0.3427531E+000  0.3396838E+000  0.3441291E+000  0.2766567E+000  0.2717399E+000  0.3566652E+000  0.9667066E-012  0.9411501E-012  0.0000000E+000  0.0000000E+000  0.0000000E+000  0.0000000E+000 -0.7271861E-002 -0.5865655E-002 -0.3940356E-002 -0.2562258E-002 -0.2585720E-002 -0.2895372E-002 -0.9999000E+004
 150.000    30051979  0.6511000E+003  0.2070329E+003  0.8192342E+003  0.4642007E+003  0.0000000E+000  0.3224186E+000  0.3491845E+000  0.3458164E+000  0.2803445E+000  0.2748268E+000  0.3556702E+000  0.9667066E-012  0.9411501E-012  0.0000000E+000  0.0000000E+000  0.0000000E+000  0.0000000E+000 -0.6774384E-002 -0.5498205E-002 -0.3736205E-002 -0.2620777E-002 -0.2646479E-002 -0.3463444E-002 -0.9999000E+004
 180.000    29061979  0.7988700E+003  0.2805277E+003  0.8001213E+003  0.5575888E+003  0.0000000E+000  0.3257500E+000  0.3291147E+000  0.3319002E+000  0.2597137E+000  0.2524901E+000  0.3501917E+000  0.9667066E-012  0.9411501E-012  0.0000000E+000  0.0000000E+000  0.0000000E+000  0.0000000E+000 -0.9479380E-002 -0.7930119E-002 -0.5603179E-002 -0.2967982E-002 -0.2913512E-002 -0.4403889E-002 -0.9999000E+004
 210.000    29071979  0.8888900E+003  0.3642100E+003  0.7694727E+003  0.5945750E+003  0.0000000E+000  0.3376343E+000  0.3400781E+000  0.3441278E+000  0.2767823E+000  0.2727108E+000  0.3571827E+000  0.9667066E-012  0.9411501E-012  0.0000000E+000  0.0000000E+000  0.0000000E+000  0.0000000E+000 -0.7190660E-002 -0.5848622E-002 -0.3870808E-002 -0.2532470E-002 -0.2834405E-002 -0.6201808E-002 -0.9999000E+004
 240.000    28081979  0.9653100E+003  0.4449581E+003  0.7502389E+003  0.6094807E+003  0.0000000E+000  0.3636196E+000  0.3630181E+000  0.3687242E+000  0.3130172E+000  0.2659732E+000  0.3411848E+000  0.9667066E-012  0.9411501E-012  0.0000000E+000  0.0000000E+000  0.0000000E+000  0.0000000E+000 -0.4332018E-002 -0.3314994E-002 -0.4466122E-002 -0.3664413E-002 -0.3978236E-002 -0.6988546E-002 -0.9999000E+004
 270.000    27091979  0.1173340E+004  0.5069202E+003  0.8426862E+003  0.6631013E+003  0.0000000E+000  0.3258686E+000  0.3538074E+000  0.3504003E+000  0.2864634E+000  0.2699355E+000  0.3577278E+000  0.9667066E-012  0.9411501E-012  0.0000000E+000  0.0000000E+000  0.0000000E+000  0.0000000E+000 -0.6185292E-002 -0.4945078E-002 -0.4103742E-002 -0.2502021E-002 -0.2500760E-002 -0.2685911E-002 -0.9999000E+004
 300.000    27101979  0.1257790E+004  0.5583113E+003  0.7903137E+003  0.7485327E+003  0.0000000E+000  0.3444794E+000  0.3342014E+000  0.3404903E+000  0.2701644E+000  0.2631548E+000  0.3510270E+000  0.9667066E-012  0.9411501E-012  0.0000000E+000  0.0000000E+000  0.0000000E+000  0.0000000E+000 -0.8045730E-002 -0.6578922E-002 -0.4598972E-002 -0.2913697E-002 -0.3070264E-002 -0.4928479E-002 -0.9999000E+004
 330.000    26111979  0.1412050E+004  0.5875993E+003  0.8328369E+003  0.8309815E+003  0.0000000E+000  0.3309703E+000  0.3597844E+000  0.3544512E+000  0.2946123E+000  0.2852920E+000  0.3673219E+000  0.9667066E-012  0.9411501E-012  0.0000000E+000  0.0000000E+000  0.0000000E+000  0.0000000E+000 -0.5124592E-002 -0.4329579E-002 -0.2991381E-002 -0.2021050E-002 -0.2501450E-002 -0.3359669E-002 -0.9999000E+004
 360.000    26121979  0.1443520E+004  0.6137579E+003  0.7914155E+003  0.8776843E+003  0.0000000E+000  0.3486701E+000  0.3439228E+000  0.3519074E+000  0.2864433E+000  0.2826969E+000  0.3549896E+000  0.9908263E-012  0.9411501E-012  0.0000000E+000  0.0000000E+000  0.0000000E+000  0.0000000E+000 -0.6402670E-002 -0.4969705E-002 -0.3266648E-002 -0.2663801E-002 -0.3092405E-002 -0.5068928E-002 -0.9999000E+004
