    DOY     DATE    SHOOT_C         ROOT_C          LAI             GPP             AUTO_RESP       HVST_C          
   1.000    01011989  0.1746717E+004  0.2437779E+003  0.7415376E+001  0.2075863E+001 -0.8577371E+000  0.0000000E+000
   2.000    02011989  0.1747596E+004  0.2440650E+003  0.7411667E+001  0.4651868E+001 -0.1917186E+001  0.0000000E+000
   3.000    03011989  0.1748445E+004  0.2443412E+003  0.7408847E+001  0.7145719E+001 -0.2977675E+001  0.0000000E+000
   4.000    04011989  0.1747775E+004  0.2446130E+003  0.7403044E+001  0.8099486E+001 -0.3906950E+001  0.0000000E+000
   5.000    05011989  0.1747218E+004  0.2449077E+003  0.7394843E+001  0.9052946E+001 -0.4593679E+001  0.0000000E+000
   6.000    06011989  0.1747687E+004  0.2452189E+003  0.7388604E+001  0.1115818E+002 -0.5459187E+001  0.0000000E+000
   7.000    07011989  0.1748208E+004  0.2455454E+003  0.7384317E+001  0.1342262E+002 -0.6487324E+001  0.0000000E+000
   8.000    08011989  0.1749435E+004  0.2457774E+003  0.7385697E+001  0.1695714E+002 -0.8373544E+001  0.0000000E+000
   9.000    09011989  0.1750120E+004  0.2458983E+003  0.7385426E+001  0.1941698E+002 -0.9805457E+001  0.0000000E+000
  10.000    10011989  0.1749979E+004  0.2461493E+003  0.7377250E+001  0.2085472E+002 -0.1061817E+002  0.0000000E+000
  11.000    11011989  0.1750310E+004  0.2464389E+003  0.7371180E+001  0.2292756E+002 -0.1162850E+002  0.0000000E+000
  12.000    12011989  0.1751514E+004  0.2466873E+003  0.7371628E+001  0.2607444E+002 -0.1312437E+002  0.0000000E+000
  13.000    13011989  0.1752149E+004  0.2467985E+003  0.7372827E+001  0.2888914E+002 -0.1500963E+002  0.0000000E+000
  14.000    14011989  0.1751765E+004  0.2470249E+003  0.7364264E+001  0.3003765E+002 -0.1578648E+002  0.0000000E+000
  15.000    15011989  0.1752883E+004  0.2473200E+003  0.7360320E+001  0.3304597E+002 -0.1701230E+002  0.0000000E+000
  16.000    16011989  0.1753853E+004  0.2475660E+003  0.7359707E+001  0.3575814E+002 -0.1828531E+002  0.0000000E+000
  17.000    17011989  0.1753865E+004  0.2478776E+003  0.7353060E+001  0.3743499E+002 -0.1917739E+002  0.0000000E+000
  18.000    18011989  0.1753888E+004  0.2482193E+003  0.7346562E+001  0.3921887E+002 -0.2012824E+002  0.0000000E+000
  19.000    19011989  0.1754222E+004  0.2485646E+003  0.7341320E+001  0.4146252E+002 -0.2127154E+002  0.0000000E+000
  20.000    20011989  0.1755238E+004  0.2488716E+003  0.7339259E+001  0.4445413E+002 -0.2264422E+002  0.0000000E+000
  21.000    21011989  0.1754345E+004  0.2491667E+003  0.7331007E+001  0.4519074E+002 -0.2345372E+002  0.0000000E+000
  22.000    22011989  0.1753688E+004  0.2494791E+003  0.7323168E+001  0.4601959E+002 -0.2410786E+002  0.0000000E+000
  23.000    23011989  0.1754017E+004  0.2497997E+003  0.7316662E+001  0.4815407E+002 -0.2510725E+002  0.0000000E+000
  24.000    24011989  0.1754417E+004  0.2501169E+003  0.7311992E+001  0.5044418E+002 -0.2625872E+002  0.0000000E+000
  25.000    25011989  0.1755466E+004  0.2504214E+003  0.7310719E+001  0.5348198E+002 -0.2765029E+002  0.0000000E+000
  26.000    26011989  0.1756726E+004  0.2506812E+003  0.7309844E+001  0.5687459E+002 -0.2925382E+002  0.0000000E+000
  27.000    27011989  0.1758211E+004  0.2507860E+003  0.7311456E+001  0.6076201E+002 -0.3136111E+002  0.0000000E+000
  28.000    28011989  0.1758548E+004  0.2509761E+003  0.7306379E+001  0.6279703E+002 -0.3246346E+002  0.0000000E+000
  29.000    29011989  0.1759525E+004  0.2511996E+003  0.7303725E+001  0.6586861E+002 -0.3400483E+002  0.0000000E+000
  30.000    30011989  0.1760536E+004  0.2511139E+003  0.7300670E+001  0.7060168E+002 -0.3629549E+002  0.0000000E+000
  31.000    31011989  0.1761583E+004  0.2511747E+003  0.7300638E+001  0.7371163E+002 -0.3807708E+002  0.0000000E+000
  32.000    01021989  0.1762632E+004  0.2513012E+003  0.7299410E+001  0.7685105E+002 -0.3978021E+002  0.0000000E+000
  33.000    02021989  0.1764317E+004  0.2513579E+003  0.7301580E+001  0.8140560E+002 -0.4242458E+002  0.0000000E+000
  34.000    03021989  0.1766485E+004  0.2512254E+003  0.7304301E+001  0.8692757E+002 -0.4574997E+002  0.0000000E+000
  35.000    04021989  0.1766061E+004  0.2510840E+003  0.7301132E+001  0.8845677E+002 -0.4753920E+002  0.0000000E+000
  36.000    05021989  0.1765175E+004  0.2511562E+003  0.7289860E+001  0.8899115E+002 -0.4829359E+002  0.0000000E+000
  37.000    06021989  0.1766144E+004  0.2513122E+003  0.7282743E+001  0.9143018E+002 -0.4916149E+002  0.0000000E+000
  38.000    07021989  0.1768578E+004  0.2515343E+003  0.7283388E+001  0.9565138E+002 -0.5058103E+002  0.0000000E+000
  39.000    08021989  0.1768857E+004  0.2517900E+003  0.7279162E+001  0.9749056E+002 -0.5156931E+002  0.0000000E+000
  40.000    09021989  0.1767627E+004  0.2520905E+003  0.7268854E+001  0.9781421E+002 -0.5224782E+002  0.0000000E+000
  41.000    10021989  0.1766840E+004  0.2523874E+003  0.7260019E+001  0.9844393E+002 -0.5283816E+002  0.0000000E+000
  42.000    11021989  0.1766759E+004  0.2526895E+003  0.7253061E+001  0.9982187E+002 -0.5353164E+002  0.0000000E+000
  43.000    12021989  0.1767219E+004  0.2530131E+003  0.7246344E+001  0.1019608E+003 -0.5441965E+002  0.0000000E+000
  44.000    13021989  0.1767919E+004  0.2533585E+003  0.7240167E+001  0.1043226E+003 -0.5528779E+002  0.0000000E+000
  45.000    14021989  0.1770320E+004  0.2537065E+003  0.7242403E+001  0.1096174E+003 -0.5763884E+002  0.0000000E+000
  46.000    15021989  0.1772546E+004  0.2539390E+003  0.7245487E+001  0.1153370E+003 -0.6070726E+002  0.0000000E+000
  47.000    16021989  0.1775562E+004  0.2540146E+003  0.7247328E+001  0.1209191E+003 -0.6303785E+002  0.0000000E+000
  48.000    17021989  0.1774934E+004  0.2541950E+003  0.7238760E+001  0.1217644E+003 -0.6383068E+002  0.0000000E+000
  49.000    18021989  0.1773777E+004  0.2544211E+003  0.7227805E+001  0.1220463E+003 -0.6444199E+002  0.0000000E+000
  50.000    19021989  0.1772891E+004  0.2546483E+003  0.7216986E+001  0.1226051E+003 -0.6506627E+002  0.0000000E+000
  51.000    20021989  0.1772857E+004  0.2548859E+003  0.7208015E+001  0.1239861E+003 -0.6572344E+002  0.0000000E+000
  52.000    21021989  0.1775403E+004  0.2551712E+003  0.7203746E+001  0.1284526E+003 -0.6699082E+002  0.0000000E+000
  53.000    22021989  0.1777437E+004  0.2554865E+003  0.7204632E+001  0.1324062E+003 -0.6842261E+002  0.0000000E+000
  54.000    23021989  0.1777670E+004  0.2558427E+003  0.7199795E+001  0.1341707E+003 -0.6922542E+002  0.0000000E+000
  55.000    24021989  0.1776303E+004  0.2562089E+003  0.7189044E+001  0.1343925E+003 -0.6983407E+002  0.0000000E+000
  56.000    25021989  0.1775196E+004  0.2565435E+003  0.7180620E+001  0.1346568E+003 -0.7034426E+002  0.0000000E+000
  57.000    26021989  0.1774847E+004  0.2568595E+003  0.7173306E+001  0.1357799E+003 -0.7101135E+002  0.0000000E+000
  58.000    27021989  0.1774802E+004  0.2571734E+003  0.7165845E+001  0.1372679E+003 -0.7173896E+002  0.0000000E+000
  59.000    28021989  0.1775081E+004  0.2575081E+003  0.7158835E+001  0.1390897E+003 -0.7247044E+002  0.0000000E+000
  60.000    01031989  0.1774656E+004  0.2576974E+003  0.7147785E+001  0.1415377E+003 -0.7334284E+002  0.0000000E+000
  61.000    02031989  0.1775509E+004  0.2580694E+003  0.7141948E+001  0.1441258E+003 -0.7425809E+002  0.0000000E+000
  62.000    03031989  0.1776690E+004  0.2584689E+003  0.7138475E+001  0.1469878E+003 -0.7518430E+002  0.0000000E+000
  63.000    04031989  0.1778436E+004  0.2588793E+003  0.7138946E+001  0.1507458E+003 -0.7656474E+002  0.0000000E+000
  64.000    05031989  0.1780487E+004  0.2591733E+003  0.7140825E+001  0.1553101E+003 -0.7858220E+002  0.0000000E+000
  65.000    06031989  0.1783386E+004  0.2592532E+003  0.7144341E+001  0.1616830E+003 -0.8177718E+002  0.0000000E+000
  66.000    07031989  0.1782512E+004  0.2593481E+003  0.7136892E+001  0.1624974E+003 -0.8286889E+002  0.0000000E+000
  67.000    08031989  0.1781307E+004  0.2595740E+003  0.7126418E+001  0.1627635E+003 -0.8349452E+002  0.0000000E+000
  68.000    09031989  0.1780820E+004  0.2598163E+003  0.7117597E+001  0.1637500E+003 -0.8416467E+002  0.0000000E+000
  69.000    10031989  0.1780964E+004  0.2600802E+003  0.7110888E+001  0.1653957E+003 -0.8491593E+002  0.0000000E+000
  70.000    11031989  0.1781278E+004  0.2603678E+003  0.7104487E+001  0.1672780E+003 -0.8571881E+002  0.0000000E+000
  71.000    12031989  0.1782746E+004  0.2606814E+003  0.7100408E+001  0.1708755E+003 -0.8711786E+002  0.0000000E+000
  72.000    13031989  0.1783934E+004  0.2609297E+003  0.7099899E+001  0.1738072E+003 -0.8837156E+002  0.0000000E+000
  73.000    14031989  0.1785898E+004  0.2612253E+003  0.7098140E+001  0.1777593E+003 -0.8975980E+002  0.0000000E+000
  74.000    15031989  0.1788967E+004  0.2613852E+003  0.7101436E+001  0.1841379E+003 -0.9271198E+002  0.0000000E+000
  75.000    16031989  0.1791375E+004  0.2613591E+003  0.7103971E+001  0.1893735E+003 -0.9537571E+002  0.0000000E+000
  76.000    17031989  0.1793871E+004  0.2614463E+003  0.7105234E+001  0.1942580E+003 -0.9747694E+002  0.0000000E+000
  77.000    18031989  0.1797509E+004  0.2614455E+003  0.7108500E+001  0.2013016E+003 -0.1007071E+003  0.0000000E+000
  78.000    19031989  0.1799596E+004  0.2614026E+003  0.7110018E+001  0.2056409E+003 -0.1028346E+003  0.0000000E+000
  79.000    20031989  0.1800804E+004  0.2616054E+003  0.7104583E+001  0.2084855E+003 -0.1038742E+003  0.0000000E+000
  80.000    21031989  0.1802692E+004  0.2618443E+003  0.7106411E+001  0.2147611E+003 -0.1059705E+003  0.0000000E+000
  81.000    22031989  0.1803117E+004  0.2620906E+003  0.7110021E+001  0.2167582E+003 -0.1071349E+003  0.0000000E+000
  82.000    23031989  0.1802679E+004  0.2624379E+003  0.7105458E+001  0.2177909E+003 -0.1078978E+003  0.0000000E+000
  83.000    24031989  0.1804067E+004  0.2628053E+003  0.7108178E+001  0.2207250E+003 -0.1088880E+003  0.0000000E+000
  84.000    25031989  0.1806416E+004  0.2631701E+003  0.7123911E+001  0.2252877E+003 -0.1105693E+003  0.0000000E+000
  85.000    26031989  0.1809523E+004  0.2634134E+003  0.7155611E+001  0.2314888E+003 -0.1132586E+003  0.0000000E+000
  86.000    27031989  0.1812574E+004  0.2635289E+003  0.7195186E+001  0.2381492E+003 -0.1166075E+003  0.0000000E+000
  87.000    28031989  0.1815837E+004  0.2634816E+003  0.7239630E+001  0.2454663E+003 -0.1205732E+003  0.0000000E+000
  88.000    29031989  0.1819132E+004  0.2633234E+003  0.7284358E+001  0.2530337E+003 -0.1249190E+003  0.0000000E+000
  89.000    30031989  0.1823127E+004  0.2631522E+003  0.7317223E+001  0.2604644E+003 -0.1284266E+003  0.0000000E+000
  90.000    31031989  0.1826323E+004  0.2628844E+003  0.7343339E+001  0.2683080E+003 -0.1318834E+003  0.0000000E+000
  91.000    01041989  0.1828118E+004  0.2629370E+003  0.7348963E+001  0.2718306E+003 -0.1333696E+003  0.0000000E+000
  92.000    02041989  0.1830555E+004  0.2631606E+003  0.7351787E+001  0.2760641E+003 -0.1346420E+003  0.0000000E+000
  93.000    03041989  0.1834171E+004  0.2634728E+003  0.7366467E+001  0.2820787E+003 -0.1365839E+003  0.0000000E+000
  94.000    04041989  0.1838285E+004  0.2637562E+003  0.7398701E+001  0.2898072E+003 -0.1398420E+003  0.0000000E+000
  95.000    05041989  0.1841787E+004  0.2639455E+003  0.7430172E+001  0.2968657E+003 -0.1431405E+003  0.0000000E+000
  96.000    06041989  0.1844194E+004  0.2641579E+003  0.7444002E+001  0.3016933E+003 -0.1452136E+003  0.0000000E+000
  97.000    07041989  0.1845910E+004  0.2645027E+003  0.7446313E+001  0.3051335E+003 -0.1463840E+003  0.0000000E+000
  98.000    08041989  0.1847992E+004  0.2649354E+003  0.7448677E+001  0.3090832E+003 -0.1475719E+003  0.0000000E+000
  99.000    09041989  0.1850778E+004  0.2654757E+003  0.7456622E+001  0.3140367E+003 -0.1490647E+003  0.0000000E+000
 100.000    10041989  0.1852758E+004  0.2660718E+003  0.7460655E+001  0.3179823E+003 -0.1502942E+003  0.0000000E+000
 101.000    11041989  0.1853755E+004  0.2667286E+003  0.7462089E+001  0.3208046E+003 -0.1513061E+003  0.0000000E+000
 102.000    12041989  0.1855264E+004  0.2674047E+003  0.7464967E+001  0.3245564E+003 -0.1525623E+003  0.0000000E+000
 103.000    13041989  0.1858035E+004  0.2680663E+003  0.7478674E+001  0.3299856E+003 -0.1543884E+003  0.0000000E+000
 104.000    14041989  0.1860751E+004  0.2686789E+003  0.7497590E+001  0.3357199E+003 -0.1566355E+003  0.0000000E+000
 105.000    15041989  0.1863688E+004  0.2691637E+003  0.7520388E+001  0.3418453E+003 -0.1591678E+003  0.0000000E+000
 106.000    16041989  0.1866963E+004  0.2696006E+003  0.7544503E+001  0.3484186E+003 -0.1618634E+003  0.0000000E+000
 107.000    17041989  0.1870348E+004  0.2700432E+003  0.7571949E+001  0.3554883E+003 -0.1649657E+003  0.0000000E+000
 108.000    18041989  0.1873837E+004  0.2703147E+003  0.7605981E+001  0.3632221E+003 -0.1687907E+003  0.0000000E+000
 109.000    19041989  0.1877951E+004  0.2704642E+003  0.7640001E+001  0.3715587E+003 -0.1727322E+003  0.0000000E+000
 110.000    20041989  0.1881018E+004  0.2706152E+003  0.7658866E+001  0.3776097E+003 -0.1753807E+003  0.0000000E+000
 111.000    21041989  0.1884434E+004  0.2709556E+003  0.7672251E+001  0.3837211E+003 -0.1775716E+003  0.0000000E+000
 112.000    22041989  0.1888566E+004  0.2713230E+003  0.7692328E+001  0.3912041E+003 -0.1804204E+003  0.0000000E+000
 113.000    23041989  0.1892335E+004  0.2716388E+003  0.7713576E+001  0.3983072E+003 -0.1832834E+003  0.0000000E+000
 114.000    24041989  0.1896781E+004  0.2719829E+003  0.7738971E+001  0.4065862E+003 -0.1866505E+003  0.0000000E+000
 115.000    25041989  0.1900715E+004  0.2722807E+003  0.7770161E+001  0.4150471E+003 -0.1908070E+003  0.0000000E+000
 116.000    26041989  0.1905042E+004  0.2724192E+003  0.7805989E+001  0.4241046E+003 -0.1953634E+003  0.0000000E+000
 117.000    27041989  0.1910004E+004  0.2724928E+003  0.7841254E+001  0.4339864E+003 -0.2002128E+003  0.0000000E+000
 118.000    28041989  0.1914829E+004  0.2725240E+003  0.7869009E+001  0.4431762E+003 -0.2044486E+003  0.0000000E+000
 119.000    29041989  0.1920021E+004  0.2725848E+003  0.7896629E+001  0.4527556E+003 -0.2085553E+003  0.0000000E+000
 120.000    30041989  0.1923006E+004  0.2726005E+003  0.7925939E+001  0.4603465E+003 -0.2129418E+003  0.0000000E+000
 121.000    01051989  0.1926416E+004  0.2724202E+003  0.7944420E+001  0.4691900E+003 -0.2169120E+003  0.0000000E+000
 122.000    02051989  0.1931084E+004  0.2724588E+003  0.7964687E+001  0.4777021E+003 -0.2205439E+003  0.0000000E+000
 123.000    03051989  0.1935442E+004  0.2726921E+003  0.7974754E+001  0.4848158E+003 -0.2229024E+003  0.0000000E+000
 124.000    04051989  0.1939801E+004  0.2731224E+003  0.7985443E+001  0.4921168E+003 -0.2252951E+003  0.0000000E+000
 125.000    05051989  0.1944953E+004  0.2735701E+003  0.8006327E+001  0.5011590E+003 -0.2286195E+003  0.0000000E+000
 126.000    06051989  0.1949665E+004  0.2739228E+003  0.8032212E+001  0.5104218E+003 -0.2327006E+003  0.0000000E+000
 127.000    07051989  0.1952721E+004  0.2743800E+003  0.8038877E+001  0.5159836E+003 -0.2346287E+003  0.0000000E+000
 128.000    08051989  0.1955668E+004  0.2749896E+003  0.8043705E+001  0.5215246E+003 -0.2364063E+003  0.0000000E+000
 129.000    09051989  0.1959275E+004  0.2756552E+003  0.8050055E+001  0.5276859E+003 -0.2381610E+003  0.0000000E+000
 130.000    10051989  0.1963621E+004  0.2762945E+003  0.8070845E+001  0.5360273E+003 -0.2413783E+003  0.0000000E+000
 131.000    11051989  0.1967250E+004  0.2769494E+003  0.8081177E+001  0.5426715E+003 -0.2435973E+003  0.0000000E+000
 132.000    12051989  0.1971339E+004  0.2776680E+003  0.8094012E+001  0.5500979E+003 -0.2460675E+003  0.0000000E+000
 133.000    13051989  0.1975651E+004  0.2783787E+003  0.8111700E+001  0.5583672E+003 -0.2491605E+003  0.0000000E+000
 134.000    14051989  0.1979521E+004  0.2790406E+003  0.8130681E+001  0.5662044E+003 -0.2523089E+003  0.0000000E+000
 135.000    15051989  0.1984245E+004  0.2796467E+003  0.8154896E+001  0.5754613E+003 -0.2560771E+003  0.0000000E+000
 136.000    16051989  0.1988644E+004  0.2801646E+003  0.8176662E+001  0.5842046E+003 -0.2597452E+003  0.0000000E+000
 137.000    17051989  0.1993024E+004  0.2807214E+003  0.8195836E+001  0.5928103E+003 -0.2632543E+003  0.0000000E+000
 138.000    18051989  0.1997090E+004  0.2812061E+003  0.8220325E+001  0.6019487E+003 -0.2676840E+003  0.0000000E+000
 139.000    19051989  0.2001343E+004  0.2815727E+003  0.8242692E+001  0.6110508E+003 -0.2720131E+003  0.0000000E+000
 140.000    20051989  0.2006042E+004  0.2818920E+003  0.8265472E+001  0.6206876E+003 -0.2764810E+003  0.0000000E+000
 141.000    21051989  0.2010732E+004  0.2821087E+003  0.8291042E+001  0.6309574E+003 -0.2816991E+003  0.0000000E+000
 142.000    22051989  0.2015606E+004  0.2822411E+003  0.8314082E+001  0.6410786E+003 -0.2866766E+003  0.0000000E+000
 143.000    23051989  0.2021220E+004  0.2823336E+003  0.8337867E+001  0.6520513E+003 -0.2918114E+003  0.0000000E+000
 144.000    24051989  0.2026524E+004  0.2825027E+003  0.8353265E+001  0.6616380E+003 -0.2957972E+003  0.0000000E+000
 145.000    25051989  0.2031341E+004  0.2827275E+003  0.8371178E+001  0.6715973E+003 -0.3005881E+003  0.0000000E+000
 146.000    26051989  0.2035890E+004  0.2828328E+003  0.8392852E+001  0.6822629E+003 -0.3064786E+003  0.0000000E+000
 147.000    27051989  0.2040477E+004  0.2828101E+003  0.8411928E+001  0.6928978E+003 -0.3124347E+003  0.0000000E+000
 148.000    28051989  0.2045886E+004  0.2828934E+003  0.8420990E+001  0.7019656E+003 -0.3158999E+003  0.0000000E+000
 149.000    29051989  0.2050937E+004  0.2831732E+003  0.8430299E+001  0.7107175E+003 -0.3192064E+003  0.0000000E+000
 150.000    30051989  0.2056248E+004  0.2834300E+003  0.8446289E+001  0.7211423E+003 -0.3239487E+003  0.0000000E+000
 151.000    31051989  0.2059669E+004  0.2834102E+003  0.8458057E+001  0.7318354E+003 -0.3295767E+003  0.0000000E+000
 152.000    01061989  0.2064493E+004  0.2834637E+003  0.8474699E+001  0.7428400E+003 -0.3355966E+003  0.0000000E+000
 153.000    02061989  0.2069465E+004  0.2834260E+003  0.8489875E+001  0.7540707E+003 -0.3417911E+003  0.0000000E+000
 154.000    03061989  0.2074315E+004  0.2833611E+003  0.8503361E+001  0.7646800E+003 -0.3475147E+003  0.0000000E+000
 155.000    04061989  0.2079872E+004  0.2833087E+003  0.8515616E+001  0.7757256E+003 -0.3529531E+003  0.0000000E+000
 156.000    05061989  0.2084602E+004  0.2832986E+003  0.8528157E+001  0.7857954E+003 -0.3581986E+003  0.0000000E+000
 157.000    06061989  0.2089273E+004  0.2833175E+003  0.8539528E+001  0.7954208E+003 -0.3630262E+003  0.0000000E+000
 158.000    07061989  0.2094373E+004  0.2834180E+003  0.8549786E+001  0.8051160E+003 -0.3674127E+003  0.0000000E+000
 159.000    08061989  0.2100456E+004  0.2835919E+003  0.8561421E+001  0.8163588E+003 -0.3722931E+003  0.0000000E+000
 160.000    09061989  0.2105349E+004  0.2837357E+003  0.8574003E+001  0.8266981E+003 -0.3774944E+003  0.0000000E+000
 161.000    10061989  0.2110778E+004  0.2838970E+003  0.8585273E+001  0.8377094E+003 -0.3828146E+003  0.0000000E+000
 162.000    11061989  0.2116439E+004  0.2840891E+003  0.8594667E+001  0.8485126E+003 -0.3876637E+003  0.0000000E+000
 163.000    12061989  0.2122444E+004  0.2843458E+003  0.8604820E+001  0.8597453E+003 -0.3925326E+003  0.0000000E+000
 164.000    13061989  0.2127651E+004  0.2845063E+003  0.8617407E+001  0.8712420E+003 -0.3985615E+003  0.0000000E+000
 165.000    14061989  0.2132560E+004  0.2846486E+003  0.8627500E+001  0.8822697E+003 -0.4044395E+003  0.0000000E+000
 166.000    15061989  0.2137145E+004  0.2846851E+003  0.8637799E+001  0.8930147E+003 -0.4104664E+003  0.0000000E+000
 167.000    16061989  0.2141443E+004  0.2846837E+003  0.8646735E+001  0.9028423E+003 -0.4159012E+003  0.0000000E+000
 168.000    17061989  0.2146636E+004  0.2847079E+003  0.8654200E+001  0.9131147E+003 -0.4208573E+003  0.0000000E+000
 169.000    18061989  0.2152707E+004  0.2848168E+003  0.8661646E+001  0.9245929E+003 -0.4260528E+003  0.0000000E+000
 170.000    19061989  0.2158938E+004  0.2849569E+003  0.8669502E+001  0.9365348E+003 -0.4315230E+003  0.0000000E+000
 171.000    20061989  0.2164283E+004  0.2850869E+003  0.8677477E+001  0.9474920E+003 -0.4369051E+003  0.0000000E+000
 172.000    21061989  0.2168763E+004  0.2851919E+003  0.8684884E+001  0.9573930E+003 -0.4421225E+003  0.0000000E+000
 173.000    22061989  0.2174137E+004  0.2852901E+003  0.8691867E+001  0.9682275E+003 -0.4473856E+003  0.0000000E+000
 174.000    23061989  0.2179163E+004  0.2853845E+003  0.8698639E+001  0.9788770E+003 -0.4528160E+003  0.0000000E+000
 175.000    24061989  0.2183551E+004  0.2854289E+003  0.8705179E+001  0.9889316E+003 -0.4583394E+003  0.0000000E+000
 176.000    25061989  0.2189405E+004  0.2854908E+003  0.8710759E+001  0.1000537E+004 -0.4639292E+003  0.0000000E+000
 177.000    26061989  0.2194525E+004  0.2855373E+003  0.8716568E+001  0.1011936E+004 -0.4700633E+003  0.0000000E+000
 178.000    27061989  0.2199247E+004  0.2855177E+003  0.8721783E+001  0.1023317E+004 -0.4766420E+003  0.0000000E+000
 179.000    28061989  0.2205150E+004  0.2854757E+003  0.8726106E+001  0.1035332E+004 -0.4826896E+003  0.0000000E+000
 180.000    29061989  0.2209970E+004  0.2854588E+003  0.8729994E+001  0.1045851E+004 -0.4882957E+003  0.0000000E+000
 181.000    30061989  0.2215424E+004  0.2855387E+003  0.8732922E+001  0.1056363E+004 -0.4931584E+003  0.0000000E+000
 182.000    01071989  0.2219149E+004  0.2855359E+003  0.8729831E+001  0.1066628E+004 -0.4979339E+003  0.0000000E+000
 183.000    02071989  0.2224087E+004  0.2857464E+003  0.8732623E+001  0.1077020E+004 -0.5030731E+003  0.0000000E+000
 184.000    03071989  0.2229671E+004  0.2859178E+003  0.8735514E+001  0.1088390E+004 -0.5085866E+003  0.0000000E+000
 185.000    04071989  0.2235108E+004  0.2860566E+003  0.8738302E+001  0.1099628E+004 -0.5141491E+003  0.0000000E+000
 186.000    05071989  0.2240265E+004  0.2861691E+003  0.8740764E+001  0.1110643E+004 -0.5197961E+003  0.0000000E+000
 187.000    06071989  0.2244929E+004  0.2862421E+003  0.8742927E+001  0.1121306E+004 -0.5256252E+003  0.0000000E+000
 188.000    07071989  0.2250105E+004  0.2862747E+003  0.8744616E+001  0.1132680E+004 -0.5316940E+003  0.0000000E+000
 189.000    08071989  0.2255014E+004  0.2862874E+003  0.8745876E+001  0.1144114E+004 -0.5381078E+003  0.0000000E+000
 190.000    09071989  0.2259889E+004  0.2862780E+003  0.8746984E+001  0.1155380E+004 -0.5444060E+003  0.0000000E+000
 191.000    10071989  0.2263736E+004  0.2862418E+003  0.8748081E+001  0.1166250E+004 -0.5513606E+003  0.0000000E+000
 192.000    11071989  0.2267957E+004  0.2861198E+003  0.8749145E+001  0.1177506E+004 -0.5584040E+003  0.0000000E+000
 193.000    12071989  0.2272758E+004  0.2859643E+003  0.8750218E+001  0.1189177E+004 -0.5653043E+003  0.0000000E+000
 194.000    13071989  0.2276626E+004  0.2858015E+003  0.8751259E+001  0.1199077E+004 -0.5713583E+003  0.0000000E+000
 195.000    14071989  0.2281367E+004  0.2856859E+003  0.8752185E+001  0.1209350E+004 -0.5768600E+003  0.0000000E+000
 196.000    15071989  0.2285315E+004  0.2856645E+003  0.8753066E+001  0.1218350E+004 -0.5817888E+003  0.0000000E+000
 197.000    16071989  0.2289609E+004  0.2856843E+003  0.8754007E+001  0.1227769E+004 -0.5867572E+003  0.0000000E+000
 198.000    17071989  0.2295087E+004  0.2857816E+003  0.8754919E+001  0.1238275E+004 -0.5915597E+003  0.0000000E+000
 199.000    18071989  0.2300982E+004  0.2860218E+003  0.8755883E+001  0.1249312E+004 -0.5963450E+003  0.0000000E+000
 200.000    19071989  0.2306265E+004  0.2862990E+003  0.8757156E+001  0.1260765E+004 -0.6021371E+003  0.0000000E+000
 201.000    20071989  0.2310611E+004  0.2864863E+003  0.8758460E+001  0.1271611E+004 -0.6083494E+003  0.0000000E+000
 202.000    21071989  0.2315241E+004  0.2866039E+003  0.8759826E+001  0.1282477E+004 -0.6143682E+003  0.0000000E+000
 203.000    22071989  0.2320052E+004  0.2866584E+003  0.8761165E+001  0.1293584E+004 -0.6205129E+003  0.0000000E+000
 204.000    23071989  0.2325049E+004  0.2866884E+003  0.8762397E+001  0.1305014E+004 -0.6268191E+003  0.0000000E+000
 205.000    24071989  0.2329462E+004  0.2866438E+003  0.8763610E+001  0.1316217E+004 -0.6335552E+003  0.0000000E+000
 206.000    25071989  0.2334390E+004  0.2865612E+003  0.8766966E+001  0.1327499E+004 -0.6398889E+003  0.0000000E+000
 207.000    26071989  0.2339135E+004  0.2864789E+003  0.8769509E+001  0.1338511E+004 -0.6461288E+003  0.0000000E+000
 208.000    27071989  0.2343796E+004  0.2863686E+003  0.8771864E+001  0.1349359E+004 -0.6523089E+003  0.0000000E+000
 209.000    28071989  0.2348719E+004  0.2862703E+003  0.8773907E+001  0.1360441E+004 -0.6584422E+003  0.0000000E+000
 210.000    29071989  0.2353854E+004  0.2861931E+003  0.8775762E+001  0.1371452E+004 -0.6642666E+003  0.0000000E+000
 211.000    30071989  0.2358973E+004  0.2862000E+003  0.8777646E+001  0.1382314E+004 -0.6698780E+003  0.0000000E+000
 212.000    31071989  0.2362453E+004  0.2859563E+003  0.8773904E+001  0.1393582E+004 -0.6760409E+003  0.0000000E+000
 213.000    01081989  0.2367156E+004  0.2858708E+003  0.8775812E+001  0.1404032E+004 -0.6817535E+003  0.0000000E+000
 214.000    02081989  0.2372143E+004  0.2858332E+003  0.8777604E+001  0.1414516E+004 -0.6871658E+003  0.0000000E+000
 215.000    03081989  0.2376816E+004  0.2858458E+003  0.8779275E+001  0.1424975E+004 -0.6928203E+003  0.0000000E+000
 216.000    04081989  0.2380450E+004  0.2857941E+003  0.8781018E+001  0.1435340E+004 -0.6994898E+003  0.0000000E+000
 217.000    05081989  0.2384270E+004  0.2856391E+003  0.8782609E+001  0.1445873E+004 -0.7062411E+003  0.0000000E+000
 218.000    06081989  0.2388198E+004  0.2854107E+003  0.8784067E+001  0.1456417E+004 -0.7129565E+003  0.0000000E+000
 219.000    07081989  0.2393021E+004  0.2851857E+003  0.8785405E+001  0.1467352E+004 -0.7191485E+003  0.0000000E+000
 220.000    08081989  0.2398349E+004  0.2850695E+003  0.8786468E+001  0.1477443E+004 -0.7238774E+003  0.0000000E+000
 221.000    09081989  0.2403721E+004  0.2851302E+003  0.8787550E+001  0.1487189E+004 -0.7280517E+003  0.0000000E+000
 222.000    10081989  0.2408472E+004  0.2853260E+003  0.8788490E+001  0.1495731E+004 -0.7315258E+003  0.0000000E+000
 223.000    11081989  0.2413294E+004  0.2857077E+003  0.8789517E+001  0.1504397E+004 -0.7348839E+003  0.0000000E+000
 224.000    12081989  0.2417858E+004  0.2860295E+003  0.8791395E+001  0.1514308E+004 -0.7398184E+003  0.0000000E+000
 225.000    13081989  0.2422017E+004  0.2862117E+003  0.8793346E+001  0.1524442E+004 -0.7455191E+003  0.0000000E+000
 226.000    14081989  0.2426161E+004  0.2862337E+003  0.8795250E+001  0.1534429E+004 -0.7512498E+003  0.0000000E+000
 227.000    15081989  0.2430273E+004  0.2862183E+003  0.8796905E+001  0.1544031E+004 -0.7566654E+003  0.0000000E+000
 228.000    16081989  0.2434439E+004  0.2861814E+003  0.8798501E+001  0.1553708E+004 -0.7621256E+003  0.0000000E+000
 229.000    17081989  0.2438877E+004  0.2861138E+003  0.8800112E+001  0.1563823E+004 -0.7677810E+003  0.0000000E+000
 230.000    18081989  0.2442864E+004  0.2860060E+003  0.8801570E+001  0.1573080E+004 -0.7730670E+003  0.0000000E+000
 231.000    19081989  0.2448001E+004  0.2859658E+003  0.8802976E+001  0.1583324E+004 -0.7781136E+003  0.0000000E+000
 232.000    20081989  0.2452600E+004  0.2859559E+003  0.8804652E+001  0.1593693E+004 -0.7837940E+003  0.0000000E+000
 233.000    21081989  0.2456847E+004  0.2858465E+003  0.8806420E+001  0.1604324E+004 -0.7901888E+003  0.0000000E+000
 234.000    22081989  0.2461099E+004  0.2856516E+003  0.8808036E+001  0.1614893E+004 -0.7965948E+003  0.0000000E+000
 235.000    23081989  0.2465338E+004  0.2853971E+003  0.8809537E+001  0.1625567E+004 -0.8031615E+003  0.0000000E+000
 236.000    24081989  0.2468649E+004  0.2850824E+003  0.8810926E+001  0.1634666E+004 -0.8091173E+003  0.0000000E+000
 237.000    25081989  0.2472649E+004  0.2847703E+003  0.8812137E+001  0.1643730E+004 -0.8143241E+003  0.0000000E+000
 238.000    26081989  0.2475963E+004  0.2845428E+003  0.8813182E+001  0.1651427E+004 -0.8187573E+003  0.0000000E+000
 239.000    27081989  0.2480526E+004  0.2844088E+003  0.8814225E+001  0.1660201E+004 -0.8229321E+003  0.0000000E+000
 240.000    28081989  0.2485414E+004  0.2843774E+003  0.8815566E+001  0.1669937E+004 -0.8276553E+003  0.0000000E+000
 241.000    29081989  0.2490215E+004  0.2843300E+003  0.8817199E+001  0.1680410E+004 -0.8332366E+003  0.0000000E+000
 242.000    30081989  0.2494003E+004  0.2842050E+003  0.8818860E+001  0.1690456E+004 -0.8394869E+003  0.0000000E+000
 243.000    31081989  0.2496407E+004  0.2838349E+003  0.8814201E+001  0.1700055E+004 -0.8450753E+003  0.0000000E+000
 244.000    01091989  0.2500434E+004  0.2837137E+003  0.8815404E+001  0.1709420E+004 -0.8503938E+003  0.0000000E+000
 245.000    02091989  0.2504181E+004  0.2835089E+003  0.8816795E+001  0.1719163E+004 -0.8564546E+003  0.0000000E+000
 246.000    03091989  0.2508625E+004  0.2832845E+003  0.8817963E+001  0.1728798E+004 -0.8617181E+003  0.0000000E+000
 247.000    04091989  0.2513218E+004  0.2831887E+003  0.8818964E+001  0.1737847E+004 -0.8661162E+003  0.0000000E+000
 248.000    05091989  0.2517090E+004  0.2831592E+003  0.8820056E+001  0.1746007E+004 -0.8702927E+003  0.0000000E+000
 249.000    06091989  0.2521461E+004  0.2831714E+003  0.8821446E+001  0.1755313E+004 -0.8750881E+003  0.0000000E+000
 250.000    07091989  0.2525478E+004  0.2831642E+003  0.8822846E+001  0.1764451E+004 -0.8801021E+003  0.0000000E+000
 251.000    08091989  0.2529461E+004  0.2831344E+003  0.8824221E+001  0.1773811E+004 -0.8854009E+003  0.0000000E+000
 252.000    09091989  0.2532948E+004  0.2830647E+003  0.8825571E+001  0.1782697E+004 -0.8907621E+003  0.0000000E+000
 253.000    10091989  0.2536686E+004  0.2829567E+003  0.8826891E+001  0.1792090E+004 -0.8964163E+003  0.0000000E+000
 254.000    11091989  0.2540388E+004  0.2827552E+003  0.8828220E+001  0.1801824E+004 -0.9025369E+003  0.0000000E+000
 255.000    12091989  0.2543681E+004  0.2824957E+003  0.8829472E+001  0.1810653E+004 -0.9082017E+003  0.0000000E+000
 256.000    13091989  0.2548075E+004  0.2822423E+003  0.8830647E+001  0.1820290E+004 -0.9135484E+003  0.0000000E+000
 257.000    14091989  0.2552277E+004  0.2820227E+003  0.8831808E+001  0.1829720E+004 -0.9188354E+003  0.0000000E+000
 258.000    15091989  0.2556878E+004  0.2818248E+003  0.8833103E+001  0.1839720E+004 -0.9242683E+003  0.0000000E+000
 259.000    16091989  0.2560043E+004  0.2816020E+003  0.8834392E+001  0.1848140E+004 -0.9295809E+003  0.0000000E+000
 260.000    17091989  0.2564671E+004  0.2814027E+003  0.8835509E+001  0.1857670E+004 -0.9345127E+003  0.0000000E+000
 261.000    18091989  0.2568808E+004  0.2812990E+003  0.8836522E+001  0.1866227E+004 -0.9388709E+003  0.0000000E+000
 262.000    19091989  0.2572971E+004  0.2812815E+003  0.8837473E+001  0.1874404E+004 -0.9427526E+003  0.0000000E+000
 263.000    20091989  0.2576578E+004  0.2813476E+003  0.8838545E+001  0.1882162E+004 -0.9467085E+003  0.0000000E+000
 264.000    21091989  0.2580698E+004  0.2813896E+003  0.8840185E+001  0.1891814E+004 -0.9520879E+003  0.0000000E+000
 265.000    22091989  0.2582309E+004  0.2812857E+003  0.8841587E+001  0.1898543E+004 -0.9572068E+003  0.0000000E+000
 266.000    23091989  0.2586054E+004  0.2811427E+003  0.8842753E+001  0.1907166E+004 -0.9621178E+003  0.0000000E+000
 267.000    24091989  0.2588957E+004  0.2811146E+003  0.8842500E+001  0.1912865E+004 -0.9647983E+003  0.0000000E+000
 268.000    25091989  0.2592169E+004  0.2813094E+003  0.8842723E+001  0.1918587E+004 -0.9669940E+003  0.0000000E+000
 269.000    26091989  0.2595399E+004  0.2815382E+003  0.8843761E+001  0.1925775E+004 -0.9706306E+003  0.0000000E+000
 270.000    27091989  0.2598396E+004  0.2817556E+003  0.8844615E+001  0.1932405E+004 -0.9739629E+003  0.0000000E+000
 271.000    28091989  0.2601401E+004  0.2821085E+003  0.8843436E+001  0.1938437E+004 -0.9764889E+003  0.0000000E+000
 272.000    29091989  0.2605461E+004  0.2824460E+003  0.8844470E+001  0.1946383E+004 -0.9799521E+003  0.0000000E+000
 273.000    30091989  0.2607421E+004  0.2826989E+003  0.8845649E+001  0.1952463E+004 -0.9837298E+003  0.0000000E+000
 274.000    01101989  0.2608436E+004  0.2826392E+003  0.8841044E+001  0.1959552E+004 -0.9878611E+003  0.0000000E+000
 275.000    02101989  0.2611530E+004  0.2826936E+003  0.8842324E+001  0.1967025E+004 -0.9921001E+003  0.0000000E+000
 276.000    03101989  0.2614945E+004  0.2827509E+003  0.8843647E+001  0.1975147E+004 -0.9966644E+003  0.0000000E+000
 277.000    04101989  0.2618266E+004  0.2828554E+003  0.8844361E+001  0.1981872E+004 -0.9998815E+003  0.0000000E+000
 278.000    05101989  0.2620851E+004  0.2831186E+003  0.8843671E+001  0.1987358E+004 -0.1002393E+004  0.0000000E+000
 279.000    06101989  0.2623709E+004  0.2834017E+003  0.8844781E+001  0.1994415E+004 -0.1006225E+004  0.0000000E+000
 280.000    07101989  0.2626628E+004  0.2835071E+003  0.8846002E+001  0.2001797E+004 -0.1010497E+004  0.0000000E+000
 281.000    08101989  0.2629523E+004  0.2837055E+003  0.8846465E+001  0.2007506E+004 -0.1013028E+004  0.0000000E+000
 282.000    09101989  0.2631376E+004  0.2840315E+003  0.8843840E+001  0.2011909E+004 -0.1015058E+004  0.0000000E+000
 283.000    10101989  0.2633312E+004  0.2844630E+003  0.8839635E+001  0.2016641E+004 -0.1017160E+004  0.0000000E+000
 284.000    11101989  0.2635900E+004  0.2848818E+003  0.8840406E+001  0.2022623E+004 -0.1020043E+004  0.0000000E+000
 285.000    12101989  0.2638370E+004  0.2852300E+003  0.8841437E+001  0.2028965E+004 -0.1023471E+004  0.0000000E+000
 286.000    13101989  0.2640724E+004  0.2854673E+003  0.8842679E+001  0.2035696E+004 -0.1027512E+004  0.0000000E+000
 287.000    14101989  0.2643633E+004  0.2855662E+003  0.8843978E+001  0.2043086E+004 -0.1031798E+004  0.0000000E+000
 288.000    15101989  0.2646355E+004  0.2855990E+003  0.8845240E+001  0.2050427E+004 -0.1036291E+004  0.0000000E+000
 289.000    16101989  0.2649294E+004  0.2855852E+003  0.8846433E+001  0.2058026E+004 -0.1040876E+004  0.0000000E+000
 290.000    17101989  0.2651116E+004  0.2855118E+003  0.8847438E+001  0.2063965E+004 -0.1044982E+004  0.0000000E+000
 291.000    18101989  0.2653610E+004  0.2854439E+003  0.8848346E+001  0.2070405E+004 -0.1048915E+004  0.0000000E+000
 292.000    19101989  0.2656259E+004  0.2854748E+003  0.8848824E+001  0.2075975E+004 -0.1051726E+004  0.0000000E+000
 293.000    20101989  0.2658424E+004  0.2856482E+003  0.8848696E+001  0.2080558E+004 -0.1053879E+004  0.0000000E+000
 294.000    21101989  0.2659479E+004  0.2859706E+003  0.8841137E+001  0.2083853E+004 -0.1055425E+004  0.0000000E+000
 295.000    22101989  0.2661146E+004  0.2863732E+003  0.8835674E+001  0.2088121E+004 -0.1057316E+004  0.0000000E+000
 296.000    23101989  0.2662976E+004  0.2868097E+003  0.8832702E+001  0.2092671E+004 -0.1059375E+004  0.0000000E+000
 297.000    24101989  0.2664940E+004  0.2872531E+003  0.8832543E+001  0.2097499E+004 -0.1061665E+004  0.0000000E+000
 298.000    25101989  0.2666788E+004  0.2876758E+003  0.8832767E+001  0.2102416E+004 -0.1064187E+004  0.0000000E+000
 299.000    26101989  0.2668542E+004  0.2880756E+003  0.8832610E+001  0.2107263E+004 -0.1066743E+004  0.0000000E+000
 300.000    27101989  0.2670485E+004  0.2884451E+003  0.8833321E+001  0.2112408E+004 -0.1069465E+004  0.0000000E+000
 301.000    28101989  0.2672372E+004  0.2887789E+003  0.8834037E+001  0.2117484E+004 -0.1072208E+004  0.0000000E+000
 302.000    29101989  0.2674534E+004  0.2890688E+003  0.8834942E+001  0.2123146E+004 -0.1075307E+004  0.0000000E+000
 303.000    30101989  0.2676885E+004  0.2892737E+003  0.8836026E+001  0.2129315E+004 -0.1078811E+004  0.0000000E+000
 304.000    31101989  0.2677560E+004  0.2891884E+003  0.8831329E+001  0.2135832E+004 -0.1082668E+004  0.0000000E+000
 305.000    01111989  0.2679695E+004  0.2892792E+003  0.8831937E+001  0.2140968E+004 -0.1085479E+004  0.0000000E+000
 306.000    02111989  0.2682380E+004  0.2895584E+003  0.8830785E+001  0.2146080E+004 -0.1087474E+004  0.0000000E+000
 307.000    03111989  0.2684801E+004  0.2898802E+003  0.8831298E+001  0.2151310E+004 -0.1089857E+004  0.0000000E+000
 308.000    04111989  0.2685958E+004  0.2903040E+003  0.8825554E+001  0.2154877E+004 -0.1091515E+004  0.0000000E+000
 309.000    05111989  0.2688261E+004  0.2907730E+003  0.8825621E+001  0.2160017E+004 -0.1093756E+004  0.0000000E+000
 310.000    06111989  0.2690371E+004  0.2911974E+003  0.8826296E+001  0.2165222E+004 -0.1096311E+004  0.0000000E+000
 311.000    07111989  0.2692513E+004  0.2915270E+003  0.8827421E+001  0.2171199E+004 -0.1099701E+004  0.0000000E+000
 312.000    08111989  0.2694113E+004  0.2916903E+003  0.8828764E+001  0.2177055E+004 -0.1103683E+004  0.0000000E+000
 313.000    09111989  0.2696223E+004  0.2917311E+003  0.8829915E+001  0.2183177E+004 -0.1107550E+004  0.0000000E+000
 314.000    10111989  0.2697761E+004  0.2919014E+003  0.8827099E+001  0.2187230E+004 -0.1109681E+004  0.0000000E+000
 315.000    11111989  0.2699204E+004  0.2921826E+003  0.8823724E+001  0.2191196E+004 -0.1111686E+004  0.0000000E+000
 316.000    12111989  0.2700961E+004  0.2924785E+003  0.8824274E+001  0.2196042E+004 -0.1114372E+004  0.0000000E+000
 317.000    13111989  0.2702646E+004  0.2926994E+003  0.8825153E+001  0.2201200E+004 -0.1117519E+004  0.0000000E+000
 318.000    14111989  0.2705170E+004  0.2928358E+003  0.8826064E+001  0.2207273E+004 -0.1120831E+004  0.0000000E+000
 319.000    15111989  0.2707492E+004  0.2929492E+003  0.8826994E+001  0.2213196E+004 -0.1124219E+004  0.0000000E+000
 320.000    16111989  0.2709416E+004  0.2930116E+003  0.8827776E+001  0.2218508E+004 -0.1127450E+004  0.0000000E+000
 321.000    17111989  0.2709448E+004  0.2932454E+003  0.8817461E+001  0.2220545E+004 -0.1128747E+004  0.0000000E+000
 322.000    18111989  0.2709755E+004  0.2935729E+003  0.8806890E+001  0.2222987E+004 -0.1130045E+004  0.0000000E+000
 323.000    19111989  0.2709843E+004  0.2939492E+003  0.8797580E+001  0.2225150E+004 -0.1131275E+004  0.0000000E+000
 324.000    20111989  0.2710408E+004  0.2943706E+003  0.8788977E+001  0.2228349E+004 -0.1132914E+004  0.0000000E+000
 325.000    21111989  0.2708699E+004  0.2947767E+003  0.8788321E+001  0.2231583E+004 -0.1134570E+004  0.0000000E+000
 326.000    22111989  0.2705659E+004  0.2952230E+003  0.8776355E+001  0.2233211E+004 -0.1135661E+004  0.0000000E+000
 327.000    23111989  0.2702380E+004  0.2956899E+003  0.8762643E+001  0.2234488E+004 -0.1136719E+004  0.0000000E+000
 328.000    24111989  0.2699099E+004  0.2961579E+003  0.8748221E+001  0.2235538E+004 -0.1137671E+004  0.0000000E+000
 329.000    25111989  0.2696806E+004  0.2966267E+003  0.8737787E+001  0.2237437E+004 -0.1138763E+004  0.0000000E+000
 330.000    26111989  0.2696271E+004  0.2971017E+003  0.8735751E+001  0.2241555E+004 -0.1140733E+004  0.0000000E+000
 331.000    27111989  0.2696360E+004  0.2975045E+003  0.8736383E+001  0.2246236E+004 -0.1142974E+004  0.0000000E+000
 332.000    28111989  0.2696186E+004  0.2977945E+003  0.8737571E+001  0.2251381E+004 -0.1146175E+004  0.0000000E+000
 333.000    29111989  0.2695157E+004  0.2979519E+003  0.8737111E+001  0.2254376E+004 -0.1148301E+004  0.0000000E+000
 334.000    30111989  0.2693473E+004  0.2982545E+003  0.8726829E+001  0.2256101E+004 -0.1149418E+004  0.0000000E+000
 335.000    01121989  0.2690419E+004  0.2984116E+003  0.8710940E+001  0.2258245E+004 -0.1150573E+004  0.0000000E+000
 336.000    02121989  0.2689373E+004  0.2988018E+003  0.8701318E+001  0.2260723E+004 -0.1151906E+004  0.0000000E+000
 337.000    03121989  0.2686931E+004  0.2991888E+003  0.8689606E+001  0.2261519E+004 -0.1152986E+004  0.0000000E+000
 338.000    04121989  0.2684624E+004  0.2995585E+003  0.8675810E+001  0.2262246E+004 -0.1153862E+004  0.0000000E+000
 339.000    05121989  0.2683282E+004  0.2999261E+003  0.8665284E+001  0.2263981E+004 -0.1154967E+004  0.0000000E+000
 340.000    06121989  0.2683022E+004  0.3003058E+003  0.8657480E+001  0.2266958E+004 -0.1156376E+004  0.0000000E+000
 341.000    07121989  0.2683689E+004  0.3006942E+003  0.8655948E+001  0.2270758E+004 -0.1157975E+004  0.0000000E+000
 342.000    08121989  0.2681447E+004  0.3010887E+003  0.8644975E+001  0.2271355E+004 -0.1159018E+004  0.0000000E+000
 343.000    09121989  0.2679002E+004  0.3014675E+003  0.8630270E+001  0.2271587E+004 -0.1159844E+004  0.0000000E+000
 344.000    10121989  0.2677032E+004  0.3018114E+003  0.8615843E+001  0.2272244E+004 -0.1160716E+004  0.0000000E+000
 345.000    11121989  0.2675852E+004  0.3021400E+003  0.8604471E+001  0.2273605E+004 -0.1161673E+004  0.0000000E+000
 346.000    12121989  0.2675014E+004  0.3024754E+003  0.8593119E+001  0.2275358E+004 -0.1162721E+004  0.0000000E+000
 347.000    13121989  0.2673203E+004  0.3028282E+003  0.8578851E+001  0.2276143E+004 -0.1163691E+004  0.0000000E+000
 348.000    14121989  0.2672055E+004  0.3031665E+003  0.8566475E+001  0.2277468E+004 -0.1164660E+004  0.0000000E+000
 349.000    15121989  0.2671247E+004  0.3035049E+003  0.8556254E+001  0.2279147E+004 -0.1165754E+004  0.0000000E+000
 350.000    16121989  0.2669079E+004  0.3038262E+003  0.8545871E+001  0.2279304E+004 -0.1166734E+004  0.0000000E+000
 351.000    17121989  0.2667130E+004  0.3041254E+003  0.8533901E+001  0.2279459E+004 -0.1167492E+004  0.0000000E+000
 352.000    18121989  0.2665597E+004  0.3044097E+003  0.8521703E+001  0.2280035E+004 -0.1168294E+004  0.0000000E+000
 353.000    19121989  0.2663684E+004  0.3046789E+003  0.8508243E+001  0.2280227E+004 -0.1169093E+004  0.0000000E+000
 354.000    20121989  0.2662088E+004  0.3049259E+003  0.8494103E+001  0.2280772E+004 -0.1169951E+004  0.0000000E+000
 355.000    21121989  0.2660842E+004  0.3051672E+003  0.8483279E+001  0.2281522E+004 -0.1170793E+004  0.0000000E+000
 356.000    22121989  0.2658996E+004  0.3054009E+003  0.8472963E+001  0.2281543E+004 -0.1171535E+004  0.0000000E+000
 357.000    23121989  0.2657358E+004  0.3056223E+003  0.8464901E+001  0.2281551E+004 -0.1172182E+004  0.0000000E+000
 358.000    24121989  0.2655720E+004  0.3058292E+003  0.8455182E+001  0.2281631E+004 -0.1172872E+004  0.0000000E+000
 359.000    25121989  0.2654221E+004  0.3060195E+003  0.8446401E+001  0.2281747E+004 -0.1173532E+004  0.0000000E+000
 360.000    26121989  0.2653337E+004  0.3062001E+003  0.8435690E+001  0.2282705E+004 -0.1174372E+004  0.0000000E+000
 361.000    27121989  0.2651881E+004  0.3063786E+003  0.8423830E+001  0.2283073E+004 -0.1175166E+004  0.0000000E+000
 362.000    28121989  0.2651335E+004  0.3065544E+003  0.8413473E+001  0.2284381E+004 -0.1176071E+004  0.0000000E+000
 363.000    29121989  0.2650998E+004  0.3067449E+003  0.8404444E+001  0.2285947E+004 -0.1177064E+004  0.0000000E+000
 364.000    30121989  0.2651746E+004  0.3069606E+003  0.8397080E+001  0.2288675E+004 -0.1178196E+004  0.0000000E+000
 365.000    31121989  0.2651649E+004  0.3070211E+003  0.8390862E+001  0.2292449E+004 -0.1179811E+004  0.0000000E+000
