    DOY     DATE    PRECN           ET              WATER           DISCHG          SNOWPACK        WTR_1           WTR_2           WTR_3           WTR_4           WTR_5           WTR_6           ICE_2           ICE_3           ICE_4           ICE_5           ICE_6           ICE_7           PSI_3           PSI_4           PSI_5           PSI_6           PSI_7           PSI_8           ACTV_LYR        
  30.000    30011923  0.1462400E+003  0.2055562E+002  0.7826847E+003  0.0000000E+000  0.0000000E+000  0.3402667E+000  0.3349560E+000  0.3391555E+000  0.2683995E+000  0.2632610E+000  0.3565939E+000  0.9352644E-012  0.9527960E-012  0.0000000E+000  0.0000000E+000  0.0000000E+000  0.0000000E+000 -0.8031066E-002 -0.6816616E-002 -0.4586786E-002 -0.2566545E-002 -0.2572165E-002 -0.3448057E-002 -0.9999000E+004
  60.000    01031923  0.2273100E+003  0.4850672E+002  0.8222995E+003  0.3380132E+001  0.7803475E+002  0.3225622E+000  0.3588854E+000  0.3533162E+000  0.2826407E+000  0.2632577E+000  0.3544701E+000  0.9352644E-012  0.9527960E-012  0.0000000E+000  0.0000000E+000  0.0000000E+000  0.0000000E+000 -0.5390439E-002 -0.5470149E-002 -0.4621073E-002 -0.2693256E-002 -0.2621141E-002 -0.3728579E-002 -0.9999000E+004
  90.000    31031923  0.4160900E+003  0.8406583E+002  0.8538202E+003  0.1343459E+003  0.0000000E+000  0.3371636E+000  0.3343761E+000  0.3388733E+000  0.2697854E+000  0.2660482E+000  0.3569267E+000  0.9352644E-012  0.9527960E-012  0.0000000E+000  0.0000000E+000  0.0000000E+000  0.0000000E+000 -0.8148421E-002 -0.6603027E-002 -0.4357449E-002 -0.2547635E-002 -0.2538527E-002 -0.3137219E-002 -0.9999000E+004
 120.000    30041923  0.5533600E+003  0.1694511E+003  0.7586704E+003  0.2813804E+003  0.0000000E+000  0.2553862E+000  0.2593423E+000  0.2622531E+000  0.2157936E+000  0.2215009E+000  0.3428031E+000  0.9352644E-012  0.9527960E-012  0.0000000E+000  0.0000000E+000  0.0000000E+000  0.0000000E+000 -0.2926796E-001 -0.2007740E-001 -0.1062472E-001 -0.3523283E-002 -0.2983209E-002 -0.4669292E-002 -0.9999000E+004
 150.000    30051923  0.6489300E+003  0.2922546E+003  0.6980550E+003  0.3147623E+003  0.0000000E+000  0.2422624E+000  0.2444826E+000  0.2459500E+000  0.1721138E+000  0.1833945E+000  0.3124186E+000  0.9352644E-012  0.9527960E-012  0.0000000E+000  0.0000000E+000  0.0000000E+000  0.0000000E+000 -0.3964777E-001 -0.6551097E-001 -0.3318493E-001 -0.7446419E-002 -0.4441333E-002 -0.6383327E-002 -0.9999000E+004
 180.000    29061923  0.6890600E+003  0.4302266E+003  0.5849292E+003  0.3300461E+003  0.0000000E+000  0.1276373E+000  0.1210872E+000  0.1224997E+000  0.1005149E+000  0.1075456E+000  0.2529574E+000  0.9352644E-012  0.9527960E-012  0.0000000E+000  0.0000000E+000  0.0000000E+000  0.0000000E+000 -0.1142449E+001 -0.1046584E+001 -0.8231950E+000 -0.4672894E-001 -0.1285379E-001 -0.1779596E-001 -0.9999000E+004
 210.000    29071923  0.8121500E+003  0.5831101E+003  0.5478200E+003  0.3373617E+003  0.0000000E+000  0.1312201E+000  0.1282842E+000  0.1470802E+000  0.1246716E+000  0.1229605E+000  0.2218690E+000  0.9352644E-012  0.9527960E-012  0.0000000E+000  0.0000000E+000  0.0000000E+000  0.0000000E+000 -0.4531047E+000 -0.3398253E+000 -0.3657494E+000 -0.1494499E+000 -0.3103933E-001 -0.4168846E-001 -0.9999000E+004
 240.000    28081923  0.9024900E+003  0.7169558E+003  0.5014488E+003  0.3402272E+003  0.0000000E+000  0.1255690E+000  0.1203134E+000  0.1307208E+000  0.1065214E+000  0.1110543E+000  0.2002544E+000  0.9352644E-012  0.9527960E-012  0.0000000E+000  0.0000000E+000  0.0000000E+000  0.0000000E+000 -0.8136527E+000 -0.7709682E+000 -0.6768989E+000 -0.3707575E+000 -0.8907719E-001 -0.1199526E+000 -0.9999000E+004
 270.000    27091923  0.9923500E+003  0.8194227E+003  0.4888419E+003  0.3402272E+003  0.0000000E+000  0.1489340E+000  0.1490700E+000  0.1521745E+000  0.1279582E+000  0.1255063E+000  0.2001205E+000  0.9352644E-012  0.9527960E-012  0.0000000E+000  0.0000000E+000  0.0000000E+000  0.0000000E+000 -0.4005265E+000 -0.3000124E+000 -0.3251332E+000 -0.3739875E+000 -0.1833092E+000 -0.2274518E+000 -0.9999000E+004
 300.000    27101923  0.1038160E+004  0.8540326E+003  0.5000420E+003  0.3402272E+003  0.0000000E+000  0.2212760E+000  0.2233148E+000  0.2243892E+000  0.1461554E+000  0.1361818E+000  0.2069463E+000  0.9352644E-012  0.9527960E-012  0.0000000E+000  0.0000000E+000  0.0000000E+000  0.0000000E+000 -0.6230102E-001 -0.1520638E+000 -0.1995118E+000 -0.2781875E+000 -0.2052588E+000 -0.2296111E+000 -0.9999000E+004
 330.000    26111923  0.1102560E+004  0.8869720E+003  0.5315025E+003  0.3402272E+003  0.0000000E+000  0.2626859E+000  0.2638832E+000  0.2651279E+000  0.2064675E+000  0.1644485E+000  0.2220664E+000  0.9352644E-012  0.9527960E-012  0.0000000E+000  0.0000000E+000  0.0000000E+000  0.0000000E+000 -0.2823791E-001 -0.2543510E-001 -0.6406139E-001 -0.1489038E+000 -0.1415302E+000 -0.1461795E+000 -0.9999000E+004
 360.000    26121923  0.1274170E+004  0.9080937E+003  0.6819675E+003  0.3402272E+003  0.0000000E+000  0.3439901E+000  0.3411795E+000  0.3445577E+000  0.2781156E+000  0.2745987E+000  0.3576280E+000  0.9352644E-012  0.9527960E-012  0.0000000E+000  0.0000000E+000  0.0000000E+000  0.0000000E+000 -0.7321079E-002 -0.5691346E-002 -0.3747455E-002 -0.2508479E-002 -0.2554673E-002 -0.1433759E-001 -0.9999000E+004
