    DOY     DATE    GROWTH_STG      BRANCH_NO.      NODE_NO.        RUB_ACTVN       LEAF_N/C        LEAF_P/C        MIN_LWP         O2_STRESS       TEMP_STRESS     
   1.000    01011998  END_SEED_FILL                5  0.5239337E+003  0.8805648E+000  0.5840539E-001  0.3163894E-002 -0.4513994E-001  0.9956655E+000  0.1595984E-001
   2.000    02011998  END_SEED_FILL                5  0.5239518E+003  0.8773323E+000  0.5822812E-001  0.3158030E-002 -0.4724193E-001  0.9954554E+000  0.8837851E-001
   3.000    03011998  END_SEED_FILL                5  0.5239940E+003  0.8730208E+000  0.5791257E-001  0.3140515E-002 -0.2070411E-001  0.9955058E+000  0.1141483E+000
   4.000    04011998  END_SEED_FILL                5  0.5240407E+003  0.8689298E+000  0.5767768E-001  0.3125644E-002 -0.1362251E-001  0.9949549E+000  0.8763706E-001
   5.000    05011998  END_SEED_FILL                5  0.5240901E+003  0.8682173E+000  0.5790023E-001  0.3132858E-002 -0.1510435E-001  0.9944446E+000  0.3325472E+000
   6.000    06011998  END_SEED_FILL                5  0.5241794E+003  0.8740950E+000  0.5874779E-001  0.3165982E-002 -0.1189872E-001  0.9940421E+000  0.4323353E+000
   7.000    07011998  END_SEED_FILL                5  0.5242834E+003  0.8866940E+000  0.6009407E-001  0.3224418E-002 -0.1036243E-001  0.9935998E+000  0.5222988E+000
   8.000    08011998  END_SEED_FILL                5  0.5243903E+003  0.8988976E+000  0.6122426E-001  0.3272971E-002 -0.9356823E-002  0.9935489E+000  0.3691033E+000
   9.000    09011998  END_SEED_FILL                5  0.5244472E+003  0.9039398E+000  0.6153244E-001  0.3284770E-002 -0.1405009E-001  0.9938488E+000  0.1033583E+000
  10.000    10011998  END_SEED_FILL                5  0.5244682E+003  0.9038870E+000  0.6177944E-001  0.3294639E-002 -0.1575534E-001  0.9953418E+000  0.2392660E-001
  11.000    11011998  END_SEED_FILL                5  0.5244899E+003  0.9026162E+000  0.6213284E-001  0.3309007E-002 -0.1472201E-001  0.9950154E+000  0.1030280E+000
  12.000    12011998  END_SEED_FILL                5  0.5245237E+003  0.9020829E+000  0.6250427E-001  0.3322705E-002 -0.1506470E-001  0.9948414E+000  0.1106947E+000
  13.000    13011998  END_SEED_FILL                5  0.5245628E+003  0.9018092E+000  0.6300958E-001  0.3342122E-002 -0.1331674E-001  0.9947174E+000  0.1135696E+000
  14.000    14011998  END_SEED_FILL                5  0.5245767E+003  0.9044850E+000  0.6335370E-001  0.3359370E-002 -0.1363589E-001  0.9952205E+000  0.3310513E-001
  15.000    15011998  END_SEED_FILL                5  0.5245822E+003  0.9091675E+000  0.6403767E-001  0.3398648E-002 -0.1133071E-001  0.9952508E+000  0.2568046E-001
  16.000    16011998  END_SEED_FILL                5  0.5246002E+003  0.9063665E+000  0.6401468E-001  0.3399431E-002 -0.1128712E-001  0.9951978E+000  0.9665319E-001
  17.000    17011998  END_SEED_FILL                5  0.5246212E+003  0.9056349E+000  0.6402571E-001  0.3401470E-002 -0.1062406E-001  0.9952835E+000  0.6426667E-001
  18.000    18011998  END_SEED_FILL                5  0.5246340E+003  0.9062900E+000  0.6409461E-001  0.3408357E-002 -0.1139379E-001  0.9952951E+000  0.4832805E-001
  19.000    19011998  END_SEED_FILL                5  0.5246425E+003  0.9068832E+000  0.6420862E-001  0.3419854E-002 -0.9732878E-002  0.9955043E+000  0.3707695E-001
  20.000    20011998  END_SEED_FILL                5  0.5246536E+003  0.9052921E+000  0.6402781E-001  0.3415136E-002 -0.1186152E-001  0.9956391E+000  0.6455032E-002
  21.000    21011998  END_SEED_FILL                5  0.5246618E+003  0.9043134E+000  0.6393652E-001  0.3415169E-002 -0.1602825E-001  0.9956647E+000  0.1197137E-001
  22.000    22011998  END_SEED_FILL                5  0.5246723E+003  0.9031157E+000  0.6383485E-001  0.3414979E-002 -0.1144705E-001  0.9956005E+000  0.5231744E-001
  23.000    23011998  END_SEED_FILL                5  0.5246905E+003  0.9020329E+000  0.6371817E-001  0.3412980E-002 -0.7426905E-002  0.9954282E+000  0.9028849E-001
  24.000    24011998  END_SEED_FILL                5  0.5247130E+003  0.9000969E+000  0.6344454E-001  0.3401664E-002 -0.1097697E-001  0.9953762E+000  0.3300459E-001
  25.000    25011998  END_SEED_FILL                5  0.5247237E+003  0.8989154E+000  0.6322882E-001  0.3394755E-002 -0.1373104E-001  0.9955782E+000  0.9825742E-002
  26.000    26011998  END_SEED_FILL                5  0.5247368E+003  0.8976660E+000  0.6310323E-001  0.3391873E-002 -0.1288683E-001  0.9956264E+000  0.4137202E-001
  27.000    27011998  END_SEED_FILL                5  0.5247481E+003  0.8972130E+000  0.6305534E-001  0.3394533E-002 -0.1085184E-001  0.9954048E+000  0.7692243E-001
  28.000    28011998  END_SEED_FILL                5  0.5247672E+003  0.8967820E+000  0.6300173E-001  0.3395497E-002 -0.9546871E-002  0.9953293E+000  0.8099809E-001
  29.000    29011998  END_SEED_FILL                5  0.5247962E+003  0.8952526E+000  0.6293219E-001  0.3392866E-002 -0.1309574E-001  0.9951703E+000  0.8913379E-001
  30.000    30011998  END_SEED_FILL                5  0.5248234E+003  0.8936079E+000  0.6263317E-001  0.3377331E-002 -0.1494606E-001  0.9952836E+000  0.4224685E-001
  31.000    31011998  END_SEED_FILL                5  0.5248373E+003  0.8923140E+000  0.6245794E-001  0.3369988E-002 -0.1499313E-001  0.9956192E+000  0.5198223E-002
  32.000    01021998  END_SEED_FILL                5  0.5248489E+003  0.8926836E+000  0.6250723E-001  0.3374951E-002 -0.2412627E-001  0.9957134E+000  0.6376338E-002
  33.000    02021998  END_SEED_FILL                5  0.5248680E+003  0.8921427E+000  0.6264393E-001  0.3383722E-002 -0.4713563E-001  0.9955296E+000  0.1128850E+000
  34.000    03021998  END_SEED_FILL                5  0.5248929E+003  0.8924936E+000  0.6256009E-001  0.3381589E-002 -0.1537549E-001  0.9953538E+000  0.8848272E-001
  35.000    04021998  END_SEED_FILL                5  0.5249091E+003  0.8923946E+000  0.6244208E-001  0.3379710E-002 -0.9008638E-002  0.9952984E+000  0.5636343E-001
  36.000    05021998  END_SEED_FILL                5  0.5249253E+003  0.8911054E+000  0.6227806E-001  0.3374514E-002 -0.9638866E-002  0.9952065E+000  0.7026493E-001
  37.000    06021998  END_SEED_FILL                5  0.5249419E+003  0.8895939E+000  0.6208124E-001  0.3366892E-002 -0.1154443E-001  0.9953151E+000  0.4387482E-001
  38.000    07021998  END_SEED_FILL                5  0.5249506E+003  0.8906491E+000  0.6215674E-001  0.3375923E-002 -0.1160872E-001  0.9954220E+000  0.4044770E-001
  39.000    08021998  END_SEED_FILL                5  0.5249696E+003  0.8898308E+000  0.6216718E-001  0.3379403E-002 -0.1420454E-001  0.9952785E+000  0.4558596E-001
  40.000    09021998  END_SEED_FILL                5  0.5249794E+003  0.8905621E+000  0.6211440E-001  0.3381504E-002 -0.1251933E-001  0.9956214E+000  0.7148015E-002
  41.000    10021998  END_SEED_FILL                5  0.5249964E+003  0.8901231E+000  0.6212270E-001  0.3385392E-002 -0.1252996E-001  0.9955865E+000  0.2313677E-001
  42.000    11021998  END_SEED_FILL                5  0.5250241E+003  0.8891535E+000  0.6230832E-001  0.3396641E-002 -0.1400981E-001  0.9949022E+000  0.2785048E+000
  43.000    12021998  END_SEED_FILL                5  0.5250729E+003  0.8952821E+000  0.6273071E-001  0.3419503E-002 -0.1538819E-001  0.9949577E+000  0.8838591E-001
  44.000    13021998  END_SEED_FILL                5  0.5250919E+003  0.8969205E+000  0.6268212E-001  0.3422400E-002 -0.1218843E-001  0.9951035E+000  0.9210898E-001
  45.000    14021998  END_SEED_FILL                5  0.5251113E+003  0.8965533E+000  0.6246096E-001  0.3415323E-002 -0.1376137E-001  0.9954893E+000  0.8418651E-002
  46.000    15021998  END_SEED_FILL                5  0.5251252E+003  0.8955896E+000  0.6230855E-001  0.3411314E-002 -0.1264943E-001  0.9954802E+000  0.4333703E-001
  47.000    16021998  END_SEED_FILL                5  0.5251427E+003  0.8941584E+000  0.6235353E-001  0.3416717E-002 -0.1152521E-001  0.9949130E+000  0.2147656E+000
  48.000    17021998  END_SEED_FILL                5  0.5252171E+003  0.8956416E+000  0.6315976E-001  0.3450345E-002 -0.1208470E-001  0.9942031E+000  0.2752441E+000
  49.000    18021998  END_SEED_FILL                5  0.5252661E+003  0.9034028E+000  0.6389034E-001  0.3486007E-002 -0.1190655E-001  0.9945826E+000  0.1715731E+000
  50.000    19021998  END_SEED_FILL                5  0.5253040E+003  0.9062118E+000  0.6421268E-001  0.3501355E-002 -0.1442706E-001  0.9946337E+000  0.1018249E+000
  51.000    20021998  END_SEED_FILL                5  0.5253464E+003  0.9062882E+000  0.6448853E-001  0.3511058E-002 -0.1689156E-001  0.9946917E+000  0.1313967E+000
  52.000    21021998  END_SEED_FILL                5  0.5253788E+003  0.9082206E+000  0.6485312E-001  0.3526820E-002 -0.1592094E-001  0.9949101E+000  0.8330738E-001
  53.000    22021998  END_SEED_FILL                5  0.5254048E+003  0.9085094E+000  0.6518479E-001  0.3541262E-002 -0.1645245E-001  0.9950684E+000  0.1217268E+000
  54.000    23021998  END_SEED_FILL                5  0.5254255E+003  0.9087966E+000  0.6541038E-001  0.3551854E-002 -0.1165205E-001  0.9952010E+000  0.9419413E-001
  55.000    24021998  END_SEED_FILL                5  0.5254613E+003  0.9087661E+000  0.6581531E-001  0.3568492E-002 -0.1876026E-001  0.9949675E+000  0.1130891E+000
  56.000    25021998  END_SEED_FILL                5  0.5255000E+003  0.9091635E+000  0.6624629E-001  0.3585228E-002 -0.1674584E-001  0.9946514E+000  0.8884650E-001
  57.000    26021998  END_SEED_FILL                5  0.5255350E+003  0.9092128E+000  0.6666901E-001  0.3601764E-002 -0.1730514E-001  0.9944810E+000  0.8301772E-001
  58.000    27021998  END_SEED_FILL                5  0.5255799E+003  0.9089513E+000  0.6739281E-001  0.3631304E-002 -0.1215503E-001  0.9944757E+000  0.2323487E+000
  59.000    28021998  END_SEED_FILL                5  0.5256522E+003  0.9137666E+000  0.6844823E-001  0.3673734E-002 -0.1545586E-001  0.9940823E+000  0.1799250E+000
  60.000    01031998  END_SEED_FILL                5  0.5257021E+003  0.9176277E+000  0.6920161E-001  0.3705497E-002 -0.1539043E-001  0.9945056E+000  0.1618428E+000
  61.000    02031998  END_SEED_FILL                5  0.5257395E+003  0.9187106E+000  0.6955286E-001  0.3718039E-002 -0.2432497E-001  0.9947527E+000  0.6796649E-001
  62.000    03031998  END_SEED_FILL                5  0.5257587E+003  0.9186780E+000  0.6979387E-001  0.3728700E-002 -0.1665396E-001  0.9952530E+000  0.1297160E-001
  63.000    04031998  END_SEED_FILL                5  0.5257748E+003  0.9167299E+000  0.6986270E-001  0.3730274E-002 -0.2286509E-001  0.9954627E+000  0.9237453E-002
  64.000    05031998  END_SEED_FILL                5  0.5257987E+003  0.9159079E+000  0.7019290E-001  0.3744593E-002 -0.1523641E-001  0.9952038E+000  0.5125746E-001
  65.000    06031998  END_SEED_FILL                5  0.5258249E+003  0.9135345E+000  0.7020560E-001  0.3742285E-002 -0.1724177E-001  0.9949438E+000  0.1116009E+000
  66.000    07031998  END_SEED_FILL                5  0.5258706E+003  0.9144921E+000  0.7087036E-001  0.3769526E-002 -0.1626631E-001  0.9946331E+000  0.1905301E+000
  67.000    08031998  END_SEED_FILL                5  0.5259314E+003  0.9177871E+000  0.7196989E-001  0.3816852E-002 -0.1189998E-001  0.9943318E+000  0.3075792E+000
  68.000    09031998  END_SEED_FILL                5  0.5259977E+003  0.9238350E+000  0.7298192E-001  0.3859470E-002 -0.1596169E-001  0.9934631E+000  0.1320917E+000
  69.000    10031998  END_SEED_FILL                5  0.5260167E+003  0.9241941E+000  0.7294401E-001  0.3858496E-002 -0.2367351E-001  0.9949787E+000  0.9790248E-002
  70.000    11031998  END_SEED_FILL                5  0.5260245E+003  0.9243660E+000  0.7314951E-001  0.3872712E-002 -0.1677777E-001  0.9956394E+000  0.9725359E-002
  71.000    12031998  END_SEED_FILL                5  0.5260295E+003  0.9250220E+000  0.7332999E-001  0.3887519E-002 -0.1356259E-001  0.9956928E+000  0.1856189E-002
  72.000    13031998  END_SEED_FILL                5  0.5260405E+003  0.9232549E+000  0.7311115E-001  0.3880293E-002 -0.8302194E-001  0.9956194E+000  0.2501213E-001
  73.000    14031998  END_SEED_FILL                5  0.5260783E+003  0.9211947E+000  0.7324200E-001  0.3884700E-002 -0.4674310E-001  0.9953836E+000  0.1264998E+000
  74.000    15031998  END_SEED_FILL                5  0.5261078E+003  0.9203028E+000  0.7289664E-001  0.3867983E-002 -0.2109345E-001  0.9952287E+000  0.6662842E-001
  75.000    16031998  END_SEED_FILL                5  0.5261252E+003  0.9185979E+000  0.7255903E-001  0.3854613E-002 -0.1291609E-001  0.9952761E+000  0.5332567E-001
  76.000    17031998  END_SEED_FILL                5  0.5261378E+003  0.9180132E+000  0.7237131E-001  0.3850237E-002 -0.1279619E-001  0.9953222E+000  0.4552140E-001
  77.000    18031998  END_SEED_FILL                5  0.5261541E+003  0.9173356E+000  0.7240977E-001  0.3856568E-002 -0.5286974E-002  0.9509592E+000  0.1531767E+000
  78.000    19031998  END_SEED_FILL                5  0.5262119E+003  0.9169775E+000  0.7271877E-001  0.3866114E-002 -0.1145001E-001  0.9936349E+000  0.1987276E+000
  79.000    20031998  END_SEED_FILL                5  0.5262743E+003  0.9174196E+000  0.7309011E-001  0.3876329E-002 -0.1937414E-001  0.9943648E+000  0.2128713E+000
  80.000    21031998  END_SEED_FILL                5  0.5263081E+003  0.9185001E+000  0.7306436E-001  0.3872525E-002 -0.1230538E-001  0.9948108E+000  0.7238473E-001
  81.000    22031998  END_SEED_FILL                5  0.5263331E+003  0.9161335E+000  0.7286354E-001  0.3859819E-002 -0.3116165E-001  0.9944927E+000  0.1824895E-001
  82.000    23031998  END_SEED_FILL                5  0.5263562E+003  0.9156593E+000  0.7305996E-001  0.3867833E-002 -0.3010468E-001  0.9951550E+000  0.9075197E-001
  83.000    24031998  END_SEED_FILL                5  0.5263932E+003  0.9151697E+000  0.7334601E-001  0.3877894E-002 -0.1840194E-001  0.9947874E+000  0.8296912E-001
  84.000    25031998  END_SEED_FILL                5  0.5264278E+003  0.9160196E+000  0.7373892E-001  0.3894948E-002 -0.2462993E-001  0.9949571E+000  0.6682182E-001
  85.000    26031998  END_SEED_FILL                5  0.5264833E+003  0.9166762E+000  0.7448798E-001  0.3924964E-002 -0.2024796E-001  0.9942852E+000  0.2582933E+000
  86.000    27031998  END_SEED_FILL                5  0.5265810E+003  0.9226997E+000  0.7623813E-001  0.3998187E-002 -0.2321114E-001  0.9938349E+000  0.3373997E+000
  87.000    28031998  END_SEED_FILL                5  0.5266812E+003  0.9295007E+000  0.7793343E-001  0.4070275E-002 -0.2304204E-001  0.9321727E+000  0.3450538E+000
  88.000    29031998  END_SEED_FILL                5  0.5267901E+003  0.9349847E+000  0.7946388E-001  0.4132442E-002 -0.2626343E-001  0.9932305E+000  0.3807859E+000
  89.000    30031998  END_SEED_FILL                5  0.5269075E+003  0.9404543E+000  0.8137101E-001  0.4210493E-002 -0.3039422E-001  0.9915727E+000  0.4186732E+000
  90.000    31031998  END_SEED_FILL                5  0.5270372E+003  0.9455814E+000  0.8351939E-001  0.4298491E-002 -0.3115395E-001  0.9931027E+000  0.4629281E+000
  91.000    01041998  END_SEED_FILL                5  0.5271464E+003  0.9495700E+000  0.8535981E-001  0.4376697E-002 -0.1693195E-001  0.9814041E+000  0.3665751E+000
  92.000    02041998  END_SEED_FILL                5  0.5272349E+003  0.9496422E+000  0.8622602E-001  0.4406703E-002 -0.2543741E-001  0.9929078E+000  0.2229429E+000
  93.000    03041998  END_SEED_FILL                5  0.5272983E+003  0.9488056E+000  0.8722905E-001  0.4446097E-002 -0.1658391E-001  0.9941777E+000  0.2507596E+000
  94.000    04041998  END_SEED_FILL                5  0.5273428E+003  0.9488160E+000  0.8800855E-001  0.4478652E-002 -0.1364116E-001  0.9944867E+000  0.1311722E+000
  95.000    05041998  END_SEED_FILL                5  0.5273815E+003  0.9459038E+000  0.8821126E-001  0.4481166E-002 -0.4296577E-001  0.9951184E+000  0.2463862E-001
  96.000    06041998  END_SEED_FILL                5  0.5274263E+003  0.9446875E+000  0.8902198E-001  0.4511878E-002 -0.3269863E-001  0.9938011E+000  0.5864217E-001
  97.000    07041998  END_SEED_FILL                5  0.5274940E+003  0.9440407E+000  0.9028945E-001  0.4560499E-002 -0.2587083E-001  0.9939887E+000  0.2953355E+000
  98.000    08041998  END_SEED_FILL                5  0.5276130E+003  0.9469415E+000  0.9237060E-001  0.4639618E-002 -0.3765444E-001  0.9937811E+000  0.3544350E+000
  99.000    09041998  END_SEED_FILL                5  0.5277013E+003  0.9474155E+000  0.9340904E-001  0.4677291E-002 -0.2413244E-001  0.2549722E+000  0.2128608E+000
 100.000    10041998  END_SEED_FILL                5  0.5277364E+003  0.9471183E+000  0.9324515E-001  0.4669582E-002 -0.1692277E-001  0.7943780E+000  0.7188234E-001
 101.000    11041998  END_SEED_FILL                5  0.5277786E+003  0.9456147E+000  0.9353588E-001  0.4681045E-002 -0.4790459E-001  0.9943454E+000  0.4338895E-001
 102.000    12041998  END_SEED_FILL                5  0.5278245E+003  0.9442287E+000  0.9365253E-001  0.4682675E-002 -0.3670667E-001  0.9949444E+000  0.5359356E-001
 103.000    13041998  END_SEED_FILL                5  0.5278819E+003  0.9436133E+000  0.9434367E-001  0.4709971E-002 -0.3365350E-001  0.9943859E+000  0.1985550E+000
 104.000    14041998  END_SEED_FILL                5  0.5279363E+003  0.9441414E+000  0.9532441E-001  0.4755497E-002 -0.1116214E-001  0.9940789E+000  0.2793943E+000
 105.000    15041998  END_SEED_FILL                5  0.5280432E+003  0.9480521E+000  0.9704945E-001  0.4825279E-002 -0.4584900E-001  0.9940257E+000  0.3724517E+000
 106.000    16041998  END_SEED_FILL                5  0.5281600E+003  0.9523184E+000  0.9902870E-001  0.4909360E-002 -0.3385000E-001  0.9932522E+000  0.4194257E+000
 107.000    17041998  END_SEED_FILL                5  0.5282742E+003  0.9546002E+000  0.1006618E+000  0.4980836E-002 -0.1403258E-001  0.9937430E+000  0.4344437E+000
 108.000    18041998  END_SEED_FILL                5  0.5283318E+003  0.9548513E+000  0.1001632E+000  0.4962287E-002 -0.1532978E-001  0.9941885E+000  0.2037578E+000
 109.000    19041998  END_SEED_FILL                5  0.5284001E+003  0.9554726E+000  0.1010147E+000  0.5003598E-002 -0.1726100E-001  0.9939681E+000  0.2515336E+000
 110.000    20041998  END_SEED_FILL                5  0.5284684E+003  0.9529404E+000  0.1006811E+000  0.4984209E-002 -0.4247614E-001  0.9915168E+000  0.1787059E+000
 111.000    21041998  EMERGENCE                    5  0.5285265E+003  0.9512201E+000  0.1007286E+000  0.4983108E-002 -0.3848728E-001  0.7990284E+000  0.1682884E+000
 112.000    22041998  EMERGENCE                    5  0.5285679E+003  0.9469456E+000  0.1004843E+000  0.4971728E-002 -0.1684059E-001  0.9938795E+000  0.1559130E+000
 113.000    23041998  EMERGENCE                    5  0.5286261E+003  0.9417911E+000  0.1005024E+000  0.4967181E-002 -0.2901122E-001  0.9938438E+000  0.1596315E+000
 114.000    24041998  EMERGENCE                    5  0.5286999E+003  0.9374674E+000  0.1008861E+000  0.4976297E-002 -0.4521107E-001  0.9941805E+000  0.2160234E+000
 115.000    25041998  EMERGENCE                    5  0.5287939E+003  0.9319616E+000  0.1012666E+000  0.4980953E-002 -0.3618633E-001  0.9938663E+000  0.2430747E+000
 116.000    26041998  EMERGENCE                    5  0.5288886E+003  0.9306733E+000  0.1024856E+000  0.5029241E-002 -0.4626782E-001  0.9936233E+000  0.2776906E+000
 117.000    27041998  EMERGENCE                    5  0.5289420E+003  0.9278612E+000  0.1018145E+000  0.4998352E-002 -0.3482921E-001  0.9942616E+000  0.1158729E+000
 118.000    28041998  EMERGENCE                    5  0.5289922E+003  0.9232171E+000  0.1015322E+000  0.4983626E-002 -0.4903569E-001  0.7881322E+000  0.1159311E+000
 119.000    29041998  EMERGENCE                    5  0.5290546E+003  0.9213543E+000  0.1020105E+000  0.5002177E-002 -0.4703025E-001  0.9941856E+000  0.2279450E+000
 120.000    30041998  EMERGENCE                    5  0.5291341E+003  0.9213884E+000  0.1032188E+000  0.5054624E-002 -0.1712427E-001  0.9888538E+000  0.3318810E+000
 121.000    01051998  EMERGENCE                    5  0.5292289E+003  0.9199967E+000  0.1038640E+000  0.5078337E-002 -0.2745982E-001  0.9601862E+000  0.2674249E+000
 122.000    02051998  EMERGENCE                    5  0.5293078E+003  0.9211553E+000  0.1043443E+000  0.5100936E-002 -0.3150269E-001  0.9936493E+000  0.2611270E+000
 123.000    03051998  EMERGENCE                    5  0.5294002E+003  0.9200388E+000  0.1047638E+000  0.5117535E-002 -0.3678990E-001  0.9913579E+000  0.2756742E+000
 124.000    04051998  EMERGENCE                    5  0.5294930E+003  0.9169731E+000  0.1047663E+000  0.5113529E-002 -0.3734648E-001  0.9936494E+000  0.2737722E+000
 125.000    05051998  EMERGENCE                    5  0.5295762E+003  0.9128212E+000  0.1039978E+000  0.5072468E-002 -0.1126729E+000  0.9934617E+000  0.1570136E+000
 126.000    06051998  EMERGENCE                    5  0.5296742E+003  0.9075913E+000  0.1039587E+000  0.5059005E-002 -0.1454981E+000  0.9941801E+000  0.2390943E+000
 127.000    07051998  EMERGENCE                    5  0.5297723E+003  0.9065831E+000  0.1050942E+000  0.5103764E-002 -0.1809714E-001  0.9926615E+000  0.3854271E+000
 128.000    08051998  EMERGENCE                    5  0.5298816E+003  0.9065524E+000  0.1054799E+000  0.5113290E-002 -0.4613470E-001  0.9939486E+000  0.2757898E+000
 129.000    09051998  EMERGENCE                    5  0.5299831E+003  0.9054538E+000  0.1055000E+000  0.5107375E-002 -0.4857231E-001  0.9923749E+000  0.2781653E+000
 130.000    10051998  EMERGENCE                    5  0.5300703E+003  0.9043626E+000  0.1043984E+000  0.5050915E-002 -0.2320288E-001  0.9931541E+000  0.3688098E+000
 131.000    11051998  EMERGENCE                    5  0.5301608E+003  0.9047643E+000  0.1039426E+000  0.5024751E-002 -0.2685273E-001  0.9934915E+000  0.3101955E+000
 132.000    12051998  EMERGENCE                    5  0.5302367E+003  0.9062973E+000  0.1037864E+000  0.5017719E-002 -0.1932254E-001  0.2468435E+000  0.2704493E+000
 133.000    13051998  EMERGENCE                    5  0.5303129E+003  0.9055553E+000  0.1034585E+000  0.5002639E-002 -0.2947253E-001  0.9924475E+000  0.2163818E+000
 134.000    14051998  EMERGENCE                    5  0.5304104E+003  0.9049907E+000  0.1031143E+000  0.4982538E-002 -0.5037570E-001  0.9938214E+000  0.2094602E+000
 135.000    15051998  EMERGENCE                    5  0.5305238E+003  0.9043424E+000  0.1027811E+000  0.4960965E-002 -0.3021095E-001  0.2444622E+000  0.3001681E+000
 136.000    16051998  EMERGENCE                    5  0.5306828E+003  0.9029466E+000  0.1027062E+000  0.4944784E-002 -0.4326652E-001  0.9933129E+000  0.6260047E+000
 137.000    17051998  EMERGENCE                    5  0.5308397E+003  0.9068409E+000  0.1024761E+000  0.4930088E-002 -0.5004149E-001  0.9811678E+000  0.3917435E+000
 138.000    18051998  EMERGENCE                    5  0.5309775E+003  0.8991660E+000  0.1004042E+000  0.4827267E-002 -0.2009861E+000  0.9932721E+000  0.2598648E+000
 139.000    19051998  EMERGENCE                    5  0.5311247E+003  0.9017723E+000  0.9953065E-001  0.4775374E-002 -0.2247861E+000  0.9930499E+000  0.4702194E+000
 140.000    20051998  EMERGENCE                    5  0.5312742E+003  0.9192398E+000  0.9950439E-001  0.4766764E-002 -0.2073573E+000  0.9930154E+000  0.4623043E+000
 141.000    21051998  EMERGENCE                    5  0.5314357E+003  0.9222502E+000  0.9825717E-001  0.4697016E-002 -0.1957305E+000  0.9935476E+000  0.3800420E+000
 142.000    22051998  EMERGENCE                    5  0.5315490E+003  0.9243839E+000  0.9750047E-001  0.4658328E-002 -0.1231145E+000  0.9935164E+000  0.4402426E+000
 143.000    23051998  EMERGENCE                    5  0.5316394E+003  0.9217318E+000  0.9605437E-001  0.4589319E-002 -0.1759385E-001  0.9932629E+000  0.3315190E+000
 144.000    24051998  EMERGENCE                    5  0.5317472E+003  0.9219401E+000  0.9609842E-001  0.4587189E-002 -0.4116392E-001  0.9936243E+000  0.4967968E+000
 145.000    25051998  EMERGENCE                    5  0.5319165E+003  0.9251575E+000  0.9607914E-001  0.4578128E-002 -0.5498196E-001  0.9934077E+000  0.4785582E+000
 146.000    26051998  EMERGENCE                    5  0.5320728E+003  0.9254646E+000  0.9554007E-001  0.4551229E-002 -0.4791964E-001  0.9933262E+000  0.5462032E+000
 147.000    27051998  EMERGENCE                    5  0.5322339E+003  0.9257843E+000  0.9467139E-001  0.4510407E-002 -0.4571805E-001  0.9909180E+000  0.5603923E+000
 148.000    28051998  EMERGENCE                    5  0.5323838E+003  0.9231687E+000  0.9282918E-001  0.4426525E-002 -0.4583928E-001  0.9932273E+000  0.4792726E+000
 149.000    29051998  EMERGENCE                    5  0.5325468E+003  0.9206017E+000  0.9183320E-001  0.4381791E-002 -0.4796058E-001  0.9931820E+000  0.5780217E+000
 150.000    30051998  EMERGENCE                    5  0.5327398E+003  0.9045281E+000  0.8895342E-001  0.4241243E-002 -0.2251909E+000  0.9921114E+000  0.4708945E+000
 151.000    31051998  EMERGENCE                    5  0.5329229E+003  0.8961737E+000  0.8715636E-001  0.4150320E-002 -0.1860734E+000  0.9924817E+000  0.7062020E+000
 152.000    01061998  FLORAL_INIT.                 5  0.5331064E+003  0.8904110E+000  0.8530478E-001  0.4059435E-002 -0.1967485E+000  0.9928004E+000  0.4135058E+000
 153.000    02061998  FLORAL_INIT.                 5  0.5332677E+003  0.8808630E+000  0.8339529E-001  0.3966554E-002 -0.2045104E+000  0.9924041E+000  0.5074689E+000
 154.000    03061998  FLORAL_INIT.                 5  0.5334497E+003  0.8775681E+000  0.8205679E-001  0.3900404E-002 -0.2518886E+000  0.9924694E+000  0.4771926E+000
 155.000    04061998  FLORAL_INIT.                 5  0.5335750E+003  0.8759063E+000  0.8109735E-001  0.3860543E-002 -0.2264473E-001  0.9925922E+000  0.5311070E+000
 156.000    05061998  FLORAL_INIT.                 5  0.5337088E+003  0.8783688E+000  0.8051663E-001  0.3841100E-002 -0.1200087E-001  0.9934731E+000  0.4750673E+000
 157.000    06061998  FLORAL_INIT.                 5  0.5338031E+003  0.8731163E+000  0.7916746E-001  0.3789667E-002 -0.1628876E-001  0.9939680E+000  0.3173809E+000
 158.000    07061998  FLORAL_INIT.                 5  0.5338783E+003  0.8673860E+000  0.7795315E-001  0.3744359E-002 -0.4135801E-001  0.2469866E+000  0.1209586E+000
 159.000    08061998  FLORAL_INIT.                 5  0.5339668E+003  0.8616367E+000  0.7690491E-001  0.3704011E-002 -0.4464368E-001  0.9939788E+000  0.3007966E+000
 160.000    09061998  FLORAL_INIT.                 5  0.5340654E+003  0.8589885E+000  0.7602381E-001  0.3670715E-002 -0.1531233E-001  0.9937901E+000  0.4337804E+000
 161.000    10061998  FLORAL_INIT.                 5  0.5342065E+003  0.8543353E+000  0.7483967E-001  0.3619036E-002 -0.3890554E-001  0.9918782E+000  0.5484653E+000
 162.000    11061998  FLORAL_INIT.                 5  0.5343691E+003  0.8457472E+000  0.7324567E-001  0.3545975E-002 -0.4592686E-001  0.9929860E+000  0.5996020E+000
 163.000    12061998  FLORAL_INIT.                 5  0.5345661E+003  0.8395520E+000  0.7186402E-001  0.3481082E-002 -0.4048013E-001  0.9930400E+000  0.6243281E+000
 164.000    13061998  FLORAL_INIT.                 5  0.5347376E+003  0.8349254E+000  0.7054426E-001  0.3421975E-002 -0.3444989E-001  0.9930919E+000  0.3711755E+000
 165.000    14061998  FLORAL_INIT.                 5  0.5348690E+003  0.8184471E+000  0.6913706E-001  0.3359407E-002 -0.4061078E-001  0.9933807E+000  0.4470452E+000
 166.000    15061998  FLORAL_INIT.                 5  0.5350378E+003  0.8101988E+000  0.6834626E-001  0.3323445E-002 -0.4515269E-001  0.9815903E+000  0.6257681E+000
 167.000    16061998  FLORAL_INIT.                 5  0.5352084E+003  0.7995960E+000  0.6748599E-001  0.3285315E-002 -0.4545407E-001  0.9892483E+000  0.5653730E+000
 168.000    17061998  JOINTING                     5  0.5353577E+003  0.7869847E+000  0.6617119E-001  0.3225869E-002 -0.3613616E-001  0.9909293E+000  0.4006194E+000
 169.000    18061998  JOINTING                     5  0.5355106E+003  0.7750293E+000  0.6495833E-001  0.3169925E-002 -0.3986093E-001  0.9932737E+000  0.5060293E+000
 170.000    19061998  JOINTING                     5  0.5356803E+003  0.7784219E+000  0.6458214E-001  0.3154673E-002 -0.1848015E+000  0.9917693E+000  0.6529524E+000
 171.000    20061998  JOINTING                     5  0.5358561E+003  0.7664393E+000  0.6334117E-001  0.3097943E-002 -0.2438580E+000  0.9926004E+000  0.4207640E+000
 172.000    21061998  JOINTING                     5  0.5360294E+003  0.7619311E+000  0.6265741E-001  0.3067968E-002 -0.2932155E+000  0.9826318E+000  0.6268876E+000
 173.000    22061998  JOINTING                     5  0.5362160E+003  0.7507911E+000  0.6149411E-001  0.3013652E-002 -0.2507943E+000  0.9931120E+000  0.5880068E+000
 174.000    23061998  JOINTING                     5  0.5364047E+003  0.7438818E+000  0.6055141E-001  0.2970082E-002 -0.2336100E+000  0.9927916E+000  0.5219968E+000
 175.000    24061998  JOINTING                     5  0.5365774E+003  0.7328165E+000  0.5987206E-001  0.2940874E-002 -0.2080028E+000  0.9923505E+000  0.5159181E+000
 176.000    25061998  JOINTING                     5  0.5367718E+003  0.7269698E+000  0.5928864E-001  0.2915915E-002 -0.2973593E+000  0.9923519E+000  0.5720213E+000
 177.000    26061998  JOINTING                     5  0.5369884E+003  0.7139674E+000  0.5832364E-001  0.2870882E-002 -0.2926645E+000  0.9927352E+000  0.7710027E+000
 178.000    27061998  JOINTING                     5  0.5372175E+003  0.7130798E+000  0.5795197E-001  0.2855512E-002 -0.2767689E+000  0.9927879E+000  0.7565465E+000
 179.000    28061998  JOINTING                     5  0.5374156E+003  0.7080016E+000  0.5730441E-001  0.2828849E-002 -0.2183830E+000  0.9920646E+000  0.6666948E+000
 180.000    29061998  ELONGATION                   5  0.5376099E+003  0.6976333E+000  0.5671785E-001  0.2804937E-002 -0.2346641E+000  0.9925850E+000  0.6656117E+000
 181.000    30061998  ELONGATION                   5  0.5378042E+003  0.7052441E+000  0.5655627E-001  0.2803721E-002 -0.2827649E+000  0.9930744E+000  0.6163254E+000
 182.000    01071998  ELONGATION                   5  0.5379486E+003  0.7144625E+000  0.5661649E-001  0.2817142E-002 -0.4089467E-001  0.9919008E+000  0.5217631E+000
 183.000    02071998  ELONGATION                   5  0.5381041E+003  0.7111768E+000  0.5601764E-001  0.2796740E-002 -0.1927422E+000  0.9934202E+000  0.4710560E+000
 184.000    03071998  ELONGATION                   5  0.5382695E+003  0.7042946E+000  0.5523201E-001  0.2764276E-002 -0.2746190E+000  0.9931751E+000  0.4579214E+000
 185.000    04071998  ELONGATION                   5  0.5384498E+003  0.7008557E+000  0.5468067E-001  0.2741422E-002 -0.2040074E+000  0.9928833E+000  0.6668427E+000
 186.000    05071998  ELONGATION                   5  0.5386192E+003  0.7058556E+000  0.5455265E-001  0.2741773E-002 -0.2297323E+000  0.9931499E+000  0.5496175E+000
 187.000    06071998  ELONGATION                   5  0.5387766E+003  0.7043761E+000  0.5409999E-001  0.2727049E-002 -0.2967696E+000  0.9934008E+000  0.4002066E+000
 188.000    07071998  ELONGATION                   5  0.5389361E+003  0.6898064E+000  0.5334106E-001  0.2695594E-002 -0.2966281E+000  0.9932848E+000  0.5161669E+000
 189.000    08071998  ELONGATION                   5  0.5391141E+003  0.6925553E+000  0.5310906E-001  0.2690054E-002 -0.1877218E+000  0.9930552E+000  0.7207348E+000
 190.000    09071998  ELONGATION                   5  0.5393153E+003  0.6941276E+000  0.5260978E-001  0.2670859E-002 -0.2839338E+000  0.9929979E+000  0.7154875E+000
 191.000    10071998  ELONGATION                   5  0.5395021E+003  0.6928573E+000  0.5196711E-001  0.2644197E-002 -0.3153084E+000  0.9932335E+000  0.5112665E+000
 192.000    11071998  ELONGATION                   5  0.5396545E+003  0.6940341E+000  0.5151664E-001  0.2627506E-002 -0.3359220E+000  0.9933838E+000  0.4745339E+000
 193.000    12071998  ELONGATION                   5  0.5398005E+003  0.7010912E+000  0.5140059E-001  0.2627973E-002 -0.2294775E+000  0.9934765E+000  0.4503306E+000
 194.000    13071998  ELONGATION                   5  0.5399427E+003  0.7022418E+000  0.5104014E-001  0.2616570E-002 -0.2059198E+000  0.9935075E+000  0.3930932E+000
 195.000    14071998  ELONGATION                   5  0.5400924E+003  0.6980097E+000  0.5048566E-001  0.2594268E-002 -0.3356480E+000  0.9935508E+000  0.4057067E+000
 196.000    15071998  ELONGATION                   5  0.5402608E+003  0.6995595E+000  0.5032041E-001  0.2590782E-002 -0.3864680E+000  0.9931677E+000  0.6079078E+000
 197.000    16071998  ELONGATION                   5  0.5404539E+003  0.7053591E+000  0.5029904E-001  0.2595191E-002 -0.2910242E+000  0.9930715E+000  0.6841948E+000
 198.000    17071998  ELONGATION                   5  0.5406446E+003  0.7073416E+000  0.5010741E-001  0.2591915E-002 -0.2893055E+000  0.9930352E+000  0.6670157E+000
 199.000    18071998  ELONGATION                   5  0.5408112E+003  0.7117227E+000  0.4994554E-001  0.2591472E-002 -0.4285909E+000  0.9934041E+000  0.4676850E+000
 200.000    19071998  ELONGATION                   5  0.5409923E+003  0.7116730E+000  0.4974954E-001  0.2587051E-002 -0.3089598E+000  0.9930321E+000  0.6334796E+000
 201.000    20071998  ELONGATION                   5  0.5411873E+003  0.7092228E+000  0.4947341E-001  0.2576850E-002 -0.3662320E+000  0.9930690E+000  0.6375404E+000
 202.000    21071998  ELONGATION                   5  0.5413890E+003  0.7078042E+000  0.4932417E-001  0.2571004E-002 -0.3798616E+000  0.9928313E+000  0.7390196E+000
 203.000    22071998  ELONGATION                   5  0.5415929E+003  0.7069373E+000  0.4912369E-001  0.2561031E-002 -0.4131780E+000  0.9930514E+000  0.6764772E+000
 204.000    23071998  ELONGATION                   5  0.5417875E+003  0.7261839E+000  0.4992960E-001  0.2604424E-002 -0.4069943E+000  0.9930523E+000  0.7198976E+000
 205.000    24071998  ELONGATION                   5  0.5419819E+003  0.7259123E+000  0.4981223E-001  0.2599379E-002 -0.5264563E+000  0.9931139E+000  0.6659286E+000
 206.000    25071998  ANTHESIS                     5  0.5421605E+003  0.7386288E+000  0.5033785E-001  0.2627811E-002 -0.3004172E+000  0.9930644E+000  0.6185442E+000
 207.000    26071998  ANTHESIS                     5  0.5423260E+003  0.7492898E+000  0.5076228E-001  0.2651978E-002 -0.4513785E+000  0.9932425E+000  0.5900221E+000
 208.000    27071998  ANTHESIS                     5  0.5424780E+003  0.7579340E+000  0.5112340E-001  0.2673775E-002 -0.2806557E+000  0.9932653E+000  0.6245929E+000
 209.000    28071998  ANTHESIS                     5  0.5426515E+003  0.7489679E+000  0.5073305E-001  0.2652799E-002 -0.4617178E+000  0.9931122E+000  0.6212902E+000
 210.000    29071998  ANTHESIS                     5  0.5428478E+003  0.7406102E+000  0.5042328E-001  0.2631855E-002 -0.5898279E+000  0.9930730E+000  0.5745784E+000
 211.000    30071998  ANTHESIS                     5  0.5430184E+003  0.7495300E+000  0.5096928E-001  0.2656802E-002 -0.4263210E+000  0.9930569E+000  0.7236159E+000
 212.000    31071998  ANTHESIS                     5  0.5431824E+003  0.7556536E+000  0.5123135E-001  0.2668684E-002 -0.3077031E+000  0.9933397E+000  0.5250939E+000
 213.000    01081998  ANTHESIS                     5  0.5433241E+003  0.7494884E+000  0.5093896E-001  0.2652007E-002 -0.4890224E+000  0.9935696E+000  0.4020863E+000
 214.000    02081998  ANTHESIS                     5  0.5434541E+003  0.7499553E+000  0.5098140E-001  0.2653167E-002 -0.5429630E+000  0.9936632E+000  0.3846834E+000
 215.000    03081998  SEED_FILL                    5  0.5435873E+003  0.7510043E+000  0.5101838E-001  0.2655096E-002 -0.7273078E+000  0.9937802E+000  0.3164086E+000
 216.000    04081998  SEED_FILL                    5  0.5437244E+003  0.7504209E+000  0.5090030E-001  0.2649566E-002 -0.8762201E+000  0.9935866E+000  0.3541004E+000
 217.000    05081998  SEED_FILL                    5  0.5438641E+003  0.7443826E+000  0.5045420E-001  0.2626380E-002 -0.8647808E+000  0.9936299E+000  0.3264921E+000
 218.000    06081998  SEED_FILL                    5  0.5440095E+003  0.7421569E+000  0.5035174E-001  0.2620681E-002 -0.1116421E+001  0.9146168E+000  0.4790087E+000
 219.000    07081998  SEED_FILL                    5  0.5441612E+003  0.7430286E+000  0.5032801E-001  0.2621074E-002 -0.7562843E+000  0.9059793E+000  0.7073836E+000
 220.000    08081998  SEED_FILL                    5  0.5443590E+003  0.7421561E+000  0.5020547E-001  0.2616400E-002 -0.9214944E+000  0.9047252E+000  0.6835955E+000
 221.000    09081998  SEED_FILL                    5  0.5445395E+003  0.7464243E+000  0.5027877E-001  0.2625401E-002 -0.1256825E+001  0.9932226E+000  0.6070245E+000
 222.000    10081998  SEED_FILL                    5  0.5446899E+003  0.7507598E+000  0.5033036E-001  0.2634045E-002 -0.2519846E+000  0.9923180E+000  0.6229919E+000
 223.000    11081998  SEED_FILL                    5  0.5448533E+003  0.7608278E+000  0.5071374E-001  0.2658103E-002 -0.2809931E-001  0.9930256E+000  0.6007407E+000
 224.000    12081998  SEED_FILL                    5  0.5450039E+003  0.7533879E+000  0.5029521E-001  0.2638139E-002 -0.2905295E-001  0.9931010E+000  0.5619296E+000
 225.000    13081998  END_SEED_FILL                5  0.5451562E+003  0.7609174E+000  0.5070719E-001  0.2660265E-002 -0.2899572E-001  0.9931356E+000  0.5807283E+000
 226.000    14081998  END_SEED_FILL                5  0.5453012E+003  0.7563516E+000  0.5051694E-001  0.2648765E-002 -0.3169827E-001  0.9914304E+000  0.4848527E+000
 227.000    15081998  END_SEED_FILL                5  0.5454580E+003  0.7543394E+000  0.5052280E-001  0.2643536E-002 -0.1292418E+000  0.9911423E+000  0.6000553E+000
 228.000    16081998  END_SEED_FILL                5  0.5456364E+003  0.7550461E+000  0.5073161E-001  0.2647408E-002 -0.2365754E+000  0.9931118E+000  0.6606659E+000
 229.000    17081998  END_SEED_FILL                5  0.5458032E+003  0.7682498E+000  0.5143044E-001  0.2678999E-002 -0.6039531E-001  0.9927652E+000  0.6722044E+000
 230.000    18081998  END_SEED_FILL                5  0.5459819E+003  0.7618431E+000  0.5119642E-001  0.2660345E-002 -0.1777065E+000  0.9927604E+000  0.6430950E+000
 231.000    19081998  END_SEED_FILL                5  0.5461335E+003  0.7604760E+000  0.5121928E-001  0.2654341E-002 -0.1817848E+000  0.9935146E+000  0.3137344E+000
 232.000    20081998  END_SEED_FILL                5  0.5462437E+003  0.7593862E+000  0.5132272E-001  0.2655189E-002 -0.2876759E+000  0.9938957E+000  0.2553500E+000
 233.000    21081998  END_SEED_FILL                5  0.5463690E+003  0.7491923E+000  0.5098392E-001  0.2632450E-002 -0.2886904E+000  0.9937760E+000  0.3210596E+000
 234.000    22081998  END_SEED_FILL                5  0.5465236E+003  0.7422341E+000  0.5080021E-001  0.2615864E-002 -0.2798605E+000  0.9933825E+000  0.5004139E+000
 235.000    23081998  END_SEED_FILL                5  0.5466915E+003  0.7409622E+000  0.5087265E-001  0.2613072E-002 -0.2744961E+000  0.9932494E+000  0.5754455E+000
 236.000    24081998  END_SEED_FILL                5  0.5468828E+003  0.7479664E+000  0.5134346E-001  0.2632109E-002 -0.3556370E+000  0.9930987E+000  0.6191619E+000
 237.000    25081998  END_SEED_FILL                5  0.5470586E+003  0.7425226E+000  0.5106861E-001  0.2614622E-002 -0.3395897E+000  0.9932176E+000  0.5766496E+000
 238.000    26081998  END_SEED_FILL                5  0.5472336E+003  0.7618443E+000  0.5201362E-001  0.2661861E-002 -0.2176557E+000  0.9929765E+000  0.7349138E+000
 239.000    27081998  END_SEED_FILL                5  0.5474110E+003  0.7781684E+000  0.5257668E-001  0.2694858E-002 -0.2127097E+000  0.9931352E+000  0.6328260E+000
 240.000    28081998  END_SEED_FILL                5  0.5475923E+003  0.7812764E+000  0.5268456E-001  0.2703685E-002 -0.4043660E+000  0.9931631E+000  0.6095505E+000
 241.000    29081998  END_SEED_FILL                5  0.5477840E+003  0.7898188E+000  0.5317498E-001  0.2730097E-002 -0.4382229E+000  0.9930628E+000  0.6774072E+000
 242.000    30081998  END_SEED_FILL                5  0.5479556E+003  0.7865790E+000  0.5311131E-001  0.2725461E-002 -0.2733308E+000  0.9930980E+000  0.6611454E+000
 243.000    31081998  END_SEED_FILL                5  0.5481285E+003  0.7872673E+000  0.5321407E-001  0.2725382E-002 -0.4240154E+000  0.9931704E+000  0.6153751E+000
 244.000    01091998  END_SEED_FILL                5  0.5482925E+003  0.7868993E+000  0.5334948E-001  0.2725556E-002 -0.4229907E+000  0.9932528E+000  0.5524314E+000
 245.000    02091998  END_SEED_FILL                5  0.5484548E+003  0.7890583E+000  0.5367920E-001  0.2735503E-002 -0.5270380E+000  0.9930654E+000  0.6529454E+000
 246.000    03091998  END_SEED_FILL                5  0.5485926E+003  0.8064411E+000  0.5462321E-001  0.2781506E-002 -0.4016030E+000  0.9934900E+000  0.5166015E+000
 247.000    04091998  END_SEED_FILL                5  0.5487262E+003  0.8036850E+000  0.5454253E-001  0.2776271E-002 -0.2053746E-001  0.9932832E+000  0.4865457E+000
 248.000    05091998  END_SEED_FILL                5  0.5488669E+003  0.7973389E+000  0.5434118E-001  0.2761727E-002 -0.2922576E-001  0.9932228E+000  0.4928187E+000
 249.000    06091998  END_SEED_FILL                5  0.5490148E+003  0.7976373E+000  0.5451272E-001  0.2764583E-002 -0.2739628E-001  0.2143015E+000  0.6234752E+000
 250.000    07091998  END_SEED_FILL                5  0.5491802E+003  0.8030424E+000  0.5484532E-001  0.2776730E-002 -0.3521936E-001  0.9296769E+000  0.6628980E+000
 251.000    08091998  END_SEED_FILL                5  0.5493019E+003  0.8157527E+000  0.5533593E-001  0.2803127E-002 -0.1992699E-001  0.9913734E+000  0.2645652E+000
 252.000    09091998  END_SEED_FILL                5  0.5493726E+003  0.8083079E+000  0.5484092E-001  0.2782733E-002 -0.2077460E-001  0.9929319E+000  0.1678074E+000
 253.000    10091998  END_SEED_FILL                5  0.5494478E+003  0.8001209E+000  0.5444976E-001  0.2765494E-002 -0.2314778E-001  0.9941300E+000  0.1977856E+000
 254.000    11091998  END_SEED_FILL                5  0.5495352E+003  0.7947034E+000  0.5417861E-001  0.2752608E-002 -0.2841185E-001  0.9924659E+000  0.2927355E+000
 255.000    12091998  END_SEED_FILL                5  0.5496472E+003  0.7951515E+000  0.5429280E-001  0.2758076E-002 -0.4559706E-001  0.9920190E+000  0.4127133E+000
 256.000    13091998  END_SEED_FILL                5  0.5497931E+003  0.7936755E+000  0.5423091E-001  0.2752678E-002 -0.1484671E+000  0.9891739E+000  0.4482747E+000
 257.000    14091998  END_SEED_FILL                5  0.5499490E+003  0.7919527E+000  0.5410416E-001  0.2743638E-002 -0.1499904E+000  0.9860714E+000  0.5084740E+000
 258.000    15091998  END_SEED_FILL                5  0.5501109E+003  0.8040700E+000  0.5469435E-001  0.2773055E-002 -0.1616854E+000  0.9915285E+000  0.5132994E+000
 259.000    16091998  END_SEED_FILL                5  0.5502730E+003  0.8048442E+000  0.5460423E-001  0.2768475E-002 -0.1630306E+000  0.9895536E+000  0.5043687E+000
 260.000    17091998  END_SEED_FILL                5  0.5504239E+003  0.8035553E+000  0.5447869E-001  0.2760890E-002 -0.1100774E+000  0.9933562E+000  0.5169845E+000
 261.000    18091998  END_SEED_FILL                5  0.5505810E+003  0.8016749E+000  0.5447915E-001  0.2757131E-002 -0.1111015E+000  0.9932687E+000  0.6069355E+000
 262.000    19091998  END_SEED_FILL                5  0.5507314E+003  0.8107376E+000  0.5489832E-001  0.2775988E-002 -0.1432548E+000  0.9926756E+000  0.4829206E+000
 263.000    20091998  END_SEED_FILL                5  0.5508794E+003  0.8109320E+000  0.5493889E-001  0.2775601E-002 -0.1060735E+000  0.9934475E+000  0.4916993E+000
 264.000    21091998  END_SEED_FILL                5  0.5510319E+003  0.8124241E+000  0.5516711E-001  0.2782542E-002 -0.8415411E-001  0.9919507E+000  0.6818042E+000
 265.000    22091998  END_SEED_FILL                5  0.5512037E+003  0.8169582E+000  0.5541519E-001  0.2789243E-002 -0.1334079E+000  0.9830057E+000  0.5272013E+000
 266.000    23091998  END_SEED_FILL                5  0.5513042E+003  0.8217606E+000  0.5549407E-001  0.2792874E-002 -0.1680961E+000  0.9941041E+000  0.2136388E+000
 267.000    24091998  END_SEED_FILL                5  0.5513835E+003  0.8211458E+000  0.5551015E-001  0.2794105E-002 -0.1556243E+000  0.9938366E+000  0.1897694E+000
 268.000    25091998  END_SEED_FILL                5  0.5514873E+003  0.8145055E+000  0.5533209E-001  0.2781506E-002 -0.1323753E+000  0.9935345E+000  0.4341808E+000
 269.000    26091998  END_SEED_FILL                5  0.5516294E+003  0.8118440E+000  0.5536080E-001  0.2774917E-002 -0.1586773E+000  0.9932028E+000  0.4978963E+000
 270.000    27091998  END_SEED_FILL                5  0.5517719E+003  0.8217155E+000  0.5605133E-001  0.2803000E-002 -0.1779259E+000  0.9930795E+000  0.6076193E+000
 271.000    28091998  END_SEED_FILL                5  0.5519417E+003  0.8214855E+000  0.5615716E-001  0.2799861E-002 -0.1455879E+000  0.9929369E+000  0.6390697E+000
 272.000    29091998  END_SEED_FILL                5  0.5520785E+003  0.8274199E+000  0.5651475E-001  0.2811598E-002 -0.1059020E+000  0.9932082E+000  0.5814951E+000
 273.000    30091998  END_SEED_FILL                5  0.5522215E+003  0.8306812E+000  0.5681310E-001  0.2818676E-002 -0.4347496E-001  0.9930386E+000  0.5851345E+000
 274.000    01101998  END_SEED_FILL                5  0.5523643E+003  0.8415757E+000  0.5738124E-001  0.2840567E-002 -0.1469965E+000  0.9929238E+000  0.2932679E+000
 275.000    02101998  END_SEED_FILL                5  0.5524353E+003  0.8392451E+000  0.5718365E-001  0.2830873E-002 -0.1317139E+000  0.9941892E+000  0.1234664E+000
 276.000    03101998  END_SEED_FILL                5  0.5525144E+003  0.8324297E+000  0.5706072E-001  0.2821693E-002 -0.1215042E+000  0.9938982E+000  0.3839625E+000
 277.000    04101998  END_SEED_FILL                5  0.5526208E+003  0.8380633E+000  0.5750375E-001  0.2839630E-002 -0.5477636E-001  0.9937993E+000  0.3806601E+000
 278.000    05101998  END_SEED_FILL                5  0.5527110E+003  0.8366692E+000  0.5751074E-001  0.2838184E-002 -0.5195251E-001  0.9937503E+000  0.4251975E+000
 279.000    06101998  END_SEED_FILL                5  0.5528134E+003  0.8403050E+000  0.5771367E-001  0.2845778E-002 -0.5263343E-001  0.9937451E+000  0.3912485E+000
 280.000    07101998  END_SEED_FILL                5  0.5529326E+003  0.8424379E+000  0.5798579E-001  0.2855741E-002 -0.1158868E+000  0.9935179E+000  0.4678058E+000
 281.000    08101998  END_SEED_FILL                5  0.5530512E+003  0.8475030E+000  0.5822153E-001  0.2864875E-002 -0.3572005E-001  0.9874698E+000  0.3100508E+000
 282.000    09101998  END_SEED_FILL                5  0.5531255E+003  0.8443617E+000  0.5793564E-001  0.2851971E-002 -0.1880472E-001  0.9939464E+000  0.1754401E+000
 283.000    10101998  END_SEED_FILL                5  0.5531902E+003  0.8384284E+000  0.5766424E-001  0.2838651E-002 -0.2142106E-001  0.9942558E+000  0.2130764E+000
 284.000    11101998  END_SEED_FILL                5  0.5532603E+003  0.8404507E+000  0.5781869E-001  0.2845969E-002 -0.2212574E-001  0.9943627E+000  0.1682148E+000
 285.000    12101998  END_SEED_FILL                5  0.5533237E+003  0.8360141E+000  0.5756155E-001  0.2833483E-002 -0.2225987E-001  0.9942724E+000  0.1713464E+000
 286.000    13101998  END_SEED_FILL                5  0.5534031E+003  0.8341369E+000  0.5758477E-001  0.2831993E-002 -0.7276080E-001  0.9940927E+000  0.3556581E+000
 287.000    14101998  END_SEED_FILL                5  0.5534783E+003  0.8394994E+000  0.5778486E-001  0.2841123E-002 -0.9561169E-001  0.9944920E+000  0.1371932E+000
 288.000    15101998  END_SEED_FILL                5  0.5535380E+003  0.8391981E+000  0.5771659E-001  0.2839287E-002 -0.1004231E+000  0.9946004E+000  0.1098498E+000
 289.000    16101998  END_SEED_FILL                5  0.5535944E+003  0.8335965E+000  0.5737583E-001  0.2823929E-002 -0.8345707E-001  0.9944595E+000  0.1185601E+000
 290.000    17101998  END_SEED_FILL                5  0.5536561E+003  0.8299425E+000  0.5717929E-001  0.2814180E-002 -0.8689055E-001  0.9945265E+000  0.1410875E+000
 291.000    18101998  END_SEED_FILL                5  0.5537328E+003  0.8341851E+000  0.5756707E-001  0.2832228E-002 -0.9421955E-001  0.9939821E+000  0.3265268E+000
 292.000    19101998  END_SEED_FILL                5  0.5538398E+003  0.8349068E+000  0.5771771E-001  0.2835201E-002 -0.8730057E-001  0.9935777E+000  0.5187601E+000
 293.000    20101998  END_SEED_FILL                5  0.5539223E+003  0.8395038E+000  0.5768607E-001  0.2833109E-002 -0.9643305E-001  0.9944062E+000  0.1589623E+000
 294.000    21101998  END_SEED_FILL                5  0.5539696E+003  0.8361650E+000  0.5738052E-001  0.2820311E-002 -0.6559479E-001  0.9946510E+000  0.1218143E+000
 295.000    22101998  END_SEED_FILL                5  0.5540025E+003  0.8373630E+000  0.5739142E-001  0.2825270E-002 -0.5940107E-001  0.9951079E+000  0.1470442E-001
 296.000    23101998  END_SEED_FILL                5  0.5540323E+003  0.8295012E+000  0.5688516E-001  0.2804442E-002 -0.7409140E-001  0.9950909E+000  0.2978598E-001
 297.000    24101998  END_SEED_FILL                5  0.5540747E+003  0.8235115E+000  0.5657245E-001  0.2790736E-002 -0.9461930E-001  0.9949127E+000  0.8247181E-001
 298.000    25101998  END_SEED_FILL                5  0.5541281E+003  0.8199698E+000  0.5637083E-001  0.2781030E-002 -0.1058555E+000  0.9948291E+000  0.7233842E-001
 299.000    26101998  END_SEED_FILL                5  0.5541794E+003  0.8219391E+000  0.5646219E-001  0.2786722E-002 -0.1049888E+000  0.9947902E+000  0.8182567E-001
 300.000    27101998  END_SEED_FILL                5  0.5542293E+003  0.8182539E+000  0.5622000E-001  0.2776495E-002 -0.8635281E-001  0.9947782E+000  0.1087565E+000
 301.000    28101998  END_SEED_FILL                5  0.5542983E+003  0.8155623E+000  0.5621143E-001  0.2774276E-002 -0.1009724E+000  0.9941557E+000  0.3331080E+000
 302.000    29101998  END_SEED_FILL                5  0.5543741E+003  0.8200861E+000  0.5629563E-001  0.2776555E-002 -0.1086851E+000  0.9945236E+000  0.1963597E+000
 303.000    30101998  END_SEED_FILL                5  0.5544418E+003  0.8249730E+000  0.5667263E-001  0.2794952E-002 -0.1050478E+000  0.9943500E+000  0.2406310E+000
 304.000    31101998  END_SEED_FILL                5  0.5545128E+003  0.8270277E+000  0.5667016E-001  0.2794439E-002 -0.1039031E+000  0.9944844E+000  0.1827642E+000
 305.000    01111998  END_SEED_FILL                5  0.5545653E+003  0.8262275E+000  0.5651330E-001  0.2787750E-002 -0.9889206E-001  0.9947231E+000  0.1086922E+000
 306.000    02111998  END_SEED_FILL                5  0.5546179E+003  0.8230146E+000  0.5648329E-001  0.2785723E-002 -0.8439291E-001  0.9945061E+000  0.2122581E+000
 307.000    03111998  END_SEED_FILL                5  0.5546576E+003  0.8267468E+000  0.5653076E-001  0.2790632E-002 -0.3664419E-001  0.9948472E+000  0.1198157E+000
 308.000    04111998  END_SEED_FILL                5  0.5546823E+003  0.8248736E+000  0.5631033E-001  0.2784625E-002 -0.1183295E-001  0.9940199E+000  0.3163597E-001
 309.000    05111998  END_SEED_FILL                5  0.5547017E+003  0.8231596E+000  0.5614898E-001  0.2782157E-002 -0.1341934E-001  0.9948488E+000  0.4557896E-001
 310.000    06111998  END_SEED_FILL                5  0.5547203E+003  0.8207495E+000  0.5590871E-001  0.2776325E-002 -0.1378229E-001  0.9954189E+000  0.9544192E-002
 311.000    07111998  END_SEED_FILL                5  0.5547353E+003  0.8182390E+000  0.5565252E-001  0.2770162E-002 -0.1339051E-001  0.9955569E+000  0.7902515E-002
 312.000    08111998  END_SEED_FILL                5  0.5547576E+003  0.8181210E+000  0.5564272E-001  0.2776663E-002 -0.1308328E-001  0.9950344E+000  0.1313953E+000
 313.000    09111998  END_SEED_FILL                5  0.5548056E+003  0.8153603E+000  0.5542860E-001  0.2770055E-002 -0.1523213E-001  0.9947443E+000  0.2157813E+000
 314.000    10111998  END_SEED_FILL                5  0.5548872E+003  0.8161747E+000  0.5569337E-001  0.2780513E-002 -0.1237944E-001  0.9839124E+000  0.4650214E+000
 315.000    11111998  END_SEED_FILL                5  0.5549604E+003  0.8254452E+000  0.5588321E-001  0.2790315E-002 -0.1173888E-001  0.9945523E+000  0.5966557E-001
 316.000    12111998  END_SEED_FILL                5  0.5549914E+003  0.8236986E+000  0.5561196E-001  0.2781320E-002 -0.1615683E-001  0.9950647E+000  0.5410880E-001
 317.000    13111998  END_SEED_FILL                5  0.5550208E+003  0.8226111E+000  0.5548388E-001  0.2778631E-002 -0.1307351E-001  0.9950189E+000  0.6382433E-001
 318.000    14111998  END_SEED_FILL                5  0.5550608E+003  0.8199193E+000  0.5545786E-001  0.2778049E-002 -0.1089365E-001  0.9946521E+000  0.2143695E+000
 319.000    15111998  END_SEED_FILL                5  0.5551163E+003  0.8222277E+000  0.5559154E-001  0.2783061E-002 -0.1403123E-001  0.9939776E+000  0.8447322E-001
 320.000    16111998  END_SEED_FILL                5  0.5551666E+003  0.8257792E+000  0.5603231E-001  0.2803424E-002 -0.1505440E-001  0.9938709E+000  0.3571026E+000
 321.000    17111998  END_SEED_FILL                5  0.5552365E+003  0.8314715E+000  0.5628812E-001  0.2813611E-002 -0.1599711E-001  0.9804936E+000  0.1442909E+000
 322.000    18111998  END_SEED_FILL                5  0.5552723E+003  0.8307910E+000  0.5608662E-001  0.2804775E-002 -0.1101506E-001  0.9949773E+000  0.4142305E-001
 323.000    19111998  END_SEED_FILL                5  0.5553180E+003  0.8313863E+000  0.5643164E-001  0.2819943E-002 -0.1067067E-001  0.9941687E+000  0.3138534E+000
 324.000    20111998  END_SEED_FILL                5  0.5553960E+003  0.8384449E+000  0.5697685E-001  0.2841694E-002 -0.3722412E-001  0.9905197E+000  0.2123847E+000
 325.000    21111998  END_SEED_FILL                5  0.5554300E+003  0.8438726E+000  0.5705293E-001  0.2848337E-002 -0.3719325E-001  0.9947276E+000  0.2821556E-001
 326.000    22111998  END_SEED_FILL                5  0.5554520E+003  0.8402507E+000  0.5680679E-001  0.2839447E-002 -0.3451586E-001  0.9952362E+000  0.1257372E-001
 327.000    23111998  END_SEED_FILL                5  0.5555017E+003  0.8374770E+000  0.5699122E-001  0.2845786E-002 -0.4058734E-001  0.9940643E+000  0.2801596E+000
 328.000    24111998  END_SEED_FILL                5  0.5555644E+003  0.8404176E+000  0.5701671E-001  0.2843520E-002 -0.5773125E-001  0.9948026E+000  0.5951761E-001
 329.000    25111998  END_SEED_FILL                5  0.5556093E+003  0.8377833E+000  0.5709691E-001  0.2844208E-002 -0.3931500E-001  0.9943581E+000  0.2733601E+000
 330.000    26111998  END_SEED_FILL                5  0.5556606E+003  0.8430427E+000  0.5744088E-001  0.2857844E-002 -0.3578638E-001  0.9924835E+000  0.1359093E+000
 331.000    27111998  END_SEED_FILL                5  0.5557049E+003  0.8436105E+000  0.5751728E-001  0.2858808E-002 -0.5204334E-001  0.2647388E+000  0.6358611E-001
 332.000    28111998  END_SEED_FILL                5  0.5557514E+003  0.8410280E+000  0.5756084E-001  0.2856330E-002 -0.6050256E-001  0.9944788E+000  0.1804512E+000
 333.000    29111998  END_SEED_FILL                5  0.5558041E+003  0.8424637E+000  0.5785974E-001  0.2865242E-002 -0.6094785E-001  0.9943354E+000  0.2136857E+000
 334.000    30111998  END_SEED_FILL                5  0.5558744E+003  0.8459643E+000  0.5846234E-001  0.2886071E-002 -0.4413118E-001  0.9937993E+000  0.3159332E+000
 335.000    01121998  END_SEED_FILL                5  0.5559396E+003  0.8559800E+000  0.5903086E-001  0.2908766E-002 -0.5514343E-001  0.9944084E+000  0.1224452E+000
 336.000    02121998  END_SEED_FILL                5  0.5559851E+003  0.8569801E+000  0.5921213E-001  0.2915408E-002 -0.5573587E-001  0.9944433E+000  0.1975876E+000
 337.000    03121998  END_SEED_FILL                5  0.5560507E+003  0.8579061E+000  0.5954875E-001  0.2925750E-002 -0.5097943E-001  0.2059487E+000  0.1913955E+000
 338.000    04121998  END_SEED_FILL                5  0.5561214E+003  0.8608867E+000  0.6000354E-001  0.2940451E-002 -0.5424008E-001  0.9943373E+000  0.2576738E+000
 339.000    05121998  END_SEED_FILL                5  0.5562024E+003  0.8647684E+000  0.6074390E-001  0.2966549E-002 -0.4358080E-001  0.9937200E+000  0.4235634E+000
 340.000    06121998  END_SEED_FILL                5  0.5563020E+003  0.8732830E+000  0.6162261E-001  0.2997298E-002 -0.5960959E-001  0.9933049E+000  0.3695399E+000
 341.000    07121998  END_SEED_FILL                5  0.5564054E+003  0.8824533E+000  0.6265368E-001  0.3034875E-002 -0.5557185E-001  0.9938510E+000  0.4184080E+000
 342.000    08121998  END_SEED_FILL                5  0.5565107E+003  0.8921597E+000  0.6370154E-001  0.3074374E-002 -0.5259131E-001  0.9935820E+000  0.3666456E+000
 343.000    09121998  END_SEED_FILL                5  0.5565579E+003  0.8976435E+000  0.6384640E-001  0.3080941E-002 -0.1071950E-001  0.9942896E+000  0.2902136E-001
 344.000    10121998  END_SEED_FILL                5  0.5565760E+003  0.8945786E+000  0.6379708E-001  0.3079811E-002 -0.1230400E-001  0.9949871E+000  0.8137115E-001
 345.000    11121998  END_SEED_FILL                5  0.5566046E+003  0.8921368E+000  0.6385018E-001  0.3081532E-002 -0.1257400E-001  0.9866153E+000  0.1043776E+000
 346.000    12121998  END_SEED_FILL                5  0.5566286E+003  0.8915085E+000  0.6407576E-001  0.3092506E-002 -0.1859141E-001  0.9941013E+000  0.8185583E-001
 347.000    13121998  END_SEED_FILL                5  0.5566483E+003  0.8907206E+000  0.6415000E-001  0.3097774E-002 -0.9048830E-002  0.9949080E+000  0.8861834E-001
 348.000    14121998  END_SEED_FILL                5  0.5566690E+003  0.8891022E+000  0.6410822E-001  0.3097790E-002 -0.1173087E-001  0.9952731E+000  0.2714357E-001
 349.000    15121998  END_SEED_FILL                5  0.5566812E+003  0.8888028E+000  0.6421693E-001  0.3106891E-002 -0.1110132E-001  0.9953288E+000  0.4842800E-001
 350.000    16121998  END_SEED_FILL                5  0.5567047E+003  0.8867573E+000  0.6415726E-001  0.3106939E-002 -0.1405303E-001  0.9952960E+000  0.3741604E-001
 351.000    17121998  END_SEED_FILL                5  0.5567179E+003  0.8857263E+000  0.6403761E-001  0.3106340E-002 -0.1165410E-001  0.9954736E+000  0.1612923E-001
 352.000    18121998  END_SEED_FILL                5  0.5567291E+003  0.8842587E+000  0.6391052E-001  0.3105779E-002 -0.1202370E-001  0.9953441E+000  0.3380136E-001
 353.000    19121998  END_SEED_FILL                5  0.5567570E+003  0.8815994E+000  0.6396112E-001  0.3110694E-002 -0.1235414E-001  0.9950176E+000  0.1710694E+000
 354.000    20121998  END_SEED_FILL                5  0.5568044E+003  0.8809993E+000  0.6401062E-001  0.3112213E-002 -0.1261771E-001  0.9942781E+000  0.1442109E+000
 355.000    21121998  END_SEED_FILL                5  0.5568616E+003  0.8815326E+000  0.6443208E-001  0.3128277E-002 -0.1211469E-001  0.9934263E+000  0.3822189E+000
 356.000    22121998  END_SEED_FILL                5  0.5569249E+003  0.8911730E+000  0.6488126E-001  0.3147868E-002 -0.1433474E-001  0.9787821E+000  0.3288078E-001
 357.000    23121998  END_SEED_FILL                5  0.5569282E+003  0.8948338E+000  0.6509048E-001  0.3167285E-002 -0.1121829E-001  0.9950851E+000  0.8303369E-002
 358.000    24121998  END_SEED_FILL                5  0.5569325E+003  0.8988576E+000  0.6527495E-001  0.3188011E-002 -0.1087693E-001  0.9953715E+000  0.8001387E-002
 359.000    25121998  END_SEED_FILL                5  0.5569354E+003  0.9020004E+000  0.6531594E-001  0.3203726E-002 -0.1136770E-001  0.9954113E+000  0.5098648E-002
 360.000    26121998  END_SEED_FILL                5  0.5569385E+003  0.9045163E+000  0.6526192E-001  0.3216082E-002 -0.1147462E-001  0.9953529E+000  0.1678870E-001
 361.000    27121998  END_SEED_FILL                5  0.5569423E+003  0.9066392E+000  0.6514369E-001  0.3226079E-002 -0.1155494E-001  0.9953018E+000  0.2521772E-001
 362.000    28121998  END_SEED_FILL                5  0.5569532E+003  0.9085161E+000  0.6509689E-001  0.3239228E-002 -0.1166899E-001  0.9951528E+000  0.7495405E-001
 363.000    29121998  END_SEED_FILL                5  0.5569688E+003  0.9051872E+000  0.6444091E-001  0.3220331E-002 -0.1171955E-001  0.9951564E+000  0.7164107E-001
 364.000    30121998  END_SEED_FILL                5  0.5569794E+003  0.9028737E+000  0.6404343E-001  0.3211651E-002 -0.1359171E-001  0.9954707E+000  0.5107187E-002
 365.000    31121998  END_SEED_FILL                5  0.5569858E+003  0.9008953E+000  0.6370987E-001  0.3204114E-002 -0.1312213E-001  0.9956738E+000  0.3093912E-002
