    DOY     DATE    SHOOT_C         ROOT_C          LAI             GPP             AUTO_RESP       HVST_C          
  30.000    30011945  0.2293575E+002  0.8765290E+003  0.1456193E-001  0.0000000E+000 -0.2580571E+002  0.0000000E+000
  60.000    01031945  0.2203062E+002  0.8232828E+003  0.0000000E+000  0.0000000E+000 -0.5285625E+002  0.0000000E+000
  90.000    31031945  0.1341983E+002  0.7727604E+003  0.5966343E+000  0.6061557E+001 -0.8794808E+002  0.0000000E+000
 120.000    30041945  0.1410036E+003  0.7848910E+003  0.3868694E+001  0.2259028E+003 -0.1896824E+003  0.0000000E+000
 150.000    30051945  0.3311001E+003  0.8477014E+003  0.7281219E+001  0.6901788E+003 -0.3912434E+003  0.0000000E+000
 180.000    29061945  0.5026872E+003  0.8936779E+003  0.8430770E+001  0.1198901E+004 -0.6726889E+003  0.0000000E+000
 210.000    29071945  0.5847168E+003  0.9059313E+003  0.7986996E+001  0.1616144E+004 -0.9771411E+003  0.0000000E+000
 240.000    28081945  0.4911970E+003  0.1072060E+004  0.3917964E+001  0.2059170E+004 -0.1241740E+004  0.0000000E+000
 270.000    27091945  0.3411099E+003  0.1201967E+004  0.6579875E+000  0.2305920E+004 -0.1422048E+004  0.0000000E+000
 300.000    27101945  0.3081134E+003  0.1099714E+004  0.6339847E-001  0.2334648E+004 -0.1523391E+004  0.0000000E+000
 330.000    26111945  0.1277922E+003  0.9762619E+003  0.0000000E+000  0.2335846E+004 -0.1588894E+004  0.0000000E+000
 360.000    26121945  0.1725102E+002  0.8935584E+003  0.0000000E+000  0.2335846E+004 -0.1629666E+004  0.0000000E+000
