    DOY     DATE    SHOOT_C         ROOT_C          LAI             GPP             AUTO_RESP       HVST_C          
   1.000    01011980  0.2055604E+005  0.5101390E+003  0.8096506E+001  0.3344238E+001 -0.1873089E+001  0.0000000E+000
   2.000    02011980  0.2055533E+005  0.5106430E+003  0.8086267E+001  0.5878559E+001 -0.3767171E+001  0.0000000E+000
   3.000    03011980  0.2055481E+005  0.5112014E+003  0.8075514E+001  0.8580877E+001 -0.5613226E+001  0.0000000E+000
   4.000    04011980  0.2055346E+005  0.5117757E+003  0.8062068E+001  0.1047535E+002 -0.7334421E+001  0.0000000E+000
   5.000    05011980  0.2055166E+005  0.5123286E+003  0.8047490E+001  0.1191068E+002 -0.8993100E+001  0.0000000E+000
   6.000    06011980  0.2054995E+005  0.5128562E+003  0.8032949E+001  0.1330092E+002 -0.1051890E+002  0.0000000E+000
   7.000    07011980  0.2054946E+005  0.5133736E+003  0.8021045E+001  0.1583252E+002 -0.1213306E+002  0.0000000E+000
   8.000    08011980  0.2054926E+005  0.5139026E+003  0.8010774E+001  0.1879555E+002 -0.1397348E+002  0.0000000E+000
   9.000    09011980  0.2054895E+005  0.5144379E+003  0.8002225E+001  0.2164959E+002 -0.1593068E+002  0.0000000E+000
  10.000    10011980  0.2054791E+005  0.5149555E+003  0.7992314E+001  0.2368337E+002 -0.1771818E+002  0.0000000E+000
  11.000    11011980  0.2054865E+005  0.5154450E+003  0.7986998E+001  0.2818340E+002 -0.2040578E+002  0.0000000E+000
  12.000    12011980  0.2054898E+005  0.5157130E+003  0.7984950E+001  0.3224518E+002 -0.2360616E+002  0.0000000E+000
  13.000    13011980  0.2054817E+005  0.5161442E+003  0.7971661E+001  0.3455289E+002 -0.2533852E+002  0.0000000E+000
  14.000    14011980  0.2054835E+005  0.5166051E+003  0.7962570E+001  0.3785847E+002 -0.2729613E+002  0.0000000E+000
  15.000    15011980  0.2054928E+005  0.5170311E+003  0.7960876E+001  0.4236971E+002 -0.3009050E+002  0.0000000E+000
  16.000    16011980  0.2055000E+005  0.5173981E+003  0.7957582E+001  0.4662843E+002 -0.3287893E+002  0.0000000E+000
  17.000    17011980  0.2055076E+005  0.5177915E+003  0.7951819E+001  0.5053341E+002 -0.3515737E+002  0.0000000E+000
  18.000    18011980  0.2055191E+005  0.5181893E+003  0.7951514E+001  0.5511066E+002 -0.3793082E+002  0.0000000E+000
  19.000    19011980  0.2055200E+005  0.5185652E+003  0.7947536E+001  0.5878998E+002 -0.4072892E+002  0.0000000E+000
  20.000    20011980  0.2055244E+005  0.5190121E+003  0.7940075E+001  0.6253094E+002 -0.4297936E+002  0.0000000E+000
  21.000    21011980  0.2055298E+005  0.5194738E+003  0.7935899E+001  0.6634134E+002 -0.4536184E+002  0.0000000E+000
  22.000    22011980  0.2055403E+005  0.5199674E+003  0.7930159E+001  0.7068140E+002 -0.4764194E+002  0.0000000E+000
  23.000    23011980  0.2055494E+005  0.5203875E+003  0.7929758E+001  0.7502235E+002 -0.5046919E+002  0.0000000E+000
  24.000    24011980  0.2055341E+005  0.5209124E+003  0.7917016E+001  0.7658828E+002 -0.5210697E+002  0.0000000E+000
  25.000    25011980  0.2055329E+005  0.5214583E+003  0.7908845E+001  0.8006930E+002 -0.5442662E+002  0.0000000E+000
  26.000    26011980  0.2055421E+005  0.5219381E+003  0.7904609E+001  0.8439360E+002 -0.5693089E+002  0.0000000E+000
  27.000    27011980  0.2055333E+005  0.5224329E+003  0.7894068E+001  0.8670156E+002 -0.5886543E+002  0.0000000E+000
  28.000    28011980  0.2055366E+005  0.5229706E+003  0.7885225E+001  0.9029156E+002 -0.6086913E+002  0.0000000E+000
  29.000    29011980  0.2055500E+005  0.5234923E+003  0.7881160E+001  0.9481014E+002 -0.6312624E+002  0.0000000E+000
  30.000    30011980  0.2053933E+005  0.5237070E+003  0.7862318E+001  0.9592670E+002 -0.6470408E+002  0.0000000E+000
  31.000    31011980  0.2053705E+005  0.5242606E+003  0.7848019E+001  0.9658248E+002 -0.6604690E+002  0.0000000E+000
  32.000    01021980  0.2053472E+005  0.5247761E+003  0.7836474E+001  0.9679103E+002 -0.6718288E+002  0.0000000E+000
  33.000    02021980  0.2053250E+005  0.5252484E+003  0.7825213E+001  0.9702409E+002 -0.6829531E+002  0.0000000E+000
  34.000    03021980  0.2053036E+005  0.5256834E+003  0.7813667E+001  0.9733570E+002 -0.6942210E+002  0.0000000E+000
  35.000    04021980  0.2052825E+005  0.5260901E+003  0.7800360E+001  0.9784941E+002 -0.7064922E+002  0.0000000E+000
  36.000    05021980  0.2052654E+005  0.5264754E+003  0.7788049E+001  0.9868662E+002 -0.7188775E+002  0.0000000E+000
  37.000    06021980  0.2052439E+005  0.5268502E+003  0.7773720E+001  0.9925899E+002 -0.7318763E+002  0.0000000E+000
  38.000    07021980  0.2052289E+005  0.5272106E+003  0.7760213E+001  0.1004726E+003 -0.7455736E+002  0.0000000E+000
  39.000    08021980  0.2052151E+005  0.5275726E+003  0.7746447E+001  0.1018564E+003 -0.7595518E+002  0.0000000E+000
  40.000    09021980  0.2051970E+005  0.5279339E+003  0.7732001E+001  0.1027768E+003 -0.7728865E+002  0.0000000E+000
  41.000    10021980  0.2051840E+005  0.5282832E+003  0.7717376E+001  0.1042907E+003 -0.7871088E+002  0.0000000E+000
  42.000    11021980  0.2051745E+005  0.5286326E+003  0.7705511E+001  0.1059762E+003 -0.8010702E+002  0.0000000E+000
  43.000    12021980  0.2051655E+005  0.5289856E+003  0.7692444E+001  0.1078585E+003 -0.8158099E+002  0.0000000E+000
  44.000    13021980  0.2051549E+005  0.5293442E+003  0.7679296E+001  0.1095958E+003 -0.8304702E+002  0.0000000E+000
  45.000    14021980  0.2051569E+005  0.5297116E+003  0.7670490E+001  0.1128084E+003 -0.8491616E+002  0.0000000E+000
  46.000    15021980  0.2051682E+005  0.5300893E+003  0.7663799E+001  0.1172180E+003 -0.8718854E+002  0.0000000E+000
  47.000    16021980  0.2051884E+005  0.5304839E+003  0.7661759E+001  0.1224590E+003 -0.8966799E+002  0.0000000E+000
  48.000    17021980  0.2051705E+005  0.5308925E+003  0.7647683E+001  0.1235490E+003 -0.9118505E+002  0.0000000E+000
  49.000    18021980  0.2051599E+005  0.5312945E+003  0.7636003E+001  0.1251892E+003 -0.9259110E+002  0.0000000E+000
  50.000    19021980  0.2051618E+005  0.5317017E+003  0.7627673E+001  0.1283706E+003 -0.9442241E+002  0.0000000E+000
  51.000    20021980  0.2051773E+005  0.5321154E+003  0.7622269E+001  0.1332273E+003 -0.9674192E+002  0.0000000E+000
  52.000    21021980  0.2051991E+005  0.5325460E+003  0.7620756E+001  0.1394431E+003 -0.9992245E+002  0.0000000E+000
  53.000    22021980  0.2052257E+005  0.5328723E+003  0.7626496E+001  0.1477053E+003 -0.1049893E+003  0.0000000E+000
  54.000    23021980  0.2052504E+005  0.5328463E+003  0.7630674E+001  0.1556198E+003 -0.1102608E+003  0.0000000E+000
  55.000    24021980  0.2052753E+005  0.5327153E+003  0.7632872E+001  0.1624735E+003 -0.1145652E+003  0.0000000E+000
  56.000    25021980  0.2052985E+005  0.5327440E+003  0.7623100E+001  0.1678677E+003 -0.1173570E+003  0.0000000E+000
  57.000    26021980  0.2052884E+005  0.5330051E+003  0.7611226E+001  0.1697784E+003 -0.1191710E+003  0.0000000E+000
  58.000    27021980  0.2052890E+005  0.5333698E+003  0.7601273E+001  0.1725971E+003 -0.1207877E+003  0.0000000E+000
  59.000    28021980  0.2052916E+005  0.5337943E+003  0.7591884E+001  0.1758226E+003 -0.1225329E+003  0.0000000E+000
  60.000    29021980  0.2051585E+005  0.5338999E+003  0.7578295E+001  0.1791131E+003 -0.1243845E+003  0.0000000E+000
  61.000    01031980  0.2051332E+005  0.5343738E+003  0.7565452E+001  0.1792720E+003 -0.1256315E+003  0.0000000E+000
  62.000    02031980  0.2051122E+005  0.5348042E+003  0.7556321E+001  0.1793040E+003 -0.1265833E+003  0.0000000E+000
  63.000    03031980  0.2050932E+005  0.5351972E+003  0.7546628E+001  0.1795711E+003 -0.1275783E+003  0.0000000E+000
  64.000    04031980  0.2050835E+005  0.5355707E+003  0.7536820E+001  0.1809492E+003 -0.1287643E+003  0.0000000E+000
  65.000    05031980  0.2050938E+005  0.5359715E+003  0.7526602E+001  0.1848429E+003 -0.1304244E+003  0.0000000E+000
  66.000    06031980  0.2051095E+005  0.5364319E+003  0.7521359E+001  0.1895267E+003 -0.1324912E+003  0.0000000E+000
  67.000    07031980  0.2051242E+005  0.5369217E+003  0.7516617E+001  0.1948957E+003 -0.1352802E+003  0.0000000E+000
  68.000    08031980  0.2051536E+005  0.5373145E+003  0.7520568E+001  0.2022555E+003 -0.1391055E+003  0.0000000E+000
  69.000    09031980  0.2051869E+005  0.5376626E+003  0.7524072E+001  0.2100735E+003 -0.1430478E+003  0.0000000E+000
  70.000    10031980  0.2052122E+005  0.5380069E+003  0.7517537E+001  0.2165222E+003 -0.1462288E+003  0.0000000E+000
  71.000    11031980  0.2052413E+005  0.5382155E+003  0.7516473E+001  0.2228451E+003 -0.1492145E+003  0.0000000E+000
  72.000    12031980  0.2052543E+005  0.5386205E+003  0.7506742E+001  0.2270513E+003 -0.1509867E+003  0.0000000E+000
  73.000    13031980  0.2052552E+005  0.5391145E+003  0.7495875E+001  0.2301128E+003 -0.1526166E+003  0.0000000E+000
  74.000    14031980  0.2052671E+005  0.5396505E+003  0.7487238E+001  0.2343164E+003 -0.1543558E+003  0.0000000E+000
  75.000    15031980  0.2052784E+005  0.5402157E+003  0.7481376E+001  0.2390578E+003 -0.1566874E+003  0.0000000E+000
  76.000    16031980  0.2052998E+005  0.5407028E+003  0.7479327E+001  0.2455195E+003 -0.1600652E+003  0.0000000E+000
  77.000    17031980  0.2053361E+005  0.5409518E+003  0.7483831E+001  0.2539561E+003 -0.1644023E+003  0.0000000E+000
  78.000    18031980  0.2053504E+005  0.5409164E+003  0.7488703E+001  0.2606685E+003 -0.1695192E+003  0.0000000E+000
  79.000    19031980  0.2053788E+005  0.5411282E+003  0.7477960E+001  0.2671048E+003 -0.1723956E+003  0.0000000E+000
  80.000    20031980  0.2054193E+005  0.5413866E+003  0.7479315E+001  0.2750883E+003 -0.1758579E+003  0.0000000E+000
  81.000    21031980  0.2054332E+005  0.5414442E+003  0.7486145E+001  0.2847201E+003 -0.1817237E+003  0.0000000E+000
  82.000    22031980  0.2054536E+005  0.5416101E+003  0.7493217E+001  0.2895617E+003 -0.1841828E+003  0.0000000E+000
  83.000    23031980  0.2054752E+005  0.5419666E+003  0.7491343E+001  0.2945527E+003 -0.1863898E+003  0.0000000E+000
  84.000    24031980  0.2055103E+005  0.5423967E+003  0.7499450E+001  0.3010384E+003 -0.1887539E+003  0.0000000E+000
  85.000    25031980  0.2055516E+005  0.5427758E+003  0.7530127E+001  0.3096070E+003 -0.1926704E+003  0.0000000E+000
  86.000    26031980  0.2055774E+005  0.5431243E+003  0.7547238E+001  0.3160616E+003 -0.1959984E+003  0.0000000E+000
  87.000    27031980  0.2056109E+005  0.5436002E+003  0.7558482E+001  0.3229639E+003 -0.1988993E+003  0.0000000E+000
  88.000    28031980  0.2056402E+005  0.5441778E+003  0.7564896E+001  0.3291327E+003 -0.2013743E+003  0.0000000E+000
  89.000    29031980  0.2056799E+005  0.5447039E+003  0.7604675E+001  0.3386618E+003 -0.2062973E+003  0.0000000E+000
  90.000    30031980  0.2055647E+005  0.5446806E+003  0.7629095E+001  0.3458253E+003 -0.2108606E+003  0.0000000E+000
  91.000    31031980  0.2056073E+005  0.5450465E+003  0.7659757E+001  0.3553609E+003 -0.2156740E+003  0.0000000E+000
  92.000    01041980  0.2056474E+005  0.5454347E+003  0.7675320E+001  0.3635848E+003 -0.2193594E+003  0.0000000E+000
  93.000    02041980  0.2056836E+005  0.5458723E+003  0.7702978E+001  0.3726788E+003 -0.2243326E+003  0.0000000E+000
  94.000    03041980  0.2057207E+005  0.5461677E+003  0.7736390E+001  0.3827634E+003 -0.2304191E+003  0.0000000E+000
  95.000    04041980  0.2057544E+005  0.5463115E+003  0.7775149E+001  0.3934682E+003 -0.2377117E+003  0.0000000E+000
  96.000    05041980  0.2057913E+005  0.5464514E+003  0.7784219E+001  0.4010938E+003 -0.2414266E+003  0.0000000E+000
  97.000    06041980  0.2058371E+005  0.5468313E+003  0.7792374E+001  0.4093232E+003 -0.2445814E+003  0.0000000E+000
  98.000    07041980  0.2058848E+005  0.5473041E+003  0.7807266E+001  0.4186698E+003 -0.2486219E+003  0.0000000E+000
  99.000    08041980  0.2059221E+005  0.5476745E+003  0.7836901E+001  0.4285336E+003 -0.2544154E+003  0.0000000E+000
 100.000    09041980  0.2059619E+005  0.5479071E+003  0.7870207E+001  0.4393889E+003 -0.2611643E+003  0.0000000E+000
 101.000    10041980  0.2060020E+005  0.5481494E+003  0.7885324E+001  0.4484543E+003 -0.2659787E+003  0.0000000E+000
 102.000    11041980  0.2060418E+005  0.5484619E+003  0.7900005E+001  0.4576198E+003 -0.2708616E+003  0.0000000E+000
 103.000    12041980  0.2060914E+005  0.5488041E+003  0.7909297E+001  0.4668323E+003 -0.2747251E+003  0.0000000E+000
 104.000    13041980  0.2061218E+005  0.5491635E+003  0.7930343E+001  0.4752772E+003 -0.2797870E+003  0.0000000E+000
 105.000    14041980  0.2061683E+005  0.5494088E+003  0.7961586E+001  0.4868149E+003 -0.2865428E+003  0.0000000E+000
 106.000    15041980  0.2062094E+005  0.5496568E+003  0.7970302E+001  0.4950611E+003 -0.2903974E+003  0.0000000E+000
 107.000    16041980  0.2062527E+005  0.5501290E+003  0.7975841E+001  0.5029790E+003 -0.2934240E+003  0.0000000E+000
 108.000    17041980  0.2062826E+005  0.5507106E+003  0.7980003E+001  0.5094066E+003 -0.2961392E+003  0.0000000E+000
 109.000    18041980  0.2063210E+005  0.5513609E+003  0.7991499E+001  0.5177459E+003 -0.2998978E+003  0.0000000E+000
 110.000    19041980  0.2063578E+005  0.5519240E+003  0.8010560E+001  0.5272982E+003 -0.3051892E+003  0.0000000E+000
 111.000    20041980  0.2063961E+005  0.5523517E+003  0.8031380E+001  0.5374261E+003 -0.3110649E+003  0.0000000E+000
 112.000    21041980  0.2064351E+005  0.5526792E+003  0.8051036E+001  0.5476944E+003 -0.3171233E+003  0.0000000E+000
 113.000    22041980  0.2064745E+005  0.5529683E+003  0.8067058E+001  0.5576112E+003 -0.3228128E+003  0.0000000E+000
 114.000    23041980  0.2065004E+005  0.5532210E+003  0.8086811E+001  0.5674473E+003 -0.3298991E+003  0.0000000E+000
 115.000    24041980  0.2065274E+005  0.5532848E+003  0.8104268E+001  0.5776320E+003 -0.3374484E+003  0.0000000E+000
 116.000    25041980  0.2065625E+005  0.5532772E+003  0.8118438E+001  0.5882203E+003 -0.3446715E+003  0.0000000E+000
 117.000    26041980  0.2066099E+005  0.5532625E+003  0.8129379E+001  0.5989304E+003 -0.3507523E+003  0.0000000E+000
 118.000    27041980  0.2066676E+005  0.5533557E+003  0.8143948E+001  0.6109577E+003 -0.3570111E+003  0.0000000E+000
 119.000    28041980  0.2067203E+005  0.5534925E+003  0.8155455E+001  0.6217727E+003 -0.3624725E+003  0.0000000E+000
 120.000    29041980  0.2067816E+005  0.5538138E+003  0.8162864E+001  0.6323993E+003 -0.3666207E+003  0.0000000E+000
 121.000    30041980  0.2066911E+005  0.5538872E+003  0.8163622E+001  0.6412243E+003 -0.3702712E+003  0.0000000E+000
 122.000    01051980  0.2067454E+005  0.5544405E+003  0.8174894E+001  0.6515901E+003 -0.3745985E+003  0.0000000E+000
 123.000    02051980  0.2067885E+005  0.5549170E+003  0.8192976E+001  0.6625006E+003 -0.3805254E+003  0.0000000E+000
 124.000    03051980  0.2068230E+005  0.5552317E+003  0.8212065E+001  0.6733884E+003 -0.3874563E+003  0.0000000E+000
 125.000    04051980  0.2068547E+005  0.5554076E+003  0.8229383E+001  0.6842406E+003 -0.3947772E+003  0.0000000E+000
 126.000    05051980  0.2068848E+005  0.5555107E+003  0.8243869E+001  0.6948180E+003 -0.4020679E+003  0.0000000E+000
 127.000    06051980  0.2069172E+005  0.5555727E+003  0.8255709E+001  0.7053016E+003 -0.4090957E+003  0.0000000E+000
 128.000    07051980  0.2069524E+005  0.5556103E+003  0.8266318E+001  0.7159988E+003 -0.4160813E+003  0.0000000E+000
 129.000    08051980  0.2070040E+005  0.5556641E+003  0.8273700E+001  0.7269830E+003 -0.4217170E+003  0.0000000E+000
 130.000    09051980  0.2070597E+005  0.5559340E+003  0.8277327E+001  0.7365893E+003 -0.4253505E+003  0.0000000E+000
 131.000    10051980  0.2071085E+005  0.5563888E+003  0.8284829E+001  0.7463776E+003 -0.4296600E+003  0.0000000E+000
 132.000    11051980  0.2071510E+005  0.5568033E+003  0.8300558E+001  0.7576117E+003 -0.4360826E+003  0.0000000E+000
 133.000    12051980  0.2071774E+005  0.5569748E+003  0.8320817E+001  0.7692833E+003 -0.4447902E+003  0.0000000E+000
 134.000    13051980  0.2072024E+005  0.5569081E+003  0.8336150E+001  0.7810483E+003 -0.4539887E+003  0.0000000E+000
 135.000    14051980  0.2072381E+005  0.5567963E+003  0.8346155E+001  0.7927130E+003 -0.4620770E+003  0.0000000E+000
 136.000    15051980  0.2072836E+005  0.5567533E+003  0.8351230E+001  0.8030336E+003 -0.4677743E+003  0.0000000E+000
 137.000    16051980  0.2073443E+005  0.5569479E+003  0.8356952E+001  0.8140849E+003 -0.4724444E+003  0.0000000E+000
 138.000    17051980  0.2073982E+005  0.5572540E+003  0.8364360E+001  0.8247120E+003 -0.4772615E+003  0.0000000E+000
 139.000    18051980  0.2074494E+005  0.5575805E+003  0.8379639E+001  0.8365350E+003 -0.4835269E+003  0.0000000E+000
 140.000    19051980  0.2074898E+005  0.5577332E+003  0.8401242E+001  0.8497097E+003 -0.4923958E+003  0.0000000E+000
 141.000    20051980  0.2075193E+005  0.5577131E+003  0.8415180E+001  0.8606113E+003 -0.5002583E+003  0.0000000E+000
 142.000    21051980  0.2075768E+005  0.5577339E+003  0.8426191E+001  0.8734305E+003 -0.5072004E+003  0.0000000E+000
 143.000    22051980  0.2076269E+005  0.5577987E+003  0.8438434E+001  0.8863221E+003 -0.5149159E+003  0.0000000E+000
 144.000    23051980  0.2076683E+005  0.5577937E+003  0.8450698E+001  0.8986313E+003 -0.5229926E+003  0.0000000E+000
 145.000    24051980  0.2076981E+005  0.5577336E+003  0.8461298E+001  0.9095173E+003 -0.5308646E+003  0.0000000E+000
 146.000    25051980  0.2077373E+005  0.5576627E+003  0.8469875E+001  0.9209154E+003 -0.5383084E+003  0.0000000E+000
 147.000    26051980  0.2077866E+005  0.5576387E+003  0.8477490E+001  0.9329564E+003 -0.5453437E+003  0.0000000E+000
 148.000    27051980  0.2078385E+005  0.5577632E+003  0.8483156E+001  0.9442359E+003 -0.5512096E+003  0.0000000E+000
 149.000    28051980  0.2078753E+005  0.5579091E+003  0.8492018E+001  0.9557135E+003 -0.5587637E+003  0.0000000E+000
 150.000    29051980  0.2079068E+005  0.5579441E+003  0.8501184E+001  0.9676582E+003 -0.5674361E+003  0.0000000E+000
 151.000    30051980  0.2077976E+005  0.5574450E+003  0.8503208E+001  0.9796125E+003 -0.5765473E+003  0.0000000E+000
 152.000    31051980  0.2078436E+005  0.5573271E+003  0.8509718E+001  0.9924018E+003 -0.5847625E+003  0.0000000E+000
 153.000    01061980  0.2078855E+005  0.5572158E+003  0.8516991E+001  0.1005238E+004 -0.5934213E+003  0.0000000E+000
 154.000    02061980  0.2079200E+005  0.5570677E+003  0.8523507E+001  0.1017644E+004 -0.6024227E+003  0.0000000E+000
 155.000    03061980  0.2079507E+005  0.5569069E+003  0.8530379E+001  0.1029870E+004 -0.6116230E+003  0.0000000E+000
 156.000    04061980  0.2079786E+005  0.5567060E+003  0.8536847E+001  0.1042129E+004 -0.6211676E+003  0.0000000E+000
 157.000    05061980  0.2080245E+005  0.5566449E+003  0.8540904E+001  0.1053631E+004 -0.6280179E+003  0.0000000E+000
 158.000    06061980  0.2080816E+005  0.5567246E+003  0.8547579E+001  0.1066591E+004 -0.6350607E+003  0.0000000E+000
 159.000    07061980  0.2081111E+005  0.5567414E+003  0.8558516E+001  0.1079035E+004 -0.6444327E+003  0.0000000E+000
 160.000    08061980  0.2081300E+005  0.5566031E+003  0.8567463E+001  0.1091727E+004 -0.6552640E+003  0.0000000E+000
 161.000    09061980  0.2081803E+005  0.5565315E+003  0.8570091E+001  0.1102941E+004 -0.6613991E+003  0.0000000E+000
 162.000    10061980  0.2082237E+005  0.5566728E+003  0.8575104E+001  0.1114340E+004 -0.6682000E+003  0.0000000E+000
 163.000    11061980  0.2082602E+005  0.5567757E+003  0.8581428E+001  0.1126265E+004 -0.6762632E+003  0.0000000E+000
 164.000    12061980  0.2083031E+005  0.5568498E+003  0.8586742E+001  0.1138113E+004 -0.6836588E+003  0.0000000E+000
 165.000    13061980  0.2083553E+005  0.5570355E+003  0.8590913E+001  0.1149705E+004 -0.6897541E+003  0.0000000E+000
 166.000    14061980  0.2083973E+005  0.5572869E+003  0.8596739E+001  0.1161288E+004 -0.6967913E+003  0.0000000E+000
 167.000    15061980  0.2084082E+005  0.5573260E+003  0.8604743E+001  0.1173184E+004 -0.7074680E+003  0.0000000E+000
 168.000    16061980  0.2084311E+005  0.5571623E+003  0.8609460E+001  0.1185131E+004 -0.7172007E+003  0.0000000E+000
 169.000    17061980  0.2084672E+005  0.5569988E+003  0.8612891E+001  0.1196773E+004 -0.7253061E+003  0.0000000E+000
 170.000    18061980  0.2085147E+005  0.5569809E+003  0.8616044E+001  0.1207934E+004 -0.7316337E+003  0.0000000E+000
 171.000    19061980  0.2085684E+005  0.5570775E+003  0.8621300E+001  0.1220930E+004 -0.7390690E+003  0.0000000E+000
 172.000    20061980  0.2086004E+005  0.5571368E+003  0.8627086E+001  0.1233379E+004 -0.7481657E+003  0.0000000E+000
 173.000    21061980  0.2086430E+005  0.5571809E+003  0.8630101E+001  0.1244791E+004 -0.7551812E+003  0.0000000E+000
 174.000    22061980  0.2086808E+005  0.5572592E+003  0.8633941E+001  0.1256558E+004 -0.7630032E+003  0.0000000E+000
 175.000    23061980  0.2087097E+005  0.5572397E+003  0.8638296E+001  0.1268784E+004 -0.7722656E+003  0.0000000E+000
 176.000    24061980  0.2087435E+005  0.5571397E+003  0.8641240E+001  0.1279909E+004 -0.7800253E+003  0.0000000E+000
 177.000    25061980  0.2087537E+005  0.5570505E+003  0.8644369E+001  0.1288089E+004 -0.7871796E+003  0.0000000E+000
 178.000    26061980  0.2087976E+005  0.5569317E+003  0.8647716E+001  0.1299811E+004 -0.7945359E+003  0.0000000E+000
 179.000    27061980  0.2088383E+005  0.5568485E+003  0.8652018E+001  0.1313158E+004 -0.8038002E+003  0.0000000E+000
 180.000    28061980  0.2088487E+005  0.5566175E+003  0.8655040E+001  0.1325226E+004 -0.8149492E+003  0.0000000E+000
 181.000    29061980  0.2088662E+005  0.5562171E+003  0.8656867E+001  0.1337614E+004 -0.8258487E+003  0.0000000E+000
 182.000    30061980  0.2087599E+005  0.5554332E+003  0.8652641E+001  0.1350058E+004 -0.8352804E+003  0.0000000E+000
 183.000    01071980  0.2087953E+005  0.5551387E+003  0.8654010E+001  0.1361725E+004 -0.8435088E+003  0.0000000E+000
 184.000    02071980  0.2088146E+005  0.5548245E+003  0.8655769E+001  0.1373618E+004 -0.8535944E+003  0.0000000E+000
 185.000    03071980  0.2088336E+005  0.5543624E+003  0.8657087E+001  0.1385723E+004 -0.8640418E+003  0.0000000E+000
 186.000    04071980  0.2088452E+005  0.5538152E+003  0.8658107E+001  0.1396470E+004 -0.8739299E+003  0.0000000E+000
 187.000    05071980  0.2088589E+005  0.5532060E+003  0.8658988E+001  0.1408787E+004 -0.8851960E+003  0.0000000E+000
 188.000    06071980  0.2088665E+005  0.5525193E+003  0.8659469E+001  0.1420483E+004 -0.8964991E+003  0.0000000E+000
 189.000    07071980  0.2089008E+005  0.5519390E+003  0.8659816E+001  0.1432367E+004 -0.9052100E+003  0.0000000E+000
 190.000    08071980  0.2089326E+005  0.5514338E+003  0.8660314E+001  0.1444545E+004 -0.9143943E+003  0.0000000E+000
 191.000    09071980  0.2089469E+005  0.5508404E+003  0.8660827E+001  0.1456270E+004 -0.9249460E+003  0.0000000E+000
 192.000    10071980  0.2089515E+005  0.5501185E+003  0.8661205E+001  0.1467443E+004 -0.9360193E+003  0.0000000E+000
 193.000    11071980  0.2089752E+005  0.5494002E+003  0.8661545E+001  0.1479418E+004 -0.9459703E+003  0.0000000E+000
 194.000    12071980  0.2089850E+005  0.5486905E+003  0.8661898E+001  0.1490995E+004 -0.9568907E+003  0.0000000E+000
 195.000    13071980  0.2089945E+005  0.5479243E+003  0.8662156E+001  0.1501195E+004 -0.9665064E+003  0.0000000E+000
 196.000    14071980  0.2090278E+005  0.5472418E+003  0.8662548E+001  0.1513637E+004 -0.9758903E+003  0.0000000E+000
 197.000    15071980  0.2090478E+005  0.5466028E+003  0.8662960E+001  0.1525240E+004 -0.9857311E+003  0.0000000E+000
 198.000    16071980  0.2090529E+005  0.5458906E+003  0.8663291E+001  0.1536921E+004 -0.9972099E+003  0.0000000E+000
 199.000    17071980  0.2090593E+005  0.5450745E+003  0.8663554E+001  0.1548712E+004 -0.1008751E+004  0.0000000E+000
 200.000    18071980  0.2090759E+005  0.5441983E+003  0.8663842E+001  0.1560504E+004 -0.1019308E+004  0.0000000E+000
 201.000    19071980  0.2090936E+005  0.5433567E+003  0.8664235E+001  0.1572996E+004 -0.1030410E+004  0.0000000E+000
 202.000    20071980  0.2091030E+005  0.5424463E+003  0.8664551E+001  0.1585074E+004 -0.1041977E+004  0.0000000E+000
 203.000    21071980  0.2091045E+005  0.5414813E+003  0.8664776E+001  0.1595988E+004 -0.1053213E+004  0.0000000E+000
 204.000    22071980  0.2091236E+005  0.5405316E+003  0.8665029E+001  0.1607580E+004 -0.1063330E+004  0.0000000E+000
 205.000    23071980  0.2091394E+005  0.5396266E+003  0.8665310E+001  0.1617811E+004 -0.1072386E+004  0.0000000E+000
 206.000    24071980  0.2091749E+005  0.5388093E+003  0.8665718E+001  0.1630194E+004 -0.1081535E+004  0.0000000E+000
 207.000    25071980  0.2092039E+005  0.5380608E+003  0.8666190E+001  0.1642427E+004 -0.1091138E+004  0.0000000E+000
 208.000    26071980  0.2092275E+005  0.5372994E+003  0.8666621E+001  0.1654427E+004 -0.1101080E+004  0.0000000E+000
 209.000    27071980  0.2092512E+005  0.5365218E+003  0.8667020E+001  0.1666379E+004 -0.1110971E+004  0.0000000E+000
 210.000    28071980  0.2092831E+005  0.5357657E+003  0.8667433E+001  0.1678390E+004 -0.1120091E+004  0.0000000E+000
 211.000    29071980  0.2093080E+005  0.5350198E+003  0.8667929E+001  0.1690229E+004 -0.1129737E+004  0.0000000E+000
 212.000    30071980  0.2091798E+005  0.5338594E+003  0.8662545E+001  0.1701791E+004 -0.1140557E+004  0.0000000E+000
 213.000    31071980  0.2091819E+005  0.5329769E+003  0.8662778E+001  0.1712970E+004 -0.1151938E+004  0.0000000E+000
 214.000    01081980  0.2091911E+005  0.5320373E+003  0.8662990E+001  0.1724377E+004 -0.1162872E+004  0.0000000E+000
 215.000    02081980  0.2091978E+005  0.5310619E+003  0.8663193E+001  0.1735372E+004 -0.1173668E+004  0.0000000E+000
 216.000    03081980  0.2091925E+005  0.5300489E+003  0.8662839E+001  0.1746259E+004 -0.1185552E+004  0.0000000E+000
 217.000    04081980  0.2091922E+005  0.5289978E+003  0.8662008E+001  0.1756951E+004 -0.1196748E+004  0.0000000E+000
 218.000    05081980  0.2091989E+005  0.5279652E+003  0.8661287E+001  0.1768045E+004 -0.1207621E+004  0.0000000E+000
 219.000    06081980  0.2091976E+005  0.5269019E+003  0.8660401E+001  0.1779008E+004 -0.1219185E+004  0.0000000E+000
 220.000    07081980  0.2091960E+005  0.5258128E+003  0.8659480E+001  0.1789887E+004 -0.1230699E+004  0.0000000E+000
 221.000    08081980  0.2091882E+005  0.5246897E+003  0.8658474E+001  0.1799992E+004 -0.1242093E+004  0.0000000E+000
 222.000    09081980  0.2091813E+005  0.5235486E+003  0.8657392E+001  0.1810592E+004 -0.1253889E+004  0.0000000E+000
 223.000    10081980  0.2091751E+005  0.5223759E+003  0.8656296E+001  0.1821327E+004 -0.1265768E+004  0.0000000E+000
 224.000    11081980  0.2091800E+005  0.5212034E+003  0.8655395E+001  0.1832566E+004 -0.1277028E+004  0.0000000E+000
 225.000    12081980  0.2091904E+005  0.5200558E+003  0.8654690E+001  0.1843436E+004 -0.1287359E+004  0.0000000E+000
 226.000    13081980  0.2091965E+005  0.5189410E+003  0.8653956E+001  0.1854010E+004 -0.1297786E+004  0.0000000E+000
 227.000    14081980  0.2091995E+005  0.5178453E+003  0.8653158E+001  0.1864497E+004 -0.1308434E+004  0.0000000E+000
 228.000    15081980  0.2092060E+005  0.5166990E+003  0.8652388E+001  0.1875530E+004 -0.1319311E+004  0.0000000E+000
 229.000    16081980  0.2092169E+005  0.5155584E+003  0.8651724E+001  0.1886068E+004 -0.1329255E+004  0.0000000E+000
 230.000    17081980  0.2092407E+005  0.5145376E+003  0.8651224E+001  0.1895803E+004 -0.1337015E+004  0.0000000E+000
 231.000    18081980  0.2092763E+005  0.5137240E+003  0.8651057E+001  0.1906200E+004 -0.1344104E+004  0.0000000E+000
 232.000    19081980  0.2093064E+005  0.5129087E+003  0.8651151E+001  0.1917951E+004 -0.1353106E+004  0.0000000E+000
 233.000    20081980  0.2093263E+005  0.5120251E+003  0.8650992E+001  0.1929458E+004 -0.1362966E+004  0.0000000E+000
 234.000    21081980  0.2093499E+005  0.5111412E+003  0.8650691E+001  0.1940269E+004 -0.1371766E+004  0.0000000E+000
 235.000    22081980  0.2093809E+005  0.5103169E+003  0.8650487E+001  0.1951031E+004 -0.1379729E+004  0.0000000E+000
 236.000    23081980  0.2094144E+005  0.5095781E+003  0.8650366E+001  0.1962261E+004 -0.1387847E+004  0.0000000E+000
 237.000    24081980  0.2094402E+005  0.5088684E+003  0.8650234E+001  0.1972759E+004 -0.1395995E+004  0.0000000E+000
 238.000    25081980  0.2094570E+005  0.5081643E+003  0.8650022E+001  0.1983364E+004 -0.1405157E+004  0.0000000E+000
 239.000    26081980  0.2094694E+005  0.5074354E+003  0.8649614E+001  0.1993494E+004 -0.1414309E+004  0.0000000E+000
 240.000    27081980  0.2094832E+005  0.5066992E+003  0.8649163E+001  0.2003602E+004 -0.1423323E+004  0.0000000E+000
 241.000    28081980  0.2094915E+005  0.5059344E+003  0.8648610E+001  0.2013631E+004 -0.1432824E+004  0.0000000E+000
 242.000    29081980  0.2095022E+005  0.5051454E+003  0.8648021E+001  0.2023777E+004 -0.1442228E+004  0.0000000E+000
 243.000    30081980  0.2093801E+005  0.5040043E+003  0.8641703E+001  0.2034516E+004 -0.1451583E+004  0.0000000E+000
 244.000    31081980  0.2093962E+005  0.5031693E+003  0.8641174E+001  0.2045342E+004 -0.1461157E+004  0.0000000E+000
 245.000    01091980  0.2093995E+005  0.5022969E+003  0.8640471E+001  0.2055781E+004 -0.1471639E+004  0.0000000E+000
 246.000    02091980  0.2093996E+005  0.5013420E+003  0.8639683E+001  0.2065584E+004 -0.1481880E+004  0.0000000E+000
 247.000    03091980  0.2094086E+005  0.5003658E+003  0.8638995E+001  0.2075676E+004 -0.1491514E+004  0.0000000E+000
 248.000    04091980  0.2094277E+005  0.4994091E+003  0.8638478E+001  0.2085913E+004 -0.1500261E+004  0.0000000E+000
 249.000    05091980  0.2094501E+005  0.4985331E+003  0.8638090E+001  0.2096668E+004 -0.1509117E+004  0.0000000E+000
 250.000    06091980  0.2094621E+005  0.4976361E+003  0.8636693E+001  0.2106633E+004 -0.1518243E+004  0.0000000E+000
 251.000    07091980  0.2094772E+005  0.4967460E+003  0.8634625E+001  0.2117291E+004 -0.1527736E+004  0.0000000E+000
 252.000    08091980  0.2094990E+005  0.4958879E+003  0.8630724E+001  0.2127964E+004 -0.1536497E+004  0.0000000E+000
 253.000    09091980  0.2095163E+005  0.4950848E+003  0.8629672E+001  0.2138150E+004 -0.1545229E+004  0.0000000E+000
 254.000    10091980  0.2095367E+005  0.4943308E+003  0.8627098E+001  0.2148180E+004 -0.1553424E+004  0.0000000E+000
 255.000    11091980  0.2095550E+005  0.4935745E+003  0.8624990E+001  0.2158257E+004 -0.1561905E+004  0.0000000E+000
 256.000    12091980  0.2095713E+005  0.4928636E+003  0.8623205E+001  0.2168213E+004 -0.1570436E+004  0.0000000E+000
 257.000    13091980  0.2095897E+005  0.4921733E+003  0.8620252E+001  0.2178136E+004 -0.1578696E+004  0.0000000E+000
 258.000    14091980  0.2095966E+005  0.4914220E+003  0.8619501E+001  0.2188160E+004 -0.1588316E+004  0.0000000E+000
 259.000    15091980  0.2095995E+005  0.4906218E+003  0.8615912E+001  0.2197857E+004 -0.1597989E+004  0.0000000E+000
 260.000    16091980  0.2096149E+005  0.4898276E+003  0.8609964E+001  0.2207521E+004 -0.1606304E+004  0.0000000E+000
 261.000    17091980  0.2096365E+005  0.4890382E+003  0.8608804E+001  0.2218530E+004 -0.1615456E+004  0.0000000E+000
 262.000    18091980  0.2096348E+005  0.4882017E+003  0.8607512E+001  0.2226431E+004 -0.1623866E+004  0.0000000E+000
 263.000    19091980  0.2096439E+005  0.4873723E+003  0.8605664E+001  0.2235047E+004 -0.1631885E+004  0.0000000E+000
 264.000    20091980  0.2096741E+005  0.4865973E+003  0.8604186E+001  0.2245715E+004 -0.1639810E+004  0.0000000E+000
 265.000    21091980  0.2096872E+005  0.4858483E+003  0.8604179E+001  0.2255492E+004 -0.1648554E+004  0.0000000E+000
 266.000    22091980  0.2096938E+005  0.4850204E+003  0.8602868E+001  0.2265801E+004 -0.1658536E+004  0.0000000E+000
 267.000    23091980  0.2096916E+005  0.4841308E+003  0.8598987E+001  0.2275360E+004 -0.1668640E+004  0.0000000E+000
 268.000    24091980  0.2096919E+005  0.4832152E+003  0.8591428E+001  0.2283743E+004 -0.1677221E+004  0.0000000E+000
 269.000    25091980  0.2097143E+005  0.4823666E+003  0.8587349E+001  0.2293912E+004 -0.1685401E+004  0.0000000E+000
 270.000    26091980  0.2097259E+005  0.4815577E+003  0.8585951E+001  0.2303374E+004 -0.1693993E+004  0.0000000E+000
 271.000    27091980  0.2097566E+005  0.4809461E+003  0.8574743E+001  0.2311687E+004 -0.1699100E+004  0.0000000E+000
 272.000    28091980  0.2097851E+005  0.4805467E+003  0.8568367E+001  0.2318874E+004 -0.1703268E+004  0.0000000E+000
 273.000    29091980  0.2098102E+005  0.4803045E+003  0.8567568E+001  0.2325775E+004 -0.1707512E+004  0.0000000E+000
 274.000    30091980  0.2097023E+005  0.4798065E+003  0.8562525E+001  0.2334486E+004 -0.1712913E+004  0.0000000E+000
 275.000    01101980  0.2097321E+005  0.4796122E+003  0.8563209E+001  0.2343569E+004 -0.1718926E+004  0.0000000E+000
 276.000    02101980  0.2097647E+005  0.4794784E+003  0.8562535E+001  0.2352579E+004 -0.1724554E+004  0.0000000E+000
 277.000    03101980  0.2097829E+005  0.4792727E+003  0.8563167E+001  0.2360918E+004 -0.1731030E+004  0.0000000E+000
 278.000    04101980  0.2098157E+005  0.4791284E+003  0.8561195E+001  0.2369356E+004 -0.1736079E+004  0.0000000E+000
 279.000    05101980  0.2098596E+005  0.4791612E+003  0.8554027E+001  0.2377931E+004 -0.1739826E+004  0.0000000E+000
 280.000    06101980  0.2098877E+005  0.4793618E+003  0.8545699E+001  0.2384722E+004 -0.1743189E+004  0.0000000E+000
 281.000    07101980  0.2099146E+005  0.4796519E+003  0.8539429E+001  0.2392122E+004 -0.1747265E+004  0.0000000E+000
 282.000    08101980  0.2099381E+005  0.4799198E+003  0.8538253E+001  0.2400106E+004 -0.1752431E+004  0.0000000E+000
 283.000    09101980  0.2099549E+005  0.4800252E+003  0.8539550E+001  0.2408777E+004 -0.1759178E+004  0.0000000E+000
 284.000    10101980  0.2099715E+005  0.4799494E+003  0.8540597E+001  0.2417738E+004 -0.1766433E+004  0.0000000E+000
 285.000    11101980  0.2099889E+005  0.4798050E+003  0.8541393E+001  0.2426610E+004 -0.1773584E+004  0.0000000E+000
 286.000    12101980  0.2100121E+005  0.4797132E+003  0.8533462E+001  0.2433691E+004 -0.1778097E+004  0.0000000E+000
 287.000    13101980  0.2100379E+005  0.4798271E+003  0.8520588E+001  0.2440201E+004 -0.1781424E+004  0.0000000E+000
 288.000    14101980  0.2100592E+005  0.4800651E+003  0.8507641E+001  0.2446675E+004 -0.1785053E+004  0.0000000E+000
 289.000    15101980  0.2100802E+005  0.4803211E+003  0.8501816E+001  0.2454017E+004 -0.1789738E+004  0.0000000E+000
 290.000    16101980  0.2101004E+005  0.4804466E+003  0.8502798E+001  0.2462538E+004 -0.1796002E+004  0.0000000E+000
 291.000    17101980  0.2101174E+005  0.4804281E+003  0.8503790E+001  0.2471399E+004 -0.1803080E+004  0.0000000E+000
 292.000    18101980  0.2101263E+005  0.4802777E+003  0.8504572E+001  0.2479284E+004 -0.1810109E+004  0.0000000E+000
 293.000    19101980  0.2101241E+005  0.4800668E+003  0.8505126E+001  0.2485565E+004 -0.1816707E+004  0.0000000E+000
 294.000    20101980  0.2101536E+005  0.4799635E+003  0.8502193E+001  0.2493253E+004 -0.1821350E+004  0.0000000E+000
 295.000    21101980  0.2101791E+005  0.4800702E+003  0.8490574E+001  0.2500299E+004 -0.1825302E+004  0.0000000E+000
 296.000    22101980  0.2102036E+005  0.4802493E+003  0.8486272E+001  0.2507665E+004 -0.1829797E+004  0.0000000E+000
 297.000    23101980  0.2102301E+005  0.4804433E+003  0.8484676E+001  0.2515068E+004 -0.1834195E+004  0.0000000E+000
 298.000    24101980  0.2102589E+005  0.4807101E+003  0.8480230E+001  0.2521989E+004 -0.1837740E+004  0.0000000E+000
 299.000    25101980  0.2102862E+005  0.4810351E+003  0.8480363E+001  0.2528953E+004 -0.1841546E+004  0.0000000E+000
 300.000    26101980  0.2102996E+005  0.4814660E+003  0.8465229E+001  0.2534016E+004 -0.1844323E+004  0.0000000E+000
 301.000    27101980  0.2103114E+005  0.4819670E+003  0.8447765E+001  0.2539153E+004 -0.1847189E+004  0.0000000E+000
 302.000    28101980  0.2103269E+005  0.4823900E+003  0.8449257E+001  0.2545967E+004 -0.1851925E+004  0.0000000E+000
 303.000    29101980  0.2103496E+005  0.4826411E+003  0.8450419E+001  0.2553465E+004 -0.1856801E+004  0.0000000E+000
 304.000    30101980  0.2102073E+005  0.4826361E+003  0.8431990E+001  0.2556868E+004 -0.1859725E+004  0.0000000E+000
 305.000    31101980  0.2102266E+005  0.4830354E+003  0.8421267E+001  0.2563019E+004 -0.1863132E+004  0.0000000E+000
 306.000    01111980  0.2102396E+005  0.4834318E+003  0.8411801E+001  0.2568858E+004 -0.1866892E+004  0.0000000E+000
 307.000    02111980  0.2102520E+005  0.4838071E+003  0.8403272E+001  0.2574248E+004 -0.1870323E+004  0.0000000E+000
 308.000    03111980  0.2102614E+005  0.4842314E+003  0.8388125E+001  0.2579306E+004 -0.1873479E+004  0.0000000E+000
 309.000    04111980  0.2102816E+005  0.4845957E+003  0.8388436E+001  0.2585850E+004 -0.1877502E+004  0.0000000E+000
 310.000    05111980  0.2103013E+005  0.4849112E+003  0.8386625E+001  0.2592243E+004 -0.1881439E+004  0.0000000E+000
 311.000    06111980  0.2103194E+005  0.4853184E+003  0.8379181E+001  0.2597935E+004 -0.1884595E+004  0.0000000E+000
 312.000    07111980  0.2103271E+005  0.4857898E+003  0.8365095E+001  0.2603162E+004 -0.1888053E+004  0.0000000E+000
 313.000    08111980  0.2103386E+005  0.4861490E+003  0.8365267E+001  0.2609702E+004 -0.1892940E+004  0.0000000E+000
 314.000    09111980  0.2103483E+005  0.4863298E+003  0.8366873E+001  0.2616664E+004 -0.1898632E+004  0.0000000E+000
 315.000    10111980  0.2103607E+005  0.4864320E+003  0.8367826E+001  0.2623297E+004 -0.1903821E+004  0.0000000E+000
 316.000    11111980  0.2103607E+005  0.4866775E+003  0.8352090E+001  0.2626838E+004 -0.1906472E+004  0.0000000E+000
 317.000    12111980  0.2103577E+005  0.4870454E+003  0.8341109E+001  0.2629809E+004 -0.1908605E+004  0.0000000E+000
 318.000    13111980  0.2103649E+005  0.4874648E+003  0.8332717E+001  0.2634386E+004 -0.1911372E+004  0.0000000E+000
 319.000    14111980  0.2103719E+005  0.4878820E+003  0.8326877E+001  0.2639473E+004 -0.1914830E+004  0.0000000E+000
 320.000    15111980  0.2103755E+005  0.4881372E+003  0.8328211E+001  0.2644506E+004 -0.1919121E+004  0.0000000E+000
 321.000    16111980  0.2103840E+005  0.4883816E+003  0.8324036E+001  0.2649044E+004 -0.1922291E+004  0.0000000E+000
 322.000    17111980  0.2103765E+005  0.4887775E+003  0.8311062E+001  0.2651731E+004 -0.1924428E+004  0.0000000E+000
 323.000    18111980  0.2103879E+005  0.4892311E+003  0.8301976E+001  0.2656533E+004 -0.1926933E+004  0.0000000E+000
 324.000    19111980  0.2103800E+005  0.4897161E+003  0.8290039E+001  0.2659198E+004 -0.1929000E+004  0.0000000E+000
 325.000    20111980  0.2103640E+005  0.4902292E+003  0.8278595E+001  0.2662572E+004 -0.1931012E+004  0.0000000E+000
 326.000    21111980  0.2103535E+005  0.4907650E+003  0.8269507E+001  0.2666694E+004 -0.1933399E+004  0.0000000E+000
 327.000    22111980  0.2103371E+005  0.4912961E+003  0.8259602E+001  0.2669917E+004 -0.1935583E+004  0.0000000E+000
 328.000    23111980  0.2103332E+005  0.4918315E+003  0.8252151E+001  0.2674530E+004 -0.1938084E+004  0.0000000E+000
 329.000    24111980  0.2103384E+005  0.4922469E+003  0.8254402E+001  0.2681090E+004 -0.1942303E+004  0.0000000E+000
 330.000    25111980  0.2103365E+005  0.4924899E+003  0.8255838E+001  0.2686533E+004 -0.1946382E+004  0.0000000E+000
 331.000    26111980  0.2103187E+005  0.4928874E+003  0.8242427E+001  0.2689164E+004 -0.1948528E+004  0.0000000E+000
 332.000    27111980  0.2103141E+005  0.4933596E+003  0.8233096E+001  0.2693156E+004 -0.1950770E+004  0.0000000E+000
 333.000    28111980  0.2103177E+005  0.4938118E+003  0.8230569E+001  0.2697963E+004 -0.1953530E+004  0.0000000E+000
 334.000    29111980  0.2103059E+005  0.4943376E+003  0.8220545E+001  0.2701085E+004 -0.1955661E+004  0.0000000E+000
 335.000    30111980  0.2101586E+005  0.4945524E+003  0.8206966E+001  0.2704780E+004 -0.1958055E+004  0.0000000E+000
 336.000    01121980  0.2101520E+005  0.4950785E+003  0.8200073E+001  0.2708921E+004 -0.1960929E+004  0.0000000E+000
 337.000    02121980  0.2101483E+005  0.4955260E+003  0.8195661E+001  0.2713574E+004 -0.1964300E+004  0.0000000E+000
 338.000    03121980  0.2101293E+005  0.4958834E+003  0.8187677E+001  0.2715932E+004 -0.1966936E+004  0.0000000E+000
 339.000    04121980  0.2101151E+005  0.4963216E+003  0.8175577E+001  0.2718309E+004 -0.1968746E+004  0.0000000E+000
 340.000    05121980  0.2101054E+005  0.4967882E+003  0.8164360E+001  0.2721188E+004 -0.1970661E+004  0.0000000E+000
 341.000    06121980  0.2101081E+005  0.4972648E+003  0.8159270E+001  0.2726069E+004 -0.1973668E+004  0.0000000E+000
 342.000    07121980  0.2101110E+005  0.4975677E+003  0.8161348E+001  0.2731938E+004 -0.1978231E+004  0.0000000E+000
 343.000    08121980  0.2101120E+005  0.4977550E+003  0.8159665E+001  0.2737238E+004 -0.1982506E+004  0.0000000E+000
 344.000    09121980  0.2101137E+005  0.4979021E+003  0.8159222E+001  0.2741829E+004 -0.1986149E+004  0.0000000E+000
 345.000    10121980  0.2101226E+005  0.4980268E+003  0.8160973E+001  0.2747650E+004 -0.1990398E+004  0.0000000E+000
 346.000    11121980  0.2101136E+005  0.4983230E+003  0.8148832E+001  0.2750393E+004 -0.1992601E+004  0.0000000E+000
 347.000    12121980  0.2101077E+005  0.4987373E+003  0.8137738E+001  0.2753437E+004 -0.1994650E+004  0.0000000E+000
 348.000    13121980  0.2101031E+005  0.4991868E+003  0.8129505E+001  0.2756979E+004 -0.1997170E+004  0.0000000E+000
 349.000    14121980  0.2100954E+005  0.4996060E+003  0.8121699E+001  0.2759862E+004 -0.1999508E+004  0.0000000E+000
 350.000    15121980  0.2100893E+005  0.5000718E+003  0.8110858E+001  0.2762793E+004 -0.2001469E+004  0.0000000E+000
 351.000    16121980  0.2100876E+005  0.5005609E+003  0.8101880E+001  0.2766211E+004 -0.2003592E+004  0.0000000E+000
 352.000    17121980  0.2100818E+005  0.5010559E+003  0.8092029E+001  0.2769228E+004 -0.2005674E+004  0.0000000E+000
 353.000    18121980  0.2100729E+005  0.5015761E+003  0.8081974E+001  0.2771877E+004 -0.2007612E+004  0.0000000E+000
 354.000    19121980  0.2100736E+005  0.5020914E+003  0.8073807E+001  0.2775698E+004 -0.2009913E+004  0.0000000E+000
 355.000    20121980  0.2100541E+005  0.5025958E+003  0.8059961E+001  0.2777223E+004 -0.2011686E+004  0.0000000E+000
 356.000    21121980  0.2100276E+005  0.5031417E+003  0.8047603E+001  0.2777474E+004 -0.2012933E+004  0.0000000E+000
 357.000    22121980  0.2100058E+005  0.5036444E+003  0.8036166E+001  0.2778111E+004 -0.2014208E+004  0.0000000E+000
 358.000    23121980  0.2099860E+005  0.5041217E+003  0.8021284E+001  0.2779413E+004 -0.2015766E+004  0.0000000E+000
 359.000    24121980  0.2099836E+005  0.5046000E+003  0.8009668E+001  0.2782450E+004 -0.2017523E+004  0.0000000E+000
 360.000    25121980  0.2099557E+005  0.5050790E+003  0.7997963E+001  0.2782760E+004 -0.2019110E+004  0.0000000E+000
 361.000    26121980  0.2099324E+005  0.5055187E+003  0.7987634E+001  0.2782894E+004 -0.2020185E+004  0.0000000E+000
 362.000    27121980  0.2099082E+005  0.5059231E+003  0.7974696E+001  0.2783212E+004 -0.2021407E+004  0.0000000E+000
 363.000    28121980  0.2098937E+005  0.5063074E+003  0.7960067E+001  0.2784816E+004 -0.2022885E+004  0.0000000E+000
 364.000    29121980  0.2099005E+005  0.5067092E+003  0.7951383E+001  0.2788809E+004 -0.2024930E+004  0.0000000E+000
 365.000    30121980  0.2097710E+005  0.5068092E+003  0.7938696E+001  0.2792911E+004 -0.2026973E+004  0.0000000E+000
 366.000    31121980  0.2097647E+005  0.5072785E+003  0.7928424E+001  0.2795434E+004 -0.2028830E+004  0.0000000E+000
