    DOY     DATE    SHOOT_C         ROOT_C          LAI             GPP             AUTO_RESP       HVST_C          
  30.000    30011947  0.2244315E+002  0.9356298E+003  0.9946151E-003  0.0000000E+000 -0.3316286E+002  0.0000000E+000
  60.000    01031947  0.2085466E+002  0.8733163E+003  0.0000000E+000  0.0000000E+000 -0.6469547E+002  0.0000000E+000
  90.000    31031947  0.6659559E+001  0.8136859E+003  0.3001071E+000  0.1038858E+001 -0.9882679E+002  0.0000000E+000
 120.000    30041947  0.1052493E+003  0.8006683E+003  0.3130563E+001  0.1470184E+003 -0.1857829E+003  0.0000000E+000
 150.000    30051947  0.3118885E+003  0.8663120E+003  0.6878620E+001  0.6204415E+003 -0.3778032E+003  0.0000000E+000
 180.000    29061947  0.4993205E+003  0.9035006E+003  0.8370745E+001  0.1126571E+004 -0.6503881E+003  0.0000000E+000
 210.000    29071947  0.6375762E+003  0.9304699E+003  0.8422263E+001  0.1582005E+004 -0.9312616E+003  0.0000000E+000
 240.000    28081947  0.6876205E+003  0.1032786E+004  0.8422263E+001  0.2015200E+004 -0.1200042E+004  0.0000000E+000
 270.000    27091947  0.4620747E+003  0.1234267E+004  0.2320361E+001  0.2391663E+004 -0.1447858E+004  0.0000000E+000
 300.000    27101947  0.3844620E+003  0.1260057E+004  0.8941660E+000  0.2520712E+004 -0.1564656E+004  0.0000000E+000
 330.000    26111947  0.9534467E+002  0.1145722E+004  0.6112434E+000  0.2538854E+004 -0.1639188E+004  0.0000000E+000
 360.000    26121947  0.2589694E+002  0.1061790E+004  0.2399353E+000  0.2538854E+004 -0.1683258E+004  0.0000000E+000
