    DOY     DATE    PRECN           ET              WATER           DISCHG          SNOWPACK        WTR_1           WTR_2           WTR_3           WTR_4           WTR_5           WTR_6           ICE_2           ICE_3           ICE_4           ICE_5           ICE_6           ICE_7           PSI_3           PSI_4           PSI_5           PSI_6           PSI_7           PSI_8           ACTV_LYR        
  30.000    30011963  0.3968000E+002  0.2536559E+002  0.7886712E+003  0.6276378E+002  0.0000000E+000  0.3250818E+000  0.3291981E+000  0.3364423E+000  0.2620897E+000  0.2527753E+000  0.3505684E+000  0.9899969E-012  0.9672458E-012  0.0000000E+000  0.0000000E+000  0.0000000E+000  0.0000000E+000 -0.8935725E-002 -0.7602707E-002 -0.5581016E-002 -0.2943074E-002 -0.2854046E-002 -0.4443353E-002 -0.9999000E+004
  60.000    01031963  0.2052600E+003  0.4608401E+002  0.8907507E+003  0.1023786E+003  0.4927121E+002  0.3587006E+000  0.3567111E+000  0.3596153E+000  0.2964951E+000  0.2804013E+000  0.3771062E+000  0.9913697E-012  0.9672458E-012  0.0000000E+000  0.0000000E+000  0.0000000E+000  0.0000000E+000 -0.4919799E-002 -0.4280438E-002 -0.3343983E-002 -0.1598213E-002 -0.2494787E-002 -0.2577358E-002 -0.9999000E+004
  90.000    31031963  0.3887400E+003  0.8896958E+002  0.8567518E+003  0.2805008E+003  0.0000000E+000  0.3375485E+000  0.3471529E+000  0.3628780E+000  0.2956115E+000  0.2887719E+000  0.3615424E+000  0.9913697E-012  0.9672458E-012  0.0000000E+000  0.0000000E+000  0.0000000E+000  0.0000000E+000 -0.5498775E-002 -0.4253975E-002 -0.2773587E-002 -0.2334419E-002 -0.2497353E-002 -0.3454885E-002 -0.9999000E+004
 120.000    30041963  0.5138100E+003  0.1569552E+003  0.8171196E+003  0.3772174E+003  0.0000000E+000  0.3706898E+000  0.3851163E+000  0.3790731E+000  0.3064294E+000  0.3168205E+000  0.3504442E+000  0.9913697E-012  0.9672458E-012  0.0000000E+000  0.0000000E+000  0.0000000E+000  0.0000000E+000 -0.3677870E-002 -0.2837985E-002 -0.2547241E-002 -0.3119504E-002 -0.3042753E-002 -0.4673363E-002 -0.9999000E+004
 150.000    30051963  0.6451500E+003  0.2320438E+003  0.7676618E+003  0.4829265E+003  0.0000000E+000  0.2936765E+000  0.3149014E+000  0.3139627E+000  0.2435180E+000  0.2359813E+000  0.3416966E+000  0.9913697E-012  0.9672458E-012  0.0000000E+000  0.0000000E+000  0.0000000E+000  0.0000000E+000 -0.1242414E-001 -0.1085244E-001 -0.7749425E-002 -0.3615830E-002 -0.3337052E-002 -0.5235556E-002 -0.9999000E+004
 180.000    29061963  0.8426400E+003  0.3344683E+003  0.8329480E+003  0.5127058E+003  0.0000000E+000  0.3354192E+000  0.3419388E+000  0.3523313E+000  0.2834846E+000  0.2738460E+000  0.3546925E+000  0.9913697E-012  0.9672458E-012  0.0000000E+000  0.0000000E+000  0.0000000E+000  0.0000000E+000 -0.6539556E-002 -0.5199991E-002 -0.3813052E-002 -0.2679585E-002 -0.2674813E-002 -0.3581614E-002 -0.9999000E+004
 210.000    29071963  0.1010320E+004  0.4281494E+003  0.8220571E+003  0.5975957E+003  0.0000000E+000  0.3378224E+000  0.3443717E+000  0.3560450E+000  0.2887991E+000  0.2896985E+000  0.3551113E+000  0.9913697E-012  0.9672458E-012  0.0000000E+000  0.0000000E+000  0.0000000E+000  0.0000000E+000 -0.6154647E-002 -0.4769696E-002 -0.2895770E-002 -0.2655572E-002 -0.2860024E-002 -0.4288910E-002 -0.9999000E+004
 240.000    28081963  0.1159320E+004  0.5091750E+003  0.8388266E+003  0.6488005E+003  0.0000000E+000  0.3497487E+000  0.3548529E+000  0.3561732E+000  0.2962655E+000  0.2960828E+000  0.3574502E+000  0.9913697E-012  0.9672458E-012  0.0000000E+000  0.0000000E+000  0.0000000E+000  0.0000000E+000 -0.4929120E-002 -0.4227617E-002 -0.2621921E-002 -0.2519333E-002 -0.2560639E-002 -0.3110793E-002 -0.9999000E+004
 270.000    27091963  0.1236650E+004  0.5744045E+003  0.7996026E+003  0.7001249E+003  0.0000000E+000  0.3343253E+000  0.3465715E+000  0.3484752E+000  0.2826124E+000  0.2681055E+000  0.3571997E+000  0.9913697E-012  0.9672458E-012  0.0000000E+000  0.0000000E+000  0.0000000E+000  0.0000000E+000 -0.6616238E-002 -0.5269002E-002 -0.4232387E-002 -0.2531488E-002 -0.2511367E-002 -0.2579715E-002 -0.9999000E+004
 300.000    27101963  0.1375060E+004  0.6153199E+003  0.8193930E+003  0.7778292E+003  0.0000000E+000  0.3383599E+000  0.3329665E+000  0.3376737E+000  0.2670095E+000  0.2594559E+000  0.3543269E+000  0.9913697E-012  0.9672458E-012  0.0000000E+000  0.0000000E+000  0.0000000E+000  0.0000000E+000 -0.8348759E-002 -0.6955528E-002 -0.4921134E-002 -0.2701069E-002 -0.2666696E-002 -0.3770803E-002 -0.9999000E+004
 330.000    26111963  0.1462120E+004  0.6528561E+003  0.8180102E+003  0.8289526E+003  0.0000000E+000  0.3347003E+000  0.3398653E+000  0.3493510E+000  0.2790011E+000  0.2710351E+000  0.3570125E+000  0.9913697E-012  0.9672458E-012  0.0000000E+000  0.0000000E+000  0.0000000E+000  0.0000000E+000 -0.6470717E-002 -0.5643110E-002 -0.4000029E-002 -0.2542946E-002 -0.2538592E-002 -0.3098936E-002 -0.9999000E+004
 360.000    26121963  0.1538490E+004  0.6682316E+003  0.8101123E+003  0.8728776E+003  0.1671152E+003  0.3475521E+000  0.3399686E+000  0.3445050E+000  0.2763671E+000  0.2689990E+000  0.3566167E+000  0.9913697E-012  0.9672458E-012  0.0000000E+000  0.0000000E+000  0.0000000E+000  0.0000000E+000 -0.6759775E-002 -0.5908176E-002 -0.4144232E-002 -0.2565982E-002 -0.2726462E-002 -0.4258214E-002 -0.9999000E+004
