    DOY     DATE    WTR_STRESS      
   1.000    01012004  0.0000000E+000
   2.000    02012004  0.0000000E+000
   3.000    03012004  0.0000000E+000
   4.000    04012004  0.0000000E+000
   5.000    05012004  0.0000000E+000
   6.000    06012004  0.0000000E+000
   7.000    07012004  0.0000000E+000
   8.000    08012004  0.0000000E+000
   9.000    09012004  0.0000000E+000
  10.000    10012004  0.0000000E+000
  11.000    11012004  0.0000000E+000
  12.000    12012004  0.0000000E+000
  13.000    13012004  0.0000000E+000
  14.000    14012004  0.0000000E+000
  15.000    15012004  0.0000000E+000
  16.000    16012004  0.0000000E+000
  17.000    17012004  0.0000000E+000
  18.000    18012004  0.0000000E+000
  19.000    19012004  0.0000000E+000
  20.000    20012004  0.0000000E+000
  21.000    21012004  0.0000000E+000
  22.000    22012004  0.0000000E+000
  23.000    23012004  0.0000000E+000
  24.000    24012004  0.0000000E+000
  25.000    25012004  0.0000000E+000
  26.000    26012004  0.0000000E+000
  27.000    27012004  0.0000000E+000
  28.000    28012004  0.0000000E+000
  29.000    29012004  0.0000000E+000
  30.000    30012004  0.0000000E+000
  31.000    31012004  0.0000000E+000
  32.000    01022004  0.0000000E+000
  33.000    02022004  0.0000000E+000
  34.000    03022004  0.0000000E+000
  35.000    04022004  0.0000000E+000
  36.000    05022004  0.0000000E+000
  37.000    06022004  0.0000000E+000
  38.000    07022004  0.0000000E+000
  39.000    08022004  0.0000000E+000
  40.000    09022004  0.0000000E+000
  41.000    10022004  0.0000000E+000
  42.000    11022004  0.0000000E+000
  43.000    12022004  0.0000000E+000
  44.000    13022004  0.0000000E+000
  45.000    14022004  0.0000000E+000
  46.000    15022004  0.0000000E+000
  47.000    16022004  0.0000000E+000
  48.000    17022004  0.0000000E+000
  49.000    18022004  0.0000000E+000
  50.000    19022004  0.0000000E+000
  51.000    20022004  0.0000000E+000
  52.000    21022004  0.0000000E+000
  53.000    22022004  0.0000000E+000
  54.000    23022004  0.0000000E+000
  55.000    24022004  0.0000000E+000
  56.000    25022004  0.0000000E+000
  57.000    26022004  0.0000000E+000
  58.000    27022004  0.0000000E+000
  59.000    28022004  0.0000000E+000
  60.000    29022004  0.0000000E+000
  61.000    01032004  0.0000000E+000
  62.000    02032004  0.0000000E+000
  63.000    03032004  0.0000000E+000
  64.000    04032004  0.0000000E+000
  65.000    05032004  0.0000000E+000
  66.000    06032004  0.0000000E+000
  67.000    07032004  0.0000000E+000
  68.000    08032004  0.0000000E+000
  69.000    09032004  0.0000000E+000
  70.000    10032004  0.0000000E+000
  71.000    11032004  0.0000000E+000
  72.000    12032004  0.0000000E+000
  73.000    13032004  0.0000000E+000
  74.000    14032004  0.0000000E+000
  75.000    15032004  0.0000000E+000
  76.000    16032004  0.0000000E+000
  77.000    17032004  0.0000000E+000
  78.000    18032004  0.0000000E+000
  79.000    19032004  0.0000000E+000
  80.000    20032004  0.0000000E+000
  81.000    21032004  0.0000000E+000
  82.000    22032004  0.0000000E+000
  83.000    23032004  0.0000000E+000
  84.000    24032004  0.0000000E+000
  85.000    25032004  0.0000000E+000
  86.000    26032004  0.0000000E+000
  87.000    27032004  0.0000000E+000
  88.000    28032004  0.0000000E+000
  89.000    29032004  0.0000000E+000
  90.000    30032004  0.0000000E+000
  91.000    31032004  0.0000000E+000
  92.000    01042004  0.0000000E+000
  93.000    02042004  0.0000000E+000
  94.000    03042004  0.0000000E+000
  95.000    04042004  0.0000000E+000
  96.000    05042004  0.0000000E+000
  97.000    06042004  0.0000000E+000
  98.000    07042004  0.0000000E+000
  99.000    08042004  0.0000000E+000
 100.000    09042004  0.0000000E+000
 101.000    10042004  0.0000000E+000
 102.000    11042004  0.0000000E+000
 103.000    12042004  0.0000000E+000
 104.000    13042004  0.0000000E+000
 105.000    14042004  0.0000000E+000
 106.000    15042004  0.0000000E+000
 107.000    16042004  0.0000000E+000
 108.000    17042004  0.0000000E+000
 109.000    18042004  0.0000000E+000
 110.000    19042004  0.0000000E+000
 111.000    20042004  0.0000000E+000
 112.000    21042004  0.0000000E+000
 113.000    22042004  0.0000000E+000
 114.000    23042004  0.0000000E+000
 115.000    24042004  0.0000000E+000
 116.000    25042004  0.0000000E+000
 117.000    26042004  0.0000000E+000
 118.000    27042004  0.0000000E+000
 119.000    28042004  0.0000000E+000
 120.000    29042004  0.0000000E+000
 121.000    30042004  0.0000000E+000
 122.000    01052004  0.0000000E+000
 123.000    02052004  0.0000000E+000
 124.000    03052004  0.0000000E+000
 125.000    04052004  0.0000000E+000
 126.000    05052004  0.0000000E+000
 127.000    06052004  0.0000000E+000
 128.000    07052004  0.0000000E+000
 129.000    08052004  0.0000000E+000
 130.000    09052004  0.0000000E+000
 131.000    10052004  0.0000000E+000
 132.000    11052004  0.0000000E+000
 133.000    12052004  0.0000000E+000
 134.000    13052004  0.0000000E+000
 135.000    14052004  0.0000000E+000
 136.000    15052004  0.0000000E+000
 137.000    16052004  0.0000000E+000
 138.000    17052004  0.0000000E+000
 139.000    18052004  0.0000000E+000
 140.000    19052004  0.0000000E+000
 141.000    20052004  0.0000000E+000
 142.000    21052004  0.0000000E+000
 143.000    22052004  0.0000000E+000
 144.000    23052004  0.0000000E+000
 145.000    24052004  0.0000000E+000
 146.000    25052004  0.0000000E+000
 147.000    26052004  0.0000000E+000
 148.000    27052004  0.0000000E+000
 149.000    28052004  0.0000000E+000
 150.000    29052004  0.0000000E+000
 151.000    30052004  0.0000000E+000
 152.000    31052004  0.0000000E+000
 153.000    01062004  0.0000000E+000
 154.000    02062004  0.0000000E+000
 155.000    03062004  0.0000000E+000
 156.000    04062004  0.0000000E+000
 157.000    05062004  0.0000000E+000
 158.000    06062004  0.0000000E+000
 159.000    07062004  0.0000000E+000
 160.000    08062004  0.0000000E+000
 161.000    09062004  0.0000000E+000
 162.000    10062004  0.0000000E+000
 163.000    11062004  0.0000000E+000
 164.000    12062004  0.0000000E+000
 165.000    13062004  0.0000000E+000
 166.000    14062004  0.0000000E+000
 167.000    15062004  0.0000000E+000
 168.000    16062004  0.0000000E+000
 169.000    17062004  0.0000000E+000
 170.000    18062004  0.0000000E+000
 171.000    19062004  0.0000000E+000
 172.000    20062004  0.0000000E+000
 173.000    21062004  0.0000000E+000
 174.000    22062004  0.0000000E+000
 175.000    23062004  0.0000000E+000
 176.000    24062004  0.0000000E+000
 177.000    25062004  0.0000000E+000
 178.000    26062004  0.0000000E+000
 179.000    27062004  0.0000000E+000
 180.000    28062004  0.0000000E+000
 181.000    29062004  0.0000000E+000
 182.000    30062004  0.0000000E+000
 183.000    01072004  0.0000000E+000
 184.000    02072004  0.0000000E+000
 185.000    03072004  0.0000000E+000
 186.000    04072004  0.0000000E+000
 187.000    05072004  0.0000000E+000
 188.000    06072004  0.0000000E+000
 189.000    07072004  0.0000000E+000
 190.000    08072004  0.0000000E+000
 191.000    09072004  0.0000000E+000
 192.000    10072004  0.0000000E+000
 193.000    11072004  0.0000000E+000
 194.000    12072004  0.0000000E+000
 195.000    13072004  0.0000000E+000
 196.000    14072004  0.0000000E+000
 197.000    15072004  0.0000000E+000
 198.000    16072004  0.0000000E+000
 199.000    17072004  0.0000000E+000
 200.000    18072004  0.0000000E+000
 201.000    19072004  0.0000000E+000
 202.000    20072004  0.0000000E+000
 203.000    21072004  0.0000000E+000
 204.000    22072004  0.0000000E+000
 205.000    23072004  0.0000000E+000
 206.000    24072004  0.0000000E+000
 207.000    25072004  0.0000000E+000
 208.000    26072004  0.0000000E+000
 209.000    27072004  0.0000000E+000
 210.000    28072004  0.0000000E+000
 211.000    29072004  0.0000000E+000
 212.000    30072004  0.0000000E+000
 213.000    31072004  0.0000000E+000
 214.000    01082004  0.0000000E+000
 215.000    02082004  0.0000000E+000
 216.000    03082004  0.0000000E+000
 217.000    04082004  0.0000000E+000
 218.000    05082004  0.0000000E+000
 219.000    06082004  0.0000000E+000
 220.000    07082004  0.0000000E+000
 221.000    08082004  0.0000000E+000
 222.000    09082004  0.0000000E+000
 223.000    10082004  0.0000000E+000
 224.000    11082004  0.0000000E+000
 225.000    12082004  0.0000000E+000
 226.000    13082004  0.0000000E+000
 227.000    14082004  0.0000000E+000
 228.000    15082004  0.0000000E+000
 229.000    16082004  0.0000000E+000
 230.000    17082004  0.0000000E+000
 231.000    18082004  0.0000000E+000
 232.000    19082004  0.0000000E+000
 233.000    20082004  0.0000000E+000
 234.000    21082004  0.0000000E+000
 235.000    22082004  0.0000000E+000
 236.000    23082004  0.0000000E+000
 237.000    24082004  0.0000000E+000
 238.000    25082004  0.0000000E+000
 239.000    26082004  0.0000000E+000
 240.000    27082004  0.0000000E+000
 241.000    28082004  0.0000000E+000
 242.000    29082004  0.0000000E+000
 243.000    30082004  0.0000000E+000
 244.000    31082004  0.0000000E+000
 245.000    01092004  0.0000000E+000
 246.000    02092004  0.0000000E+000
 247.000    03092004  0.0000000E+000
 248.000    04092004  0.0000000E+000
 249.000    05092004  0.0000000E+000
 250.000    06092004  0.0000000E+000
 251.000    07092004  0.0000000E+000
 252.000    08092004  0.0000000E+000
 253.000    09092004  0.0000000E+000
 254.000    10092004  0.0000000E+000
 255.000    11092004  0.0000000E+000
 256.000    12092004  0.0000000E+000
 257.000    13092004  0.0000000E+000
 258.000    14092004  0.0000000E+000
 259.000    15092004  0.0000000E+000
 260.000    16092004  0.0000000E+000
 261.000    17092004  0.0000000E+000
 262.000    18092004  0.0000000E+000
 263.000    19092004  0.0000000E+000
 264.000    20092004  0.0000000E+000
 265.000    21092004  0.0000000E+000
 266.000    22092004  0.0000000E+000
 267.000    23092004  0.0000000E+000
 268.000    24092004  0.0000000E+000
 269.000    25092004  0.0000000E+000
 270.000    26092004  0.0000000E+000
 271.000    27092004  0.0000000E+000
 272.000    28092004  0.0000000E+000
 273.000    29092004  0.0000000E+000
 274.000    30092004  0.0000000E+000
 275.000    01102004  0.0000000E+000
 276.000    02102004  0.0000000E+000
 277.000    03102004  0.0000000E+000
 278.000    04102004  0.0000000E+000
 279.000    05102004  0.0000000E+000
 280.000    06102004  0.0000000E+000
 281.000    07102004  0.0000000E+000
 282.000    08102004  0.0000000E+000
 283.000    09102004  0.0000000E+000
 284.000    10102004  0.0000000E+000
 285.000    11102004  0.0000000E+000
 286.000    12102004  0.0000000E+000
 287.000    13102004  0.0000000E+000
 288.000    14102004  0.0000000E+000
 289.000    15102004  0.0000000E+000
 290.000    16102004  0.0000000E+000
 291.000    17102004  0.0000000E+000
 292.000    18102004  0.0000000E+000
 293.000    19102004  0.0000000E+000
 294.000    20102004  0.0000000E+000
 295.000    21102004  0.0000000E+000
 296.000    22102004  0.0000000E+000
 297.000    23102004  0.0000000E+000
 298.000    24102004  0.0000000E+000
 299.000    25102004  0.0000000E+000
 300.000    26102004  0.0000000E+000
 301.000    27102004  0.0000000E+000
 302.000    28102004  0.0000000E+000
 303.000    29102004  0.0000000E+000
 304.000    30102004  0.0000000E+000
 305.000    31102004  0.0000000E+000
 306.000    01112004  0.0000000E+000
 307.000    02112004  0.0000000E+000
 308.000    03112004  0.0000000E+000
 309.000    04112004  0.0000000E+000
 310.000    05112004  0.0000000E+000
 311.000    06112004  0.0000000E+000
 312.000    07112004  0.0000000E+000
 313.000    08112004  0.0000000E+000
 314.000    09112004  0.0000000E+000
 315.000    10112004  0.0000000E+000
 316.000    11112004  0.0000000E+000
 317.000    12112004  0.0000000E+000
 318.000    13112004  0.0000000E+000
 319.000    14112004  0.0000000E+000
 320.000    15112004  0.0000000E+000
 321.000    16112004  0.0000000E+000
 322.000    17112004  0.0000000E+000
 323.000    18112004  0.0000000E+000
 324.000    19112004  0.0000000E+000
 325.000    20112004  0.0000000E+000
 326.000    21112004  0.0000000E+000
 327.000    22112004  0.0000000E+000
 328.000    23112004  0.0000000E+000
 329.000    24112004  0.0000000E+000
 330.000    25112004  0.0000000E+000
 331.000    26112004  0.0000000E+000
 332.000    27112004  0.0000000E+000
 333.000    28112004  0.0000000E+000
 334.000    29112004  0.0000000E+000
 335.000    30112004  0.0000000E+000
 336.000    01122004  0.0000000E+000
 337.000    02122004  0.0000000E+000
 338.000    03122004  0.0000000E+000
 339.000    04122004  0.0000000E+000
 340.000    05122004  0.0000000E+000
 341.000    06122004  0.0000000E+000
 342.000    07122004  0.0000000E+000
 343.000    08122004  0.0000000E+000
 344.000    09122004  0.0000000E+000
 345.000    10122004  0.0000000E+000
 346.000    11122004  0.0000000E+000
 347.000    12122004  0.0000000E+000
 348.000    13122004  0.0000000E+000
 349.000    14122004  0.0000000E+000
 350.000    15122004  0.0000000E+000
 351.000    16122004  0.0000000E+000
 352.000    17122004  0.0000000E+000
 353.000    18122004  0.0000000E+000
 354.000    19122004  0.0000000E+000
 355.000    20122004  0.0000000E+000
 356.000    21122004  0.0000000E+000
 357.000    22122004  0.0000000E+000
 358.000    23122004  0.0000000E+000
 359.000    24122004  0.0000000E+000
 360.000    25122004  0.0000000E+000
 361.000    26122004  0.0000000E+000
 362.000    27122004  0.0000000E+000
 363.000    28122004  0.0000000E+000
 364.000    29122004  0.0000000E+000
 365.000    30122004  0.0000000E+000
 366.000    31122004  0.0000000E+000
