    DOY     DATE    RESIDUE_C       HUMUS_C         ATM_CO2         NBP             ECO_LAI         ECO_GPP         ECO_RA          ECO_NPP         ECO_RH          
  30.000    30011911  0.1549338E+004  0.8278807E+004  0.3406120E+003 -0.4817287E+002  0.3313534E+000  0.0000000E+000 -0.2584501E+002 -0.2584501E+002 -0.2098731E+002
  60.000    01031911  0.1569329E+004  0.8283807E+004  0.3406120E+003 -0.8930019E+002  0.1885680E+000  0.7805657E+000 -0.4830392E+002 -0.4752336E+002 -0.3736413E+002
  90.000    31031911  0.1557920E+004  0.8288678E+004  0.3406120E+003 -0.1145683E+003  0.1335630E+001  0.4151438E+002 -0.8501832E+002 -0.4350394E+002 -0.6453083E+002
 120.000    30041911  0.1517818E+004  0.8293832E+004  0.3406120E+003 -0.3682728E+002  0.3343926E+001  0.2422686E+003 -0.1651793E+003  0.7708933E+002 -0.1113620E+003
 150.000    30051911  0.1472482E+004  0.8296350E+004  0.3406120E+003  0.1472539E+003  0.6135268E+001  0.6495690E+003 -0.3327649E+003  0.3168041E+003 -0.1706856E+003
 180.000    29061911  0.1434838E+004  0.8296335E+004  0.3406120E+003  0.2770902E+003  0.7344385E+001  0.1051560E+004 -0.5442515E+003  0.5073087E+003 -0.2314006E+003
 210.000    29071911  0.1377413E+004  0.8291974E+004  0.3406120E+003  0.3089976E+003  0.7407860E+001  0.1403277E+004 -0.7832436E+003  0.6200332E+003 -0.3123011E+003
 240.000    28081911  0.1438791E+004  0.8287465E+004  0.3406120E+003  0.3705294E+003  0.3224522E+001  0.1741041E+004 -0.9853043E+003  0.7557367E+003 -0.3906642E+003
 270.000    27091911  0.1455824E+004  0.8282406E+004  0.3406120E+003  0.2849727E+003  0.4704643E+000  0.1885841E+004 -0.1137173E+004  0.7486685E+003 -0.4684119E+003
 300.000    27101911  0.1455189E+004  0.8281601E+004  0.3406120E+003  0.1741355E+003  0.7707280E-001  0.1903075E+004 -0.1209858E+004  0.6932174E+003 -0.5190618E+003
 330.000    26111911  0.1588318E+004  0.8284803E+004  0.3406120E+003  0.7644873E+002  0.0000000E+000  0.1904438E+004 -0.1259596E+004  0.6448419E+003 -0.5698773E+003
 360.000    26121911  0.1630585E+004  0.8290433E+004  0.3406120E+003  0.1543090E+002  0.0000000E+000  0.1904438E+004 -0.1291145E+004  0.6132936E+003 -0.6029186E+003
