    DOY     DATE    PRECN           ET              WATER           DISCHG          SNOWPACK        WTR_1           WTR_2           WTR_3           WTR_4           WTR_5           WTR_6           ICE_2           ICE_3           ICE_4           ICE_5           ICE_6           ICE_7           PSI_3           PSI_4           PSI_5           PSI_6           PSI_7           PSI_8           ACTV_LYR        
  30.000    30011901  0.1505700E+003  0.1619067E+002  0.8107377E+003  0.3111589E+001  0.0000000E+000  0.3382432E+000  0.3573844E+000  0.3543092E+000  0.2878276E+000  0.2671043E+000  0.3541554E+000  0.9892411E-012  0.9754612E-012  0.0000000E+000  0.0000000E+000  0.0000000E+000  0.0000000E+000 -0.5778740E-002 -0.4957715E-002 -0.4319974E-002 -0.2713336E-002 -0.2675688E-002 -0.3993794E-002 -0.9999000E+004
  60.000    01031901  0.1847500E+003  0.4933166E+002  0.7708167E+003  0.4403263E+002  0.0000000E+000  0.3358758E+000  0.3344864E+000  0.3392307E+000  0.2713658E+000  0.2695384E+000  0.3538222E+000  0.9357866E-012  0.9754612E-012  0.0000000E+000  0.0000000E+000  0.0000000E+000  0.0000000E+000 -0.8115310E-002 -0.6405751E-002 -0.4089032E-002 -0.2734371E-002 -0.3170355E-002 -0.5177159E-002 -0.9999000E+004
  90.000    31031901  0.3417100E+003  0.1045261E+003  0.8279844E+003  0.8862286E+002  0.0000000E+000  0.3480621E+000  0.3379639E+000  0.3461195E+000  0.2774304E+000  0.2670126E+000  0.3573536E+000  0.9357866E-012  0.9754612E-012  0.0000000E+000  0.0000000E+000  0.0000000E+000  0.0000000E+000 -0.7185047E-002 -0.5757154E-002 -0.4302250E-002 -0.2523284E-002 -0.2507962E-002 -0.2719842E-002 -0.9999000E+004
 120.000    30041901  0.4176700E+003  0.1886840E+003  0.7645135E+003  0.1438958E+003  0.0000000E+000  0.3420923E+000  0.3398907E+000  0.3480029E+000  0.2787210E+000  0.2401047E+000  0.3334054E+000  0.9357866E-012  0.9754612E-012  0.0000000E+000  0.0000000E+000  0.0000000E+000  0.0000000E+000 -0.6704066E-002 -0.5616584E-002 -0.7196419E-002 -0.4412020E-002 -0.3439199E-002 -0.5180449E-002 -0.9999000E+004
 150.000    30051901  0.5020500E+003  0.3000318E+003  0.7135296E+003  0.1679119E+003  0.0000000E+000  0.2567858E+000  0.2642321E+000  0.2681591E+000  0.2223771E+000  0.2236558E+000  0.3189959E+000  0.9357866E-012  0.9754612E-012  0.0000000E+000  0.0000000E+000  0.0000000E+000  0.0000000E+000 -0.2618046E-001 -0.1704621E-001 -0.1001342E-001 -0.6297640E-002 -0.4481495E-002 -0.6291385E-002 -0.9999000E+004
 180.000    29061901  0.5823300E+003  0.4140107E+003  0.6653528E+003  0.1823898E+003  0.0000000E+000  0.1519235E+000  0.1641652E+000  0.1893962E+000  0.1742737E+000  0.1846571E+000  0.3016329E+000  0.9357866E-012  0.9754612E-012  0.0000000E+000  0.0000000E+000  0.0000000E+000  0.0000000E+000 -0.1368160E+000 -0.6051620E-001 -0.3177699E-001 -0.9877705E-002 -0.5856984E-002 -0.7348568E-002 -0.9999000E+004
 210.000    29071901  0.7253200E+003  0.5388250E+003  0.6735928E+003  0.1923254E+003  0.0000000E+000  0.3674472E+000  0.3676305E+000  0.3896819E+000  0.1797975E+000  0.1693641E+000  0.2885285E+000  0.9357866E-012  0.9754612E-012  0.0000000E+000  0.0000000E+000  0.0000000E+000  0.0000000E+000 -0.2859448E-002 -0.7270091E-001 -0.5363396E-001 -0.1463500E-001 -0.7310455E-002 -0.8347241E-002 -0.9999000E+004
 240.000    28081901  0.8264000E+003  0.6521101E+003  0.6536666E+003  0.2000466E+003  0.0000000E+000  0.2893923E+000  0.2952037E+000  0.2899036E+000  0.1786644E+000  0.1804730E+000  0.2833627E+000  0.9357866E-012  0.9754612E-012  0.0000000E+000  0.0000000E+000  0.0000000E+000  0.0000000E+000 -0.2086396E-001 -0.5418648E-001 -0.3656051E-001 -0.1717659E-001 -0.8222756E-002 -0.9199186E-002 -0.9999000E+004
 270.000    27091901  0.9361900E+003  0.7231235E+003  0.6865468E+003  0.2059429E+003  0.0000000E+000  0.3438917E+000  0.3464286E+000  0.3523745E+000  0.2890128E+000  0.2949012E+000  0.2718466E+000  0.9357866E-012  0.9754612E-012  0.0000000E+000  0.0000000E+000  0.0000000E+000  0.0000000E+000 -0.6067812E-002 -0.4754552E-002 -0.2653479E-002 -0.2481133E-001 -0.1076818E-001 -0.1167273E-001 -0.9999000E+004
 300.000    27101901  0.9791700E+003  0.7756502E+003  0.6718878E+003  0.2110552E+003  0.0000000E+000  0.3075689E+000  0.3379642E+000  0.3348922E+000  0.2650977E+000  0.2611941E+000  0.2816429E+000  0.9357866E-012  0.9754612E-012  0.0000000E+000  0.0000000E+000  0.0000000E+000  0.0000000E+000 -0.8898019E-002 -0.7186951E-002 -0.4759723E-002 -0.1813251E-001 -0.1108522E-001 -0.1194829E-001 -0.9999000E+004
 330.000    26111901  0.1015860E+004  0.8123253E+003  0.6676639E+003  0.2152939E+003  0.0000000E+000  0.3117516E+000  0.3360629E+000  0.3340935E+000  0.2600425E+000  0.2546406E+000  0.2851101E+000  0.9357866E-012  0.9754612E-012  0.0000000E+000  0.0000000E+000  0.0000000E+000  0.0000000E+000 -0.8497247E-002 -0.7974112E-002 -0.5378826E-002 -0.1626995E-001 -0.1132464E-001 -0.1246377E-001 -0.9999000E+004
 360.000    26121901  0.1051250E+004  0.8412791E+003  0.6711270E+003  0.2184663E+003  0.0000000E+000  0.3400101E+000  0.3371572E+000  0.3459718E+000  0.2748653E+000  0.2655782E+000  0.2887733E+000  0.9556872E-012  0.9754612E-012  0.0000000E+000  0.0000000E+000  0.0000000E+000  0.0000000E+000 -0.7451164E-002 -0.6059044E-002 -0.4411817E-002 -0.1453078E-001 -0.1144892E-001 -0.1291318E-001 -0.9999000E+004
