    DOY     DATE    RESIDUE_C       HUMUS_C         ATM_CO2         NBP             ECO_LAI         ECO_GPP         ECO_RA          ECO_NPP         ECO_RH          
  30.000    30011973  0.6640943E+003  0.7064104E+004  0.3406120E+003 -0.3470357E+001  0.1232090E+002  0.5041486E+002 -0.4371870E+002  0.6696159E+001 -0.4467754E+001
  60.000    01031973  0.6756646E+003  0.7065060E+004  0.3406120E+003  0.3801379E+002  0.1194473E+002  0.1651069E+003 -0.1092168E+003  0.5589013E+002 -0.9957408E+001
  90.000    31031973  0.6771698E+003  0.7065782E+004  0.3406120E+003  0.1280537E+003  0.1174393E+002  0.3611450E+003 -0.2057318E+003  0.1554132E+003 -0.2046378E+002
 120.000    30041973  0.6697314E+003  0.7066077E+004  0.3406120E+003  0.2384032E+003  0.1176023E+002  0.6098584E+003 -0.3292856E+003  0.2805728E+003 -0.3612726E+002
 150.000    30051973  0.6583794E+003  0.7063865E+004  0.3406120E+003  0.3509001E+003  0.1249055E+002  0.9462973E+003 -0.5283105E+003  0.4179868E+003 -0.6268418E+002
 180.000    29061973  0.6443395E+003  0.7058608E+004  0.3406120E+003  0.4509163E+003  0.1408147E+002  0.1323513E+004 -0.7643309E+003  0.5591817E+003 -0.9765147E+002
 210.000    29071973  0.6347093E+003  0.7050483E+004  0.3406120E+003  0.5182515E+003  0.1503597E+002  0.1687427E+004 -0.1031539E+004  0.6558884E+003 -0.1353056E+003
 240.000    28081973  0.6304426E+003  0.7040941E+004  0.3406120E+003  0.5722758E+003  0.1502603E+002  0.2031449E+004 -0.1290152E+004  0.7412975E+003 -0.1722379E+003
 270.000    27091973  0.6250395E+003  0.7033792E+004  0.3406120E+003  0.6337709E+003  0.1478099E+002  0.2333185E+004 -0.1497430E+004  0.8357550E+003 -0.2013244E+003
 300.000    27101973  0.6195653E+003  0.7029648E+004  0.3406120E+003  0.6900151E+003  0.1412169E+002  0.2563589E+004 -0.1646839E+004  0.9167506E+003 -0.2231274E+003
 330.000    26111973  0.6343729E+003  0.7028443E+004  0.3406120E+003  0.7318044E+003  0.1351584E+002  0.2727239E+004 -0.1757246E+004  0.9699929E+003 -0.2373360E+003
 360.000    26121973  0.6632657E+003  0.7028335E+004  0.3406120E+003  0.7323489E+003  0.1289153E+002  0.2846572E+004 -0.1844301E+004  0.1002272E+004 -0.2479474E+003
