    DOY     DATE    RESIDUE_C       HUMUS_C         ATM_CO2         NBP             ECO_LAI         ECO_GPP         ECO_RA          ECO_NPP         ECO_RH          
   1.000    01012001  0.1881194E+004  0.7412839E+004  0.3406120E+003  0.9188515E+000  0.1170975E+002  0.1743706E+001 -0.1069355E+001  0.6743510E+000 -0.1696332E+000
   2.000    02012001  0.1881710E+004  0.7412981E+004  0.3406120E+003  0.1564152E+001  0.1169274E+002  0.3204746E+001 -0.2121123E+001  0.1083623E+001 -0.3378932E+000
   3.000    03012001  0.1882161E+004  0.7413127E+004  0.3406120E+003  0.2235718E+001  0.1167783E+002  0.4601797E+001 -0.3072915E+001  0.1528882E+001 -0.4787422E+000
   4.000    04012001  0.1882631E+004  0.7413271E+004  0.3406120E+003  0.3649166E+001  0.1166375E+002  0.6936736E+001 -0.4199619E+001  0.2737116E+001 -0.6218257E+000
   5.000    05012001  0.1883099E+004  0.7413415E+004  0.3406120E+003  0.5066169E+001  0.1165096E+002  0.9345322E+001 -0.5423549E+001  0.3921774E+001 -0.7574336E+000
   6.000    06012001  0.1883573E+004  0.7413553E+004  0.3406120E+003  0.7100643E+001  0.1163981E+002  0.1258889E+002 -0.6864951E+001  0.5723940E+001 -0.9154883E+000
   7.000    07012001  0.1884061E+004  0.7413690E+004  0.3406120E+003  0.9550853E+001  0.1163154E+002  0.1656832E+002 -0.8635931E+001  0.7932393E+001 -0.1067997E+001
   8.000    08012001  0.1884470E+004  0.7413826E+004  0.3406120E+003  0.1097723E+002  0.1162179E+002  0.1903833E+002 -0.9913695E+001  0.9124640E+001 -0.1242180E+001
   9.000    09012001  0.1884978E+004  0.7413962E+004  0.3406120E+003  0.1185044E+002  0.1160531E+002  0.2077340E+002 -0.1100923E+002  0.9764171E+001 -0.1423389E+001
  10.000    10012001  0.1885460E+004  0.7414098E+004  0.3406120E+003  0.1383020E+002  0.1159356E+002  0.2405998E+002 -0.1254670E+002  0.1151328E+002 -0.1595943E+001
  11.000    11012001  0.1885923E+004  0.7414233E+004  0.3406120E+003  0.1619068E+002  0.1159087E+002  0.2828569E+002 -0.1463399E+002  0.1365170E+002 -0.1767866E+001
  12.000    12012001  0.1886230E+004  0.7414368E+004  0.3406120E+003  0.1850306E+002  0.1158478E+002  0.3212471E+002 -0.1637812E+002  0.1574659E+002 -0.1949012E+001
  13.000    13012001  0.1886706E+004  0.7414503E+004  0.3406120E+003  0.2079544E+002  0.1157421E+002  0.3588626E+002 -0.1805260E+002  0.1783366E+002 -0.2133545E+001
  14.000    14012001  0.1887047E+004  0.7414637E+004  0.3406120E+003  0.2222118E+002  0.1156866E+002  0.3859198E+002 -0.1952944E+002  0.1906255E+002 -0.2319969E+001
  15.000    15012001  0.1887475E+004  0.7414771E+004  0.3406120E+003  0.2516995E+002  0.1156621E+002  0.4371066E+002 -0.2189334E+002  0.2181732E+002 -0.2508070E+001
  16.000    16012001  0.1887901E+004  0.7414905E+004  0.3406120E+003  0.2798350E+002  0.1155918E+002  0.4816587E+002 -0.2372215E+002  0.2444372E+002 -0.2700835E+001
  17.000    17012001  0.1888323E+004  0.7415039E+004  0.3406120E+003  0.3016245E+002  0.1154644E+002  0.5160742E+002 -0.2516937E+002  0.2643806E+002 -0.2893493E+001
  18.000    18012001  0.1888668E+004  0.7415172E+004  0.3406120E+003  0.3085511E+002  0.1153810E+002  0.5341213E+002 -0.2646103E+002  0.2695110E+002 -0.3090617E+001
  19.000    19012001  0.1889092E+004  0.7415305E+004  0.3406120E+003  0.3205323E+002  0.1153943E+002  0.5710376E+002 -0.2912511E+002  0.2797866E+002 -0.3298452E+001
  20.000    20012001  0.1889494E+004  0.7415438E+004  0.3406120E+003  0.3222400E+002  0.1152358E+002  0.5859397E+002 -0.3061287E+002  0.2798110E+002 -0.3502434E+001
  21.000    21012001  0.1889932E+004  0.7415571E+004  0.3406120E+003  0.3345020E+002  0.1150498E+002  0.6070271E+002 -0.3167458E+002  0.2902814E+002 -0.3699065E+001
  22.000    22012001  0.1890342E+004  0.7415703E+004  0.3406120E+003  0.3499409E+002  0.1149155E+002  0.6320512E+002 -0.3280017E+002  0.3040495E+002 -0.3897255E+001
  23.000    23012001  0.1890785E+004  0.7415836E+004  0.3406120E+003  0.3664058E+002  0.1147826E+002  0.6594494E+002 -0.3405736E+002  0.3188758E+002 -0.4092276E+001
  24.000    24012001  0.1891264E+004  0.7415968E+004  0.3406120E+003  0.3916988E+002  0.1146824E+002  0.7002456E+002 -0.3576590E+002  0.3425865E+002 -0.4282454E+001
  25.000    25012001  0.1891691E+004  0.7416099E+004  0.3406120E+003  0.4072412E+002  0.1145583E+002  0.7261847E+002 -0.3695134E+002  0.3566713E+002 -0.4480985E+001
  26.000    26012001  0.1892089E+004  0.7416231E+004  0.3406120E+003  0.4229913E+002  0.1144529E+002  0.7530570E+002 -0.3819105E+002  0.3711465E+002 -0.4673414E+001
  27.000    27012001  0.1892587E+004  0.7416362E+004  0.3406120E+003  0.4506476E+002  0.1143612E+002  0.7985576E+002 -0.4012178E+002  0.3973397E+002 -0.4871139E+001
  28.000    28012001  0.1893046E+004  0.7416492E+004  0.3406120E+003  0.4731466E+002  0.1142414E+002  0.8353483E+002 -0.4169469E+002  0.4184014E+002 -0.5068394E+001
  29.000    29012001  0.1893478E+004  0.7416623E+004  0.3406120E+003  0.5024863E+002  0.1142081E+002  0.8834389E+002 -0.4371482E+002  0.4462907E+002 -0.5263177E+001
  30.000    30012001  0.1894712E+004  0.7416753E+004  0.3406120E+003  0.5282398E+002  0.1141942E+002  0.9427966E+002 -0.4721703E+002  0.4706262E+002 -0.5460120E+001
  31.000    31012001  0.1895181E+004  0.7416883E+004  0.3406120E+003  0.5572220E+002  0.1141238E+002  0.9989291E+002 -0.5007720E+002  0.4981571E+002 -0.5657317E+001
  32.000    01022001  0.1895641E+004  0.7417013E+004  0.3406120E+003  0.5851817E+002  0.1139834E+002  0.1040773E+003 -0.5160753E+002  0.5246982E+002 -0.5854631E+001
  33.000    02022001  0.1896084E+004  0.7417142E+004  0.3406120E+003  0.6123864E+002  0.1138798E+002  0.1083147E+003 -0.5326377E+002  0.5505094E+002 -0.6052206E+001
  34.000    03022001  0.1896519E+004  0.7417272E+004  0.3406120E+003  0.6293551E+002  0.1137186E+002  0.1110441E+003 -0.5442771E+002  0.5661638E+002 -0.6250624E+001
  35.000    04022001  0.1896932E+004  0.7417401E+004  0.3406120E+003  0.6456391E+002  0.1136099E+002  0.1137217E+003 -0.5560168E+002  0.5812000E+002 -0.6450299E+001
  36.000    05022001  0.1897376E+004  0.7417530E+004  0.3406120E+003  0.6749374E+002  0.1135579E+002  0.1183901E+003 -0.5746152E+002  0.6092855E+002 -0.6649471E+001
  37.000    06022001  0.1897853E+004  0.7417658E+004  0.3406120E+003  0.7016589E+002  0.1134774E+002  0.1228229E+003 -0.5934031E+002  0.6348259E+002 -0.6849361E+001
  38.000    07022001  0.1898431E+004  0.7417787E+004  0.3406120E+003  0.7327802E+002  0.1134291E+002  0.1283843E+003 -0.6190484E+002  0.6647951E+002 -0.7049231E+001
  39.000    08022001  0.1899000E+004  0.7417915E+004  0.3406120E+003  0.7627275E+002  0.1134336E+002  0.1339531E+003 -0.6459182E+002  0.6936132E+002 -0.7249129E+001
  40.000    09022001  0.1899660E+004  0.7418044E+004  0.3406120E+003  0.7904979E+002  0.1135183E+002  0.1407205E+003 -0.6858095E+002  0.7213959E+002 -0.7462259E+001
  41.000    10022001  0.1900216E+004  0.7418170E+004  0.3406120E+003  0.8092787E+002  0.1133898E+002  0.1466616E+003 -0.7182119E+002  0.7484038E+002 -0.7730510E+001
  42.000    11022001  0.1900649E+004  0.7418298E+004  0.3406120E+003  0.8214710E+002  0.1132657E+002  0.1501835E+003 -0.7315213E+002  0.7703140E+002 -0.7956916E+001
  43.000    12022001  0.1901219E+004  0.7418426E+004  0.3406120E+003  0.8070627E+002  0.1130710E+002  0.1508038E+003 -0.7414379E+002  0.7665998E+002 -0.8165787E+001
  44.000    13022001  0.1901674E+004  0.7418555E+004  0.3406120E+003  0.8230030E+002  0.1130184E+002  0.1551817E+003 -0.7609270E+002  0.7908905E+002 -0.8373612E+001
  45.000    14022001  0.1901976E+004  0.7418680E+004  0.3406120E+003  0.8214413E+002  0.1130265E+002  0.1584220E+003 -0.7864871E+002  0.7977326E+002 -0.8651213E+001
  46.000    15022001  0.1902263E+004  0.7418780E+004  0.3406120E+003  0.8187847E+002  0.1130056E+002  0.1637044E+003 -0.8292239E+002  0.8078205E+002 -0.9341073E+001
  47.000    16022001  0.1902258E+004  0.7418862E+004  0.3406120E+003  0.8208849E+002  0.1129581E+002  0.1689808E+003 -0.8676936E+002  0.8221147E+002 -0.1025393E+002
  48.000    17022001  0.1902043E+004  0.7418959E+004  0.3406120E+003  0.8347555E+002  0.1127277E+002  0.1737193E+003 -0.8878435E+002  0.8493495E+002 -0.1106339E+002
  49.000    18022001  0.1902297E+004  0.7419091E+004  0.3406120E+003  0.8397083E+002  0.1125297E+002  0.1759555E+003 -0.8990446E+002  0.8605108E+002 -0.1143748E+002
  50.000    19022001  0.1902637E+004  0.7419227E+004  0.3406120E+003  0.7469541E+002  0.1123899E+002  0.1800062E+003 -0.9141579E+002  0.8859041E+002 -0.1172427E+002
  51.000    20022001  0.1903106E+004  0.7419359E+004  0.3406120E+003  0.7684428E+002  0.1123665E+002  0.1864090E+003 -0.9452309E+002  0.9188593E+002 -0.1206901E+002
  52.000    21022001  0.1903047E+004  0.7419468E+004  0.3406120E+003  0.7870945E+002  0.1122961E+002  0.1921272E+003 -0.9739145E+002  0.9473575E+002 -0.1277072E+002
  53.000    22022001  0.1903251E+004  0.7419593E+004  0.3406120E+003  0.7739887E+002  0.1120847E+002  0.1925259E+003 -0.9846195E+002  0.9406391E+002 -0.1325615E+002
  54.000    23022001  0.1903432E+004  0.7419724E+004  0.3406120E+003  0.7945816E+002  0.1119759E+002  0.1966408E+003 -0.1000395E+003  0.9660127E+002 -0.1367184E+002
  55.000    24022001  0.1903622E+004  0.7419855E+004  0.3406120E+003  0.8214075E+002  0.1119428E+002  0.2018795E+003 -0.1021905E+003  0.9968899E+002 -0.1409100E+002
  56.000    25022001  0.1903838E+004  0.7419981E+004  0.3406120E+003  0.8181361E+002  0.1119553E+002  0.2053510E+003 -0.1055999E+003  0.9975112E+002 -0.1459299E+002
  57.000    26022001  0.1903755E+004  0.7420078E+004  0.3406120E+003  0.8425004E+002  0.1119269E+002  0.2120559E+003 -0.1090952E+003  0.1029607E+003 -0.1546922E+002
  58.000    27022001  0.1903645E+004  0.7420187E+004  0.3406120E+003  0.8697464E+002  0.1117830E+002  0.2180113E+003 -0.1116126E+003  0.1063988E+003 -0.1623061E+002
  59.000    28022001  0.1903377E+004  0.7420295E+004  0.3406120E+003  0.8947841E+002  0.1116824E+002  0.2234209E+003 -0.1137911E+003  0.1096298E+003 -0.1702866E+002
  60.000    01032001  0.1904089E+004  0.7420418E+004  0.3406120E+003  0.9231931E+002  0.1115126E+002  0.2290293E+003 -0.1159722E+003  0.1130571E+003 -0.1767849E+002
  61.000    02032001  0.1904142E+004  0.7420533E+004  0.3406120E+003  0.9518931E+002  0.1114799E+002  0.2357696E+003 -0.1192050E+003  0.1165646E+003 -0.1841869E+002
  62.000    03032001  0.1903699E+004  0.7420641E+004  0.3406120E+003  0.9608622E+002  0.1114438E+002  0.2394811E+003 -0.1213313E+003  0.1181498E+003 -0.1926660E+002
  63.000    04032001  0.1903201E+004  0.7420752E+004  0.3406120E+003  0.9655702E+002  0.1114115E+002  0.2424991E+003 -0.1232676E+003  0.1192315E+003 -0.2011861E+002
  64.000    05032001  0.1902923E+004  0.7420869E+004  0.3406120E+003  0.9897398E+002  0.1112650E+002  0.2475333E+003 -0.1252073E+003  0.1223260E+003 -0.2089956E+002
  65.000    06032001  0.1903061E+004  0.7421012E+004  0.3406120E+003  0.9959997E+002  0.1110992E+002  0.2497813E+003 -0.1263980E+003  0.1233833E+003 -0.2136638E+002
  66.000    07032001  0.1903150E+004  0.7421155E+004  0.3406120E+003  0.1021494E+003  0.1109780E+002  0.2542917E+003 -0.1279540E+003  0.1263377E+003 -0.2183015E+002
  67.000    08032001  0.1903252E+004  0.7421295E+004  0.3406120E+003  0.1050938E+003  0.1108671E+002  0.2596324E+003 -0.1299465E+003  0.1296858E+003 -0.2231497E+002
  68.000    09032001  0.1903151E+004  0.7421423E+004  0.3406120E+003  0.1083025E+003  0.1108001E+002  0.2656316E+003 -0.1322183E+003  0.1334134E+003 -0.2296159E+002
  69.000    10032001  0.1903260E+004  0.7421565E+004  0.3406120E+003  0.1110108E+003  0.1106683E+002  0.2704855E+003 -0.1339785E+003  0.1365070E+003 -0.2344520E+002
  70.000    11032001  0.1903494E+004  0.7421706E+004  0.3406120E+003  0.1144285E+003  0.1105682E+002  0.2770576E+003 -0.1367705E+003  0.1402871E+003 -0.2392034E+002
  71.000    12032001  0.1903552E+004  0.7421828E+004  0.3406120E+003  0.1167452E+003  0.1105594E+002  0.2834424E+003 -0.1402742E+003  0.1431682E+003 -0.2464114E+002
  72.000    13032001  0.1903450E+004  0.7421909E+004  0.3406120E+003  0.1191517E+003  0.1105609E+002  0.2918463E+003 -0.1453328E+003  0.1465135E+003 -0.2579062E+002
  73.000    14032001  0.1903149E+004  0.7421994E+004  0.3406120E+003  0.1221857E+003  0.1104707E+002  0.2995622E+003 -0.1490501E+003  0.1505121E+003 -0.2691632E+002
  74.000    15032001  0.1902593E+004  0.7422096E+004  0.3406120E+003  0.1220430E+003  0.1104224E+002  0.3024954E+003 -0.1512710E+003  0.1512244E+003 -0.2790691E+002
  75.000    16032001  0.1902069E+004  0.7422207E+004  0.3406120E+003  0.1226695E+003  0.1103382E+002  0.3059008E+003 -0.1532841E+003  0.1526167E+003 -0.2883344E+002
  76.000    17032001  0.1901706E+004  0.7422314E+004  0.3406120E+003  0.1262223E+003  0.1102698E+002  0.3131380E+003 -0.1561790E+003  0.1569591E+003 -0.2981837E+002
  77.000    18032001  0.1901357E+004  0.7422430E+004  0.3406120E+003  0.1292238E+003  0.1101766E+002  0.3190506E+003 -0.1583333E+003  0.1607173E+003 -0.3071165E+002
  78.000    19032001  0.1901183E+004  0.7422561E+004  0.3406120E+003  0.1324425E+003  0.1100774E+002  0.3250897E+003 -0.1605129E+003  0.1645768E+003 -0.3147450E+002
  79.000    20032001  0.1900807E+004  0.7422694E+004  0.3406120E+003  0.1332409E+003  0.1100233E+002  0.3280584E+003 -0.1621018E+003  0.1659566E+003 -0.3222347E+002
  80.000    21032001  0.1902522E+004  0.7422813E+004  0.3406120E+003  0.1346752E+003  0.1100192E+002  0.3324590E+003 -0.1643690E+003  0.1680900E+003 -0.3314190E+002
  81.000    22032001  0.1902097E+004  0.7422924E+004  0.3406120E+003  0.1381535E+003  0.1103803E+002  0.3399181E+003 -0.1675172E+003  0.1724009E+003 -0.3412148E+002
  82.000    23032001  0.1901696E+004  0.7423036E+004  0.3406120E+003  0.1415023E+003  0.1106276E+002  0.3473897E+003 -0.1707968E+003  0.1765930E+003 -0.3510010E+002
  83.000    24032001  0.1901505E+004  0.7423142E+004  0.3406120E+003  0.1440759E+003  0.1109076E+002  0.3553156E+003 -0.1752255E+003  0.1800901E+003 -0.3614908E+002
  84.000    25032001  0.1900877E+004  0.7423250E+004  0.3406120E+003  0.1472354E+003  0.1109655E+002  0.3616941E+003 -0.1775318E+003  0.1841623E+003 -0.3717210E+002
  85.000    26032001  0.1900283E+004  0.7423377E+004  0.3406120E+003  0.1499287E+003  0.1109956E+002  0.3670122E+003 -0.1793985E+003  0.1876137E+003 -0.3803144E+002
  86.000    27032001  0.1900079E+004  0.7423531E+004  0.3406120E+003  0.1523625E+003  0.1107637E+002  0.3715008E+003 -0.1809432E+003  0.1905576E+003 -0.3861751E+002
  87.000    28032001  0.1900058E+004  0.7423694E+004  0.3406120E+003  0.1560602E+003  0.1107619E+002  0.3775572E+003 -0.1830432E+003  0.1945140E+003 -0.3908008E+002
  88.000    29032001  0.1899642E+004  0.7423842E+004  0.3406120E+003  0.1545490E+003  0.1107721E+002  0.3799825E+003 -0.1846242E+003  0.1953583E+003 -0.3971197E+002
  89.000    30032001  0.1899363E+004  0.7423959E+004  0.3406120E+003  0.1581547E+003  0.1111075E+002  0.3882033E+003 -0.1885787E+003  0.1996246E+003 -0.4068427E+002
  90.000    31032001  0.1899622E+004  0.7424056E+004  0.3406120E+003  0.1588154E+003  0.1113098E+002  0.3964100E+003 -0.1925114E+003  0.2038986E+003 -0.4184419E+002
  91.000    01042001  0.1898875E+004  0.7424163E+004  0.3406120E+003  0.1594782E+003  0.1113335E+002  0.3998665E+003 -0.1945569E+003  0.2053096E+003 -0.4291984E+002
  92.000    02042001  0.1898419E+004  0.7424288E+004  0.3406120E+003  0.1633865E+003  0.1114669E+002  0.4072585E+003 -0.1973704E+003  0.2098881E+003 -0.4383908E+002
  93.000    03042001  0.1897870E+004  0.7424397E+004  0.3406120E+003  0.1661629E+003  0.1116077E+002  0.4138141E+003 -0.2003479E+003  0.2134662E+003 -0.4489898E+002
  94.000    04042001  0.1897228E+004  0.7424504E+004  0.3406120E+003  0.1693893E+003  0.1117049E+002  0.4205790E+003 -0.2030118E+003  0.2175672E+003 -0.4598434E+002
  95.000    05042001  0.1896837E+004  0.7424620E+004  0.3406120E+003  0.1732991E+003  0.1118490E+002  0.4288741E+003 -0.2065630E+003  0.2223111E+003 -0.4700098E+002
  96.000    06042001  0.1896696E+004  0.7424700E+004  0.3406120E+003  0.1756710E+003  0.1121109E+002  0.4383438E+003 -0.2125501E+003  0.2257937E+003 -0.4833858E+002
  97.000    07042001  0.1896925E+004  0.7424712E+004  0.3406120E+003  0.1750279E+003  0.1123057E+002  0.4473545E+003 -0.2206742E+003  0.2266803E+003 -0.5013177E+002
  98.000    08042001  0.1897035E+004  0.7424692E+004  0.3406120E+003  0.1751249E+003  0.1123521E+002  0.4562718E+003 -0.2277714E+003  0.2285004E+003 -0.5208306E+002
  99.000    09042001  0.1897277E+004  0.7424649E+004  0.3406120E+003  0.1746105E+003  0.1123136E+002  0.4647217E+003 -0.2348663E+003  0.2298553E+003 -0.5415535E+002
 100.000    10042001  0.1897261E+004  0.7424597E+004  0.3406120E+003  0.1752460E+003  0.1122195E+002  0.4734913E+003 -0.2410540E+003  0.2324373E+003 -0.5626969E+002
 101.000    11042001  0.1896451E+004  0.7424564E+004  0.3406120E+003  0.1776008E+003  0.1121753E+002  0.4818416E+003 -0.2451425E+003  0.2366992E+003 -0.5832131E+002
 102.000    12042001  0.1896189E+004  0.7424523E+004  0.3406120E+003  0.1798197E+003  0.1121422E+002  0.4919044E+003 -0.2510484E+003  0.2408560E+003 -0.6040880E+002
 103.000    13042001  0.1895491E+004  0.7424475E+004  0.3406120E+003  0.1825428E+003  0.1120819E+002  0.5013685E+003 -0.2557862E+003  0.2455822E+003 -0.6254886E+002
 104.000    14042001  0.1894779E+004  0.7424463E+004  0.3406120E+003  0.1853193E+003  0.1120189E+002  0.5104644E+003 -0.2602239E+003  0.2502405E+003 -0.6453336E+002
 105.000    15042001  0.1893892E+004  0.7424467E+004  0.3406120E+003  0.1879038E+003  0.1119770E+002  0.5188411E+003 -0.2641947E+003  0.2546464E+003 -0.6645446E+002
 106.000    16042001  0.1892849E+004  0.7424481E+004  0.3406120E+003  0.1916430E+003  0.1119415E+002  0.5278141E+003 -0.2676292E+003  0.2601849E+003 -0.6834688E+002
 107.000    17042001  0.1891533E+004  0.7424554E+004  0.3406120E+003  0.1933780E+003  0.1119049E+002  0.5329545E+003 -0.2694789E+003  0.2634756E+003 -0.6997130E+002
 108.000    18042001  0.1890653E+004  0.7424680E+004  0.3406120E+003  0.1970377E+003  0.1117868E+002  0.5396283E+003 -0.2713140E+003  0.2683143E+003 -0.7121429E+002
 109.000    19042001  0.1890112E+004  0.7424821E+004  0.3406120E+003  0.2015672E+003  0.1117317E+002  0.5479884E+003 -0.2741022E+003  0.2738862E+003 -0.7232190E+002
 110.000    20042001  0.1890023E+004  0.7424931E+004  0.3406120E+003  0.2057022E+003  0.1117945E+002  0.5572590E+003 -0.2780033E+003  0.2792557E+003 -0.7364615E+002
 111.000    21042001  0.1889577E+004  0.7424985E+004  0.3406120E+003  0.2086826E+003  0.1120729E+002  0.5675571E+003 -0.2837640E+003  0.2837931E+003 -0.7532043E+002
 112.000    22042001  0.1889270E+004  0.7425001E+004  0.3406120E+003  0.2102394E+003  0.1122605E+002  0.5772273E+003 -0.2901394E+003  0.2870879E+003 -0.7716834E+002
 113.000    23042001  0.1888934E+004  0.7424999E+004  0.3406120E+003  0.2119338E+003  0.1123820E+002  0.5868821E+003 -0.2962489E+003  0.2906332E+003 -0.7910620E+002
 114.000    24042001  0.1888439E+004  0.7424985E+004  0.3406120E+003  0.2143858E+003  0.1124622E+002  0.5967680E+003 -0.3017565E+003  0.2950115E+003 -0.8110075E+002
 115.000    25042001  0.1886903E+004  0.7425032E+004  0.3406120E+003  0.2172363E+003  0.1124512E+002  0.6034641E+003 -0.3039791E+003  0.2994850E+003 -0.8307629E+002
 116.000    26042001  0.1885833E+004  0.7425120E+004  0.3406120E+003  0.2218231E+003  0.1124949E+002  0.6123195E+003 -0.3068253E+003  0.3054942E+003 -0.8466181E+002
 117.000    27042001  0.1885324E+004  0.7425208E+004  0.3406120E+003  0.2250634E+003  0.1125711E+002  0.6216544E+003 -0.3114823E+003  0.3101721E+003 -0.8620690E+002
 118.000    28042001  0.1884721E+004  0.7425245E+004  0.3406120E+003  0.2278558E+003  0.1126745E+002  0.6314867E+003 -0.3167804E+003  0.3147063E+003 -0.8805730E+002
 119.000    29042001  0.1883709E+004  0.7425292E+004  0.3406120E+003  0.2322909E+003  0.1127159E+002  0.6413221E+003 -0.3204473E+003  0.3208747E+003 -0.8986738E+002
 120.000    30042001  0.1882993E+004  0.7425356E+004  0.3406120E+003  0.2357823E+003  0.1127831E+002  0.6508662E+003 -0.3248977E+003  0.3259685E+003 -0.9153673E+002
 121.000    01052001  0.1883197E+004  0.7425393E+004  0.3406120E+003  0.2388204E+003  0.1128670E+002  0.6612781E+003 -0.3305221E+003  0.3307560E+003 -0.9336467E+002
 122.000    02052001  0.1882697E+004  0.7425407E+004  0.3406120E+003  0.2413757E+003  0.1129860E+002  0.6715030E+003 -0.3363150E+003  0.3351880E+003 -0.9531071E+002
 123.000    03052001  0.1882213E+004  0.7425413E+004  0.3406120E+003  0.2438055E+003  0.1130643E+002  0.6815736E+003 -0.3420247E+003  0.3395489E+003 -0.9728848E+002
 124.000    04052001  0.1881846E+004  0.7425411E+004  0.3406120E+003  0.2455209E+003  0.1130985E+002  0.6912061E+003 -0.3479659E+003  0.3432402E+003 -0.9929250E+002
 125.000    05052001  0.1881580E+004  0.7425403E+004  0.3406120E+003  0.2470083E+003  0.1131317E+002  0.7008771E+003 -0.3541306E+003  0.3467465E+003 -0.1013223E+003
 126.000    06052001  0.1880629E+004  0.7425390E+004  0.3406120E+003  0.2507394E+003  0.1131395E+002  0.7107907E+003 -0.3582546E+003  0.3525361E+003 -0.1033743E+003
 127.000    07052001  0.1879691E+004  0.7425423E+004  0.3406120E+003  0.2548350E+003  0.1131696E+002  0.7206211E+003 -0.3621214E+003  0.3584997E+003 -0.1052181E+003
 128.000    08052001  0.1880036E+004  0.7425458E+004  0.3406120E+003  0.2593466E+003  0.1132238E+002  0.7312994E+003 -0.3664398E+003  0.3648596E+003 -0.1070511E+003
 129.000    09052001  0.1879375E+004  0.7425480E+004  0.3406120E+003  0.2632045E+003  0.1134918E+002  0.7422659E+003 -0.3716611E+003  0.3706048E+003 -0.1089337E+003
 130.000    10052001  0.1878854E+004  0.7425488E+004  0.3406120E+003  0.2659699E+003  0.1137744E+002  0.7527618E+003 -0.3774489E+003  0.3753129E+003 -0.1108680E+003
 131.000    11052001  0.1878615E+004  0.7425466E+004  0.3406120E+003  0.2674823E+003  0.1140713E+002  0.7630860E+003 -0.3841901E+003  0.3788960E+003 -0.1129295E+003
 132.000    12052001  0.1878077E+004  0.7425432E+004  0.3406120E+003  0.2696711E+003  0.1142823E+002  0.7730336E+003 -0.3898273E+003  0.3832063E+003 -0.1150262E+003
 133.000    13052001  0.1877162E+004  0.7425422E+004  0.3406120E+003  0.2739021E+003  0.1143917E+002  0.7835181E+003 -0.3940414E+003  0.3894766E+003 -0.1170200E+003
 134.000    14052001  0.1876354E+004  0.7425461E+004  0.3406120E+003  0.2778908E+003  0.1145442E+002  0.7934929E+003 -0.3981994E+003  0.3952935E+003 -0.1187828E+003
 135.000    15052001  0.1875395E+004  0.7425498E+004  0.3406120E+003  0.2813567E+003  0.1147302E+002  0.8029906E+003 -0.4024755E+003  0.4005151E+003 -0.1206931E+003
 136.000    16052001  0.1873874E+004  0.7425506E+004  0.3406120E+003  0.2832625E+003  0.1148805E+002  0.8105061E+003 -0.4061878E+003  0.4043183E+003 -0.1230072E+003
 137.000    17052001  0.1872469E+004  0.7425529E+004  0.3406120E+003  0.2844848E+003  0.1150104E+002  0.8169377E+003 -0.4095736E+003  0.4073641E+003 -0.1250990E+003
 138.000    18052001  0.1871774E+004  0.7425526E+004  0.3406120E+003  0.2876880E+003  0.1153093E+002  0.8283614E+003 -0.4157986E+003  0.4125628E+003 -0.1272564E+003
 139.000    19052001  0.1871643E+004  0.7425466E+004  0.3406120E+003  0.2875619E+003  0.1155302E+002  0.8384355E+003 -0.4237288E+003  0.4147066E+003 -0.1296502E+003
 140.000    20052001  0.1870810E+004  0.7425397E+004  0.3406120E+003  0.2905569E+003  0.1157348E+002  0.8492545E+003 -0.4292595E+003  0.4199950E+003 -0.1320464E+003
 141.000    21052001  0.1870036E+004  0.7425319E+004  0.3406120E+003  0.2929593E+003  0.1159246E+002  0.8599175E+003 -0.4351904E+003  0.4247271E+003 -0.1344731E+003
 142.000    22052001  0.1869278E+004  0.7425224E+004  0.3406120E+003  0.2947113E+003  0.1160543E+002  0.8701605E+003 -0.4412753E+003  0.4288852E+003 -0.1370223E+003
 143.000    23052001  0.1868150E+004  0.7425178E+004  0.3406120E+003  0.2987835E+003  0.1161628E+002  0.8808805E+003 -0.4456807E+003  0.4351998E+003 -0.1393501E+003
 144.000    24052001  0.1867476E+004  0.7425160E+004  0.3406120E+003  0.3012997E+003  0.1163487E+002  0.8912331E+003 -0.4513896E+003  0.4398435E+003 -0.1415371E+003
 145.000    25052001  0.1866643E+004  0.7425110E+004  0.3406120E+003  0.3046902E+003  0.1165321E+002  0.9023644E+003 -0.4568832E+003  0.4454812E+003 -0.1438462E+003
 146.000    26052001  0.1866243E+004  0.7425063E+004  0.3406120E+003  0.3080158E+003  0.1166926E+002  0.9127257E+003 -0.4615455E+003  0.4511802E+003 -0.1464515E+003
 147.000    27052001  0.1865330E+004  0.7425038E+004  0.3406120E+003  0.3115852E+003  0.1169825E+002  0.9238729E+003 -0.4670163E+003  0.4568566E+003 -0.1487438E+003
 148.000    28052001  0.1864078E+004  0.7425013E+004  0.3406120E+003  0.3141439E+003  0.1172356E+002  0.9328117E+003 -0.4713501E+003  0.4614615E+003 -0.1510068E+003
 149.000    29052001  0.1863040E+004  0.7424970E+004  0.3406120E+003  0.3179457E+003  0.1175866E+002  0.9440491E+003 -0.4767008E+003  0.4673482E+003 -0.1533534E+003
 150.000    30052001  0.1862325E+004  0.7424934E+004  0.3406120E+003  0.3207728E+003  0.1179429E+002  0.9550392E+003 -0.4827761E+003  0.4722632E+003 -0.1556273E+003
 151.000    31052001  0.1862079E+004  0.7424895E+004  0.3406120E+003  0.3241260E+003  0.1181467E+002  0.9655358E+003 -0.4878422E+003  0.4776935E+003 -0.1578907E+003
 152.000    01062001  0.1860543E+004  0.7424841E+004  0.3406120E+003  0.3232490E+003  0.1184562E+002  0.9722467E+003 -0.4929757E+003  0.4792710E+003 -0.1606895E+003
 153.000    02062001  0.1859547E+004  0.7424757E+004  0.3406120E+003  0.3276133E+003  0.1188292E+002  0.9847688E+003 -0.4988054E+003  0.4859634E+003 -0.1632572E+003
 154.000    03062001  0.1858859E+004  0.7424689E+004  0.3406120E+003  0.3298723E+003  0.1191069E+002  0.9952682E+003 -0.5049017E+003  0.4903666E+003 -0.1656280E+003
 155.000    04062001  0.1858260E+004  0.7424619E+004  0.3406120E+003  0.3325851E+003  0.1194049E+002  0.1006759E+004 -0.5114906E+003  0.4952684E+003 -0.1679903E+003
 156.000    05062001  0.1858202E+004  0.7424493E+004  0.3406120E+003  0.3320274E+003  0.1197295E+002  0.1017226E+004 -0.5200548E+003  0.4971715E+003 -0.1706104E+003
 157.000    06062001  0.1857744E+004  0.7424347E+004  0.3406120E+003  0.3326218E+003  0.1200696E+002  0.1027390E+004 -0.5271290E+003  0.5002614E+003 -0.1732536E+003
 158.000    07062001  0.1857100E+004  0.7424203E+004  0.3406120E+003  0.3348587E+003  0.1203568E+002  0.1038678E+004 -0.5337272E+003  0.5049512E+003 -0.1758579E+003
 159.000    08062001  0.1856326E+004  0.7424061E+004  0.3406120E+003  0.3379361E+003  0.1206226E+002  0.1050428E+004 -0.5399720E+003  0.5104555E+003 -0.1784383E+003
 160.000    09062001  0.1855574E+004  0.7423945E+004  0.3406120E+003  0.3413894E+003  0.1209145E+002  0.1062458E+004 -0.5462096E+003  0.5162482E+003 -0.1809181E+003
 161.000    10062001  0.1855016E+004  0.7423835E+004  0.3406120E+003  0.3432757E+003  0.1211850E+002  0.1073428E+004 -0.5529860E+003  0.5204415E+003 -0.1833656E+003
 162.000    11062001  0.1854471E+004  0.7423715E+004  0.3406120E+003  0.3457339E+003  0.1214662E+002  0.1085159E+004 -0.5599220E+003  0.5252373E+003 -0.1858388E+003
 163.000    12062001  0.1854069E+004  0.7423566E+004  0.3406120E+003  0.3470160E+003  0.1217722E+002  0.1096348E+004 -0.5673818E+003  0.5289658E+003 -0.1884178E+003
 164.000    13062001  0.1854244E+004  0.7423395E+004  0.3406120E+003  0.3483049E+003  0.1221099E+002  0.1107017E+004 -0.5742283E+003  0.5327885E+003 -0.1912135E+003
 165.000    14062001  0.1852980E+004  0.7423210E+004  0.3406120E+003  0.3483366E+003  0.1224909E+002  0.1116058E+004 -0.5805509E+003  0.5355074E+003 -0.1943404E+003
 166.000    15062001  0.1852137E+004  0.7423015E+004  0.3406120E+003  0.3513276E+003  0.1229108E+002  0.1128686E+004 -0.5874185E+003  0.5412675E+003 -0.1972438E+003
 167.000    16062001  0.1851625E+004  0.7422814E+004  0.3406120E+003  0.3521771E+003  0.1233100E+002  0.1140011E+004 -0.5951645E+003  0.5448468E+003 -0.2001264E+003
 168.000    17062001  0.1851197E+004  0.7422621E+004  0.3406120E+003  0.3524893E+003  0.1236148E+002  0.1150347E+004 -0.6025281E+003  0.5478194E+003 -0.2029378E+003
 169.000    18062001  0.1850733E+004  0.7422442E+004  0.3406120E+003  0.3534167E+003  0.1238783E+002  0.1160889E+004 -0.6095701E+003  0.5513190E+003 -0.2056692E+003
 170.000    19062001  0.1850181E+004  0.7422272E+004  0.3406120E+003  0.3555221E+003  0.1242003E+002  0.1172330E+004 -0.6163792E+003  0.5559504E+003 -0.2083517E+003
 171.000    20062001  0.1849834E+004  0.7422094E+004  0.3406120E+003  0.3566479E+003  0.1245450E+002  0.1183503E+004 -0.6238757E+003  0.5596274E+003 -0.2110537E+003
 172.000    21062001  0.1849566E+004  0.7421900E+004  0.3406120E+003  0.3575042E+003  0.1248991E+002  0.1194726E+004 -0.6316332E+003  0.5630929E+003 -0.2138029E+003
 173.000    22062001  0.1850251E+004  0.7421699E+004  0.3406120E+003  0.3579503E+003  0.1252589E+002  0.1205595E+004 -0.6386176E+003  0.5669775E+003 -0.2167468E+003
 174.000    23062001  0.1849105E+004  0.7421500E+004  0.3406120E+003  0.3619795E+003  0.1256266E+002  0.1218404E+004 -0.6447921E+003  0.5736122E+003 -0.2197625E+003
 175.000    24062001  0.1848086E+004  0.7421319E+004  0.3406120E+003  0.3651141E+003  0.1259258E+002  0.1230526E+004 -0.6512534E+003  0.5792724E+003 -0.2226645E+003
 176.000    25062001  0.1847006E+004  0.7421136E+004  0.3406120E+003  0.3677830E+003  0.1262254E+002  0.1242587E+004 -0.6578000E+003  0.5847875E+003 -0.2256158E+003
 177.000    26062001  0.1846379E+004  0.7420936E+004  0.3406120E+003  0.3693351E+003  0.1266247E+002  0.1254410E+004 -0.6653723E+003  0.5890377E+003 -0.2284732E+003
 178.000    27062001  0.1845998E+004  0.7420722E+004  0.3406120E+003  0.3698675E+003  0.1269716E+002  0.1265791E+004 -0.6734613E+003  0.5923301E+003 -0.2313619E+003
 179.000    28062001  0.1845750E+004  0.7420482E+004  0.3406120E+003  0.3695336E+003  0.1273100E+002  0.1276535E+004 -0.6817177E+003  0.5948177E+003 -0.2343303E+003
 180.000    29062001  0.1845552E+004  0.7420231E+004  0.3406120E+003  0.3691163E+003  0.1276108E+002  0.1287082E+004 -0.6898555E+003  0.5972263E+003 -0.2373079E+003
 181.000    30062001  0.1845363E+004  0.7419972E+004  0.3406120E+003  0.3688540E+003  0.1278717E+002  0.1297760E+004 -0.6979519E+003  0.5998077E+003 -0.2403018E+003
 182.000    01072001  0.1845695E+004  0.7419709E+004  0.3406120E+003  0.3702718E+003  0.1280670E+002  0.1309472E+004 -0.7054156E+003  0.6040565E+003 -0.2432681E+003
 183.000    02072001  0.1844953E+004  0.7419463E+004  0.3406120E+003  0.3731640E+003  0.1282993E+002  0.1321590E+004 -0.7118677E+003  0.6097221E+003 -0.2461625E+003
 184.000    03072001  0.1844192E+004  0.7419267E+004  0.3406120E+003  0.3750732E+003  0.1284977E+002  0.1332358E+004 -0.7181353E+003  0.6142226E+003 -0.2488566E+003
 185.000    04072001  0.1843624E+004  0.7419028E+004  0.3406120E+003  0.3765232E+003  0.1287742E+002  0.1343955E+004 -0.7255680E+003  0.6183875E+003 -0.2517761E+003
 186.000    05072001  0.1843049E+004  0.7418785E+004  0.3406120E+003  0.3783580E+003  0.1289947E+002  0.1355934E+004 -0.7329510E+003  0.6229835E+003 -0.2547131E+003
 187.000    06072001  0.1842358E+004  0.7418550E+004  0.3406120E+003  0.3804637E+003  0.1291697E+002  0.1367477E+004 -0.7396318E+003  0.6278449E+003 -0.2575707E+003
 188.000    07072001  0.1841722E+004  0.7418362E+004  0.3406120E+003  0.3826204E+003  0.1293299E+002  0.1378741E+004 -0.7461539E+003  0.6325867E+003 -0.2602247E+003
 189.000    08072001  0.1840657E+004  0.7418146E+004  0.3406120E+003  0.3828393E+003  0.1295207E+002  0.1388230E+004 -0.7524547E+003  0.6357750E+003 -0.2632156E+003
 190.000    09072001  0.1840061E+004  0.7417892E+004  0.3406120E+003  0.3848385E+003  0.1297748E+002  0.1401039E+004 -0.7604318E+003  0.6406073E+003 -0.2663313E+003
 191.000    10072001  0.1839599E+004  0.7417623E+004  0.3406120E+003  0.3853785E+003  0.1299922E+002  0.1412510E+004 -0.7684666E+003  0.6440431E+003 -0.2694352E+003
 192.000    11072001  0.1839266E+004  0.7417335E+004  0.3406120E+003  0.3854304E+003  0.1301675E+002  0.1423710E+004 -0.7766517E+003  0.6470582E+003 -0.2725770E+003
 193.000    12072001  0.1838718E+004  0.7417086E+004  0.3406120E+003  0.3862320E+003  0.1303097E+002  0.1434435E+004 -0.7837338E+003  0.6507014E+003 -0.2755349E+003
 194.000    13072001  0.1837665E+004  0.7416862E+004  0.3406120E+003  0.3867694E+003  0.1304103E+002  0.1443152E+004 -0.7891558E+003  0.6539957E+003 -0.2783879E+003
 195.000    14072001  0.1837011E+004  0.7416664E+004  0.3406120E+003  0.3886998E+003  0.1305467E+002  0.1454285E+004 -0.7956997E+003  0.6585851E+003 -0.2811199E+003
 196.000    15072001  0.1836457E+004  0.7416471E+004  0.3406120E+003  0.3899685E+003  0.1307074E+002  0.1465005E+004 -0.8025015E+003  0.6625036E+003 -0.2838156E+003
 197.000    16072001  0.1836051E+004  0.7416278E+004  0.3406120E+003  0.3907152E+003  0.1308469E+002  0.1475603E+004 -0.8097076E+003  0.6658954E+003 -0.2864940E+003
 198.000    17072001  0.1835771E+004  0.7416062E+004  0.3406120E+003  0.3913009E+003  0.1310207E+002  0.1486687E+004 -0.8174711E+003  0.6692155E+003 -0.2892530E+003
 199.000    18072001  0.1835149E+004  0.7415824E+004  0.3406120E+003  0.3922825E+003  0.1311575E+002  0.1497485E+004 -0.8245039E+003  0.6729809E+003 -0.2921229E+003
 200.000    19072001  0.1834435E+004  0.7415570E+004  0.3406120E+003  0.3938227E+003  0.1312720E+002  0.1508786E+004 -0.8314162E+003  0.6773699E+003 -0.2950306E+003
 201.000    20072001  0.1833707E+004  0.7415339E+004  0.3406120E+003  0.3961933E+003  0.1313578E+002  0.1520555E+004 -0.8380359E+003  0.6825195E+003 -0.2978279E+003
 202.000    21072001  0.1833077E+004  0.7415145E+004  0.3406120E+003  0.3977649E+003  0.1314487E+002  0.1531399E+004 -0.8446490E+003  0.6867496E+003 -0.3004643E+003
 203.000    22072001  0.1832663E+004  0.7414960E+004  0.3406120E+003  0.3984757E+003  0.1315698E+002  0.1541965E+004 -0.8518790E+003  0.6900864E+003 -0.3030569E+003
 204.000    23072001  0.1832287E+004  0.7414736E+004  0.3406120E+003  0.3998695E+003  0.1317026E+002  0.1553828E+004 -0.8596005E+003  0.6942280E+003 -0.3057844E+003
 205.000    24072001  0.1831717E+004  0.7414465E+004  0.3406120E+003  0.4020190E+003  0.1318232E+002  0.1566421E+004 -0.8671577E+003  0.6992632E+003 -0.3087156E+003
 206.000    25072001  0.1831217E+004  0.7414192E+004  0.3406120E+003  0.4033251E+003  0.1319354E+002  0.1578196E+004 -0.8747216E+003  0.7034746E+003 -0.3116237E+003
 207.000    26072001  0.1830396E+004  0.7413920E+004  0.3406120E+003  0.4039058E+003  0.1320148E+002  0.1588540E+004 -0.8816279E+003  0.7069121E+003 -0.3146564E+003
 208.000    27072001  0.1828839E+004  0.7413657E+004  0.3406120E+003  0.4035550E+003  0.1320746E+002  0.1596916E+004 -0.8872401E+003  0.7096761E+003 -0.3180322E+003
 209.000    28072001  0.1827579E+004  0.7413443E+004  0.3406120E+003  0.4055985E+003  0.1321306E+002  0.1606570E+004 -0.8921418E+003  0.7144286E+003 -0.3208158E+003
 210.000    29072001  0.1826481E+004  0.7413240E+004  0.3406120E+003  0.4053793E+003  0.1322065E+002  0.1615058E+004 -0.8981154E+003  0.7169430E+003 -0.3236741E+003
 211.000    30072001  0.1825427E+004  0.7413027E+004  0.3406120E+003  0.4079776E+003  0.1322721E+002  0.1626085E+004 -0.9038922E+003  0.7221931E+003 -0.3264611E+003
 212.000    31072001  0.1825460E+004  0.7412817E+004  0.3406120E+003  0.4109097E+003  0.1322819E+002  0.1638334E+004 -0.9106328E+003  0.7277014E+003 -0.3291830E+003
 213.000    01082001  0.1824622E+004  0.7412609E+004  0.3406120E+003  0.4134430E+003  0.1323491E+002  0.1649641E+004 -0.9168572E+003  0.7327834E+003 -0.3318670E+003
 214.000    02082001  0.1823955E+004  0.7412420E+004  0.3406120E+003  0.4155103E+003  0.1324157E+002  0.1660699E+004 -0.9233943E+003  0.7373048E+003 -0.3344639E+003
 215.000    03082001  0.1823407E+004  0.7412230E+004  0.3406120E+003  0.4176564E+003  0.1324811E+002  0.1672197E+004 -0.9303036E+003  0.7418937E+003 -0.3370475E+003
 216.000    04082001  0.1822942E+004  0.7412003E+004  0.3406120E+003  0.4187719E+003  0.1325668E+002  0.1683332E+004 -0.9377580E+003  0.7455744E+003 -0.3397654E+003
 217.000    05082001  0.1822668E+004  0.7411759E+004  0.3406120E+003  0.4192242E+003  0.1326596E+002  0.1694290E+004 -0.9456217E+003  0.7486678E+003 -0.3425410E+003
 218.000    06082001  0.1822430E+004  0.7411508E+004  0.3406120E+003  0.4196065E+003  0.1327314E+002  0.1705118E+004 -0.9533942E+003  0.7517240E+003 -0.3453280E+003
 219.000    07082001  0.1822471E+004  0.7411231E+004  0.3406120E+003  0.4184985E+003  0.1328034E+002  0.1715418E+004 -0.9620167E+003  0.7534017E+003 -0.3482116E+003
 220.000    08082001  0.1822517E+004  0.7410928E+004  0.3406120E+003  0.4175767E+003  0.1328823E+002  0.1725907E+004 -0.9705492E+003  0.7553580E+003 -0.3511639E+003
 221.000    09082001  0.1822678E+004  0.7410623E+004  0.3406120E+003  0.4161761E+003  0.1329347E+002  0.1736168E+004 -0.9793086E+003  0.7568597E+003 -0.3541072E+003
 222.000    10082001  0.1822647E+004  0.7410296E+004  0.3406120E+003  0.4151053E+003  0.1330103E+002  0.1746220E+004 -0.9874744E+003  0.7587460E+003 -0.3571199E+003
 223.000    11082001  0.1822141E+004  0.7409974E+004  0.3406120E+003  0.4163457E+003  0.1330627E+002  0.1757739E+004 -0.9949153E+003  0.7628233E+003 -0.3602893E+003
 224.000    12082001  0.1821615E+004  0.7409648E+004  0.3406120E+003  0.4175552E+003  0.1330981E+002  0.1769410E+004 -0.1002552E+004  0.7668581E+003 -0.3634873E+003
 225.000    13082001  0.1820881E+004  0.7409310E+004  0.3406120E+003  0.4191051E+003  0.1331360E+002  0.1781259E+004 -0.1009848E+004  0.7714119E+003 -0.3667538E+003
 226.000    14082001  0.1820318E+004  0.7408978E+004  0.3406120E+003  0.4204218E+003  0.1331550E+002  0.1793032E+004 -0.1017316E+004  0.7757157E+003 -0.3699290E+003
 227.000    15082001  0.1819794E+004  0.7408673E+004  0.3406120E+003  0.4213631E+003  0.1331762E+002  0.1804117E+004 -0.1024563E+004  0.7795543E+003 -0.3729745E+003
 228.000    16082001  0.1819358E+004  0.7408383E+004  0.3406120E+003  0.4223069E+003  0.1332071E+002  0.1815281E+004 -0.1031946E+004  0.7833340E+003 -0.3759386E+003
 229.000    17082001  0.1819056E+004  0.7408076E+004  0.3406120E+003  0.4225928E+003  0.1332313E+002  0.1826418E+004 -0.1039884E+004  0.7865342E+003 -0.3789642E+003
 230.000    18082001  0.1818384E+004  0.7407739E+004  0.3406120E+003  0.4207471E+003  0.1332423E+002  0.1834405E+004 -0.1046693E+004  0.7877117E+003 -0.3820850E+003
 231.000    19082001  0.1817769E+004  0.7407417E+004  0.3406120E+003  0.4219991E+003  0.1332647E+002  0.1845613E+004 -0.1053703E+004  0.7919104E+003 -0.3852043E+003
 232.000    20082001  0.1817137E+004  0.7407084E+004  0.3406120E+003  0.4234731E+003  0.1332738E+002  0.1857186E+004 -0.1060827E+004  0.7963594E+003 -0.3883600E+003
 233.000    21082001  0.1816450E+004  0.7406805E+004  0.3406120E+003  0.4246537E+003  0.1332867E+002  0.1867564E+004 -0.1067218E+004  0.8003455E+003 -0.3912671E+003
 234.000    22082001  0.1815861E+004  0.7406555E+004  0.3406120E+003  0.4257484E+003  0.1333182E+002  0.1877892E+004 -0.1073742E+004  0.8041502E+003 -0.3940520E+003
 235.000    23082001  0.1815529E+004  0.7406300E+004  0.3406120E+003  0.4258762E+003  0.1333521E+002  0.1888121E+004 -0.1081101E+004  0.8070203E+003 -0.3968417E+003
 236.000    24082001  0.1814815E+004  0.7406018E+004  0.3406120E+003  0.4278312E+003  0.1333777E+002  0.1899411E+004 -0.1087628E+004  0.8117834E+003 -0.3997758E+003
 237.000    25082001  0.1814238E+004  0.7405760E+004  0.3406120E+003  0.4288901E+003  0.1333961E+002  0.1909799E+004 -0.1094216E+004  0.8155832E+003 -0.4025706E+003
 238.000    26082001  0.1813728E+004  0.7405516E+004  0.3406120E+003  0.4298361E+003  0.1334139E+002  0.1920111E+004 -0.1100878E+004  0.8192326E+003 -0.4053017E+003
 239.000    27082001  0.1813312E+004  0.7405243E+004  0.3406120E+003  0.4301794E+003  0.1334349E+002  0.1930440E+004 -0.1108071E+004  0.8223690E+003 -0.4081569E+003
 240.000    28082001  0.1812989E+004  0.7404954E+004  0.3406120E+003  0.4305604E+003  0.1334631E+002  0.1941124E+004 -0.1115511E+004  0.8256131E+003 -0.4110516E+003
 241.000    29082001  0.1812414E+004  0.7404641E+004  0.3406120E+003  0.4309605E+003  0.1334934E+002  0.1951382E+004 -0.1122462E+004  0.8289195E+003 -0.4140850E+003
 242.000    30082001  0.1811451E+004  0.7404346E+004  0.3406120E+003  0.4306259E+003  0.1335173E+002  0.1959830E+004 -0.1128436E+004  0.8313937E+003 -0.4171414E+003
 243.000    31082001  0.1811678E+004  0.7404045E+004  0.3406120E+003  0.4319884E+003  0.1334664E+002  0.1971217E+004 -0.1135467E+004  0.8357508E+003 -0.4200961E+003
 244.000    01092001  0.1810785E+004  0.7403755E+004  0.3406120E+003  0.4314749E+003  0.1334694E+002  0.1979434E+004 -0.1141313E+004  0.8381205E+003 -0.4230236E+003
 245.000    02092001  0.1810074E+004  0.7403478E+004  0.3406120E+003  0.4332163E+003  0.1334626E+002  0.1990125E+004 -0.1147504E+004  0.8426205E+003 -0.4258658E+003
 246.000    03092001  0.1809224E+004  0.7403223E+004  0.3406120E+003  0.4350427E+003  0.1334609E+002  0.2000264E+004 -0.1153192E+004  0.8470715E+003 -0.4286079E+003
 247.000    04092001  0.1808464E+004  0.7402964E+004  0.3406120E+003  0.4365048E+003  0.1334602E+002  0.2010525E+004 -0.1159368E+004  0.8511567E+003 -0.4313665E+003
 248.000    05092001  0.1807920E+004  0.7402698E+004  0.3406120E+003  0.4379430E+003  0.1334531E+002  0.2021354E+004 -0.1166117E+004  0.8552372E+003 -0.4341329E+003
 249.000    06092001  0.1807275E+004  0.7402448E+004  0.3406120E+003  0.4391264E+003  0.1334482E+002  0.2031282E+004 -0.1172262E+004  0.8590196E+003 -0.4368303E+003
 250.000    07092001  0.1806624E+004  0.7402229E+004  0.3406120E+003  0.4408230E+003  0.1334389E+002  0.2041339E+004 -0.1178139E+004  0.8632008E+003 -0.4393880E+003
 251.000    08092001  0.1806060E+004  0.7402023E+004  0.3406120E+003  0.4419552E+003  0.1334282E+002  0.2050977E+004 -0.1184204E+004  0.8667730E+003 -0.4418857E+003
 252.000    09092001  0.1805547E+004  0.7401798E+004  0.3406120E+003  0.4426120E+003  0.1334073E+002  0.2060663E+004 -0.1190725E+004  0.8699380E+003 -0.4444535E+003
 253.000    10092001  0.1805294E+004  0.7401512E+004  0.3406120E+003  0.4427050E+003  0.1333758E+002  0.2071073E+004 -0.1198320E+004  0.8727524E+003 -0.4472411E+003
 254.000    11092001  0.1804655E+004  0.7401245E+004  0.3406120E+003  0.4437173E+003  0.1333441E+002  0.2080705E+004 -0.1204263E+004  0.8764428E+003 -0.4499441E+003
 255.000    12092001  0.1804053E+004  0.7401044E+004  0.3406120E+003  0.4450467E+003  0.1333069E+002  0.2090013E+004 -0.1209793E+004  0.8802197E+003 -0.4523779E+003
 256.000    13092001  0.1803375E+004  0.7400863E+004  0.3406120E+003  0.4472931E+003  0.1332827E+002  0.2099987E+004 -0.1215140E+004  0.8848472E+003 -0.4547367E+003
 257.000    14092001  0.1802405E+004  0.7400704E+004  0.3406120E+003  0.4485820E+003  0.1332671E+002  0.2107888E+004 -0.1219444E+004  0.8884439E+003 -0.4570065E+003
 258.000    15092001  0.1801465E+004  0.7400585E+004  0.3406120E+003  0.4514259E+003  0.1332455E+002  0.2116996E+004 -0.1223547E+004  0.8934490E+003 -0.4591119E+003
 259.000    16092001  0.1800616E+004  0.7400483E+004  0.3406120E+003  0.4538299E+003  0.1332174E+002  0.2125871E+004 -0.1227916E+004  0.8979551E+003 -0.4611456E+003
 260.000    17092001  0.1799961E+004  0.7400397E+004  0.3406120E+003  0.4560862E+003  0.1331648E+002  0.2134924E+004 -0.1232685E+004  0.9022387E+003 -0.4630892E+003
 261.000    18092001  0.1799401E+004  0.7400299E+004  0.3406120E+003  0.4576989E+003  0.1331357E+002  0.2144147E+004 -0.1238212E+004  0.9059347E+003 -0.4650810E+003
 262.000    19092001  0.1798830E+004  0.7400188E+004  0.3406120E+003  0.4593042E+003  0.1331078E+002  0.2153580E+004 -0.1243882E+004  0.9096984E+003 -0.4671311E+003
 263.000    20092001  0.1798160E+004  0.7400030E+004  0.3406120E+003  0.4599682E+003  0.1330791E+002  0.2162523E+004 -0.1249876E+004  0.9126470E+003 -0.4694339E+003
 264.000    21092001  0.1797447E+004  0.7399850E+004  0.3406120E+003  0.4618598E+003  0.1330515E+002  0.2172682E+004 -0.1255790E+004  0.9168918E+003 -0.4718082E+003
 265.000    22092001  0.1796852E+004  0.7399681E+004  0.3406120E+003  0.4634142E+003  0.1330181E+002  0.2182648E+004 -0.1261825E+004  0.9208229E+003 -0.4741120E+003
 266.000    23092001  0.1796428E+004  0.7399497E+004  0.3406120E+003  0.4639821E+003  0.1329835E+002  0.2192240E+004 -0.1268398E+004  0.9238426E+003 -0.4764650E+003
 267.000    24092001  0.1795393E+004  0.7399289E+004  0.3406120E+003  0.4622129E+003  0.1329410E+002  0.2198271E+004 -0.1273774E+004  0.9244974E+003 -0.4791304E+003
 268.000    25092001  0.1794304E+004  0.7399144E+004  0.3406120E+003  0.4650409E+003  0.1328838E+002  0.2206853E+004 -0.1277383E+004  0.9294694E+003 -0.4813322E+003
 269.000    26092001  0.1793546E+004  0.7399082E+004  0.3406120E+003  0.4680494E+003  0.1327520E+002  0.2214805E+004 -0.1280618E+004  0.9341872E+003 -0.4830936E+003
 270.000    27092001  0.1792909E+004  0.7399032E+004  0.3406120E+003  0.4704877E+003  0.1326761E+002  0.2223025E+004 -0.1284729E+004  0.9382961E+003 -0.4848278E+003
 271.000    28092001  0.1792025E+004  0.7398981E+004  0.3406120E+003  0.4730103E+003  0.1326458E+002  0.2230889E+004 -0.1288378E+004  0.9425108E+003 -0.4865658E+003
 272.000    29092001  0.1791232E+004  0.7398951E+004  0.3406120E+003  0.4759591E+003  0.1325905E+002  0.2239056E+004 -0.1291985E+004  0.9470714E+003 -0.4881952E+003
 273.000    30092001  0.1790401E+004  0.7398925E+004  0.3406120E+003  0.4784680E+003  0.1325390E+002  0.2246666E+004 -0.1295479E+004  0.9511875E+003 -0.4897978E+003
 274.000    01102001  0.1790581E+004  0.7398923E+004  0.3406120E+003  0.4810734E+003  0.1323651E+002  0.2254663E+004 -0.1299359E+004  0.9553034E+003 -0.4912866E+003
 275.000    02102001  0.1790047E+004  0.7398899E+004  0.3406120E+003  0.4826495E+003  0.1323226E+002  0.2262943E+004 -0.1304416E+004  0.9585274E+003 -0.4929151E+003
 276.000    03102001  0.1789575E+004  0.7398853E+004  0.3406120E+003  0.4835080E+003  0.1322837E+002  0.2271169E+004 -0.1309991E+004  0.9611779E+003 -0.4946703E+003
 277.000    04102001  0.1789070E+004  0.7398789E+004  0.3406120E+003  0.4842869E+003  0.1322345E+002  0.2279303E+004 -0.1315444E+004  0.9638594E+003 -0.4965143E+003
 278.000    05102001  0.1788588E+004  0.7398719E+004  0.3406120E+003  0.4851698E+003  0.1321753E+002  0.2287662E+004 -0.1320969E+004  0.9666926E+003 -0.4983846E+003
 279.000    06102001  0.1787638E+004  0.7398644E+004  0.3406120E+003  0.4837825E+003  0.1320939E+002  0.2291797E+004 -0.1324593E+004  0.9672042E+003 -0.5002718E+003
 280.000    07102001  0.1787058E+004  0.7398648E+004  0.3406120E+003  0.4867489E+003  0.1318639E+002  0.2298980E+004 -0.1327285E+004  0.9716948E+003 -0.5017016E+003
 281.000    08102001  0.1786554E+004  0.7398685E+004  0.3406120E+003  0.4895829E+003  0.1316399E+002  0.2305743E+004 -0.1329850E+004  0.9758927E+003 -0.5029650E+003
 282.000    09102001  0.1786181E+004  0.7398753E+004  0.3406120E+003  0.4925228E+003  0.1314226E+002  0.2312683E+004 -0.1332628E+004  0.9800553E+003 -0.5040860E+003
 283.000    10102001  0.1785880E+004  0.7398795E+004  0.3406120E+003  0.4948093E+003  0.1312962E+002  0.2320558E+004 -0.1336865E+004  0.9836926E+003 -0.5053566E+003
 284.000    11102001  0.1785396E+004  0.7398800E+004  0.3406120E+003  0.4966877E+003  0.1312529E+002  0.2328744E+004 -0.1341620E+004  0.9871241E+003 -0.5068396E+003
 285.000    12102001  0.1784844E+004  0.7398792E+004  0.3406120E+003  0.4982684E+003  0.1312100E+002  0.2336592E+004 -0.1346263E+004  0.9903294E+003 -0.5083794E+003
 286.000    13102001  0.1784349E+004  0.7398768E+004  0.3406120E+003  0.4997428E+003  0.1311639E+002  0.2344906E+004 -0.1351372E+004  0.9935339E+003 -0.5100137E+003
 287.000    14102001  0.1783708E+004  0.7398705E+004  0.3406120E+003  0.4987321E+003  0.1311014E+002  0.2350907E+004 -0.1356644E+004  0.9942634E+003 -0.5119032E+003
 288.000    15102001  0.1782942E+004  0.7398669E+004  0.3406120E+003  0.5008974E+003  0.1310125E+002  0.2358447E+004 -0.1360241E+004  0.9982058E+003 -0.5135742E+003
 289.000    16102001  0.1782474E+004  0.7398680E+004  0.3406120E+003  0.5031070E+003  0.1308671E+002  0.2365863E+004 -0.1363870E+004  0.1001993E+004 -0.5149872E+003
 290.000    17102001  0.1781979E+004  0.7398719E+004  0.3406120E+003  0.5056763E+003  0.1306507E+002  0.2372411E+004 -0.1366493E+004  0.1005917E+004 -0.5162383E+003
 291.000    18102001  0.1781624E+004  0.7398793E+004  0.3406120E+003  0.5084048E+003  0.1304001E+002  0.2378746E+004 -0.1368983E+004  0.1009763E+004 -0.5173092E+003
 292.000    19102001  0.1781364E+004  0.7398875E+004  0.3406120E+003  0.5107986E+003  0.1302493E+002  0.2385655E+004 -0.1372436E+004  0.1013219E+004 -0.5183610E+003
 293.000    20102001  0.1780911E+004  0.7398908E+004  0.3406120E+003  0.5126148E+003  0.1302025E+002  0.2393107E+004 -0.1376777E+004  0.1016330E+004 -0.5196838E+003
 294.000    21102001  0.1780650E+004  0.7398928E+004  0.3406120E+003  0.5137563E+003  0.1301243E+002  0.2400719E+004 -0.1381877E+004  0.1018842E+004 -0.5210791E+003
 295.000    22102001  0.1780337E+004  0.7398903E+004  0.3406120E+003  0.5142658E+003  0.1300700E+002  0.2408271E+004 -0.1387292E+004  0.1020979E+004 -0.5227237E+003
 296.000    23102001  0.1780036E+004  0.7398879E+004  0.3406120E+003  0.5149033E+003  0.1299753E+002  0.2415763E+004 -0.1392500E+004  0.1023263E+004 -0.5243530E+003
 297.000    24102001  0.1779950E+004  0.7398822E+004  0.3406120E+003  0.5143568E+003  0.1298473E+002  0.2423266E+004 -0.1398725E+004  0.1024541E+004 -0.5261460E+003
 298.000    25102001  0.1779403E+004  0.7398754E+004  0.3406120E+003  0.5149928E+003  0.1297365E+002  0.2430285E+004 -0.1403203E+004  0.1027082E+004 -0.5279935E+003
 299.000    26102001  0.1778823E+004  0.7398766E+004  0.3406120E+003  0.5169005E+003  0.1295994E+002  0.2436521E+004 -0.1406019E+004  0.1030502E+004 -0.5293859E+003
 300.000    27102001  0.1778420E+004  0.7398831E+004  0.3406120E+003  0.5182791E+003  0.1293162E+002  0.2440983E+004 -0.1407886E+004  0.1033097E+004 -0.5304766E+003
 301.000    28102001  0.1778163E+004  0.7398923E+004  0.3406120E+003  0.5203282E+003  0.1290095E+002  0.2446131E+004 -0.1409896E+004  0.1036235E+004 -0.5314372E+003
 302.000    29102001  0.1778076E+004  0.7399047E+004  0.3406120E+003  0.5227166E+003  0.1287542E+002  0.2451751E+004 -0.1412211E+004  0.1039540E+004 -0.5322241E+003
 303.000    30102001  0.1778008E+004  0.7399150E+004  0.3406120E+003  0.5249256E+003  0.1285665E+002  0.2458160E+004 -0.1415392E+004  0.1042768E+004 -0.5331336E+003
 304.000    31102001  0.1778573E+004  0.7399236E+004  0.3406120E+003  0.5270516E+003  0.1283392E+002  0.2464609E+004 -0.1418630E+004  0.1045979E+004 -0.5341259E+003
 305.000    01112001  0.1778409E+004  0.7399301E+004  0.3406120E+003  0.5283881E+003  0.1282472E+002  0.2471355E+004 -0.1422838E+004  0.1048517E+004 -0.5352448E+003
 306.000    02112001  0.1778113E+004  0.7399322E+004  0.3406120E+003  0.5291517E+003  0.1281968E+002  0.2478614E+004 -0.1427872E+004  0.1050742E+004 -0.5366259E+003
 307.000    03112001  0.1777864E+004  0.7399314E+004  0.3406120E+003  0.5288501E+003  0.1281352E+002  0.2485303E+004 -0.1433222E+004  0.1052081E+004 -0.5381586E+003
 308.000    04112001  0.1777364E+004  0.7399334E+004  0.3406120E+003  0.5303489E+003  0.1280100E+002  0.2491628E+004 -0.1436528E+004  0.1055100E+004 -0.5395070E+003
 309.000    05112001  0.1776981E+004  0.7399392E+004  0.3406120E+003  0.5322692E+003  0.1278397E+002  0.2497547E+004 -0.1439214E+004  0.1058333E+004 -0.5406332E+003
 310.000    06112001  0.1776799E+004  0.7399491E+004  0.3406120E+003  0.5341964E+003  0.1275581E+002  0.2502884E+004 -0.1441524E+004  0.1061360E+004 -0.5415353E+003
 311.000    07112001  0.1776684E+004  0.7399574E+004  0.3406120E+003  0.5355216E+003  0.1274239E+002  0.2509068E+004 -0.1445186E+004  0.1063881E+004 -0.5425436E+003
 312.000    08112001  0.1776563E+004  0.7399650E+004  0.3406120E+003  0.5366298E+003  0.1273049E+002  0.2515117E+004 -0.1448893E+004  0.1066224E+004 -0.5435863E+003
 313.000    09112001  0.1776291E+004  0.7399710E+004  0.3406120E+003  0.5379238E+003  0.1271692E+002  0.2520950E+004 -0.1452112E+004  0.1068838E+004 -0.5447069E+003
 314.000    10112001  0.1776323E+004  0.7399802E+004  0.3406120E+003  0.5392151E+003  0.1269856E+002  0.2526930E+004 -0.1455641E+004  0.1071289E+004 -0.5456528E+003
 315.000    11112001  0.1776020E+004  0.7399868E+004  0.3406120E+003  0.5406521E+003  0.1268841E+002  0.2532927E+004 -0.1458891E+004  0.1074036E+004 -0.5467490E+003
 316.000    12112001  0.1775850E+004  0.7399960E+004  0.3406120E+003  0.5422437E+003  0.1266323E+002  0.2537903E+004 -0.1461127E+004  0.1076776E+004 -0.5476700E+003
 317.000    13112001  0.1775871E+004  0.7400092E+004  0.3406120E+003  0.5440578E+003  0.1263719E+002  0.2542744E+004 -0.1463222E+004  0.1079522E+004 -0.5483646E+003
 318.000    14112001  0.1775868E+004  0.7400207E+004  0.3406120E+003  0.5459668E+003  0.1262502E+002  0.2548638E+004 -0.1466184E+004  0.1082455E+004 -0.5491689E+003
 319.000    15112001  0.1775797E+004  0.7400304E+004  0.3406120E+003  0.5475080E+003  0.1261513E+002  0.2554466E+004 -0.1469358E+004  0.1085109E+004 -0.5500712E+003
 320.000    16112001  0.1775799E+004  0.7400394E+004  0.3406120E+003  0.5485423E+003  0.1260522E+002  0.2560404E+004 -0.1473105E+004  0.1087299E+004 -0.5510148E+003
 321.000    17112001  0.1775526E+004  0.7400455E+004  0.3406120E+003  0.5492752E+003  0.1259995E+002  0.2566400E+004 -0.1477033E+004  0.1089367E+004 -0.5521352E+003
 322.000    18112001  0.1775281E+004  0.7400535E+004  0.3406120E+003  0.5506854E+003  0.1258701E+002  0.2571747E+004 -0.1479742E+004  0.1092005E+004 -0.5531240E+003
 323.000    19112001  0.1775135E+004  0.7400619E+004  0.3406120E+003  0.5522702E+003  0.1257837E+002  0.2577929E+004 -0.1483135E+004  0.1094795E+004 -0.5540960E+003
 324.000    20112001  0.1774808E+004  0.7400691E+004  0.3406120E+003  0.5536566E+003  0.1256860E+002  0.2583257E+004 -0.1485795E+004  0.1097462E+004 -0.5551398E+003
 325.000    21112001  0.1777418E+004  0.7400814E+004  0.3406120E+003  0.5549817E+003  0.1254661E+002  0.2587374E+004 -0.1487609E+004  0.1099765E+004 -0.5558628E+003
 326.000    22112001  0.1780011E+004  0.7400957E+004  0.3406120E+003  0.5566922E+003  0.1252828E+002  0.2592209E+004 -0.1489881E+004  0.1102328E+004 -0.5564573E+003
 327.000    23112001  0.1782355E+004  0.7401087E+004  0.3406120E+003  0.5580469E+003  0.1252029E+002  0.2597284E+004 -0.1492680E+004  0.1104603E+004 -0.5571353E+003
 328.000    24112001  0.1784300E+004  0.7401162E+004  0.3406120E+003  0.5570461E+003  0.1251715E+002  0.2601619E+004 -0.1496916E+004  0.1104704E+004 -0.5581871E+003
 329.000    25112001  0.1786107E+004  0.7401186E+004  0.3406120E+003  0.5549072E+003  0.1250891E+002  0.2605928E+004 -0.1501938E+004  0.1103990E+004 -0.5595498E+003
 330.000    26112001  0.1787608E+004  0.7401190E+004  0.3406120E+003  0.5552200E+003  0.1249779E+002  0.2612116E+004 -0.1506222E+004  0.1105895E+004 -0.5610085E+003
 331.000    27112001  0.1789123E+004  0.7401221E+004  0.3406120E+003  0.5561484E+003  0.1248001E+002  0.2618492E+004 -0.1510181E+004  0.1108311E+004 -0.5623112E+003
 332.000    28112001  0.1790467E+004  0.7401232E+004  0.3406120E+003  0.5564821E+003  0.1247057E+002  0.2624731E+004 -0.1514471E+004  0.1110260E+004 -0.5637286E+003
 333.000    29112001  0.1791686E+004  0.7401237E+004  0.3406120E+003  0.5565447E+003  0.1245562E+002  0.2630832E+004 -0.1518843E+004  0.1111989E+004 -0.5651866E+003
 334.000    30112001  0.1792772E+004  0.7401221E+004  0.3406120E+003  0.5544747E+003  0.1243855E+002  0.2634994E+004 -0.1523292E+004  0.1111702E+004 -0.5667590E+003
 335.000    01122001  0.1794327E+004  0.7401226E+004  0.3406120E+003  0.5553249E+003  0.1241405E+002  0.2640825E+004 -0.1526600E+004  0.1114225E+004 -0.5681972E+003
 336.000    02122001  0.1795098E+004  0.7401275E+004  0.3406120E+003  0.5565122E+003  0.1240226E+002  0.2645991E+004 -0.1529143E+004  0.1116848E+004 -0.5693826E+003
 337.000    03122001  0.1796059E+004  0.7401360E+004  0.3406120E+003  0.5578293E+003  0.1238446E+002  0.2650658E+004 -0.1531278E+004  0.1119380E+004 -0.5703482E+003
 338.000    04122001  0.1797134E+004  0.7401471E+004  0.3406120E+003  0.5592380E+003  0.1236639E+002  0.2655736E+004 -0.1533875E+004  0.1121861E+004 -0.5711699E+003
 339.000    05122001  0.1798107E+004  0.7401565E+004  0.3406120E+003  0.5601047E+003  0.1235448E+002  0.2661089E+004 -0.1537194E+004  0.1123895E+004 -0.5721058E+003
 340.000    06122001  0.1798813E+004  0.7401623E+004  0.3406120E+003  0.5605358E+003  0.1234254E+002  0.2666833E+004 -0.1541152E+004  0.1125680E+004 -0.5732512E+003
 341.000    07122001  0.1799438E+004  0.7401656E+004  0.3406120E+003  0.5601904E+003  0.1233101E+002  0.2672307E+004 -0.1545472E+004  0.1126835E+004 -0.5745436E+003
 342.000    08122001  0.1799882E+004  0.7401684E+004  0.3406120E+003  0.5605145E+003  0.1231598E+002  0.2678010E+004 -0.1549315E+004  0.1128695E+004 -0.5758620E+003
 343.000    09122001  0.1800148E+004  0.7401733E+004  0.3406120E+003  0.5613684E+003  0.1230147E+002  0.2682927E+004 -0.1551965E+004  0.1130962E+004 -0.5770373E+003
 344.000    10122001  0.1800644E+004  0.7401831E+004  0.3406120E+003  0.5608761E+003  0.1228596E+002  0.2685081E+004 -0.1553687E+004  0.1131394E+004 -0.5779375E+003
 345.000    11122001  0.1800927E+004  0.7401938E+004  0.3406120E+003  0.5594478E+003  0.1227459E+002  0.2687803E+004 -0.1555587E+004  0.1132216E+004 -0.5788353E+003
 346.000    12122001  0.1801004E+004  0.7402029E+004  0.3406120E+003  0.5590863E+003  0.1226543E+002  0.2690418E+004 -0.1557746E+004  0.1132672E+004 -0.5798103E+003
 347.000    13122001  0.1801079E+004  0.7402107E+004  0.3406120E+003  0.5586266E+003  0.1225628E+002  0.2693703E+004 -0.1560594E+004  0.1133109E+004 -0.5808754E+003
 348.000    14122001  0.1801299E+004  0.7402148E+004  0.3406120E+003  0.5582501E+003  0.1224124E+002  0.2698800E+004 -0.1564936E+004  0.1133863E+004 -0.5821747E+003
 349.000    15122001  0.1801306E+004  0.7402199E+004  0.3406120E+003  0.5595248E+003  0.1222536E+002  0.2703802E+004 -0.1567559E+004  0.1136243E+004 -0.5833832E+003
 350.000    16122001  0.1801606E+004  0.7402307E+004  0.3406120E+003  0.5609232E+003  0.1220794E+002  0.2707855E+004 -0.1569403E+004  0.1138452E+004 -0.5842476E+003
 351.000    17122001  0.1801956E+004  0.7402411E+004  0.3406120E+003  0.5619939E+003  0.1219440E+002  0.2712874E+004 -0.1572536E+004  0.1140339E+004 -0.5851589E+003
 352.000    18122001  0.1801976E+004  0.7402481E+004  0.3406120E+003  0.5631392E+003  0.1217979E+002  0.2717941E+004 -0.1575372E+004  0.1142569E+004 -0.5862698E+003
 353.000    19122001  0.1802138E+004  0.7402591E+004  0.3406120E+003  0.5645909E+003  0.1216536E+002  0.2722446E+004 -0.1577545E+004  0.1144900E+004 -0.5871122E+003
 354.000    20122001  0.1802218E+004  0.7402703E+004  0.3406120E+003  0.5656792E+003  0.1215126E+002  0.2726121E+004 -0.1579321E+004  0.1146799E+004 -0.5879418E+003
 355.000    21122001  0.1802499E+004  0.7402838E+004  0.3406120E+003  0.5671411E+003  0.1213248E+002  0.2729911E+004 -0.1581008E+004  0.1148904E+004 -0.5886154E+003
 356.000    22122001  0.1802890E+004  0.7402997E+004  0.3406120E+003  0.5683198E+003  0.1211338E+002  0.2732992E+004 -0.1582450E+004  0.1150542E+004 -0.5891099E+003
 357.000    23122001  0.1803312E+004  0.7403156E+004  0.3406120E+003  0.5691981E+003  0.1210334E+002  0.2736748E+004 -0.1584923E+004  0.1151825E+004 -0.5895854E+003
 358.000    24122001  0.1803370E+004  0.7403281E+004  0.3406120E+003  0.5705216E+003  0.1208762E+002  0.2740749E+004 -0.1586969E+004  0.1153781E+004 -0.5903102E+003
 359.000    25122001  0.1803757E+004  0.7403439E+004  0.3406120E+003  0.5713846E+003  0.1206960E+002  0.2743354E+004 -0.1588308E+004  0.1155046E+004 -0.5907672E+003
 360.000    26122001  0.1804170E+004  0.7403599E+004  0.3406120E+003  0.5724189E+003  0.1205309E+002  0.2746094E+004 -0.1589642E+004  0.1156451E+004 -0.5911824E+003
 361.000    27122001  0.1804599E+004  0.7403759E+004  0.3406120E+003  0.5698566E+003  0.1203679E+002  0.2748356E+004 -0.1590905E+004  0.1157450E+004 -0.5915667E+003
 362.000    28122001  0.1805011E+004  0.7403919E+004  0.3406120E+003  0.5696423E+003  0.1202371E+002  0.2751515E+004 -0.1592446E+004  0.1159068E+004 -0.5919159E+003
 363.000    29122001  0.1805480E+004  0.7404077E+004  0.3406120E+003  0.5718721E+003  0.1200936E+002  0.2755663E+004 -0.1594391E+004  0.1161272E+004 -0.5922671E+003
 364.000    30122001  0.1805951E+004  0.7404233E+004  0.3406120E+003  0.5724399E+003  0.1199105E+002  0.2757483E+004 -0.1595603E+004  0.1161880E+004 -0.5926137E+003
 365.000    31122001  0.1806999E+004  0.7404390E+004  0.3406120E+003  0.5733195E+003  0.1196869E+002  0.2759522E+004 -0.1596857E+004  0.1162665E+004 -0.5929270E+003
