    DOY     DATE    PRECN           ET              WATER           DISCHG          SNOWPACK        WTR_1           WTR_2           WTR_3           WTR_4           WTR_5           WTR_6           ICE_2           ICE_3           ICE_4           ICE_5           ICE_6           ICE_7           PSI_3           PSI_4           PSI_5           PSI_6           PSI_7           PSI_8           ACTV_LYR        
  30.000    30011977  0.1353300E+003  0.1723651E+002  0.7779676E+003  0.2264732E+002  0.2321594E+003  0.2762160E+000  0.2472782E+000  0.3389669E+000  0.2666071E+000  0.2527447E+000  0.3360777E+000  0.2500943E+000  0.7797996E-001  0.0000000E+000  0.0000000E+000  0.0000000E+000  0.0000000E+000 -0.8129587E-002 -0.7018585E-002 -0.5594893E-002 -0.4137878E-002 -0.3896912E-002 -0.6034507E-002 -0.9999000E+004
  60.000    01031977  0.2850700E+003  0.4008064E+002  0.8015958E+003  0.3722143E+002  0.2263123E+003  0.3577087E+000  0.3522538E+000  0.3527852E+000  0.2886170E+000  0.2833354E+000  0.3567310E+000  0.9985403E-012  0.9411501E-012  0.0000000E+000  0.0000000E+000  0.0000000E+000  0.0000000E+000 -0.5586882E-002 -0.4849343E-002 -0.3236773E-002 -0.2560683E-002 -0.2746704E-002 -0.4245336E-002 -0.9999000E+004
  90.000    31031977  0.3556800E+003  0.7781527E+002  0.7948003E+003  0.1133004E+003  0.0000000E+000  0.3397605E+000  0.3336343E+000  0.3384139E+000  0.2672502E+000  0.2577904E+000  0.3531838E+000  0.9985403E-012  0.9411501E-012  0.0000000E+000  0.0000000E+000  0.0000000E+000  0.0000000E+000 -0.8232642E-002 -0.6931192E-002 -0.5081203E-002 -0.2772370E-002 -0.2762098E-002 -0.4123126E-002 -0.9999000E+004
 120.000    30041977  0.4535600E+003  0.1418860E+003  0.7989768E+003  0.1429332E+003  0.0000000E+000  0.3419817E+000  0.3416028E+000  0.3514554E+000  0.2831952E+000  0.2792679E+000  0.3574376E+000  0.9985403E-012  0.9411501E-012  0.0000000E+000  0.0000000E+000  0.0000000E+000  0.0000000E+000 -0.6658323E-002 -0.5235658E-002 -0.3459400E-002 -0.2518659E-002 -0.2548521E-002 -0.2974241E-002 -0.9999000E+004
 150.000    30051977  0.5793500E+003  0.2211190E+003  0.8283027E+003  0.1601642E+003  0.0000000E+000  0.3424845E+000  0.3491219E+000  0.3629318E+000  0.2983244E+000  0.2925884E+000  0.3571932E+000  0.9985403E-012  0.9411501E-012  0.0000000E+000  0.0000000E+000  0.0000000E+000  0.0000000E+000 -0.5232738E-002 -0.4063698E-002 -0.2790498E-002 -0.2533567E-002 -0.2581216E-002 -0.3209557E-002 -0.9999000E+004
 180.000    29061977  0.8177700E+003  0.3143370E+003  0.8234967E+003  0.3101721E+003  0.0000000E+000  0.4085629E+000  0.3713543E+000  0.3865924E+000  0.2733708E+000  0.2555401E+000  0.3510207E+000  0.9985403E-012  0.9411501E-012  0.0000000E+000  0.0000000E+000  0.0000000E+000  0.0000000E+000 -0.5137395E-002 -0.6879119E-002 -0.5310691E-002 -0.2912274E-002 -0.2878462E-002 -0.4309583E-002 -0.9999000E+004
 210.000    29071977  0.9263500E+003  0.4054715E+003  0.7940087E+003  0.3571056E+003  0.0000000E+000  0.3427041E+000  0.3597622E+000  0.3591765E+000  0.3014518E+000  0.2947568E+000  0.3513461E+000  0.9985403E-012  0.9411501E-012  0.0000000E+000  0.0000000E+000  0.0000000E+000  0.0000000E+000 -0.5096682E-002 -0.3858803E-002 -0.2705013E-002 -0.2894511E-002 -0.3033528E-002 -0.4562676E-002 -0.9999000E+004
 240.000    28081977  0.1025640E+004  0.4847202E+003  0.7912713E+003  0.3798844E+003  0.0000000E+000  0.3329523E+000  0.3307664E+000  0.3356642E+000  0.2643889E+000  0.2574956E+000  0.3531355E+000  0.9985403E-012  0.9411501E-012  0.0000000E+000  0.0000000E+000  0.0000000E+000  0.0000000E+000 -0.8872953E-002 -0.7277327E-002 -0.5100523E-002 -0.2774846E-002 -0.3036586E-002 -0.4794219E-002 -0.9999000E+004
 270.000    27091977  0.1071840E+004  0.5483834E+003  0.7443424E+003  0.4093501E+003  0.0000000E+000  0.3437738E+000  0.3479585E+000  0.3504861E+000  0.2861070E+000  0.2247374E+000  0.3242437E+000  0.9985403E-012  0.9411501E-012  0.0000000E+000  0.0000000E+000  0.0000000E+000  0.0000000E+000 -0.6362983E-002 -0.4991224E-002 -0.9862156E-002 -0.5520502E-002 -0.4340664E-002 -0.6689769E-002 -0.9999000E+004
 300.000    27101977  0.1186310E+004  0.5990831E+003  0.7941934E+003  0.4232693E+003  0.0000000E+000  0.3430044E+000  0.3432855E+000  0.3552801E+000  0.2867648E+000  0.2700251E+000  0.3653910E+000  0.9985403E-012  0.9411501E-012  0.0000000E+000  0.0000000E+000  0.0000000E+000  0.0000000E+000 -0.6341368E-002 -0.4914654E-002 -0.4010874E-002 -0.2058145E-002 -0.2498059E-002 -0.2689840E-002 -0.9999000E+004
 330.000    26111977  0.1235500E+004  0.6346680E+003  0.7954185E+003  0.4356092E+003  0.0000000E+000  0.3326531E+000  0.3396397E+000  0.3416007E+000  0.2723824E+000  0.2652339E+000  0.3561220E+000  0.9985403E-012  0.9411501E-012  0.0000000E+000  0.0000000E+000  0.0000000E+000  0.0000000E+000 -0.7684693E-002 -0.6333056E-002 -0.4430619E-002 -0.2594377E-002 -0.2677389E-002 -0.4387715E-002 -0.9999000E+004
 360.000    26121977  0.1350370E+004  0.6630293E+003  0.8214372E+003  0.4959559E+003  0.0000000E+000  0.3310458E+000  0.3359486E+000  0.3446220E+000  0.2726295E+000  0.2644901E+000  0.3547461E+000  0.9437855E-012  0.9411501E-012  0.0000000E+000  0.0000000E+000  0.0000000E+000  0.0000000E+000 -0.7611354E-002 -0.6289748E-002 -0.4492658E-002 -0.2676298E-002 -0.2698599E-002 -0.4038498E-002 -0.9999000E+004
