    DOY     DATE    RESIDUE_C       HUMUS_C         ATM_CO2         NBP             ECO_LAI         ECO_GPP         ECO_RA          ECO_NPP         ECO_RH          
  30.000    30011967  0.5932283E+003  0.7306412E+004  0.3406120E+003  0.1935706E+002  0.1233422E+002  0.5062114E+002 -0.3667491E+002  0.1394623E+002 -0.3064419E+001
  60.000    01031967  0.6029599E+003  0.7307110E+004  0.3406120E+003  0.5954053E+002  0.1195121E+002  0.1454800E+003 -0.8985357E+002  0.5562639E+002 -0.6850780E+001
  90.000    31031967  0.6075915E+003  0.7307767E+004  0.3406120E+003  0.1248777E+003  0.1185587E+002  0.2824009E+003 -0.1559352E+003  0.1264657E+003 -0.1385806E+002
 120.000    30041967  0.5980062E+003  0.7306940E+004  0.3406120E+003  0.2329477E+003  0.1190117E+002  0.5349064E+003 -0.2846956E+003  0.2502108E+003 -0.3078694E+002
 150.000    30051967  0.5871609E+003  0.7305143E+004  0.3406120E+003  0.3553624E+003  0.1284869E+002  0.8211391E+003 -0.4284621E+003  0.3926770E+003 -0.5205596E+002
 180.000    29061967  0.5767059E+003  0.7297446E+004  0.3406120E+003  0.4216136E+003  0.1482658E+002  0.1152482E+004 -0.6634835E+003  0.4889981E+003 -0.8574213E+002
 210.000    29071967  0.5669041E+003  0.7287227E+004  0.3406120E+003  0.4867015E+003  0.1562284E+002  0.1485111E+004 -0.8991142E+003  0.5859970E+003 -0.1208697E+003
 240.000    28081967  0.5594502E+003  0.7276947E+004  0.3406120E+003  0.5629795E+003  0.1551973E+002  0.1796149E+004 -0.1103411E+004  0.6927379E+003 -0.1535768E+003
 270.000    27091967  0.5514830E+003  0.7269243E+004  0.3406120E+003  0.6375930E+003  0.1522061E+002  0.2066834E+004 -0.1273123E+004  0.7937108E+003 -0.1797557E+003
 300.000    27101967  0.5472483E+003  0.7265988E+004  0.3406120E+003  0.6982768E+003  0.1469768E+002  0.2265882E+004 -0.1389342E+004  0.8765400E+003 -0.1956237E+003
 330.000    26111967  0.5588833E+003  0.7264691E+004  0.3406120E+003  0.7405956E+003  0.1398579E+002  0.2401863E+004 -0.1472616E+004  0.9292475E+003 -0.2070178E+003
 360.000    26121967  0.5855911E+003  0.7265076E+004  0.3406120E+003  0.7529112E+003  0.1342320E+002  0.2472258E+004 -0.1521593E+004  0.9506654E+003 -0.2125687E+003
