3  2  1  1  0  1  2  1  0  2  1.00
45.0 9.5 0.0 12.5 500.0 0.0 0.125 0.0 405.0 0.025 0.0 0.70
0.150  0.075  0.150  0.075
0.015  0.009  -10.0  24.0  720.0  2.5  0.10 
7.0  2.5  -1.0  0.5
0.00625  0.050  0.025 
0.25  0.25  0.25  0.25  0.70  90.0  45.0
1.0  1.0  0.10  10.0  2.0E-04  100.0
2.5E-04  1.0E-04  0.05  0.10  1.0E+04  4.0E+09  1.0E-02  250.0  250.0
5.0E-03  0.40  0.0125
5.0E-03  0.35  0.030
1.0E-03  0.075  0.002
-1.25  -5.0  2.0E+03
7.6E-01 7.6E-01 8.0E-01 8.8E-01 7.6E-01 7.6E-01 8.8E-01 7.6E-01 7.2E-01
10.0E-02 2.0E-02 0.40E-02 2.0E-02 2.0E-02 2.0E-02 4.0E-02 2.0E-02 10.0E-02
10.0E-03 2.0E-03 0.40E-03 2.0E-03 2.0E-03 2.0E-03 4.0E-03 2.0E-03 10.0E-03
