DJ0207XDMNXPHWR
CCXMDDM
24,1,12.0
7,0.075,0.125,0.00,0,0,0,0,0,0,0,0
2000,1,-7.997,-25.935,-16.966,3.055,-25.935,1.60E+02,6.889152267,,,
2000,2,-16.022,-25.849,-20.9355,3.555,-25.849,1.91E+02,6.807193987,,,
2000,3,-13.775,-24.031,-18.903,1.239,-24.031,2.38E+02,6.860472445,,,
2000,4,-11.145,-20.166,-15.6555,14.307,-20.166,3.58E+02,6.827802637,,,
2000,5,-19.36,-27.369,-23.3645,0.216,-27.369,1.22E+02,6.77421044,,,
2000,6,-6.621,-28.114,-17.3675,5.055,-28.114,1.81E+02,7.089384979,,,
2000,7,-3.443,-22.025,-12.734,1.555,-22.025,1.85E+02,7.133626921,,,
2000,8,-10.764,-28.75,-19.757,2.555,-28.75,2.16E+02,7.182083948,,,
2000,9,-5.249,-22.278,-13.7635,1.575,-22.278,1.73E+02,7.231433678,,,
2000,10,-4.709,-21.226,-12.9675,2.555,-21.226,1.45E+02,7.283885253,,,
2000,11,-3.255,-12.65,-7.9525,8.754,-12.65,1.08E+02,7.162589333,,,
2000,12,-12.68,-22.577,-17.6285,0,-22.577,1.08E+02,7.249886575,,,
2000,13,-21.319,-26.398,-23.8585,0,-26.398,2.86E+02,6.419132575
2000,14,-25.019,-35.153,-30.086,0,-35.153,1.40E+02,7.378861597
2000,15,-14.813,-36.472,-25.6425,4.055,-36.472,2.46E+02,7.60655625
2000,16,-14.555,-30.062,-22.3085,6.001,-30.062,4.62E+02,7.654285895
2000,17,-24.499,-35.211,-29.855,0.555,-35.211,2.31E+02,7.601329599
2000,18,-22.111,-37.107,-29.609,0.555,-37.107,1.42E+02,7.792613043
2000,19,-19.412,-35.107,-27.2595,0,-35.107,2.97E+02,7.875540123
2000,20,-19.339,-34.492,-26.9155,0.555,-34.492,4.20E+02,7.946879972
2000,21,-24.961,-37.665,-31.313,0,-37.665,1.59E+02,7.97415493
2000,22,-25.593,-32.929,-29.261,0.555,-32.929,2.39E+02,7.532129099
2000,23,-19.076,-36.157,-27.6165,1.055,-36.157,2.50E+02,8.212617635
2000,24,-10.622,-20.829,-15.7255,1.055,-20.829,2.60E+02,8.073080377
2000,25,-9.434,-18.472,-13.953,0,-18.472,2.40E+02,8.024795389
2000,26,-15.481,-24.43,-19.9555,0,-24.43,1.11E+02,8.087716352
2000,27,-20.202,-28.238,-24.22,0,-28.238,1.23E+02,8.01003443
2000,28,-15.272,-24.65,-19.961,0,-24.65,1.51E+02,8.300547374
2000,29,-4.164,-26.144,-15.154,0.555,-26.144,2.18E+02,8.791547576
2000,30,-2.172,-16.996,-9.584,0,-16.996,2.66E+02,8.822022467
2000,31,-3.606,-12.248,-7.927,3.055,-12.248,1.86E+02,8.425686163
2000,32,-7.008,-20.076,-13.542,1.531,-20.076,2.91E+02,8.95510128
2000,33,-16.313,-21.379,-18.846,1.055,-21.379,1.10E+02,7.3229484
2000,34,-13.919,-28.38,-21.1495,0,-28.38,1.90E+02,9.210784843
2000,35,-12.493,-31.21,-21.8515,0,-31.21,2.77E+02,9.400621913
2000,36,-10.758,-22.79,-16.774,2.555,-22.79,2.79E+02,9.284006179
2000,37,-9.096,-25.079,-17.0875,2.555,-25.079,1.21E+02,9.57314376
2000,38,-9.599,-27.95,-18.7745,1.046,-27.95,2.79E+02,9.729153237
2000,39,-6.529,-29.479,-18.004,2.055,-29.479,2.25E+02,9.880260014
2000,40,-5.753,-33.698,-19.7255,4.055,-33.698,1.99E+02,10.00944617
2000,41,-16.507,-34.605,-25.556,0.555,-34.605,1.87E+02,10.06978264
2000,42,-12.807,-28.307,-20.557,0,-28.307,2.31E+02,10.11581665
2000,43,-9.655,-29.708,-19.6815,0,-29.708,2.29E+02,10.33565846
2000,44,-11.061,-32.576,-21.8185,1.055,-32.576,2.79E+02,10.47221891
2000,45,-12.579,-34.528,-23.5535,0.555,-34.528,2.61E+02,10.59947956
2000,46,-6.855,-16.307,-11.581,0.555,-16.307,2.35E+02,9.884647321
2000,47,-10.424,-26.47,-18.447,4.055,-26.47,1.76E+02,10.72106878
2000,48,-18.996,-32.17,-25.583,0,-32.17,2.32E+02,10.6504959
2000,49,-8.867,-22.872,-15.8695,1.055,-22.872,2.00E+02,10.83502187
2000,50,-5.005,-26.028,-15.5165,1.055,-26.028,1.55E+02,11.22222752
2000,51,-5.952,-25.616,-15.784,3.555,-25.616,1.31E+02,11.3265524
2000,52,-13.252,-32.05,-22.651,0,-32.05,3.10E+02,11.4329926
2000,53,1.544,-26.698,-12.577,0.555,-26.698,2.00E+02,11.66979947
2000,54,5.895,-4.61,0.6425,0.555,-4.61,2.25E+02,10.8839757
2000,55,0.054,-14.116,-7.031,0,-14.116,1.69E+02,11.54483926
2000,56,-0.305,-18.996,-9.6505,0,-18.996,2.27E+02,11.94193546
2000,57,5.856,-5.845,0.0055,2.055,-5.845,1.38E+02,11.43158119
2000,58,5.75,3.744,4.747,12.555,3.744,1.29E+02,4.655764327
2000,59,3.787,-9.128,-2.6705,1.555,-9.128,1.22E+02,11.84863382
2000,60,-0.113,-10.909,-5.511,0,-10.909,1.29E+02,11.54263918
2000,61,5.792,-3.113,1.3395,0.538,-3.113,1.27E+02,11.04483148
2000,62,1.248,-8.226,-3.489,3.538,-8.226,2.33E+02,11.33880865
2000,63,-1.482,-13.466,-7.474,0.538,-13.466,3.16E+02,12.11484392
2000,64,-0.594,-17.618,-9.106,0.538,-17.618,2.30E+02,12.87426445
2000,65,0.735,-12.854,-6.0595,0.538,-12.854,1.48E+02,12.61919405
2000,66,1.363,-9.436,-4.0365,0.538,-9.436,2.94E+02,12.12301045
2000,67,4.747,-6.137,-0.695,0,-6.137,1.63E+02,12.24222822
2000,68,9.296,-5.976,1.66,1.038,-5.976,1.28E+02,13.19362488
2000,69,-2.624,-22.397,-12.5105,4.038,-22.397,1.18E+02,13.6785142
2000,70,-11.356,-28.044,-19.7,0.538,-28.044,2.83E+02,13.58533432
2000,71,-2.695,-22.482,-12.5885,0.538,-22.482,2.68E+02,13.93806484
2000,72,-4.324,-21.445,-12.8845,0.538,-21.445,1.85E+02,13.86934165
2000,73,-6.604,-27.43,-17.017,0.538,-27.43,3.58E+02,14.24993768
2000,74,-2.37,-15.425,-8.8975,1.538,-15.425,2.20E+02,13.48440696
2000,75,-9.176,-21.384,-15.28,3.038,-21.384,3.22E+02,13.37701348
2000,76,-10.951,-26.598,-18.7745,0.538,-26.598,1.79E+02,14.16475259
2000,77,-12.765,-30.325,-21.545,0.538,-30.325,1.62E+02,14.51315604
2000,78,-3.298,-26.5,-14.899,0.538,-26.5,1.58E+02,15.00238073
2000,79,3.375,-8.847,-2.736,0.538,-8.847,1.42E+02,13.76010432
2000,80,5.108,-1.89,1.609,0,-1.89,3.03E+02,11.24995547
2000,81,10.975,0.827,5.901,0,0.827,3.27E+02,13.18017397
2000,82,10.529,-0.213,5.158,0,-0.213,3.25E+02,13.50932495
2000,83,5.885,0.182,3.0335,0.522,0.182,1.76E+02,10.23211439
2000,84,6.411,-3.036,1.6875,0,-3.036,2.63E+02,13.06025231
2000,85,4.348,-0.997,1.6755,1.538,-0.997,2.28E+02,9.925602976
2000,86,2.944,-2.042,0.451,5.038,-2.042,2.34E+02,9.548372148
2000,87,6.288,-2.46,1.914,0.538,-2.46,2.77E+02,12.85520231
2000,88,6.381,0.461,3.421,8.538,0.461,2.19E+02,10.63858963
2000,89,3.954,-0.415,1.7695,8.538,-0.415,3.49E+02,8.850621475
2000,90,1.749,-2.949,-0.6,1.038,-2.949,1.75E+02,9.304931519
2000,91,-0.489,-4.952,-2.7205,0.042,-4.952,2.78E+02,9.022471998
2000,92,4.889,-3.535,0.677,0.463,-3.535,2.57E+02,12.92690727
2000,93,8.592,-2.248,3.172,0,-2.248,1.55E+02,14.36994534
2000,94,9.28,-2.858,3.211,0,-2.858,1.23E+02,14.9930596
2000,95,4.613,-3.092,0.7605,4.29,-3.092,4.34E+02,12.53874995
2000,96,-1.784,-9.069,-5.4265,4.543,-9.069,5.46E+02,12.23223915
2000,97,0.649,-11.77,-5.5605,0.463,-11.77,4.32E+02,15.32289674
2000,98,1.69,-11.474,-4.892,0.463,-11.474,2.54E+02,15.6679982
2000,99,-4.195,-13.149,-8.672,0.208,-13.149,2.16E+02,13.65222006
2000,100,-3.754,-9.751,-6.7525,12.133,-9.751,2.38E+02,11.11488843
2000,101,-2.043,-15.491,-8.767,2.809,-15.491,2.38E+02,15.98870391
2000,102,-4.275,-22.113,-13.194,0.463,-22.113,2.58E+02,17.17353723
2000,103,-1.7,-16.823,-9.2615,0.485,-16.823,1.28E+02,16.65405072
2000,104,2.665,-19.677,-8.506,0.463,-19.677,2.05E+02,17.94716146
2000,105,1.125,-10.04,-4.4575,5.644,-10.04,2.06E+02,15.28237535
2000,106,0.598,-7.759,-3.5805,0,-7.759,2.12E+02,13.52843488
2000,107,-3.403,-15.308,-9.3555,0,-15.308,2.30E+02,15.75971198
2000,108,1.351,-18.466,-8.5575,0.463,-18.466,2.75E+02,18.01410705
2000,109,7.455,-10.943,-1.744,0.742,-10.943,1.69E+02,17.86431896
2000,110,6.98,-1.641,2.6695,1.345,-1.641,3.67E+02,13.89292222
2000,111,4.064,-6.093,-1.0145,0,-6.093,3.70E+02,15.01436574
2000,112,8.821,-6.196,1.3125,0,-6.196,3.41E+02,17.2640428
2000,113,13.473,-5.971,3.751,0,-5.971,3.31E+02,18.35968033
2000,114,10.423,-3.067,3.678,0,-3.067,1.66E+02,16.8466237
2000,115,6.471,-4.483,0.994,0,-4.483,4.05E+02,15.67539034
2000,116,8.664,-6.109,1.2775,0.502,-6.109,2.09E+02,17.43208035
2000,117,13.778,-5.634,4.072,0.463,-5.634,2.71E+02,18.64773849
2000,118,15.768,-4.584,5.592,0.463,-4.584,2.48E+02,18.87469964
2000,119,13.319,-1.846,5.7365,0,-1.846,2.42E+02,17.73476354
2000,120,7.305,-2.846,2.2295,0,-2.846,3.43E+02,15.37840631
2000,121,8.02,-5.994,1.013,0.549,-5.994,1.69E+02,17.42666349
2000,122,11.631,-1.938,4.8465,0.046,-1.938,1.29E+02,17.29415186
2000,123,8.092,-4.254,1.919,0,-4.254,1.90E+02,16.77500653
2000,124,16.168,-5.558,5.305,0.445,-5.558,2.57E+02,19.48260679
2000,125,21.256,4.753,13.0045,1.23,4.753,1.56E+02,18.4708768
2000,126,15.786,0.427,8.1065,0,0.427,1.92E+02,18.1624243
2000,127,13.729,0.221,6.975,7.459,0.221,2.36E+02,17.488945
2000,128,18.509,6.88,12.6945,20.324,6.88,3.99E+02,16.58038974
2000,129,12.168,2.255,7.2115,0.002,2.255,2.57E+02,15.50146001
2000,130,7.154,3.451,5.3025,0.064,3.451,3.00E+02,8.381278824
2000,131,5.856,2.421,4.1385,9.601,2.421,2.36E+02,7.918995265
2000,132,14.263,2.336,8.2995,0.884,2.336,3.05E+02,16.88129678
2000,133,15.398,1.515,8.4565,0.926,1.515,1.49E+02,17.88367345
2000,134,13.321,5.778,9.5495,8.379,5.778,2.64E+02,13.5573976
2000,135,11.68,0.784,6.232,2.092,0.784,1.77E+02,16.34163878
2000,136,8.972,-1.736,3.618,1.506,-1.736,2.73E+02,16.24214947
2000,137,12.033,-2.663,4.685,0.511,-2.663,1.72E+02,18.35955327
2000,138,17.17,-2.531,7.3195,4.124,-2.531,2.17E+02,19.86061877
2000,139,2.54,-3.675,-0.5675,2.168,-3.675,2.62E+02,12.12945625
2000,140,8.348,-5.018,1.665,0.452,-5.018,2.27E+02,17.86621849
2000,141,15.984,2.098,9.041,0,2.098,2.50E+02,18.13599368
2000,142,21.629,1.87,11.7495,0.452,1.87,3.22E+02,20.02390341
2000,143,22.859,8.375,15.617,0.524,8.375,1.83E+02,18.45042976
2000,144,20.086,8.814,14.45,0.495,8.814,2.26E+02,16.78970025
2000,145,11.138,7.146,9.142,5.419,7.146,2.15E+02,8.952760284
2000,146,13.543,7.078,10.3105,5.856,7.078,2.26E+02,12.50382125
2000,147,9.058,1.406,5.232,2.141,1.406,2.94E+02,13.84692296
2000,148,7.834,0.391,4.1125,1.888,0.391,1.86E+02,13.63662568
2000,149,17.161,4.79,10.9755,0.489,4.79,2.89E+02,17.54468693
2000,150,18.202,7.535,12.8685,0,7.535,3.26E+02,16.48152591
2000,151,21.38,8.272,14.826,0.985,8.272,2.43E+02,17.9770028
2000,152,20.15,7.951,14.0505,6.481,7.951,1.50E+02,17.49379849
2000,153,13.315,3.538,8.4265,0,3.538,2.54E+02,15.8501895
2000,154,9.175,0.131,4.653,5.003,0.131,2.07E+02,15.24697836
2000,155,9.688,-0.42,4.634,1.003,-0.42,2.19E+02,16.12932421
2000,156,9.794,-2.123,3.8355,0.503,-2.123,2.31E+02,17.37734975
2000,157,15.397,-2.453,6.472,0.503,-2.453,1.80E+02,19.92369435
2000,158,18.909,1.429,10.169,0,1.429,3.07E+02,19.82978277
2000,159,12.103,-0.911,5.596,0.503,-0.911,2.65E+02,18.03300768
2000,160,11.729,0.162,5.9455,9.503,0.162,2.47E+02,17.19693307
2000,161,9.044,-0.68,4.182,0,-0.68,3.62E+02,15.87337667
2000,162,10.261,-0.953,4.654,0,-0.953,3.33E+02,16.97976672
2000,163,12.309,-2.538,4.8855,0,-2.538,3.08E+02,18.93884586
2000,164,15.403,1.756,8.5795,0,1.756,1.41E+02,18.3969072
2000,165,21.279,0.516,10.8975,0,0.516,2.77E+02,20.71827357
2000,166,22.197,10.119,16.158,0,10.119,2.48E+02,17.5498292
2000,167,22.59,14.225,18.4075,0.503,14.225,2.60E+02,14.69031277
2000,168,24.112,9.702,16.907,12.003,9.702,1.78E+02,18.77407471
2000,169,13.918,-1.04,6.439,0.81,-1.04,1.39E+02,19.01427965
2000,170,17.923,-2.246,7.8385,0.503,-2.246,1.31E+02,20.61630959
2000,171,18.582,7.347,12.9645,3.003,7.347,3.59E+02,17.02282581
2000,172,24.918,8.617,16.7675,0,8.617,2.63E+02,19.53418991
2000,173,16.318,12.239,14.2785,25.503,12.239,1.85E+02,9.154130694
2000,174,17.318,7.539,12.4285,3.003,7.539,9.72E+01,15.94591743
2000,175,17.467,4.465,10.966,0,4.465,1.68E+02,18.08104141
2000,176,18.429,4.068,11.2485,0.503,4.068,1.93E+02,18.7471662
2000,177,22.67,10.553,16.6115,0,10.553,3.23E+02,17.57170345
2000,178,21.527,7.172,14.3495,8.003,7.172,3.00E+02,18.73455284
2000,179,17.245,7.489,12.367,1.003,7.489,2.77E+02,15.91260441
2000,180,20.252,5.931,13.0915,1.003,5.931,2.19E+02,18.70580764
2000,181,18.082,7.533,12.8075,0.503,7.533,1.38E+02,16.51191264
2000,182,20.818,5.539,13.1785,5.503,5.539,1.34E+02,19.09567775
2000,183,17.781,8.164,12.9725,11.54,8.164,2.11E+02,15.77748832
2000,184,19.019,7.497,13.258,5.04,7.497,1.80E+02,17.15647013
2000,185,18.631,5.802,12.2165,0,5.802,1.42E+02,17.91941255
2000,186,19.672,6.376,13.024,2.04,6.376,2.31E+02,18.15393243
2000,187,16.347,6.238,11.2925,0.54,6.238,3.10E+02,16.13604115
2000,188,15.592,6.032,10.812,0.54,6.032,1.94E+02,15.69083972
2000,189,19.598,6.235,12.9165,0,6.235,1.22E+02,18.1479859
2000,190,22.319,6.573,14.446,0.54,6.573,1.43E+02,19.16372004
2000,191,18.454,10.486,14.47,11.54,10.486,1.78E+02,14.21462349
2000,192,21.599,11.398,16.4985,3.54,11.398,1.39E+02,16.15045263
2000,193,22.589,10.234,16.4115,0,10.234,1.29E+02,17.5462957
2000,194,24.401,7.682,16.0415,0.54,7.682,1.89E+02,19.41719718
2000,195,26.507,6.991,16.749,0,6.991,8.64E+01,20.14773417
2000,196,24.283,10.388,17.3355,0,10.388,1.05E+02,18.27785487
2000,197,26.492,13.516,20.004,0.54,13.516,1.25E+02,17.80743789
2000,198,26.174,14.14,20.157,0.54,14.14,1.07E+02,17.26901001
2000,199,18.735,13.402,16.0685,33.54,13.402,2.57E+02,11.00746762
2000,200,17.117,6.986,12.0515,2.54,6.986,1.13E+02,15.97491898
2000,201,15.456,6.179,10.8175,2.04,6.179,1.85E+02,15.28666503
2000,202,18.907,6.149,12.528,0,6.149,2.08E+02,17.57802299
2000,203,17.566,10.144,13.855,0.54,10.144,1.91E+02,13.51755338
2000,204,20.307,8.386,14.3465,3.04,8.386,2.56E+02,17.06659353
2000,205,23.528,10.802,17.165,0,10.802,3.28E+02,17.48140331
2000,206,24.422,8.797,16.6095,0.54,8.797,1.85E+02,18.69586494
2000,207,26.313,11.213,18.763,0.54,11.213,2.57E+02,18.469849
2000,208,27.498,13.222,20.36,0.54,13.222,1.31E+02,18.10923053
2000,209,27.156,12.78,19.968,1.04,12.78,1.49E+02,18.11514433
2000,210,24.519,14.319,19.419,0.54,14.319,1.64E+02,15.80648876
2000,211,27.416,8.711,18.0635,0,8.711,2.29E+02,19.36632757
2000,212,28.907,12.77,20.8385,0,12.77,2.73E+02,18.63093335
2000,213,29.268,16.798,23.033,0,16.798,2.03E+02,17.09602792
2000,214,22.234,17.188,19.711,47.017,17.188,2.53E+02,10.46604933
2000,215,24.156,17.18,20.668,15.017,17.18,2.18E+02,12.84928871
2000,216,22.18,10.44,16.31,0,10.44,2.40E+02,16.59681195
2000,217,12.988,9.846,11.417,2.017,9.846,9.38E+01,7.358643173
2000,218,23.027,8.674,15.8505,0.517,8.674,1.92E+02,17.7363485
2000,219,24.25,10.809,17.5295,0,10.809,2.00E+02,17.31726676
2000,220,19.258,13.941,16.5995,0.517,13.941,1.79E+02,10.76464087
2000,221,24.391,12.586,18.4885,1.017,12.586,1.74E+02,16.43938217
2000,222,22.492,10.44,16.466,0,10.44,1.72E+02,16.52714598
2000,223,25.453,8.843,17.148,0,8.843,1.38E+02,18.20632561
2000,224,24.538,10.456,17.497,0,10.456,1.99E+02,17.33510982
2000,225,26.662,9.168,17.915,0.517,9.168,2.06E+02,18.30495921
2000,226,25.092,14.146,19.619,0,14.146,1.59E+02,15.74617813
2000,227,21.207,10.552,15.8795,2.017,10.552,2.35E+02,15.52985866
2000,228,26.344,10.158,18.251,37.517,10.158,2.18E+02,17.78128095
2000,229,17.144,7.349,12.2465,1.517,7.349,2.45E+02,14.89529869
2000,230,17.049,6.021,11.535,3.517,6.021,2.30E+02,15.61209972
2000,231,16.45,4.965,10.7075,0.517,4.965,2.58E+02,15.81002686
2000,232,11.092,8.74,9.916,4.517,8.74,3.44E+02,5.755731446
2000,233,18.6,6.128,12.364,0,6.128,3.00E+02,16.17584006
2000,234,20.238,5.565,12.9015,0.517,5.565,2.47E+02,16.93908565
2000,235,19.338,4.78,12.059,0,4.78,2.38E+02,16.83441789
2000,236,20.769,11.133,15.951,13.017,11.133,3.22E+02,14.48361851
2000,237,16.113,7.494,11.8035,1.517,7.494,1.69E+02,13.72107336
2000,238,22.668,7.716,15.192,3.017,7.716,2.52E+02,16.73894875
2000,239,18.127,3.749,10.938,4.517,3.749,2.79E+02,16.49386329
2000,240,17.209,0.955,9.082,0,0.955,2.61E+02,16.91758998
2000,241,22.041,0.913,11.477,0,0.913,2.46E+02,17.60805555
2000,242,21.698,9.755,15.7265,9.017,9.755,1.63E+02,15.3895296
2000,243,18.771,7.77,13.2705,0.517,7.77,1.35E+02,14.88865058
2000,244,23.598,7.656,15.627,54.017,7.656,1.87E+02,16.5098981
2000,245,13.236,4.957,9.0965,0.495,4.957,3.23E+02,13.11060952
2000,246,14.598,0.702,7.65,0,0.702,1.37E+02,15.80811988
2000,247,13.375,-0.089,6.643,0,-0.089,1.48E+02,15.59431496
2000,248,10.859,1.321,6.09,0,1.321,1.49E+02,13.79461762
2000,249,10.577,-0.634,4.9715,0,-0.634,2.53E+02,14.59320427
2000,250,16.435,-1.489,7.473,0.495,-1.489,2.47E+02,16.3087542
2000,251,19.695,9.321,14.508,0.495,9.321,3.50E+02,14.06234625
2000,252,15.836,7.121,11.4785,0,7.121,2.41E+02,13.055215
2000,253,18.836,2.213,10.5245,0,2.213,1.40E+02,15.79994748
2000,254,23.259,10.314,16.7865,0.495,10.314,2.17E+02,14.85273998
2000,255,24.916,16.986,20.951,0,16.986,2.65E+02,12.35528745
2000,256,21.32,7.378,14.349,8.495,7.378,3.17E+02,14.95213437
2000,257,18.241,5.654,11.9475,0.495,5.654,1.80E+02,14.48253826
2000,258,14.692,7.721,11.2065,0,7.721,3.05E+02,11.46752186
2000,259,10.18,7.959,9.0695,29.995,7.959,3.46E+02,5.315294309
2000,260,11.307,9.831,10.569,0,9.831,2.74E+02,3.777299003
2000,261,11.636,4.505,8.0705,0.995,4.505,3.15E+02,11.44635653
2000,262,13.235,4.699,8.967,1.995,4.699,2.49E+02,12.34065967
2000,263,20.165,9.684,14.9245,0.995,9.684,2.15E+02,13.22803208
2000,264,22.257,12.281,17.269,5.495,12.281,1.35E+02,12.93549288
2000,265,12.857,3.532,8.1945,23.995,3.532,1.59E+02,12.55845107
2000,266,8.668,-1.892,3.388,0.495,-1.892,2.45E+02,13.01316053
2000,267,6.441,-2.377,2.032,0.995,-2.377,1.53E+02,12.15835598
2000,268,5.203,-0.538,2.3325,3.995,-0.538,2.40E+02,9.935699165
2000,269,7.936,-1.116,3.41,0.995,-1.116,3.46E+02,12.12929149
2000,270,8.536,0.213,4.3745,12.495,0.213,2.44E+02,11.68358067
2000,271,2.033,-5.21,-1.5885,2.995,-5.21,1.94E+02,10.96722311
2000,272,3.789,-6.225,-1.218,0.495,-6.225,1.58E+02,12.29958703
2000,273,9.451,-1.881,3.785,4.495,-1.881,2.29E+02,12.64035359
2000,274,11.736,7.974,9.855,3.995,7.974,1.31E+02,7.542898719
2000,275,16.39,7.229,11.8095,0.514,7.229,8.64E+01,11.71113676
2000,276,18.632,11.016,14.824,5.514,11.016,8.64E+01,10.87708542
2000,277,14.622,2.773,8.6975,1.014,2.773,8.64E+01,12.37863501
2000,278,6.144,-2.523,1.8105,4.193,-2.523,8.64E+01,11.25910974
2000,279,6.723,-2.544,2.0895,0.514,-2.544,8.64E+01,11.42297229
2000,280,2.228,-0.571,0.8285,2.014,-0.571,8.64E+01,6.044576157
2000,281,3.559,-1.305,1.127,1.514,-1.305,8.64E+01,8.550309104
2000,282,2.453,-1.805,0.324,1.514,-1.805,8.64E+01,7.891405614
2000,283,6.707,-4.469,1.119,0,-4.469,8.64E+01,11.61845008
2000,284,5.4,-4.454,0.473,0,-4.454,8.64E+01,11.17917457
2000,285,11.746,1.265,6.5055,0.514,1.265,8.64E+01,11.25577551
2000,286,15.479,-0.541,7.469,0,-0.541,8.64E+01,11.91850725
2000,287,7.714,-1.235,3.2395,0,-1.235,8.64E+01,10.62495558
2000,288,6.746,-0.538,3.104,1.514,-0.538,8.64E+01,9.861920802
2000,289,3.288,-7.335,-2.0235,0,-7.335,8.64E+01,10.89707973
2000,290,5.152,-8.356,-1.602,0,-8.356,8.64E+01,11.23303528
2000,291,10.776,-5.15,2.813,0,-5.15,8.64E+01,11.30231728
2000,292,7.053,3.222,5.1375,0,3.222,8.64E+01,7.081701183
2000,293,7.353,-2.698,2.3275,0,-2.698,8.64E+01,10.38285514
2000,294,18.422,-2.705,7.8585,1.514,-2.705,8.64E+01,11.08003185
2000,295,10.04,-0.699,4.6705,3.014,-0.699,8.64E+01,10.32243459
2000,296,4.285,-2.783,0.751,0,-2.783,8.64E+01,9.186940991
2000,297,7.552,-2.633,2.4595,1.014,-2.633,8.64E+01,10.02617535
2000,298,12.24,-1.259,5.4905,0.514,-1.259,8.64E+01,10.33111177
2000,299,12.446,-2.129,5.1585,0.514,-2.129,8.64E+01,10.28801049
2000,300,11.889,7.128,9.5085,9.014,7.128,8.64E+01,7.606495175
2000,301,14.046,-3.993,5.0265,7.014,-3.993,8.64E+01,10.1728497
2000,302,-1.26,-6.12,-3.69,0,-6.12,8.64E+01,7.583373419
2000,303,6.093,-6.635,-0.271,0,-6.635,8.64E+01,9.733775656
2000,304,9.228,-3.483,2.8725,0,-3.483,8.64E+01,9.628283083
2000,305,8.353,-6.226,1.0635,0.514,-6.226,8.64E+01,9.624669916
2000,306,11.153,-6.598,2.2775,3.452,-6.598,2.87E+02,9.596927275
2000,307,13.873,-1.949,5.962,0,-1.949,1.19E+02,9.449848443
2000,308,7.647,1.916,4.7815,1.565,1.916,1.37E+02,7.783736881
2000,309,4.838,-1.447,1.6955,0,-1.447,1.93E+02,7.972524577
2000,310,3.996,-3.076,0.46,0,-3.076,2.53E+02,8.188412537
2000,311,2.609,-3.214,-0.3025,0,-3.214,2.35E+02,7.653055556
2000,312,4.215,-3.044,0.5855,0.565,-3.044,1.39E+02,8.104433542
2000,313,4.053,-3.244,0.4045,0,-3.244,2.48E+02,8.04528096
2000,314,5.899,2.38,4.1395,9.065,2.38,2.78E+02,6.02850506
2000,315,5.487,0.527,3.007,19.065,0.527,2.71E+02,7.011463239
2000,316,1.797,-1.011,0.393,8.065,-1.011,2.93E+02,5.262269668
2000,317,-0.17,-2.929,-1.5495,0.565,-2.929,2.08E+02,5.184568344
2000,318,0.741,-2.496,-0.8775,0.565,-2.496,1.07E+02,5.649369353
2000,319,4.267,0.462,2.3645,2.565,0.462,1.92E+02,6.099234977
2000,320,1.617,-1.87,-0.1265,0.565,-1.87,1.33E+02,5.812972686
2000,321,-0.05,-3.679,-1.8645,4.065,-3.679,1.56E+02,5.897584183
2000,322,-0.289,-7.305,-3.797,3.565,-7.305,1.55E+02,7.394780828
2000,323,-2.85,-6.935,-4.8925,1.565,-6.935,1.43E+02,6.158023178
2000,324,-3.794,-12.634,-8.214,1.065,-12.634,3.22E+02,7.575731816
2000,325,-2.43,-8.068,-5.249,3.065,-8.068,2.03E+02,6.836655157
2000,326,-3.606,-10.519,-7.0625,2.065,-10.519,2.44E+02,7.147006172
2000,327,-9.106,-13.761,-11.4335,0.565,-13.761,1.93E+02,6.33809249
2000,328,-11.452,-17.694,-14.573,0.565,-17.694,2.52E+02,6.88412151
2000,329,-8.683,-21.244,-14.9635,1.565,-21.244,2.63E+02,7.470662983
2000,330,-1.967,-8.998,-5.4825,1.065,-8.998,3.01E+02,6.968673402
2000,331,-1.752,-3.459,-2.6055,1.565,-3.459,3.58E+02,3.625924032
2000,332,0.848,-2.503,-0.8275,0,-2.503,2.16E+02,5.384896472
2000,333,0.517,-1.429,-0.456,3.565,-1.429,4.31E+02,3.940321741
2000,334,-0.152,-7.059,-3.6055,2.065,-7.059,3.32E+02,6.768386378
2000,335,-6.552,-10.603,-8.5775,0,-10.603,3.83E+02,5.773908529
2000,336,-9.368,-12.987,-11.1775,1.064,-12.987,1.65E+02,5.488475105
2000,337,-8.989,-15.254,-12.1215,0.564,-15.254,2.58E+02,6.527772737
2000,338,-3.412,-15.754,-9.583,1.564,-15.754,1.02E+02,6.994919484
2000,339,-1.405,-8.413,-4.909,0,-8.413,3.09E+02,6.604430956
2000,340,-2.289,-10.481,-6.385,7.564,-10.481,3.33E+02,6.721949841
2000,341,-9.951,-29.09,-19.5205,1.064,-29.09,1.87E+02,6.922225463
2000,342,-23.075,-33.294,-28.1845,0,-33.294,1.63E+02,6.791213019
2000,343,-21.653,-32.516,-27.0845,0,-32.516,2.89E+02,6.784989246
2000,344,-21.141,-31.6,-26.3705,0.564,-31.6,1.78E+02,6.744870104
2000,345,-6.56,-23.231,-14.8955,7.564,-23.231,1.89E+02,6.798877434
2000,346,-19.268,-30.167,-24.7175,0,-30.167,2.57E+02,6.713034555
2000,347,-17.884,-28.439,-23.1615,1.064,-28.439,1.30E+02,6.683265023
2000,348,-13.606,-28.288,-20.947,0.564,-28.288,1.22E+02,6.730248839
2000,349,-9.868,-23.487,-16.6775,0.564,-23.487,2.67E+02,6.707880958
2000,350,-5.189,-25.925,-15.557,3.064,-25.925,2.06E+02,6.715779031
2000,351,-4.741,-15.946,-10.3435,2.064,-15.946,2.74E+02,6.650178823
2000,352,1.005,-5.022,-2.0085,20.064,-5.022,3.01E+02,6.19526279
2000,353,0.532,-18.081,-8.7745,3.564,-18.081,3.14E+02,6.694026433
2000,354,-14.65,-20.797,-17.7235,0.564,-20.797,3.41E+02,6.216394126
2000,355,-12.45,-17.054,-14.752,1.564,-17.054,2.25E+02,5.773998312
2000,356,-14.659,-18.587,-16.623,0.564,-18.587,8.86E+01,5.468407125
2000,357,-12.905,-21.484,-17.1945,1.064,-21.484,9.04E+01,6.535263279
2000,358,-18.611,-22.393,-20.502,0,-22.393,1.86E+02,5.397390757
2000,359,-20.957,-29.875,-25.416,0,-29.875,2.82E+02,6.578011351
2000,360,-24.023,-28.473,-26.248,0,-28.473,9.70E+01,5.739120135
2000,361,-19.65,-25.545,-22.5975,1.064,-25.545,1.06E+02,6.211020306
2000,362,-12.25,-20.075,-16.1625,1.064,-20.075,1.17E+02,6.534680025
2000,363,-7.608,-12.769,-10.1885,0.564,-12.769,2.14E+02,6.03979949
2000,364,-6.563,-11.354,-8.9585,0,-11.354,2.83E+02,5.927085991
2000,365,-7.917,-11.548,-9.7325,0,-11.548,1.63E+02,5.375902477
2000,366,-10.568,-13.788,-12.178,0,-13.788,2.63E+02,5.110744881
