DJ0207XDMNXPHWR
CCXMDDM
24,1,12.0
7,0.075,0.125,0.00,0,0,0,0,0,0,0,0
2001,1,-11.98,-18.898,-15.439,0,-18.898,1.60E+02,6.506139686,,,
2001,2,-13.68,-21.998,-17.839,0,-21.998,1.91E+02,6.704807376,,,
2001,3,-12.124,-25.457,-18.7905,1.573,-25.457,2.38E+02,6.934453951,,,
2001,4,-11.618,-27.75,-19.684,0.573,-27.75,3.58E+02,6.993758408,,,
2001,5,-14.227,-26.242,-20.2345,2.073,-26.242,1.22E+02,6.991355886,,,
2001,6,-12.696,-24.907,-18.8015,1.073,-24.907,1.81E+02,7.038283644,,,
2001,7,-15.099,-25.705,-20.402,0,-25.705,1.85E+02,7.03532561,,,
2001,8,-14.812,-23.805,-19.3085,0,-23.805,2.16E+02,6.987262126,,,
2001,9,-17.267,-27.313,-22.29,0,-27.313,1.73E+02,7.102915986,,,
2001,10,-11.842,-31.328,-21.585,0.573,-31.328,1.45E+02,7.291908035,,,
2001,11,-9.918,-17.865,-13.8915,1.073,-17.865,1.08E+02,7.020522927,,,
2001,12,-15.181,-22.823,-19.002,0,-22.823,1.08E+02,7.026946904,,,
2001,13,-4.38,-20.398,-12.389,2.073,-20.398,2.86E+02,7.45916397
2001,14,-12.38,-26.498,-19.439,0,-26.498,1.40E+02,7.504633938
2001,15,-12.68,-27.998,-20.339,0,-27.998,2.46E+02,7.584033053
2001,16,-11.58,-22.798,-17.189,4.344,-22.798,4.62E+02,7.559993928
2001,17,-19.58,-30.898,-25.239,0,-30.898,2.31E+02,7.631029834
2001,18,-7.58,-28.398,-17.989,6.073,-28.398,1.42E+02,7.822167534
2001,19,-7.28,-28.298,-17.789,1.573,-28.298,2.97E+02,7.899333376
2001,20,-11.88,-27.698,-19.789,1.073,-27.698,4.20E+02,7.954439543
2001,21,-13.08,-30.698,-21.889,0,-30.698,1.59E+02,8.048576817
2001,22,-11.68,-31.698,-21.689,0.573,-31.698,2.39E+02,8.141370728
2001,23,-3.18,-11.998,-7.589,6.573,-11.998,2.50E+02,7.850458941
2001,24,-8.68,-17.798,-13.239,0,-17.798,2.60E+02,7.96093924
2001,25,-13.449,-21.843,-17.646,0,-21.843,2.40E+02,7.930595162
2001,26,-4.949,-14.332,-9.6405,0.573,-14.332,1.11E+02,8.144087977
2001,27,-13.012,-28.411,-20.7115,0,-28.411,1.23E+02,8.549615485
2001,28,-12.952,-32.89,-22.921,0.573,-32.89,1.51E+02,8.686709991
2001,29,-3.3,-18.067,-10.6835,3.573,-18.067,2.18E+02,8.724508253
2001,30,-3.591,-21.857,-12.724,0,-21.857,2.66E+02,8.8737775
2001,31,-15.78,-23.956,-19.868,0,-23.956,1.86E+02,8.334640437
2001,32,-13.091,-20.601,-16.846,0,-20.601,2.91E+02,8.251028467
2001,33,-13.781,-27.311,-20.546,0.057,-27.311,1.10E+02,9.074094465
2001,34,-14.199,-28.915,-21.557,0.068,-28.915,1.90E+02,9.219164044
2001,35,-9.472,-24.245,-16.8585,0.972,-24.245,2.77E+02,9.324662333
2001,36,-6.211,-12.183,-9.197,1.614,-12.183,2.79E+02,7.965382281
2001,37,-5.094,-10.858,-7.976,1.16,-10.858,1.21E+02,7.92313637
2001,38,-8.295,-14.983,-11.639,1.049,-14.983,2.79E+02,8.404257047
2001,39,-6.331,-23.031,-14.681,0.075,-23.031,2.25E+02,9.81213856
2001,40,-8.85,-17.266,-13.058,15.072,-17.266,1.99E+02,9.109942009
2001,41,-10.356,-25.055,-17.7055,8.088,-25.055,1.87E+02,9.969793212
2001,42,-18.85,-26.947,-22.8985,0.471,-26.947,2.31E+02,9.186376373
2001,43,-12.002,-27.371,-19.6865,0.599,-27.371,2.29E+02,10.22479445
2001,44,-8.282,-18.201,-13.2415,2.702,-18.201,2.79E+02,9.796343985
2001,45,-5.011,-16.002,-10.5065,5.198,-16.002,2.61E+02,10.07383164
2001,46,-13.427,-24.997,-19.212,0.471,-24.997,2.35E+02,10.256702
2001,47,-7.453,-24.431,-15.942,1.193,-24.431,1.76E+02,10.7564099
2001,48,-15.514,-29.38,-22.447,0.068,-29.38,2.32E+02,10.70976521
2001,49,-10.991,-28.617,-19.804,1.187,-28.617,2.00E+02,11.02203764
2001,50,-6.035,-14.299,-10.167,4.442,-14.299,1.55E+02,9.894941938
2001,51,-10.179,-24.341,-17.26,0.566,-24.341,1.31E+02,11.07847785
2001,52,-17.235,-34.395,-25.815,0,-34.395,3.10E+02,11.37715932
2001,53,-19.916,-38.156,-29.036,0.823,-38.156,2.00E+02,11.54300653
2001,54,-11.783,-26.083,-18.933,2.9,-26.083,2.25E+02,11.44008149
2001,55,-12.831,-33.337,-23.084,0.041,-33.337,1.69E+02,11.86256736
2001,56,-3.102,-14.199,-8.6505,15.169,-14.199,2.27E+02,11.21070871
2001,57,-1.745,-17.742,-9.7435,2.288,-17.742,1.38E+02,11.93350732
2001,58,-16.223,-30.315,-23.269,0.471,-30.315,1.29E+02,11.88627758
2001,59,-17.012,-32.368,-24.69,0.54,-32.368,1.22E+02,12.12790466
2001,60,-19.742,-35.479,-27.6105,0.504,-35.479,1.29E+02,12.28117023
2001,61,-16.508,-30.573,-23.5405,0.958,-30.573,1.27E+02,12.23077322
2001,62,-14.985,-29.564,-22.2745,2.443,-29.564,2.33E+02,12.40801405
2001,63,-8.166,-24.172,-16.169,0.462,-24.172,3.16E+02,12.66994479
2001,64,-2.136,-25.087,-13.6115,0.462,-25.087,2.30E+02,13.11841608
2001,65,2.756,-13.128,-5.186,0,-13.128,1.48E+02,12.90198141
2001,66,1.079,-17.821,-8.371,0.462,-17.821,2.94E+02,13.24500726
2001,67,2.332,-15.82,-6.744,0.462,-15.82,1.63E+02,13.32929121
2001,68,2.489,-11.673,-4.592,0,-11.673,1.28E+02,13.04343059
2001,69,1.023,-11.778,-5.3775,0.153,-11.778,1.18E+02,12.91139283
2001,70,-4.465,-22.705,-13.585,2.042,-22.705,2.83E+02,13.71444762
2001,71,-8.405,-30.233,-19.319,0.462,-30.233,2.68E+02,14.02915863
2001,72,-5.861,-11.34,-8.6005,1.315,-11.34,1.85E+02,9.567651685
2001,73,-3.51,-7.244,-5.377,7.195,-7.244,3.58E+02,7.611068828
2001,74,-4.344,-13.645,-8.9945,2.348,-13.645,2.20E+02,12.25911083
2001,75,-6.679,-18.061,-12.37,0.462,-18.061,3.22E+02,13.13750663
2001,76,-3.89,-18.1,-10.995,0,-18.1,1.79E+02,13.929041
2001,77,0.338,-15.044,-7.353,0.462,-15.044,1.62E+02,14.23716037
2001,78,3.261,-11.952,-4.3455,0,-11.952,1.58E+02,14.32021179
2001,79,7.068,-14.962,-3.947,0.462,-14.962,1.42E+02,15.08257572
2001,80,7.484,-9.826,-1.171,0.462,-9.826,3.03E+02,14.83718469
2001,81,7.591,-3.891,1.85,0.153,-3.891,3.27E+02,13.70333275
2001,82,0.377,-2.976,-1.2995,13.452,-2.976,3.25E+02,7.245964067
2001,83,-3.876,-15.09,-9.483,9.161,-15.09,1.76E+02,13.77445599
2001,84,-10.063,-16.239,-13.151,1.581,-16.239,2.63E+02,10.73317691
2001,85,-7.765,-14.945,-11.355,4.541,-14.945,2.28E+02,11.64599968
2001,86,0.779,-8.484,-3.8525,2.274,-8.484,2.34E+02,13.09454948
2001,87,-2.615,-17.395,-10.005,1.314,-17.395,2.77E+02,15.16797635
2001,88,2.348,-21.688,-9.67,0.462,-21.688,2.19E+02,16.30407028
2001,89,3.582,-14.335,-5.3765,0,-14.335,3.49E+02,15.9135119
2001,90,3.436,-6.679,-1.6215,0,-6.679,1.75E+02,13.81264324
2001,91,4.061,-12.226,-4.0825,0,-12.226,2.78E+02,15.86169603
2001,92,5.459,-13.073,-3.807,0,-13.073,2.57E+02,16.31198247
2001,93,7.086,-9.105,-1.0095,0,-9.105,1.55E+02,16.03738526
2001,94,6.035,-12.341,-3.153,0,-12.341,1.23E+02,16.49738758
2001,95,2.568,-11.035,-4.2335,0,-11.035,4.34E+02,15.57555045
2001,96,1.632,-13.595,-5.9815,0,-13.595,5.46E+02,16.10271488
2001,97,6.897,-12.034,-2.5685,1.157,-12.034,4.32E+02,16.87481788
2001,98,2.816,-1.395,0.7105,12.576,-1.395,2.54E+02,8.815715672
2001,99,2.637,-2.886,-0.1245,0.574,-2.886,2.16E+02,10.5490754
2001,100,6.27,-6.135,0.0675,0.461,-6.135,2.38E+02,15.53063589
2001,101,8.411,-8.953,-0.271,0.461,-8.953,2.38E+02,16.99850551
2001,102,3.422,0.464,1.943,7.593,0.464,2.58E+02,6.847793119
2001,103,4.561,-7.039,-1.239,4.476,-7.039,1.28E+02,15.37747487
2001,104,1.698,-8.094,-3.198,0.461,-8.094,2.05E+02,14.45050829
2001,105,3.421,-10.397,-3.488,0.461,-10.397,2.06E+02,16.40088305
2001,106,4.594,-9.52,-2.463,0.461,-9.52,2.12E+02,16.57013069
2001,107,-0.988,-10.411,-5.6995,0,-10.411,2.30E+02,14.35336278
2001,108,0.319,-12.114,-5.8975,0,-12.114,2.75E+02,16.0571964
2001,109,4.439,-14.631,-5.096,0.461,-14.631,1.69E+02,17.98126701
2001,110,12.635,-1.28,5.6775,0,-1.28,3.67E+02,16.76711833
2001,111,15.292,-0.834,7.229,9.861,-0.834,3.70E+02,17.51406134
2001,112,7.645,-5.551,1.047,8.446,-5.551,3.41E+02,16.61385306
2001,113,7.933,-6.84,0.5465,15.382,-6.84,3.31E+02,17.24995094
2001,114,10.482,-6.057,2.2125,5.871,-6.057,1.66E+02,17.82696102
2001,115,7.109,-10.62,-1.7555,0.461,-10.62,4.05E+02,18.17699954
2001,116,11.823,0.058,5.9405,4.988,0.058,2.09E+02,16.16541918
2001,117,4.434,-5.508,-0.537,0.461,-5.508,2.71E+02,15.12490515
2001,118,2.767,-8.269,-2.751,0,-8.269,2.48E+02,15.8537802
2001,119,14.677,-8.695,2.991,1.631,-8.695,2.42E+02,19.3356023
2001,120,22.638,3.556,13.097,0.461,3.556,3.43E+02,18.78997851
2001,121,26.892,7.035,16.9635,0.27,7.035,1.69E+02,18.99680637
2001,122,26.855,8.88,17.8675,0.797,8.88,1.29E+02,18.68246711
2001,123,22.449,4.468,13.4585,0.062,4.468,1.90E+02,18.7427282
2001,124,9.287,-0.233,4.527,0.039,-0.233,2.57E+02,15.06499109
2001,125,11.137,-3.638,3.7495,0.413,-3.638,1.56E+02,17.90930892
2001,126,17.22,-5.322,5.949,0.413,-5.322,1.92E+02,19.71767053
2001,127,22.075,-1.574,10.2505,0,-1.574,2.36E+02,19.91176953
2001,128,25.068,6.247,15.6575,0.584,6.247,3.99E+02,19.20788476
2001,129,22.002,3.819,12.9105,0.443,3.819,2.57E+02,19.11502486
2001,130,23.61,0.97,12.29,0.413,0.97,3.00E+02,19.96671882
2001,131,16.259,4.109,10.184,6.413,4.109,2.36E+02,16.97210801
2001,132,7.037,-2.516,2.2605,0.422,-2.516,3.05E+02,15.30974861
2001,133,12.295,-5.712,3.2915,0.413,-5.712,1.49E+02,19.26127597
2001,134,11.769,-4.51,3.6295,0,-4.51,2.64E+02,18.81481782
2001,135,18.058,-3.82,7.119,0.805,-3.82,1.77E+02,20.11750122
2001,136,16.924,4.146,10.535,1.197,4.146,2.73E+02,17.46027491
2001,137,17.74,4.583,11.1615,1.739,4.583,1.72E+02,17.67945154
2001,138,13.426,9.858,11.642,5.426,9.858,2.17E+02,8.190658927
2001,139,19.918,5.87,12.894,0.413,5.87,2.62E+02,18.15125597
2001,140,22.73,3.598,13.164,0.413,3.598,2.27E+02,19.81464254
2001,141,25.318,7.399,16.3585,0.413,7.399,2.50E+02,19.551734
2001,142,26.333,10.099,18.216,0.413,10.099,3.22E+02,19.07995782
2001,143,25.957,9.892,17.9245,0.413,9.892,1.83E+02,19.05232281
2001,144,26.852,10.061,18.4565,0.805,10.061,2.26E+02,19.31924237
2001,145,26.773,10.407,18.59,0.413,10.407,2.15E+02,19.20989957
2001,146,25.143,9.191,17.167,0.805,9.191,2.26E+02,19.09434467
2001,147,19.482,13.38,16.431,11.483,13.38,2.94E+02,12.06079445
2001,148,19.289,9.034,14.1615,4.701,9.034,1.86E+02,16.15476673
2001,149,10.322,1.445,5.8835,2.228,1.445,2.89E+02,15.04755901
2001,150,6.597,0.351,3.474,7.722,0.351,3.26E+02,12.26448299
2001,151,13.871,1.225,7.548,0,1.225,2.43E+02,17.73107828
2001,152,21.193,0.755,10.974,0.697,0.755,1.50E+02,20.45527462
2001,153,13.251,9.228,11.2395,4.858,9.228,2.54E+02,9.033572901
2001,154,10.867,9.203,10.035,1.538,9.203,2.07E+02,4.359915031
2001,155,16.027,9.542,12.7845,6.894,9.542,2.19E+02,12.59125757
2001,156,13.09,9.698,11.394,2.06,9.698,2.31E+02,7.930005232
2001,157,19.784,7.254,13.519,0.444,7.254,1.80E+02,17.74737189
2001,158,19.103,1.486,10.2945,0.581,1.486,3.07E+02,19.87060604
2001,159,19.43,5.401,12.4155,0.199,5.401,2.65E+02,18.53887862
2001,160,21.816,3.814,12.815,1.527,3.814,2.47E+02,20.00796683
2001,161,23.396,8.704,16.05,0.011,8.704,3.62E+02,18.85599013
2001,162,27.501,9.414,18.4575,0.028,9.414,3.33E+02,20.05393554
2001,163,26.066,9.414,17.74,10.059,9.414,3.08E+02,19.62154128
2001,164,17.941,6.236,12.0885,0.394,6.236,1.41E+02,17.31071902
2001,165,21.581,10.549,16.065,3.703,10.549,2.77E+02,16.871657
2001,166,32.784,13.534,23.159,0,13.534,2.48E+02,20.38991252
2001,167,29.159,13.578,21.3685,14.128,13.578,2.60E+02,19.25911173
2001,168,22.41,7.658,15.034,0.013,7.658,1.78E+02,18.9243317
2001,169,19.528,5.19,12.359,0.045,5.19,1.39E+02,18.74403441
2001,170,24.389,11.698,18.0435,5.342,11.698,1.31E+02,17.91543309
2001,171,16.358,4.743,10.5505,0,4.743,3.59E+02,17.27210125
2001,172,21.371,3.192,12.2815,0,3.192,2.63E+02,20.12566707
2001,173,15.72,11.514,13.617,18.175,11.514,1.85E+02,9.36626073
2001,174,18.274,9.837,14.0555,1.506,9.837,9.72E+01,14.76233556
2001,175,26.67,9.626,18.148,0,9.626,1.68E+02,19.77838738
2001,176,24.807,13.979,19.393,0,13.979,1.93E+02,16.73510336
2001,177,32.661,16.308,24.4845,0,16.308,3.23E+02,19.53687495
2001,178,24.526,8.956,16.741,0,8.956,3.00E+02,19.24250186
2001,179,18.899,5.248,12.0735,0,5.248,2.77E+02,18.3964444
2001,180,19.65,8.006,13.828,17.098,8.006,2.19E+02,17.26427939
2001,181,17.144,9.365,13.2545,1.955,9.365,1.38E+02,14.08520929
2001,182,16.423,8.106,12.2645,22.243,8.106,1.34E+02,14.62158078
2001,183,17.582,4.808,11.195,1.296,4.808,2.11E+02,17.90924827
2001,184,18.766,8.974,13.87,0.231,8.974,1.80E+02,15.91252491
2001,185,18.998,10.111,14.5545,2.481,10.111,1.42E+02,15.13652404
2001,186,15.079,7.201,11.14,7.826,7.201,2.31E+02,14.16126997
2001,187,16.507,7.114,11.8105,0.945,7.114,3.10E+02,15.56105416
2001,188,15.467,8.988,12.2275,2.222,8.988,1.94E+02,12.58182823
2001,189,20.219,12.097,16.158,0.514,12.097,1.22E+02,14.3849527
2001,190,20.458,9.802,15.13,0.865,9.802,1.43E+02,16.5078269
2001,191,20.704,8.466,14.585,0.02,8.466,1.78E+02,17.51087343
2001,192,20.843,8.115,14.479,4.709,8.115,1.39E+02,17.7697044
2001,193,20.326,10.778,15.552,18.755,10.778,1.29E+02,15.62663725
2001,194,16.38,11.684,14.032,10.44,11.684,1.89E+02,10.10089611
2001,195,17.755,11.79,14.7725,5.127,11.79,8.64E+01,11.88927788
2001,196,20.275,9.161,14.718,1.845,9.161,1.05E+02,16.73484133
2001,197,23.137,8.787,15.962,0.101,8.787,1.25E+02,18.45862851
2001,198,22.608,9.399,16.0035,1.393,9.399,1.07E+02,17.90422394
2001,199,25.932,10.153,18.0425,0.002,10.153,2.57E+02,18.97035244
2001,200,28.737,11.629,20.183,0,11.629,1.13E+02,19.37580917
2001,201,29.39,13.836,21.613,0,13.836,1.85E+02,18.83210926
2001,202,29.813,16.677,23.245,5.676,16.677,2.08E+02,17.77086243
2001,203,25.902,16.421,21.1615,1.027,16.421,1.91E+02,15.41755975
2001,204,29.46,12.589,21.0245,16.524,12.589,2.56E+02,19.17279104
2001,205,23.01,13.471,18.2405,2.195,13.471,3.28E+02,15.4249071
2001,206,14.411,7.608,11.0095,0,7.608,1.85E+02,12.79905046
2001,207,14.071,4.408,9.2395,0.016,4.408,2.57E+02,15.4797474
2001,208,19.664,5.219,12.4415,0.085,5.219,1.31E+02,18.17876165
2001,209,23.517,9.712,16.6145,0.864,9.712,1.49E+02,17.87290758
2001,210,26.306,8.756,17.531,0,8.756,1.64E+02,19.1286183
2001,211,27.117,9.771,18.444,0.004,9.771,2.29E+02,19.02952049
2001,212,28.362,10.942,19.652,0,10.942,2.73E+02,19.00386867
2001,213,28.059,16.647,22.353,0.018,16.647,2.03E+02,16.50947476
2001,214,29.891,15.62,22.7555,0.034,15.62,2.53E+02,17.87934792
2001,215,23.536,10.407,16.9715,0,10.407,2.18E+02,17.34469585
2001,216,27.092,10.479,18.7855,0.22,10.479,2.40E+02,18.58821691
2001,217,27.719,13.297,20.508,0.709,13.297,9.38E+01,17.80875845
2001,218,23.042,17.26,20.151,7.369,17.26,1.92E+02,11.40038342
2001,219,23.071,13.331,18.201,0.018,13.331,2.00E+02,15.21759047
2001,220,25.696,11.496,18.596,0.842,11.496,1.79E+02,17.58256936
2001,221,26.759,14.087,20.423,2.955,14.087,1.74E+02,16.87828072
2001,222,18.817,9.78,14.2985,0.157,9.78,1.72E+02,14.59176406
2001,223,21.769,6.023,13.896,0,6.023,1.38E+02,17.95834616
2001,224,25.289,10.478,17.8835,2.033,10.478,1.99E+02,17.59938376
2001,225,19.084,7.241,13.1625,2.885,7.241,2.06E+02,16.28554332
2001,226,21.277,6.639,13.958,0.202,6.639,1.59E+02,17.42730697
2001,227,16.657,11.315,13.986,7.424,11.315,2.35E+02,10.6879227
2001,228,19.588,14.05,16.819,1.293,14.05,2.18E+02,10.92209463
2001,229,22.375,15.267,18.821,3.029,15.267,2.45E+02,12.67035761
2001,230,22.587,10.539,16.563,0.457,10.539,2.30E+02,16.1440137
2001,231,23.211,9.396,16.3035,0.003,9.396,2.58E+02,16.83789214
2001,232,22.938,12.568,17.753,0.108,12.568,3.44E+02,15.1336304
2001,233,18.314,12.045,15.1795,0.012,12.045,3.00E+02,11.68077864
2001,234,25.582,11.357,18.4695,7.953,11.357,2.47E+02,16.79289499
2001,235,15.977,5.701,10.839,0.424,5.701,2.38E+02,14.93348965
2001,236,16.699,2.642,9.6705,0,2.642,3.22E+02,16.60206521
2001,237,22.895,7.773,15.334,0.015,7.773,1.69E+02,16.86149721
2001,238,19.535,9.465,14.5,3.273,9.465,2.52E+02,14.65923413
2001,239,24.83,6.55,15.69,0.617,6.55,2.79E+02,17.40442609
2001,240,14.866,8.643,11.7545,0.892,8.643,2.61E+02,11.44080992
2001,241,16.002,3.519,9.7605,0.046,3.519,2.46E+02,15.68183067
2001,242,22.377,10.084,16.2305,0.055,10.084,1.63E+02,15.53715059
2001,243,18.236,7.299,12.7675,0.741,7.299,1.35E+02,14.85672656
2001,244,12.901,4.257,8.579,0.572,4.257,1.87E+02,13.42471451
2001,245,17.797,3.127,10.462,4.768,3.127,3.23E+02,16.11084941
2001,246,18.053,9.75,13.9015,25.405,9.75,1.37E+02,13.08122558
2001,247,15.856,3.486,9.671,0.481,3.486,1.48E+02,15.21382293
2001,248,16.202,1.16,8.681,0.564,1.16,1.49E+02,15.95017237
2001,249,20.795,5.865,13.33,0.082,5.865,2.53E+02,15.83442078
2001,250,26.002,12.757,19.3795,0,12.757,2.47E+02,15.28214256
2001,251,28.97,17.283,23.1265,0,17.283,3.50E+02,14.6496342
2001,252,26.36,18.698,22.529,0.02,18.698,2.41E+02,12.307407
2001,253,22.847,6.604,14.7255,1.168,6.604,1.40E+02,15.73344436
2001,254,13.695,4.723,9.209,0.057,4.723,2.17E+02,13.10021265
2001,255,10.04,4.899,7.4695,10.441,4.899,2.65E+02,9.783593746
2001,256,11.947,3.466,7.7065,4.645,3.466,3.17E+02,12.67458415
2001,257,9.999,0.229,5.114,1.124,0.229,1.80E+02,13.350824
2001,258,14.468,-0.138,7.165,1.491,-0.138,3.05E+02,14.91455057
2001,259,18.511,8.16,13.3355,1.184,8.16,3.46E+02,13.48346302
2001,260,16.934,3.608,10.271,0.712,3.608,2.74E+02,14.41965056
2001,261,11.396,-0.358,5.519,0.017,-0.358,3.15E+02,13.86574531
2001,262,16.529,-1.157,7.686,0.703,-1.157,2.49E+02,14.9736948
2001,263,13.972,9.755,11.8635,16.717,9.755,2.15E+02,8.423986013
2001,264,18.081,13.424,15.7525,3.132,13.424,1.35E+02,8.94178594
2001,265,18.531,10.344,14.4375,1.316,10.344,1.59E+02,11.9395588
2001,266,13.57,7.096,10.333,3.737,7.096,2.45E+02,10.66991632
2001,267,6.74,4.694,5.717,25.46,4.694,1.53E+02,4.909636462
2001,268,9.758,4.552,7.155,17.284,4.552,2.40E+02,9.412278666
2001,269,15.246,9.192,12.219,3.348,9.192,3.46E+02,10.17060642
2001,270,14.551,2.356,8.4535,1.421,2.356,2.44E+02,13.16244196
2001,271,15.308,-0.302,7.503,0,-0.302,1.94E+02,13.68317758
2001,272,16.382,-0.762,7.81,0,-0.762,1.58E+02,13.73007535
2001,273,20.407,1.784,11.0955,0,1.784,2.29E+02,13.72034573
2001,274,15.442,7.513,11.4775,0.165,7.513,1.31E+02,11.18970339
2001,275,10.933,4.215,7.574,0.696,4.215,8.64E+01,10.37206949
2001,276,9.789,-0.12,4.8345,4.754,-0.12,8.64E+01,11.91596843
2001,277,6.133,3.65,4.8915,0.881,3.65,8.64E+01,5.584908309
2001,278,11.597,2.192,6.8945,0.944,2.192,8.64E+01,11.55980017
2001,279,6.935,0.31,3.6225,0.168,0.31,8.64E+01,10.07229132
2001,280,5.049,-0.779,2.135,0.976,-0.779,8.64E+01,9.436748671
2001,281,4.886,-0.283,2.3015,0.489,-0.283,8.64E+01,8.833835033
2001,282,8.947,-1.459,3.744,3.153,-1.459,8.64E+01,11.52379395
2001,283,12.254,6.184,9.219,3.834,6.184,8.64E+01,9.455912505
2001,284,16.606,8.348,12.477,0.462,8.348,8.64E+01,10.60887834
2001,285,12.176,3.604,7.89,0.429,3.604,8.64E+01,10.65621888
2001,286,13.21,6.023,9.6165,2.919,6.023,8.64E+01,9.953714013
2001,287,17.258,11.525,14.3915,1.92,11.525,8.64E+01,8.991731886
2001,288,12.829,3.051,7.94,5.136,3.051,8.64E+01,10.78776908
2001,289,8.876,0.259,4.5675,0.146,0.259,8.64E+01,10.34034283
2001,290,6.879,0.641,3.76,27.169,0.641,8.64E+01,9.154514161
2001,291,2.616,-1.698,0.459,2.713,-1.698,8.64E+01,7.612643192
2001,292,7.771,0.335,4.053,0.478,0.335,8.64E+01,9.640499242
2001,293,9.198,1.144,5.171,1.87,1.144,8.64E+01,9.810153601
2001,294,6.916,-1.417,2.7495,0.911,-1.417,8.64E+01,9.825683537
2001,295,3.584,-2.423,0.5805,0.577,-2.423,8.64E+01,8.710407981
2001,296,3.628,-1.499,1.0645,8.696,-1.499,8.64E+01,8.075109836
2001,297,3.151,0.269,1.71,0.572,0.269,8.64E+01,5.807278711
2001,298,7.758,0.74,4.249,12.825,0.74,8.64E+01,9.022029923
2001,299,3.662,-0.109,1.7765,1.432,-0.109,8.64E+01,6.777987825
2001,300,0.973,-2.015,-0.521,1.298,-2.015,8.64E+01,5.869803074
2001,301,1.38,-4.206,-1.413,0,-4.206,8.64E+01,8.108556395
2001,302,4.882,-0.981,1.9505,1.563,-0.981,8.64E+01,8.206389487
2001,303,0.344,-7.177,-3.4165,0.861,-7.177,8.64E+01,8.841790008
2001,304,0.467,-8.633,-4.083,0.572,-8.633,8.64E+01,9.171751666
2001,305,8.403,-1.408,3.4975,7.2,-1.408,8.64E+01,9.211228348
2001,306,12.429,5.673,9.051,5.455,5.673,2.87E+02,8.355346566
2001,307,5.303,-0.909,2.197,1.046,-0.909,1.19E+02,8.067844156
2001,308,2.086,-1.092,0.497,2.465,-1.092,1.37E+02,5.874620547
2001,309,3.631,-4.155,-0.262,0.963,-4.155,1.93E+02,8.464068076
2001,310,1.672,-5.324,-1.826,0.475,-5.324,2.53E+02,8.164353693
2001,311,2.585,-2.801,-0.108,0.475,-2.801,2.35E+02,7.441737588
2001,312,-1.403,-3.703,-2.553,13.185,-3.703,1.39E+02,4.717313873
2001,313,-1.161,-11.273,-6.217,0.902,-11.273,2.48E+02,8.545135758
2001,314,-2.95,-8.188,-5.569,1.046,-8.188,2.78E+02,7.208393264
2001,315,-3.573,-8.276,-5.9245,0.551,-8.276,2.71E+02,6.86397637
2001,316,-4.58,-12.375,-8.4775,1.328,-12.375,2.93E+02,7.954659553
2001,317,-1.448,-16.846,-9.147,1.126,-16.846,2.08E+02,8.449822071
2001,318,3.961,-2.391,0.785,1.5,-2.391,1.07E+02,7.446692652
2001,319,8.543,1.014,4.7785,8.99,1.014,1.92E+02,7.695165567
2001,320,0.277,-6.445,-3.084,0,-6.445,1.33E+02,7.438911355
2001,321,-0.104,-7.824,-3.964,0.284,-7.824,1.56E+02,7.603603614
2001,322,8.096,-1.217,3.4395,4.977,-1.217,1.55E+02,7.76182056
2001,323,9.34,-2.95,3.195,10.82,-2.95,1.43E+02,7.877353916
2001,324,-3.409,-7.506,-5.4575,1.812,-7.506,3.22E+02,6.131008308
2001,325,-2.765,-7.71,-5.2375,1.301,-7.71,2.03E+02,6.554831057
2001,326,-2.924,-9.72,-6.322,0.199,-9.72,2.44E+02,7.12082503
2001,327,1.316,-7.954,-3.319,2.38,-7.954,1.93E+02,7.430518286
2001,328,4.927,0.833,2.88,0.619,0.833,2.52E+02,5.996813155
2001,329,10.635,3.019,6.827,13.667,3.019,2.63E+02,7.119689822
2001,330,6.297,-8.462,-1.0825,0.963,-8.462,3.01E+02,7.443904647
2001,331,-7.04,-9.234,-8.137,0.043,-9.234,3.58E+02,4.277919459
2001,332,-6.316,-13.229,-9.7725,0,-13.229,2.16E+02,6.854249495
2001,333,-8.51,-10.892,-9.701,2.256,-10.892,4.31E+02,4.469498137
2001,334,-1.628,-11.038,-6.333,8.304,-11.038,3.32E+02,7.060502107
2001,335,0.844,-4.9,-2.028,6.452,-4.9,3.83E+02,6.463060924
2001,336,-0.673,-6.263,-3.468,2.288,-6.263,1.65E+02,6.38513285
2001,337,-1.714,-7.337,-4.5255,3.792,-7.337,2.58E+02,6.363657089
2001,338,0.823,-5.139,-2.158,1.346,-5.139,1.02E+02,6.424548814
2001,339,2.465,-0.125,1.17,9.219,-0.125,3.09E+02,4.608947561
2001,340,8.746,-5.212,1.767,9.204,-5.212,3.33E+02,6.938366165
2001,341,-5.647,-7.966,-6.8065,0,-7.966,1.87E+02,4.308747516
2001,342,-6.943,-11.051,-8.997,0.152,-11.051,1.63E+02,5.658294575
2001,343,-4.493,-10.064,-7.2785,0.55,-10.064,2.89E+02,6.19632533
2001,344,4.318,-5.445,-0.5635,0.481,-5.445,1.78E+02,6.716105732
2001,345,-1.755,-15.813,-8.784,0,-15.813,1.89E+02,6.786280988
2001,346,-1.205,-16.845,-9.025,0.455,-16.845,2.57E+02,6.772537528
2001,347,1.851,-1.943,-0.046,10.438,-1.943,1.30E+02,5.425459749
2001,348,-0.928,-9.771,-5.3495,1.541,-9.771,1.22E+02,6.585583471
2001,349,-8.228,-9.866,-9.047,0,-9.866,2.67E+02,3.422506941
2001,350,-7.812,-14.59,-11.201,0,-14.59,2.06E+02,6.345682532
2001,351,-5.933,-10.675,-8.304,4.479,-10.675,2.74E+02,5.832993555
2001,352,-4.965,-8.416,-6.6905,1.066,-8.416,3.01E+02,5.190369727
2001,353,-4.588,-7.247,-5.9175,0,-7.247,3.14E+02,4.581039529
2001,354,-4.797,-7.481,-6.139,0.643,-7.481,3.41E+02,4.603148699
2001,355,-6.354,-12.018,-9.186,0.55,-12.018,2.25E+02,6.108539947
2001,356,-11.624,-20.28,-15.952,0,-20.28,8.86E+01,6.534627294
2001,357,-5.527,-18.073,-11.8,6.634,-18.073,9.04E+01,6.675362239
2001,358,-0.82,-8.134,-4.477,4.385,-8.134,1.86E+02,6.421449006
2001,359,-4.371,-11.257,-7.814,0.578,-11.257,2.82E+02,6.372693814
2001,360,-5.91,-15.268,-10.589,0.018,-15.268,9.70E+01,6.617413407
2001,361,-6.121,-13.674,-9.8975,3.068,-13.674,1.06E+02,6.487644494
2001,362,-9.742,-12.765,-11.2535,0.771,-12.765,1.17E+02,4.918657875
2001,363,-11.521,-13.44,-12.4805,4.609,-13.44,2.14E+02,3.812985731
2001,364,-13.409,-17.732,-15.5705,1.02,-17.732,2.83E+02,5.731868414
2001,365,-13.565,-19.882,-16.7235,2.353,-19.882,1.63E+02,6.37422494
2001,366,-13.565,-19.882,-16.7235,2.353,-19.882,1.63E+02,6.37422494
