DJ0207XDMNXPHWR
CCXMDDM
24,1,12.0
7,0.075,0.125,0.00,0,0,0,0,0,0,0,0
1921,1,-12.179,-24.842,-18.5105,5.774,-18.5105,1.60E+02,6.85661614,,,
1921,2,-1.936,-14.415,-8.1755,12.368,-8.1755,1.91E+02,6.886658012,,,
1921,3,0.225,-12.737,-6.256,4.528,-6.256,2.38E+02,6.929613866,,,
1921,4,-9.401,-17.226,-13.3135,0,-13.3135,3.58E+02,6.718514014,,,
1921,5,-9.75,-20.803,-15.2765,3.859,-15.2765,1.22E+02,6.965735208,,,
1921,6,-13.607,-28.89,-21.2485,0.237,-21.2485,1.81E+02,7.075206744,,,
1921,7,-13.205,-30.803,-22.004,0,-22.004,1.85E+02,7.13152897,,,
1921,8,-9.252,-16.104,-12.678,11.974,-12.678,2.16E+02,6.721612413,,,
1921,9,-8.979,-21.874,-15.4265,0.249,-15.4265,1.73E+02,7.195143291,,,
1921,10,-4.306,-16.13,-10.218,5.988,-10.218,1.45E+02,7.223777691,,,
1921,11,-2.617,-14.165,-8.391,0.442,-8.391,1.08E+02,7.269807318,,,
1921,12,-13.571,-27.045,-20.308,0.06,-20.308,1.08E+02,7.371472232,,,
1921,13,-16.307,-34.686,-25.4965,0,-25.4965,2.86E+02,7.469162575
1921,14,-11.024,-20.948,-15.986,0.156,-15.986,1.40E+02,7.365578589
1921,15,-10.155,-19.913,-15.034,3.916,-15.034,2.46E+02,7.413955435
1921,16,-17.756,-37.472,-27.614,0.171,-27.614,4.62E+02,7.673707625
1921,17,-21.002,-28.635,-24.8185,0.412,-24.8185,2.31E+02,7.29025126
1921,18,-22.578,-31.864,-27.221,0.328,-27.221,1.42E+02,7.563058186
1921,19,-20.967,-34.118,-27.5425,0,-27.5425,2.97E+02,7.834306826
1921,20,-7.747,-24.783,-16.265,7.597,-16.265,4.20E+02,7.964430821
1921,21,-1.346,-9.978,-5.662,0.394,-5.662,1.59E+02,7.687762242
1921,22,-3.202,-15.826,-9.514,0.394,-9.514,2.39E+02,8.050293766
1921,23,-7.839,-19.682,-13.7605,6.899,-13.7605,2.50E+02,8.098880977
1921,24,-11.204,-26.298,-18.751,0.328,-18.751,2.60E+02,8.275982837
1921,25,-21.672,-27.918,-24.795,0,-24.795,2.40E+02,7.416918884
1921,26,-19.406,-28.867,-24.1365,0,-24.1365,1.11E+02,8.153382857
1921,27,-10.094,-21.262,-15.678,3.193,-15.678,1.23E+02,8.390736672
1921,28,-10.437,-24.116,-17.2765,0,-17.2765,1.51E+02,8.600709414
1921,29,-5.154,-17.705,-11.4295,9.02,-11.4295,2.18E+02,8.647732275
1921,30,-5.929,-22.648,-14.2885,0,-14.2885,2.66E+02,8.85719037
1921,31,-16.92,-36.726,-26.823,0,-26.823,1.86E+02,8.985622877
1921,32,-16.843,-37.208,-27.0255,0,-27.0255,2.91E+02,9.092167183
1921,33,-13.218,-28.028,-20.623,0,-20.623,1.10E+02,9.119729887
1921,34,-9.851,-20.065,-14.958,6.911,-14.958,1.90E+02,8.915663814
1921,35,-8.621,-17.828,-13.2245,0.795,-13.2245,2.77E+02,8.855234761
1921,36,-9.871,-24.607,-17.239,6.179,-17.239,2.79E+02,9.428438486
1921,37,-9.305,-27.808,-18.5565,0.493,-18.5565,1.21E+02,9.618781561
1921,38,-13.233,-32.762,-22.9975,0,-22.9975,2.79E+02,9.742823279
1921,39,-8.868,-27.775,-18.3215,0,-18.3215,2.25E+02,9.850317331
1921,40,-10.102,-21.552,-15.827,3.421,-15.827,1.99E+02,9.629153361
1921,41,-7.741,-15.908,-11.8245,1.293,-11.8245,1.87E+02,9.125358223
1921,42,-11.475,-31.417,-21.446,0,-21.446,2.31E+02,10.21421914
1921,43,-8.612,-32.933,-20.7725,0,-20.7725,2.29E+02,10.36544701
1921,44,-12.866,-30.679,-21.7725,1.57,-21.7725,2.79E+02,10.4185548
1921,45,-12.704,-30.952,-21.828,0.029,-21.828,2.61E+02,10.54858315
1921,46,-11.217,-22.266,-16.7415,0,-16.7415,2.35E+02,10.1834264
1921,47,-8.591,-23.663,-16.127,11.722,-16.127,1.76E+02,10.67380698
1921,48,1.363,-15.702,-7.1695,0.624,-7.1695,2.32E+02,10.88079589
1921,49,-11.906,-32.972,-22.439,0,-22.439,2.00E+02,11.09472839
1921,50,-15.231,-26.208,-20.7195,0,-20.7195,1.55E+02,10.57760117
1921,51,-12.239,-37.57,-24.9045,0,-24.9045,1.31E+02,11.39152707
1921,52,-11.534,-32.285,-21.9095,0,-21.9095,3.10E+02,11.47613154
1921,53,-5.584,-22.02,-13.802,0,-13.802,2.00E+02,11.46740699
1921,54,-4.111,-14.441,-9.276,6.81,-9.276,2.25E+02,10.84411396
1921,55,-6.151,-24.281,-15.216,2.304,-15.216,1.69E+02,11.79337855
1921,56,-11.125,-29.662,-20.3935,0.935,-20.3935,2.27E+02,11.9364435
1921,57,-15.543,-37.439,-26.491,0,-26.491,1.38E+02,12.15434093
1921,58,-7.744,-31.833,-19.7885,0,-19.7885,1.29E+02,12.32022784
1921,59,0.465,-12.232,-5.8835,3.594,-5.8835,1.22E+02,11.81538649
1921,60,2.856,-1.71,0.573,2.628,0.573,1.29E+02,8.182043083
1921,61,1.537,-2.023,-0.243,4.386,-0.243,1.27E+02,7.071541839
1921,62,1.196,-15.738,-7.271,2.807,-7.271,2.33E+02,12.6178276
1921,63,-13.829,-31.679,-22.754,0.361,-22.754,3.16E+02,12.80189695
1921,64,-8.922,-23.376,-16.149,0.87,-16.149,2.30E+02,12.62635133
1921,65,-5.342,-14.947,-10.1445,6.588,-10.1445,1.48E+02,11.64644332
1921,66,-5.275,-26.259,-15.767,1.566,-15.767,2.94E+02,13.33455153
1921,67,0.476,-16.231,-7.8775,4.816,-7.8775,1.63E+02,13.22091845
1921,68,3.174,-9.615,-3.2205,3.719,-3.2205,1.28E+02,12.80361301
1921,69,-3.866,-13.87,-8.868,0.138,-8.868,1.18E+02,12.13777491
1921,70,-3.422,-18.93,-11.176,2.512,-11.176,2.83E+02,13.45654113
1921,71,-4.647,-20.342,-12.4945,2.355,-12.4945,2.68E+02,13.59635318
1921,72,-8.183,-21.901,-15.042,2.103,-15.042,1.85E+02,13.40928584
1921,73,-9.304,-27.311,-18.3075,0,-18.3075,3.58E+02,14.07024401
1921,74,-5.784,-20.65,-13.217,0.322,-13.217,2.20E+02,13.82390702
1921,75,-3.345,-11.487,-7.416,6.402,-7.416,3.22E+02,11.72861186
1921,76,-4.064,-18.092,-11.078,3.229,-11.078,1.79E+02,13.89435565
1921,77,-11.119,-28.569,-19.844,0,-19.844,1.62E+02,14.50174482
1921,78,-11.071,-30.187,-20.629,6.139,-20.629,1.58E+02,14.77456866
1921,79,-1.124,-13.567,-7.3455,1.604,-7.3455,1.42E+02,13.82314018
1921,80,1.234,-5.533,-2.1495,14.265,-2.1495,3.03E+02,11.06697954
1921,81,-4.552,-20.029,-12.2905,0,-12.2905,3.27E+02,14.68904199
1921,82,-2.241,-16.304,-9.2725,0,-9.2725,3.25E+02,14.51803431
1921,83,4.74,-8.859,-2.0595,0,-2.0595,1.76E+02,14.50716403
1921,84,6.471,-1.852,2.3095,2.838,2.3095,2.63E+02,12.40781488
1921,85,6.276,0.438,3.357,0.099,3.357,2.28E+02,10.44413689
1921,86,9.859,-2.347,3.756,3.596,3.756,2.34E+02,14.37717266
1921,87,9.874,-15.049,-2.5875,1.029,-2.5875,2.77E+02,16.21844547
1921,88,-10.385,-26.499,-18.442,0.204,-18.442,2.19E+02,15.53038294
1921,89,-0.365,-17.648,-9.0065,0.31,-9.0065,3.49E+02,15.82389238
1921,90,3.8,-4.542,-0.371,2.81,-0.371,1.75E+02,12.76296481
1921,91,0.544,-17.427,-8.4415,3.485,-8.4415,2.78E+02,16.13200434
1921,92,-1.316,-11.707,-6.5115,0.599,-6.5115,2.57E+02,14.08539395
1921,93,-0.377,-9.106,-4.7415,4.665,-4.7415,1.55E+02,13.18717746
1921,94,-2.588,-15.258,-8.923,3.275,-8.923,1.23E+02,15.18870872
1921,95,-2.34,-8.425,-5.3825,6.044,-5.3825,4.34E+02,11.05277195
1921,96,-0.402,-6.439,-3.4205,4.857,-3.4205,5.46E+02,11.03494237
1921,97,1.927,-8.561,-3.317,1.656,-3.317,4.32E+02,14.45672983
1921,98,6.772,-2.703,2.0345,5.737,2.0345,2.54E+02,13.9382773
1921,99,6.652,-6.589,0.0315,7.301,0.0315,2.16E+02,15.76965483
1921,100,-1.486,-11.11,-6.298,0,-6.298,2.38E+02,14.13844432
1921,101,1.836,-14.135,-6.1495,0,-6.1495,2.38E+02,16.70695928
1921,102,6.216,-8.53,-1.157,0,-1.157,2.58E+02,16.47123216
1921,103,5.947,-6.111,-0.082,1.531,-0.082,1.28E+02,15.58493239
1921,104,4.137,-13.16,-4.5115,0.541,-4.5115,2.05E+02,17.24426681
1921,105,5.804,-1.947,1.9285,8.129,1.9285,2.06E+02,12.98903135
1921,106,7.083,-8.069,-0.493,0.624,-0.493,2.12E+02,16.88889313
1921,107,-0.43,-11.895,-6.1625,0,-6.1625,2.30E+02,15.54705929
1921,108,4.925,-8.437,-1.756,0,-1.756,2.75E+02,16.43593563
1921,109,12.044,-6.215,2.9145,0,2.9145,1.69E+02,17.83865084
1921,110,11.86,-5.64,3.11,0,3.11,3.67E+02,17.76537746
1921,111,1.156,-4.721,-1.7825,0,-1.7825,3.70E+02,11.26122051
1921,112,4.937,-10.854,-2.9585,0,-2.9585,3.41E+02,17.49231984
1921,113,5.689,-4.956,0.3665,0.504,0.3665,3.31E+02,15.40369771
1921,114,4.782,-6.42,-0.819,4.153,-0.819,1.66E+02,15.76951715
1921,115,8.379,-1.006,3.6865,0.993,3.6865,4.05E+02,14.65843975
1921,116,12.925,1.198,7.0615,0,7.0615,2.09E+02,16.14567663
1921,117,18.748,2.986,10.867,0,10.867,2.71E+02,17.80433246
1921,118,19.467,4.379,11.923,0,11.923,2.48E+02,17.65285093
1921,119,19.766,2.533,11.1495,3.02,11.1495,2.42E+02,18.32412898
1921,120,20.709,4.035,12.372,1.193,12.372,3.43E+02,18.24111143
1921,121,20.249,3.374,11.8115,0.456,11.8115,1.69E+02,18.3532738
1921,122,17.649,1.398,9.5235,0,9.5235,1.29E+02,18.23733651
1921,123,15.753,-7.449,4.152,0,4.152,1.90E+02,19.601929
1921,124,17.047,1.858,9.4525,0,9.4525,2.57E+02,18.00715041
1921,125,17.623,-1.331,8.146,0,8.146,1.56E+02,19.07056787
1921,126,18.263,-0.434,8.9145,0,8.9145,1.92E+02,19.07286368
1921,127,18.55,0.711,9.6305,0,9.6305,2.36E+02,18.92977674
1921,128,13.853,-0.59,6.6315,0,6.6315,3.99E+02,17.91889974
1921,129,8.975,0.641,4.808,3.758,4.808,2.57E+02,14.21992067
1921,130,13.031,0.012,6.5215,1.028,6.5215,3.00E+02,17.38076763
1921,131,16.453,-1.821,7.316,0.058,7.316,2.36E+02,19.23446919
1921,132,18.865,1.18,10.0225,0,10.0225,3.05E+02,19.13433693
1921,133,19.916,8.243,14.0795,0,14.0795,1.49E+02,16.76644314
1921,134,18.459,8.991,13.725,1.594,13.725,2.64E+02,15.29041048
1921,135,17.048,7.438,12.243,0.32,12.243,1.77E+02,15.42405943
1921,136,7.208,-0.107,3.5505,1.839,3.5505,2.73E+02,13.35202732
1921,137,12.849,-1.24,5.8045,2.943,5.8045,1.72E+02,18.10771005
1921,138,11.012,-1.325,4.8435,0.073,4.8435,2.17E+02,17.28374208
1921,139,13.185,-3.439,4.873,0.281,4.873,2.62E+02,19.10905413
1921,140,15.452,6.111,10.7815,4.456,10.7815,2.27E+02,15.31056879
1921,141,17.806,5.967,11.8865,5.175,11.8865,2.50E+02,17.07548007
1921,142,16.837,4.16,10.4985,10.716,10.4985,3.22E+02,17.56866822
1921,143,15.489,0.381,7.935,0,7.935,1.83E+02,18.70287808
1921,144,15.855,1.111,8.483,0,8.483,2.26E+02,18.58431695
1921,145,17.32,7.04,12.18,0,12.18,2.15E+02,16.12611249
1921,146,18.667,6.744,12.7055,0,12.7055,2.26E+02,17.23054748
1921,147,23.208,6.14,14.674,0,14.674,2.94E+02,19.4868422
1921,148,25.08,11.622,18.351,0,18.351,1.86E+02,18.09856155
1921,149,25.348,11.519,18.4335,0,18.4335,2.89E+02,18.29583037
1921,150,19.523,3.995,11.759,0,11.759,3.26E+02,19.03146114
1921,151,15.558,6.231,10.8945,5.272,10.8945,2.43E+02,15.45972889
1921,152,13.327,3.753,8.54,1.23,8.54,1.50E+02,15.67560842
1921,153,16.201,0.638,8.4195,0,8.4195,2.54E+02,19.10194673
1921,154,16.806,8.409,12.6075,2.928,12.6075,2.07E+02,14.65499359
1921,155,12.107,-0.656,5.7255,1.178,5.7255,2.19E+02,17.85268448
1921,156,13.457,2.28,7.8685,0.378,7.8685,2.31E+02,16.90516691
1921,157,17.919,2.142,10.0305,1.708,10.0305,1.80E+02,19.24506899
1921,158,19.84,2.277,11.0585,1.512,11.0585,3.07E+02,19.85459979
1921,159,19.661,3.483,11.572,0,11.572,2.65E+02,19.41679826
1921,160,25.512,4.564,15.038,0,15.038,2.47E+02,20.70266041
1921,161,27.275,11.435,19.355,1.462,19.355,3.62E+02,19.31581714
1921,162,24.991,14.034,19.5125,17.311,19.5125,3.33E+02,16.80452009
1921,163,17.605,3.966,10.7855,1.975,10.7855,3.08E+02,18.38649303
1921,164,14.195,7.766,10.9805,6.914,10.9805,1.41E+02,12.55694736
1921,165,16.264,7.665,11.9645,4.355,11.9645,2.77E+02,14.9084169
1921,166,17.408,5.267,11.3375,0.478,11.3375,2.48E+02,17.58765298
1921,167,18.057,5.076,11.5665,0,11.5665,2.60E+02,18.06785759
1921,168,19.227,2.843,11.035,0,11.035,1.78E+02,19.55828889
1921,169,17.225,6.007,11.616,0,11.616,1.39E+02,17.00965225
1921,170,21.842,3.219,12.5305,0,12.5305,1.31E+02,20.24554093
1921,171,23.269,6.086,14.6775,0,14.6775,3.59E+02,19.8296468
1921,172,27.026,10.648,18.837,0,18.837,2.63E+02,19.56129548
1921,173,28.364,11.777,20.0705,0,20.0705,1.85E+02,19.63236811
1921,174,28.505,15.519,22.012,5.448,22.012,9.72E+01,18.07495552
1921,175,20.197,6.19,13.1935,1.265,13.1935,1.68E+02,18.58729539
1921,176,20.209,6.19,13.1995,0,13.1995,1.93E+02,18.58939884
1921,177,21.88,7.994,14.937,0,14.937,3.23E+02,18.5218052
1921,178,22.937,8.863,15.9,0,15.9,3.00E+02,18.60552032
1921,179,23.845,15.22,19.5325,0.443,19.5325,2.77E+02,14.92807538
1921,180,24.216,13.48,18.848,0,18.848,2.19E+02,16.65265569
1921,181,26.68,9.723,18.2015,0,18.2015,1.38E+02,19.70956673
1921,182,30.324,16.468,23.396,0,23.396,1.34E+02,18.47290058
1921,183,30.947,15.61,23.2785,0,23.2785,2.11E+02,19.10832199
1921,184,31.276,14.238,22.757,0,22.757,1.80E+02,19.70130883
1921,185,31.514,12.799,22.1565,0,22.1565,1.42E+02,20.16762569
1921,186,30.708,18.223,24.4655,0.948,24.4655,2.31E+02,17.71768471
1921,187,28.234,17.427,22.8305,2.193,22.8305,3.10E+02,16.64786947
1921,188,29.393,16.366,22.8795,16.977,22.8795,1.94E+02,17.98906855
1921,189,28.278,18.651,23.4645,2.844,23.4645,1.22E+02,15.73587397
1921,190,25.542,15.096,20.319,3.478,20.319,1.43E+02,16.35648951
1921,191,27.807,10.148,18.9775,0,18.9775,1.78E+02,19.77098051
1921,192,28.014,18.519,23.2665,3.287,23.2665,1.39E+02,15.59524528
1921,193,28.491,14.384,21.4375,0,21.4375,1.29E+02,18.43591244
1921,194,27.143,14.108,20.6255,6.04,20.6255,1.89E+02,17.89749858
1921,195,21.326,13.537,17.4315,9.481,17.4315,8.64E+01,13.99470947
1921,196,20.088,4.823,12.4555,1.794,12.4555,1.05E+02,18.85642297
1921,197,21.559,4.328,12.9435,0,12.9435,1.25E+02,19.49981112
1921,198,22.961,11.476,17.2185,1.271,17.2185,1.07E+02,16.93720576
1921,199,22.612,14.688,18.65,6.4,18.65,2.57E+02,14.08471496
1921,200,21.672,12.112,16.892,7.895,16.892,1.13E+02,15.53421187
1921,201,24.781,10.665,17.723,0.072,17.723,1.85E+02,18.25594541
1921,202,25.69,9.833,17.7615,0,17.7615,2.08E+02,18.90978197
1921,203,28.251,13.564,20.9075,0,20.9075,1.91E+02,18.43968474
1921,204,27.901,15.441,21.671,0,21.671,2.56E+02,17.36795432
1921,205,28.706,18.009,23.3575,1.519,23.3575,3.28E+02,16.27426126
1921,206,27.963,16.387,22.175,24.096,22.175,1.85E+02,16.81145774
1921,207,23.568,15.316,19.442,3.238,19.442,2.57E+02,14.2792197
1921,208,22.349,11.79,17.0695,20.053,17.0695,1.31E+02,16.10771958
1921,209,21.812,9.855,15.8335,4.009,15.8335,1.49E+02,16.94933701
1921,210,24.372,8.255,16.3135,0,16.3135,1.64E+02,18.70909362
1921,211,26.168,12.363,19.2655,0,19.2655,2.29E+02,17.80151688
1921,212,23.839,8.555,16.197,8.042,16.197,2.73E+02,18.34493296
1921,213,14.789,3.846,9.3175,1.819,9.3175,2.03E+02,16.22129397
1921,214,16.179,3.961,10.07,1.073,10.07,2.53E+02,16.92884708
1921,215,17.567,5.103,11.335,0.237,11.335,2.18E+02,17.02043528
1921,216,20.589,6.488,13.5385,0,13.5385,2.40E+02,17.72617916
1921,217,24.798,10.007,17.4025,0.38,17.4025,9.38E+01,17.947336
1921,218,25.601,16.039,20.82,4.429,20.82,1.92E+02,15.11736233
1921,219,22.056,13.692,17.874,15.853,17.874,2.00E+02,14.11742521
1921,220,18.321,11.647,14.984,1.364,14.984,1.79E+02,12.42294384
1921,221,15.838,5.295,10.5665,0.551,10.5665,1.74E+02,15.69760456
1921,222,16.779,6.372,11.5755,16.14,11.5755,1.72E+02,15.5731351
1921,223,14.094,6.986,10.54,4.921,10.54,1.38E+02,12.82215712
1921,224,17.617,4.59,11.1035,0,11.1035,1.99E+02,16.90119249
1921,225,18.689,6.976,12.8325,2.093,12.8325,2.06E+02,16.2174032
1921,226,16.842,5.178,11.01,6.928,11.01,1.59E+02,16.14587925
1921,227,13.666,3.588,8.627,1.898,8.627,2.35E+02,15.16515878
1921,228,15.105,7.888,11.4965,1.992,11.4965,2.18E+02,12.80604599
1921,229,19.221,5.544,12.3825,1.142,12.3825,2.45E+02,16.90386794
1921,230,19.527,8.212,13.8695,0.38,13.8695,2.30E+02,15.76983449
1921,231,16.037,5.071,10.554,1.771,10.554,2.58E+02,15.52935852
1921,232,13.902,4.66,9.281,7.316,9.281,3.44E+02,14.38754132
1921,233,17.043,4.052,10.5475,0.552,10.5475,3.00E+02,16.39659033
1921,234,17.41,7.114,12.262,1.667,12.262,2.47E+02,14.99414859
1921,235,16.491,6.87,11.6805,1.541,11.6805,2.38E+02,14.51981611
1921,236,18.359,4.426,11.3925,0.16,11.3925,3.22E+02,16.55980901
1921,237,20.545,5.486,13.0155,0.69,13.0155,1.69E+02,16.84351638
1921,238,22.812,11.374,17.093,7.212,17.093,2.52E+02,15.40454024
1921,239,22.719,14.549,18.634,6.68,18.634,2.79E+02,13.2883972
1921,240,22.631,14.526,18.5785,4.471,18.5785,2.61E+02,13.1952927
1921,241,23.287,13.785,18.536,3.164,18.536,2.46E+02,14.1532431
1921,242,23.219,11.895,17.557,4.289,17.557,1.63E+02,15.10790047
1921,243,14.503,2.516,8.5095,0,8.5095,1.35E+02,15.34201766
1921,244,24.108,7.566,15.837,0,15.837,1.87E+02,16.6388645
1921,245,27.642,12.236,19.939,4.4,19.939,3.23E+02,16.29896619
1921,246,27.091,8.055,17.573,2.805,17.573,1.37E+02,16.86595154
1921,247,14.977,5.315,10.146,0,10.146,1.48E+02,13.92573671
1921,248,15.107,4.324,9.7155,2.083,9.7155,1.49E+02,14.46235975
1921,249,20.92,10.923,15.9215,0.569,15.9215,2.53E+02,13.99505831
1921,250,18.837,8.563,13.7,0.979,13.7,2.47E+02,14.07771188
1921,251,16.681,5.455,11.068,0.175,11.068,3.50E+02,14.45785717
1921,252,15.869,6.116,10.9925,0,10.9925,2.41E+02,13.67348522
1921,253,15.838,6.437,11.1375,7.763,11.1375,1.40E+02,13.41405784
1921,254,15.356,5.03,10.193,0,10.193,2.17E+02,13.83412795
1921,255,17.347,9.154,13.2505,11.253,13.2505,2.65E+02,12.53976717
1921,256,17.277,4.607,10.942,2.104,10.942,3.17E+02,14.595227
1921,257,12.552,2.281,7.4165,0,7.4165,1.80E+02,13.59471976
1921,258,12.552,4.534,8.543,3.784,8.543,3.05E+02,12.25265103
1921,259,15.198,1.838,8.518,0,8.518,3.46E+02,14.52263567
1921,260,12.726,6.965,9.8455,2.127,9.8455,2.74E+02,10.28303604
1921,261,12.087,4.594,8.3405,15.578,8.3405,3.15E+02,11.71704313
1921,262,9.99,1,5.495,1.852,5.495,2.49E+02,12.59798882
1921,263,10.401,-0.343,5.029,0,5.029,2.15E+02,13.33259215
1921,264,11.219,-4.901,3.159,9.83,3.159,1.35E+02,14.54893082
1921,265,14.647,1.165,7.906,13.079,7.906,1.59E+02,13.96856701
1921,266,13.761,5.616,9.6885,2.569,9.6885,2.45E+02,11.84994193
1921,267,10.186,4.295,7.2405,0,7.2405,1.53E+02,10.11761727
1921,268,11.38,3.578,7.479,14.843,7.479,2.40E+02,11.51247262
1921,269,11.218,-0.007,5.6055,3.073,5.6055,3.46E+02,12.98144354
1921,270,12.751,1.236,6.9935,0,6.9935,2.44E+02,12.97682288
1921,271,15.027,7.194,11.1105,4.696,11.1105,1.94E+02,11.33749413
1921,272,18.961,2.07,10.5155,0.267,10.5155,1.58E+02,13.70647995
1921,273,22.584,10.288,16.436,10.97,16.436,2.29E+02,12.88772487
1921,274,19.405,-2.041,8.682,14.292,8.682,1.31E+02,13.72877914
1921,275,14.092,-1.638,6.227,0.29,6.227,8.64E+01,13.22778236
1921,276,10.141,-2.641,3.75,1.855,3.75,8.64E+01,12.67989146
1921,277,9.538,0.876,5.207,5.484,5.207,8.64E+01,11.33524045
1921,278,7.141,-1.692,2.7245,3.829,2.7245,8.64E+01,11.33092698
1921,279,6.108,0.862,3.485,2.585,3.485,8.64E+01,8.993394898
1921,280,5.689,-0.215,2.737,3.735,2.737,8.64E+01,9.496058077
1921,281,5.246,-0.016,2.615,7.661,2.615,8.64E+01,8.916525401
1921,282,3.099,-3.066,0.0165,2.275,0.0165,8.64E+01,9.580010311
1921,283,3.777,-4.652,-0.4375,3.364,-0.4375,8.64E+01,10.76037477
1921,284,4.573,-4.1,0.2365,1.418,0.2365,8.64E+01,10.77763312
1921,285,6.45,-2.704,1.873,1.702,1.873,8.64E+01,10.86758972
1921,286,3.473,-5.728,-1.1275,2.342,-1.1275,8.64E+01,10.79592412
1921,287,6.04,-3.38,1.33,0.726,1.33,8.64E+01,10.77622506
1921,288,8.441,1.123,4.782,3.293,4.782,8.64E+01,9.87859868
1921,289,5.748,-4.991,0.3785,0.731,0.3785,8.64E+01,10.92178801
1921,290,4.777,-0.721,2.028,0,2.028,8.64E+01,8.658863958
1921,291,6.088,2.512,4.3,2.004,4.3,8.64E+01,6.827554847
1921,292,8.034,5.11,6.572,18.312,6.572,8.64E+01,5.979237052
1921,293,6.583,1.071,3.827,1.294,3.827,8.64E+01,8.507498005
1921,294,7.365,-0.384,3.4905,6.629,3.4905,8.64E+01,9.616694878
1921,295,3.543,-5.096,-0.7765,18.057,-0.7765,8.64E+01,9.837886487
1921,296,2.341,-4.077,-0.868,1.587,-0.868,8.64E+01,8.875762089
1921,297,2.239,-2.948,-0.3545,0.192,-0.3545,8.64E+01,8.067058937
1921,298,1.097,-4.218,-1.5605,0,-1.5605,8.64E+01,8.102886892
1921,299,4.457,-9.06,-2.3015,0,-2.3015,8.64E+01,10.22186099
1921,300,7.209,-3.591,1.809,0,1.809,8.64E+01,9.835286328
1921,301,6.229,-4.797,0.716,0,0.716,8.64E+01,9.767322095
1921,302,6.019,-1.931,2.044,0,2.044,8.64E+01,9.053663759
1921,303,7.613,1.47,4.5415,0,4.5415,8.64E+01,8.288087477
1921,304,8.33,2.256,5.293,1.123,5.293,8.64E+01,8.192067126
1921,305,8.714,-1.838,3.438,1.853,3.438,8.64E+01,9.317885897
1921,306,2.589,-5.31,-1.3605,0,-1.3605,2.87E+02,8.724144589
1921,307,1.176,-6.221,-2.5225,0,-2.5225,1.19E+02,8.503640041
1921,308,1.518,-3.962,-1.222,0.512,-1.222,1.37E+02,7.654815235
1921,309,-0.805,-4.905,-2.855,3.798,-2.855,1.93E+02,6.700182915
1921,310,-1.891,-7.263,-4.577,5.387,-4.577,2.53E+02,7.488151271
1921,311,-5.017,-9.705,-7.361,1.143,-7.361,2.35E+02,7.03768813
1921,312,-6.356,-13.678,-10.017,3.995,-10.017,1.39E+02,8.121897568
1921,313,-4.521,-17.572,-11.0465,0,-11.0465,2.48E+02,8.754386657
1921,314,-2.689,-16.067,-9.378,0.182,-9.378,2.78E+02,8.674118214
1921,315,-2.373,-14.917,-8.645,1.113,-8.645,2.71E+02,8.548367962
1921,316,-3.145,-13.827,-8.486,0,-8.486,2.93E+02,8.346449689
1921,317,-3.995,-13.854,-8.9245,3.772,-8.9245,2.08E+02,8.190022557
1921,318,-2.294,-13.658,-7.976,0.294,-7.976,1.07E+02,8.228613531
1921,319,-3.928,-15.318,-9.623,0,-9.623,1.92E+02,8.148758679
1921,320,-6.466,-9.597,-8.0315,0,-8.0315,1.33E+02,5.494909378
1921,321,-4.856,-14.63,-9.743,2.061,-9.743,1.56E+02,7.877965699
1921,322,2.405,-5.216,-1.4055,5.7,-1.4055,1.55E+02,7.521811053
1921,323,6.962,0.336,3.649,10.88,3.649,1.43E+02,7.241337192
1921,324,5.695,-5.914,-0.1095,1.905,-0.1095,3.22E+02,7.777519345
1921,325,-2.426,-11.899,-7.1625,0,-7.1625,2.03E+02,7.574779977
1921,326,-2.726,-20.67,-11.698,4.97,-11.698,2.44E+02,7.734565688
1921,327,-12.332,-20.891,-16.6115,0,-16.6115,1.93E+02,7.35787895
1921,328,-10.975,-19.129,-15.052,0,-15.052,2.52E+02,7.25063226
1921,329,-11.076,-15.769,-13.4225,2.013,-13.4225,2.63E+02,6.283969344
1921,330,-11.537,-17.66,-14.5985,0,-14.5985,3.01E+02,6.761896651
1921,331,-10.445,-20.949,-15.697,0,-15.697,3.58E+02,7.279208712
1921,332,-6.193,-17.268,-11.7305,0,-11.7305,2.16E+02,7.248925668
1921,333,-3.573,-10.669,-7.121,0,-7.121,4.31E+02,6.843988699
1921,334,-1.942,-4.861,-3.4015,2.316,-3.4015,3.32E+02,4.988869584
1921,335,-1.546,-6.952,-4.249,0,-4.249,3.83E+02,6.359912967
1921,336,-0.568,-5.766,-3.167,0,-3.167,1.65E+02,6.258460275
1921,337,1.893,-5.745,-1.926,6.718,-1.926,2.58E+02,6.764163245
1921,338,-3.969,-10.973,-7.471,8.799,-7.471,1.02E+02,6.636430878
1921,339,-9.767,-14.365,-12.066,0.079,-12.066,3.09E+02,5.946875713
1921,340,-11.417,-16.242,-13.8295,3.082,-13.8295,3.33E+02,6.016606162
1921,341,-10.725,-13.743,-12.234,5.299,-12.234,1.87E+02,4.966185311
1921,342,-11.558,-15.133,-13.3455,1.555,-13.3455,1.63E+02,5.353727592
1921,343,-11.429,-18.991,-15.21,0.044,-15.21,2.89E+02,6.568523953
1921,344,-4.887,-15.444,-10.1655,1.839,-10.1655,1.78E+02,6.748294584
1921,345,-2.749,-6.467,-4.608,6.053,-4.608,1.89E+02,5.402359727
1921,346,-5.434,-8.718,-7.076,3.167,-7.076,2.57E+02,5.112438962
1921,347,-6.004,-14.608,-10.306,0.647,-10.306,1.30E+02,6.584447157
1921,348,-12.938,-19.91,-16.424,0.477,-16.424,1.22E+02,6.396548573
1921,349,-14.674,-21.906,-18.29,0,-18.29,2.67E+02,6.420345079
1921,350,-13.183,-29.961,-21.572,1.555,-21.572,2.06E+02,6.711257632
1921,351,-8.154,-18.161,-13.1575,1.321,-13.1575,2.74E+02,6.612746154
1921,352,-4.229,-8.456,-6.3425,16.297,-6.3425,3.01E+02,5.61550108
1921,353,-1.533,-14.846,-8.1895,4.362,-8.1895,3.14E+02,6.673211178
1921,354,-9.482,-18.144,-13.813,0.174,-13.813,3.41E+02,6.530019943
1921,355,-11.591,-26.233,-18.912,1.862,-18.912,2.25E+02,6.683386988
1921,356,-19.294,-37.068,-28.181,0,-28.181,8.86E+01,6.69735478
1921,357,-13.957,-26.458,-20.2075,0.975,-20.2075,9.04E+01,6.674741411
1921,358,-14.154,-33.151,-23.6525,0,-23.6525,1.86E+02,6.715421176
1921,359,-16.103,-35.091,-25.597,0,-25.597,2.82E+02,6.727819756
1921,360,-12.704,-23.01,-17.857,0.647,-17.857,9.70E+01,6.659279177
1921,361,-10.015,-13.88,-11.9475,3.292,-11.9475,1.06E+02,5.465601413
1921,362,-10.531,-19.479,-15.005,0,-15.005,1.17E+02,6.627813642
1921,363,-8.425,-25.837,-17.131,0,-17.131,2.14E+02,6.802365085
1921,364,-19.677,-36.639,-28.158,0,-28.158,2.83E+02,6.827270731
1921,365,-12.195,-24.981,-18.588,2.746,-18.588,1.63E+02,6.827956628
1921,366,-12.195,-24.981,-18.588,2.746,-18.588,1.63E+02,6.827956628
