DJ0207XDMNXPHWR
CCXMDDM
24,1,12.0
7,0.075,0.125,0.00,0,0,0,0,0,0,0,0
1928,1,-12.748,-19.133,-15.9405,19.622,-15.9405,1.60E+02,6.411187053,,,
1928,2,-15.174,-28.67,-21.922,0,-21.922,1.91E+02,6.900505533,,,
1928,3,-20.072,-31.17,-25.621,0.37,-25.621,2.38E+02,6.890493798,,,
1928,4,-18.953,-38.448,-28.7005,1.195,-28.7005,3.58E+02,7.001233009,,,
1928,5,-21.32,-24.847,-23.0835,0.598,-23.0835,1.22E+02,5.389448316,,,
1928,6,-13.108,-26.814,-19.961,3.344,-19.961,1.81E+02,7.061743514,,,
1928,7,-9.839,-17.15,-13.4945,0.993,-13.4945,1.85E+02,6.759370728,,,
1928,8,-7.822,-14.157,-10.9895,0.442,-10.9895,2.16E+02,6.616069488,,,
1928,9,-3.047,-12.477,-7.762,2.983,-7.762,1.73E+02,7.065548699,,,
1928,10,-6.336,-15.954,-11.145,1.98,-11.145,1.45E+02,7.127021169,,,
1928,11,-11.939,-21.963,-16.951,0,-16.951,1.08E+02,7.20350877,,,
1928,12,-9.787,-27.866,-18.8265,0,-18.8265,1.08E+02,7.406151472,,,
1928,13,-4.848,-23.821,-14.3345,4.775,-14.3345,2.86E+02,7.470563485
1928,14,-17.767,-36.137,-26.952,1.195,-26.952,1.40E+02,7.533799996
1928,15,-23.465,-37.557,-30.511,0,-30.511,2.46E+02,7.569758667
1928,16,-16.121,-33.239,-24.68,0.37,-24.68,4.62E+02,7.665294914
1928,17,-10.272,-22.822,-16.547,0.812,-16.547,2.31E+02,7.674499312
1928,18,-13.744,-31.764,-22.754,3.55,-22.754,1.42E+02,7.814946422
1928,19,-10.645,-28.061,-19.353,2.385,-19.353,2.97E+02,7.888357838
1928,20,-11.155,-25.896,-18.5255,1.783,-18.5255,4.20E+02,7.941225417
1928,21,-23.04,-31.352,-27.196,3.577,-27.196,1.59E+02,7.642974985
1928,22,-16.135,-26.206,-21.1705,0,-21.1705,2.39E+02,7.910201001
1928,23,-17.196,-29.257,-23.2265,0.812,-23.2265,2.50E+02,8.108693837
1928,24,-14.647,-29.241,-21.944,1.145,-21.944,2.60E+02,8.267143782
1928,25,-15.853,-23.185,-19.519,13.64,-19.519,2.40E+02,7.722709522
1928,26,-19.776,-26.624,-23.2,1.936,-23.2,1.11E+02,7.662834904
1928,27,-18.126,-36.482,-27.304,0,-27.304,1.23E+02,8.582510497
1928,28,-19.678,-36.753,-28.2155,0,-28.2155,1.51E+02,8.666745159
1928,29,-16.572,-39.245,-27.9085,0,-27.9085,2.18E+02,8.793029046
1928,30,-17.723,-38.787,-28.255,0,-28.255,2.66E+02,8.889239687
1928,31,-14.482,-28.688,-21.585,0,-21.585,1.86E+02,8.902072966
1928,32,-9.607,-18.328,-13.9675,4.368,-13.9675,2.91E+02,8.519797828
1928,33,-14.47,-27.674,-21.072,3.944,-21.072,1.10E+02,9.059323813
1928,34,-17.771,-37.587,-27.679,0.298,-27.679,1.90E+02,9.301452145
1928,35,-7.036,-20.785,-13.9105,5.896,-13.9105,2.77E+02,9.285427401
1928,36,-15.524,-33.764,-24.644,0,-24.644,2.79E+02,9.504683469
1928,37,-16.012,-39.391,-27.7015,0,-27.7015,1.21E+02,9.650806214
1928,38,-4.444,-18.695,-11.5695,3.022,-11.5695,2.79E+02,9.622085485
1928,39,-5.966,-15.386,-10.676,0,-10.676,2.25E+02,9.243320382
1928,40,-12.175,-22.545,-17.36,0.921,-17.36,1.99E+02,9.492666153
1928,41,-9.788,-32.182,-20.985,0,-20.985,1.87E+02,10.11423789
1928,42,-8.261,-30.646,-19.4535,0,-19.4535,2.31E+02,10.23444042
1928,43,-7.35,-20.947,-14.1485,1.247,-14.1485,2.29E+02,10.12971941
1928,44,-6.351,-32.304,-19.3275,0,-19.3275,2.79E+02,10.49432126
1928,45,-3.021,-8.507,-5.764,2.487,-5.764,2.61E+02,8.221753474
1928,46,-4.456,-18.87,-11.663,1.881,-11.663,2.35E+02,10.51963078
1928,47,-2.924,-10.215,-6.5695,4.192,-6.5695,1.76E+02,9.290792096
1928,48,-6.769,-19.418,-13.0935,2.992,-13.0935,2.32E+02,10.59797296
1928,49,-13.219,-28.729,-20.974,0,-20.974,2.00E+02,10.93369848
1928,50,-16.962,-38.139,-27.5505,0,-27.5505,1.55E+02,11.22438798
1928,51,-14.937,-29.913,-22.425,2.058,-22.425,1.31E+02,11.13924113
1928,52,-21.842,-37.285,-29.5635,0,-29.5635,3.10E+02,11.28904506
1928,53,-14.147,-37.635,-25.891,0.514,-25.891,2.00E+02,11.64284092
1928,54,-2.566,-19.253,-10.9095,9.707,-10.9095,2.25E+02,11.60389806
1928,55,-9.767,-30.561,-20.164,1.685,-20.164,1.69E+02,11.86862449
1928,56,-20.289,-36.764,-28.5265,0,-28.5265,2.27E+02,11.84040346
1928,57,-16.892,-41.146,-29.019,4.49,-29.019,1.38E+02,12.18649668
1928,58,-13.152,-23.577,-18.3645,2.487,-18.3645,1.29E+02,11.25487122
1928,59,-11.671,-33.763,-22.717,1.247,-22.717,1.22E+02,12.42564133
1928,60,-8.213,-21.956,-15.0845,0,-15.0845,1.29E+02,12.07547799
1928,61,-7.908,-14.649,-11.2785,3.936,-11.2785,1.27E+02,9.972211583
1928,62,-11.463,-23.074,-17.2685,1.76,-17.2685,2.33E+02,11.93241394
1928,63,-15.855,-30.652,-23.2535,0,-23.2535,3.16E+02,12.55020892
1928,64,-9.465,-33.005,-21.235,0.383,-21.235,2.30E+02,13.12981012
1928,65,-10.626,-23.113,-16.8695,3.638,-16.8695,1.48E+02,12.426243
1928,66,-16.036,-29.644,-22.84,1.207,-22.84,2.94E+02,12.73358279
1928,67,-10.565,-29.235,-19.9,0,-19.9,1.63E+02,13.36092393
1928,68,-12.399,-22.587,-17.493,2.993,-17.493,1.28E+02,12.11477629
1928,69,-9.352,-33.744,-21.548,0,-21.548,1.18E+02,13.8293401
1928,70,-8.335,-26.052,-17.1935,0,-17.1935,2.83E+02,13.67532987
1928,71,-4.475,-23.128,-13.8015,3.07,-13.8015,2.68E+02,13.86913787
1928,72,-1.258,-9.055,-5.1565,3.933,-5.1565,1.85E+02,11.32689776
1928,73,0.729,-14.798,-7.0345,0.354,-7.0345,3.58E+02,13.80671
1928,74,2.4,-3.475,-0.5375,4.981,-0.5375,2.20E+02,10.02095083
1928,75,0.021,-10.79,-5.3845,3.686,-5.3845,3.22E+02,12.94832825
1928,76,-5.853,-15.839,-10.846,1.207,-10.846,1.79E+02,12.71661843
1928,77,-4.454,-23.627,-14.0405,0,-14.0405,1.62E+02,14.65616623
1928,78,-0.503,-18.32,-9.4115,1.546,-9.4115,1.58E+02,14.65799261
1928,79,0.02,-6.626,-3.303,2.83,-3.303,1.42E+02,10.91895114
1928,80,-2.036,-12.853,-7.4445,1.207,-7.4445,3.03E+02,13.37629786
1928,81,-0.766,-11.409,-6.0875,0,-6.0875,3.27E+02,13.38922159
1928,82,-1.029,-10.586,-5.8075,3.383,-5.8075,3.25E+02,12.97656138
1928,83,-7.834,-21.243,-14.5385,0,-14.5385,1.76E+02,14.45950192
1928,84,-0.588,-13.663,-7.1255,8.268,-7.1255,2.63E+02,14.46442876
1928,85,-1.101,-12.77,-6.9355,1.207,-6.9355,2.28E+02,14.10706411
1928,86,-3.715,-13.527,-8.621,14.9,-8.621,2.34E+02,13.38616323
1928,87,-11.187,-18.776,-14.9815,19.551,-14.9815,2.77E+02,12.06304254
1928,88,-11.532,-21.919,-16.7255,8.884,-16.7255,2.19E+02,13.80753569
1928,89,-5.829,-16.046,-10.9375,3.638,-10.9375,3.49E+02,13.79562797
1928,90,-3.56,-14.769,-9.1645,1.151,-9.1645,1.75E+02,14.31996334
1928,91,-3.711,-12.742,-8.2265,1.415,-8.2265,2.78E+02,13.26760776
1928,92,1.251,-15.375,-7.062,0,-7.062,2.57E+02,16.02139698
1928,93,4.501,-23.511,-9.505,0,-9.505,1.55E+02,17.05745614
1928,94,6.314,-7.913,-0.7995,0.285,-0.7995,1.23E+02,15.6728356
1928,95,3.838,-14.282,-5.222,0.716,-5.222,4.34E+02,16.56110204
1928,96,9.227,-4.008,2.6095,3.179,2.6095,5.46E+02,15.53807413
1928,97,4.619,-8.648,-2.0145,4.374,-2.0145,4.32E+02,15.62657789
1928,98,8.387,-7.511,0.438,0,0.438,2.54E+02,16.43355557
1928,99,8.542,-0.328,4.107,0,4.107,2.16E+02,13.59471398
1928,100,1.134,-16.071,-7.4685,1.243,-7.4685,2.38E+02,16.87960857
1928,101,-0.576,-16.989,-8.7825,0,-8.7825,2.38E+02,16.80635515
1928,102,4.581,-14.094,-4.7565,0,-4.7565,2.58E+02,17.31290085
1928,103,5.825,-9.967,-2.071,0.48,-2.071,1.28E+02,16.82785296
1928,104,5.496,-4.75,0.373,0.48,0.373,2.05E+02,14.72480959
1928,105,2.165,-13.333,-5.584,0.48,-5.584,2.06E+02,16.90898613
1928,106,-1.198,-15.284,-8.241,12.74,-8.241,2.12E+02,16.56082399
1928,107,-6.324,-18.46,-12.392,0,-12.392,2.30E+02,15.86585964
1928,108,-4.662,-15.314,-9.988,2.044,-9.988,2.75E+02,15.16660365
1928,109,2.524,-10.384,-3.93,0,-3.93,1.69E+02,16.31846226
1928,110,-3.191,-19.993,-11.592,0,-11.592,3.67E+02,17.60985796
1928,111,-2.983,-15.75,-9.3665,0,-9.3665,3.70E+02,16.37711368
1928,112,4.3,-16.856,-6.278,0,-6.278,3.41E+02,18.53122539
1928,113,7.208,-5.882,0.663,0,0.663,3.31E+02,16.62734565
1928,114,6.075,-3.356,1.3595,1.384,1.3595,1.66E+02,14.6532625
1928,115,1.699,-2.603,-0.452,4.888,-0.452,4.05E+02,9.210714022
1928,116,5.445,-3.49,0.9775,3.615,0.9775,2.09E+02,14.35678181
1928,117,3.417,-5.574,-1.0785,0,-1.0785,2.71E+02,14.43471944
1928,118,2.134,-7.848,-2.857,0,-2.857,2.48E+02,15.19011832
1928,119,8.709,-12.029,-1.66,0,-1.66,2.42E+02,19.0043416
1928,120,3.218,-3.13,0.044,2.173,0.044,3.43E+02,12.00127575
1928,121,5.433,-2.584,1.4245,0,1.4245,1.69E+02,13.73568441
1928,122,8.887,-1.411,3.738,0.515,3.738,1.29E+02,15.54852156
1928,123,9.021,-0.863,4.079,0.207,4.079,1.90E+02,15.29848113
1928,124,11.14,-2.525,4.3075,0,4.3075,2.57E+02,17.42703122
1928,125,11.608,-1.966,4.821,0.857,4.821,1.56E+02,17.43269735
1928,126,9.677,1.806,5.7415,1.393,5.7415,1.92E+02,13.72321875
1928,127,4.003,-2.845,0.579,12.323,0.579,2.36E+02,12.69720277
1928,128,8.722,-6.574,1.074,0,1.074,3.99E+02,18.23337112
1928,129,13.944,-3.948,4.998,0,4.998,2.57E+02,19.04463281
1928,130,13.474,1.13,7.302,1.072,7.302,3.00E+02,17.04181039
1928,131,10.219,-1.778,4.2205,4.82,4.2205,2.36E+02,16.88827098
1928,132,12.282,-1.944,5.169,3.835,5.169,3.05E+02,17.99230456
1928,133,5.435,-3.163,1.136,2.911,1.136,1.49E+02,14.54211618
1928,134,6.888,-5.768,0.56,0.632,0.56,2.64E+02,17.33637139
1928,135,9.61,-6.412,1.599,0,1.599,1.77E+02,18.77049368
1928,136,9.686,-3.763,2.9615,1.623,2.9615,2.73E+02,17.78845361
1928,137,13.095,-1.439,5.828,3.635,5.828,1.72E+02,18.29430355
1928,138,18.728,-0.981,8.8735,0.394,8.8735,2.17E+02,19.86227776
1928,139,19.163,-1.203,8.98,0,8.98,2.62E+02,20.03339232
1928,140,16.079,0.972,8.5255,0.622,8.5255,2.27E+02,18.61566302
1928,141,11.107,3.616,7.3615,5.097,7.3615,2.50E+02,13.60811769
1928,142,16.244,2.02,9.132,3.091,9.132,3.22E+02,18.31269481
1928,143,14.43,1.144,7.787,6.505,7.787,1.83E+02,17.90427082
1928,144,5.757,-0.162,2.7975,13.631,2.7975,2.26E+02,11.80158247
1928,145,8.465,0.431,4.448,5.043,4.448,2.15E+02,14.21063453
1928,146,9.304,5.028,7.166,8.028,7.166,2.26E+02,9.425919738
1928,147,10.888,2.689,6.7885,6.013,6.7885,2.94E+02,14.39545521
1928,148,12.411,3.793,8.102,3.552,8.102,1.86E+02,14.80191716
1928,149,14.869,4.881,9.875,3.19,9.875,2.89E+02,15.96714397
1928,150,15.937,3.083,9.51,0.862,9.51,3.26E+02,17.82690149
1928,151,15.737,3.177,9.457,1.826,9.457,2.43E+02,17.68366365
1928,152,13.562,2.794,8.178,4.061,8.178,1.50E+02,16.57913472
1928,153,13.493,-0.368,6.5625,0.938,6.5625,2.54E+02,18.38111926
1928,154,9.74,1.386,5.563,14.987,5.563,2.07E+02,14.61386787
1928,155,12.422,1.703,7.0625,3.988,7.0625,2.19E+02,16.57945623
1928,156,14.476,0.352,7.414,0,7.414,2.31E+02,18.54705065
1928,157,18.613,-0.924,8.8445,0,8.8445,1.80E+02,20.3582431
1928,158,18.65,4.968,11.809,0,11.809,3.07E+02,18.36250477
1928,159,18.346,4.032,11.189,0,11.189,2.65E+02,18.66955591
1928,160,18.766,3.625,11.1955,0,11.1955,2.47E+02,19.03389593
1928,161,16.016,6.21,11.113,8.095,11.113,3.62E+02,15.93950374
1928,162,11.56,2.267,6.9135,7.068,6.9135,3.33E+02,15.51940511
1928,163,14.941,1.66,8.3005,0,8.3005,3.08E+02,18.20585722
1928,164,22.695,3.185,12.94,0,12.94,1.41E+02,20.43791935
1928,165,24.713,4.473,14.593,0,14.593,2.77E+02,20.60966875
1928,166,18.677,7.35,13.0135,13.441,13.0135,2.48E+02,17.07482325
1928,167,15.621,2.323,8.972,0.865,8.972,2.60E+02,18.234953
1928,168,12.378,0.597,6.4875,0.426,6.4875,1.78E+02,17.37345912
1928,169,17.564,2.345,9.9545,0.207,9.9545,1.39E+02,19.12185642
1928,170,17.611,0.184,8.8975,0,8.8975,1.31E+02,19.90486498
1928,171,20.483,0.948,10.7155,0,10.7155,3.59E+02,20.47383467
1928,172,21.505,2.196,11.8505,0,11.8505,2.63E+02,20.41966744
1928,173,18.913,6.136,12.5245,4.918,12.5245,1.85E+02,17.96274575
1928,174,17.024,6.853,11.9385,6.749,11.9385,9.72E+01,16.25508029
1928,175,17.466,6.701,12.0835,2.419,12.0835,1.68E+02,16.69306039
1928,176,17.838,8.164,13.001,6.72,13.001,1.93E+02,15.85631842
1928,177,20.483,11.594,16.0385,5.161,16.0385,3.23E+02,15.17752747
1928,178,21.119,13.158,17.1385,5.906,17.1385,3.00E+02,14.28314861
1928,179,16.775,9.932,13.3535,0.953,13.3535,2.77E+02,13.05590806
1928,180,18.938,7.18,13.059,8.008,13.059,2.19E+02,17.33618808
1928,181,20.75,8.557,14.6535,0,14.6535,1.38E+02,17.59440399
1928,182,19.941,11.587,15.764,7.3,15.764,1.34E+02,14.65740884
1928,183,22.851,6.019,14.435,0,14.435,2.11E+02,19.64722103
1928,184,24.3,6.073,15.1865,0,15.1865,1.80E+02,20.05263637
1928,185,20.804,9.702,15.253,12.653,15.253,1.42E+02,16.87047223
1928,186,21.543,11.868,16.7055,8.683,16.7055,2.31E+02,15.80250005
1928,187,19.753,8.866,14.3095,0,14.3095,3.10E+02,16.703655
1928,188,22.654,3.036,12.845,0,12.845,1.94E+02,20.33444145
1928,189,22.987,10.326,16.6565,0.284,16.6565,1.22E+02,17.77841606
1928,190,18.843,7.337,13.09,0,13.09,1.43E+02,17.08022384
1928,191,20.774,8.364,14.569,9.882,14.569,1.78E+02,17.60931665
1928,192,24.154,13.056,18.605,10.562,18.605,1.39E+02,16.78653165
1928,193,18.667,12.962,15.8145,2.574,15.8145,1.29E+02,11.55863565
1928,194,19.302,12.736,16.019,4.47,16.019,1.89E+02,12.6473912
1928,195,22.014,11.77,16.892,1.051,16.892,8.64E+01,16.14116223
1928,196,18.499,11.684,15.0915,5.959,15.0915,1.05E+02,12.92435411
1928,197,19.081,12.526,15.8035,9.662,15.8035,1.25E+02,12.60904602
1928,198,18.922,12.918,15.92,7.015,15.92,1.07E+02,11.91668504
1928,199,22.541,11.812,17.1765,15.628,17.1765,2.57E+02,16.42137279
1928,200,20.999,12.545,16.772,6.836,16.772,1.13E+02,14.58045765
1928,201,18.47,6.295,12.3825,0,12.3825,1.85E+02,17.28481458
1928,202,20.022,6.878,13.45,0,13.45,2.08E+02,17.77484123
1928,203,23.115,7.643,15.379,0,15.379,1.91E+02,18.74120326
1928,204,23.488,10.247,16.8675,0,16.8675,2.56E+02,17.7682962
1928,205,25.516,10.829,18.1725,5.919,18.1725,3.28E+02,18.37734305
1928,206,25.925,10.2,18.0625,0,18.0625,1.85E+02,18.73081463
1928,207,16.911,7.898,12.4045,11.049,12.4045,2.57E+02,14.95479019
1928,208,19,2.151,10.5755,0,10.5755,1.31E+02,19.01593658
1928,209,19.98,4.862,12.421,0,12.421,1.49E+02,18.40357978
1928,210,13.872,8.437,11.1545,17.012,11.1545,1.64E+02,11.04950592
1928,211,16.599,8.054,12.3265,6.24,12.3265,2.29E+02,14.46719269
1928,212,14.698,5.308,10.003,2.627,10.003,2.73E+02,15.14986615
1928,213,17.827,5.502,11.6645,4.386,11.6645,2.03E+02,17.02052604
1928,214,17.924,9.593,13.7585,2.339,13.7585,2.53E+02,14.2099402
1928,215,22.351,5.441,13.896,0,13.896,2.18E+02,18.72177629
1928,216,24.288,7.977,16.1325,0,16.1325,2.40E+02,18.49949565
1928,217,17.081,10.466,13.7735,4.45,13.7735,9.38E+01,12.41364211
1928,218,21.914,6.526,14.22,0.286,14.22,1.92E+02,18.10863162
1928,219,21.122,9.86,15.491,0,15.491,2.00E+02,16.21274639
1928,220,21.617,10.678,16.1475,0,16.1475,1.79E+02,15.982162
1928,221,20.771,11.536,16.1535,8.839,16.1535,1.74E+02,14.7772124
1928,222,24.105,13.247,18.676,4.387,18.676,1.72E+02,15.85697338
1928,223,24.288,8.993,16.6405,13.826,16.6405,1.38E+02,17.81647983
1928,224,18.457,8.694,13.5755,0.209,13.5755,1.99E+02,15.06503938
1928,225,20.167,5.094,12.6305,0,12.6305,2.06E+02,17.63126587
1928,226,28.395,12.336,20.3655,0,20.3655,1.59E+02,17.87264155
1928,227,29.16,11.592,20.376,0,20.376,2.35E+02,18.19013928
1928,228,28.787,10.913,19.85,0,19.85,2.18E+02,18.18872095
1928,229,29.477,11.805,20.641,0,20.641,2.45E+02,18.07508157
1928,230,22.235,12.673,17.454,1.049,17.454,2.30E+02,14.69488237
1928,231,15.509,9.311,12.41,6.959,12.41,2.58E+02,11.64986463
1928,232,21.97,4.612,13.291,0,13.291,3.44E+02,17.78962814
1928,233,21.176,9.444,15.31,9.738,15.31,3.00E+02,15.83034368
1928,234,22.168,9.017,15.5925,4.944,15.5925,2.47E+02,16.40026548
1928,235,21.041,5.949,13.495,1.003,13.495,2.38E+02,16.99722236
1928,236,21.805,4.505,13.155,0,13.155,3.22E+02,17.46955549
1928,237,17.881,13.013,15.447,16.063,15.447,1.69E+02,9.876869298
1928,238,18.97,5.319,12.1445,1.567,12.1445,2.52E+02,16.32549081
1928,239,22.068,5.277,13.6725,0,13.6725,2.79E+02,17.1187936
1928,240,24.242,6.56,15.401,0,15.401,2.61E+02,17.21138106
1928,241,21.734,15.094,18.414,13.407,18.414,2.46E+02,11.8428598
1928,242,20.106,5.46,12.783,0,12.783,1.63E+02,16.34576439
1928,243,20.732,7.955,14.3435,6.517,14.3435,1.35E+02,15.65792301
1928,244,12.552,4.366,8.459,0.584,8.459,1.87E+02,13.08610088
1928,245,16.894,3.505,10.1995,0,10.1995,3.23E+02,15.72627851
1928,246,12.408,4.891,8.6495,21.418,8.6495,1.37E+02,12.46206174
1928,247,18.099,11.747,14.923,12.279,14.923,1.48E+02,11.35257069
1928,248,14.946,8.629,11.7875,3.332,11.7875,1.49E+02,11.28262925
1928,249,17.69,6.587,12.1385,0,12.1385,2.53E+02,14.54467914
1928,250,19.328,5.805,12.5665,0,12.5665,2.47E+02,15.36755462
1928,251,20.753,5.579,13.166,0,13.166,3.50E+02,15.70979555
1928,252,20.625,9.042,14.8335,0,14.8335,2.41E+02,14.53275329
1928,253,11.43,1.392,6.411,9.881,6.411,1.40E+02,13.75907941
1928,254,8.455,-2.851,2.802,8.458,2.802,2.17E+02,14.26913105
1928,255,11.62,2.668,7.144,0,7.144,2.65E+02,13.02759852
1928,256,13.282,-0.676,6.303,0,6.303,3.17E+02,14.95614465
1928,257,10.873,6.414,8.6435,26.935,8.6435,1.80E+02,8.891542347
1928,258,15.317,2.032,8.6745,0,8.6745,3.05E+02,14.59559628
1928,259,12.302,7.561,9.9315,7.769,9.9315,3.46E+02,9.190892693
1928,260,14.71,9.258,11.984,5.91,11.984,2.74E+02,9.965015352
1928,261,13.125,7.912,10.5185,0,10.5185,3.15E+02,9.672719282
1928,262,11.393,0.365,5.879,0,5.879,2.49E+02,13.52346775
1928,263,14.009,-2.65,5.6795,0,5.6795,2.15E+02,14.73467918
1928,264,13.374,-1.041,6.1665,4.02,6.1665,1.35E+02,14.26579214
1928,265,15.343,9.393,12.368,6.906,12.368,1.59E+02,10.25959621
1928,266,12.765,5.448,9.1065,0,9.1065,2.45E+02,11.31192847
1928,267,10.167,1.155,5.661,13.787,5.661,1.53E+02,12.25737965
1928,268,9.186,-3.206,2.99,1.027,2.99,2.40E+02,13.40875157
1928,269,5.718,0.077,2.8975,3.448,2.8975,3.46E+02,9.799105593
1928,270,6.524,-0.791,2.8665,1.215,2.8665,2.44E+02,11.07549399
1928,271,5.801,-1.005,2.398,0.379,2.398,1.94E+02,10.66349891
1928,272,5.855,-1.734,2.0605,2.159,2.0605,1.58E+02,11.12554211
1928,273,7.109,-1.299,2.905,0,2.905,2.29E+02,11.51498561
1928,274,9.463,-0.57,4.4465,0,4.4465,1.31E+02,12.13453662
1928,275,11.243,0.331,5.787,0.717,5.787,8.64E+01,12.33010532
1928,276,11.146,2.448,6.797,1.95,6.797,8.64E+01,11.42929542
1928,277,15.35,5.797,10.5735,0,10.5735,8.64E+01,11.70037463
1928,278,13.959,3.03,8.4945,0,8.4945,8.64E+01,12.04948117
1928,279,14.907,7.565,11.236,2.168,11.236,8.64E+01,10.51797378
1928,280,13.051,1.077,7.064,4.375,7.064,8.64E+01,12.09758002
1928,281,8.162,0.519,4.3405,8.808,4.3405,8.64E+01,10.54408293
1928,282,8.652,-4.224,2.214,3.863,2.214,8.64E+01,12.04773664
1928,283,8.52,1.893,5.2065,12.869,5.2065,8.64E+01,9.82931937
1928,284,5.436,-2.447,1.4945,0.624,1.4945,8.64E+01,10.44203721
1928,285,8.313,-1.575,3.369,1.401,3.369,8.64E+01,11.09682511
1928,286,9.432,1.094,5.263,2.496,5.263,8.64E+01,10.48268944
1928,287,3.128,-3.189,-0.0305,0.345,-0.0305,8.64E+01,9.387310336
1928,288,2.701,-2.66,0.0205,0,0.0205,8.64E+01,8.659107264
1928,289,6.565,-0.912,2.8265,2.761,2.8265,8.64E+01,9.881243715
1928,290,8.123,3.881,6.002,1.113,6.002,8.64E+01,7.580656855
1928,291,4.608,0.842,2.725,10.054,2.725,8.64E+01,7.043758214
1928,292,7.759,-1.727,3.016,6.126,3.016,8.64E+01,10.34059586
1928,293,9.554,3.033,6.2935,3.965,6.2935,8.64E+01,9.126441284
1928,294,5.168,0.97,3.069,9.626,3.069,8.64E+01,7.38313401
1928,295,5.431,-0.78,2.3255,0.309,2.3255,8.64E+01,8.827864138
1928,296,8.225,0.073,4.149,4.443,4.149,8.64E+01,9.601231224
1928,297,7.375,1.471,4.423,12.456,4.423,8.64E+01,8.529383553
1928,298,2.216,-0.941,0.6375,0.498,0.6375,8.64E+01,6.129142916
1928,299,0.965,-2.623,-0.829,4.199,-0.829,8.64E+01,6.588361126
1928,300,-1.329,-4.919,-3.124,1.903,-3.124,8.64E+01,6.557786537
1928,301,-0.148,-6.066,-3.107,1.171,-3.107,8.64E+01,8.296253866
1928,302,1.696,-3.558,-0.931,4.796,-0.931,8.64E+01,7.849393193
1928,303,-3.245,-9.482,-6.3635,7.263,-6.3635,8.64E+01,8.33316387
1928,304,-1.875,-9.337,-5.606,0.574,-5.606,8.64E+01,8.747112793
1928,305,2.55,-3.672,-0.561,1.572,-0.561,8.64E+01,8.198833604
1928,306,-0.146,-6.117,-3.1315,0.946,-3.1315,2.87E+02,8.019410575
1928,307,-0.065,-6.169,-3.117,0,-3.117,1.19E+02,8.019896882
1928,308,2.446,-10.067,-3.8105,0.962,-3.8105,1.37E+02,9.208863692
1928,309,1.405,-4.775,-1.685,0.946,-1.685,1.93E+02,7.928936062
1928,310,-3.675,-7.734,-5.7045,0,-5.7045,2.53E+02,6.628004688
1928,311,-1.77,-8.956,-5.363,4.818,-5.363,2.35E+02,8.153310189
1928,312,-1.853,-11.52,-6.6865,0.365,-6.6865,1.39E+02,8.576405771
1928,313,-0.716,-4.148,-2.432,3.949,-2.432,2.48E+02,5.980492311
1928,314,-0.065,-7.578,-3.8215,0,-3.8215,2.78E+02,8.030958771
1928,315,-0.626,-5.601,-3.1135,0,-3.1135,2.71E+02,7.019691197
1928,316,1.164,-6.243,-2.5395,0,-2.5395,2.93E+02,7.867488558
1928,317,2.269,-2.823,-0.277,0,-0.277,2.08E+02,6.985070406
1928,318,0.97,-4.864,-1.947,1.518,-1.947,1.07E+02,7.263205579
1928,319,2.655,-5.519,-1.432,3.011,-1.432,1.92E+02,7.817544811
1928,320,4.041,-0.838,1.6015,6.663,1.6015,1.33E+02,6.737234227
1928,321,4.095,1.317,2.706,3.312,2.706,1.56E+02,5.115401542
1928,322,3.11,-3.579,-0.2345,0,-0.2345,1.55E+02,7.313941096
1928,323,-1.992,-7.132,-4.562,2.323,-4.562,1.43E+02,6.728783704
1928,324,-1.79,-4.954,-3.372,1.541,-3.372,3.22E+02,5.422095271
1928,325,-3.996,-10.165,-7.0805,5.827,-7.0805,2.03E+02,7.009118616
1928,326,-5.569,-10.449,-8.009,0.365,-8.009,2.44E+02,6.484328065
1928,327,-2.744,-6.564,-4.654,3.687,-4.654,1.93E+02,5.85238615
1928,328,-2.811,-8.421,-5.616,1.541,-5.616,2.52E+02,6.692633491
1928,329,-1.699,-7.092,-4.3955,5.501,-4.3955,2.63E+02,6.574753284
1928,330,-6.475,-13.963,-10.219,0.089,-10.219,3.01E+02,7.048607387
1928,331,-9.73,-14.358,-12.044,0.164,-12.044,3.58E+02,6.18497278
1928,332,-7.402,-19.391,-13.3965,0.946,-13.3965,2.16E+02,7.278420463
1928,333,-7.229,-13.092,-10.1605,1.318,-10.1605,4.31E+02,6.568624981
1928,334,-13.002,-20.479,-16.7405,0,-16.7405,3.32E+02,6.862000305
1928,335,-12.307,-26.743,-19.525,0,-19.525,3.83E+02,7.160409951
1928,336,-8.033,-18.112,-13.0725,0.757,-13.0725,1.65E+02,7.008165064
1928,337,-4.609,-10.713,-7.661,3.334,-7.661,2.58E+02,6.490511742
1928,338,-6.945,-22.716,-14.8305,0,-14.8305,1.02E+02,7.030552122
1928,339,-4.505,-18.627,-11.566,1.554,-11.566,3.09E+02,6.978265104
1928,340,-1.079,-5.139,-3.109,7.64,-3.109,3.33E+02,5.6691304
1928,341,-5.505,-12.913,-9.209,7.323,-9.209,1.87E+02,6.602371633
1928,342,-12.322,-17.987,-15.1545,0.571,-15.1545,1.63E+02,6.243064249
1928,343,-15.19,-28.669,-21.9295,0,-21.9295,2.89E+02,6.834228218
1928,344,-12.567,-24.904,-18.7355,0,-18.7355,1.78E+02,6.791429379
1928,345,-7.548,-16.78,-12.164,0.232,-12.164,1.89E+02,6.66461395
1928,346,-4.353,-10.985,-7.669,0,-7.669,2.57E+02,6.372576518
1928,347,-1.681,-5.013,-3.347,0,-3.347,1.30E+02,5.137384593
1928,348,0.994,-4.4,-1.703,1.858,-1.703,1.22E+02,6.068894699
1928,349,-1.069,-9.448,-5.2585,0,-5.2585,2.67E+02,6.538514885
1928,350,-4.628,-18.54,-11.584,0.99,-11.584,2.06E+02,6.698313367
1928,351,0.576,-5.403,-2.4135,0,-2.4135,2.74E+02,6.189787357
1928,352,1.499,0.014,0.7565,6.714,0.7565,3.01E+02,3.194371957
1928,353,-1.707,-11.322,-6.5145,5.98,-6.5145,3.14E+02,6.585905502
1928,354,-10.46,-17.256,-13.858,1.071,-13.858,3.41E+02,6.331524237
1928,355,-12.44,-19.63,-16.035,1.364,-16.035,2.25E+02,6.388598064
1928,356,-13.062,-22.788,-17.925,0,-17.925,8.86E+01,6.595019293
1928,357,-19.179,-30.855,-25.017,0,-25.017,9.04E+01,6.661005648
1928,358,-7.743,-20.703,-14.223,0.99,-14.223,1.86E+02,6.690001413
1928,359,-0.881,-11.402,-6.1415,0.474,-6.1415,2.82E+02,6.652452859
1928,360,-0.439,-7.611,-4.025,0.474,-4.025,9.70E+01,6.425517348
1928,361,-3.811,-11.508,-7.6595,0,-7.6595,1.06E+02,6.503762862
1928,362,0.661,-4.853,-2.096,0,-2.096,1.17E+02,6.129188681
1928,363,-0.044,-4.23,-2.137,5.549,-2.137,2.14E+02,5.653302141
1928,364,-7.031,-14.184,-10.6075,1.071,-10.6075,2.83E+02,6.493678719
1928,365,-12.943,-18.111,-15.527,1.645,-15.527,1.63E+02,6.07711837
1928,366,-13.56,-18.13,-15.845,0,-15.845,2.63E+02,5.874101824
