DJ0207XDMNXPHWR
CCXMDDM
24,1,12.0
7,0.075,0.125,0.00,0,0,0,0,0,0,0,0
1932,1,-8.744,-20.606,-14.675,0,-20.606,1.60E+02,6.842363928,,,
1932,2,-2.649,-17.885,-10.267,0,-17.885,1.91E+02,6.91421585,,,
1932,3,-7.535,-18.973,-13.254,0,-18.973,2.38E+02,6.899992323,,,
1932,4,-5.68,-23.486,-14.583,0,-23.486,3.58E+02,6.998694097,,,
1932,5,-1.714,-8.046,-4.88,0,-8.046,1.22E+02,6.512564478,,,
1932,6,-0.455,-4.905,-2.68,8.548,-4.905,1.81E+02,5.930312099,,,
1932,7,1.778,-7.422,-2.822,4.669,-7.422,1.85E+02,6.958926224,,,
1932,8,-7.121,-15.107,-11.114,1.614,-15.107,2.16E+02,6.889677566,,,
1932,9,-10.758,-20.832,-15.795,1.785,-20.832,1.73E+02,7.104409944,,,
1932,10,-18.55,-26.345,-22.4475,0,-26.345,1.45E+02,6.953890601,,,
1932,11,-21.847,-33.773,-27.81,0,-33.773,1.08E+02,7.281065241,,,
1932,12,2.81,-24.449,-10.8195,8.262,-24.449,1.08E+02,7.413272809,,,
1932,13,4.641,0.458,2.5495,11.757,0.458,2.86E+02,5.989077892
1932,14,4.181,0.633,2.407,1.462,0.633,1.40E+02,5.606924816
1932,15,0.897,-11.373,-5.238,3.753,-11.373,2.46E+02,7.532071562
1932,16,-13.366,-21.381,-17.3735,0,-21.381,4.62E+02,7.292533106
1932,17,-12.814,-23.871,-18.3425,0.577,-23.871,2.31E+02,7.61903801
1932,18,-8.214,-16.784,-12.499,4.387,-16.784,1.42E+02,7.485379509
1932,19,-11.855,-21.513,-16.684,0.577,-21.513,2.97E+02,7.662927803
1932,20,-9.658,-18.258,-13.958,1.167,-18.258,4.20E+02,7.617154474
1932,21,-15.152,-28.297,-21.7245,0,-28.297,1.59E+02,7.987106637
1932,22,-11.411,-25.474,-18.4425,0.595,-25.474,2.39E+02,8.088974335
1932,23,-7.154,-22.541,-14.8475,3.969,-22.541,2.50E+02,8.194753897
1932,24,-7.24,-26.811,-17.0255,0,-26.811,2.60E+02,8.313432743
1932,25,-16.363,-30.648,-23.5055,0,-30.648,2.40E+02,8.347509797
1932,26,-3.158,-28.276,-15.717,1.167,-28.276,1.11E+02,8.505732105
1932,27,0.02,-8.166,-4.073,4.107,-8.166,1.23E+02,8.038564474
1932,28,-9.487,-24.879,-17.183,0,-24.879,1.51E+02,8.642851285
1932,29,-8.782,-30.427,-19.6045,1.981,-30.427,2.18E+02,8.790705472
1932,30,-1.895,-15.409,-8.652,14.065,-15.409,2.66E+02,8.781973374
1932,31,-14.421,-28.36,-21.3905,0,-28.36,1.86E+02,8.893272974
1932,32,-22.135,-31.668,-26.9015,0,-31.668,2.91E+02,8.650836793
1932,33,-18.405,-35.256,-26.8305,0,-35.256,1.10E+02,9.163972623
1932,34,-9.246,-20.301,-14.7735,4.071,-20.301,1.90E+02,9.007386654
1932,35,-13.3,-25.695,-19.4975,0,-25.695,2.77E+02,9.211194637
1932,36,-17.08,-33.924,-25.502,0.254,-33.924,2.79E+02,9.48322206
1932,37,-11.843,-25.705,-18.774,2.377,-25.705,1.21E+02,9.498132915
1932,38,-14.52,-34.886,-24.703,0,-34.886,2.79E+02,9.750080378
1932,39,-14.719,-31.46,-23.0895,7.151,-31.46,2.25E+02,9.813087636
1932,40,-20.932,-37.002,-28.967,0.254,-37.002,1.99E+02,9.908274953
1932,41,-13.211,-27.452,-20.3315,0.71,-27.452,1.87E+02,9.947591174
1932,42,-3.425,-14.37,-8.8975,1.768,-14.37,2.31E+02,9.76759609
1932,43,4.499,-5.528,-0.5145,5.44,-5.528,2.29E+02,9.721815899
1932,44,-3.245,-14.556,-8.9005,1.282,-14.556,2.79E+02,10.01704162
1932,45,-15.641,-21.521,-18.581,0.063,-21.521,2.61E+02,8.462489681
1932,46,-16.284,-25.555,-20.9195,0,-25.555,2.35E+02,9.842153849
1932,47,-8.698,-29.273,-18.9855,0,-29.273,1.76E+02,10.83500518
1932,48,-8.301,-10.448,-9.3745,4.09,-10.448,2.32E+02,4.767813129
1932,49,-11.374,-24.084,-17.729,6.144,-24.084,2.00E+02,10.71421839
1932,50,-18.123,-34.337,-26.23,0,-34.337,1.55E+02,11.08953828
1932,51,-19.488,-34.748,-27.118,0,-34.748,1.31E+02,11.15772632
1932,52,-16.983,-37.283,-27.133,0,-37.283,3.10E+02,11.46790441
1932,53,-15.538,-32.608,-24.073,0,-32.608,2.00E+02,11.49778325
1932,54,-19.601,-27.143,-23.372,0.71,-27.143,2.25E+02,9.920611824
1932,55,-16.36,-33.924,-25.142,0,-33.924,1.69E+02,11.7703758
1932,56,-11.015,-34.289,-22.652,0,-34.289,2.27E+02,12.04077775
1932,57,-6.477,-13.129,-9.803,0.751,-13.129,1.38E+02,9.663698945
1932,58,-3.823,-14.464,-9.1435,0,-14.464,1.29E+02,11.30848229
1932,59,-3.795,-24.855,-14.325,0,-24.855,1.22E+02,12.40368836
1932,60,-1.839,-8.282,-5.0605,0,-8.282,1.29E+02,9.719609814
1932,61,0.298,-13.567,-6.6345,0,-13.567,1.27E+02,12.2055956
1932,62,-0.435,-13.233,-6.834,0,-13.233,2.33E+02,12.16010816
1932,63,-2.404,-22.486,-12.445,0,-22.486,3.16E+02,12.90525827
1932,64,-0.844,-21.728,-11.286,0,-21.728,2.30E+02,13.0650379
1932,65,-2.624,-14.863,-8.7435,0,-14.863,1.48E+02,12.37626158
1932,66,0.755,-20.7,-9.9725,0,-20.7,2.94E+02,13.34995558
1932,67,1.891,-8.017,-3.063,0.547,-8.017,1.63E+02,11.92907841
1932,68,0.476,-4.811,-2.1675,4.869,-4.811,1.28E+02,9.214214211
1932,69,-2.17,-6.866,-4.518,6.273,-6.866,1.18E+02,8.657593872
1932,70,-4.811,-13.862,-9.3365,7.504,-13.862,2.83E+02,11.83490802
1932,71,-11.61,-16.904,-14.257,3.096,-16.904,2.68E+02,9.347819699
1932,72,-9.693,-24.406,-17.0495,0,-24.406,1.85E+02,13.57681933
1932,73,-12.638,-23.459,-18.0485,0.278,-23.459,3.58E+02,12.77496772
1932,74,-17.019,-25.658,-21.3385,0,-25.658,2.20E+02,11.93456055
1932,75,-16.577,-25.472,-21.0245,0,-25.472,3.22E+02,12.13821836
1932,76,-11.449,-26.898,-19.1735,0,-26.898,1.79E+02,14.13594917
1932,77,-5.083,-21.813,-13.448,2.727,-21.813,1.62E+02,14.42097335
1932,78,-11.364,-23.33,-17.347,0,-23.33,1.58E+02,13.59155884
1932,79,-10.698,-32.679,-21.6885,0.278,-32.679,1.42E+02,15.08020567
1932,80,-10.847,-23.338,-17.0925,0.411,-23.338,3.03E+02,13.93025091
1932,81,-9.606,-29.499,-19.5525,0,-29.499,3.27E+02,15.20155656
1932,82,-10.056,-23.532,-16.794,2.872,-23.532,3.25E+02,14.38050479
1932,83,-11.661,-24.287,-17.974,0,-24.287,1.76E+02,14.24517714
1932,84,-7.982,-32.342,-20.162,1.367,-32.342,2.63E+02,15.81987211
1932,85,0.205,-26.829,-13.312,0.755,-26.829,2.28E+02,16.03096811
1932,86,-0.643,-5.175,-2.909,7.957,-5.175,2.34E+02,8.990621459
1932,87,-6.156,-18.018,-12.087,0,-18.018,2.77E+02,14.3411435
1932,88,-4.651,-26.043,-15.347,0,-26.043,2.19E+02,16.14940337
1932,89,0.028,-14.853,-7.4125,0,-14.853,3.49E+02,15.38256829
1932,90,1.214,-18.71,-8.748,0.307,-18.71,1.75E+02,16.25355534
1932,91,2.697,-4.757,-1.03,7.932,-4.757,2.78E+02,12.15342135
1932,92,-4.81,-14.525,-9.6675,0,-14.525,2.57E+02,13.72919579
1932,93,-4.234,-18.431,-11.3325,2.489,-18.431,1.55E+02,15.5783491
1932,94,-4.24,-15.638,-9.939,0.231,-15.638,1.23E+02,14.69106618
1932,95,-2.207,-21.799,-12.003,0,-21.799,4.34E+02,16.75552412
1932,96,3.772,-16.544,-6.386,0,-16.544,5.46E+02,16.94039351
1932,97,6.652,-3.701,1.4755,0,-3.701,4.32E+02,14.38557269
1932,98,10.729,-4.739,2.995,0,-4.739,2.54E+02,16.33395493
1932,99,5.962,0.194,3.078,5.376,0.194,2.16E+02,10.83126499
1932,100,5.461,-4.239,0.611,0,-4.239,2.38E+02,14.18511778
1932,101,12.028,-8.603,1.7125,0,-8.603,2.38E+02,17.47970956
1932,102,9.704,-2.683,3.5105,0.551,-2.683,2.58E+02,15.65917398
1932,103,5.273,-0.572,2.3505,13.311,-0.572,1.28E+02,11.02865897
1932,104,5.227,-0.782,2.2225,2.313,-0.782,2.05E+02,11.24097354
1932,105,0.62,-6.592,-2.986,2.976,-6.592,2.06E+02,12.50470202
1932,106,-0.915,-7.588,-4.2515,0,-7.588,2.12E+02,12.00889371
1932,107,-1.107,-9.711,-5.409,0,-9.711,2.30E+02,13.7614612
1932,108,2.414,-6.558,-2.072,0,-6.558,2.75E+02,14.07880971
1932,109,3.842,-2.511,0.6655,1.522,-2.511,1.69E+02,11.75448188
1932,110,5.746,-2.339,1.7035,1.191,-2.339,3.67E+02,13.45600943
1932,111,11.391,-1.139,5.126,0,-1.139,3.70E+02,16.27377927
1932,112,14.537,-3.583,5.477,0,-3.583,3.41E+02,18.04299127
1932,113,7.09,-5.148,0.971,0,-5.148,3.31E+02,16.2492801
1932,114,-5.634,-12.127,-8.8805,0.735,-12.127,1.66E+02,12.03287762
1932,115,-5.32,-13.642,-9.481,1.076,-13.642,4.05E+02,13.82612906
1932,116,2.065,-9.492,-3.7135,0.503,-9.492,2.09E+02,16.05602725
1932,117,0.357,-5.699,-2.671,4.671,-5.699,2.71E+02,11.60055801
1932,118,-2.751,-10.688,-6.7195,0.926,-10.688,2.48E+02,13.58023479
1932,119,1.099,-12.508,-5.7045,1.076,-12.508,2.42E+02,17.16271474
1932,120,3.795,-6.978,-1.5915,0,-6.978,3.43E+02,15.77764686
1932,121,8.311,-5.647,1.332,1.526,-5.647,1.69E+02,17.40458248
1932,122,12.906,1.757,7.3315,5.655,1.757,1.29E+02,16.08186517
1932,123,7.19,-2.568,2.311,0.114,-2.568,1.90E+02,15.20844204
1932,124,11.794,-7.302,2.246,0,-7.302,2.57E+02,19.04109964
1932,125,6.034,-3.399,1.3175,0.429,-3.399,1.56E+02,15.02926427
1932,126,3.198,-10.034,-3.418,0,-10.034,1.92E+02,17.32406856
1932,127,5.459,-7.783,-1.162,0,-7.783,2.36E+02,17.36963722
1932,128,10.685,-6.525,2.08,0,-6.525,3.99E+02,18.81957509
1932,129,14.897,-3.815,5.541,0,-3.815,2.57E+02,19.23612505
1932,130,16.541,-1.782,7.3795,0,-1.782,3.00E+02,19.19769791
1932,131,18.042,-1.325,8.3585,0,-1.325,2.36E+02,19.47662144
1932,132,17.813,0.605,9.209,1.348,0.605,3.05E+02,19.00644833
1932,133,17.259,-0.736,8.2615,1.247,-0.736,1.49E+02,19.2582666
1932,134,19.281,-2.501,8.39,0,-2.501,2.64E+02,20.05461428
1932,135,19.356,-0.939,9.2085,0,-0.939,1.77E+02,19.84923127
1932,136,20.804,4.312,12.558,1.812,4.312,2.73E+02,18.95952898
1932,137,27.527,7.433,17.48,0.727,7.433,1.72E+02,19.89844078
1932,138,15.139,3.142,9.1405,1.642,3.142,2.17E+02,17.09358748
1932,139,13.259,-1.991,5.634,0,-1.991,2.62E+02,18.6385619
1932,140,13.31,1.522,7.416,5.413,1.522,2.27E+02,17.02183078
1932,141,12.663,5.292,8.9775,1.854,5.292,2.50E+02,13.48130093
1932,142,7.388,-1.382,3.003,0,-1.382,3.22E+02,14.8574244
1932,143,6.723,-2.734,1.9945,2.128,-2.734,1.83E+02,15.45706315
1932,144,6.871,-1.357,2.757,0.353,-1.357,2.26E+02,14.38629852
1932,145,10.108,-1.246,4.431,7.872,-1.246,2.15E+02,16.86133892
1932,146,19.596,6.586,13.091,0.633,6.586,2.26E+02,17.83267622
1932,147,13.178,4.566,8.872,2.502,4.566,2.94E+02,14.78437666
1932,148,8.693,-2.72,2.9865,1.769,-2.72,1.86E+02,16.95208165
1932,149,10.455,1.439,5.947,0.95,1.439,2.89E+02,15.17000663
1932,150,13.622,-0.999,6.3115,0,-0.999,3.26E+02,18.66836074
1932,151,17.831,1.863,9.847,3.264,1.863,2.43E+02,19.21352243
1932,152,15.808,7.099,11.4535,0.926,7.099,1.50E+02,14.92823509
1932,153,18.946,0.032,9.489,0,0.032,2.54E+02,20.13533292
1932,154,25.991,2.571,14.281,0,2.571,2.07E+02,21.00580918
1932,155,24.69,9.669,17.1795,0.399,9.669,2.19E+02,18.9212971
1932,156,21.536,8.967,15.2515,0,8.967,2.31E+02,17.75787292
1932,157,22.211,7.11,14.6605,0,7.11,1.80E+02,18.98217923
1932,158,14.207,4.49,9.3485,0,4.49,3.07E+02,15.84756956
1932,159,9.333,0.684,5.0085,0,0.684,2.65E+02,14.92799155
1932,160,10.388,1.557,5.9725,4.283,1.557,2.47E+02,15.10099872
1932,161,12.308,2.872,7.59,4.245,2.872,3.62E+02,15.6355468
1932,162,17.666,3.225,10.4455,0,3.225,3.33E+02,18.75483374
1932,163,18.095,4.147,11.121,0,4.147,3.08E+02,18.53593753
1932,164,23.356,3.578,13.467,0,3.578,1.41E+02,20.49983625
1932,165,26.741,4.845,15.793,0,4.845,2.77E+02,20.93040312
1932,166,26.051,11.168,18.6095,1.352,11.168,2.48E+02,18.97244508
1932,167,20.448,9.721,15.0845,0,9.721,2.60E+02,16.66436858
1932,168,19.798,5.087,12.4425,0,5.087,1.78E+02,18.9066596
1932,169,24.517,8.383,16.45,0,8.383,1.39E+02,19.47216072
1932,170,28.018,9.072,18.545,0,9.072,1.31E+02,20.32907687
1932,171,23.529,13.923,18.726,7.193,13.923,3.59E+02,15.80646934
1932,172,25.119,9.207,17.163,0,9.207,2.63E+02,19.39315202
1932,173,20.308,13.977,17.1425,25.465,13.977,1.85E+02,12.44252662
1932,174,17.241,7.626,12.4335,7.612,7.626,9.72E+01,15.81191782
1932,175,11.212,1.745,6.4785,4.287,1.745,1.68E+02,15.68682371
1932,176,8.597,0.618,4.6075,6.743,0.618,1.93E+02,14.30641743
1932,177,10.496,1.463,5.9795,1.059,1.463,3.23E+02,15.30664399
1932,178,15.411,4.849,10.13,0,4.849,3.00E+02,16.536753
1932,179,18.609,7.609,13.109,8.464,7.609,2.77E+02,16.84321316
1932,180,17.632,7.643,12.6375,1.028,7.643,2.19E+02,16.09355171
1932,181,20.398,5.621,13.0095,4.561,5.621,1.38E+02,18.89786521
1932,182,17.49,10.108,13.799,9.69,10.108,1.34E+02,13.65722492
1932,183,19.463,10.218,14.8405,4.269,10.218,2.11E+02,15.46477725
1932,184,16.145,9.934,13.0395,20.632,9.934,1.80E+02,12.26622414
1932,185,13.495,6.748,10.1215,0.416,6.748,1.42E+02,12.92013179
1932,186,12.671,4.627,8.649,4.834,4.627,2.31E+02,14.32931059
1932,187,21.444,6.536,13.99,0,6.536,3.10E+02,18.88388848
1932,188,23.314,5.084,14.199,0,5.084,1.94E+02,19.98967053
1932,189,24.644,7.678,16.161,2.463,7.678,1.22E+02,19.60036432
1932,190,17.368,12.665,15.0165,10.942,12.665,1.43E+02,10.12867217
1932,191,19.515,12.541,16.028,3.726,12.541,1.78E+02,13.14839125
1932,192,21.028,12.274,16.651,14.582,12.274,1.39E+02,14.95522244
1932,193,18.64,11.401,15.0205,3.923,11.401,1.29E+02,13.42997795
1932,194,18.786,8.496,13.641,0,8.496,1.89E+02,16.18977432
1932,195,19.119,6.803,12.961,11.556,6.803,8.64E+01,17.48916031
1932,196,14.546,6.707,10.6265,0.283,6.707,1.05E+02,14.03486367
1932,197,17.952,6.436,12.194,0,6.436,1.25E+02,16.97555646
1932,198,21.634,6.241,13.9375,0.521,6.241,1.07E+02,18.85559139
1932,199,19.786,12.764,16.275,8.917,12.764,2.57E+02,13.1307537
1932,200,16.311,7.639,11.975,2.725,7.639,1.13E+02,14.77959605
1932,201,16.105,7.827,11.966,2.332,7.827,1.85E+02,14.40116829
1932,202,22.848,10.044,16.446,0,10.044,2.08E+02,17.60200465
1932,203,25.142,5.651,15.3965,0,5.651,1.91E+02,19.88080259
1932,204,24.833,14.994,19.9135,16.128,14.994,2.56E+02,15.67826283
1932,205,17.607,11.748,14.6775,8.429,11.748,3.28E+02,11.66465343
1932,206,20.157,7.749,13.953,1.546,7.749,1.85E+02,17.28519626
1932,207,21.799,8.699,15.249,0.08,8.699,2.57E+02,17.61092124
1932,208,19.799,11.596,15.6975,20.663,11.596,1.31E+02,14.21518566
1932,209,15.927,4.392,10.1595,0.629,4.392,1.49E+02,16.70444776
1932,210,16.936,6.56,11.748,2.34,6.56,1.64E+02,15.930144
1932,211,14.199,7.281,10.74,3.726,7.281,2.29E+02,12.8546155
1932,212,13.289,5.041,9.165,1.675,5.041,2.73E+02,14.17805565
1932,213,14.561,7.53,11.0455,0.698,7.53,2.03E+02,12.94459962
1932,214,17.65,6.957,12.3035,0,6.957,2.53E+02,16.02975833
1932,215,20.292,3.814,12.053,0,3.814,2.18E+02,18.59779373
1932,216,20.468,8.215,14.3415,0,8.215,2.40E+02,16.87411553
1932,217,20.648,13.814,17.231,5.962,13.814,9.38E+01,12.65740492
1932,218,24.389,11.681,18.035,9.984,11.681,1.92E+02,17.02398896
1932,219,22.764,13.34,18.052,7.533,13.34,2.00E+02,14.98324979
1932,220,21.691,10.461,16.076,1.977,10.461,1.79E+02,16.15624142
1932,221,21.104,11.845,16.4745,4.98,11.845,1.74E+02,14.795665
1932,222,19.92,10.329,15.1245,5.136,10.329,1.72E+02,15.01152721
1932,223,18.984,9.644,14.314,2.653,9.644,1.38E+02,14.79248294
1932,224,19.114,8.215,13.6645,2.432,8.215,1.99E+02,15.80221423
1932,225,20.629,11.612,16.1205,0.726,11.612,2.06E+02,14.47895708
1932,226,21.063,9.475,15.269,0,9.475,1.59E+02,16.10548423
1932,227,24.335,7.822,16.0785,0,7.822,2.35E+02,17.93324172
1932,228,25.58,11.224,18.402,0,11.224,2.18E+02,17.21272694
1932,229,21.792,14.147,17.9695,3.473,14.147,2.45E+02,13.18732621
1932,230,20.682,15.79,18.236,8.002,15.79,2.30E+02,10.03297804
1932,231,19.968,16.659,18.3135,19.581,16.659,2.58E+02,7.558169001
1932,232,16.28,10.426,13.353,0.476,10.426,3.44E+02,11.22790933
1932,233,14.366,8.542,11.454,1.221,8.542,3.00E+02,11.16984689
1932,234,15.148,8.808,11.978,3.46,8.808,2.47E+02,11.73335266
1932,235,15.888,7.737,11.8125,0.539,7.737,2.38E+02,13.4291037
1932,236,20.829,4.103,12.466,0,4.103,3.22E+02,17.34496317
1932,237,19.799,10.783,15.291,9.347,10.783,1.69E+02,14.01357514
1932,238,18.975,14.288,16.6315,8.956,14.288,2.52E+02,9.611309538
1932,239,19.964,13.664,16.814,11.631,13.664,2.79E+02,11.55240264
1932,240,21.074,13.756,17.415,12.588,13.756,2.61E+02,12.52346055
1932,241,20.875,13.926,17.4005,36.349,13.926,2.46E+02,12.14486494
1932,242,25.184,12.163,18.6735,4.332,12.163,1.63E+02,15.81959971
1932,243,23.257,10.666,16.9615,0,10.666,1.35E+02,15.58702629
1932,244,23.041,16.962,20.0015,8.144,16.962,1.87E+02,11.16664266
1932,245,23.885,16.166,20.0255,8.849,16.166,3.23E+02,12.67203212
1932,246,22.776,10.166,16.471,0.554,10.166,1.37E+02,15.37778565
1932,247,23.28,8.848,16.064,0,8.848,1.48E+02,15.8794643
1932,248,18.185,12.213,15.199,33.154,12.213,1.49E+02,10.92631518
1932,249,15.938,10.005,12.9715,1.991,10.005,2.53E+02,10.85232318
1932,250,12.727,10.039,11.383,17.866,10.039,2.47E+02,6.271070911
1932,251,11.3,6.57,8.935,3.744,6.57,3.50E+02,9.390332779
1932,252,14.478,4.574,9.526,0.279,4.574,2.41E+02,13.75478131
1932,253,12.928,3.3,8.114,0,3.3,1.40E+02,13.54129259
1932,254,14.748,-0.358,7.195,0,-0.358,2.17E+02,15.41165639
1932,255,21.398,4.348,12.873,0.938,4.348,2.65E+02,15.66216797
1932,256,18.265,6.285,12.275,0,6.285,3.17E+02,14.36629257
1932,257,20.288,3.698,11.993,2.268,3.698,1.80E+02,15.38083835
1932,258,18.409,10.903,14.656,5.891,10.903,3.05E+02,11.88685945
1932,259,17.855,9.349,13.602,12.01,9.349,3.46E+02,12.5109669
1932,260,14.69,8.321,11.5055,2.576,8.321,2.74E+02,10.85917941
1932,261,8.33,2.896,5.613,12.355,2.896,3.15E+02,9.910114613
1932,262,9.356,1.516,5.436,1.132,1.516,2.49E+02,11.90229886
1932,263,12.56,-0.845,5.8575,0,-0.845,2.15E+02,14.14981794
1932,264,19.545,7.254,13.3995,5.815,7.254,1.35E+02,13.76273184
1932,265,17.207,8.217,12.712,7.592,8.217,1.59E+02,12.3897701
1932,266,18.155,5.599,11.877,0,5.599,2.45E+02,13.6454958
1932,267,14.688,7.865,11.2765,7.778,7.865,1.53E+02,10.89526944
1932,268,8.146,2.67,5.408,0.279,2.67,2.40E+02,9.683250115
1932,269,8.409,1.576,4.9925,1.961,1.576,3.46E+02,10.79446004
1932,270,13.947,-0.507,6.72,0,-0.507,2.44E+02,13.62862333
1932,271,12.899,6.149,9.524,5.289,6.149,1.94E+02,10.6226287
1932,272,12.286,3.126,7.706,5.854,3.126,1.58E+02,11.94940551
1932,273,7.139,1.136,4.1375,4.966,1.136,2.29E+02,9.93374874
1932,274,8.366,-1.346,3.51,1.238,-1.346,1.31E+02,12.01530491
1932,275,8.918,-2.943,2.9875,0.942,-2.943,8.64E+01,12.58314839
1932,276,9.325,0.794,5.0595,13.57,0.794,8.64E+01,11.35200187
1932,277,14.088,3.953,9.0205,5.729,3.953,8.64E+01,11.90441272
1932,278,15.585,5.898,10.7415,12.295,5.898,8.64E+01,11.6627753
1932,279,15.425,7.489,11.457,40.325,7.489,8.64E+01,10.83828444
1932,280,12.273,4.176,8.2245,18.523,4.176,8.64E+01,10.8436292
1932,281,6.646,1.689,4.1675,0.23,1.689,8.64E+01,8.638811693
1932,282,11.857,0.528,6.1925,0.146,0.528,8.64E+01,11.75372101
1932,283,11.706,1.182,6.444,3.119,1.182,8.64E+01,11.45987073
1932,284,4.441,-0.432,2.0045,9.284,-0.432,8.64E+01,8.431385253
1932,285,8.464,0.976,4.72,13.619,0.976,8.64E+01,10.17835948
1932,286,1.222,-1.722,-0.25,0.299,-1.722,8.64E+01,6.140198862
1932,287,-0.312,-2.304,-1.308,0,-2.304,8.64E+01,4.606168801
1932,288,0.192,-2.86,-1.334,0,-2.86,8.64E+01,6.2460016
1932,289,6.08,-7.894,-0.907,0,-7.894,8.64E+01,11.39454961
1932,290,11.091,1.093,6.092,9.431,1.093,8.64E+01,10.65658482
1932,291,2.778,-3.541,-0.3815,0,-3.541,8.64E+01,9.140989304
1932,292,8.707,-1.511,3.598,0,-1.511,8.64E+01,10.51566739
1932,293,11.45,-4.065,3.6925,0,-4.065,8.64E+01,11.03866731
1932,294,11.317,2.094,6.7055,3.779,2.094,8.64E+01,10.08984341
1932,295,7.718,1.402,4.56,4.017,1.402,8.64E+01,8.885934605
1932,296,5.893,-1.369,2.262,2.587,-1.369,8.64E+01,9.269986381
1932,297,2.635,-2.18,0.2275,0.299,-2.18,8.64E+01,7.789971569
1932,298,3.431,-3.123,0.154,0,-3.123,8.64E+01,8.811781197
1932,299,6.27,-2.214,2.028,9.404,-2.214,8.64E+01,9.453427532
1932,300,10.802,1.772,6.287,25.61,1.772,8.64E+01,9.507076091
1932,301,1.8,0.513,1.1565,5.698,0.513,8.64E+01,3.152289986
1932,302,0.888,-3.699,-1.4055,0,-3.699,8.64E+01,7.380814555
1932,303,0.406,-3.471,-1.5325,0,-3.471,8.64E+01,6.737379685
1932,304,-1.635,-4.875,-3.255,1.39,-4.875,8.64E+01,6.057163808
1932,305,-1.602,-9.647,-5.6245,0,-9.647,8.64E+01,8.842069289
1932,306,-1.242,-6.058,-3.65,8.565,-6.058,2.87E+02,7.35873637
1932,307,-3.73,-5.473,-4.6015,5.287,-5.473,1.19E+02,3.940515985
1932,308,-3.723,-7.282,-5.5025,0,-7.282,1.37E+02,6.262020873
1932,309,1.274,-6.219,-2.4725,1.388,-6.219,1.93E+02,8.384973975
1932,310,2.33,-1.243,0.5435,9.402,-1.243,2.53E+02,6.208825771
1932,311,3.73,-0.605,1.5625,1.616,-0.605,2.35E+02,6.796869784
1932,312,2.536,-3.032,-0.248,0.846,-3.032,1.39E+02,7.477948774
1932,313,-0.989,-7.723,-4.356,0,-7.723,2.48E+02,7.879135982
1932,314,0.369,-11.859,-5.745,0,-11.859,2.78E+02,8.622720462
1932,315,1.837,-5.546,-1.8545,1.339,-5.546,2.71E+02,7.929687102
1932,316,2.249,-2.794,-0.2725,0.416,-2.794,2.93E+02,7.008016257
1932,317,0.65,-4.557,-1.9535,5.025,-4.557,2.08E+02,7.042239973
1932,318,-3.448,-14.695,-9.0715,0,-14.695,1.07E+02,8.221495133
1932,319,-3.913,-14.801,-9.357,7.567,-14.801,1.92E+02,8.117723249
1932,320,-9.347,-16.972,-13.1595,1.48,-16.972,1.33E+02,7.64974062
1932,321,-9.894,-20.144,-15.019,4.857,-20.144,1.56E+02,7.918077614
1932,322,-8.249,-18.303,-13.276,1.499,-18.303,1.55E+02,7.82950544
1932,323,-6.397,-20.557,-13.477,0,-20.557,1.43E+02,7.925108308
1932,324,-4.478,-13.233,-8.8555,9.06,-13.233,3.22E+02,7.565809126
1932,325,-10.083,-17.772,-13.9275,1.2,-17.772,2.03E+02,7.352610677
1932,326,-7.236,-12.321,-9.7785,4.255,-12.321,2.44E+02,6.575819995
1932,327,-8.303,-17.547,-12.925,0,-17.547,1.93E+02,7.428184511
1932,328,-7.782,-22.677,-15.2295,0.653,-22.677,2.52E+02,7.574374316
1932,329,-4.317,-11.147,-7.732,4.856,-11.147,2.63E+02,6.976570781
1932,330,-1.336,-15.246,-8.291,6.716,-15.246,3.01E+02,7.43367867
1932,331,-12.667,-24.541,-18.604,0,-24.541,3.58E+02,7.331781537
1932,332,-15.422,-23.857,-19.6395,0,-23.857,2.16E+02,7.073609695
1932,333,-4.606,-21.131,-12.8685,0,-21.131,4.31E+02,7.279590619
1932,334,-2.074,-12.664,-7.369,0.501,-12.664,3.32E+02,7.125384528
1932,335,-3.96,-12.473,-8.2165,0,-12.473,3.83E+02,6.942210946
1932,336,1.631,-12.128,-5.2485,0,-12.128,1.65E+02,7.104848241
1932,337,2.764,-3.272,-0.254,0,-3.272,2.58E+02,6.474034342
1932,338,1.673,-9.435,-3.881,0,-9.435,1.02E+02,6.964421702
1932,339,-0.487,-19.016,-9.7515,0,-19.016,3.09E+02,6.996964544
1932,340,-1.121,-10.97,-6.0455,3.118,-10.97,3.33E+02,6.839263274
1932,341,-11.581,-19.46,-15.5205,0,-19.46,1.87E+02,6.658875286
1932,342,-9.352,-16.998,-13.175,3.701,-16.998,1.63E+02,6.60429361
1932,343,-14.77,-31.613,-23.1915,11.132,-31.613,2.89E+02,6.85334224
1932,344,-22.649,-38.696,-30.6725,0,-38.696,1.78E+02,6.822582141
1932,345,-23.153,-39.278,-31.2155,0,-39.278,1.89E+02,6.797237448
1932,346,-23.064,-39,-31.032,1.892,-39,2.57E+02,6.773654255
1932,347,-18.57,-30.096,-24.333,12.497,-30.096,1.30E+02,6.70940307
1932,348,-12.364,-20.399,-16.3815,0.071,-20.399,1.22E+02,6.521670812
1932,349,-12.889,-23.72,-18.3045,0,-23.72,2.67E+02,6.660978845
1932,350,-20.308,-25.363,-22.8355,0.286,-25.363,2.06E+02,5.947806543
1932,351,-24.487,-33.545,-29.016,0,-33.545,2.74E+02,6.566290195
1932,352,-20.156,-36.293,-28.2245,0,-36.293,3.01E+02,6.69340491
1932,353,-14.899,-23.069,-18.984,0,-23.069,3.14E+02,6.492950152
1932,354,-9.758,-19.176,-14.467,1.077,-19.176,3.41E+02,6.575161245
1932,355,-9.389,-20.481,-14.935,0.678,-20.481,2.25E+02,6.637348707
1932,356,-2.634,-21.42,-12.027,0,-21.42,8.86E+01,6.698603193
1932,357,-1.434,-11.056,-6.245,7.932,-11.056,9.04E+01,6.596648066
1932,358,-4.115,-16.084,-10.0995,0,-16.084,1.86E+02,6.675776146
1932,359,-0.915,-5.434,-3.1745,0,-5.434,2.82E+02,5.759280785
1932,360,5.638,-2.844,1.397,6.542,-2.844,9.70E+01,6.560726436
1932,361,-3.003,-13.686,-8.3445,1.241,-13.686,1.06E+02,6.688647478
1932,362,-0.017,-9.874,-4.9455,0,-9.874,1.17E+02,6.676960515
1932,363,-0.61,-14.468,-7.539,0,-14.468,2.14E+02,6.786388352
1932,364,-2.725,-22.561,-12.643,0,-22.561,2.83E+02,6.831393374
1932,365,-1.459,-9.413,-5.436,6.25,-9.413,1.63E+02,6.613879668
1932,366,-5.449,-25.775,-15.612,4.301,-25.775,2.63E+02,6.891820127
