DJ0207XDMNXPHWR
CCXMDDM
24,1,12.0
7,0.075,0.125,0.00,0,0,0,0,0,0,0,0
1934,1,-22.602,-29.239,-25.9205,0,-29.239,1.60E+02,6.458688986,,,
1934,2,-22.892,-39.469,-31.1805,0,-39.469,1.91E+02,6.919820406,,,
1934,3,-24.241,-38.637,-31.439,0,-38.637,2.38E+02,6.944900074,,,
1934,4,-19.167,-37.685,-28.426,0,-37.685,3.58E+02,6.999975543,,,
1934,5,-7.157,-17.405,-12.281,8.013,-17.405,1.22E+02,6.935234677,,,
1934,6,-3.419,-10,-6.7095,0.598,-10,1.81E+02,6.596839609,,,
1934,7,-3.238,-11.974,-7.606,0.896,-11.974,1.85E+02,6.922804497,,,
1934,8,-7.739,-13.426,-10.5825,0,-13.426,2.16E+02,6.449227657,,,
1934,9,-20.043,-29.302,-24.6725,0,-29.302,1.73E+02,7.053476348,,,
1934,10,-2.64,-31.809,-17.2245,1.771,-31.809,1.45E+02,7.295585736,,,
1934,11,-0.568,-11.63,-6.099,1.511,-11.63,1.08E+02,7.252710047,,,
1934,12,-9.874,-15.693,-12.7835,1.195,-15.693,1.08E+02,6.637206276,,,
1934,13,-10.35,-18.171,-14.2605,0,-18.171,2.86E+02,7.102769804
1934,14,-10.753,-20.76,-15.7565,1.04,-20.76,1.40E+02,7.370954012
1934,15,-9.958,-28.597,-19.2775,1.769,-28.597,2.46E+02,7.601637597
1934,16,-10.757,-23.239,-16.998,1.147,-23.239,4.62E+02,7.604152556
1934,17,-15.49,-22.154,-18.822,0.473,-22.154,2.31E+02,7.094203852
1934,18,-28.378,-35.336,-31.857,0,-35.336,1.42E+02,7.215510467
1934,19,-24.834,-38.452,-31.643,0,-38.452,2.97E+02,7.844912255
1934,20,-24.733,-40.12,-32.4265,0,-40.12,4.20E+02,7.949744181
1934,21,-18.851,-40.401,-29.626,0,-40.401,1.59E+02,8.060797755
1934,22,-10.49,-28.907,-19.6985,2.067,-28.907,2.39E+02,8.135687205
1934,23,0.005,-15.485,-7.74,2.996,-15.485,2.50E+02,8.19615949
1934,24,-13.292,-23.844,-18.568,0,-23.844,2.60E+02,8.100773741
1934,25,-6.137,-22.599,-14.368,6.377,-22.599,2.40E+02,8.382277771
1934,26,-23.971,-35.938,-29.9545,0,-35.938,1.11E+02,8.353321861
1934,27,-11.647,-28.319,-19.983,4.554,-28.319,1.23E+02,8.567685029
1934,28,-5.831,-20.825,-13.328,4.579,-20.825,1.51E+02,8.635032155
1934,29,-28.718,-30.223,-29.4705,1.754,-30.223,2.18E+02,3.460886142
1934,30,-26.936,-36.033,-31.4845,0.579,-36.033,2.66E+02,8.421474301
1934,31,-15.362,-35.257,-25.3095,2.933,-35.257,1.86E+02,8.986105781
1934,32,-11.272,-18.466,-14.869,0.769,-18.466,2.91E+02,8.162503465
1934,33,-21.69,-36.12,-28.905,0,-36.12,1.10E+02,9.107991887
1934,34,-19.012,-38.262,-28.637,1.654,-38.262,1.90E+02,9.297258461
1934,35,-14.814,-26.174,-20.494,0,-26.174,2.77E+02,9.130295982
1934,36,-24.618,-36.096,-30.357,0,-36.096,2.79E+02,9.237303345
1934,37,-22.232,-40.556,-31.394,0,-40.556,1.21E+02,9.61652567
1934,38,-24.871,-33.526,-29.1985,0,-33.526,2.79E+02,9.000298109
1934,39,-26.751,-39.717,-33.234,0,-39.717,2.25E+02,9.657196849
1934,40,-23.4,-34.104,-28.752,0,-34.104,1.99E+02,9.539405159
1934,41,-16.296,-32.333,-24.3145,2.197,-32.333,1.87E+02,10.02058564
1934,42,-8.606,-17.322,-12.964,4.293,-17.322,2.31E+02,9.354175858
1934,43,-5.596,-13.723,-9.6595,3.853,-13.723,2.29E+02,9.276520712
1934,44,-17.799,-28.074,-22.9365,0.208,-28.074,2.79E+02,9.860892928
1934,45,-20.627,-41.079,-30.853,0,-41.079,2.61E+02,10.58458533
1934,46,-19.729,-27.795,-23.762,3.171,-27.795,2.35E+02,9.501053378
1934,47,-19.643,-39.717,-29.68,0,-39.717,1.76E+02,10.82791263
1934,48,-10.267,-25.044,-17.6555,3.171,-25.044,2.32E+02,10.77337838
1934,49,-7.804,-16.916,-12.36,2.551,-16.916,2.00E+02,10.07090969
1934,50,-19.124,-26.146,-22.635,0.749,-26.146,1.55E+02,9.388352739
1934,51,-18.123,-35.275,-26.699,0,-35.275,1.31E+02,11.25272491
1934,52,-12.076,-33.965,-23.0205,0,-33.965,3.10E+02,11.49329493
1934,53,-12.339,-23.893,-18.116,0.25,-23.893,2.00E+02,10.98614628
1934,54,-19.06,-30.588,-24.824,0.105,-30.588,2.25E+02,11.08632446
1934,55,-26.262,-31.319,-28.7905,0,-31.319,1.69E+02,8.41905388
1934,56,-19.387,-31.143,-25.265,0,-31.143,2.27E+02,11.33630779
1934,57,-16.142,-38.271,-27.2065,0,-38.271,1.38E+02,12.15834516
1934,58,-17.527,-27.357,-22.442,1.08,-27.357,1.29E+02,11.09269983
1934,59,-8.682,-30.628,-19.655,0.483,-30.628,1.22E+02,12.42283515
1934,60,-3.26,-12.761,-8.0105,0.241,-12.761,1.29E+02,11.17166625
1934,61,-0.425,-3.995,-2.21,1.429,-3.995,1.27E+02,7.084303245
1934,62,1.554,-3.271,-0.8585,0.947,-3.271,2.33E+02,8.518591505
1934,63,2.308,-1.312,0.498,0.546,-1.312,3.16E+02,7.202681478
1934,64,4.607,-0.543,2.032,0,-0.543,2.30E+02,8.912042449
1934,65,1.477,-9.085,-3.804,2.432,-9.085,1.48E+02,11.95969175
1934,66,-1.489,-11.095,-6.292,0.324,-11.095,2.94E+02,11.73304947
1934,67,-12.947,-19.603,-16.275,0,-19.603,1.63E+02,10.27956557
1934,68,-17.199,-28.086,-22.6425,1.246,-28.086,1.28E+02,12.33738301
1934,69,-14.239,-34.168,-24.2035,0,-34.168,1.18E+02,13.68621733
1934,70,-11.888,-31.252,-21.57,0.533,-31.252,2.83E+02,13.78588368
1934,71,-12.607,-31.187,-21.897,0,-31.187,2.68E+02,13.86414905
1934,72,-3.676,-21.163,-12.4195,4.234,-21.163,1.85E+02,13.90290762
1934,73,-7.024,-17.927,-12.4755,0,-17.927,3.58E+02,12.80222797
1934,74,-1.613,-15.597,-8.605,0,-15.597,2.20E+02,13.67331344
1934,75,0.252,-10.94,-5.344,1.414,-10.94,3.22E+02,13.07684231
1934,76,-14.195,-25.17,-19.6825,0.241,-25.17,1.79E+02,13.09290317
1934,77,-14.447,-22.535,-18.491,2.003,-22.535,1.62E+02,11.82676312
1934,78,-13.484,-34.521,-24.0025,0,-34.521,1.58E+02,14.90297343
1934,79,-11.203,-21.524,-16.3635,0,-21.524,1.42E+02,13.09724176
1934,80,-12.111,-23.961,-18.036,3.551,-23.961,3.03E+02,13.73789646
1934,81,-18.894,-27.06,-22.977,0,-27.06,3.27E+02,12.1262633
1934,82,-11.474,-30.177,-20.8255,0,-30.177,3.25E+02,15.2185585
1934,83,-7.191,-32.92,-20.0555,0,-32.92,1.76E+02,15.73731398
1934,84,-4.709,-24.482,-14.5955,0,-24.482,2.63E+02,15.55125706
1934,85,-0.791,-17.984,-9.3875,0.402,-17.984,2.28E+02,15.38322134
1934,86,-0.748,-9.446,-5.097,3.407,-9.446,2.34E+02,12.76380096
1934,87,-2.721,-23.829,-13.275,0,-23.829,2.77E+02,16.01111804
1934,88,-3.872,-16.636,-10.254,1.704,-16.636,2.19E+02,14.72860827
1934,89,-6.545,-29,-17.7725,0,-29,3.49E+02,16.33869815
1934,90,-0.586,-21.567,-11.0765,2.301,-21.567,1.75E+02,16.34865175
1934,91,2.508,-3.97,-0.731,1.535,-3.97,2.78E+02,11.30006849
1934,92,1.684,-1.628,0.028,0.936,-1.628,2.57E+02,7.338598462
1934,93,0.263,-8.439,-4.088,0,-8.439,1.55E+02,13.16921967
1934,94,-2.466,-20.333,-11.3995,1.333,-20.333,1.23E+02,16.42348049
1934,95,4.179,-19.639,-7.73,1.104,-19.639,4.34E+02,17.11473838
1934,96,-0.162,-6.497,-3.3295,3.363,-6.497,5.46E+02,11.34333222
1934,97,3.189,-11.885,-4.348,0,-11.885,4.32E+02,16.15167618
1934,98,2.682,-12.224,-4.771,1.671,-12.224,2.54E+02,16.19314938
1934,99,3.241,-3.513,-0.136,0.342,-3.513,2.16E+02,11.86147454
1934,100,4.863,-5.17,-0.1535,0,-5.17,2.38E+02,14.38317357
1934,101,5.344,-0.521,2.4115,1.622,-0.521,2.38E+02,10.99690606
1934,102,6.522,3.313,4.9175,3.085,3.313,2.58E+02,7.289160304
1934,103,3.503,-0.732,1.3855,4.099,-0.732,1.28E+02,8.937039134
1934,104,3.298,-1.185,1.0565,3.275,-1.185,2.05E+02,9.312315969
1934,105,4.002,-2.299,0.8515,0.61,-2.299,2.06E+02,11.58930923
1934,106,3.578,-2.179,0.6995,3.37,-2.179,2.12E+02,11.00290162
1934,107,4.796,-2.555,1.1205,0,-2.555,2.30E+02,12.70158366
1934,108,5.203,-2.434,1.3845,0,-2.434,2.75E+02,12.99613434
1934,109,5.699,-2.13,1.7845,1.369,-2.13,1.69E+02,13.2005176
1934,110,1.438,-2.552,-0.557,0,-2.552,3.67E+02,8.666246526
1934,111,-0.481,-4.355,-2.418,0,-4.355,3.70E+02,8.494854906
1934,112,4.362,-4.779,-0.2085,0,-4.779,3.41E+02,14.36497683
1934,113,3.665,-3.007,0.329,3.104,-3.007,3.31E+02,12.20149709
1934,114,7.546,0.911,4.2285,3.228,0.911,1.66E+02,12.18701498
1934,115,0.101,-6.412,-3.1555,1.026,-6.412,4.05E+02,12.07852146
1934,116,1.331,-13.267,-5.968,1.386,-13.267,2.09E+02,17.37234236
1934,117,0.26,-9.576,-4.658,0,-9.576,2.71E+02,15.05254477
1934,118,-1.016,-12.049,-6.5325,6.408,-12.049,2.48E+02,15.85202883
1934,119,8.187,-12.561,-2.187,0,-12.561,2.42E+02,19.00584386
1934,120,19.454,0.176,9.815,0.916,0.176,3.43E+02,18.8270581
1934,121,9.493,2.602,6.0475,0.254,2.602,1.69E+02,12.62384702
1934,122,21.261,-2.66,9.3005,1.731,-2.66,1.29E+02,19.60930408
1934,123,21.2,1.936,11.568,1.207,1.936,1.90E+02,19.01406598
1934,124,13.989,1.981,7.985,3.127,1.981,2.57E+02,16.64120894
1934,125,12.575,4.282,8.4285,2.724,4.282,1.56E+02,14.08808449
1934,126,4.195,-1.475,1.36,2.388,-1.475,1.92E+02,11.27664154
1934,127,7.135,-3.265,1.935,0.561,-3.265,2.36E+02,15.78334183
1934,128,5.301,-7.56,-1.1295,0,-7.56,3.99E+02,17.22980531
1934,129,13.573,-9.404,2.0845,0.515,-9.404,2.57E+02,19.95278832
1934,130,15.683,4.432,10.0575,3.235,4.432,3.00E+02,16.42284346
1934,131,2.958,-0.915,1.0215,1.086,-0.915,2.36E+02,8.676010494
1934,132,7.285,-4.35,1.4675,0.171,-4.35,3.05E+02,16.71400118
1934,133,11.946,-6.01,2.968,3.935,-6.01,1.49E+02,19.24845286
1934,134,9.493,1.895,5.694,0.635,1.895,2.64E+02,13.61340627
1934,135,4.751,-1.341,1.705,1.801,-1.341,1.77E+02,11.93097559
1934,136,6.967,-5.472,0.7475,2.635,-5.472,2.73E+02,17.28301793
1934,137,11.099,-1.996,4.5515,2.448,-1.996,1.72E+02,17.64904482
1934,138,5.891,-4.18,0.8555,0,-4.18,2.17E+02,15.83880543
1934,139,8.912,-2.339,3.2865,0,-2.339,2.62E+02,16.66904128
1934,140,12.656,1.951,7.3035,0.309,1.951,2.27E+02,16.33204622
1934,141,14.788,-0.558,7.115,0.119,-0.558,2.50E+02,18.7362789
1934,142,8.702,2.948,5.825,9.792,2.948,3.22E+02,11.56838055
1934,143,5.837,-1.175,2.331,1.251,-1.175,1.83E+02,13.11256612
1934,144,4.798,-1.499,1.6495,0,-1.499,2.26E+02,12.28048192
1934,145,16.273,-1.212,7.5305,0,-1.212,2.15E+02,19.55643384
1934,146,21.3,0.964,11.132,0,0.964,2.26E+02,20.27405514
1934,147,23.027,6.01,14.5185,0,6.01,2.94E+02,19.47116844
1934,148,22.145,11.309,16.727,0.635,11.309,1.86E+02,16.56976737
1934,149,13.897,9.049,11.473,2.147,9.049,2.89E+02,10.33394236
1934,150,18.116,5.555,11.8355,0.478,5.555,3.26E+02,17.66791207
1934,151,10.95,2.538,6.744,0,2.538,2.43E+02,14.64213849
1934,152,12.516,-1.845,5.3355,0.53,-1.845,1.50E+02,18.59262242
1934,153,18.645,4.895,11.77,0,4.895,2.54E+02,18.32842599
1934,154,20.595,0.268,10.4315,0,0.268,2.07E+02,20.47600232
1934,155,26.593,11.67,19.1315,0,11.67,2.19E+02,18.88103539
1934,156,22.469,5.207,13.838,8.096,5.207,2.31E+02,19.73359042
1934,157,11.395,8.349,9.872,2.012,8.349,1.80E+02,7.281380893
1934,158,9.68,0.275,4.9775,0,0.275,3.07E+02,15.59009855
1934,159,18.266,-1.564,8.351,0.862,-1.564,2.65E+02,20.45537458
1934,160,13.958,7.474,10.716,1.405,7.474,2.47E+02,12.6127807
1934,161,15.988,9.204,12.596,6.258,9.204,3.62E+02,12.97811448
1934,162,16.379,10.152,13.2655,7.023,10.152,3.33E+02,12.29803257
1934,163,17.874,10.966,14.42,5.373,10.966,3.08E+02,13.13026485
1934,164,13.063,9.706,11.3845,3.172,9.706,1.41E+02,7.875984258
1934,165,12.082,7.172,9.627,0.871,7.172,2.77E+02,10.4766921
1934,166,16.761,7.625,12.193,0,7.625,2.48E+02,15.398675
1934,167,19.3,7.434,13.367,0,7.434,2.60E+02,17.42372294
1934,168,20.481,9.152,14.8165,0.53,9.152,1.78E+02,17.08196439
1934,169,25.567,6.143,15.855,9.606,6.143,1.39E+02,20.44460662
1934,170,18.932,13.287,16.1095,5.869,13.287,1.31E+02,11.54046101
1934,171,18.325,10.91,14.6175,2.231,10.91,3.59E+02,13.71578115
1934,172,14.8,6.663,10.7315,5.324,6.663,2.63E+02,14.4703221
1934,173,15.375,5.603,10.489,0.418,5.603,1.85E+02,15.94149678
1934,174,21.277,5.595,13.436,3.776,5.595,9.72E+01,19.30324446
1934,175,18.923,11.326,15.1245,5.402,11.326,1.68E+02,13.90988714
1934,176,10.338,6.053,8.1955,0.258,6.053,1.93E+02,9.494822849
1934,177,19.387,6.732,13.0595,0,6.732,3.23E+02,17.88354169
1934,178,24.217,5.259,14.738,0.76,5.259,3.00E+02,20.30830673
1934,179,22.277,9.507,15.892,7.186,9.507,2.77E+02,17.93713369
1934,180,22.93,12.307,17.6185,1.697,12.307,2.19E+02,16.57146369
1934,181,24.24,7.483,15.8615,0.353,7.483,1.38E+02,19.64408316
1934,182,18.929,11.689,15.309,6.604,11.689,1.34E+02,13.5003451
1934,183,19.209,7.823,13.516,4.257,7.823,2.11E+02,17.07670966
1934,184,18.081,9.675,13.878,7.412,9.675,1.80E+02,14.69646401
1934,185,20.924,10.991,15.9575,0.233,10.991,1.42E+02,16.01682378
1934,186,19.453,9.931,14.692,0.341,9.931,2.31E+02,15.67707052
1934,187,18.219,9.627,13.923,10.242,9.627,3.10E+02,14.85175554
1934,188,16.177,10.323,13.25,0.43,10.323,1.94E+02,11.78491034
1934,189,21.029,5.233,13.131,0,5.233,1.22E+02,19.19981926
1934,190,25.289,6.868,16.0785,0,6.868,1.43E+02,20.00185189
1934,191,26.5,11.027,18.7635,0,11.027,1.78E+02,19.04260919
1934,192,27.299,12.729,20.014,0,12.729,1.39E+02,18.65861142
1934,193,22.249,14.249,18.249,2.087,14.249,1.29E+02,14.22801885
1934,194,24.413,16.429,20.421,1.693,16.429,1.89E+02,14.20199121
1934,195,26.913,13.911,20.412,0.348,13.911,8.64E+01,17.86141673
1934,196,22.821,11.599,17.21,4.106,11.599,1.05E+02,16.80572995
1934,197,16.953,7.122,12.0375,0.041,7.122,1.25E+02,15.79679806
1934,198,13.595,8.013,10.804,0.245,8.013,1.07E+02,11.35867367
1934,199,20.214,8.696,14.455,2.295,8.696,2.57E+02,16.93804751
1934,200,28.06,12.019,20.0395,2.608,12.019,1.13E+02,19.0336872
1934,201,20.987,13.72,17.3535,10.266,13.72,1.85E+02,13.37772454
1934,202,17.15,8.376,12.763,0.312,8.376,2.08E+02,14.83938167
1934,203,16.279,6.615,11.447,0,6.615,1.91E+02,15.56266064
1934,204,19.855,9.303,14.579,0,9.303,2.56E+02,16.19733958
1934,205,24.143,5.891,15.017,1.056,5.891,3.28E+02,19.51617771
1934,206,23.382,14.908,19.145,1.559,14.908,1.85E+02,14.50176348
1934,207,18.624,10.93,14.777,0.43,10.93,2.57E+02,13.73815688
1934,208,23.414,7.345,15.3795,0,7.345,1.31E+02,18.77299698
1934,209,23.898,11.34,17.619,1.384,11.34,1.49E+02,17.27506692
1934,210,18.837,9.331,14.084,0,9.331,1.64E+02,15.28928522
1934,211,18.756,7.858,13.307,3.526,7.858,2.29E+02,16.2518451
1934,212,17.433,11.957,14.695,0.522,11.957,2.73E+02,11.08212398
1934,213,17.943,10.288,14.1155,1.014,10.288,2.03E+02,13.59126493
1934,214,22.508,7.281,14.8945,8.06,7.281,2.53E+02,18.23935502
1934,215,18.385,13.051,15.718,3.24,13.051,2.18E+02,10.85408515
1934,216,15.718,7.775,11.7465,3.216,7.775,2.40E+02,13.8068913
1934,217,12.344,5.557,8.9505,3.768,5.557,9.38E+01,12.60571481
1934,218,17.404,8.185,12.7945,0.393,8.185,1.92E+02,14.85480155
1934,219,21.488,10.283,15.8855,0,10.283,2.00E+02,16.17914224
1934,220,24.679,9.865,17.272,9.421,9.865,1.79E+02,17.81097453
1934,221,25.711,16.72,21.2155,7.771,16.72,1.74E+02,14.58604001
1934,222,19.904,12.71,16.307,0,12.71,1.72E+02,12.93371801
1934,223,14.965,5.801,10.383,0,5.801,1.38E+02,14.65874142
1934,224,18.985,2.924,10.9545,6.065,2.924,1.99E+02,17.99392579
1934,225,20.769,8.286,14.5275,11.972,8.286,2.06E+02,16.6032581
1934,226,13.439,5.36,9.3995,2.867,5.36,1.59E+02,13.66974589
1934,227,15.27,5.255,10.2625,1.39,5.255,2.35E+02,15.12347583
1934,228,18.754,4.4,11.577,1.565,4.4,2.18E+02,17.21202034
1934,229,21.352,9.462,15.407,7.385,9.462,2.45E+02,16.1175578
1934,230,22.313,13.641,17.977,8.375,13.641,2.30E+02,14.03430352
1934,231,22.351,14.877,18.614,17.035,14.877,2.58E+02,12.96747731
1934,232,14.687,7.772,11.2295,3.799,7.772,3.44E+02,12.39290579
1934,233,16.876,6.136,11.506,2.45,6.136,3.00E+02,15.30372547
1934,234,14.601,8.373,11.487,5.781,8.373,2.47E+02,11.60991711
1934,235,19.341,5.532,12.4365,3.608,5.532,2.38E+02,16.58311691
1934,236,13.855,7.384,10.6195,2.315,7.384,3.22E+02,11.82008422
1934,237,13.764,3.803,8.7835,1.308,3.803,1.69E+02,14.6428122
1934,238,12.403,5.367,8.885,3.384,5.367,2.52E+02,12.32934141
1934,239,11.246,3.779,7.5125,0.393,3.779,2.79E+02,12.69380195
1934,240,12.961,4.056,8.5085,0,4.056,2.61E+02,13.79917001
1934,241,15.121,0.708,7.9145,0.113,0.708,2.46E+02,16.35504064
1934,242,18.753,1.496,10.1245,0,1.496,1.63E+02,16.9568748
1934,243,21.374,5.913,13.6435,0,5.913,1.35E+02,16.48120191
1934,244,16.37,10.593,13.4815,0.815,10.593,1.87E+02,10.83466873
1934,245,17.739,10.225,13.982,6.989,10.225,3.23E+02,12.50138079
1934,246,17.643,9.973,13.808,4.89,9.973,1.37E+02,12.58881982
1934,247,20.331,10.756,15.5435,4.072,10.756,1.48E+02,13.874284
1934,248,15.568,10.921,13.2445,1.043,10.921,1.49E+02,9.352938849
1934,249,15.212,3.055,9.1335,1.762,3.055,2.53E+02,14.98352377
1934,250,17.084,2.767,9.9255,0,2.767,2.47E+02,15.5910783
1934,251,19.492,1.642,10.567,3.063,1.642,3.50E+02,16.19588604
1934,252,15.313,10.609,12.961,5.284,10.609,2.41E+02,9.332298701
1934,253,18.332,12.343,15.3375,1.29,12.343,1.40E+02,10.77358803
1934,254,19.944,9.991,14.9675,0,9.991,2.17E+02,13.64854314
1934,255,20.681,8.296,14.4885,0,8.296,2.65E+02,14.58821296
1934,256,18.71,10.035,14.3725,1.982,10.035,3.17E+02,12.79757844
1934,257,14.861,12.077,13.469,2.889,12.077,1.80E+02,6.366324074
1934,258,19.594,15.788,17.691,0,15.788,3.05E+02,7.975769268
1934,259,18.83,14.782,16.806,17.578,14.782,3.46E+02,8.29542489
1934,260,14.331,6.592,10.4615,0,6.592,2.74E+02,11.94740735
1934,261,15.318,5.135,10.2265,0,5.135,3.15E+02,13.25743408
1934,262,17.73,3.579,10.6545,0,3.579,2.49E+02,14.41762284
1934,263,20.403,3.697,12.05,0,3.697,2.15E+02,14.74084057
1934,264,17.896,5.648,11.772,14.169,5.648,1.35E+02,13.75037242
1934,265,18.161,4.938,11.5495,7.546,4.938,1.59E+02,13.90898467
1934,266,14.724,4.996,9.86,2.18,4.996,2.45E+02,12.67072935
1934,267,17.533,1.603,9.568,0,1.603,1.53E+02,14.18443265
1934,268,22.829,7.375,15.102,0.328,7.375,2.40E+02,14.00503447
1934,269,25.33,13.589,19.4595,1.806,13.589,3.46E+02,13.13624106
1934,270,19.36,8.417,13.8885,21.512,8.417,2.44E+02,12.80037737
1934,271,13.742,3.644,8.693,2.044,3.644,1.94E+02,12.41624763
1934,272,14.781,2.556,8.6685,2.146,2.556,1.58E+02,12.9715809
1934,273,3.69,0.146,1.918,1.853,0.146,2.29E+02,7.275360605
1934,274,11.255,-3.468,3.8935,1.401,-3.468,1.31E+02,13.22025393
1934,275,6.509,3.042,4.7755,8.163,3.042,8.64E+01,7.121954818
1934,276,4.788,0.305,2.5465,0,0.305,8.64E+01,8.348678393
1934,277,6.846,-2.014,2.416,0,-2.014,8.64E+01,11.42241257
1934,278,9.023,-3.037,2.993,0,-3.037,8.64E+01,12.32301512
1934,279,13.163,6.028,9.5955,8.153,6.028,8.64E+01,10.39632641
1934,280,4.315,2.037,3.176,6.971,2.037,8.64E+01,5.194300793
1934,281,5.606,-0.075,2.7655,0.548,-0.075,8.64E+01,9.268576869
1934,282,3.049,-0.507,1.271,0.622,-0.507,8.64E+01,7.06256629
1934,283,0.899,-2.444,-0.7725,3.181,-2.444,8.64E+01,6.758924462
1934,284,0.362,-1.569,-0.6035,3.574,-1.569,8.64E+01,4.529153745
1934,285,-2.361,-5.499,-3.93,0,-5.499,8.64E+01,6.433702666
1934,286,4.089,-5.611,-0.761,0,-5.611,8.64E+01,10.95032998
1934,287,4.239,-7.801,-1.781,0.371,-7.801,8.64E+01,11.37049867
1934,288,3.931,-0.181,1.875,3.709,-0.181,8.64E+01,7.521303628
1934,289,8.636,-2.772,2.932,0.479,-2.772,8.64E+01,11.05161239
1934,290,16.049,2.945,9.497,3.594,2.945,8.64E+01,11.18882356
1934,291,2.255,-1.003,0.626,0.622,-1.003,8.64E+01,6.44179029
1934,292,0.664,-4.665,-2.0005,0,-4.665,8.64E+01,8.429324044
1934,293,5.648,-4.016,0.816,0,-4.016,8.64E+01,10.29316868
1934,294,5.287,-1.155,2.066,4.183,-1.155,8.64E+01,9.018662618
1934,295,7.248,4.932,6.09,3.767,4.932,8.64E+01,5.035290619
1934,296,8.714,5.381,7.0475,0.146,5.381,8.64E+01,6.394895516
1934,297,8.732,4.488,6.61,0,4.488,8.64E+01,7.307196277
1934,298,13.406,3.25,8.328,1.585,3.25,8.64E+01,9.924783792
1934,299,8.658,0.964,4.811,10.346,0.964,8.64E+01,9.207309759
1934,300,-2.44,-2.822,-2.631,9.063,-2.822,8.64E+01,1.074775398
1934,301,-4.134,-4.821,-4.4775,10.378,-4.821,8.64E+01,1.8384594
1934,302,-2.513,-7.882,-5.1975,6.035,-7.882,8.64E+01,7.921601499
1934,303,-1.29,-5.572,-3.431,0,-5.572,8.64E+01,7.093365383
1934,304,0.175,-5.017,-2.421,1.883,-5.017,8.64E+01,7.704304081
1934,305,-2.794,-7.987,-5.3905,2.955,-7.987,8.64E+01,7.652314222
1934,306,-4.347,-9.021,-6.684,0.787,-9.021,2.87E+02,7.260723112
1934,307,-1.015,-11.079,-6.047,0.268,-11.079,1.19E+02,9.067442884
1934,308,5.058,-2.032,1.513,12.782,-2.032,1.37E+02,8.334316784
1934,309,3.12,0.529,1.8245,0.258,0.529,1.93E+02,5.160204537
1934,310,2.574,0.098,1.336,0.915,0.098,2.53E+02,4.990615449
1934,311,-0.49,-1.247,-0.8685,1.106,-1.247,2.35E+02,1.977869711
1934,312,-1.52,-4.986,-3.253,2.333,-4.986,1.39E+02,6.043872625
1934,313,-2.576,-5.912,-4.244,1.006,-5.912,2.48E+02,5.889259016
1934,314,-2.148,-11.593,-6.8705,0,-11.593,2.78E+02,8.382121519
1934,315,-3.846,-11.91,-7.878,1.686,-11.91,2.71E+02,8.081091915
1934,316,-5.422,-8.983,-7.2025,1.475,-8.983,2.93E+02,6.001011448
1934,317,-5.799,-13.434,-9.6165,1.856,-13.434,2.08E+02,7.851401688
1934,318,-6.606,-11.257,-8.9315,1.141,-11.257,1.07E+02,6.700496936
1934,319,-1.684,-8.085,-4.8845,1.909,-8.085,1.92E+02,7.404072794
1934,320,-1.117,-6.653,-3.885,0.664,-6.653,1.33E+02,7.04006735
1934,321,1.959,-5.016,-1.5285,0.66,-5.016,1.56E+02,7.444398738
1934,322,-7.625,-11.57,-9.5975,0.427,-11.57,1.55E+02,6.098551883
1934,323,-6.319,-11.943,-9.131,0.164,-11.943,1.43E+02,6.926451413
1934,324,-5.115,-18.633,-11.874,0,-18.633,3.22E+02,7.836474749
1934,325,0.555,-13.547,-6.496,5.449,-13.547,2.03E+02,7.773724402
1934,326,7.365,-0.121,3.622,11.463,-0.121,2.44E+02,7.26015589
1934,327,9.623,1.152,5.3875,3.257,1.152,1.93E+02,7.347486891
1934,328,-6.404,-7.982,-7.193,0.392,-7.982,2.52E+02,3.455770638
1934,329,-7.99,-10.725,-9.3575,0,-10.725,2.63E+02,4.906373585
1934,330,-5.685,-15.375,-10.53,0,-15.375,3.01E+02,7.287469653
1934,331,-0.713,-8.229,-4.471,3.085,-8.229,3.58E+02,7.004072631
1934,332,1.935,-1.002,0.4665,6.309,-1.002,2.16E+02,5.041379189
1934,333,6.823,1.006,3.9145,1.54,1.006,4.31E+02,6.555558967
1934,334,-1.281,-2.404,-1.8425,4.875,-2.404,3.32E+02,2.645447212
1934,335,1.348,-0.14,0.604,19.82,-0.14,3.83E+02,3.262124488
1934,336,-1.708,-6.562,-4.135,1.926,-6.562,1.65E+02,6.129655046
1934,337,-10.178,-13.438,-11.808,1.969,-13.438,2.58E+02,5.215829316
1934,338,-2.724,-13.338,-8.031,4.432,-13.338,1.02E+02,6.947302216
1934,339,-11.183,-12.523,-11.853,0.872,-12.523,3.09E+02,3.002072102
1934,340,-16.179,-17.885,-17.032,0,-17.885,3.33E+02,3.555884927
1934,341,-18.979,-20.161,-19.57,0,-20.161,1.87E+02,2.725494718
1934,342,-18.675,-22.586,-20.6305,0,-22.586,1.63E+02,5.553533338
1934,343,-21.539,-23.442,-22.4905,0,-23.442,2.89E+02,3.802937918
1934,344,-21.346,-23.775,-22.5605,0,-23.775,1.78E+02,4.399717795
1934,345,-15.35,-23.039,-19.1945,0,-23.039,1.89E+02,6.538124161
1934,346,-10.613,-23.733,-17.173,4.522,-23.733,2.57E+02,6.754708863
1934,347,-10.367,-12.423,-11.395,1.333,-12.423,1.30E+02,3.97141584
1934,348,-13.548,-17.727,-15.6375,0,-17.727,1.22E+02,5.616401191
1934,349,-15.679,-22.479,-19.079,0,-22.479,2.67E+02,6.358736118
1934,350,-5.701,-19.606,-12.6535,1.6,-19.606,2.06E+02,6.698258978
1934,351,-16.318,-20.151,-18.2345,0.214,-20.151,2.74E+02,5.420642812
1934,352,-11.405,-22.461,-16.933,2.059,-22.461,3.01E+02,6.640069348
1934,353,-9.779,-16.442,-13.1105,8.34,-16.442,3.14E+02,6.31143999
1934,354,-11.544,-16.102,-13.823,1.644,-16.102,3.41E+02,5.754906432
1934,355,-19.345,-24.681,-22.013,0,-24.681,2.25E+02,6.020679641
1934,356,-24.054,-38.572,-31.313,0.49,-38.572,8.86E+01,6.686827004
1934,357,-18.681,-36.824,-27.7525,0.308,-36.824,9.04E+01,6.704806423
1934,358,-14.109,-21.461,-17.785,2.832,-21.461,1.86E+02,6.426156953
1934,359,-19.163,-32.14,-25.6515,0,-32.14,2.82E+02,6.702309946
1934,360,-10.502,-23.467,-16.9845,2.128,-23.467,9.70E+01,6.716939658
1934,361,-28.216,-31.185,-29.7005,2.445,-31.185,1.06E+02,4.868179281
1934,362,-24.116,-38.256,-31.186,0,-38.256,1.17E+02,6.765753161
1934,363,-19.588,-34.93,-27.259,0.818,-34.93,2.14E+02,6.795902507
1934,364,-17.841,-23.711,-20.776,0,-23.711,2.83E+02,6.254860078
1934,365,-18.967,-32.367,-25.667,0,-32.367,1.63E+02,6.8355299
1934,366,-18.967,-32.367,-25.667,0,-32.367,1.63E+02,6.8355299
