DJ0207XDMNXPHWR
CCXMDDM
24,1,12.0
7,0.075,0.125,0.00,0,0,0,0,0,0,0,0
1935,1,-12.351,-19.311,-15.831,6.255,-19.311,1.60E+02,6.512770709,,,
1935,2,-23.749,-27.659,-25.704,0.892,-27.659,1.91E+02,5.570747422,,,
1935,3,-22.462,-35.859,-29.1605,3.349,-35.859,2.38E+02,6.935217842,,,
1935,4,-30.493,-37.076,-33.7845,0,-37.076,3.58E+02,6.532270866,,,
1935,5,-15.213,-36.83,-26.0215,4.542,-36.83,1.22E+02,7.044781357,,,
1935,6,-3.713,-16.933,-10.323,2.014,-16.933,1.81E+02,7.055584711,,,
1935,7,-1.177,-18.662,-9.9195,3.472,-18.662,1.85E+02,7.131231881,,,
1935,8,-8.749,-15.688,-12.2185,0,-15.688,2.16E+02,6.737343061,,,
1935,9,-15.759,-27.544,-21.6515,2.071,-27.544,1.73E+02,7.170628659,,,
1935,10,-1.869,-23.971,-12.92,11.259,-23.971,1.45E+02,7.294295547,,,
1935,11,-20.25,-20.736,-20.493,3.015,-20.736,1.08E+02,1.307301879,,,
1935,12,-25.871,-30.73,-28.3005,0,-30.73,1.08E+02,6.291660239,,,
1935,13,-25.843,-39.469,-32.656,0,-39.469,2.86E+02,7.434378089
1935,14,-22.136,-33.838,-27.987,0,-33.838,1.40E+02,7.450927967
1935,15,-23.397,-36.43,-29.9135,0,-36.43,2.46E+02,7.550978274
1935,16,-20.296,-32.905,-26.6005,3.509,-32.905,4.62E+02,7.607557907
1935,17,-19.129,-34.953,-27.041,2.406,-34.953,2.31E+02,7.728006614
1935,18,-20.247,-25.672,-22.9595,0,-25.672,1.42E+02,6.761270358
1935,19,-16.213,-30.327,-23.27,0.593,-30.327,2.97E+02,7.854400503
1935,20,-11.48,-21.615,-16.5475,6.092,-21.615,4.20E+02,7.770507662
1935,21,-3.296,-19.235,-11.2655,6.41,-19.235,1.59E+02,8.035562056
1935,22,-23.516,-29.524,-26.52,0.355,-29.524,2.39E+02,7.169686151
1935,23,-29.234,-43.419,-36.3265,0,-43.419,2.50E+02,8.174109092
1935,24,-26.488,-43.77,-35.129,0,-43.77,2.60E+02,8.301075174
1935,25,-25.868,-43.227,-34.5475,0.593,-43.227,2.40E+02,8.390693596
1935,26,-25.846,-27.862,-26.854,0,-27.862,1.11E+02,4.240236824
1935,27,-28.536,-41.878,-35.207,0,-41.878,1.23E+02,8.498682462
1935,28,-18.54,-33.634,-26.087,0.697,-33.634,1.51E+02,8.637092456
1935,29,-25.205,-30.793,-27.999,0,-30.793,2.18E+02,7.382771971
1935,30,-25.845,-42.459,-34.152,0,-42.459,2.66E+02,8.855743473
1935,31,-21.851,-42.267,-32.059,0,-42.267,1.86E+02,8.988679252
1935,32,-8.039,-30.055,-19.047,2.787,-30.055,2.91E+02,9.098609801
1935,33,-1.835,-7.805,-4.82,4.585,-7.805,1.10E+02,7.783394534
1935,34,-1.834,-12.624,-7.229,4.677,-12.624,1.90E+02,8.980968621
1935,35,-18.969,-25.022,-21.9955,0,-25.022,2.77E+02,7.941589372
1935,36,-22.914,-40.313,-31.6135,0,-40.313,2.79E+02,9.492821437
1935,37,-16.034,-31.082,-23.558,0,-31.082,1.21E+02,9.545679222
1935,38,-9.524,-28.671,-19.0975,0,-28.671,2.79E+02,9.73888577
1935,39,-6.743,-18.015,-12.379,0.069,-18.015,2.25E+02,9.510355293
1935,40,-3.896,-14.626,-9.261,2.761,-14.626,1.99E+02,9.542861702
1935,41,-6.15,-16.996,-11.573,3.032,-16.996,1.87E+02,9.655767645
1935,42,-16.872,-31.164,-24.018,0,-31.164,2.31E+02,10.06093173
1935,43,-12.522,-32.017,-22.2695,4.564,-32.017,2.29E+02,10.32857782
1935,44,-9.511,-33.563,-21.537,0,-33.563,2.79E+02,10.48787799
1935,45,-6.419,-22.07,-14.2445,1.395,-22.07,2.61E+02,10.46814405
1935,46,-4.022,-8.258,-6.14,1.199,-8.258,2.35E+02,7.30459548
1935,47,-14.049,-24.864,-19.4565,0,-24.864,1.76E+02,10.24722519
1935,48,-10.033,-30.672,-20.3525,0.759,-30.672,2.32E+02,10.96184518
1935,49,-11.479,-20.704,-16.0915,0,-20.704,2.00E+02,10.10130592
1935,50,-13.633,-30.284,-21.9585,0.529,-30.284,1.55E+02,11.10914131
1935,51,-13.825,-22.789,-18.307,0.529,-22.789,1.31E+02,10.20569822
1935,52,-12.25,-26.286,-19.268,0,-26.286,3.10E+02,11.18361393
1935,53,-18.994,-38.812,-28.903,0,-38.812,2.00E+02,11.58695744
1935,54,-6.958,-29.718,-18.338,0,-29.718,2.25E+02,11.76766493
1935,55,-4.583,-12.363,-8.473,1.563,-12.363,1.69E+02,10.10232692
1935,56,-16.983,-32.958,-24.9705,0.23,-32.958,2.27E+02,11.80931357
1935,57,-16.732,-25.856,-21.294,0,-25.856,1.38E+02,10.78222969
1935,58,-14.348,-37.229,-25.7885,0,-37.229,1.29E+02,12.30442983
1935,59,-16.4,-26.448,-21.424,0,-26.448,1.22E+02,11.24837034
1935,60,-7.767,-26.034,-16.9005,1.556,-26.034,1.29E+02,12.43969242
1935,61,-8.122,-28.496,-18.309,2.779,-28.496,1.27E+02,12.65060924
1935,62,-9.78,-16.046,-12.913,2.539,-16.046,2.33E+02,9.716651027
1935,63,-9.72,-27.112,-18.416,1.505,-27.112,3.16E+02,12.77383663
1935,64,-9.904,-15.427,-12.6655,8.589,-15.427,2.30E+02,9.243917209
1935,65,-9.248,-18.422,-13.835,0.765,-18.422,1.48E+02,11.48316851
1935,66,-13.534,-31.178,-22.356,0,-31.178,2.94E+02,13.1690003
1935,67,-10.306,-32.644,-21.475,0,-32.644,1.63E+02,13.50993909
1935,68,-4.661,-30.816,-17.7385,0,-30.816,1.28E+02,13.72042271
1935,69,-3.732,-17.828,-10.78,4.886,-17.828,1.18E+02,13.14530426
1935,70,1.061,-8.433,-3.686,4.048,-8.433,2.83E+02,12.02515319
1935,71,-2.666,-10.03,-6.348,1.173,-10.03,2.68E+02,10.9948952
1935,72,-11.89,-28.458,-20.174,0,-28.458,1.85E+02,13.81383054
1935,73,-13.529,-36.256,-24.8925,0,-36.256,3.58E+02,14.32616241
1935,74,-5.455,-31.308,-18.3815,1.28,-31.308,2.20E+02,14.54046506
1935,75,1.882,-6.61,-2.364,3.482,-6.61,3.22E+02,11.92640129
1935,76,-7.636,-16.306,-11.971,9.135,-16.306,1.79E+02,12.09239095
1935,77,-6.642,-31.642,-19.142,0,-31.642,1.62E+02,14.92633762
1935,78,-0.82,-16.043,-8.4315,2.559,-16.043,1.58E+02,14.32184543
1935,79,-1.272,-8.809,-5.0405,2.554,-8.809,1.42E+02,11.5906477
1935,80,-3.34,-23.771,-13.5555,3.303,-23.771,3.03E+02,15.11730396
1935,81,-3.419,-11.55,-7.4845,1.049,-11.55,3.27E+02,12.10401835
1935,82,-5.029,-15.474,-10.2515,2.729,-15.474,3.25E+02,13.3862793
1935,83,-3.541,-19.645,-11.593,0.972,-19.645,1.76E+02,15.00591741
1935,84,-6.463,-21.706,-14.0845,0,-21.706,2.63E+02,14.96214358
1935,85,-6.571,-27.471,-17.021,0,-27.471,2.28E+02,15.75852246
1935,86,1.318,-18.713,-8.6975,0,-18.713,2.34E+02,15.80787694
1935,87,2.681,-14.922,-6.1205,3.813,-14.922,2.77E+02,15.65637913
1935,88,1.843,-4.846,-1.5015,1.532,-4.846,2.19E+02,11.37124638
1935,89,0.53,-15.56,-7.515,0,-15.56,3.49E+02,15.62695991
1935,90,1.564,-7.365,-2.9005,0,-7.365,1.75E+02,13.14585423
1935,91,2.212,-13.482,-5.635,0,-13.482,2.78E+02,15.74704187
1935,92,1.5,-11.25,-4.875,0,-11.25,2.57E+02,15.0573996
1935,93,-4.169,-15.1,-9.6345,0,-15.1,1.55E+02,14.41225234
1935,94,-8.34,-26.325,-17.3325,0,-26.325,1.23E+02,16.44116095
1935,95,-5.716,-26.595,-16.1555,0,-26.595,4.34E+02,16.89163687
1935,96,-6.116,-18.863,-12.4895,0.454,-18.863,5.46E+02,15.36996162
1935,97,0.122,-10.873,-5.3755,0,-10.873,4.32E+02,14.71063989
1935,98,6.479,-13.485,-3.503,0,-13.485,2.54E+02,17.10546117
1935,99,7.933,-8.3,-0.1835,0,-8.3,2.16E+02,16.59469306
1935,100,11.268,-8.941,1.1635,0,-8.941,2.38E+02,17.33295149
1935,101,8.354,-7.558,0.398,0,-7.558,2.38E+02,16.69316967
1935,102,4.757,-3.086,0.8355,1.481,-3.086,2.58E+02,12.95060936
1935,103,6.765,-5.496,0.6345,0,-5.496,1.28E+02,15.67231746
1935,104,7.672,-5.334,1.169,0,-5.334,2.05E+02,16.03843553
1935,105,8.329,-4.574,1.8775,0,-4.574,2.06E+02,16.06474321
1935,106,6.985,-1.569,2.708,0.253,-1.569,2.12E+02,13.68207602
1935,107,4.08,-3.532,0.274,2.218,-3.532,2.30E+02,12.93922095
1935,108,6.916,-0.477,3.2195,0.78,-0.477,2.75E+02,12.77366633
1935,109,6.58,0.723,3.6515,2.183,0.723,1.69E+02,11.19201187
1935,110,4.984,0.188,2.586,0.663,0.188,3.67E+02,9.854910117
1935,111,9.143,-1.088,4.0275,0.353,-1.088,3.70E+02,15.06063538
1935,112,9.338,-0.582,4.378,0,-0.582,3.41E+02,14.90633806
1935,113,9.203,-3.185,3.009,0,-3.185,3.31E+02,16.31927606
1935,114,8.836,-6.504,1.166,0,-6.504,1.66E+02,17.49178209
1935,115,9.374,-2.339,3.5175,0,-2.339,4.05E+02,16.09066593
1935,116,12.375,-5.392,3.4915,0.583,-5.392,2.09E+02,18.25377491
1935,117,10.265,3.56,6.9125,10.446,3.56,2.71E+02,12.3341982
1935,118,6.61,0.513,3.5615,2.311,0.513,2.48E+02,11.66901642
1935,119,7.142,-2.063,2.5395,1.043,-2.063,2.42E+02,14.66687757
1935,120,3.568,-1.62,0.974,15.41,-1.62,3.43E+02,10.551382
1935,121,-1.056,-3.975,-2.5155,12.816,-3.975,1.69E+02,6.916654464
1935,122,-1.853,-9.276,-5.5645,0,-9.276,1.29E+02,13.19502046
1935,123,3.956,-4.737,-0.3905,0,-4.737,1.90E+02,14.38070839
1935,124,8.14,-5.454,1.343,0,-5.454,2.57E+02,17.39691816
1935,125,10.946,-5.443,2.7515,0.449,-5.443,1.56E+02,18.4377861
1935,126,9.533,-0.135,4.699,0.119,-0.135,1.92E+02,15.23539055
1935,127,13.846,-4.191,4.8275,0,-4.191,2.36E+02,18.97749396
1935,128,15.191,-0.093,7.549,0,-0.093,3.99E+02,18.22919492
1935,129,14.992,-0.662,7.165,6.565,-0.662,2.57E+02,18.40013207
1935,130,12.411,4.241,8.326,4.091,4.241,3.00E+02,14.09185139
1935,131,7.849,0.324,4.0865,0.288,0.324,2.36E+02,13.48604915
1935,132,9.05,1.628,5.339,0.417,1.628,3.05E+02,13.39862584
1935,133,10.249,1.033,5.641,1.139,1.033,1.49E+02,15.06598306
1935,134,6.795,1.066,3.9305,0.16,1.066,2.64E+02,11.45582946
1935,135,9.548,-3.237,3.1555,0.476,-3.237,1.77E+02,17.43351254
1935,136,6.617,0.109,3.363,1.398,0.109,2.73E+02,12.44843263
1935,137,4.93,-2.245,1.3425,1.936,-2.245,1.72E+02,13.21670332
1935,138,3.986,-1.829,1.0785,1.793,-1.829,2.17E+02,11.61106521
1935,139,7.232,0.886,4.059,1.792,0.886,2.62E+02,12.29013282
1935,140,5.866,0.433,3.1495,0.493,0.433,2.27E+02,11.11799126
1935,141,3.872,-3.425,0.2235,2.543,-3.425,2.50E+02,13.40208467
1935,142,7.999,-1.614,3.1925,1.473,-1.614,3.22E+02,15.56546675
1935,143,10.486,0.225,5.3555,0,0.225,1.83E+02,16.07726998
1935,144,15.386,1.971,8.6785,0,1.971,2.26E+02,17.99117739
1935,145,19.131,0.796,9.9635,0,0.796,2.15E+02,19.7881113
1935,146,23.475,5.877,14.676,0,5.877,2.26E+02,19.61683419
1935,147,21.003,4.239,12.621,0.079,4.239,2.94E+02,19.39187265
1935,148,19.331,4.657,11.994,3.275,4.657,1.86E+02,18.64969874
1935,149,17.727,5.545,11.636,0.186,5.545,2.89E+02,17.43655064
1935,150,16.07,3.843,9.9565,0,3.843,3.26E+02,17.47919498
1935,151,15.702,2.356,9.029,0,2.356,2.43E+02,18.09809982
1935,152,20.7,0.159,10.4295,0,0.159,1.50E+02,20.47602741
1935,153,23.955,0.997,12.476,0,0.997,2.54E+02,20.91651905
1935,154,21.832,12.895,17.3635,14.337,12.895,2.07E+02,15.15245922
1935,155,18.567,12.742,15.6545,7.882,12.742,2.19E+02,11.74811536
1935,156,23.888,11.265,17.5765,0,11.265,2.31E+02,17.78798809
1935,157,19.259,11.531,15.395,6.584,11.531,1.80E+02,14.0086561
1935,158,15.272,9.654,12.463,18.76,9.654,3.07E+02,11.48023076
1935,159,15.318,6.433,10.8755,0,6.433,2.65E+02,15.14388247
1935,160,20.617,6.195,13.406,0,6.195,2.47E+02,18.72825409
1935,161,21.356,4.915,13.1355,1.185,4.915,3.62E+02,19.53113796
1935,162,19.137,11.344,15.2405,4.109,11.344,3.33E+02,14.10133799
1935,163,18.478,8.348,13.413,0.666,8.348,3.08E+02,16.20518444
1935,164,16.826,5.917,11.3715,5.318,5.917,1.41E+02,16.7819365
1935,165,18.219,3.869,11.044,6.389,3.869,2.77E+02,18.73451563
1935,166,18.741,8.204,13.4725,1.667,8.204,2.48E+02,16.52365513
1935,167,15.327,4.497,9.912,2.096,4.497,2.60E+02,16.73765212
1935,168,15.87,4.846,10.358,0,4.846,1.78E+02,16.87558743
1935,169,19.488,5.401,12.4445,0,5.401,1.39E+02,18.62845501
1935,170,18.81,7.61,13.21,3.308,7.61,1.31E+02,16.99872052
1935,171,15.518,9.132,12.325,3.205,9.132,3.59E+02,12.51190536
1935,172,15.136,10.775,12.9555,3.079,10.775,2.63E+02,9.620652782
1935,173,17.63,9.956,13.793,5.971,9.956,1.85E+02,13.99397962
1935,174,19.51,10.324,14.917,5.3,10.324,9.72E+01,15.44783881
1935,175,18.874,7.717,13.2955,0.157,7.717,1.68E+02,16.96565219
1935,176,23.471,7.343,15.407,0,7.343,1.93E+02,19.46189012
1935,177,23.628,10.304,16.966,2.544,10.304,3.23E+02,18.24274422
1935,178,21.061,13.958,17.5095,15.072,13.958,3.00E+02,13.35915819
1935,179,20.963,11.146,16.0545,3.962,11.146,2.77E+02,15.96176492
1935,180,21.56,10.48,16.02,10.093,10.48,2.19E+02,16.89274012
1935,181,15.666,5.589,10.6275,0,5.589,1.38E+02,16.15678803
1935,182,20.087,5.18,12.6335,0,5.18,1.34E+02,18.94357524
1935,183,24.257,3.888,14.0725,0,3.888,2.11E+02,20.58052404
1935,184,27.81,7.905,17.8575,0,7.905,1.80E+02,20.46648936
1935,185,29.471,13.025,21.248,5.255,13.025,1.42E+02,19.49247997
1935,186,21.946,13.12,17.533,0,13.12,2.31E+02,15.07427884
1935,187,20.144,10.716,15.43,0.412,10.716,3.10E+02,15.59040949
1935,188,22.473,6.874,14.6735,0.942,6.874,1.94E+02,19.14275791
1935,189,20.464,11.483,15.9735,0,11.483,1.22E+02,15.18801658
1935,190,25.357,12.17,18.7635,0,12.17,1.43E+02,18.04357688
1935,191,24.531,12.651,18.591,1.226,12.651,1.78E+02,17.29885048
1935,192,26.79,12.94,19.865,6.29,12.94,1.39E+02,18.33598105
1935,193,25.462,16.522,20.992,1.667,16.522,1.29E+02,15.1105978
1935,194,18.126,10.729,14.4275,1.341,10.729,1.89E+02,13.59319728
1935,195,18.729,11.469,15.099,1.134,11.469,8.64E+01,13.43501443
1935,196,18.077,9.399,13.738,8.575,9.399,1.05E+02,14.84000678
1935,197,21.836,9.754,15.795,0,9.754,1.25E+02,17.31691314
1935,198,23.774,11.28,17.527,17.874,11.28,1.07E+02,17.52932102
1935,199,23.62,14.162,18.891,14.841,14.162,2.57E+02,15.46825565
1935,200,22.375,9.703,16.039,0,9.703,1.13E+02,17.58117467
1935,201,23.742,6.97,15.356,1.352,6.97,1.85E+02,19.24230229
1935,202,25.836,9.483,17.6595,24.828,9.483,2.08E+02,19.07712859
1935,203,21.187,12.147,16.667,0,12.147,1.91E+02,15.05310167
1935,204,19.544,3.756,11.65,6.091,3.756,2.56E+02,18.82140335
1935,205,20.122,10.094,15.108,0,10.094,3.28E+02,15.79956664
1935,206,19.185,8.532,13.8585,0,8.532,1.85E+02,16.22086056
1935,207,23.069,7.739,15.404,0,7.739,2.57E+02,18.55480174
1935,208,24.021,13.624,18.8225,0,13.624,1.31E+02,15.99584655
1935,209,23.36,9.204,16.282,10.504,9.204,1.49E+02,18.02399233
1935,210,20.074,9.9,14.987,1.238,9.9,1.64E+02,15.78797176
1935,211,19.349,6.235,12.792,6.782,6.235,2.29E+02,17.48607377
1935,212,23.717,11.749,17.733,5.376,11.749,2.73E+02,16.86146548
1935,213,18.652,10.482,14.567,3.914,10.482,2.03E+02,14.08490924
1935,214,15.029,5.087,10.058,2.761,5.087,2.53E+02,15.51344492
1935,215,15.977,8.536,12.2565,0,8.536,2.18E+02,13.33675335
1935,216,19.234,8.585,13.9095,0,8.585,2.40E+02,15.93807611
1935,217,22.559,10.262,16.4105,0,10.262,9.38E+01,16.85869761
1935,218,23.295,8.623,15.959,0,8.623,1.92E+02,17.85678507
1935,219,24.5,8.8,16.65,0,8.8,2.00E+02,18.16015007
1935,220,23.9,11.079,17.4895,0,11.079,1.79E+02,16.99286388
1935,221,24.198,13.32,18.759,7.173,13.32,1.74E+02,15.90744039
1935,222,24.795,14.584,19.6895,3.423,14.584,1.72E+02,15.44406159
1935,223,24.5,12.239,18.3695,3.22,12.239,1.38E+02,16.58876483
1935,224,23.04,10.454,16.747,8.263,10.454,1.99E+02,16.6997697
1935,225,21.826,14.49,18.158,1.67,14.49,2.06E+02,13.00304532
1935,226,23.149,11.247,17.198,0,11.247,1.59E+02,16.26958159
1935,227,27.557,10.262,18.9095,0,10.262,2.35E+02,18.12731852
1935,228,30.139,14.829,22.484,0,14.829,2.18E+02,17.52767492
1935,229,31.389,15.285,23.337,0,15.285,2.45E+02,17.69356616
1935,230,31.829,16.724,24.2765,0,16.724,2.30E+02,17.33816109
1935,231,29.999,17.757,23.878,0,17.757,2.58E+02,16.18302155
1935,232,27.636,16.646,22.141,3.073,16.646,3.44E+02,15.4938477
1935,233,22.076,9.715,15.8955,7.49,9.715,3.00E+02,16.12639201
1935,234,17.168,3.479,10.3235,1.325,3.479,2.47E+02,16.60475285
1935,235,13.929,5.523,9.726,0,5.523,2.38E+02,13.63599321
1935,236,17.706,4.427,11.0665,0.127,4.427,3.22E+02,16.3234723
1935,237,20.863,3.539,12.201,0.81,3.539,1.69E+02,17.39398661
1935,238,19.597,10.763,15.18,1.19,10.763,2.52E+02,13.83820874
1935,239,18.604,7.04,12.822,15.16,7.04,2.79E+02,15.40609697
1935,240,16.367,8.632,12.4995,8.868,8.632,2.61E+02,12.88964438
1935,241,11.204,4.575,7.8895,0.372,4.575,2.46E+02,11.83183698
1935,242,13.843,5.229,9.536,0.427,5.229,1.63E+02,13.49752255
1935,243,14.011,4.923,9.467,1.311,4.923,1.35E+02,13.78092519
1935,244,15.248,2.037,8.6425,2.598,2.037,1.87E+02,15.74159605
1935,245,13.932,6.199,10.0655,0,6.199,3.23E+02,12.683483
1935,246,16.37,2.706,9.538,0,2.706,1.37E+02,15.73687372
1935,247,16.876,1.496,9.186,20.349,1.496,1.48E+02,16.11888425
1935,248,16.103,7.796,11.9495,7.377,7.796,1.49E+02,12.98678954
1935,249,13.832,7.873,10.8525,0.635,7.873,2.53E+02,10.87986694
1935,250,14.323,6.101,10.212,2.446,6.101,2.47E+02,12.82498834
1935,251,14.574,4.876,9.725,1.636,4.876,3.50E+02,13.70612662
1935,252,14.403,3.22,8.8115,2.631,3.22,2.41E+02,14.36674974
1935,253,12.174,5.157,8.6655,6.589,5.157,1.40E+02,11.73558955
1935,254,13.162,4.658,8.91,2.219,4.658,2.17E+02,12.8044674
1935,255,9.447,1.541,5.494,2.959,1.541,2.65E+02,12.33803248
1935,256,10.055,0.863,5.459,0,0.863,3.17E+02,13.10583304
1935,257,12.46,-2.079,5.1905,0,-2.079,1.80E+02,14.99790315
1935,258,13.318,1.811,7.5645,0.526,1.811,3.05E+02,14.03146653
1935,259,12.918,2.365,7.6415,0,2.365,3.46E+02,13.57185669
1935,260,15.875,-0.015,7.93,0.421,-0.015,2.74E+02,14.95056724
1935,261,14.29,9.281,11.7855,8.451,9.281,3.15E+02,9.444897105
1935,262,15.28,10.29,12.785,0.843,10.29,2.49E+02,9.390899548
1935,263,14.129,7.425,10.777,0,7.425,2.15E+02,11.0064329
1935,264,12.581,2.997,7.789,5.128,2.997,1.35E+02,12.75684123
1935,265,7.294,1.088,4.191,3.478,1.088,1.59E+02,10.48964083
1935,266,7.944,0.32,4.132,1.6,0.32,2.45E+02,11.52133305
1935,267,7.957,-0.136,3.9105,3.061,-0.136,1.53E+02,11.75402394
1935,268,14.656,3.673,9.1645,1.724,3.673,2.40E+02,12.99239447
1935,269,13.06,5.475,9.2675,7.947,5.475,3.46E+02,11.3128609
1935,270,5.487,-1.512,1.9875,0,-1.512,2.44E+02,10.85859993
1935,271,4.852,-4.991,-0.0695,0,-4.991,1.94E+02,12.31757338
1935,272,7.722,-0.912,3.405,2.313,-0.912,1.58E+02,11.70193205
1935,273,6.922,1.702,4.312,3.454,1.702,2.29E+02,9.227674707
1935,274,6.487,2.646,4.5665,8.918,2.646,1.31E+02,7.645263945
1935,275,6.709,0.74,3.7245,0.873,0.74,8.64E+01,9.805837154
1935,276,5.483,-1.021,2.231,6.376,-1.021,8.64E+01,10.1628774
1935,277,6.07,0.113,3.0915,5.613,0.113,8.64E+01,9.694193535
1935,278,4.517,0.282,2.3995,0.22,0.282,8.64E+01,8.00247247
1935,279,4.817,-1.576,1.6205,1.195,-1.576,8.64E+01,9.912612539
1935,280,5.989,-0.708,2.6405,0,-0.708,8.64E+01,10.05933475
1935,281,9.698,-0.238,4.73,0,-0.238,8.64E+01,11.47855754
1935,282,12.902,2.996,7.949,0,2.996,8.64E+01,11.3781108
1935,283,10.323,1.461,5.892,11.02,1.461,8.64E+01,10.93312855
1935,284,4.874,-0.237,2.3185,0,-0.237,8.64E+01,8.645628734
1935,285,3.743,-3.003,0.37,0,-3.003,8.64E+01,9.775090601
1935,286,6.117,-0.767,2.675,18.692,-0.767,8.64E+01,9.789160021
1935,287,7.072,2.191,4.6315,5.509,2.191,8.64E+01,8.306720563
1935,288,4.098,-1.343,1.3775,4.317,-1.343,8.64E+01,8.72097524
1935,289,7.459,-6.222,0.6185,0,-6.222,8.64E+01,11.3651735
1935,290,11.338,0.281,5.8095,0.689,0.281,8.64E+01,10.88441424
1935,291,11.793,4.709,8.251,0.529,4.709,8.64E+01,9.550752076
1935,292,10.826,0.107,5.4665,5.314,0.107,8.64E+01,10.61837887
1935,293,6.792,-0.165,3.3135,0.816,-0.165,8.64E+01,9.348585729
1935,294,8.106,0.062,4.084,13.832,0.062,8.64E+01,9.726160007
1935,295,8.287,2.482,5.3845,3.796,2.482,8.64E+01,8.587797917
1935,296,1.031,-1.666,-0.3175,1.494,-1.666,8.64E+01,5.578704518
1935,297,-2.003,-4.28,-3.1415,0.299,-4.28,8.64E+01,4.942016456
1935,298,2.141,-5.499,-1.679,5.781,-5.499,8.64E+01,9.26574277
1935,299,2.566,-1.924,0.321,0,-1.924,8.64E+01,7.437097915
1935,300,0.678,-5.107,-2.2145,7.162,-5.107,8.64E+01,8.282202873
1935,301,8.376,0.349,4.3625,0.345,0.349,8.64E+01,9.156610971
1935,302,9.444,0.695,5.0695,0,0.695,8.64E+01,9.267146022
1935,303,11.221,3.612,7.4165,0,3.612,8.64E+01,8.870299271
1935,304,12.769,4.251,8.51,0,4.251,8.64E+01,9.043173115
1935,305,11.839,3.235,7.537,4.389,3.235,8.64E+01,8.979971377
1935,306,8.032,-3.325,2.3535,0,-3.325,2.87E+02,9.312888485
1935,307,1.887,-7.278,-2.6955,0.536,-7.278,1.19E+02,8.924720014
1935,308,7.114,-4.129,1.4925,15.666,-4.129,1.37E+02,9.109835351
1935,309,5.152,-1.124,2.014,7.384,-1.124,1.93E+02,7.968843166
1935,310,0.421,-5.387,-2.483,0.442,-5.387,2.53E+02,7.704325096
1935,311,0.809,-6.048,-2.6195,3.42,-6.048,2.35E+02,8.051360836
1935,312,-1.336,-9.409,-5.3725,0,-9.409,1.39E+02,8.305350617
1935,313,-7.985,-13.311,-10.648,0,-13.311,2.48E+02,7.304937411
1935,314,3.296,-11.155,-3.9295,7.217,-11.155,2.78E+02,8.707664472
1935,315,3.674,-5.822,-1.074,0,-5.822,2.71E+02,8.308080893
1935,316,-6.445,-10.436,-8.4405,0,-10.436,2.93E+02,6.34619076
1935,317,-1.689,-11.633,-6.661,0,-11.633,2.08E+02,8.198627705
1935,318,-1.447,-8.4,-4.9235,0,-8.4,1.07E+02,7.622839644
1935,319,-3.145,-8.981,-6.063,0,-8.981,1.92E+02,7.210072201
1935,320,-8.616,-17.073,-12.8445,0,-17.073,1.33E+02,7.793571932
1935,321,-4.512,-16.421,-10.4665,0,-16.421,1.56E+02,8.015781637
1935,322,-1.468,-12.169,-6.8185,0,-12.169,1.55E+02,7.875783097
1935,323,-1.95,-8.968,-5.459,0,-8.968,1.43E+02,7.336917555
1935,324,0.031,-4.333,-2.151,3.04,-4.333,3.22E+02,6.293301948
1935,325,1.272,-5.656,-2.192,5.122,-5.656,2.03E+02,7.204260532
1935,326,-0.98,-10.159,-5.5695,0,-10.159,2.44E+02,7.483899281
1935,327,-9.499,-18.256,-13.8775,0,-18.256,1.93E+02,7.3800606
1935,328,-6.328,-18.53,-12.429,0,-18.53,2.52E+02,7.524848659
1935,329,-3.246,-12.047,-7.6465,3.824,-12.047,2.63E+02,7.2691671
1935,330,-3.996,-13.014,-8.505,0,-13.014,3.01E+02,7.234364913
1935,331,-3.921,-16.975,-10.448,3.546,-16.975,3.58E+02,7.359551863
1935,332,1.607,-4.622,-1.5075,9.189,-4.622,2.16E+02,6.704865819
1935,333,0.168,-8.957,-4.3945,2.214,-8.957,4.31E+02,7.087735758
1935,334,-12.484,-19.094,-15.789,0.076,-19.094,3.32E+02,6.710627763
1935,335,-12.385,-17.368,-14.8765,1.949,-17.368,3.83E+02,6.209655627
1935,336,-12.576,-21.439,-17.0075,0,-21.439,1.65E+02,6.930144329
1935,337,-13.608,-19.624,-16.616,1.76,-19.624,2.58E+02,6.469101583
1935,338,-19.765,-25.579,-22.672,0.748,-25.579,1.02E+02,6.386533145
1935,339,-17.859,-24.226,-21.0425,0,-24.226,3.09E+02,6.486919838
1935,340,-14.898,-24.076,-19.487,0,-24.076,3.33E+02,6.801006235
1935,341,-8.101,-14.83,-11.4655,2.569,-14.83,1.87E+02,6.499046295
1935,342,-5.772,-9.086,-7.429,3.709,-9.086,1.63E+02,5.17795782
1935,343,-2.05,-6.959,-4.5045,3.071,-6.959,2.89E+02,5.986794823
1935,344,-1.42,-2.857,-2.1385,0.556,-2.857,1.78E+02,3.137916512
1935,345,-3.629,-7.546,-5.5875,0,-7.546,1.89E+02,5.514724904
1935,346,-4.257,-10.869,-7.563,0,-10.869,2.57E+02,6.369136316
1935,347,-8.679,-18.146,-13.4125,0,-18.146,1.30E+02,6.638136884
1935,348,-6.621,-10.305,-8.463,0.757,-10.305,1.22E+02,5.353638291
1935,349,-7.391,-11.522,-9.4565,2.534,-11.522,2.67E+02,5.585364775
1935,350,-8.569,-11.66,-10.1145,0.888,-11.66,2.06E+02,4.945800326
1935,351,-8.573,-13.164,-10.8685,0.956,-13.164,2.74E+02,5.77509984
1935,352,-10.292,-13.465,-11.8785,1.163,-13.465,3.01E+02,5.000131366
1935,353,-12.571,-14.955,-13.763,0.284,-14.955,3.14E+02,4.31651502
1935,354,-16.736,-20.451,-18.5935,0.284,-20.451,3.41E+02,5.348622497
1935,355,-20.317,-24.616,-22.4665,0,-24.616,2.25E+02,5.646125611
1935,356,-15.113,-26.372,-20.7425,0,-26.372,8.86E+01,6.645395554
1935,357,-17.616,-28.085,-22.8505,3.853,-28.085,9.04E+01,6.63000557
1935,358,-16.129,-20.631,-18.38,0.757,-20.631,1.86E+02,5.74511431
1935,359,-16.912,-19.672,-18.292,0,-19.672,2.82E+02,4.681773079
1935,360,-16.351,-23.794,-20.0725,1.627,-23.794,9.70E+01,6.459911504
1935,361,-16.532,-23.006,-19.769,0.284,-23.006,1.06E+02,6.330130488
1935,362,-20.098,-28.43,-24.264,0,-28.43,1.17E+02,6.582160791
1935,363,-17.257,-30.938,-24.0975,0,-30.938,2.14E+02,6.784812917
1935,364,-12.371,-26.117,-19.244,1.234,-26.117,2.83E+02,6.810901
1935,365,-9.851,-22.885,-16.368,2.028,-22.885,1.63E+02,6.831247083
1935,366,-9.851,-22.885,-16.368,2.028,-22.885,1.63E+02,6.831247083
