DJ0207XDMNXPHWR
CCXMDDM
24,1,12.0
7,0.075,0.125,0.00,0,0,0,0,0,0,0,0
1939,1,-15.466,-26.023,-20.7445,1.379,-26.023,1.60E+02,6.806354952,,,
1939,2,-15.277,-27.166,-21.2215,0.484,-27.166,1.91E+02,6.875567918,,,
1939,3,-22.716,-31.952,-27.334,0,-31.952,2.38E+02,6.807263419,,,
1939,4,-18.701,-35.708,-27.2045,0,-35.708,3.58E+02,6.996745765,,,
1939,5,-1.873,-20.855,-11.364,3.352,-20.855,1.22E+02,7.042573983,,,
1939,6,1.367,-6.831,-2.732,1.208,-6.831,1.81E+02,6.831828754,,,
1939,7,-2.04,-13.644,-7.842,10.59,-13.644,1.85E+02,7.068789807,,,
1939,8,-10.694,-14.813,-12.7535,0.945,-14.813,2.16E+02,5.813406705,,,
1939,9,0.059,-20.787,-10.364,4.096,-20.787,1.73E+02,7.238485728,,,
1939,10,3.496,-7.807,-2.1555,1.679,-7.807,1.45E+02,7.207755778,,,
1939,11,-14.449,-18.552,-16.5005,0.484,-18.552,1.08E+02,5.884728437,,,
1939,12,-16.366,-22.651,-19.5085,0,-22.651,1.08E+02,6.764083598,,,
1939,13,-15.822,-22.386,-19.104,0.185,-22.386,2.86E+02,6.874915249
1939,14,-16.86,-28.196,-22.528,0,-28.196,1.40E+02,7.437680402
1939,15,-13.017,-25.102,-19.0595,0,-25.102,2.46E+02,7.526623473
1939,16,-9.243,-25.559,-17.401,4.537,-25.559,4.62E+02,7.66061971
1939,17,-22.952,-26.463,-24.7075,0.744,-26.463,2.31E+02,5.660128247
1939,18,-22.436,-31.632,-27.034,0,-31.632,1.42E+02,7.554365039
1939,19,-14.593,-30.685,-22.639,0,-30.685,2.97E+02,7.879227176
1939,20,-12.113,-31.146,-21.6295,1.787,-31.146,4.20E+02,7.973855479
1939,21,-7.536,-17.177,-12.3565,4.225,-17.177,1.59E+02,7.800073971
1939,22,-7.553,-26.895,-17.224,0.725,-26.895,2.39E+02,8.139345223
1939,23,-14.012,-38.714,-26.363,4.134,-38.714,2.50E+02,8.233775805
1939,24,-11.744,-23.414,-17.579,3.004,-23.414,2.60E+02,8.17114637
1939,25,-23.375,-29.853,-26.614,2.451,-29.853,2.40E+02,7.492007333
1939,26,-19.131,-35.962,-27.5465,0.484,-35.962,1.11E+02,8.476781282
1939,27,-13.317,-28.729,-21.023,0.51,-28.729,1.23E+02,8.549840597
1939,28,-6.472,-22.688,-14.58,3.138,-22.688,1.51E+02,8.656166959
1939,29,-20.763,-29.898,-25.3305,0,-29.898,2.18E+02,8.346949297
1939,30,-19.809,-37.868,-28.8385,0,-37.868,2.66E+02,8.871998424
1939,31,-15.614,-27.723,-21.6685,0.31,-27.723,1.86E+02,8.80838196
1939,32,-18.651,-23.968,-21.3095,0.257,-23.968,2.91E+02,7.410817669
1939,33,-10.631,-30.685,-20.658,5.086,-30.685,1.10E+02,9.195918173
1939,34,-4.874,-13.984,-9.429,4.559,-13.984,1.90E+02,8.753551067
1939,35,-18.579,-26.207,-22.393,0.17,-26.207,2.77E+02,8.504528746
1939,36,-16.268,-36.248,-26.258,0.132,-36.248,2.79E+02,9.521616104
1939,37,-12.139,-33.767,-22.953,0,-33.767,1.21E+02,9.643999966
1939,38,-11.382,-24.278,-17.83,0.399,-24.278,2.79E+02,9.548323858
1939,39,-9.826,-31.648,-20.737,0.254,-31.648,2.25E+02,9.875000028
1939,40,-19.007,-29.177,-24.092,0,-29.177,1.99E+02,9.462490524
1939,41,-2.147,-33.326,-17.7365,4.375,-33.326,1.87E+02,10.13203883
1939,42,-10.102,-18.185,-14.1435,0.879,-18.185,2.31E+02,9.182238273
1939,43,-11.761,-25.274,-18.5175,1.349,-25.274,2.29E+02,10.12397596
1939,44,-23.169,-32.932,-28.0505,0.742,-32.932,2.79E+02,9.766044754
1939,45,-17.56,-33.487,-25.5235,0.6,-33.487,2.61E+02,10.4795424
1939,46,-15.306,-30.191,-22.7485,2.65,-30.191,2.35E+02,10.54719875
1939,47,-18.443,-30.475,-24.459,0,-30.475,1.76E+02,10.41997748
1939,48,-12.428,-26.378,-19.403,3.827,-26.378,2.32E+02,10.71627089
1939,49,-12.646,-25.182,-18.914,0.848,-25.182,2.00E+02,10.69475432
1939,50,-24.73,-35.144,-29.937,3.509,-35.144,1.55E+02,10.47147034
1939,51,-20.841,-27.349,-24.095,7.301,-27.349,1.31E+02,9.192782038
1939,52,-21.353,-36.173,-28.763,0.023,-36.173,3.10E+02,11.24678788
1939,53,-17.253,-33.68,-25.4665,0.084,-33.68,2.00E+02,11.46694153
1939,54,-11.524,-33.686,-22.605,0.951,-33.686,2.25E+02,11.75992486
1939,55,-9.913,-23.164,-16.5385,0.989,-23.164,1.69E+02,11.44577444
1939,56,-9.54,-37.397,-23.4685,0.54,-37.397,2.27E+02,12.0749763
1939,57,-5.525,-12.721,-9.123,0.769,-12.721,1.38E+02,9.96783576
1939,58,-4.545,-14.078,-9.3115,0.17,-14.078,1.29E+02,11.00308407
1939,59,-0.045,-22.536,-11.2905,7.908,-22.536,1.22E+02,12.43285831
1939,60,-1.529,-18.934,-10.2315,0.514,-18.934,1.29E+02,12.39534201
1939,61,-15.43,-32.465,-23.9475,0.618,-32.465,1.27E+02,12.49914593
1939,62,-2.346,-26.41,-14.378,6.439,-26.41,2.33E+02,12.86508709
1939,63,-9.984,-17.876,-13.93,0.172,-17.876,3.16E+02,10.75389748
1939,64,-12.052,-30.732,-21.392,0.049,-30.732,2.30E+02,12.97538664
1939,65,-11.745,-30.85,-21.2975,2.984,-30.85,1.48E+02,13.12597645
1939,66,-20.302,-29.523,-24.9125,0,-29.523,2.94E+02,11.58483957
1939,67,-19.948,-37.422,-28.685,0.556,-37.422,1.63E+02,13.28244283
1939,68,-16.495,-38.893,-27.694,0,-38.893,1.28E+02,13.64630034
1939,69,-17.007,-29.376,-23.1915,0,-29.376,1.18E+02,12.8186591
1939,70,-10.671,-36.176,-23.4235,0.119,-36.176,2.83E+02,13.98666731
1939,71,-2.341,-26.796,-14.5685,0,-26.796,2.68E+02,14.10347839
1939,72,-4.232,-11.923,-8.0775,1.029,-11.923,1.85E+02,11.26292276
1939,73,-6.905,-19.289,-13.097,0,-19.289,3.58E+02,13.22632092
1939,74,-6.535,-24.12,-15.3275,5.351,-24.12,2.20E+02,14.15551251
1939,75,-5.282,-12.199,-8.7405,2.461,-12.199,3.22E+02,10.92099542
1939,76,-12.796,-20.722,-16.759,0.34,-20.722,1.79E+02,11.66364138
1939,77,-12.119,-29.252,-20.6855,0.258,-29.252,1.62E+02,14.46751754
1939,78,-10.451,-35.415,-22.933,0.34,-35.415,1.58E+02,15.05859793
1939,79,-7.663,-23.938,-15.8005,0,-23.938,1.42E+02,14.59144644
1939,80,-6.02,-26.058,-16.039,0,-26.058,3.03E+02,15.09012222
1939,81,-6.125,-28.998,-17.5615,0,-28.998,3.27E+02,15.37691578
1939,82,-2.926,-31.043,-16.9845,4.947,-31.043,3.25E+02,15.66140791
1939,83,-8.906,-15.307,-12.1065,0,-15.307,1.76E+02,10.89643493
1939,84,-9.966,-30.169,-20.0675,1.867,-30.169,2.63E+02,15.58653276
1939,85,-5.685,-18.073,-11.879,1.692,-18.073,2.28E+02,14.35041296
1939,86,-10.552,-16.643,-13.5975,0,-16.643,2.34E+02,10.73278205
1939,87,-8.924,-27.156,-18.04,0,-27.156,2.77E+02,15.73661103
1939,88,-1.268,-32.141,-16.7045,0,-32.141,2.19E+02,16.49229384
1939,89,1.776,-6.328,-2.276,0,-6.328,3.49E+02,12.54352529
1939,90,5.229,-15.475,-5.123,0,-15.475,1.75E+02,16.32532711
1939,91,5.03,-7.284,-1.127,0.063,-7.284,2.78E+02,14.82606657
1939,92,2.372,-2,0.186,1.456,-2,2.57E+02,8.922080634
1939,93,1.146,-4.202,-1.528,0.495,-4.202,1.55E+02,10.17789872
1939,94,4.2,-5.221,-0.5105,0.095,-5.221,1.23E+02,13.6798535
1939,95,4.993,-4.214,0.3895,0.895,-4.214,4.34E+02,13.60572387
1939,96,0.384,-4.124,-1.87,13.902,-4.124,5.46E+02,9.193139433
1939,97,-3.602,-12.614,-8.108,1.809,-12.614,4.32E+02,13.58844223
1939,98,-3.177,-21.97,-12.5735,6.18,-21.97,2.54E+02,16.9538034
1939,99,-2.128,-6.149,-4.1385,1.227,-6.149,2.16E+02,8.553823726
1939,100,0.672,-23.76,-11.544,0,-23.76,2.38E+02,17.69992767
1939,101,3.823,-18.539,-7.358,0,-18.539,2.38E+02,17.65181934
1939,102,3.827,-9.819,-2.996,0.117,-9.819,2.58E+02,16.12908537
1939,103,2.678,-14.185,-5.7535,0,-14.185,1.28E+02,17.07161134
1939,104,-0.19,-11.467,-5.8285,1.408,-11.467,2.05E+02,15.28126268
1939,105,-7.106,-19.058,-13.082,0.461,-19.058,2.06E+02,15.66228222
1939,106,-1.04,-15.019,-8.0295,0,-15.019,2.12E+02,16.52489575
1939,107,6.558,-18.774,-6.108,2.668,-18.774,2.30E+02,18.46845758
1939,108,1.876,-3.405,-0.7645,11.286,-3.405,2.75E+02,10.46357937
1939,109,6.591,0.795,3.693,7.944,0.795,1.69E+02,11.11989125
1939,110,4.147,1.271,2.709,0.895,1.271,3.67E+02,6.764768256
1939,111,5.659,-4.864,0.3975,3.16,-4.864,3.70E+02,15.2383737
1939,112,3.455,0.187,1.821,2.789,0.187,3.41E+02,7.488778354
1939,113,2.809,-2.463,0.173,0,-2.463,3.31E+02,10.54837232
1939,114,5.498,-7.748,-1.125,0,-7.748,1.66E+02,16.74796097
1939,115,8.856,-4.411,2.2225,0.402,-4.411,4.05E+02,16.81175692
1939,116,7.354,-3.854,1.75,0.278,-3.854,2.09E+02,15.86499642
1939,117,7.83,-1.511,3.1595,0,-1.511,2.71E+02,14.6997202
1939,118,5.582,-6.121,-0.2695,0,-6.121,2.48E+02,16.22521757
1939,119,7.123,-7.649,-0.263,0,-7.649,2.42E+02,17.60207077
1939,120,6.667,-2.139,2.264,0,-2.139,3.43E+02,14.38538139
1939,121,5.205,-0.397,2.404,0,-0.397,1.69E+02,11.11301055
1939,122,6.783,1.074,3.9285,0,1.074,1.29E+02,11.26561664
1939,123,10.265,-4.284,2.9905,0.919,-4.284,1.90E+02,17.7298051
1939,124,4.067,1.768,2.9175,3.546,1.768,2.57E+02,5.703467614
1939,125,5.821,1.329,3.575,0,1.329,1.56E+02,9.613758638
1939,126,7.161,0.838,3.9995,0.667,0.838,1.92E+02,12.08213274
1939,127,8.193,-1.402,3.3955,5.257,-1.402,2.36E+02,15.20982699
1939,128,18.331,3.532,10.9315,3.3,3.532,3.99E+02,18.05458542
1939,129,13.204,4.728,8.966,11.454,4.728,2.57E+02,14.34681736
1939,130,12.463,1.808,7.1355,0.25,1.808,3.00E+02,16.04464609
1939,131,5.945,-1.556,2.1945,6.916,-1.556,2.36E+02,13.4616488
1939,132,4.248,0.529,2.3885,0,0.529,3.05E+02,8.421311331
1939,133,11.086,-4.555,3.2655,0.484,-4.555,1.49E+02,18.56430419
1939,134,14.579,-3.435,5.572,0,-3.435,2.64E+02,19.3068129
1939,135,10.393,2.057,6.225,2.497,2.057,1.77E+02,14.3450519
1939,136,7.662,3.112,5.387,6.438,3.112,2.73E+02,9.799687763
1939,137,0.721,-6.605,-2.942,0.311,-6.605,1.72E+02,13.37858825
1939,138,6.697,-8.467,-0.885,0.311,-8.467,2.17E+02,18.57385585
1939,139,10.961,-4.294,3.3335,0,-4.294,2.62E+02,18.64043246
1939,140,10.091,-4.696,2.6975,0,-4.696,2.27E+02,18.49043362
1939,141,13.251,-2.591,5.33,0.075,-2.591,2.50E+02,18.9154895
1939,142,14.709,-0.957,6.876,0,-0.957,3.22E+02,18.88311596
1939,143,17.735,0.714,9.2245,0,0.714,1.83E+02,19.36057768
1939,144,18.393,1.161,9.777,0,1.161,2.26E+02,19.45359887
1939,145,12.903,-0.279,6.312,0,-0.279,2.15E+02,17.89876679
1939,146,16.633,-4.17,6.2315,0,-4.17,2.26E+02,20.36478784
1939,147,9.065,0.049,4.557,14.945,0.049,2.94E+02,15.14505303
1939,148,16.981,5.103,11.042,0,5.103,1.86E+02,17.2400422
1939,149,14.281,0.235,7.258,8.255,0.235,2.89E+02,18.39603371
1939,150,18.86,5.763,12.3115,1.677,5.763,3.26E+02,17.95428027
1939,151,12.298,2.747,7.5225,0,2.747,2.43E+02,15.64553786
1939,152,14.264,0.442,7.353,0,0.442,1.50E+02,18.3465272
1939,153,16.918,1.126,9.022,0,1.126,2.54E+02,19.18749532
1939,154,22.979,3.262,13.1205,4.161,3.262,2.07E+02,20.34461822
1939,155,13.28,7.709,10.4945,2.748,7.709,2.19E+02,11.40381953
1939,156,7.643,2.183,4.913,3.461,2.183,2.31E+02,11.25378375
1939,157,17.699,2.308,10.0035,0,2.308,1.80E+02,19.09773333
1939,158,22.382,3.52,12.951,0.929,3.52,3.07E+02,20.21081216
1939,159,25.115,11.054,18.0845,0.591,11.054,2.65E+02,18.55378845
1939,160,23.825,11.581,17.703,1.769,11.581,2.47E+02,17.61193277
1939,161,18.782,10.759,14.7705,0,10.759,3.62E+02,14.33255927
1939,162,13.235,4.384,8.8095,11.568,4.384,3.33E+02,15.12950627
1939,163,14.708,10.145,12.4265,4.239,10.145,3.08E+02,9.937855951
1939,164,18.195,6.444,12.3195,0,6.444,1.41E+02,17.33966953
1939,165,18.482,6.348,12.415,0,6.348,2.77E+02,17.57922436
1939,166,18.108,6.948,12.528,12.428,6.948,2.48E+02,16.96288596
1939,167,11.793,2.988,7.3905,0,2.988,2.60E+02,15.10455713
1939,168,12.823,0.344,6.5835,0,0.344,1.78E+02,17.79196717
1939,169,16.847,0.673,8.76,0,0.673,1.39E+02,19.48657009
1939,170,22.61,10.563,16.5865,0,10.563,1.31E+02,17.54066842
1939,171,23.856,15.279,19.5675,8.941,15.279,3.59E+02,14.8972213
1939,172,18.963,7.624,13.2935,0.518,7.624,2.63E+02,17.09211636
1939,173,19.065,7.108,13.0865,6.657,7.108,1.85E+02,17.48538792
1939,174,12.414,11.108,11.761,21.617,11.108,9.72E+01,3.513429483
1939,175,16.441,10.031,13.236,0.216,10.031,1.68E+02,12.53967889
1939,176,18.236,11.095,14.6655,0,11.095,1.93E+02,13.40651816
1939,177,21.25,11.27,16.26,29.811,11.27,3.23E+02,16.09905921
1939,178,27.099,14.507,20.803,9.988,14.507,3.00E+02,17.84340451
1939,179,25.425,16.924,21.1745,0.127,16.924,2.77E+02,14.81120584
1939,180,20.662,12.497,16.5795,3.88,12.497,2.19E+02,14.48134118
1939,181,21.402,14.128,17.765,15.514,14.128,1.38E+02,13.54209378
1939,182,16.413,9.744,13.0785,1.607,9.744,1.34E+02,12.83968804
1939,183,18.757,6.738,12.7475,0,6.738,2.11E+02,17.47471153
1939,184,22.972,9.616,16.294,0,9.616,1.80E+02,18.20686129
1939,185,24.411,17.306,20.8585,6.225,17.306,1.42E+02,13.33483451
1939,186,28.135,16.25,22.1925,0,16.25,2.31E+02,17.3645467
1939,187,29.404,17.645,23.5245,11.563,17.645,3.10E+02,17.27599523
1939,188,26.119,15.886,21.0025,6.649,15.886,1.94E+02,16.22045807
1939,189,24.252,16.045,20.1485,7.862,16.045,1.22E+02,14.46845467
1939,190,23.025,11.91,17.4675,12.019,11.91,1.43E+02,16.82468928
1939,191,16.64,10.078,13.359,3.143,10.078,1.78E+02,12.66436519
1939,192,15.166,10.125,12.6455,6.198,10.125,1.39E+02,10.62909981
1939,193,16.647,6.521,11.584,0.33,6.521,1.29E+02,16.08087276
1939,194,16.712,5.27,10.991,11.573,5.27,1.89E+02,16.98086163
1939,195,16.657,10.368,13.5125,17.241,10.368,8.64E+01,12.30101356
1939,196,14.843,7.698,11.2705,2.016,7.698,1.05E+02,13.29865413
1939,197,16.597,8.256,12.4265,4.64,8.256,1.25E+02,14.51494331
1939,198,13.29,8.691,10.9905,5.058,8.691,1.07E+02,9.930948957
1939,199,17.058,8.798,12.928,0.361,8.798,2.57E+02,14.41206508
1939,200,18.794,8.299,13.5465,0,8.299,1.13E+02,16.23909696
1939,201,22.709,8.062,15.3855,0,8.062,1.85E+02,18.48139752
1939,202,25.064,9.214,17.139,0,9.214,2.08E+02,18.90734171
1939,203,26.191,13.024,19.6075,0,13.024,1.91E+02,17.75966508
1939,204,26.614,16.518,21.566,0,16.518,2.56E+02,15.87103935
1939,205,27.688,13.632,20.66,0,13.632,3.28E+02,18.11394569
1939,206,29.449,14.167,21.808,0,14.167,1.85E+02,18.57241847
1939,207,29.396,15.56,22.478,7.306,15.56,2.57E+02,17.95378988
1939,208,24.263,16.59,20.4265,0.299,16.59,1.31E+02,13.70041566
1939,209,22.254,9.853,16.0535,0,9.853,1.49E+02,17.1924869
1939,210,21.714,11.254,16.484,0.016,11.254,1.64E+02,15.98813616
1939,211,23.198,10.552,16.875,0.518,10.552,2.29E+02,17.25516781
1939,212,23.816,15.695,19.7555,5.405,15.695,2.73E+02,14.06035662
1939,213,17.682,8.866,13.274,0.325,8.866,2.03E+02,14.65698121
1939,214,21.571,6.241,13.906,1.418,6.241,2.53E+02,18.27543332
1939,215,21.552,11.081,16.3165,1.383,11.081,2.18E+02,15.85220134
1939,216,22.179,10.017,16.098,1.638,10.017,2.40E+02,16.82633561
1939,217,19.454,11.9,15.677,4.923,11.9,9.38E+01,13.40845608
1939,218,20.617,11.409,16.013,1.742,11.409,1.92E+02,14.84617284
1939,219,20.752,11.313,16.0325,0.974,11.313,2.00E+02,14.99460801
1939,220,21.78,9.548,15.664,0.633,9.548,1.79E+02,16.70448452
1939,221,20.562,12.915,16.7385,8.744,12.915,1.74E+02,13.40701643
1939,222,21.674,10.863,16.2685,0,10.863,1.72E+02,15.82822618
1939,223,23.868,9.185,16.5265,0,9.185,1.38E+02,17.6090517
1939,224,21.549,14.147,17.848,16.222,14.147,1.99E+02,13.09366934
1939,225,23.24,15.135,19.1875,4.303,15.135,2.06E+02,13.72239577
1939,226,18.357,12.168,15.2625,12.231,12.168,1.59E+02,11.75056758
1939,227,18.936,11.535,15.2355,11.805,11.535,2.35E+02,13.01354827
1939,228,17.938,11.101,14.5195,25.379,11.101,2.18E+02,12.41913391
1939,229,22.17,11.058,16.614,0.052,11.058,2.45E+02,15.70635542
1939,230,25.393,11.945,18.669,0,11.945,2.30E+02,16.7567926
1939,231,26.97,12.405,19.6875,0.457,12.405,2.58E+02,17.10101996
1939,232,25.997,14.448,20.2225,4.385,14.448,3.44E+02,15.79160828
1939,233,23.309,16.451,19.88,5.938,16.451,3.00E+02,12.30673965
1939,234,19.143,15.659,17.401,15.417,15.659,2.47E+02,7.829362652
1939,235,20.731,12.694,16.7125,0,12.694,2.38E+02,13.33401193
1939,236,20.08,14.579,17.3295,4.932,14.579,3.22E+02,10.7123159
1939,237,20.643,13.422,17.0325,2.352,13.422,1.69E+02,12.53821213
1939,238,20.529,12.253,16.391,0,12.253,2.52E+02,13.41359083
1939,239,20.067,7.933,14,0.477,7.933,2.79E+02,15.66570895
1939,240,23.708,12.748,18.228,0,12.748,2.61E+02,15.04758633
1939,241,20.228,12.336,16.282,1.151,12.336,2.46E+02,12.9812056
1939,242,19.465,8.646,14.0555,0,8.646,1.63E+02,14.85712237
1939,243,21.103,12.087,16.595,12.137,12.087,1.35E+02,13.73236439
1939,244,18.995,14.017,16.506,3.233,14.017,1.87E+02,9.87469744
1939,245,19.022,13.366,16.194,0,13.366,3.23E+02,10.66911997
1939,246,23.977,13.633,18.805,0,13.633,1.37E+02,14.3666246
1939,247,25.495,16.07,20.7825,17.565,16.07,1.48E+02,13.78385331
1939,248,10.061,5.981,8.021,1.61,5.981,1.49E+02,8.566819817
1939,249,11.682,2.085,6.8835,0,2.085,2.53E+02,13.77042929
1939,250,14.822,5.898,10.36,0,5.898,2.47E+02,13.30218342
1939,251,14.526,9.547,12.0365,5.299,9.547,3.50E+02,9.702827362
1939,252,12.233,8.203,10.218,0.009,8.203,2.41E+02,8.418322777
1939,253,12.289,6.558,9.4235,0.053,6.558,1.40E+02,10.50446747
1939,254,13.957,4.512,9.2345,0,4.512,2.17E+02,13.37605205
1939,255,14.146,6.87,10.508,0,6.87,2.65E+02,11.85855654
1939,256,18.495,5.607,12.051,0.756,5.607,3.17E+02,14.66207684
1939,257,17.77,13.871,15.8205,0.905,13.871,1.80E+02,8.129853654
1939,258,21.869,13.248,17.5585,0.179,13.248,3.05E+02,12.64309189
1939,259,28.296,11.72,20.008,2.623,11.72,3.46E+02,15.16479507
1939,260,9.786,2.65,6.218,0.065,2.65,2.74E+02,11.50132443
1939,261,14.499,-0.8,6.8495,0,-0.8,3.15E+02,14.74405309
1939,262,17.884,5.601,11.7425,5.094,5.601,2.49E+02,13.94439806
1939,263,11.914,5.822,8.868,1.207,5.822,2.15E+02,10.47704667
1939,264,11.12,2.204,6.662,3.824,2.204,1.35E+02,12.42079889
1939,265,6.011,-0.135,2.938,3.215,-0.135,1.59E+02,10.43671826
1939,266,7.208,0.229,3.7185,0.729,0.229,2.45E+02,11.0668045
1939,267,4.496,-1.409,1.5435,1.029,-1.409,1.53E+02,10.13036035
1939,268,6.674,-1.141,2.7665,3.442,-1.141,2.40E+02,11.52055457
1939,269,4.462,-3.441,0.5105,0,-3.441,3.46E+02,11.51017613
1939,270,8.341,-4.759,1.791,0,-4.759,2.44E+02,13.37414879
1939,271,11.064,1.343,6.2035,4.815,1.343,1.94E+02,12.26857206
1939,272,11.728,6.238,8.983,17.697,6.238,1.58E+02,9.527829208
1939,273,10.31,-0.707,4.8015,3.256,-0.707,2.29E+02,12.54852954
1939,274,6.79,-4.128,1.331,0,-4.128,1.31E+02,12.42554328
1939,275,8.364,0.616,4.49,0,0.616,8.64E+01,11.01992906
1939,276,16.694,0.041,8.3675,0,0.041,8.64E+01,13.19734377
1939,277,15.797,4.588,10.1925,0.814,4.588,8.64E+01,12.22119698
1939,278,9.942,6.895,8.4185,0,6.895,8.64E+01,6.456868621
1939,279,10.856,6.125,8.4905,4.37,6.125,8.64E+01,8.499864994
1939,280,10.345,8.569,9.457,0.799,8.569,8.64E+01,4.274965496
1939,281,10.29,6.63,8.46,13.532,6.63,8.64E+01,7.221975683
1939,282,12.754,4.787,8.7705,2.15,4.787,8.64E+01,10.63174964
1939,283,5.872,3.566,4.719,4.992,3.566,8.64E+01,5.201612212
1939,284,5.735,0.938,3.3365,2.363,0.938,8.64E+01,8.360460596
1939,285,6.906,1.994,4.45,26.8,1.994,8.64E+01,8.423373687
1939,286,4.188,-0.29,1.949,0.752,-0.29,8.64E+01,7.970703592
1939,287,-0.798,-3.422,-2.11,12.777,-3.422,8.64E+01,5.64860929
1939,288,3.041,-4.659,-0.809,1.82,-4.659,8.64E+01,10.05695905
1939,289,5.189,-1.749,1.72,3.932,-1.749,8.64E+01,9.616050066
1939,290,-2.896,-8.347,-5.6215,0.762,-8.347,8.64E+01,8.624236227
1939,291,0.257,-12.811,-6.277,9.798,-12.811,8.64E+01,11.07277924
1939,292,1.941,-5.573,-1.816,3.879,-5.573,8.64E+01,9.674205407
1939,293,1.265,-4.69,-1.7125,0,-4.69,8.64E+01,8.798860058
1939,294,6.692,-4.581,1.0555,7.62,-4.581,8.64E+01,10.51201868
1939,295,6.859,0.363,3.611,1.467,0.363,8.64E+01,8.981871412
1939,296,-1.672,-5.651,-3.6615,1.153,-5.651,8.64E+01,7.093687755
1939,297,-2.724,-6.408,-4.566,0.033,-6.408,8.64E+01,6.756186549
1939,298,-1.065,-5.269,-3.167,0.023,-5.269,8.64E+01,7.230571675
1939,299,3.835,-3.005,0.415,0,-3.005,8.64E+01,8.874634721
1939,300,5.697,1.712,3.7045,32.273,1.712,8.64E+01,6.950304839
1939,301,-0.964,-4.888,-2.926,10.766,-4.888,8.64E+01,6.855412272
1939,302,-3.667,-7.592,-5.6295,1.417,-7.592,8.64E+01,6.819130225
1939,303,0.454,-7.143,-3.3445,3.716,-7.143,8.64E+01,8.866453577
1939,304,2.136,-1.093,0.5215,2.398,-1.093,8.64E+01,6.044966537
1939,305,0.182,-1.949,-0.8835,1.423,-1.949,8.64E+01,4.590034877
1939,306,-4.471,-7.32,-5.8955,0.468,-7.32,2.87E+02,5.550174631
1939,307,-2.791,-8.639,-5.715,0,-8.639,1.19E+02,7.899848141
1939,308,2.833,-3.709,-0.438,0,-3.709,1.37E+02,8.139120213
1939,309,3.265,-5.335,-1.035,2.356,-5.335,1.93E+02,8.650050332
1939,310,2.264,-0.993,0.6355,11.033,-0.993,2.53E+02,5.899916205
1939,311,0.804,-1.783,-0.4895,0.648,-1.783,2.35E+02,5.112729883
1939,312,1.153,-2.045,-0.446,7.049,-2.045,1.39E+02,5.781532259
1939,313,-8.489,-12.847,-10.668,2.15,-12.847,2.48E+02,6.728828411
1939,314,-1.231,-17.767,-9.499,10.406,-17.767,2.78E+02,8.747507372
1939,315,-6.399,-10.73,-8.5645,6.21,-10.73,2.71E+02,6.627048393
1939,316,-6.667,-12.849,-9.758,1.629,-12.849,2.93E+02,7.505716884
1939,317,-9.16,-13.815,-11.4875,1.998,-13.815,2.08E+02,6.746434596
1939,318,-6.563,-12.909,-9.736,1.368,-12.909,1.07E+02,7.444746784
1939,319,-2.868,-13.095,-7.9815,0.358,-13.095,1.92E+02,8.067876385
1939,320,0.395,-6.661,-3.133,3.619,-6.661,1.33E+02,7.524659311
1939,321,-4.817,-7.074,-5.9455,0.468,-7.074,1.56E+02,4.505499354
1939,322,-4.915,-10.853,-7.884,3.223,-10.853,1.55E+02,7.088734605
1939,323,-6.098,-12.368,-9.233,5.442,-12.368,1.43E+02,7.142136732
1939,324,-5.911,-10.866,-8.3885,0.171,-10.866,3.22E+02,6.601134795
1939,325,-5.708,-13.231,-9.4695,0,-13.231,2.03E+02,7.323658205
1939,326,-3.802,-17.853,-10.8275,0,-17.853,2.44E+02,7.700959939
1939,327,-4.32,-6.764,-5.542,0.171,-6.764,1.93E+02,4.631303798
1939,328,-4.365,-14.001,-9.183,0,-14.001,2.52E+02,7.400031038
1939,329,-4.919,-19.284,-12.1015,0,-19.284,2.63E+02,7.502675561
1939,330,-1.485,-17.94,-9.7125,0.468,-17.94,3.01E+02,7.456714966
1939,331,-1.969,-3.497,-2.733,0,-3.497,3.58E+02,3.352909434
1939,332,-1.569,-5.248,-3.4085,0,-5.248,2.16E+02,5.620055817
1939,333,1.231,-7.027,-2.898,0,-7.027,4.31E+02,7.006411683
1939,334,2.222,-0.412,0.905,0,-0.412,3.32E+02,4.7203355
1939,335,2.061,1.168,1.6145,0.819,1.168,3.83E+02,2.199308414
1939,336,2.049,0.581,1.315,3.337,0.581,1.65E+02,3.224419623
1939,337,2.412,0.037,1.2245,1.957,0.037,2.58E+02,4.410788199
1939,338,-7.473,-10.89,-9.1815,5.371,-10.89,1.02E+02,5.312528763
1939,339,-8.95,-11.521,-10.2355,10.211,-11.521,3.09E+02,4.590256073
1939,340,0.02,-15.283,-7.6315,5.561,-15.283,3.33E+02,6.9480844
1939,341,1.382,-6.467,-2.5425,7.453,-6.467,1.87E+02,6.655592751
1939,342,-8.365,-12.508,-10.4365,1.777,-12.508,1.63E+02,5.676023396
1939,343,-13.205,-15.49,-14.3475,0.085,-15.49,2.89E+02,4.255237367
1939,344,-14.352,-20.674,-17.513,0.023,-20.674,1.78E+02,6.352395229
1939,345,-13.662,-21.955,-17.8085,0,-21.955,1.89E+02,6.597475612
1939,346,-9.313,-25.631,-17.472,5.198,-25.631,2.57E+02,6.774907032
1939,347,-7.988,-10.499,-9.2435,8.23,-10.499,1.30E+02,4.461839694
1939,348,-15.154,-20.191,-17.6725,0,-20.191,1.22E+02,5.959192765
1939,349,-5.686,-20.094,-12.89,2.71,-20.094,2.67E+02,6.713837993
1939,350,-2.092,-9.17,-5.631,1.193,-9.17,2.06E+02,6.389818459
1939,351,-0.36,-3.41,-1.885,1.359,-3.41,2.74E+02,4.910982678
1939,352,-8.975,-15.038,-12.0065,0.341,-15.038,3.01E+02,6.202912057
1939,353,-11.29,-29.067,-20.1785,0.459,-29.067,3.14E+02,6.692965689
1939,354,-7.826,-18.777,-13.3015,12.274,-18.777,3.41E+02,6.63232338
1939,355,-8.211,-14.81,-11.5105,2.592,-14.81,2.25E+02,6.301011276
1939,356,-9.608,-23.694,-16.651,5.097,-23.694,8.86E+01,6.684017639
1939,357,-12.309,-15.905,-14.107,2.101,-15.905,9.04E+01,5.284303201
1939,358,-17.073,-20.525,-18.799,0.961,-20.525,1.86E+02,5.198491411
1939,359,-12.091,-23.039,-17.565,1.327,-23.039,2.82E+02,6.665169219
1939,360,-19.187,-21.094,-20.1405,0.341,-21.094,9.70E+01,3.785472665
1939,361,-18.148,-27.601,-22.8745,0,-27.601,1.06E+02,6.638669154
1939,362,-9.505,-25.268,-17.3865,2.142,-25.268,1.17E+02,6.774587799
1939,363,-5.593,-12.932,-9.2625,1.089,-12.932,2.14E+02,6.497683277
1939,364,-9.107,-14.497,-11.802,0.814,-14.497,2.83E+02,6.127090508
1939,365,-8.982,-16.996,-12.989,3.577,-16.996,1.63E+02,6.619942993
1939,366,-8.982,-16.996,-12.989,3.577,-16.996,1.63E+02,6.619942993
