DJ0207XDMNXPHWR
CCXMDDM
24,1,12.0
7,0.075,0.125,0.00,0,0,0,0,0,0,0,0
1940,1,-11.7,-16.758,-14.229,0.469,-16.758,1.60E+02,6.060156232,,,
1940,2,-13.036,-18.367,-15.7015,2.216,-18.367,1.91E+02,6.171125031,,,
1940,3,-12.861,-16.989,-14.925,0.951,-16.989,2.38E+02,5.706085935,,,
1940,4,-17.104,-19.858,-18.481,0,-19.858,3.58E+02,4.76527591,,,
1940,5,-14.077,-18.379,-16.228,0.312,-18.379,1.22E+02,5.835743786,,,
1940,6,-20.182,-22.598,-21.39,0,-22.598,1.81E+02,4.455776801,,,
1940,7,-17.982,-31.276,-24.629,0,-31.276,1.85E+02,7.102493257,,,
1940,8,-13.351,-27.511,-20.431,0,-27.511,2.16E+02,7.161537872,,,
1940,9,-13.081,-29.606,-21.3435,1.929,-29.606,1.73E+02,7.229463265,,,
1940,10,-7.135,-16.802,-11.9685,2.083,-16.802,1.45E+02,7.130189015,,,
1940,11,-8.103,-17.067,-12.585,0.178,-17.067,1.08E+02,7.128243111,,,
1940,12,-6.436,-14.586,-10.511,3.012,-14.586,1.08E+02,7.095087622,,,
1940,13,-4.667,-7.871,-6.269,1.251,-7.871,2.86E+02,5.314643516
1940,14,-3.511,-7.223,-5.367,0.364,-7.223,1.40E+02,5.723433593
1940,15,-2.983,-5.107,-4.045,4.696,-5.107,2.46E+02,4.231704635
1940,16,-20.565,-27.267,-23.916,3.458,-27.267,4.62E+02,7.051729758
1940,17,-25.914,-29.322,-27.618,2.104,-29.322,2.31E+02,5.579174228
1940,18,-18.788,-27.66,-23.224,2.437,-27.66,1.42E+02,7.520614642
1940,19,-17.752,-21.846,-19.799,0.312,-21.846,2.97E+02,6.132008052
1940,20,-17.277,-31.943,-24.61,2.141,-31.943,4.20E+02,7.940104733
1940,21,-16.313,-23.175,-19.744,0.839,-23.175,1.59E+02,7.36287848
1940,22,-18.406,-24.078,-21.242,0.488,-24.078,2.39E+02,7.048001693
1940,23,-13.597,-21.786,-17.6915,0,-21.786,2.50E+02,7.757648961
1940,24,-12.566,-26.707,-19.6365,0.558,-26.707,2.60E+02,8.257736832
1940,25,-9.189,-17.511,-13.35,2.309,-17.511,2.40E+02,7.918734501
1940,26,-12.796,-19.878,-16.337,0.641,-19.878,1.11E+02,7.726198273
1940,27,-12.921,-18.203,-15.562,0.312,-18.203,1.23E+02,7.133300285
1940,28,-15.026,-18.298,-16.662,0,-18.298,1.51E+02,5.771089034
1940,29,-8.859,-19.935,-14.397,0,-19.935,2.18E+02,8.556434218
1940,30,-6.683,-21.957,-14.32,0,-21.957,2.66E+02,8.832370143
1940,31,-10.849,-21.696,-16.2725,1.193,-21.696,1.86E+02,8.71398522
1940,32,-9.401,-15.897,-12.649,0.046,-15.897,2.91E+02,7.932994899
1940,33,-15.015,-25.799,-20.407,1.352,-25.799,1.10E+02,8.888551699
1940,34,-12.573,-17.035,-14.804,0.347,-17.035,1.90E+02,6.978668591
1940,35,-11.004,-30.406,-20.705,1.228,-30.406,2.77E+02,9.406889003
1940,36,-7.654,-15.502,-11.578,2.703,-15.502,2.79E+02,8.640872279
1940,37,-1.951,-10.294,-6.1225,3.428,-10.294,1.21E+02,8.845496344
1940,38,-3.04,-11.941,-7.4905,5.564,-11.941,2.79E+02,9.05360746
1940,39,-12.278,-19.18,-15.729,0.413,-19.18,2.25E+02,8.556997241
1940,40,-15.963,-34.412,-25.1875,0,-34.412,1.99E+02,9.959326639
1940,41,-8.661,-23.16,-15.9105,0.066,-23.16,1.87E+02,9.96044472
1940,42,-6.166,-22.525,-14.3455,0.393,-22.525,2.31E+02,10.14513755
1940,43,-18.458,-27.612,-23.035,0,-27.612,2.29E+02,9.545592045
1940,44,-12.651,-28.975,-20.813,0,-28.975,2.79E+02,10.37679207
1940,45,-11.008,-31,-21.004,0,-31,2.61E+02,10.57869588
1940,46,-14.091,-18.468,-16.2795,1.685,-18.468,2.35E+02,7.431236756
1940,47,-10.389,-16.203,-13.296,0.898,-16.203,1.76E+02,8.541804292
1940,48,-4.899,-13.454,-9.1765,0,-13.454,2.32E+02,9.82268629
1940,49,-4.11,-15.781,-9.9455,0.046,-15.781,2.00E+02,10.58416159
1940,50,-1.646,-12.967,-7.3065,0.046,-12.967,1.55E+02,10.63544092
1940,51,-5.44,-15.787,-10.6135,0.634,-15.787,1.31E+02,10.55552392
1940,52,-9.261,-20.602,-14.9315,0,-20.602,3.10E+02,10.84585303
1940,53,-6.846,-29.97,-18.408,0,-29.97,2.00E+02,11.63922876
1940,54,-8.72,-21.527,-15.1235,0.575,-21.527,2.25E+02,11.27865188
1940,55,-13.826,-36.401,-25.1135,0,-36.401,1.69E+02,11.89822253
1940,56,-14.459,-33.156,-23.8075,0,-33.156,2.27E+02,11.94214548
1940,57,-11.557,-35.43,-23.4935,0,-35.43,1.38E+02,12.18240168
1940,58,-7.776,-32.783,-20.2795,0.523,-32.783,1.29E+02,12.32965463
1940,59,-6.992,-18.843,-12.9175,0.788,-18.843,1.22E+02,11.66967679
1940,60,-12.798,-23.579,-18.1885,0.458,-23.579,1.29E+02,11.53892947
1940,61,-14.016,-35.428,-24.722,0,-35.428,1.27E+02,12.67915575
1940,62,-4.57,-28.593,-16.5815,0,-28.593,2.33E+02,12.86448908
1940,63,-1.612,-18.602,-10.107,0,-18.602,3.16E+02,12.746823
1940,64,-2.025,-9.17,-5.5975,13.393,-9.17,2.30E+02,10.41197142
1940,65,1.094,-5.125,-2.0155,5.027,-5.125,1.48E+02,9.850969269
1940,66,3.964,-0.284,1.84,1.787,-0.284,2.94E+02,8.055327906
1940,67,3.398,0.448,1.923,0.507,0.448,1.63E+02,6.352884429
1940,68,3.826,-0.549,1.6385,7.417,-0.549,1.28E+02,8.266902883
1940,69,-3.515,-8.233,-5.874,3.501,-8.233,1.18E+02,8.681246786
1940,70,-14.032,-17.056,-15.544,0.027,-17.056,2.83E+02,6.52201172
1940,71,-14.74,-22.234,-18.487,0,-22.234,2.68E+02,11.07719327
1940,72,-11.966,-20.159,-16.0625,0,-20.159,1.85E+02,11.55432847
1940,73,-6.303,-20.467,-13.385,0,-20.467,3.58E+02,13.59772073
1940,74,0.67,-17.392,-8.361,8.664,-17.392,2.20E+02,14.19782906
1940,75,0.739,-1.472,-0.3665,10.668,-1.472,3.22E+02,5.214388317
1940,76,-2.91,-9.653,-6.2815,1.538,-9.653,1.79E+02,10.84293353
1940,77,-9.587,-21.946,-15.7665,0.027,-21.946,1.62E+02,13.60982183
1940,78,-5.277,-13.534,-9.4055,3.904,-13.534,1.58E+02,11.99301872
1940,79,-3.205,-11.149,-7.177,1.986,-11.149,1.42E+02,11.86230315
1940,80,-5.767,-20.512,-13.1395,0,-20.512,3.03E+02,14.45293163
1940,81,-11.325,-28.019,-19.672,0,-28.019,3.27E+02,14.87293528
1940,82,-8.118,-32.675,-20.3965,3.627,-32.675,3.25E+02,15.57109735
1940,83,-5.934,-14.053,-9.9935,7.648,-14.053,1.76E+02,12.21621215
1940,84,-14.366,-18.51,-16.438,11.926,-18.51,2.63E+02,8.430927113
1940,85,-10.296,-17.874,-14.085,4.735,-17.874,2.28E+02,11.95091128
1940,86,-7.162,-13.451,-10.3065,1.779,-13.451,2.34E+02,10.92170172
1940,87,-3.179,-11.571,-7.375,0.496,-11.571,2.77E+02,12.62859547
1940,88,-0.039,-21.771,-10.905,0,-21.771,2.19E+02,16.17337346
1940,89,4.274,-22.312,-9.019,1.899,-22.312,3.49E+02,16.52494468
1940,90,3.583,0.762,2.1725,0.376,0.762,1.75E+02,6.480209925
1940,91,5.069,-0.703,2.183,0.787,-0.703,2.78E+02,10.58894136
1940,92,-2.301,-6.205,-4.253,0.908,-6.205,2.57E+02,8.257991489
1940,93,1.715,-7.899,-3.092,0,-7.899,1.55E+02,13.73354606
1940,94,3.283,-14.528,-5.6225,0,-14.528,1.23E+02,16.4149707
1940,95,6.39,-12.377,-2.9935,0.291,-12.377,4.34E+02,16.65224651
1940,96,-4.699,-10.31,-7.5045,0.291,-10.31,5.46E+02,10.56720828
1940,97,-9.605,-18.298,-13.9515,0,-18.298,4.32E+02,13.37218736
1940,98,-0.049,-18.094,-9.0715,0,-18.094,2.54E+02,16.84122468
1940,99,2.791,-13.239,-5.224,3.977,-13.239,2.16E+02,16.55013003
1940,100,2.171,-5.615,-1.722,0.863,-5.615,2.38E+02,12.82154784
1940,101,-2.101,-12.495,-7.298,0.467,-12.495,2.38E+02,14.64403593
1940,102,0.028,-13.774,-6.873,11.042,-13.774,2.58E+02,16.18120867
1940,103,-6.79,-19.22,-13.005,2.405,-19.22,1.28E+02,15.74301725
1940,104,-8.375,-13.094,-10.7345,11.008,-13.094,2.05E+02,9.641331143
1940,105,-9.201,-15.729,-12.465,3.15,-15.729,2.06E+02,11.82952476
1940,106,-0.984,-14.084,-7.534,0,-14.084,2.12E+02,16.20678491
1940,107,3.27,-22.487,-9.6085,0,-22.487,2.30E+02,18.49452422
1940,108,3.713,-20.08,-8.1835,0.065,-20.08,2.75E+02,18.4528699
1940,109,3.911,-6.875,-1.482,8.785,-6.875,1.69E+02,15.29319105
1940,110,3.303,-0.831,1.236,6.796,-0.831,3.67E+02,8.889374119
1940,111,5.509,-0.928,2.2905,0,-0.928,3.70E+02,11.8976603
1940,112,5.528,0.822,3.175,0,0.822,3.41E+02,9.761264136
1940,113,7.06,-2.011,2.5245,0,-2.011,3.31E+02,14.35161488
1940,114,9.192,-2.246,3.473,0,-2.246,1.66E+02,15.89779661
1940,115,9.798,-1.642,4.078,0,-1.642,4.05E+02,15.94649586
1940,116,7.65,-6.006,0.822,0,-6.006,2.09E+02,17.02385623
1940,117,5.11,-5.748,-0.319,0,-5.748,2.71E+02,15.70657564
1940,118,7.67,-5.788,0.941,0,-5.788,2.48E+02,17.05012631
1940,119,9.467,-7.06,1.2035,2.229,-7.06,2.42E+02,18.14184023
1940,120,10.836,1.352,6.094,2.571,1.352,3.43E+02,14.90951233
1940,121,5.049,1.331,3.19,9.834,1.331,1.69E+02,8.339621744
1940,122,3.596,0.277,1.9365,0.816,0.277,1.29E+02,7.656532027
1940,123,3.557,1.35,2.4535,7.878,1.35,1.90E+02,5.508208756
1940,124,7.267,0.975,4.121,0.343,0.975,2.57E+02,12.01121944
1940,125,5.197,-1.295,1.951,0,-1.295,1.56E+02,12.26124352
1940,126,9.976,-6.442,1.767,0,-6.442,1.92E+02,18.49724861
1940,127,12.058,-1.718,5.17,14.958,-1.718,2.36E+02,17.60484848
1940,128,4.758,-1.202,1.778,4.96,-1.202,3.99E+02,11.67336604
1940,129,3.283,-5.131,-0.924,1.183,-5.131,2.57E+02,14.29171491
1940,130,7.219,-1.907,2.656,0.478,-1.907,3.00E+02,14.92210815
1940,131,10.931,-1.022,4.9545,0.486,-1.022,2.36E+02,16.86383877
1940,132,4.872,-0.998,1.937,0.182,-0.998,3.05E+02,11.61399162
1940,133,8.263,-6.899,0.682,0,-6.899,1.49E+02,18.39439937
1940,134,4.285,-5.319,-0.517,3.26,-5.319,2.64E+02,15.39669713
1940,135,10.881,-0.337,5.272,0.015,-0.337,1.77E+02,16.54774012
1940,136,12.954,-1.622,5.666,0.831,-1.622,2.73E+02,18.27798447
1940,137,8.259,3.596,5.9275,6.924,3.596,1.72E+02,9.980020093
1940,138,6.862,4.181,5.5215,10.365,4.181,2.17E+02,6.524922028
1940,139,9.171,3.089,6.13,0.549,3.089,2.62E+02,11.96341749
1940,140,9.702,2.494,6.098,1.369,2.494,2.27E+02,13.29314345
1940,141,5.994,3.115,4.5545,2.291,3.115,2.50E+02,6.923737835
1940,142,12.975,2.632,7.8035,1.662,2.632,3.22E+02,16.11822994
1940,143,13.5,4.267,8.8835,3.229,4.267,1.83E+02,15.27228269
1940,144,9.957,6.182,8.0695,21.918,6.182,2.26E+02,8.578619985
1940,145,13.999,6.283,10.141,2.984,6.283,2.15E+02,13.89092811
1940,146,22.26,7.347,14.8035,0,7.347,2.26E+02,18.70249291
1940,147,24.162,8.647,16.4045,1.623,8.647,2.94E+02,18.96015233
1940,148,19.346,9.105,14.2255,0.66,9.105,1.86E+02,16.14437533
1940,149,16.181,3.187,9.684,0,3.187,2.89E+02,17.88300875
1940,150,17.05,0.751,8.9005,0,0.751,3.26E+02,19.30854015
1940,151,23.866,2.503,13.1845,0,2.503,2.43E+02,20.60790045
1940,152,26.128,5.309,15.7185,0,5.309,1.50E+02,20.53069887
1940,153,27.989,8.158,18.0735,0,8.158,2.54E+02,20.3492254
1940,154,20.954,7.556,14.255,2.027,7.556,2.07E+02,18.1710711
1940,155,14.791,7.632,11.2115,1.892,7.632,2.19E+02,13.38079217
1940,156,9.665,1.94,5.8025,5.274,1.94,2.31E+02,13.99925336
1940,157,10.836,8.071,9.4535,39.606,8.071,1.80E+02,6.73073349
1940,158,22.527,6.576,14.5515,0,6.576,3.07E+02,19.32256255
1940,159,14.153,5.876,10.0145,2.274,5.876,2.65E+02,14.57410603
1940,160,13.914,7.159,10.5365,0.393,7.159,2.47E+02,12.93999911
1940,161,20.991,3.186,12.0885,0,3.186,3.62E+02,19.96306659
1940,162,18.562,9.833,14.1975,4.815,9.833,3.33E+02,15.0179408
1940,163,12.523,8.652,10.5875,0.194,8.652,3.08E+02,8.794248854
1940,164,19.822,2.884,11.353,0.706,2.884,1.41E+02,19.72400797
1940,165,14.718,2.754,8.736,8.165,2.754,2.77E+02,17.47643626
1940,166,13.631,-0.12,6.7555,32.866,-0.12,2.48E+02,18.45837521
1940,167,14.53,6.36,10.445,2.971,6.36,2.60E+02,14.49913253
1940,168,16.837,4.066,10.4515,0,4.066,1.78E+02,17.9563374
1940,169,16.406,8.332,12.369,2.126,8.332,1.39E+02,14.40615885
1940,170,24.13,12.366,18.248,2.896,12.366,1.31E+02,17.36604008
1940,171,12.147,6.098,9.1225,5.62,6.098,3.59E+02,12.08168933
1940,172,11.247,2.514,6.8805,0.111,2.514,2.63E+02,15.04277249
1940,173,9.128,2.538,5.833,0.265,2.538,1.85E+02,12.7629396
1940,174,14.053,4.191,9.122,0,4.191,9.72E+01,16.01267352
1940,175,19.213,3.487,11.35,0,3.487,1.68E+02,19.31699736
1940,176,18.08,10.017,14.0485,1.184,10.017,1.93E+02,14.39140138
1940,177,13.267,10.361,11.814,1.451,10.361,3.23E+02,7.017311082
1940,178,14.515,11.186,12.8505,9.382,11.186,3.00E+02,7.824570361
1940,179,15.988,8.209,12.0985,4.944,8.209,2.77E+02,14.09254099
1940,180,16.255,9.216,12.7355,12.78,9.216,2.19E+02,13.28043291
1940,181,14.043,10.913,12.478,13.278,10.913,1.38E+02,7.447671582
1940,182,15.693,8.228,11.9605,0.786,8.228,1.34E+02,13.74760174
1940,183,16.536,9.495,13.0155,0,9.495,2.11E+02,13.27148085
1940,184,17.636,4.458,11.047,0,4.458,1.80E+02,18.11534054
1940,185,18.341,4.658,11.4995,0,4.658,1.42E+02,18.35862238
1940,186,19.244,6.935,13.0895,0.015,6.935,2.31E+02,17.61689123
1940,187,20.9,6.363,13.6315,0,6.363,3.10E+02,18.72630876
1940,188,29.06,6.823,17.9415,0,6.823,1.94E+02,20.84044751
1940,189,28.81,17.639,23.2245,0,17.639,1.22E+02,16.87447687
1940,190,28.398,17.942,23.17,0.438,17.942,1.43E+02,16.36378933
1940,191,21.523,10.779,16.151,13.296,10.779,1.78E+02,16.55750219
1940,192,20.723,10.269,15.496,4.132,10.269,1.39E+02,16.33738814
1940,193,16.028,5.493,10.7605,0.598,5.493,1.29E+02,16.38234669
1940,194,18.051,4.702,11.3765,0,4.702,1.89E+02,18.05696249
1940,195,24.203,7.169,15.686,0,7.169,8.64E+01,19.49237825
1940,196,17.547,10.412,13.9795,8.048,10.412,1.05E+02,13.28754843
1940,197,18.409,12.576,15.4925,7.538,12.576,1.25E+02,11.7020202
1940,198,19.999,8.779,14.389,0,8.779,1.07E+02,16.76834416
1940,199,24.017,9.676,16.8465,0.775,9.676,2.57E+02,18.40607322
1940,200,17.313,12.734,15.0235,1.963,12.734,1.13E+02,9.888657893
1940,201,16.619,10.149,13.384,0.068,10.149,1.85E+02,12.46847813
1940,202,22.656,14.591,18.6235,0.335,14.591,2.08E+02,14.18243749
1940,203,23.953,14.104,19.0285,33.374,14.104,1.91E+02,15.70581944
1940,204,24.17,13.475,18.8225,0,13.475,2.56E+02,16.29567395
1940,205,26.787,13.75,20.2685,3.42,13.75,3.28E+02,17.6394217
1940,206,27.78,17.076,22.428,0.952,17.076,1.85E+02,16.25541994
1940,207,28.69,17.933,23.3115,21.273,17.933,2.57E+02,16.2665534
1940,208,20.78,14.463,17.6215,5.485,14.463,1.31E+02,12.20299229
1940,209,20.579,9.704,15.1415,0,9.704,1.49E+02,16.29257545
1940,210,22.898,9.626,16.262,0,9.626,1.64E+02,17.5956785
1940,211,20.735,9.724,15.2295,1.53,9.724,2.29E+02,16.3240935
1940,212,24.744,16.247,20.4955,3.977,16.247,2.73E+02,14.40299676
1940,213,15.766,8.272,12.019,1.875,8.272,2.03E+02,13.42966925
1940,214,22.079,11.236,16.6575,0,11.236,2.53E+02,16.126699
1940,215,26.077,11.865,18.971,0,11.865,2.18E+02,17.81377748
1940,216,24.472,14.515,19.4935,0,14.515,2.40E+02,15.46614031
1940,217,22.285,17.351,19.818,26.763,17.351,9.38E+01,10.27255669
1940,218,24.086,14.271,19.1785,2.551,14.271,1.92E+02,15.30318596
1940,219,21.654,16.253,18.9535,0.664,16.253,2.00E+02,10.89114351
1940,220,24.318,11.884,18.101,0,11.884,1.79E+02,16.80605514
1940,221,25.63,13.037,19.3335,2.317,13.037,1.74E+02,16.84045073
1940,222,19.564,7.459,13.5115,0,7.459,1.72E+02,16.55437137
1940,223,22.183,8.002,15.0925,0,8.002,1.38E+02,17.42510075
1940,224,27.503,10.726,19.1145,0,10.726,1.99E+02,18.19056305
1940,225,25.108,19.453,22.2805,1.462,19.453,2.06E+02,11.12441495
1940,226,18.588,9.83,14.209,0,9.83,1.59E+02,14.24124867
1940,227,19.209,7.458,13.3335,0,7.458,2.35E+02,16.14463639
1940,228,24.171,7.304,15.7375,0,7.304,2.18E+02,17.95758142
1940,229,27.695,14.179,20.937,0,14.179,2.45E+02,16.84105124
1940,230,27.132,19.583,23.3575,0,19.583,2.30E+02,13.06801546
1940,231,20.22,12.464,16.342,40.49,12.464,2.58E+02,13.2266407
1940,232,14.664,11.701,13.1825,6.447,11.701,3.44E+02,6.930776306
1940,233,10.499,7.204,8.8515,3.669,7.204,3.00E+02,7.515576677
1940,234,12.693,5.509,9.101,0.675,5.509,2.47E+02,12.59955556
1940,235,13.968,9.358,11.663,13.852,9.358,2.38E+02,9.556369141
1940,236,11.959,4.823,8.391,0.524,4.823,3.22E+02,12.49032371
1940,237,11.625,4.77,8.1975,0,4.77,1.69E+02,12.18456611
1940,238,13.226,3.292,8.259,0,3.292,2.52E+02,14.57629138
1940,239,13.881,3.071,8.476,0,3.071,2.79E+02,15.02597511
1940,240,17.491,2.466,9.9785,0,2.466,2.61E+02,16.6078967
1940,241,20.538,3.442,11.99,0,3.442,2.46E+02,17.01293577
1940,242,20.154,6.72,13.437,4.473,6.72,1.63E+02,15.96617087
1940,243,20.421,14.598,17.5095,13.911,14.598,1.35E+02,10.91482073
1940,244,20.388,16.444,18.416,2.805,16.444,1.87E+02,8.434135076
1940,245,17.848,11.001,14.4245,11.917,11.001,3.23E+02,11.90563808
1940,246,20.587,13.149,16.868,4.696,13.149,1.37E+02,12.39537502
1940,247,18.434,13.115,15.7745,2.262,13.115,1.48E+02,10.22109757
1940,248,15.596,8.5,12.048,0.141,8.5,1.49E+02,12.01659522
1940,249,17.737,5.848,11.7925,0,5.848,2.53E+02,14.87900579
1940,250,17.152,4.059,10.6055,0,4.059,2.47E+02,15.23376557
1940,251,18.268,3.908,11.088,0,3.908,3.50E+02,15.51400497
1940,252,19.368,8.763,14.0655,1.712,8.763,2.41E+02,14.10636159
1940,253,11.766,7.031,9.3985,4.337,7.031,1.40E+02,9.346482893
1940,254,15.061,8.65,11.8555,9.5,8.65,2.17E+02,11.14941124
1940,255,10.532,5.394,7.963,1.865,5.394,2.65E+02,9.780103296
1940,256,11.159,7.42,9.2895,2.049,7.42,3.17E+02,7.91704327
1940,257,14.008,6.443,10.2255,0,6.443,1.80E+02,11.98299381
1940,258,15.567,6.987,11.277,0,6.987,3.05E+02,12.61784123
1940,259,18.883,4.489,11.686,0,4.489,3.46E+02,14.76989611
1940,260,21.481,6.342,13.9115,0,6.342,2.74E+02,14.81924365
1940,261,22.11,8.951,15.5305,0,8.951,3.15E+02,14.28166076
1940,262,21.161,7.445,14.303,2.307,7.445,2.49E+02,14.32127414
1940,263,15.945,12.486,14.2155,26.83,12.486,2.15E+02,7.366937203
1940,264,18.004,14.139,16.0715,2.312,14.139,1.35E+02,7.928805331
1940,265,20.529,14.622,17.5755,0.375,14.622,1.59E+02,10.2198522
1940,266,16.258,7.681,11.9695,1.095,7.681,2.45E+02,12.09884981
1940,267,16.108,3.854,9.981,4.608,3.854,1.53E+02,13.4690547
1940,268,10.545,3.847,7.196,0.214,3.847,2.40E+02,10.74633889
1940,269,7.069,-0.622,3.2235,1.144,-0.622,3.46E+02,11.37999826
1940,270,6.697,-2.512,2.0925,3.161,-2.512,2.44E+02,12.12699779
1940,271,12.721,0.842,6.7815,0,0.842,1.94E+02,12.98253362
1940,272,7.145,-1.341,2.902,0.048,-1.341,1.58E+02,11.62746375
1940,273,8.97,-0.239,4.3655,0,-0.239,2.29E+02,11.89198935
1940,274,16.412,0.096,8.254,0,0.096,1.31E+02,13.40872277
1940,275,18.339,7.121,12.73,0,7.121,8.64E+01,12.41715457
1940,276,7.761,-0.714,3.5235,0,-0.714,8.64E+01,11.32547329
1940,277,9.955,-1.139,4.408,0,-1.139,8.64E+01,12.1905946
1940,278,9.778,-2.624,3.577,0,-2.624,8.64E+01,12.39360707
1940,279,14.639,-0.026,7.3065,2.276,-0.026,8.64E+01,12.6349227
1940,280,14.028,9.113,11.5705,6.202,9.113,8.64E+01,8.641085564
1940,281,11.956,10.278,11.117,5.243,10.278,8.64E+01,4.075111572
1940,282,9.787,4.743,7.265,2.98,4.743,8.64E+01,8.675971498
1940,283,7.341,1.981,4.661,0.892,1.981,8.64E+01,8.906167159
1940,284,12.832,2.438,7.635,4.871,2.438,8.64E+01,11.32980369
1940,285,12.899,7.186,10.0425,14.024,7.186,8.64E+01,9.084870727
1940,286,11.786,5.982,8.884,12.93,5.982,8.64E+01,9.097905828
1940,287,7.881,1.563,4.722,7.829,1.563,8.64E+01,9.387941818
1940,288,4.202,-0.251,1.9755,0.466,-0.251,8.64E+01,7.866682644
1940,289,2.489,-3.146,-0.3285,0.599,-3.146,8.64E+01,8.812061734
1940,290,3.285,-7.889,-2.302,0,-7.889,8.64E+01,10.90617676
1940,291,2.477,-0.435,1.021,2.466,-0.435,8.64E+01,5.985443822
1940,292,-0.23,-5.148,-2.689,0.098,-5.148,8.64E+01,8.108758951
1940,293,0.565,-8.902,-4.1685,0,-8.902,8.64E+01,10.24404468
1940,294,-1.502,-5.402,-3.452,1.97,-5.402,8.64E+01,7.08564365
1940,295,-1.025,-7.502,-4.2635,0,-7.502,8.64E+01,8.97195519
1940,296,2.622,-6.949,-2.1635,5.066,-6.949,8.64E+01,9.993045169
1940,297,4.383,-2.085,1.149,6.308,-2.085,8.64E+01,8.835820238
1940,298,2.177,-1.394,0.3915,0.559,-1.394,8.64E+01,6.602523433
1940,299,-0.801,-2.938,-1.8695,0.784,-2.938,8.64E+01,4.6910022
1940,300,0.703,-3.581,-1.439,3.042,-3.581,8.64E+01,7.22001296
1940,301,-1.526,-5.653,-3.5895,0.359,-5.653,8.64E+01,7.041605194
1940,302,0.675,-6.943,-3.134,0.498,-6.943,8.64E+01,8.949859087
1940,303,1.584,-6.893,-2.6545,0,-6.893,8.64E+01,9.116363492
1940,304,5.372,-8.884,-1.756,0,-8.884,8.64E+01,9.718425469
1940,305,5.057,-7.602,-1.2725,0,-7.602,8.64E+01,9.52136286
1940,306,6.797,-5.155,0.821,1.405,-5.155,2.87E+02,9.366509559
1940,307,3.952,-0.48,1.736,2.66,-0.48,1.19E+02,7.040071836
1940,308,3.945,0.297,2.121,0.074,0.297,1.37E+02,6.346176324
1940,309,1.91,-0.776,0.567,0.454,-0.776,1.93E+02,5.279916998
1940,310,2.264,-2.442,-0.089,8.782,-2.442,2.53E+02,7.095771849
1940,311,1.769,-0.753,0.508,5.832,-0.753,2.35E+02,5.030212254
1940,312,1.989,-1.745,0.122,1.68,-1.745,1.39E+02,6.284570369
1940,313,-2.791,-5.695,-4.243,0.454,-5.695,2.48E+02,5.441520486
1940,314,-1.729,-7.4,-4.5645,1.88,-7.4,2.78E+02,7.415011201
1940,315,-0.751,-4.176,-2.4635,0.108,-4.176,2.71E+02,5.911838728
1940,316,8.077,-3.846,2.1155,9.543,-3.846,2.93E+02,8.429188373
1940,317,10.549,1.28,5.9145,0.148,1.28,2.08E+02,8.123073653
1940,318,-0.981,-4.287,-2.634,0,-4.287,1.07E+02,5.71334082
1940,319,-0.535,-8.495,-4.515,0,-8.495,1.92E+02,7.779892858
1940,320,-1.628,-11.893,-6.7605,0.043,-11.893,1.33E+02,7.994351192
1940,321,-2.019,-9.811,-5.915,0.076,-9.811,1.56E+02,7.616905992
1940,322,-1.632,-5.102,-3.367,1.936,-5.102,1.55E+02,5.739326487
1940,323,-3.113,-4.732,-3.9225,0.567,-4.732,1.43E+02,3.566089416
1940,324,0.284,-7.76,-3.738,1.452,-7.76,3.22E+02,7.469786955
1940,325,1.148,-4.691,-1.7715,0.824,-4.691,2.03E+02,6.905899838
1940,326,-0.924,-5.261,-3.0925,3.325,-5.261,2.44E+02,6.205605209
1940,327,-2.494,-11.004,-6.749,1.403,-11.004,1.93E+02,7.352134224
1940,328,-8.629,-12.962,-10.7955,1.751,-12.962,2.52E+02,6.134543309
1940,329,-5.059,-12.142,-8.6005,2.674,-12.142,2.63E+02,7.027348683
1940,330,-8.515,-14.048,-11.2815,0.723,-14.048,3.01E+02,6.583570445
1940,331,-13.002,-20.03,-16.516,0.013,-20.03,3.58E+02,6.921079775
1940,332,-12.712,-16.987,-14.8495,4.858,-16.987,2.16E+02,5.97718129
1940,333,-13.641,-17.786,-15.7135,0.758,-17.786,4.31E+02,5.878311091
1940,334,-17.872,-28.686,-23.279,1.642,-28.686,3.32E+02,7.134665073
1940,335,-14.289,-21.53,-17.9095,0.045,-21.53,3.83E+02,6.784852334
1940,336,-16.356,-26.525,-21.4405,0,-26.525,1.65E+02,7.012578384
1940,337,-20.797,-31.614,-26.2055,0.378,-31.614,2.58E+02,6.996246125
1940,338,-23.467,-32.6,-28.0335,0,-32.6,1.02E+02,6.869982549
1940,339,-17.043,-27.441,-22.242,1.076,-27.441,3.09E+02,6.899981069
1940,340,-14.186,-22.203,-18.1945,0,-22.203,3.33E+02,6.704288158
1940,341,-19.156,-32.113,-25.6345,1.482,-32.113,1.87E+02,6.891345048
1940,342,-9.827,-23.543,-16.685,11.463,-23.543,1.63E+02,6.86712939
1940,343,-13.162,-16.109,-14.6355,0.713,-16.109,2.89E+02,4.884919105
1940,344,-13.667,-30.142,-21.9045,1.659,-30.142,1.78E+02,6.823976765
1940,345,-8.721,-24.128,-16.4245,2.912,-24.128,1.89E+02,6.79443319
1940,346,-13.973,-20.852,-17.4125,0.853,-20.852,2.57E+02,6.41276493
1940,347,-11.862,-20.447,-16.1545,8.125,-20.447,1.30E+02,6.583032757
1940,348,-18.453,-30.01,-24.2315,0.568,-30.01,1.22E+02,6.69315633
1940,349,-8.402,-27.248,-17.825,4.009,-27.248,2.67E+02,6.726699501
1940,350,-8.579,-19.38,-13.9795,0,-19.38,2.06E+02,6.648569185
1940,351,-10.827,-27.205,-19.016,10.401,-27.205,2.74E+02,6.700806814
1940,352,-17.373,-26.955,-22.164,2.801,-26.955,3.01E+02,6.588032898
1940,353,-16.455,-29.559,-23.007,0.028,-29.559,3.14E+02,6.671069017
1940,354,-2.579,-32.596,-17.5875,0.988,-32.596,3.41E+02,6.695262826
1940,355,0.325,-5.138,-2.4065,1.328,-5.138,2.25E+02,6.056164426
1940,356,-13.464,-23.938,-18.701,1.823,-23.938,8.86E+01,6.623646623
1940,357,-11.88,-18.096,-14.988,2.562,-18.096,9.04E+01,6.239621859
1940,358,-13.589,-26.912,-20.2505,0,-26.912,1.86E+02,6.693898634
1940,359,-3.373,-18.741,-11.057,0.378,-18.741,2.82E+02,6.719850576
1940,360,-1.55,-7.891,-4.7205,0,-7.891,9.70E+01,6.291839054
1940,361,0.711,-3.71,-1.4995,3.944,-3.71,1.06E+02,5.736797952
1940,362,1.432,-3.296,-0.932,0.04,-3.296,1.17E+02,5.873613496
1940,363,-2.34,-8.171,-5.2555,2.111,-8.171,2.14E+02,6.22706141
1940,364,-3.5,-5.363,-4.4315,0.302,-5.363,2.83E+02,3.746172738
1940,365,-2.037,-6.033,-4.035,12.843,-6.033,1.63E+02,5.585268762
1940,366,-7.267,-11.264,-9.2655,0,-11.264,2.63E+02,5.601527357
