DJ0207XDMNXPHWR
CCXMDDM
24,1,12.0
7,0.075,0.125,0.00,0,0,0,0,0,0,0,0
1941,1,-8.909,-16.338,-12.6235,0,-16.338,1.60E+02,6.579509347,,,
1941,2,-8.952,-29.228,-19.09,0.03,-29.228,1.91E+02,6.925847379,,,
1941,3,-5.561,-16.666,-11.1135,3.666,-16.666,2.38E+02,6.890702857,,,
1941,4,-4.616,-8.501,-6.5585,3.198,-8.501,3.58E+02,5.593212169,,,
1941,5,-7.271,-10.798,-9.0345,0.98,-10.798,1.22E+02,5.389448316,,,
1941,6,-13.054,-25.052,-19.053,0,-25.052,1.81E+02,7.033655987,,,
1941,7,-15.64,-24.43,-20.035,0,-24.43,1.85E+02,6.927358613,,,
1941,8,-12.774,-31.334,-22.054,1.278,-31.334,2.16E+02,7.183276767,,,
1941,9,-8.661,-20.602,-14.6315,2.035,-20.602,1.73E+02,7.174746427,,,
1941,10,-18.817,-28.98,-23.8985,0.332,-28.98,1.45E+02,7.159081356,,,
1941,11,-13.404,-32.939,-23.1715,2.715,-32.939,1.08E+02,7.349370314,,,
1941,12,-8.699,-19.262,-13.9805,1.382,-19.262,1.08E+02,7.28651675,,,
1941,13,-23.942,-28.862,-26.402,0,-28.862,2.86E+02,6.353187273
1941,14,-25.793,-33.861,-29.827,0,-33.861,1.40E+02,7.189013757
1941,15,-23.913,-36.229,-30.071,0,-36.229,2.46E+02,7.533369167
1941,16,-13.547,-34.275,-23.911,0,-34.275,4.62E+02,7.675349824
1941,17,-6.559,-24.464,-15.5115,0.188,-24.464,2.31E+02,7.740436869
1941,18,-5.912,-9.154,-7.533,5.561,-9.154,1.42E+02,5.467382355
1941,19,-10.837,-17.998,-14.4175,1.566,-17.998,2.97E+02,7.315534906
1941,20,-18.08,-28.107,-23.0935,1.163,-28.107,4.20E+02,7.762234098
1941,21,-10.649,-27.586,-19.1175,2.055,-27.586,1.59E+02,8.044192893
1941,22,-7.96,-17.016,-12.488,3.278,-17.016,2.39E+02,7.809509604
1941,23,-19.787,-24.498,-22.1425,0.072,-24.498,2.50E+02,6.651795776
1941,24,-16.025,-38.465,-27.245,0,-38.465,2.60E+02,8.320020409
1941,25,-14.369,-27.26,-20.8145,0.652,-27.26,2.40E+02,8.307561606
1941,26,-22.203,-36.624,-29.4135,0.035,-36.624,1.11E+02,8.439147046
1941,27,-17.187,-40.106,-28.6465,0.79,-40.106,1.23E+02,8.598192685
1941,28,-13.938,-24.845,-19.3915,1.566,-24.845,1.51E+02,8.456678894
1941,29,-22.593,-33.618,-28.1055,0,-33.618,2.18E+02,8.552438198
1941,30,-15.073,-36.795,-25.934,0.362,-36.795,2.66E+02,8.89128649
1941,31,-8.993,-18.175,-13.584,1.498,-18.175,1.86E+02,8.515741617
1941,32,-11.885,-16.538,-14.2115,0,-16.538,2.91E+02,7.019474782
1941,33,-7.049,-17.589,-12.319,1.815,-17.589,1.10E+02,8.863221893
1941,34,-9.516,-14.061,-11.7885,0.081,-14.061,1.90E+02,7.037404658
1941,35,-10.374,-20.449,-15.4115,0,-20.449,2.77E+02,8.987782171
1941,36,-7.375,-31.518,-19.4465,0,-31.518,2.79E+02,9.539530226
1941,37,-5.426,-23.45,-14.438,0,-23.45,1.21E+02,9.612471464
1941,38,-1.902,-14.113,-8.0075,0.064,-14.113,2.79E+02,9.498506709
1941,39,-0.057,-5.538,-2.7975,3.346,-5.538,2.25E+02,7.884002246
1941,40,-21.344,-28.214,-24.779,0.466,-28.214,1.99E+02,8.614715739
1941,41,-6.847,-32.884,-19.8655,1.277,-32.884,1.87E+02,10.12661824
1941,42,-12.813,-23.156,-17.9845,0,-23.156,2.31E+02,9.679716164
1941,43,-8.218,-35.01,-21.614,1.357,-35.01,2.29E+02,10.37215244
1941,44,0.438,-11.588,-5.575,0.544,-11.588,2.79E+02,10.10202376
1941,45,0.695,-5.515,-2.41,2.911,-5.515,2.61E+02,8.645372281
1941,46,-10.771,-16.442,-13.6065,0.361,-16.442,2.35E+02,8.395419821
1941,47,-15.409,-23.776,-19.5925,0,-23.776,1.76E+02,9.68020035
1941,48,-15.059,-22.616,-18.8375,6.642,-22.616,2.32E+02,9.473888337
1941,49,-14.773,-19.451,-17.112,3.108,-19.451,2.00E+02,7.82201816
1941,50,-14.233,-18.096,-16.1645,1.815,-18.096,1.55E+02,7.086011452
1941,51,-1.524,-16.542,-9.033,0.131,-16.542,1.31E+02,11.14205717
1941,52,-1.407,-6.981,-4.194,0.267,-6.981,3.10E+02,8.666682526
1941,53,-3.006,-8.402,-5.704,0.544,-8.402,2.00E+02,8.589860083
1941,54,-10.629,-14.735,-12.682,1.735,-14.735,2.25E+02,7.483649586
1941,55,-9.208,-21.892,-15.55,0.819,-21.892,1.69E+02,11.37302148
1941,56,-5.354,-22.153,-13.7535,2.977,-22.153,2.27E+02,11.85870196
1941,57,-14.931,-22.265,-18.598,0.361,-22.265,1.38E+02,10.03904137
1941,58,-12.964,-23.4,-18.182,0,-23.4,1.29E+02,11.257666
1941,59,-14.009,-26.103,-20.056,0,-26.103,1.22E+02,11.71441843
1941,60,-6.773,-21.415,-14.094,0,-21.415,1.29E+02,12.1795664
1941,61,-3.803,-28.141,-15.972,1.914,-28.141,1.27E+02,12.73206318
1941,62,-14.235,-19.643,-16.939,0.332,-19.643,2.33E+02,9.049835254
1941,63,-8.929,-23.066,-15.9975,0.332,-23.066,3.16E+02,12.47041244
1941,64,-10.98,-21.439,-16.2095,0.332,-21.439,2.30E+02,11.83559526
1941,65,-11.869,-21.941,-16.905,0.332,-21.941,1.48E+02,11.80725861
1941,66,-8.126,-29.073,-18.5995,0.515,-29.073,2.94E+02,13.33327638
1941,67,-3,-18.645,-10.8225,0.332,-18.645,1.63E+02,13.11794316
1941,68,-2.737,-18.435,-10.586,0.056,-18.435,1.28E+02,13.2427988
1941,69,-1.368,-16.618,-8.993,0,-16.618,1.18E+02,13.30784609
1941,70,-2.126,-25.326,-13.726,0,-25.326,2.83E+02,13.93787542
1941,71,-2.924,-19.08,-11.002,0,-19.08,2.68E+02,13.65003857
1941,72,-3.148,-22.34,-12.744,0,-22.34,1.85E+02,14.03113486
1941,73,-4.038,-11.106,-7.572,0,-11.106,3.58E+02,10.91676107
1941,74,1.287,-22.213,-10.463,1.248,-22.213,2.20E+02,14.48385425
1941,75,0.331,-4.575,-2.122,1.149,-4.575,3.22E+02,9.09997948
1941,76,0.741,-13.133,-6.196,6.138,-13.133,1.79E+02,13.86405918
1941,77,-14.385,-19.563,-16.974,2.986,-19.563,1.62E+02,9.46440297
1941,78,-15.873,-21.163,-18.518,18.803,-21.163,1.58E+02,9.6190704
1941,79,-11.772,-18.982,-15.377,5.66,-18.982,1.42E+02,11.35698249
1941,80,-4.81,-15.713,-10.2615,0.603,-15.713,3.03E+02,13.40907901
1941,81,-2.866,-11.225,-7.0455,0,-11.225,3.27E+02,12.24640891
1941,82,-0.836,-7.923,-4.3795,0,-7.923,3.25E+02,11.42209567
1941,83,0.146,-4.75,-2.302,0,-4.75,1.76E+02,9.351915332
1941,84,1.595,-9.5,-3.9525,0.401,-9.5,2.63E+02,13.80987081
1941,85,-1.432,-5.782,-3.607,7.678,-5.782,2.28E+02,8.729539138
1941,86,-1.799,-5.547,-3.673,4.967,-5.547,2.34E+02,7.915061108
1941,87,-7.696,-12.784,-10.24,0.363,-12.784,2.77E+02,9.698002025
1941,88,-12.239,-18.352,-15.2955,0,-18.352,2.19E+02,10.83173389
1941,89,-9.145,-17.752,-13.4485,0.024,-17.752,3.49E+02,12.88368152
1941,90,-7.904,-17.262,-12.583,1.317,-17.262,1.75E+02,13.40259583
1941,91,-2.962,-12.983,-7.9725,0.63,-12.983,2.78E+02,13.83049639
1941,92,3.2,-7.608,-2.204,0,-7.608,2.57E+02,14.28598876
1941,93,-0.803,-6.84,-3.8215,0,-6.84,1.55E+02,10.93547298
1941,94,2.047,-17.781,-7.867,0,-17.781,1.23E+02,16.67762199
1941,95,3.058,-20.929,-8.9355,0,-20.929,4.34E+02,17.12464673
1941,96,1.958,-15.177,-6.6095,0,-15.177,5.46E+02,16.49827627
1941,97,3.69,-13.674,-4.992,0,-13.674,4.32E+02,16.63303315
1941,98,8.135,-12.31,-2.0875,0,-12.31,2.54E+02,17.16009953
1941,99,9.236,-3.899,2.6685,0,-3.899,2.16E+02,15.73271021
1941,100,8.749,-6.889,0.93,0,-6.889,2.38E+02,16.54439559
1941,101,11.045,-8.626,1.2095,0,-8.626,2.38E+02,17.36250419
1941,102,14.347,-6.47,3.9385,4.189,-6.47,2.58E+02,17.5978002
1941,103,15.237,2.368,8.8025,2.565,2.368,1.28E+02,15.91832455
1941,104,6.737,2.089,4.413,5.332,2.089,2.05E+02,9.543618775
1941,105,6.772,0.975,3.8735,2.992,0.975,2.06E+02,11.02499414
1941,106,5.197,-5.18,0.0085,0,-5.18,2.12E+02,14.90571004
1941,107,8.24,-5.757,1.2415,1.23,-5.757,2.30E+02,16.59927828
1941,108,13.197,-0.775,6.211,0,-0.775,2.75E+02,16.65760178
1941,109,11.145,0.31,5.7275,4.354,0.31,1.69E+02,15.32069057
1941,110,7.326,2.116,4.721,22.233,2.116,3.67E+02,10.41155715
1941,111,2.413,-7.567,-2.577,4.541,-7.567,3.70E+02,14.90162711
1941,112,-0.278,-12.297,-6.2875,0,-12.297,3.41E+02,16.09191636
1941,113,-0.7,-12.806,-6.753,13.743,-12.806,3.31E+02,16.18640991
1941,114,4.684,-3.083,0.8005,0.04,-3.083,1.66E+02,13.30776535
1941,115,9.06,-8.466,0.297,0,-8.466,4.05E+02,18.13196744
1941,116,9.416,-5.337,2.0395,0,-5.337,2.09E+02,17.42532836
1941,117,16.347,-6.079,5.134,0,-6.079,2.71E+02,19.08109627
1941,118,4.557,-5.449,-0.446,0.495,-5.449,2.48E+02,15.20636355
1941,119,1.58,-4.126,-1.273,16.862,-4.126,2.42E+02,11.21133297
1941,120,8.733,-4.584,2.0745,0,-4.584,3.43E+02,17.09099951
1941,121,7.628,-5.119,1.2545,0,-5.119,1.69E+02,16.88228133
1941,122,8.938,-7.307,0.8155,0,-7.307,1.29E+02,18.23559419
1941,123,14.396,-5.323,4.5365,3.6,-5.323,1.90E+02,19.09934022
1941,124,14.46,0.256,7.358,0.048,0.256,2.57E+02,17.64626626
1941,125,11.788,-2.433,4.6775,0,-2.433,1.56E+02,17.69919983
1941,126,17.125,-4.185,6.47,4.499,-4.185,1.92E+02,19.54644383
1941,127,15.715,7.716,11.7155,13.892,7.716,2.36E+02,13.86670461
1941,128,16.298,5.883,11.0905,3.041,5.883,3.99E+02,15.82432394
1941,129,9.466,-2.101,3.6825,0,-2.101,2.57E+02,16.57849953
1941,130,10.114,-3.78,3.167,0.134,-3.78,3.00E+02,17.77655131
1941,131,7.908,-3.384,2.262,2.837,-3.384,2.36E+02,16.47878392
1941,132,4.325,-2.644,0.8405,4.813,-2.644,3.05E+02,12.91611854
1941,133,6.558,-0.915,2.8215,2.346,-0.915,1.49E+02,13.46858369
1941,134,15.87,-0.805,7.5325,0,-0.805,2.64E+02,18.93730207
1941,135,21.223,0.393,10.808,0,0.393,1.77E+02,19.94623532
1941,136,20.061,3.54,11.8005,7.991,3.54,2.73E+02,18.96857512
1941,137,6.571,0.255,3.413,0.514,0.255,1.72E+02,12.23067083
1941,138,12.292,-2.08,5.106,0,-2.08,2.17E+02,18.25949591
1941,139,18.035,0.577,9.306,0,0.577,2.62E+02,19.35592345
1941,140,20.913,0.509,10.711,2.203,0.509,2.27E+02,20.07996564
1941,141,23.014,10.876,16.945,0.789,10.876,2.50E+02,17.24869627
1941,142,19.662,5.305,12.4835,7.523,5.305,3.22E+02,18.36991424
1941,143,12.017,1.186,6.6015,0.331,1.186,1.83E+02,16.47898643
1941,144,13.567,-0.753,6.407,0,-0.753,2.26E+02,18.40609764
1941,145,13.691,-0.682,6.5045,0,-0.682,2.15E+02,18.45348644
1941,146,15.336,-1.31,7.013,0,-1.31,2.26E+02,19.328247
1941,147,18.046,3.433,10.7395,0,3.433,2.94E+02,18.60213004
1941,148,17.096,4.099,10.5975,0,4.099,1.86E+02,17.86592508
1941,149,15.958,3.08,9.519,0,3.08,2.89E+02,17.82205896
1941,150,18.246,2.368,10.307,0,2.368,3.26E+02,19.16064646
1941,151,19.856,4.741,12.2985,0,4.741,2.43E+02,18.89095614
1941,152,21.076,5.14,13.108,0,5.14,1.50E+02,19.22155245
1941,153,21.901,5.786,13.8435,0,5.786,2.54E+02,19.30398084
1941,154,19.758,4.711,12.2345,0,4.711,2.07E+02,18.9163061
1941,155,20.996,6.061,13.5285,0,6.061,2.19E+02,18.8859925
1941,156,21.64,4.076,12.858,0,4.076,2.31E+02,19.82472416
1941,157,25.614,8.122,16.868,0,8.122,1.80E+02,19.81889136
1941,158,19.754,9.898,14.826,21.726,9.898,3.07E+02,15.958998
1941,159,18.507,5.021,11.764,11.053,5.021,2.65E+02,18.27639405
1941,160,15.764,2.527,9.1455,0.476,2.527,2.47E+02,18.15937153
1941,161,17.527,4.609,11.068,0.959,4.609,3.62E+02,17.99950324
1941,162,19.306,7.226,13.266,0,7.226,3.33E+02,17.5297467
1941,163,21.655,5.208,13.4315,0,5.208,3.08E+02,19.55162374
1941,164,21.706,6.392,14.049,0.059,6.392,1.41E+02,19.13793808
1941,165,20.662,9.341,15.0015,13.74,9.341,2.77E+02,17.06691955
1941,166,19.548,10.328,14.938,2.412,10.328,2.48E+02,15.4719445
1941,167,21.4,13.781,17.5905,1.141,13.781,2.60E+02,13.932374
1941,168,26.577,11.779,19.178,0,11.779,1.78E+02,18.94405012
1941,169,28.292,11.559,19.9255,0,11.559,1.39E+02,19.68050834
1941,170,21.401,14.045,17.723,1.187,14.045,1.31E+02,13.65066031
1941,171,30.52,11.992,21.256,9.527,11.992,3.59E+02,20.22118731
1941,172,30.99,16.766,23.878,1.132,16.766,2.63E+02,18.69406587
1941,173,15.965,7.195,11.58,0,7.195,1.85E+02,15.07630344
1941,174,21.258,3.815,12.5365,2.13,3.815,9.72E+01,19.90688949
1941,175,13.608,5.076,9.342,0,5.076,1.68E+02,14.85144208
1941,176,14.016,-1.437,6.2895,4.962,-1.437,1.93E+02,19.20753469
1941,177,11.17,6.96,9.065,13.82,6.96,3.23E+02,9.370440882
1941,178,15.839,9.39,12.6145,0.293,9.39,3.00E+02,12.58309088
1941,179,22.849,8.398,15.6235,0.136,8.398,2.77E+02,18.77128754
1941,180,21.468,9.751,15.6095,0,9.751,2.19E+02,17.31044634
1941,181,19.058,8.199,13.6285,0.274,8.199,1.38E+02,16.73376882
1941,182,26.759,14.369,20.564,4.876,14.369,1.34E+02,17.70189132
1941,183,15.447,6.782,11.1145,0,6.782,2.11E+02,14.94644162
1941,184,17.101,5.082,11.0915,0,5.082,1.80E+02,17.46581796
1941,185,21.252,8.295,14.7735,0,8.295,1.42E+02,17.98832995
1941,186,24.84,9.67,17.255,2.542,9.67,2.31E+02,19.00488318
1941,187,20.108,13.532,16.82,12.234,13.532,3.10E+02,12.70527365
1941,188,17.894,12.82,15.357,2.255,12.82,1.94E+02,10.69475406
1941,189,20.478,11.658,16.068,0.532,11.658,1.22E+02,15.04421259
1941,190,21.908,10.287,16.0975,0.676,10.287,1.43E+02,17.15296634
1941,191,23.474,12.32,17.897,2.375,12.32,1.78E+02,16.83766669
1941,192,18.804,7.838,13.321,0,7.838,1.39E+02,16.69749089
1941,193,22.385,7.049,14.717,0,7.049,1.29E+02,18.9504243
1941,194,24.998,6.756,15.877,0,6.756,1.89E+02,19.86314792
1941,195,29.916,11.976,20.946,0,11.976,8.64E+01,19.75614176
1941,196,26.822,14.287,20.5545,0.358,14.287,1.05E+02,17.59252742
1941,197,23.607,15.323,19.465,14.38,15.323,1.25E+02,14.46076719
1941,198,18.681,13.083,15.882,13.834,13.083,1.07E+02,11.38040464
1941,199,21.35,9.234,15.292,0.526,9.234,2.57E+02,17.29565058
1941,200,28.336,13.608,20.972,36.854,13.608,1.13E+02,18.54196418
1941,201,15.975,9.954,12.9645,1.953,9.954,1.85E+02,11.91220784
1941,202,23.041,7.264,15.1525,6.845,7.264,2.08E+02,18.88175984
1941,203,31.02,17.332,24.176,0,17.332,1.91E+02,18.00819444
1941,204,30.549,17.589,24.069,7.514,17.589,2.56E+02,17.62898001
1941,205,28.562,17.694,23.128,7.257,17.694,3.28E+02,16.3889815
1941,206,23.35,13.157,18.2535,0,13.157,1.85E+02,15.89831739
1941,207,23.097,9.912,16.5045,0,9.912,2.57E+02,17.65225206
1941,208,22.554,10.928,16.741,0.082,10.928,1.31E+02,16.7869939
1941,209,27.05,11.794,19.422,0,11.794,1.49E+02,18.45414812
1941,210,27.727,12.112,19.9195,0,12.112,1.64E+02,18.54209184
1941,211,27.763,15.422,21.5925,15.024,15.422,2.29E+02,17.09666849
1941,212,23.619,17.232,20.4255,0.936,17.232,2.73E+02,12.23159974
1941,213,24.444,12.615,18.5295,0.034,12.615,2.03E+02,16.75074919
1941,214,24.374,11.836,18.105,0.023,11.836,2.53E+02,17.09497382
1941,215,22.905,11.896,17.4005,0.023,11.896,2.18E+02,16.19951825
1941,216,23.344,13.446,18.395,0,13.446,2.40E+02,15.4237885
1941,217,22.076,13.423,17.7495,0,13.423,9.38E+01,14.41950481
1941,218,22.199,10.812,16.5055,0,10.812,1.92E+02,16.3227722
1941,219,19.685,11.779,15.732,1.08,11.779,2.00E+02,13.70186429
1941,220,23.163,14.501,18.832,0.58,14.501,1.79E+02,14.34615911
1941,221,17.92,11.42,14.67,0.016,11.42,1.74E+02,12.20826645
1941,222,20.701,6.518,13.6095,0.342,6.518,1.72E+02,17.47711903
1941,223,20.676,9.274,14.975,10.787,9.274,1.38E+02,16.13493587
1941,224,17.095,4.745,10.92,4.297,4.745,1.99E+02,16.58671304
1941,225,11.249,3.622,7.4355,1.47,3.622,2.06E+02,13.28462184
1941,226,17.543,2.21,9.8765,1.983,2.21,1.59E+02,17.65634518
1941,227,15.995,4.521,10.258,0.675,4.521,2.35E+02,15.99826797
1941,228,15.685,5.301,10.493,0,5.301,2.18E+02,15.32027693
1941,229,15.076,3.667,9.3715,2.174,3.667,2.45E+02,15.86882258
1941,230,18.395,4.681,11.538,0,4.681,2.30E+02,16.85978354
1941,231,17.418,8.934,13.176,5.145,8.934,2.58E+02,13.84793211
1941,232,14.965,4.71,9.8375,0,4.71,3.44E+02,15.0631223
1941,233,19.495,5.746,12.6205,0,5.746,3.00E+02,16.69009673
1941,234,19.958,10.457,15.2075,13.567,10.457,2.47E+02,14.48396092
1941,235,13.151,4.289,8.72,6.654,4.289,2.38E+02,13.98674363
1941,236,14.577,3.696,9.1365,3.363,3.696,3.22E+02,15.22841559
1941,237,11.085,7.361,9.223,40.452,7.361,1.69E+02,8.19029336
1941,238,16.125,8.344,12.2345,3.993,8.344,2.52E+02,13.00531664
1941,239,8.433,4.175,6.304,7.795,4.175,2.79E+02,8.983079886
1941,240,13.315,5.237,9.276,0.789,5.237,2.61E+02,13.1735771
1941,241,14.463,4.16,9.3115,1.861,4.16,2.46E+02,14.63565918
1941,242,12.462,9.362,10.912,0.853,9.362,1.63E+02,7.08690379
1941,243,14.498,9.993,12.2455,17.029,9.993,1.35E+02,9.265019157
1941,244,12.974,10.302,11.638,12.93,10.302,1.87E+02,6.296264472
1941,245,17.268,6.425,11.8465,0.963,6.425,3.23E+02,14.68541678
1941,246,18.173,8.444,13.3085,4.217,8.444,1.37E+02,14.02265256
1941,247,23.525,11.89,17.7075,6.115,11.89,1.48E+02,14.91784343
1941,248,15.339,9.752,12.5455,44.95,9.752,1.49E+02,10.50404455
1941,249,18.355,10.393,14.374,7.251,10.393,2.53E+02,12.68211768
1941,250,9.628,6.506,8.067,2.031,6.506,2.47E+02,7.033172222
1941,251,11.956,3.961,7.9585,0.613,3.961,3.50E+02,12.60883852
1941,252,14.952,2.501,8.7265,16.509,2.501,2.41E+02,14.85696874
1941,253,17.92,9.987,13.9535,4.001,9.987,1.40E+02,12.46183899
1941,254,11.519,3.593,7.556,4.207,3.593,2.17E+02,12.40500407
1941,255,6.864,1.014,3.939,0.371,1.014,2.65E+02,10.55944637
1941,256,11.583,-1.508,5.0375,6.592,-1.508,3.17E+02,14.72210928
1941,257,14.607,6.772,10.6895,13.718,6.772,1.80E+02,12.18019604
1941,258,14.737,11.063,12.9,7.887,11.063,3.05E+02,7.782768263
1941,259,15.118,6.873,10.9955,10.812,6.873,3.46E+02,12.3457961
1941,260,15.646,9.242,12.444,3.085,9.242,2.74E+02,10.89045764
1941,261,11.582,3.311,7.4465,0,3.311,3.15E+02,12.24196811
1941,262,14.464,-0.851,6.8065,0.913,-0.851,2.49E+02,14.64106786
1941,263,16.248,7.829,12.0385,0.11,7.829,2.15E+02,12.2070021
1941,264,25.559,12.899,19.229,0,12.899,1.35E+02,13.86485316
1941,265,21.341,11.149,16.245,10.15,11.149,1.59E+02,12.94890221
1941,266,9.921,3.07,6.4955,0,3.07,2.45E+02,10.96978631
1941,267,13.552,1.03,7.291,0,1.03,1.53E+02,13.53967145
1941,268,19.126,8.416,13.771,5.003,8.416,2.40E+02,12.89786567
1941,269,7.442,0.903,4.1725,0.737,0.903,3.46E+02,10.57012542
1941,270,12.633,3.269,7.951,9.034,3.269,2.44E+02,12.19694124
1941,271,12.338,-0.066,6.136,7.744,-0.066,1.94E+02,13.1148234
1941,272,5.202,-2.546,1.328,2.256,-2.546,1.58E+02,11.22123317
1941,273,11.9,2.368,7.134,8.421,2.368,2.29E+02,12.02754091
1941,274,7.105,2.458,4.7815,3.379,2.458,1.31E+02,8.59888511
1941,275,10.119,2.417,6.268,0.029,2.417,8.64E+01,10.99385196
1941,276,10.713,2.001,6.357,24.375,2.001,8.64E+01,11.43565343
1941,277,11.883,4.995,8.439,0.276,4.995,8.64E+01,10.36765246
1941,278,8.346,1.876,5.111,6.349,1.876,8.64E+01,10.02441149
1941,279,6.785,0.353,3.569,0.069,0.353,8.64E+01,9.940019873
1941,280,9.948,-1.409,4.2695,31.339,-1.409,8.64E+01,11.96148747
1941,281,8.268,3.024,5.646,2.434,3.024,8.64E+01,8.900654104
1941,282,5.834,-2.532,1.651,3.148,-2.532,8.64E+01,10.81271362
1941,283,3.549,1.678,2.6135,5.025,1.678,8.64E+01,4.428214508
1941,284,6.024,0.268,3.146,0.391,0.268,8.64E+01,9.170604421
1941,285,2.544,-1.814,0.365,1.967,-1.814,8.64E+01,7.888099639
1941,286,8.869,0.254,4.5615,1.788,0.254,8.64E+01,10.59016514
1941,287,10.147,5.112,7.6295,14.292,5.112,8.64E+01,8.441031238
1941,288,7.449,0.781,4.115,6.633,0.781,8.64E+01,9.535049254
1941,289,1.161,-1.374,-0.1065,2.194,-1.374,8.64E+01,5.476415262
1941,290,9.038,-1.935,3.5515,0.476,-1.935,8.64E+01,10.86840434
1941,291,11.146,2.61,6.878,0.293,2.61,8.64E+01,10.14429519
1941,292,4.723,-0.433,2.145,0,-0.433,8.64E+01,8.298423896
1941,293,12.241,-0.968,5.6365,0.018,-0.968,8.64E+01,10.86378498
1941,294,6.79,0.582,3.686,0.903,0.582,8.64E+01,8.888789831
1941,295,9.496,5.136,7.316,8.279,5.136,8.64E+01,7.494368366
1941,296,3.366,-0.355,1.5055,1.653,-0.355,8.64E+01,6.828913225
1941,297,0.793,-4.052,-1.6295,2.702,-4.052,8.64E+01,7.813352977
1941,298,-3.495,-6.36,-4.9275,2.405,-6.36,8.64E+01,5.761548541
1941,299,3.998,-8.586,-2.294,21.525,-8.586,8.64E+01,10.14567649
1941,300,3.291,-2.683,0.304,18.108,-2.683,8.64E+01,8.38733049
1941,301,-5.152,-11.232,-8.192,1.115,-11.232,8.64E+01,8.381711598
1941,302,-1.082,-8.046,-4.564,0,-8.046,8.64E+01,8.714700549
1941,303,-0.559,-4.187,-2.373,2.942,-4.187,8.64E+01,6.496951885
1941,304,0.133,-2.647,-1.257,0,-2.647,8.64E+01,5.511936949
1941,305,0.674,-1.928,-0.627,7.691,-1.928,8.64E+01,5.259277752
1941,306,1.858,-0.833,0.5125,6.29,-0.833,2.87E+02,5.353242674
1941,307,1.32,0.281,0.8005,2.863,0.281,1.19E+02,2.609853097
1941,308,1.888,-0.389,0.7495,1.594,-0.389,1.37E+02,4.755665149
1941,309,1.712,-1.44,0.136,0.851,-1.44,1.93E+02,5.818393301
1941,310,0.771,-2.948,-1.0885,1.351,-2.948,2.53E+02,6.341525255
1941,311,2.228,-3.701,-0.7365,28.822,-3.701,2.35E+02,7.700085241
1941,312,2.279,-0.78,0.7495,1.781,-0.78,1.39E+02,5.636292999
1941,313,2.264,0.776,1.52,1.171,0.776,2.48E+02,3.439043291
1941,314,1.234,-1.865,-0.3155,2.454,-1.865,2.78E+02,5.624217578
1941,315,-1.912,-4.828,-3.37,6.107,-4.828,2.71E+02,5.404877552
1941,316,-6.69,-10.109,-8.3995,0.851,-10.109,2.93E+02,5.875634195
1941,317,-1.84,-9.879,-5.8595,0.576,-9.879,2.08E+02,7.93294506
1941,318,0.117,-4.954,-2.4185,1.879,-4.954,1.07E+02,6.926663127
1941,319,2.19,-8.378,-3.094,6.478,-8.378,1.92E+02,8.094988446
1941,320,-2.6,-11.886,-7.243,1.05,-11.886,1.33E+02,7.901168963
1941,321,-7.841,-17.402,-12.6215,0.592,-17.402,1.56E+02,7.857749591
1941,322,-3.771,-11.141,-7.456,0.897,-11.141,1.55E+02,7.472380586
1941,323,8.812,-7.568,0.622,15.905,-7.568,1.43E+02,7.952845134
1941,324,9.584,0.305,4.9445,3.292,0.305,3.22E+02,7.622423635
1941,325,-1.755,-6.809,-4.282,5.43,-6.809,2.03E+02,6.60402951
1941,326,-1.361,-8.971,-5.166,3.563,-8.971,2.44E+02,7.281661894
1941,327,-3.887,-7.06,-5.4735,2.49,-7.06,1.93E+02,5.356248093
1941,328,-5.456,-15.677,-10.5665,0.592,-15.677,2.52E+02,7.439722171
1941,329,-0.675,-12.878,-6.7765,1.813,-12.878,2.63E+02,7.461314121
1941,330,1.213,-7.548,-3.1675,5.398,-7.548,3.01E+02,7.210197157
1941,331,-14.545,-18.883,-16.714,0.393,-18.883,3.58E+02,6.040594719
1941,332,-12.303,-22.147,-17.225,4.331,-22.147,2.16E+02,7.188661597
1941,333,-12.478,-19.748,-16.113,0.601,-19.748,4.31E+02,6.873231925
1941,334,-18.601,-27.543,-23.072,0.016,-27.543,3.32E+02,7.025239896
1941,335,-5.447,-25.969,-15.708,4.563,-25.969,3.83E+02,7.181904532
1941,336,-0.827,-17.319,-9.073,0.935,-17.319,1.65E+02,7.124305561
1941,337,3.377,-17.594,-7.1085,0.051,-17.594,2.58E+02,7.085609369
1941,338,6.315,0.574,3.4445,0.277,0.574,1.02E+02,6.366925442
1941,339,7.413,2.206,4.8095,15.275,2.206,3.09E+02,6.178028883
1941,340,6.542,-10.571,-2.0145,1.97,-10.571,3.33E+02,6.95506714
1941,341,-11.591,-15.059,-13.325,0,-15.059,1.87E+02,5.298437245
1941,342,-9.667,-17.535,-13.601,2.332,-17.535,1.63E+02,6.629285128
1941,343,-8.014,-11.321,-9.6675,8.53,-11.321,2.89E+02,5.160303789
1941,344,-15.125,-18.241,-16.683,1.276,-18.241,1.78E+02,5.00855643
1941,345,-15.852,-18.933,-17.3925,0,-18.933,1.89E+02,4.97190093
1941,346,-13.458,-17.838,-15.648,0,-17.838,2.57E+02,5.729510101
1941,347,-9.737,-16.76,-13.2485,6.529,-16.76,1.30E+02,6.41805588
1941,348,-6.757,-13.9,-10.3285,7.986,-13.9,1.22E+02,6.420643465
1941,349,-11.512,-14.894,-13.203,0.907,-14.894,2.67E+02,5.157454859
1941,350,-8.524,-15.448,-11.986,4.777,-15.448,2.06E+02,6.367862975
1941,351,-17.352,-20.81,-19.081,0.852,-20.81,2.74E+02,5.19784606
1941,352,-4.581,-21.091,-12.836,11.693,-21.091,3.01E+02,6.694442389
1941,353,-12.413,-16.89,-14.6515,0.36,-16.89,3.14E+02,5.722661219
1941,354,-22.286,-29.729,-26.0075,0,-29.729,3.41E+02,6.418654819
1941,355,-19.74,-27.377,-23.5585,0,-27.377,2.25E+02,6.441677201
1941,356,-8.605,-31.855,-20.23,1.959,-31.855,8.86E+01,6.700605681
1941,357,-1.011,-14.248,-7.6295,1.603,-14.248,9.04E+01,6.683557586
1941,358,1.416,-3.456,-1.02,20.069,-3.456,1.86E+02,5.886294051
1941,359,-4.499,-11.518,-8.0085,1.499,-11.518,2.82E+02,6.392161454
1941,360,-6.573,-14.322,-10.4475,7.469,-14.322,9.70E+01,6.494306586
1941,361,-5.907,-10.592,-8.2495,1.038,-10.592,1.06E+02,5.844814035
1941,362,-14.158,-18.267,-16.2125,0,-18.267,1.17E+02,5.603310089
1941,363,-17.954,-21.376,-19.665,0,-21.376,2.14E+02,5.217477346
1941,364,-9.342,-28.735,-19.0385,0.36,-28.735,2.83E+02,6.831028565
1941,365,-7.075,-14.807,-10.941,2.486,-14.807,1.63E+02,6.590089288
1941,366,-7.075,-14.807,-10.941,2.486,-14.807,1.63E+02,6.590089288
