DJ0207XDMNXPHWR
CCXMDDM
24,1,12.0
7,0.075,0.125,0.00,0,0,0,0,0,0,0,0
1945,1,-5.78,-11.491,-8.6355,13.568,-11.491,1.60E+02,6.256892719,,,
1945,2,-7.994,-23.295,-15.6445,0.318,-23.295,1.91E+02,6.914563516,,,
1945,3,-13.245,-30.018,-21.6315,1.387,-30.018,2.38E+02,6.956917199,,,
1945,4,-12.017,-27.953,-19.985,0.492,-27.953,3.58E+02,6.992932861,,,
1945,5,-21.509,-28.863,-25.186,0,-28.863,1.22E+02,6.692398085,,,
1945,6,-26.295,-38.295,-32.295,0,-38.295,1.81E+02,7.03370129,,,
1945,7,-23.065,-39.101,-31.083,0.845,-39.101,1.85E+02,7.125981518,,,
1945,8,-16.13,-25.648,-20.889,1.075,-25.648,2.16E+02,7.024688564,,,
1945,9,-19.854,-33.538,-26.696,0,-33.538,1.73E+02,7.20713482,,,
1945,10,-27.099,-39.199,-33.149,0.026,-39.199,1.45E+02,7.231043205,,,
1945,11,-22.847,-35.767,-29.307,0,-35.767,1.08E+02,7.303933701,,,
1945,12,-16.301,-33.832,-25.0665,0.318,-33.832,1.08E+02,7.404459146,,,
1945,13,-19.51,-35.603,-27.5565,0.927,-35.603,2.86E+02,7.459636392
1945,14,-20.605,-39.641,-30.123,0,-39.641,1.40E+02,7.535453948
1945,15,-11.39,-28.035,-19.7125,0,-28.035,2.46E+02,7.593684241
1945,16,-16.422,-29.69,-23.056,0,-29.69,4.62E+02,7.62288875
1945,17,-16.371,-28.296,-22.3335,0,-28.296,2.31E+02,7.654877666
1945,18,-13.96,-26.763,-20.3615,0,-26.763,1.42E+02,7.752173647
1945,19,-12.243,-27.941,-20.092,0.318,-27.941,2.97E+02,7.875569983
1945,20,-10.771,-20.575,-15.673,0,-20.575,4.20E+02,7.744114255
1945,21,-7.875,-29.325,-18.6,4.815,-29.325,1.59E+02,8.060649848
1945,22,-7.557,-14.019,-10.788,6.186,-14.019,2.39E+02,7.312922317
1945,23,-9.803,-24.542,-17.1725,0,-24.542,2.50E+02,8.184680168
1945,24,-20.335,-32.471,-26.403,0.518,-32.471,2.60E+02,8.193452053
1945,25,-23.176,-27.11,-25.143,1.361,-27.11,2.40E+02,6.234122285
1945,26,-21.576,-28.166,-24.871,0.853,-28.166,1.11E+02,7.586967995
1945,27,-16.74,-23.151,-19.9455,0.118,-23.151,1.23E+02,7.590544326
1945,28,-14.011,-19.237,-16.624,0.782,-19.237,1.51E+02,7.156215038
1945,29,-13.859,-27.51,-20.6845,1.013,-27.51,2.18E+02,8.692591897
1945,30,-12.973,-16.659,-14.816,6.28,-16.659,2.66E+02,6.211870149
1945,31,-8.945,-18.297,-13.621,0.138,-18.297,1.86E+02,8.541064171
1945,32,-11.213,-18.019,-14.616,0.814,-18.019,2.91E+02,8.041134159
1945,33,-9.827,-18.67,-14.2485,0.507,-18.67,1.10E+02,8.623169098
1945,34,-10.812,-19.131,-14.9715,0.044,-19.131,1.90E+02,8.598941139
1945,35,-11.574,-17.815,-14.6945,2.178,-17.815,2.77E+02,8.023696469
1945,36,-11.256,-20.492,-15.874,0.188,-20.492,2.79E+02,8.946296375
1945,37,-13.8,-27.573,-20.6865,0,-27.573,1.21E+02,9.493856953
1945,38,-17.926,-31.297,-24.6115,0,-31.297,2.79E+02,9.577517635
1945,39,-13.416,-33.518,-23.467,0.078,-33.518,2.25E+02,9.862928781
1945,40,-11.565,-20.567,-16.066,2.584,-20.567,1.99E+02,9.247665338
1945,41,-4.888,-12.152,-8.52,6.862,-12.152,1.87E+02,8.83603175
1945,42,-5.172,-11.027,-8.0995,5.273,-11.027,2.31E+02,8.268603187
1945,43,-11.16,-17.421,-14.2905,1.202,-17.421,2.29E+02,8.544048221
1945,44,-12.182,-19.436,-15.809,0,-19.436,2.79E+02,9.053951621
1945,45,-6.615,-22.101,-14.358,0,-22.101,2.61E+02,10.46092114
1945,46,-7.008,-24.633,-15.8205,0.507,-24.633,2.35E+02,10.65475882
1945,47,-5.738,-15.503,-10.6205,6.529,-15.503,1.76E+02,10.04729112
1945,48,-7.002,-15.384,-11.193,1.498,-15.384,2.32E+02,9.768478862
1945,49,-11.081,-27.24,-19.1605,0.399,-27.24,2.00E+02,10.9659548
1945,50,-8.885,-18.154,-13.5195,0,-18.154,1.55E+02,10.20326001
1945,51,-7.003,-20.797,-13.9,0.785,-20.797,1.31E+02,11.04673187
1945,52,-4.05,-23.528,-13.789,0.08,-23.528,3.10E+02,11.45038176
1945,53,-4.361,-10.523,-7.442,28.371,-10.523,2.00E+02,9.115421804
1945,54,-4.084,-14.684,-9.384,2.319,-14.684,2.25E+02,10.90492459
1945,55,-7.973,-17.728,-12.8505,0.788,-17.728,1.69E+02,10.79369804
1945,56,-10.189,-21.871,-16.03,0,-21.871,2.27E+02,11.32315001
1945,57,-9.043,-27.503,-18.273,4.278,-27.503,1.38E+02,12.06208196
1945,58,-7.642,-14.573,-11.1075,1.688,-14.573,1.29E+02,9.891295331
1945,59,-5.22,-18.601,-11.9105,0.044,-18.601,1.22E+02,11.91444608
1945,60,0.635,-13.115,-6.24,1.361,-13.115,1.29E+02,12.07637173
1945,61,0.635,-3.646,-1.5055,2.389,-3.646,1.27E+02,7.921441283
1945,62,-0.498,-11.891,-6.1945,2.703,-11.891,2.33E+02,11.88378213
1945,63,-10.851,-19.643,-15.247,0.756,-19.643,3.16E+02,11.16431862
1945,64,-5.586,-23.433,-14.5095,2.622,-23.433,2.30E+02,12.92896299
1945,65,-8.109,-19.014,-13.5615,0,-19.014,1.48E+02,12.05734366
1945,66,-15.838,-31.853,-23.8455,0,-31.853,2.94E+02,13.03560647
1945,67,-3.957,-23.939,-13.948,0.592,-23.939,1.63E+02,13.42745622
1945,68,-8.04,-26.341,-17.1905,0,-26.341,1.28E+02,13.46586427
1945,69,-9.868,-33.919,-21.8935,0,-33.919,1.18E+02,13.82235166
1945,70,-4.54,-29.365,-16.9525,0,-29.365,2.83E+02,13.97451847
1945,71,-7.457,-19.873,-13.665,3.838,-19.873,2.68E+02,13.03330086
1945,72,-2.554,-9.72,-6.137,0.152,-9.72,1.85E+02,10.92540564
1945,73,4.469,-9.655,-2.593,0.418,-9.655,3.58E+02,13.59071105
1945,74,5.494,-3.062,1.216,0,-3.062,2.20E+02,11.89084299
1945,75,1.223,-8.88,-3.8285,2.248,-8.88,3.22E+02,12.68307051
1945,76,3.328,-0.435,1.4465,1.435,-0.435,1.79E+02,7.722450552
1945,77,5.806,0.234,3.02,0.534,0.234,1.62E+02,9.865733788
1945,78,5.148,-10.034,-2.443,0,-10.034,1.58E+02,14.3151282
1945,79,1.996,-9.934,-3.969,0,-9.934,1.42E+02,13.67277807
1945,80,2.17,-13.323,-5.5765,0,-13.323,3.03E+02,14.58404047
1945,81,6.787,-11.003,-2.108,0,-11.003,3.27E+02,15.00733684
1945,82,6.092,-10.272,-2.09,0,-10.272,3.25E+02,14.93708988
1945,83,7.931,0.332,4.1315,0,0.332,1.76E+02,11.85881202
1945,84,7.752,-11.029,-1.6385,2.929,-11.029,2.63E+02,15.45899083
1945,85,7.994,2.529,5.2615,6.486,2.529,2.28E+02,10.05603567
1945,86,3.753,0.234,1.9935,1.822,0.234,2.34E+02,7.571509491
1945,87,13.691,1.927,7.809,3.268,1.927,2.77E+02,14.30552444
1945,88,7,0.004,3.502,0.016,0.004,2.19E+02,11.63758902
1945,89,5.93,0.365,3.1475,0.56,0.365,3.49E+02,10.29921759
1945,90,9.463,-1.792,3.8355,0.322,-1.792,1.75E+02,14.33931433
1945,91,8.306,-1.672,3.317,0.335,-1.672,2.78E+02,13.80793821
1945,92,3.129,-5.879,-1.375,0.157,-5.879,2.57E+02,13.31124727
1945,93,0.151,-8.493,-4.171,0.094,-8.493,1.55E+02,13.13037142
1945,94,-1.605,-10.903,-6.254,1.315,-10.903,1.23E+02,13.60546187
1945,95,2.132,-7.408,-2.638,1.571,-7.408,4.34E+02,13.80893683
1945,96,-3.253,-12.675,-7.964,1.761,-12.675,5.46E+02,13.79489904
1945,97,1.812,-14.49,-6.339,4.437,-14.49,4.32E+02,16.43143003
1945,98,3.089,-6.281,-1.596,1.022,-6.281,2.54E+02,13.8726495
1945,99,14.869,-0.743,7.063,0,-0.743,2.16E+02,16.45377757
1945,100,17.025,4.398,10.7115,0,4.398,2.38E+02,15.6177837
1945,101,16.561,2.595,9.578,0,2.595,2.38E+02,16.15992252
1945,102,19.227,0.922,10.0745,0,0.922,2.58E+02,17.25349585
1945,103,16.219,0.173,8.196,5.585,0.173,1.28E+02,16.8893219
1945,104,7.503,-9.156,-0.8265,0.917,-9.156,2.05E+02,17.1107635
1945,105,-0.506,-13.719,-7.1125,0,-13.719,2.06E+02,16.18388213
1945,106,6.884,-11.883,-2.4995,0.718,-11.883,2.12E+02,17.68061102
1945,107,12.646,0.56,6.603,0.601,0.56,2.30E+02,15.84319482
1945,108,8.122,-0.393,3.8645,0.722,-0.393,2.75E+02,13.73235473
1945,109,3.509,-6.387,-1.439,1.795,-6.387,1.69E+02,14.75719892
1945,110,2.687,-8.726,-3.0195,1.015,-8.726,3.67E+02,15.6834244
1945,111,1.905,-12.796,-5.4455,0,-12.796,3.70E+02,17.09877102
1945,112,-0.786,-9.719,-5.2525,0,-9.719,3.41E+02,14.20965288
1945,113,4.879,-12.724,-3.9225,0,-12.724,3.31E+02,18.00872581
1945,114,8.046,-5.69,1.178,3.265,-5.69,1.66E+02,16.94264198
1945,115,6.308,2.035,4.1715,6.927,2.035,4.05E+02,9.166573104
1945,116,3.411,0.875,2.143,0.349,0.875,2.09E+02,6.1499598
1945,117,4.934,0.901,2.9175,2.179,0.901,2.71E+02,8.816076782
1945,118,5.663,0.781,3.222,1.187,0.781,2.48E+02,10.09939354
1945,119,11.689,1.278,6.4835,0.027,1.278,2.42E+02,15.51140478
1945,120,10.918,0.761,5.8395,0,0.761,3.43E+02,15.38242715
1945,121,13.442,2.69,8.066,0,2.69,1.69E+02,15.80331501
1945,122,15.63,-2.554,6.538,0,-2.554,1.29E+02,18.72955942
1945,123,15.715,0.363,8.039,0,0.363,1.90E+02,18.01149784
1945,124,14.523,0.885,7.704,0,0.885,2.57E+02,17.41561452
1945,125,7.274,1.188,4.231,1.862,1.188,1.56E+02,11.78211307
1945,126,9.333,0.42,4.8765,0.05,0.42,1.92E+02,14.64543071
1945,127,15.089,-0.429,7.33,0,-0.429,2.36E+02,18.26325607
1945,128,9.74,4.399,7.0695,2.725,4.399,3.99E+02,10.8675473
1945,129,3.651,-0.886,1.3825,0.441,-0.886,2.57E+02,9.72133207
1945,130,5.74,-5.14,0.3,0.173,-5.14,3.00E+02,16.19102563
1945,131,6.779,-0.824,2.9775,0,-0.824,2.36E+02,13.56480136
1945,132,11.207,-2.791,4.208,0,-2.791,3.05E+02,17.89679822
1945,133,13.597,2.135,7.866,1.362,2.135,1.49E+02,16.64143651
1945,134,9.889,3.619,6.754,6.62,3.619,2.64E+02,12.13750532
1945,135,10.14,-1.114,4.513,0.026,-1.114,1.77E+02,16.57023654
1945,136,10.416,-1.482,4.467,0,-1.482,2.73E+02,16.98306592
1945,137,13.369,-0.421,6.474,0,-0.421,1.72E+02,17.97602645
1945,138,13,1.878,7.439,0,1.878,2.17E+02,16.56300913
1945,139,15.623,1.639,8.631,0,1.639,2.62E+02,18.12308694
1945,140,18.861,0.727,9.794,0,0.727,2.27E+02,19.57334252
1945,141,15.46,6.18,10.82,7.213,6.18,2.50E+02,15.27811545
1945,142,14.419,8.35,11.3845,23.823,8.35,3.22E+02,11.97660933
1945,143,6.928,5.534,6.231,3.348,5.534,1.83E+02,3.716854067
1945,144,12.181,0.812,6.4965,0,0.812,2.26E+02,16.85164673
1945,145,14.912,4.983,9.9475,0,4.983,2.15E+02,15.8625995
1945,146,19.237,6.743,12.99,0.927,6.743,2.26E+02,17.55742469
1945,147,16.02,10.03,13.025,4.926,10.03,2.94E+02,11.91707943
1945,148,13.208,10.235,11.7215,34.604,10.235,1.86E+02,7.124132172
1945,149,9.042,6.032,7.537,4.112,6.032,2.89E+02,7.197718203
1945,150,3.889,-0.766,1.5615,0.718,-0.766,3.26E+02,10.04387137
1945,151,4.392,0.022,2.207,0,0.022,2.43E+02,9.598363808
1945,152,5.249,-2.473,1.388,0,-2.473,1.50E+02,13.96659169
1945,153,4.913,-1.644,1.6345,0,-1.644,2.54E+02,12.66722495
1945,154,12.392,-0.244,6.074,1.51,-0.244,2.07E+02,17.76982083
1945,155,14.366,5.864,10.115,1.152,5.864,2.19E+02,14.76260958
1945,156,11.505,5.621,8.563,0,5.621,2.31E+02,11.83100285
1945,157,15.215,4.952,10.0835,0,4.952,1.80E+02,16.26564333
1945,158,19.262,4.016,11.639,2,4.016,3.07E+02,19.05336171
1945,159,20.497,6.561,13.529,5.082,6.561,2.65E+02,18.49520061
1945,160,22.576,5.313,13.9445,0.267,5.313,2.47E+02,19.78914465
1945,161,22.324,6.031,14.1775,0.696,6.031,3.62E+02,19.47962602
1945,162,18.544,10.578,14.561,1.526,10.578,3.33E+02,14.27915595
1945,163,19.192,6.806,12.999,2.869,6.806,3.08E+02,17.71662765
1945,164,20.222,7.94,14.081,6.339,7.94,1.41E+02,17.66187574
1945,165,15.641,6.143,10.892,26.657,6.143,2.77E+02,15.70572465
1945,166,20.121,9.593,14.857,0.895,9.593,2.48E+02,16.51705101
1945,167,20.148,6.541,13.3445,0,6.541,2.60E+02,18.39149317
1945,168,21.916,12.163,17.0395,2.033,12.163,1.78E+02,15.92383469
1945,169,17.138,4.906,11.022,0,4.906,1.39E+02,17.65015395
1945,170,17.666,9.472,13.569,8.631,9.472,1.31E+02,14.5267049
1945,171,21.365,7.348,14.3565,0.435,7.348,3.59E+02,18.59776948
1945,172,16.951,12.601,14.776,1.338,12.601,2.63E+02,9.602781927
1945,173,16.363,7.369,11.866,5.464,7.369,1.85E+02,15.2794387
1945,174,18.757,7.031,12.894,0.411,7.031,9.72E+01,17.34015388
1945,175,17.624,6.392,12.008,23.639,6.392,1.68E+02,17.01627443
1945,176,20.044,11.433,15.7385,0.576,11.433,1.93E+02,14.92393213
1945,177,19.122,5.324,12.223,0,5.324,3.23E+02,18.47941114
1945,178,25.092,8.36,16.726,0,8.36,3.00E+02,19.66042019
1945,179,22.993,14.546,18.7695,3.56,14.546,2.77E+02,14.75972762
1945,180,24.023,15.829,19.926,29.162,15.829,2.19E+02,14.51003316
1945,181,26.747,16.945,21.846,0.634,16.945,1.38E+02,15.93978614
1945,182,23.412,12.495,17.9535,1.823,12.495,1.34E+02,16.76766968
1945,183,16.847,12.027,14.437,0.022,12.027,2.11E+02,10.32992407
1945,184,21.129,6.305,13.717,1.083,6.305,1.80E+02,18.88751598
1945,185,15.62,9.987,12.8035,20.711,9.987,1.42E+02,11.49941608
1945,186,21.918,11.702,16.81,3.465,11.702,2.31E+02,16.22675188
1945,187,18.202,11.884,15.043,4.163,11.884,3.10E+02,12.38786037
1945,188,20.045,2.991,11.518,0.145,2.991,1.94E+02,19.64592242
1945,189,18.445,8.219,13.332,3.12,8.219,1.22E+02,16.20465747
1945,190,18.999,9.996,14.4975,27.935,9.996,1.43E+02,15.19790924
1945,191,16.84,10.422,13.631,2.368,10.422,1.78E+02,12.48896138
1945,192,14.436,4.739,9.5875,2.212,4.739,1.39E+02,15.75931668
1945,193,16.186,5.973,11.0795,13.251,5.973,1.29E+02,16.14634462
1945,194,17.256,9.13,13.193,2.957,9.13,1.89E+02,14.3423878
1945,195,18.568,7.503,13.0355,0,7.503,8.64E+01,16.71897478
1945,196,16.186,2.764,9.475,0,2.764,1.05E+02,18.05306585
1945,197,20.127,4.163,12.145,0.345,4.163,1.25E+02,19.08923498
1945,198,27.756,7.491,17.6235,0,7.491,1.07E+02,20.21700377
1945,199,28.288,10.644,19.466,0,10.644,2.57E+02,19.5614926
1945,200,28.1,10.439,19.2695,0.463,10.439,1.13E+02,19.53530655
1945,201,21.59,12.215,16.9025,2.885,12.215,1.85E+02,15.3674096
1945,202,21.92,8.601,15.2605,0,8.601,2.08E+02,17.86084079
1945,203,24.074,11.89,17.982,4.527,11.89,1.91E+02,17.24174132
1945,204,25.342,12.591,18.9665,0.387,12.591,2.56E+02,17.5219613
1945,205,22.272,13.911,18.0915,9.653,13.911,3.28E+02,14.41562045
1945,206,21.324,11.377,16.3505,0.01,11.377,1.85E+02,15.71754615
1945,207,18.347,5.954,12.1505,0,5.954,2.57E+02,17.24843632
1945,208,20.464,0.799,10.6315,0,0.799,1.31E+02,19.71072484
1945,209,23.801,9.71,16.7555,0,9.71,1.49E+02,17.996545
1945,210,22.386,6.369,14.3775,0,6.369,1.64E+02,18.67671331
1945,211,24.136,9.078,16.607,0,9.078,2.29E+02,18.30393692
1945,212,27.476,14.644,21.06,0,14.644,2.73E+02,17.3139455
1945,213,24.133,13.315,18.724,0.974,13.315,2.03E+02,16.14133933
1945,214,26.874,13.58,20.227,5.412,13.58,2.53E+02,17.45991938
1945,215,18.095,10.074,14.0845,7.818,10.074,2.18E+02,13.90257866
1945,216,17.329,5.617,11.473,1.982,5.617,2.40E+02,16.58110843
1945,217,21.063,5.725,13.394,0,5.725,9.38E+01,18.14030112
1945,218,20.885,9.472,15.1785,0,9.472,1.92E+02,16.33784266
1945,219,24.537,7.507,16.022,0,7.507,2.00E+02,18.54661811
1945,220,23.476,6.107,14.7915,0,6.107,1.79E+02,18.5780204
1945,221,25.337,5.416,15.3765,0,5.416,1.74E+02,19.05311944
1945,222,28.468,12.054,20.261,0,12.054,1.72E+02,18.21063252
1945,223,28.5,11.187,19.8435,0,11.187,1.38E+02,18.38710295
1945,224,27.313,11.55,19.4315,10.901,11.55,1.99E+02,17.90606792
1945,225,23.053,16.22,19.6365,3.407,16.22,2.06E+02,12.48772221
1945,226,23.159,14.002,18.5805,17.214,14.002,1.59E+02,14.55198509
1945,227,15.808,4.983,10.3955,1.07,4.983,2.35E+02,15.63166751
1945,228,14.726,5.301,10.0135,11.421,5.301,2.18E+02,14.67660678
1945,229,17.168,9.312,13.24,0.807,9.312,2.45E+02,13.3796104
1945,230,20.18,4.79,12.485,0,4.79,2.30E+02,17.42482634
1945,231,25.171,11.711,18.441,0,11.711,2.58E+02,16.70294944
1945,232,30.667,16.143,23.405,0,16.143,3.44E+02,17.02341174
1945,233,25.74,13.78,19.76,0.235,13.78,3.00E+02,15.94084715
1945,234,19.034,6.343,12.6885,0.069,6.343,2.47E+02,16.21200925
1945,235,18.778,0.429,9.6035,0,0.429,2.38E+02,17.75354427
1945,236,18.025,4.831,11.428,3.953,4.831,3.22E+02,16.29101903
1945,237,17.168,10.79,13.979,0.648,10.79,1.69E+02,11.692943
1945,238,15.043,10.709,12.876,0.075,10.709,2.52E+02,9.110562544
1945,239,16.002,10.488,13.245,0.215,10.488,2.79E+02,10.65873722
1945,240,23.201,12.757,17.979,12.518,12.757,2.61E+02,14.770315
1945,241,19.294,9.971,14.6325,0,9.971,2.46E+02,14.03697623
1945,242,16.27,1.915,9.0925,0.215,1.915,1.63E+02,16.26103478
1945,243,18.652,4.297,11.4745,0,4.297,1.35E+02,16.18314466
1945,244,17.261,4.531,10.896,27.704,4.531,1.87E+02,15.56863981
1945,245,15.747,5.318,10.5325,0.046,5.318,3.23E+02,14.47266027
1945,246,17.22,1.057,9.1385,0,1.057,1.37E+02,16.38160303
1945,247,14.934,6.9,10.917,19.725,6.9,1.48E+02,12.83176184
1945,248,16.399,7.414,11.9065,0,7.414,1.49E+02,13.45171096
1945,249,28.422,14.033,21.2275,13.414,14.033,2.53E+02,15.69716188
1945,250,28.996,17.479,23.2375,2.224,17.479,2.47E+02,14.65395181
1945,251,20.785,13.373,17.079,0,13.373,3.50E+02,12.15551316
1945,252,22.756,14.997,18.8765,4.049,14.997,2.41E+02,12.3819725
1945,253,14.389,9.475,11.932,3.246,9.475,1.40E+02,9.569436024
1945,254,15.958,10.856,13.407,22.069,10.856,2.17E+02,9.767483041
1945,255,13.383,8.783,11.083,8.808,8.783,2.65E+02,9.123679461
1945,256,10.472,4.246,7.359,0,4.246,3.17E+02,10.89425161
1945,257,15.752,2.899,9.3255,8.481,2.899,1.80E+02,14.56345514
1945,258,11.324,3.584,7.454,21.542,3.584,3.05E+02,12.05815149
1945,259,8.308,0.251,4.2795,0.089,0.251,3.46E+02,12.22197473
1945,260,7.593,-0.341,3.626,0,-0.341,2.74E+02,12.08161099
1945,261,12.266,3.146,7.706,0.35,3.146,3.15E+02,12.73637749
1945,262,11.709,6.322,9.0155,0.088,6.322,2.49E+02,9.824423916
1945,263,12.434,6.859,9.6465,4.198,6.859,2.15E+02,9.980523206
1945,264,9.141,6.936,8.0385,6.155,6.936,1.35E+02,5.24022102
1945,265,9.383,0.325,4.854,0.046,0.325,1.59E+02,12.42487174
1945,266,14.467,0.31,7.3885,0,0.31,2.45E+02,14.00634909
1945,267,15.985,7.759,11.872,4.255,7.759,1.53E+02,11.83245704
1945,268,14.796,6.273,10.5345,0.098,6.273,2.40E+02,11.93141596
1945,269,11.983,4.516,8.2495,0,4.516,3.46E+02,11.23647003
1945,270,12.227,1.685,6.956,0.053,1.685,2.44E+02,12.66435233
1945,271,10.004,4.741,7.3725,1.949,4.741,1.94E+02,9.351723504
1945,272,3.248,-2.108,0.57,0,-2.108,1.58E+02,9.400972315
1945,273,8.25,-3.081,2.5845,0,-3.081,2.29E+02,12.64007122
1945,274,12.419,2.865,7.642,8.222,2.865,1.31E+02,11.95368417
1945,275,6.507,2.037,4.272,2.475,2.037,8.64E+01,8.368873099
1945,276,1.481,-2.736,-0.6275,0.032,-2.736,8.64E+01,8.046891796
1945,277,8.185,-2.424,2.8805,4.622,-2.424,8.64E+01,12.05307431
1945,278,12.839,4.468,8.6535,0.456,4.468,8.64E+01,11.12456496
1945,279,14.946,6.78,10.863,0.523,6.78,8.64E+01,10.95168189
1945,280,10.437,4.746,7.5915,1.211,4.746,8.64E+01,9.327302106
1945,281,7.555,4.059,5.807,12.848,4.059,8.64E+01,7.011707241
1945,282,2.205,-0.317,0.944,21.249,-0.317,8.64E+01,5.57353512
1945,283,5.285,-3.108,1.0885,0.459,-3.108,8.64E+01,10.74523881
1945,284,2.048,-2.427,-0.1895,0,-2.427,8.64E+01,8.045790194
1945,285,4.253,0.121,2.187,0.314,0.121,8.64E+01,7.649069741
1945,286,6.24,0.634,3.437,0.89,0.634,8.64E+01,8.951075984
1945,287,3.693,-0.655,1.519,0.068,-0.655,8.64E+01,7.801897906
1945,288,0.58,-2.96,-1.19,9.996,-2.96,8.64E+01,6.873962096
1945,289,3.428,-1.061,1.1835,1.342,-1.061,8.64E+01,7.86088104
1945,290,6.549,-0.265,3.142,0.032,-0.265,8.64E+01,9.482641704
1945,291,6.982,1.724,4.353,0,1.724,8.64E+01,8.427216341
1945,292,13.047,3.069,8.058,2.148,3.069,8.64E+01,10.46174213
1945,293,8.023,3.039,5.531,0.741,3.039,8.64E+01,8.114462714
1945,294,3.756,-1.172,1.292,0,-1.172,8.64E+01,8.02189416
1945,295,1.016,-4.714,-1.849,13.931,-4.714,8.64E+01,8.540608388
1945,296,-2.437,-3.184,-2.8105,0,-3.184,8.64E+01,1.992555676
1945,297,-1.091,-5.237,-3.164,0.808,-5.237,8.64E+01,7.216652474
1945,298,0.677,-2.701,-1.012,3.907,-2.701,8.64E+01,6.388485476
1945,299,0.255,-1.574,-0.6595,8.752,-1.574,8.64E+01,4.179808849
1945,300,-1.372,-2.678,-2.025,0.045,-2.678,8.64E+01,3.196866619
1945,301,-0.924,-5.732,-3.328,1.151,-5.732,8.64E+01,7.593999122
1945,302,2.411,-4.154,-0.8715,3.365,-4.154,8.64E+01,8.548440892
1945,303,3.259,-2.883,0.188,1.128,-2.883,8.64E+01,8.287601402
1945,304,1.863,-2.673,-0.405,0,-2.673,8.64E+01,7.251409989
1945,305,-0.88,-1.963,-1.4215,2.253,-1.963,8.64E+01,2.711882783
1945,306,4.56,-2.055,1.2525,5.928,-2.055,2.87E+02,8.300608817
1945,307,1.949,0.267,1.108,0.105,0.267,1.19E+02,3.836394624
1945,308,-1.98,-3.676,-2.828,0.445,-3.676,1.37E+02,3.84960269
1945,309,0.28,-6.933,-3.3265,0,-6.933,1.93E+02,8.302473996
1945,310,1.937,-1.963,-0.013,0.589,-1.963,2.53E+02,6.497824997
1945,311,1.364,-5.803,-2.2195,6.974,-5.803,2.35E+02,8.147703972
1945,312,8.508,0.207,4.3575,2.762,0.207,1.39E+02,8.352957943
1945,313,10.709,3.672,7.1905,0.128,3.672,2.48E+02,7.972267474
1945,314,-0.957,-4.09,-2.5235,0,-4.09,2.78E+02,5.659064347
1945,315,0.357,-4.839,-2.241,0,-4.839,2.71E+02,7.136315574
1945,316,3.384,-5.393,-1.0045,2.243,-5.393,2.93E+02,8.131207052
1945,317,9.675,-0.347,4.664,0.415,-0.347,2.08E+02,8.206312568
1945,318,-3.998,-8.363,-6.1805,0,-8.363,1.07E+02,6.526849037
1945,319,-6.906,-14.598,-10.752,0.59,-14.598,1.92E+02,7.728684978
1945,320,-9.84,-15.833,-12.8365,0.415,-15.833,1.33E+02,7.21343258
1945,321,-3.827,-11.536,-7.6815,4.394,-11.536,1.56E+02,7.601541692
1945,322,-0.397,-6.476,-3.4365,5.693,-6.476,1.55E+02,7.135706126
1945,323,-5.281,-7.517,-6.399,0.85,-7.517,1.43E+02,4.446410437
1945,324,-5.956,-9.674,-7.815,3.102,-9.674,3.22E+02,5.871774268
1945,325,-8.963,-15.212,-12.0875,1.024,-15.212,2.03E+02,7.03232418
1945,326,-3.665,-12.914,-8.2895,8.938,-12.914,2.44E+02,7.490490938
1945,327,-1.631,-4.703,-3.167,3.408,-4.703,1.93E+02,5.267311095
1945,328,-6.919,-9.103,-8.011,4.419,-9.103,2.52E+02,4.306253975
1945,329,-4.562,-10.893,-7.7275,1.346,-10.893,2.63E+02,6.860996422
1945,330,-8.963,-14.149,-11.556,0.589,-14.149,3.01E+02,6.458280842
1945,331,-4.174,-15.682,-9.928,1.719,-15.682,3.58E+02,7.320305554
1945,332,-9.352,-17.382,-13.367,0,-17.382,2.16E+02,7.027201916
1945,333,-9.347,-18.587,-13.967,0,-18.587,4.31E+02,7.096606091
1945,334,-5.942,-13.049,-9.4955,0,-13.049,3.32E+02,6.803647083
1945,335,-6.238,-18.875,-12.5565,0,-18.875,3.83E+02,7.136188543
1945,336,-3.59,-12.899,-8.2445,3.826,-12.899,1.65E+02,6.963209144
1945,337,-2.935,-6.239,-4.587,4.343,-6.239,2.58E+02,5.248763829
1945,338,-8.403,-16.414,-12.4085,3.246,-16.414,1.02E+02,6.771703874
1945,339,-2.303,-19.513,-10.908,2.088,-19.513,3.09E+02,6.994281726
1945,340,-1.426,-10.042,-5.734,1.219,-10.042,3.33E+02,6.759861568
1945,341,-0.27,-5.128,-2.699,0.957,-5.128,1.87E+02,6.007377179
1945,342,-2.555,-2.658,-2.6065,0,-2.658,1.63E+02,0.303892053
1945,343,-3.545,-6.017,-4.781,6.868,-6.017,2.89E+02,4.451309465
1945,344,-3.704,-12.265,-7.9845,3.021,-12.265,1.78E+02,6.641975465
1945,345,-18.135,-24.677,-21.406,1.219,-24.677,1.89E+02,6.374524429
1945,346,-22.013,-23.854,-22.9335,0,-23.854,2.57E+02,3.707881979
1945,347,-18.787,-26.582,-22.6845,0.35,-26.582,1.30E+02,6.513022348
1945,348,-13.205,-25.673,-19.439,4.563,-25.673,1.22E+02,6.709267769
1945,349,-8.177,-20.934,-14.5555,2.21,-20.934,2.67E+02,6.698677377
1945,350,-10.124,-20.053,-15.0885,0.362,-20.053,2.06E+02,6.618371251
1945,351,-21.529,-28.167,-24.848,0,-28.167,2.74E+02,6.315712667
1945,352,-19.198,-24.435,-21.8165,0,-24.435,3.01E+02,5.994167639
1945,353,-22.464,-31.5,-26.982,0,-31.5,3.14E+02,6.555298949
1945,354,-21.764,-35.394,-28.579,0,-35.394,3.41E+02,6.674872484
1945,355,-19.24,-28.982,-24.111,0,-28.982,2.25E+02,6.591854578
1945,356,-17.325,-24.683,-21.004,0,-24.683,8.86E+01,6.413203977
1945,357,-17.734,-25.126,-21.43,0,-25.126,9.04E+01,6.423043877
1945,358,-14.723,-24.671,-19.697,0,-24.671,1.86E+02,6.619881759
1945,359,-6.297,-13.028,-9.6625,2.294,-13.028,2.82E+02,6.348580125
1945,360,-3.045,-16.584,-9.8145,8.243,-16.584,9.70E+01,6.722968503
1945,361,-13.234,-25.217,-19.2255,0.35,-25.217,1.06E+02,6.719814529
1945,362,-10.324,-25.317,-17.8205,3.826,-25.317,1.17E+02,6.771126769
1945,363,-4.353,-18.179,-11.266,5.069,-18.179,2.14E+02,6.786112006
1945,364,-12.009,-15.807,-13.908,1.011,-15.807,2.83E+02,5.461986242
1945,365,-11.6,-17.006,-14.303,0.843,-17.006,1.63E+02,6.150833657
1945,366,-11.6,-17.006,-14.303,0.843,-17.006,1.63E+02,6.150833657
