DJ0207XDMNXPHWR
CCXMDDM
24,1,12.0
7,0.075,0.125,0.00,0,0,0,0,0,0,0,0
1949,1,-4.134,-9.561,-6.8475,11.938,-9.561,1.60E+02,6.177826424,,,
1949,2,-5.21,-7.136,-6.173,0,-7.136,1.91E+02,3.845601244,,,
1949,3,-7.432,-19.189,-13.3105,6.755,-19.189,2.38E+02,6.907788567,,,
1949,4,-9.018,-22.111,-15.5645,0,-22.111,3.58E+02,6.969670844,,,
1949,5,-3.576,-14.259,-8.9175,3.239,-14.259,1.22E+02,6.95293208,,,
1949,6,0.25,-8.813,-4.2815,7.004,-8.813,1.81E+02,6.907342324,,,
1949,7,-2.329,-11.237,-6.783,13.605,-11.237,1.85E+02,6.936976614,,,
1949,8,-3.221,-7.882,-5.5515,9.047,-7.882,2.16E+02,6.079227369,,,
1949,9,0.523,-18.304,-8.8905,2.261,-18.304,1.73E+02,7.236016307,,,
1949,10,-4.88,-15.603,-10.2415,0.323,-15.603,1.45E+02,7.185671761,,,
1949,11,-19.791,-29.105,-24.448,0,-29.105,1.08E+02,7.156562196,,,
1949,12,-13.834,-30.275,-22.0545,6.818,-30.275,1.08E+02,7.399844054,,,
1949,13,-13.549,-18.168,-15.8585,4.553,-18.168,2.86E+02,6.216790711
1949,14,-18.622,-29.187,-23.9045,0.174,-29.187,1.40E+02,7.403054008
1949,15,-12.418,-32.189,-22.3035,6.844,-32.189,2.46E+02,7.604136187
1949,16,-2.296,-14.843,-8.5695,11.355,-14.843,4.62E+02,7.605915301
1949,17,-12.01,-21.943,-16.9765,0,-21.943,2.31E+02,7.552108841
1949,18,-10.673,-29.637,-20.155,0.215,-29.637,1.42E+02,7.818220089
1949,19,2.937,-14.415,-5.739,9.594,-14.415,2.97E+02,7.888008269
1949,20,-23.653,-31.686,-27.6695,0,-31.686,4.20E+02,7.535735054
1949,21,-17.987,-39.913,-28.95,7.034,-39.913,1.59E+02,8.061310111
1949,22,-12.445,-35.519,-23.982,6.755,-35.519,2.39E+02,8.146404564
1949,23,-18.991,-33.021,-26.006,0.099,-33.021,2.50E+02,8.170774831
1949,24,-15.078,-24.098,-19.588,5.232,-24.098,2.60E+02,7.948657257
1949,25,-21.217,-31.411,-26.314,0,-31.411,2.40E+02,8.150193244
1949,26,-20.81,-37.805,-29.3075,0,-37.805,1.11E+02,8.478411589
1949,27,-15.17,-31.843,-23.5065,0,-31.843,1.23E+02,8.567696473
1949,28,-13.135,-18.685,-15.91,5.981,-18.685,1.51E+02,7.311301645
1949,29,-12.991,-26.187,-19.589,0,-26.187,2.18E+02,8.67593053
1949,30,-17.381,-38.478,-27.9295,0,-38.478,2.66E+02,8.889352747
1949,31,-9.565,-27.694,-18.6295,0.152,-27.694,1.86E+02,8.973505307
1949,32,-9.127,-18.283,-13.705,6.979,-18.283,2.91E+02,8.594101022
1949,33,-15.549,-22.843,-19.196,0,-22.843,1.10E+02,8.262594136
1949,34,-16.364,-38.53,-27.447,0,-38.53,1.90E+02,9.312905501
1949,35,-19.213,-38.093,-28.653,0,-38.093,2.77E+02,9.402230964
1949,36,-18.013,-35.508,-26.7605,0,-35.508,2.79E+02,9.494328538
1949,37,-4.827,-31.212,-18.0195,0,-31.212,1.21E+02,9.656796464
1949,38,-4.796,-18.168,-11.482,0.5,-18.168,2.79E+02,9.577574971
1949,39,-3.644,-12.518,-8.081,6.915,-12.518,2.25E+02,9.133503816
1949,40,-2.439,-8.704,-5.5715,4.68,-8.704,1.99E+02,8.353294139
1949,41,-17.857,-31.636,-24.7465,0.578,-31.636,1.87E+02,9.922138159
1949,42,-22.848,-33.334,-28.091,0,-33.334,2.31E+02,9.701932726
1949,43,-5.743,-35.267,-20.505,0.583,-35.267,2.29E+02,10.37584828
1949,44,-5.368,-23.772,-14.57,1.09,-23.772,2.79E+02,10.43103512
1949,45,-14.585,-22.173,-18.379,0.019,-22.173,2.61E+02,9.255750311
1949,46,-7.023,-25.857,-16.44,0.555,-25.857,2.35E+02,10.68260562
1949,47,-1.742,-17.528,-9.635,6.152,-17.528,1.76E+02,10.70959344
1949,48,-7.324,-17.099,-12.2115,1.306,-17.099,2.32E+02,10.14340481
1949,49,-7.5,-29.108,-18.304,0.996,-29.108,2.00E+02,11.10146101
1949,50,-16.265,-22.734,-19.4995,0.923,-22.734,1.55E+02,9.106272129
1949,51,-11.559,-25.06,-18.3095,0,-25.06,1.31E+02,11.01930789
1949,52,-15.929,-35.448,-25.6885,0.198,-35.448,3.10E+02,11.45134117
1949,53,-5.303,-29.699,-17.501,0,-29.699,2.00E+02,11.65059083
1949,54,-5.964,-18.898,-12.431,0.45,-18.898,2.25E+02,11.29473216
1949,55,-9.961,-28.331,-19.146,0.966,-28.331,1.69E+02,11.80224551
1949,56,-4.03,-16.001,-10.0155,1.021,-16.001,2.27E+02,11.3732694
1949,57,-11.081,-24.706,-17.8935,0,-24.706,1.38E+02,11.71770105
1949,58,-6.27,-31.775,-19.0225,0,-31.775,1.29E+02,12.33400646
1949,59,-2.822,-23.023,-12.9225,0,-23.023,1.22E+02,12.3811178
1949,60,-3.04,-20.975,-12.0075,0,-20.975,1.29E+02,12.42360852
1949,61,-1.794,-30.733,-16.2635,0,-30.733,1.27E+02,12.76950556
1949,62,-8.81,-16.657,-12.7335,0,-16.657,2.33E+02,10.65820888
1949,63,-2.066,-28.451,-15.2585,2.299,-28.451,3.16E+02,13.03002631
1949,64,0.176,-8.212,-4.018,5.181,-8.212,2.30E+02,11.06731192
1949,65,-15.848,-27.097,-21.4725,0,-27.097,1.48E+02,12.14839757
1949,66,-12.95,-39.5,-26.225,2.273,-39.5,2.94E+02,13.44786663
1949,67,-4.237,-17.627,-10.932,2.861,-17.627,1.63E+02,12.80776124
1949,68,-5.021,-13.387,-9.204,0.19,-13.387,1.28E+02,11.3587329
1949,69,-3.728,-24.163,-13.9455,0.055,-24.163,1.18E+02,13.70959997
1949,70,-6.464,-14.979,-10.7215,0.666,-14.979,2.83E+02,11.58074439
1949,71,-6.6,-12.743,-9.6715,1.084,-12.743,2.68E+02,10.10724578
1949,72,-7.243,-11.387,-9.315,14.174,-11.387,1.85E+02,8.116319158
1949,73,-5.924,-13.553,-9.7385,2.273,-13.553,3.58E+02,11.28854609
1949,74,-8.855,-21.239,-15.047,0,-21.239,2.20E+02,13.32528017
1949,75,-8.731,-30.892,-19.8115,0.026,-30.892,3.22E+02,14.5695985
1949,76,-6.651,-24.7,-15.6755,0,-24.7,1.79E+02,14.44048853
1949,77,-10.485,-25.151,-17.818,2.273,-25.151,1.62E+02,14.11895727
1949,78,-9.411,-21.574,-15.4925,2.273,-21.574,1.58E+02,13.64937996
1949,79,-6.604,-30.369,-18.4865,0.12,-30.369,1.42E+02,15.1541782
1949,80,-1.987,-11.206,-6.5965,2.338,-11.206,3.03E+02,12.66297471
1949,81,-1.054,-11.694,-6.374,12.64,-11.694,3.27E+02,13.38801041
1949,82,3.068,-9.906,-3.419,0.087,-9.906,3.25E+02,14.25084758
1949,83,-0.982,-15.335,-8.1585,2.978,-15.335,1.76E+02,14.68121636
1949,84,0.356,-19.992,-9.818,0.124,-19.992,2.63E+02,15.59784178
1949,85,3.492,-3.631,-0.0695,0.775,-3.631,2.28E+02,11.60054875
1949,86,3.459,-0.328,1.5655,0.308,-0.328,2.34E+02,7.972184314
1949,87,1.285,-1.226,0.0295,9.108,-1.226,2.77E+02,5.889957892
1949,88,1.234,-10.873,-4.8195,4.564,-10.873,2.19E+02,14.51021318
1949,89,-3.582,-12.424,-8.003,2.273,-12.424,3.49E+02,13.03287033
1949,90,-3.528,-10.778,-7.153,0,-10.778,1.75E+02,11.9409765
1949,91,5.517,-6.329,-0.406,0,-6.329,2.78E+02,14.65261684
1949,92,3.394,-3.549,-0.0775,0,-3.549,2.57E+02,11.76646542
1949,93,2.539,-3.233,-0.347,0,-3.233,1.55E+02,10.65436297
1949,94,6.842,-10.972,-2.065,0,-10.972,1.23E+02,16.41542854
1949,95,10.51,-5.948,2.281,0.12,-5.948,4.34E+02,16.27845074
1949,96,9.8,-0.886,4.457,5.025,-0.886,5.46E+02,14.4946601
1949,97,7.199,0.16,3.6795,3.299,0.16,4.32E+02,12.05423396
1949,98,2.669,-3.27,-0.3005,2.252,-3.27,2.54E+02,10.9918676
1949,99,3.07,-3.752,-0.341,0,-3.752,2.16E+02,11.92672312
1949,100,3.095,-8.949,-2.927,0.036,-8.949,2.38E+02,15.38229591
1949,101,3.907,-2.5,0.7035,4.667,-2.5,2.38E+02,11.58165001
1949,102,8.016,-2.197,2.9095,12.08,-2.197,2.58E+02,14.59787451
1949,103,9.941,-0.21,4.8655,0,-0.21,1.28E+02,14.61604314
1949,104,4.239,-3.447,0.396,0,-3.447,2.05E+02,12.89545293
1949,105,0.62,-9.575,-4.4775,0.462,-9.575,2.06E+02,14.74707461
1949,106,-0.377,-8.231,-4.304,0.257,-8.231,2.12E+02,13.11462193
1949,107,5.037,-10.053,-2.508,0,-10.053,2.30E+02,16.94387841
1949,108,7.853,-9.145,-0.646,0,-9.145,2.75E+02,17.5036663
1949,109,4.939,-4.825,0.057,0.623,-4.825,1.69E+02,14.67148365
1949,110,5.953,-3.415,1.269,0.191,-3.415,3.67E+02,14.44664225
1949,111,3.406,-1.687,0.8595,2.252,-1.687,3.70E+02,10.27602456
1949,112,7.266,-7.444,-0.089,0.036,-7.444,3.41E+02,17.16614088
1949,113,6.049,2.405,4.227,12.799,2.405,3.31E+02,8.141382332
1949,114,-2.598,-11.719,-7.1585,0,-11.719,1.66E+02,14.42663851
1949,115,3.205,-13.091,-4.943,0,-13.091,4.05E+02,17.82931451
1949,116,6.99,-1.74,2.625,0,-1.74,2.09E+02,14.19494821
1949,117,2.071,-2.761,-0.345,0,-2.761,2.71E+02,10.01454653
1949,118,2.984,-10.077,-3.5465,0,-10.077,2.48E+02,16.88105096
1949,119,6.336,-9.006,-1.335,0,-9.006,2.42E+02,17.7921725
1949,120,10.655,-0.738,4.9585,0,-0.738,3.43E+02,16.14226443
1949,121,21.325,0.851,11.088,0,0.851,1.69E+02,19.09981107
1949,122,15.966,3.283,9.6245,0,3.283,1.29E+02,16.89692989
1949,123,13.865,5.948,9.9065,4.483,5.948,1.90E+02,13.69508897
1949,124,13.978,1.601,7.7895,5.866,1.601,2.57E+02,16.83209463
1949,125,13.688,1.707,7.6975,0,1.707,1.56E+02,16.66597504
1949,126,16.536,-2.669,6.9335,0.297,-2.669,1.92E+02,19.1785748
1949,127,16.172,-1.424,7.374,1.637,-1.424,2.36E+02,18.86943348
1949,128,9.769,-0.73,4.5195,5.269,-0.73,3.99E+02,15.88077055
1949,129,2.004,-1.526,0.239,0.416,-1.526,2.57E+02,8.075162403
1949,130,1.488,-5.344,-1.928,0,-5.344,3.00E+02,12.73190786
1949,131,8.161,-8.642,-0.2405,0,-8.642,2.36E+02,18.84723448
1949,132,9.002,0.161,4.5815,2.825,0.161,3.05E+02,14.73151189
1949,133,8.149,-4.637,1.756,5.949,-4.637,1.49E+02,17.3703548
1949,134,5.268,-1.389,1.9395,0,-1.389,2.64E+02,12.59532846
1949,135,5.872,-4.172,0.85,0,-4.172,1.77E+02,15.7515271
1949,136,14.247,-2.84,5.7035,0,-2.84,2.73E+02,19.13836309
1949,137,8.979,-2.204,3.3875,0.285,-2.204,1.72E+02,16.57745424
1949,138,9.381,-0.15,4.6155,21.373,-0.15,2.17E+02,15.42553343
1949,139,13.061,0.418,6.7395,24.51,0.418,2.62E+02,17.47483623
1949,140,8.823,-4.026,2.3985,0,-4.026,2.27E+02,17.60862336
1949,141,13.348,-4.216,4.566,0,-4.216,2.50E+02,19.45482955
1949,142,17.328,5.631,11.4795,1.565,5.631,3.22E+02,17.0131739
1949,143,18.459,6.426,12.4425,0,6.426,1.83E+02,17.2339189
1949,144,16.608,4.74,10.674,1.213,4.74,2.26E+02,17.1582107
1949,145,13.995,-0.043,6.976,18.447,-0.043,2.15E+02,18.30602674
1949,146,8.049,1.392,4.7205,0.307,1.392,2.26E+02,12.73368104
1949,147,8.257,1.998,5.1275,6.331,1.998,2.94E+02,12.25871623
1949,148,9.362,-0.19,4.586,1.661,-0.19,1.86E+02,15.60888739
1949,149,11.311,2.565,6.938,0.201,2.565,2.89E+02,14.93011446
1949,150,10.89,1.203,6.0465,3.979,1.203,3.26E+02,15.74366771
1949,151,16.513,2.265,9.389,0,2.265,2.43E+02,18.5248409
1949,152,20.61,4.733,12.6715,0,4.733,1.50E+02,19.20020845
1949,153,23.448,7.545,15.4965,0,7.545,2.54E+02,19.22806948
1949,154,29.458,9.825,19.6415,0.061,9.825,2.07E+02,20.32571439
1949,155,24.018,11.525,17.7715,2.193,11.525,2.19E+02,17.70299579
1949,156,23.147,9.779,16.463,15.592,9.779,2.31E+02,18.18292407
1949,157,14.458,8.147,11.3025,4.61,8.147,1.80E+02,12.38568511
1949,158,13.685,0.409,7.047,16.309,0.409,3.07E+02,18.15950243
1949,159,13.827,0.283,7.055,10.806,0.283,2.65E+02,18.30530461
1949,160,17.358,8.653,13.0055,2.296,8.653,2.47E+02,14.98564239
1949,161,14.729,9.153,11.941,1.992,9.153,3.62E+02,11.4316718
1949,162,17.625,6.614,12.1195,0.832,6.614,3.33E+02,16.84182063
1949,163,20.755,3.072,11.9135,10.928,3.072,3.08E+02,19.94696019
1949,164,25.79,10.302,18.046,21.363,10.302,1.41E+02,19.2066449
1949,165,18.291,10.397,14.344,25.205,10.397,2.77E+02,14.21569747
1949,166,24.768,12.039,18.4035,5.514,12.039,2.48E+02,17.92645346
1949,167,22.482,15.222,18.852,5,15.222,2.60E+02,13.54095666
1949,168,25.225,15.229,20.227,1.614,15.229,1.78E+02,16.11791125
1949,169,24.447,18.057,21.252,2.926,18.057,1.39E+02,12.516076
1949,170,23.058,6.088,14.573,6.081,6.088,1.31E+02,19.76051106
1949,171,16.401,10.149,13.275,0.343,10.149,3.59E+02,12.34307479
1949,172,14.42,9.239,11.8295,1.554,9.239,2.63E+02,10.8833824
1949,173,14.856,10.949,12.9025,18.597,10.949,1.85E+02,8.861169938
1949,174,16.053,6.345,11.199,23.751,6.345,9.72E+01,15.88824934
1949,175,19.325,6.801,13.063,3.173,6.801,1.68E+02,17.8166564
1949,176,21.789,14.322,18.0555,1.326,14.322,1.93E+02,13.76814614
1949,177,19.524,14.685,17.1045,6.678,14.685,3.23E+02,10.36972096
1949,178,20.593,11.066,15.8295,18.88,11.066,3.00E+02,15.72854824
1949,179,22.203,11.341,16.772,0,11.341,2.77E+02,16.74711014
1949,180,28.182,15.901,22.0415,0,15.901,2.19E+02,17.65302927
1949,181,28.322,15.292,21.807,0,15.292,1.38E+02,18.06431515
1949,182,29.988,19.678,24.833,0.032,19.678,1.34E+02,16.32856586
1949,183,26.732,14.856,20.794,0.061,14.856,2.11E+02,17.38759024
1949,184,29.448,13.561,21.5045,19.119,13.561,1.80E+02,19.30680909
1949,185,26.415,9.095,17.755,0.291,9.095,1.42E+02,19.77578119
1949,186,17.997,6.885,12.441,0,6.885,2.31E+02,16.8677235
1949,187,18.926,5.218,12.072,0,5.218,3.10E+02,18.34602728
1949,188,19.081,6.217,12.649,0,6.217,1.94E+02,17.90236937
1949,189,22.747,6.312,14.5295,0,6.312,1.22E+02,19.42597225
1949,190,24.303,12.393,18.348,3.86,12.393,1.43E+02,17.33109114
1949,191,17.362,9.483,13.4225,2.593,9.483,1.78E+02,14.12467317
1949,192,21.761,10.765,16.263,1.891,10.765,1.39E+02,16.71786093
1949,193,22.776,13.591,18.1835,15.677,13.591,1.29E+02,15.32345369
1949,194,17.334,10.437,13.8855,8.104,10.437,1.89E+02,13.03649279
1949,195,17.499,6.018,11.7585,0,6.018,8.64E+01,16.98906942
1949,196,19.167,10.929,15.048,5.013,10.929,1.05E+02,14.42879067
1949,197,19.578,9.334,14.456,0,9.334,1.25E+02,16.11010378
1949,198,25.108,12.324,18.716,0.986,12.324,1.07E+02,17.68559577
1949,199,27.169,14.97,21.0695,1.339,14.97,2.57E+02,17.3431143
1949,200,22.772,16.407,19.5895,7.629,16.407,1.13E+02,12.35125624
1949,201,13.545,6.864,10.2045,2.674,6.864,1.85E+02,12.71863503
1949,202,17.947,8.281,13.114,0,8.281,2.08E+02,15.58301488
1949,203,17.29,10.742,14.016,6.937,10.742,1.91E+02,12.53990769
1949,204,18.405,8.629,13.517,0,8.629,2.56E+02,15.62999549
1949,205,21.564,7.343,14.4535,0.108,7.343,3.28E+02,18.18495263
1949,206,25.997,15.854,20.9255,0.187,15.854,1.85E+02,15.86205331
1949,207,27.248,10.964,19.106,19.561,10.964,2.57E+02,18.88080071
1949,208,29.956,17.14,23.548,0,17.14,1.31E+02,17.43872243
1949,209,26.326,15.291,20.8085,8.374,15.291,1.49E+02,16.39579434
1949,210,20.751,14.429,17.59,4.089,14.429,1.64E+02,12.18251686
1949,211,16.732,12.626,14.679,0.509,12.626,2.29E+02,9.065255677
1949,212,20.997,11.361,16.179,0.032,11.361,2.73E+02,15.34018704
1949,213,21.571,10.699,16.135,0,10.699,2.03E+02,16.1760463
1949,214,20.437,13.272,16.8545,6.012,13.272,2.53E+02,13.06995456
1949,215,20.332,14.75,17.541,7.39,14.75,2.18E+02,11.18530172
1949,216,18.898,12.886,15.892,0,12.886,2.40E+02,11.71820686
1949,217,22.325,10.781,16.553,1.552,10.781,9.38E+01,16.44977514
1949,218,25.195,14.081,19.638,3.613,14.081,1.92E+02,16.16122156
1949,219,19.899,14.509,17.204,15.745,14.509,2.00E+02,10.87648998
1949,220,23.344,17.501,20.4225,20.848,17.501,1.79E+02,11.44539431
1949,221,19.217,10.038,14.6275,0,10.038,1.74E+02,14.73391387
1949,222,20.702,9.711,15.2065,0.305,9.711,1.72E+02,15.93730112
1949,223,21.738,12.715,17.2265,1.223,12.715,1.38E+02,14.54916654
1949,224,21.808,12.804,17.306,0,12.804,1.99E+02,14.50194955
1949,225,21.857,8.513,15.185,0.024,8.513,2.06E+02,16.98761202
1949,226,19.485,8.342,13.9135,0,8.342,1.59E+02,15.85995699
1949,227,19.485,6.348,12.9165,0,6.348,2.35E+02,16.79576102
1949,228,18.209,7.403,12.806,0,7.403,2.18E+02,15.57646027
1949,229,18.142,9.066,13.604,5.033,9.066,2.45E+02,14.38250036
1949,230,15.248,7.581,11.4145,0.959,7.581,2.30E+02,13.17719288
1949,231,13.911,6.17,10.0405,0,6.17,2.58E+02,13.21312526
1949,232,18.771,5.767,12.269,0,5.767,3.44E+02,16.46108397
1949,233,22.146,7.143,14.6445,0.547,7.143,3.00E+02,17.10914071
1949,234,19.362,11.214,15.288,8.802,11.214,2.47E+02,13.46353335
1949,235,16.89,9.482,13.186,9.454,9.482,2.38E+02,12.77893423
1949,236,16.902,5.612,11.257,0,5.612,3.22E+02,15.44415977
1949,237,13.647,5.891,9.769,3.346,5.891,1.69E+02,13.02086887
1949,238,26.656,10.378,18.517,1.142,10.378,2.52E+02,17.08437581
1949,239,21.307,14.629,17.968,11.666,14.629,2.79E+02,11.94490104
1949,240,16.87,11.075,13.9725,0.219,11.075,2.61E+02,10.9647948
1949,241,16.24,8.698,12.469,0,8.698,2.46E+02,12.68508216
1949,242,19.545,5.933,12.739,0.3,5.933,1.63E+02,16.02649633
1949,243,18.028,6.222,12.125,1.388,6.222,1.35E+02,15.26396236
1949,244,17.973,12.231,15.102,13.214,12.231,1.87E+02,10.79514563
1949,245,16.846,2.261,9.5535,2.867,2.261,3.23E+02,16.08767801
1949,246,21.373,9.361,15.367,0.047,9.361,1.37E+02,15.14548272
1949,247,22.259,14.664,18.4615,0.825,14.664,1.48E+02,12.48384566
1949,248,18.8,8.282,13.541,26.018,8.282,1.49E+02,14.33133869
1949,249,10.721,3.309,7.015,20.683,3.309,2.53E+02,12.24505077
1949,250,11.323,0.043,5.683,1.544,0.043,2.47E+02,14.55299835
1949,251,12.462,3.722,8.092,0.182,3.722,3.50E+02,13.12739495
1949,252,15.093,-0.922,7.0855,0,-0.922,2.41E+02,15.78949467
1949,253,16.539,0.444,8.4915,0,0.444,1.40E+02,15.70637551
1949,254,19.471,7.312,13.3915,0,7.312,2.17E+02,14.59305415
1949,255,19.541,6.388,12.9645,0,6.388,2.65E+02,14.82854204
1949,256,17.381,9.466,13.4235,9.747,9.466,3.17E+02,12.29112598
1949,257,17.065,5.529,11.297,1.232,5.529,1.80E+02,14.12358238
1949,258,12.528,6.798,9.663,0.398,6.798,3.05E+02,10.32700286
1949,259,12.022,2.627,7.3245,3.288,2.627,3.46E+02,13.01933769
1949,260,11.019,5.29,8.1545,2.426,5.29,2.74E+02,10.25092183
1949,261,13.068,6.128,9.598,0.961,6.128,3.15E+02,11.29619681
1949,262,14.088,7.452,10.77,4.634,7.452,2.49E+02,10.99873335
1949,263,12.505,6.094,9.2995,1.045,6.094,2.15E+02,10.76047102
1949,264,13.408,6.977,10.1925,3.258,6.977,1.35E+02,10.73063241
1949,265,12.958,6.066,9.512,2.582,6.066,1.59E+02,11.05397699
1949,266,12.473,5.79,9.1315,1.175,5.79,2.45E+02,10.83881145
1949,267,9.244,1.455,5.3495,4.567,1.455,1.53E+02,11.56707087
1949,268,11.459,-0.124,5.6675,0,-0.124,2.40E+02,13.18352707
1949,269,16.442,6.1,11.271,0,6.1,3.46E+02,12.6778228
1949,270,15.659,6.066,10.8625,3.329,6.066,2.44E+02,12.29645777
1949,271,9.71,0.432,5.071,1.274,0.432,1.94E+02,12.08033659
1949,272,15.623,5.489,10.556,0.662,5.489,1.58E+02,12.34416971
1949,273,10.484,4.04,7.262,0.839,4.04,2.29E+02,10.28444814
1949,274,5.798,-0.812,2.493,0,-0.812,1.31E+02,10.35247876
1949,275,13.963,-1.748,6.1075,0,-1.748,8.64E+01,13.22570379
1949,276,16.209,6.991,11.6,0,6.991,8.64E+01,11.65340707
1949,277,15.278,6.119,10.6985,2.063,6.119,8.64E+01,11.54733816
1949,278,12.198,2.541,7.3695,0.278,2.541,8.64E+01,11.65211212
1949,279,11.15,-2.6,4.275,0,-2.6,8.64E+01,12.51447438
1949,280,10.173,3.138,6.6555,2.991,3.138,8.64E+01,10.27121998
1949,281,13.097,5.893,9.495,0.147,5.893,8.64E+01,10.30474302
1949,282,14.541,6.864,10.7025,16.596,6.864,8.64E+01,10.48973862
1949,283,17.659,-0.153,8.753,0.059,-0.153,8.64E+01,12.3994486
1949,284,21.243,8.894,15.0685,2.127,8.894,8.64E+01,11.74385759
1949,285,10.707,2.291,6.499,7.666,2.291,8.64E+01,10.59458208
1949,286,11.196,-1.802,4.697,2.071,-1.802,8.64E+01,11.62296131
1949,287,13.251,0.259,6.755,2.611,0.259,8.64E+01,11.51065418
1949,288,10.554,5.723,8.1385,0.25,5.723,8.64E+01,8.217736568
1949,289,14.08,4.705,9.3925,0,4.705,8.64E+01,10.58276389
1949,290,13.385,5.69,9.5375,0,5.69,8.64E+01,9.903027327
1949,291,16.703,0.868,8.7855,0,0.868,8.64E+01,11.29720973
1949,292,15.262,0.052,7.657,0,0.052,8.64E+01,11.13970715
1949,293,14.566,-2.414,6.076,0.914,-2.414,8.64E+01,11.10743136
1949,294,10.511,-1.712,4.3995,3.566,-1.712,8.64E+01,10.644423
1949,295,14.023,-0.641,6.691,9.927,-0.641,8.64E+01,10.75233303
1949,296,2.419,-2.171,0.124,0.032,-2.171,8.64E+01,7.652959365
1949,297,-2.921,-7.661,-5.291,0,-7.661,8.64E+01,7.7306905
1949,298,1.636,-4.825,-1.5945,3.066,-4.825,8.64E+01,8.766391852
1949,299,1.7,-5.941,-2.1205,0.061,-5.941,8.64E+01,9.188833085
1949,300,4.898,-6.808,-0.955,4.576,-6.808,8.64E+01,9.951005991
1949,301,4.508,0.252,2.38,0.31,0.252,8.64E+01,7.154515576
1949,302,9.596,-0.984,4.306,0,-0.984,8.64E+01,9.608465932
1949,303,11.453,3.279,7.366,0.032,3.279,8.64E+01,9.037275277
1949,304,0.192,-2.551,-1.1795,4.803,-2.551,8.64E+01,5.464794123
1949,305,-0.336,-9.62,-4.978,0.318,-9.62,8.64E+01,9.120133987
1949,306,0.7,-6.247,-2.7735,0.606,-6.247,2.87E+02,8.425948545
1949,307,-2.459,-7.344,-4.9015,0.076,-7.344,1.19E+02,7.355845432
1949,308,-1.04,-9.119,-5.0795,0.26,-9.119,1.37E+02,8.614287438
1949,309,-4.104,-6.862,-5.483,2.456,-6.862,1.93E+02,5.368309549
1949,310,-2.096,-7.502,-4.799,2.787,-7.502,2.53E+02,7.506082417
1949,311,2.113,-5.983,-1.935,0.484,-5.983,2.35E+02,8.386284817
1949,312,2.113,-6.107,-1.997,2.774,-6.107,1.39E+02,8.336436232
1949,313,-4.203,-9.062,-6.6325,0,-9.062,2.48E+02,7.049379708
1949,314,-4.231,-13.614,-8.9225,0.103,-13.614,2.78E+02,8.373922935
1949,315,-4.796,-11.369,-8.0825,0,-11.369,2.71E+02,7.69959276
1949,316,-1.825,-9.102,-5.4635,0,-9.102,2.93E+02,7.83568598
1949,317,0.01,-7.719,-3.8545,2.867,-7.719,2.08E+02,7.871370092
1949,318,0.799,-2.256,-0.7285,0.576,-2.256,1.07E+02,5.473162838
1949,319,1.237,-0.379,0.429,20.058,-0.379,1.92E+02,3.600423158
1949,320,1.259,0.134,0.6965,0.057,0.134,1.33E+02,2.717562943
1949,321,0.715,-1.342,-0.3135,2.774,-1.342,1.56E+02,4.239468916
1949,322,-3.113,-5.17,-4.1415,5.075,-5.17,1.55E+02,4.225249916
1949,323,-4.743,-9.189,-6.966,11.616,-9.189,1.43E+02,6.378129329
1949,324,-6.961,-9.838,-8.3995,0.227,-9.838,3.22E+02,5.150729883
1949,325,-7.608,-16.204,-11.906,0.136,-16.204,2.03E+02,7.483352297
1949,326,-10.398,-13.98,-12.189,4.98,-13.98,2.44E+02,5.711800256
1949,327,-8.115,-11.974,-10.0445,9.58,-11.974,1.93E+02,5.878612924
1949,328,-11.466,-13.129,-12.2975,22.674,-13.129,2.52E+02,3.587372582
1949,329,-10.508,-14.106,-12.307,0.207,-14.106,2.63E+02,5.641080502
1949,330,-15.037,-22.168,-18.6025,0,-22.168,3.01E+02,6.987372409
1949,331,-11.511,-24.85,-18.1805,0,-24.85,3.58E+02,7.364586744
1949,332,-7.329,-19,-13.1645,0,-19,2.16E+02,7.269310427
1949,333,-1.717,-10.049,-5.883,3.228,-10.049,4.31E+02,7.014472894
1949,334,-0.941,-4.221,-2.581,5.017,-4.221,3.32E+02,5.287901092
1949,335,-4.908,-8.896,-6.902,2.609,-8.896,3.83E+02,5.73818185
1949,336,-6.78,-11.105,-8.9425,2.347,-11.105,1.65E+02,5.893374828
1949,337,-10.575,-16.077,-13.326,0,-16.077,2.58E+02,6.327683638
1949,338,-5.652,-17.533,-11.5925,9.899,-17.533,1.02E+02,6.985246662
1949,339,-3.457,-10.56,-7.0085,0.311,-10.56,3.09E+02,6.619384444
1949,340,-10.299,-13.685,-11.992,0.113,-13.685,3.33E+02,5.257518691
1949,341,-13.211,-17.414,-15.3125,0,-17.414,1.87E+02,5.723597123
1949,342,-13.554,-20.519,-17.0365,0,-20.519,1.63E+02,6.511662855
1949,343,-8.517,-26.313,-17.415,2.445,-26.313,2.89E+02,6.85542316
1949,344,-5.702,-16.157,-10.9295,0,-16.157,1.78E+02,6.744727356
1949,345,2.215,-13.809,-5.797,0.903,-13.809,1.89E+02,6.796891427
1949,346,6.707,-5.239,0.734,0.408,-5.239,2.57E+02,6.737437743
1949,347,-3.813,-11.828,-7.8205,0,-11.828,1.30E+02,6.534904548
1949,348,-15.284,-21.412,-18.348,0,-21.412,1.22E+02,6.248457517
1949,349,-16.242,-21.119,-18.6805,0,-21.119,2.67E+02,5.895132175
1949,350,-8.556,-22.105,-15.3305,2.44,-22.105,2.06E+02,6.695271407
1949,351,-6.259,-23.699,-14.979,0,-23.699,2.74E+02,6.703151292
1949,352,-1.849,-12.456,-7.1525,2.454,-12.456,3.01E+02,6.627486717
1949,353,-0.239,-3.501,-1.87,0.201,-3.501,3.14E+02,5.061874835
1949,354,0.48,-9.419,-4.4695,3.153,-9.419,3.41E+02,6.597212718
1949,355,1.498,-10.228,-4.365,2.814,-10.228,2.25E+02,6.651257613
1949,356,6.444,-13.251,-3.4035,9.287,-13.251,8.86E+01,6.699352219
1949,357,-8.559,-22.113,-15.336,0,-22.113,9.04E+01,6.686591198
1949,358,-20.838,-26.226,-23.532,0,-26.226,1.86E+02,6.049471987
1949,359,-2.506,-27.319,-14.9125,4.736,-27.319,2.82E+02,6.729883454
1949,360,1.515,-15.59,-7.0375,3.089,-15.59,9.70E+01,6.74021107
1949,361,-3.471,-18.001,-10.736,11.404,-18.001,1.06E+02,6.74814022
1949,362,-15.06,-18.766,-16.913,0,-18.766,1.17E+02,5.385196432
1949,363,-17.262,-22.582,-19.922,0,-22.582,2.14E+02,6.089117471
1949,364,-18.977,-25.579,-22.278,0,-25.579,2.83E+02,6.406480316
1949,365,-6.227,-28.595,-17.411,0.128,-28.595,1.63E+02,6.861312771
1949,366,-6.227,-28.595,-17.411,0.128,-28.595,1.63E+02,6.861312771
