DJ0207XDMNXPHWR
CCXMDDM
24,1,12.0
7,0.075,0.125,0.00,0,0,0,0,0,0,0,0
1951,1,-6.682,-29.254,-17.968,0,-29.254,1.60E+02,6.892793989,,,
1951,2,-1.33,-11.478,-6.404,2.556,-11.478,1.91E+02,6.82195101,,,
1951,3,-1.062,-10.277,-5.6695,7.251,-10.277,2.38E+02,6.805919337,,,
1951,4,-10.817,-17.112,-13.9645,4.96,-17.112,3.58E+02,6.473920399,,,
1951,5,-17.037,-26.939,-21.988,0,-26.939,1.22E+02,6.918776089,,,
1951,6,-21.338,-33.554,-27.446,0,-33.554,1.81E+02,7.038387631,,,
1951,7,-19.149,-31.944,-25.5465,0,-31.944,1.85E+02,7.094760499,,,
1951,8,-14.584,-28.191,-21.3875,0,-28.191,2.16E+02,7.155141321,,,
1951,9,-7.871,-19.335,-13.603,0.86,-19.335,1.73E+02,7.161324932,,,
1951,10,-3.265,-10.036,-6.6505,0.078,-10.036,1.45E+02,6.787015743,,,
1951,11,-3.683,-9.37,-6.5265,0.738,-9.37,1.08E+02,6.557873604,,,
1951,12,-8.262,-14.018,-11.14,0,-14.018,1.08E+02,6.618239323,,,
1951,13,-15.45,-25.43,-20.44,0.242,-25.43,2.86E+02,7.31107778
1951,14,-7.822,-24.286,-16.054,0.139,-24.286,1.40E+02,7.526018864
1951,15,-6.809,-15.114,-10.9615,8.216,-15.114,2.46E+02,7.274475343
1951,16,-6.087,-10.572,-8.3295,1.664,-10.572,4.62E+02,6.254047667
1951,17,-7.137,-16.568,-11.8525,0.49,-16.568,2.31E+02,7.512109011
1951,18,-2.677,-11.611,-7.144,0,-11.611,1.42E+02,7.527383274
1951,19,-0.768,-12.475,-6.6215,0.242,-12.475,2.97E+02,7.787728012
1951,20,-8.719,-24.424,-16.5715,3.437,-24.424,4.20E+02,7.953276624
1951,21,-16.21,-24.67,-20.44,3.807,-24.67,1.59E+02,7.6643169
1951,22,-21.608,-33.589,-27.5985,0,-33.589,2.39E+02,8.025714562
1951,23,-9.976,-35.081,-22.5285,1.293,-35.081,2.50E+02,8.233995225
1951,24,-4.786,-23.337,-14.0615,5.912,-23.337,2.60E+02,8.309073767
1951,25,-6.353,-16.672,-11.5125,4.424,-16.672,2.40E+02,8.161054867
1951,26,-13.165,-18.396,-15.7805,0.139,-18.396,1.11E+02,7.058410322
1951,27,-20.149,-27.44,-23.7945,0,-27.44,1.23E+02,7.845348583
1951,28,-20.778,-31.839,-26.3085,0,-31.839,1.51E+02,8.468516795
1951,29,-19.958,-37.264,-28.611,0,-37.264,2.18E+02,8.765876998
1951,30,-30.614,-41.816,-36.215,0,-41.816,2.66E+02,8.65457419
1951,31,-23.023,-41.107,-32.065,0,-41.107,1.86E+02,8.973084838
1951,32,-15.833,-24.564,-20.1985,11.292,-24.564,2.91E+02,8.521621491
1951,33,-14.3,-19.757,-17.0285,0,-19.757,1.10E+02,7.53804353
1951,34,-10.045,-22.185,-16.115,0,-22.185,1.90E+02,9.095902885
1951,35,-10.976,-22.014,-16.495,0.082,-22.014,2.77E+02,9.099565211
1951,36,-16.027,-21.585,-18.806,0.267,-21.585,2.79E+02,7.758038721
1951,37,-11.772,-38.318,-25.045,0.697,-38.318,1.21E+02,9.656993139
1951,38,-0.613,-21.328,-10.9705,4.049,-21.328,2.79E+02,9.752628024
1951,39,-25.281,-26.961,-26.121,4.295,-26.961,2.25E+02,3.865828256
1951,40,-28.462,-35.716,-32.089,1.379,-35.716,1.99E+02,8.758731745
1951,41,-16.507,-39.674,-28.0905,1.756,-39.674,1.87E+02,10.11798925
1951,42,-4.4,-25.231,-14.8155,3.114,-25.231,2.31E+02,10.22317358
1951,43,-3.479,-15.881,-9.68,2.672,-15.881,2.29E+02,10.03427345
1951,44,-10.425,-21.604,-16.0145,0,-21.604,2.79E+02,9.999483882
1951,45,-18.05,-35.837,-26.9435,0,-35.837,2.61E+02,10.53801965
1951,46,-10.386,-29.852,-20.119,0,-29.852,2.35E+02,10.694019
1951,47,-1.657,-22.461,-12.059,0,-22.461,1.76E+02,10.83795456
1951,48,-0.418,-20.412,-10.415,0,-20.412,2.32E+02,10.95210238
1951,49,2.041,-6.542,-2.2505,0,-6.542,2.00E+02,9.916372287
1951,50,2.756,-2.556,0.1,0.795,-2.556,1.55E+02,8.371217859
1951,51,0.157,-3.793,-1.818,2.9,-3.793,1.31E+02,7.212797941
1951,52,1.084,-2.319,-0.6175,2.476,-2.319,3.10E+02,6.625098
1951,53,-0.343,-4.046,-2.1945,1.19,-4.046,2.00E+02,7.009071069
1951,54,-10.189,-18.113,-14.151,0,-18.113,2.25E+02,10.08655889
1951,55,-10.8,-24.144,-17.472,0,-24.144,1.69E+02,11.45680466
1951,56,-1.102,-18.025,-9.5635,0,-18.025,2.27E+02,11.86534816
1951,57,-2.48,-11.249,-6.8645,0,-11.249,1.38E+02,10.65835732
1951,58,-6.776,-13.771,-10.2735,1.67,-13.771,1.29E+02,9.927384457
1951,59,-9.731,-22.682,-16.2065,0,-22.682,1.22E+02,11.85396845
1951,60,-10.064,-28.217,-19.1405,7.217,-28.217,1.29E+02,12.43430284
1951,61,-3.834,-15.162,-9.498,0,-15.162,1.27E+02,11.76788465
1951,62,-4.528,-25.717,-15.1225,1.363,-25.717,2.33E+02,12.8071681
1951,63,-0.886,-8.966,-4.926,2.286,-8.966,3.16E+02,10.84640017
1951,64,-0.832,-10.74,-5.786,0.877,-10.74,2.30E+02,11.66331478
1951,65,-0.204,-21.738,-10.971,0,-21.738,1.48E+02,13.21846124
1951,66,-0.569,-9.795,-5.182,1.727,-9.795,2.94E+02,11.58684236
1951,67,-10.877,-24.323,-17.6,0,-24.323,1.63E+02,12.81734418
1951,68,-8.746,-23.855,-16.3005,0,-23.855,1.28E+02,13.1736473
1951,69,-6.068,-17.637,-11.8525,0,-17.637,1.18E+02,12.62389163
1951,70,2.656,-11.292,-4.318,0,-11.292,2.83E+02,13.23211601
1951,71,4.938,-9.294,-2.178,0,-9.294,2.68E+02,13.38951943
1951,72,4.467,-11.431,-3.482,0,-11.431,1.85E+02,13.73798816
1951,73,6.394,-12.026,-2.816,0,-12.026,3.58E+02,14.10308041
1951,74,3.779,-6.155,-1.188,3.555,-6.155,2.20E+02,12.53275564
1951,75,1.341,-3.632,-1.1455,2.287,-3.632,3.22E+02,9.172805556
1951,76,1.471,-3.302,-0.9155,1.455,-3.302,1.79E+02,8.986116867
1951,77,6.452,-13.865,-3.7065,0,-13.865,1.62E+02,14.73445202
1951,78,1.756,-12.679,-5.4615,2.656,-12.679,1.58E+02,14.18335908
1951,79,0.628,-6.673,-3.0225,3.441,-6.673,1.42E+02,11.42344359
1951,80,-4.655,-10.633,-7.644,1.654,-10.633,3.03E+02,10.37962756
1951,81,-4.567,-17.703,-11.135,0.098,-17.703,3.27E+02,14.19870283
1951,82,-3.714,-13.572,-8.643,0.837,-13.572,3.25E+02,13.12284678
1951,83,-4.664,-23.564,-14.114,5.198,-23.564,1.76E+02,15.35466734
1951,84,-6.209,-14.82,-10.5145,3.015,-14.82,2.63E+02,12.58758964
1951,85,-9.165,-21.36,-15.2625,0,-21.36,2.28E+02,14.28806862
1951,86,-0.914,-26.932,-13.923,2.807,-26.932,2.34E+02,16.13066438
1951,87,4.197,-8.323,-2.063,0,-8.323,2.77E+02,14.56534561
1951,88,7.478,-4.362,1.558,3.483,-4.362,2.19E+02,14.41421477
1951,89,3.964,-0.442,1.761,2.837,-0.442,3.49E+02,8.90007029
1951,90,4.343,1.433,2.888,6.359,1.433,1.75E+02,6.635894968
1951,91,4.855,0.33,2.5925,0.62,0.33,2.78E+02,9.104799534
1951,92,4.453,0.809,2.631,4.653,0.809,2.57E+02,7.865595155
1951,93,3.794,-0.321,1.7365,9.425,-0.321,1.55E+02,8.583606228
1951,94,2.858,-0.203,1.3275,1.092,-0.203,1.23E+02,6.944100829
1951,95,5.105,-0.353,2.376,0,-0.353,4.34E+02,10.36290736
1951,96,11.931,-4.105,3.913,0,-4.105,5.46E+02,16.28527192
1951,97,14.571,-3.777,5.397,0,-3.777,4.32E+02,16.79180027
1951,98,11.369,-2.262,4.5535,0,-2.262,2.54E+02,15.82327085
1951,99,12.187,-3.072,4.5575,0,-3.072,2.16E+02,16.36733956
1951,100,11.579,-0.824,5.3775,0.385,-0.824,2.38E+02,15.52983694
1951,101,9.319,-1.712,3.8035,1.513,-1.712,2.38E+02,14.97952989
1951,102,10.763,-0.144,5.3095,0,-0.144,2.58E+02,14.97618362
1951,103,3.276,0.988,2.132,2.282,0.988,1.28E+02,5.584660996
1951,104,5.47,-0.203,2.6335,1.592,-0.203,2.05E+02,10.85467911
1951,105,5.457,0.539,2.998,0.425,0.539,2.06E+02,9.929452915
1951,106,6.699,-0.01,3.3445,2.574,-0.01,2.12E+02,12.0456252
1951,107,4.498,-1.123,1.6875,2.693,-1.123,2.30E+02,10.86437474
1951,108,3.577,-2.088,0.7445,0,-2.088,2.75E+02,10.94030863
1951,109,4.389,-3.028,0.6805,1.825,-3.028,1.69E+02,12.82852393
1951,110,2.898,-2.562,0.168,0,-2.562,3.67E+02,10.73129611
1951,111,5.364,-5.044,0.16,1.151,-5.044,3.70E+02,15.16928425
1951,112,4.052,-6.341,-1.1445,11.888,-6.341,3.41E+02,15.20612701
1951,113,3.16,-9.545,-3.1925,0.857,-9.545,3.31E+02,16.4622811
1951,114,4.796,-2.527,1.1345,0.337,-2.527,1.66E+02,12.89012177
1951,115,9.199,-4.817,2.191,0,-4.817,4.05E+02,17.10586561
1951,116,13.604,-2.398,5.603,0,-2.398,2.09E+02,17.812139
1951,117,15.397,-3.525,5.936,0,-3.525,2.71E+02,18.55817234
1951,118,14.576,0.014,7.295,4.21,0.014,2.48E+02,17.47330838
1951,119,8.519,2.752,5.6355,1.347,2.752,2.42E+02,11.28755809
1951,120,8.153,-3.759,2.197,0,-3.759,3.43E+02,16.42394838
1951,121,12.585,-3.584,4.5005,0,-3.584,1.69E+02,18.15770911
1951,122,8.453,-3.669,2.392,0,-3.669,1.29E+02,16.6188602
1951,123,7.817,-1.292,3.2625,0,-1.292,1.90E+02,14.71875067
1951,124,10.208,-4.297,2.9555,0,-4.297,2.57E+02,17.76178839
1951,125,13.483,0.991,7.237,0,0.991,1.56E+02,16.93046213
1951,126,14.528,-0.883,6.8225,0,-0.883,1.92E+02,18.18002044
1951,127,7.112,1.677,4.3945,2.71,1.677,2.36E+02,10.98156364
1951,128,7.452,0.572,4.012,0.338,0.572,3.99E+02,12.75042684
1951,129,6.005,-0.909,2.548,6.198,-0.909,2.57E+02,12.80539749
1951,130,8.947,-3.053,2.947,0.006,-3.053,3.00E+02,16.85678812
1951,131,16.553,-2.505,7.024,0,-2.505,2.36E+02,19.4117158
1951,132,6.633,-1.304,2.6645,0,-1.304,3.05E+02,13.91227347
1951,133,7.419,-4.1,1.6595,0,-4.1,1.49E+02,16.67555582
1951,134,13.952,-3.348,5.302,4.71,-3.348,2.64E+02,19.11796679
1951,135,20.288,2.367,11.3275,0.995,2.367,1.77E+02,19.32551667
1951,136,7.465,-0.196,3.6345,0.182,-0.196,2.73E+02,13.71040033
1951,137,13.362,-3.737,4.8125,0,-3.737,1.72E+02,19.18010914
1951,138,21.087,-1.992,9.5475,0,-1.992,2.17E+02,20.42698726
1951,139,24.741,6.679,15.71,0,6.679,2.62E+02,19.51859614
1951,140,27.882,8.321,18.1015,0,8.321,2.27E+02,19.9090886
1951,141,23.727,12.665,18.196,0.337,12.665,2.50E+02,16.59220278
1951,142,15.295,9.121,12.208,1.12,9.121,3.22E+02,12.10892609
1951,143,15.171,5.183,10.177,0.006,5.183,1.83E+02,15.87397262
1951,144,18.362,0.122,9.242,0,0.122,2.26E+02,19.73334288
1951,145,25.99,6.831,16.4105,2.036,6.831,2.15E+02,19.98967575
1951,146,25.136,6.908,16.022,0,6.908,2.26E+02,19.7892167
1951,147,23.503,11.784,17.6435,3.284,11.784,2.94E+02,17.12604213
1951,148,15.477,10.756,13.1165,4.724,10.756,1.86E+02,10.13621904
1951,149,15.509,10.047,12.778,1.242,10.047,2.89E+02,11.22249907
1951,150,17.766,8.799,13.2825,0,8.799,3.26E+02,15.1386198
1951,151,23.37,6.593,14.9815,0,6.593,2.43E+02,19.48852473
1951,152,15.498,8.733,12.1155,0,8.733,1.50E+02,12.90872099
1951,153,12.199,2.135,7.167,0,2.135,2.54E+02,16.07469375
1951,154,14.045,1.11,7.5775,0.723,1.11,2.07E+02,17.93195279
1951,155,12.198,6.293,9.2455,1.647,6.293,2.19E+02,11.85421495
1951,156,15.928,2.427,9.1775,0.101,2.427,2.31E+02,18.24955815
1951,157,10.831,1.33,6.0805,10.621,1.33,1.80E+02,15.66275881
1951,158,11.502,-0.516,5.493,1.309,-0.516,3.07E+02,17.45938496
1951,159,13.942,1.379,7.6605,0,1.379,2.65E+02,17.78636396
1951,160,17.025,2.51,9.7675,0,2.51,2.47E+02,18.76937756
1951,161,20.094,3.595,11.8445,0,3.595,3.62E+02,19.55106308
1951,162,19.094,10.239,14.6665,0,10.239,3.33E+02,15.13313469
1951,163,19.71,7.83,13.77,0,7.83,3.08E+02,17.4143745
1951,164,22.939,10.928,16.9335,3.882,10.928,1.41E+02,17.50015498
1951,165,16.343,10.683,13.513,10.373,10.683,2.77E+02,11.55603143
1951,166,20.139,9.087,14.613,0.189,9.087,2.48E+02,16.88921817
1951,167,20.004,9.395,14.6995,0,9.395,2.60E+02,16.57922277
1951,168,21.457,12.307,16.882,7.968,12.307,1.78E+02,15.41542427
1951,169,25.602,13.132,19.367,2.571,13.132,1.39E+02,17.78890886
1951,170,23.868,14.515,19.1915,8.282,14.515,1.31E+02,15.59343269
1951,171,23.122,14.55,18.836,1.566,14.55,3.59E+02,14.89250489
1951,172,19.216,10.667,14.9415,2.104,10.667,2.63E+02,14.87067667
1951,173,19.461,3.426,11.4435,1.89,3.426,1.85E+02,19.43734784
1951,174,16.13,5.26,10.695,2.299,5.26,9.72E+01,16.76947101
1951,175,21.056,10.298,15.677,2.688,10.298,1.68E+02,16.68806801
1951,176,16.41,8.537,12.4735,0.628,8.537,1.93E+02,14.19786145
1951,177,16.853,4.481,10.667,0,4.481,3.23E+02,17.72216603
1951,178,17.297,4.469,10.883,1.344,4.469,3.00E+02,17.97456636
1951,179,19.12,6.105,12.6125,1.158,6.105,2.77E+02,18.07006543
1951,180,17.994,9.973,13.9835,4.323,9.973,2.19E+02,14.33727779
1951,181,19.772,9.735,14.7535,0.453,9.735,1.38E+02,16.12569641
1951,182,19.585,9.156,14.3705,0.893,9.156,1.34E+02,16.41735613
1951,183,18.061,8.227,13.144,14.103,8.227,2.11E+02,15.95313412
1951,184,18.12,9.918,14.019,0,9.918,1.80E+02,14.49847507
1951,185,17.388,5.459,11.4235,2.829,5.459,1.42E+02,17.40168335
1951,186,20.542,9.201,14.8715,0.103,9.201,2.31E+02,17.02006731
1951,187,26.181,10.2,18.1905,0.018,10.2,3.10E+02,19.29983393
1951,188,28.275,11.566,19.9205,0.179,11.566,1.94E+02,19.53491558
1951,189,27.713,14.765,21.239,8.33,14.765,1.22E+02,17.93353763
1951,190,20.667,17.365,19.016,4.307,17.365,1.43E+02,7.757260114
1951,191,26.773,16.097,21.435,2.753,16.097,1.78E+02,16.50958634
1951,192,18.652,8.374,13.513,0,8.374,1.39E+02,16.20799494
1951,193,20.542,5.985,13.2635,2.071,5.985,1.29E+02,18.6338034
1951,194,23.526,8.566,16.046,0,8.566,1.89E+02,18.78082162
1951,195,21.235,7.954,14.5945,0.317,7.954,8.64E+01,18.00361345
1951,196,17.713,10.494,14.1035,0.952,10.494,1.05E+02,13.38038478
1951,197,20.513,8.05,14.2815,0,8.05,1.25E+02,17.53294756
1951,198,18.497,4.194,11.3455,0,4.194,1.07E+02,18.41444795
1951,199,20.919,3.518,12.2185,4.092,3.518,2.57E+02,19.49232802
1951,200,20.729,10.947,15.838,1.133,10.947,1.13E+02,15.70949334
1951,201,15.505,7.519,11.512,3.569,7.519,1.85E+02,14.11949847
1951,202,23.274,7.75,15.512,1.65,7.75,2.08E+02,18.7911856
1951,203,17.758,8.345,13.0515,0.106,8.345,1.91E+02,15.36274057
1951,204,18.999,5.914,12.4565,0.76,5.914,2.56E+02,17.69159108
1951,205,21.627,6.452,14.0395,10.722,6.452,3.28E+02,18.56653518
1951,206,23.447,11.414,17.4305,3.058,11.414,1.85E+02,17.07813496
1951,207,22.149,14.288,18.2185,7.272,14.288,2.57E+02,13.90435918
1951,208,22.605,9.793,16.199,0,9.793,1.31E+02,17.43670046
1951,209,23.39,6.481,14.9355,8.048,6.481,1.49E+02,18.99284845
1951,210,23.581,10.315,16.948,6.885,10.315,1.64E+02,17.59285388
1951,211,20.36,10.821,15.5905,3.068,10.821,2.29E+02,15.29081933
1951,212,16.002,9.115,12.5585,10.382,9.115,2.73E+02,12.80407372
1951,213,14.259,10.845,12.552,12.128,10.845,2.03E+02,7.87410944
1951,214,19.357,5.189,12.273,2.374,5.189,2.53E+02,17.8377042
1951,215,16.596,10.561,13.5785,0,10.561,2.18E+02,11.76164163
1951,216,15.212,7.83,11.521,0,7.83,2.40E+02,13.25650515
1951,217,20.51,5.385,12.9475,1.629,5.385,9.38E+01,18.06687359
1951,218,22.914,5.678,14.296,0,5.678,1.92E+02,18.65499964
1951,219,22.337,9.553,15.945,1.629,9.553,2.00E+02,17.01855552
1951,220,21.517,11.095,16.306,2.182,11.095,1.79E+02,15.65493403
1951,221,21.58,13.087,17.3335,2.362,13.087,1.74E+02,14.17492798
1951,222,17.868,10.422,14.145,6.977,10.422,1.72E+02,13.18671781
1951,223,21.479,6.137,13.808,0,6.137,1.38E+02,17.83168607
1951,224,20.041,11.36,15.7005,0,11.36,1.99E+02,14.24326753
1951,225,19.514,4.469,11.9915,1.629,4.469,2.06E+02,17.62204747
1951,226,21.218,9.438,15.328,0,9.438,1.59E+02,16.20669609
1951,227,17.631,6.518,12.0745,0,6.518,2.35E+02,15.79857153
1951,228,18.75,5.19,11.97,0,5.19,2.18E+02,16.91484249
1951,229,24.492,5.99,15.241,0,5.99,2.45E+02,18.24479458
1951,230,20.425,7.766,14.0955,0,7.766,2.30E+02,16.4268301
1951,231,22.444,7.357,14.9005,18.109,7.357,2.58E+02,17.26790648
1951,232,21.075,8.527,14.801,1.415,8.527,3.44E+02,16.26644548
1951,233,19.766,9.93,14.848,13.473,9.93,3.00E+02,14.75159323
1951,234,18.782,9.331,14.0565,3.049,9.331,2.47E+02,14.44980645
1951,235,22.241,12.172,17.2065,0,12.172,2.38E+02,14.80711899
1951,236,23.9,8.412,16.156,0,8.412,3.22E+02,17.03695216
1951,237,25.075,10.995,18.035,0,10.995,1.69E+02,16.54102958
1951,238,25.053,11.484,18.2685,0,11.484,2.52E+02,16.29659834
1951,239,24.016,11.329,17.6725,0,11.329,2.79E+02,15.89685418
1951,240,23.64,11.913,17.7765,1.319,11.913,2.61E+02,15.42105816
1951,241,19.86,10.395,15.1275,2.137,10.395,2.46E+02,14.12947496
1951,242,16.75,9.116,12.933,0,9.116,1.63E+02,12.72507501
1951,243,13.525,4.834,9.1795,0,4.834,1.35E+02,13.50617172
1951,244,13.421,2.342,7.8815,0,2.342,1.87E+02,14.86441541
1951,245,17.604,2.451,10.0275,0,2.451,3.23E+02,16.23675742
1951,246,18.493,4.385,11.439,0,4.385,1.37E+02,15.87095712
1951,247,15.341,6.05,10.6955,0.157,6.05,1.48E+02,13.70119052
1951,248,16.628,3.503,10.0655,4.435,3.503,1.49E+02,15.40492627
1951,249,16.986,5.541,11.2635,10.897,5.541,2.53E+02,14.69544553
1951,250,11.611,5.459,8.535,0,5.459,2.47E+02,11.04590444
1951,251,16.009,5.301,10.655,0.245,5.301,3.50E+02,14.22410039
1951,252,21.55,7.932,14.741,0,7.932,2.41E+02,15.22499916
1951,253,21.995,12.078,17.0365,6.366,12.078,1.40E+02,13.69636831
1951,254,19.997,11.796,15.8965,0.737,11.796,2.17E+02,12.59998676
1951,255,23.453,12.811,18.132,8.419,12.811,2.65E+02,13.91004131
1951,256,27.693,14.663,21.178,0,14.663,3.17E+02,14.70429009
1951,257,18.905,13.908,16.4065,5.744,13.908,1.80E+02,9.555269022
1951,258,18.386,11.987,15.1865,1.681,11.987,3.05E+02,10.97294306
1951,259,15.523,8.792,12.1575,6.706,8.792,3.46E+02,11.22009866
1951,260,13.381,6.461,9.921,6.444,6.461,2.74E+02,11.32937735
1951,261,10.737,2.598,6.6675,4.435,2.598,3.15E+02,12.15803985
1951,262,10.282,3.182,6.732,0.245,3.182,2.49E+02,11.37074318
1951,263,14.725,-2.063,6.331,5.116,-2.063,2.15E+02,14.75146476
1951,264,21.779,3.623,12.701,16.394,3.623,1.35E+02,14.78905592
1951,265,14.32,7.759,11.0395,9.774,7.759,1.59E+02,10.79078943
1951,266,10.326,7.093,8.7095,4.715,7.093,2.45E+02,6.968365314
1951,267,10.435,3.263,6.849,1.494,3.263,1.53E+02,11.15245391
1951,268,8.27,3.517,5.8935,0.806,3.517,2.40E+02,8.9243275
1951,269,6.308,-0.518,2.895,5.669,-0.518,3.46E+02,10.78926742
1951,270,7.129,-1.537,2.796,11.453,-1.537,2.44E+02,11.86446186
1951,271,6.57,2.704,4.637,0.825,2.704,1.94E+02,7.757590129
1951,272,5.124,-0.012,2.556,0.245,-0.012,1.58E+02,9.185083328
1951,273,6.559,-1.919,2.32,0,-1.919,2.29E+02,11.55042594
1951,274,6.914,1.898,4.406,2.242,1.898,1.31E+02,8.984989484
1951,275,10.976,3.817,7.3965,0.054,3.817,8.64E+01,10.66647658
1951,276,16.069,2.526,9.2975,9.337,2.526,8.64E+01,12.81672766
1951,277,18.989,7.137,13.063,0.577,7.137,8.64E+01,12.3793243
1951,278,7.552,5.601,6.5765,5.514,5.601,8.64E+01,4.627208917
1951,279,6.884,0.671,3.7775,0.278,0.671,8.64E+01,9.783068573
1951,280,9.42,-1.458,3.981,2.137,-1.458,8.64E+01,11.84253388
1951,281,3.834,0.246,2.04,6.256,0.246,8.64E+01,7.130615769
1951,282,4.331,-0.093,2.119,0,-0.093,8.64E+01,8.068887671
1951,283,7.648,-1.539,3.0545,0.089,-1.539,8.64E+01,11.05216897
1951,284,9.613,-0.702,4.4555,0,-0.702,8.64E+01,11.30890364
1951,285,3.282,-2.322,0.48,0,-2.322,8.64E+01,9.001926327
1951,286,8.658,-1.525,3.5665,0,-1.525,8.64E+01,11.08366379
1951,287,15.587,-0.9,7.3435,0,-0.9,8.64E+01,11.82459996
1951,288,13.524,4.708,9.116,0.142,4.708,8.64E+01,10.49390463
1951,289,14.997,5.037,10.017,1.996,5.037,8.64E+01,10.74185279
1951,290,12.057,4.827,8.442,2.82,4.827,8.64E+01,9.692440048
1951,291,9.496,2.676,6.086,0,2.676,8.64E+01,9.418025792
1951,292,12.412,2.004,7.208,2.643,2.004,8.64E+01,10.55613295
1951,293,1.449,-2.555,-0.553,0.142,-2.555,8.64E+01,7.22851179
1951,294,6.656,-4.059,1.2985,0.401,-4.059,8.64E+01,10.41797046
1951,295,14.152,2.355,8.2535,5.981,2.355,8.64E+01,10.4835074
1951,296,9.244,4.048,6.646,0,4.048,8.64E+01,8.12513859
1951,297,3.063,-0.793,1.135,32.34,-0.793,8.64E+01,6.934329201
1951,298,4.442,0.193,2.3175,1.838,0.193,8.64E+01,7.271240171
1951,299,8.934,0.011,4.4725,0,0.011,8.64E+01,9.569058707
1951,300,0.746,-0.892,-0.073,0.405,-0.892,8.64E+01,3.830149767
1951,301,-1.763,-5.852,-3.8075,4.205,-5.852,8.64E+01,7.007555916
1951,302,-1.218,-4.975,-3.0965,0.617,-4.975,8.64E+01,6.658927154
1951,303,2.178,-5.122,-1.472,3.252,-5.122,8.64E+01,8.766962018
1951,304,3.741,-3.125,0.308,5.837,-3.125,8.64E+01,8.535679857
1951,305,-3.432,-10.651,-7.0415,1.26,-10.651,8.64E+01,8.592426943
1951,306,-3.25,-14.847,-9.0485,12.94,-14.847,2.87E+02,9.335647464
1951,307,-2.284,-8.868,-5.576,15.444,-8.868,1.19E+02,8.221614303
1951,308,-2.6,-7.853,-5.2265,4.143,-7.853,1.37E+02,7.529445179
1951,309,-6.681,-13.051,-9.866,2.258,-13.051,1.93E+02,8.006797
1951,310,-5.422,-19.155,-12.2885,0,-19.155,2.53E+02,9.072717898
1951,311,-3.197,-15.585,-9.391,17.021,-15.585,2.35E+02,8.909970446
1951,312,-1.038,-7.397,-4.2175,0.07,-7.397,1.39E+02,7.812844316
1951,313,-0.429,-7.84,-4.1345,0,-7.84,2.48E+02,8.075426344
1951,314,1.243,-5.177,-1.967,3.355,-5.177,2.78E+02,7.710397098
1951,315,-1.409,-5.8,-3.6045,0.941,-5.8,2.71E+02,6.66726008
1951,316,-0.781,-9.696,-5.2385,0,-9.696,2.93E+02,8.151737622
1951,317,3.604,-5.805,-1.1005,15.998,-5.805,2.08E+02,8.140171673
1951,318,7.157,0.93,4.0435,10.176,0.93,1.07E+02,7.405323542
1951,319,1.433,-2.721,-0.644,1.589,-2.721,1.92E+02,6.349417319
1951,320,-4.619,-6.033,-5.326,2.252,-6.033,1.33E+02,3.249946847
1951,321,-4.192,-8.685,-6.4385,1.554,-8.685,1.56E+02,6.483750426
1951,322,-5.607,-10.139,-7.873,2.252,-10.139,1.55E+02,6.466023763
1951,323,-9.531,-13.469,-11.5,9.662,-13.469,1.43E+02,6.059860433
1951,324,-10.54,-13.76,-12.15,0.941,-13.76,3.22E+02,5.471798481
1951,325,-8.163,-14.266,-11.2145,0,-14.266,2.03E+02,6.989457426
1951,326,-0.832,-13.124,-6.978,3.118,-13.124,2.44E+02,7.661211875
1951,327,-6.274,-11.36,-8.817,0.51,-11.36,1.93E+02,6.535362485
1951,328,-11.326,-19.035,-15.1805,0.193,-19.035,2.52E+02,7.187092872
1951,329,-7.419,-21.483,-14.451,8.3,-21.483,2.63E+02,7.498716182
1951,330,-5.82,-14.317,-10.0685,2.986,-14.317,3.01E+02,7.182789471
1951,331,-12.614,-16.903,-14.7585,0,-16.903,3.58E+02,6.014557597
1951,332,-4.693,-16.69,-10.6915,2.499,-16.69,2.16E+02,7.278635599
1951,333,0.471,-9.899,-4.714,0,-9.899,4.31E+02,7.165588272
1951,334,1.686,-3.306,-0.81,0.07,-3.306,3.32E+02,6.244112139
1951,335,-2.444,-4.262,-3.353,2.65,-4.262,3.83E+02,3.748689426
1951,336,-0.932,-8.022,-4.477,0,-8.022,1.65E+02,6.7217764
1951,337,1.794,-6.436,-2.321,0,-6.436,2.58E+02,6.832176043
1951,338,5.07,-2.718,1.176,6.897,-2.718,1.02E+02,6.746297805
1951,339,4.243,0.431,2.337,0.141,0.431,3.09E+02,5.549193659
1951,340,6.253,-0.585,2.834,5.152,-0.585,3.33E+02,6.545935267
1951,341,8.092,2.533,5.3125,4.223,2.533,1.87E+02,6.23693111
1951,342,0.884,-1.542,-0.329,0.264,-1.542,1.63E+02,4.413054017
1951,343,-7.187,-9.028,-8.1075,3.96,-9.028,2.89E+02,3.722344192
1951,344,-10.211,-12.108,-11.1595,0.352,-12.108,1.78E+02,3.789693916
1951,345,-6.735,-14.78,-10.7575,2.583,-14.78,1.89E+02,6.574900292
1951,346,-13.755,-23.317,-18.536,0.264,-23.317,2.57E+02,6.661560742
1951,347,-23.574,-31.136,-27.355,0,-31.136,1.30E+02,6.487532306
1951,348,-24.776,-33.451,-29.1135,0,-33.451,1.22E+02,6.574021647
1951,349,-25.018,-31.491,-28.2545,0.92,-31.491,2.67E+02,6.304012541
1951,350,-26.913,-32.168,-29.5405,0,-32.168,2.06E+02,6.010260289
1951,351,-21.5,-35.966,-28.733,0.308,-35.966,2.74E+02,6.692789164
1951,352,-25.737,-35.093,-30.415,0.141,-35.093,3.01E+02,6.576786527
1951,353,-24.299,-29.336,-26.8175,0,-29.336,3.14E+02,5.929007839
1951,354,-18.588,-31.547,-25.0675,3.623,-31.547,3.41E+02,6.668226686
1951,355,-14.817,-24.57,-19.6935,1.454,-24.57,2.25E+02,6.592339851
1951,356,-13.494,-20.352,-16.923,5.946,-20.352,8.86E+01,6.34545129
1951,357,-15.336,-21.566,-18.451,0,-21.566,9.04E+01,6.242387607
1951,358,-15.806,-31.149,-23.4775,0,-31.149,1.86E+02,6.707441187
1951,359,-12.94,-28.225,-20.5825,0,-28.225,2.82E+02,6.719490011
1951,360,-12.165,-25.499,-18.832,0.001,-25.499,9.70E+01,6.720979261
1951,361,-15.33,-24.312,-19.821,0.264,-24.312,1.06E+02,6.611601363
1951,362,-19.646,-34.131,-26.8885,0.001,-34.131,1.17E+02,6.768157609
1951,363,-4.216,-26.928,-15.572,0,-26.928,2.14E+02,6.806620397
1951,364,-0.757,-16.116,-8.4365,0.141,-16.116,2.83E+02,6.821723832
1951,365,0.489,-24.773,-12.142,0,-24.773,1.63E+02,6.861782656
1951,366,0.489,-24.773,-12.142,0,-24.773,1.63E+02,6.861782656
