DJ0207XDMNXPHWR
CCXMDDM
24,1,12.0
7,0.075,0.125,0.00,0,0,0,0,0,0,0,0
1952,1,3.214,-16.526,-6.656,1.429,-16.526,1.60E+02,6.891382666,,,
1952,2,-14.2,-22.268,-18.234,1.497,-22.268,1.91E+02,6.680864346,,,
1952,3,-15.226,-28.157,-21.6915,0,-28.157,2.38E+02,6.929175565,,,
1952,4,-15.534,-28.248,-21.891,0,-28.248,3.58E+02,6.964048176,,,
1952,5,-10.819,-22.997,-16.908,0.976,-22.997,1.22E+02,6.994800114,,,
1952,6,-15.328,-27.379,-21.3535,0,-27.379,1.81E+02,7.034844395,,,
1952,7,-13.493,-31.544,-22.5185,0,-31.544,1.85E+02,7.132595825,,,
1952,8,-8.606,-20.77,-14.688,3.082,-20.77,2.16E+02,7.130172952,,,
1952,9,-11.804,-24.485,-18.1445,0,-24.485,1.73E+02,7.191203778,,,
1952,10,-8.32,-24.849,-16.5845,0,-24.849,1.45E+02,7.283939537,,,
1952,11,-10.681,-26.415,-18.548,2.187,-26.415,1.08E+02,7.336474849,,,
1952,12,-4.818,-25.647,-15.2325,2.162,-25.647,1.08E+02,7.410901097,,,
1952,13,-11.823,-21.949,-16.886,0,-21.949,2.86E+02,7.319929918
1952,14,-10.743,-30.238,-20.4905,1.781,-30.238,1.40E+02,7.536377391
1952,15,-1.308,-23.205,-12.2565,9.292,-23.205,2.46E+02,7.606758496
1952,16,-15.074,-19.507,-17.2905,2.395,-19.507,4.62E+02,6.226284892
1952,17,-8.109,-27.997,-18.053,1.545,-27.997,2.31E+02,7.746098276
1952,18,-6.904,-23.492,-15.198,0.463,-23.492,1.42E+02,7.807294074
1952,19,-9.513,-28.573,-19.043,6.49,-28.573,2.97E+02,7.895082182
1952,20,-7.629,-26.07,-16.8495,10.793,-26.07,4.20E+02,7.97171345
1952,21,-23.692,-30.474,-27.083,0,-30.474,1.59E+02,7.342854233
1952,22,-14.614,-38.627,-26.6205,9.736,-38.627,2.39E+02,8.147151907
1952,23,-13.044,-21.732,-17.388,3.558,-21.732,2.50E+02,7.832890913
1952,24,-19.199,-36.716,-27.9575,0,-36.716,2.60E+02,8.302825701
1952,25,-15.446,-38.11,-26.778,0.208,-38.11,2.40E+02,8.410711189
1952,26,-7.258,-23.811,-15.5345,1.254,-23.811,1.11E+02,8.473807725
1952,27,-13.263,-20.209,-16.736,0.215,-20.209,1.23E+02,7.754197876
1952,28,-22.008,-32.906,-27.457,0.273,-32.906,1.51E+02,8.455968567
1952,29,-21.167,-41.158,-31.1625,0,-41.158,2.18E+02,8.784935434
1952,30,-15.016,-39.816,-27.416,0,-39.816,2.66E+02,8.896807199
1952,31,-2.467,-24.536,-13.5015,0.883,-24.536,1.86E+02,8.994558352
1952,32,0.417,-11.763,-5.673,1.724,-11.763,2.91E+02,8.906718034
1952,33,-10.372,-11.98,-11.176,0.159,-11.98,1.10E+02,3.678461251
1952,34,-10.547,-28.32,-19.4335,0,-28.32,1.90E+02,9.282270947
1952,35,-4.459,-22.794,-13.6265,4.674,-22.794,2.77E+02,9.396530749
1952,36,-1.628,-9.851,-5.7395,9.414,-9.851,2.79E+02,8.736185862
1952,37,-12.789,-16.129,-14.459,0,-16.129,1.21E+02,6.108852594
1952,38,-14.6,-25.822,-20.211,0,-25.822,2.79E+02,9.4067378
1952,39,-10.223,-28.981,-19.602,0.601,-28.981,2.25E+02,9.848423646
1952,40,-11.287,-24.883,-18.085,5.166,-24.883,1.99E+02,9.803123799
1952,41,-12.035,-24.222,-18.1285,3.651,-24.222,1.87E+02,9.804523405
1952,42,-8.681,-24.099,-16.39,2.415,-24.099,2.31E+02,10.11263922
1952,43,-17.874,-22.193,-20.0335,5.216,-22.193,2.29E+02,7.254849719
1952,44,-17.974,-24.771,-21.3725,0.36,-24.771,2.79E+02,8.863661835
1952,45,-14.074,-25.207,-19.6405,0.176,-25.207,2.61E+02,10.09439462
1952,46,-11.645,-24.173,-17.909,0,-24.173,2.35E+02,10.36784397
1952,47,-8.627,-25.909,-17.268,0,-25.909,1.76E+02,10.76621535
1952,48,-6.834,-27.422,-17.128,0.159,-27.422,2.32E+02,10.96113171
1952,49,-6.378,-18.048,-12.213,0.719,-18.048,2.00E+02,10.58401918
1952,50,-6.981,-12.768,-9.8745,4.763,-12.768,1.55E+02,8.699295345
1952,51,-4.78,-13.581,-9.1805,2.148,-13.581,1.31E+02,10.155969
1952,52,-7.006,-12.915,-9.9605,1.643,-12.915,3.10E+02,8.894574418
1952,53,-5.909,-12.548,-9.2285,0.159,-12.548,2.00E+02,9.396220524
1952,54,-8.709,-21.761,-15.235,0,-21.761,2.25E+02,11.3092418
1952,55,-4.883,-20.84,-12.8615,0.159,-20.84,1.69E+02,11.68560898
1952,56,-4.731,-15.881,-10.306,0.46,-15.881,2.27E+02,11.22154173
1952,57,-4.535,-20.248,-12.3915,0.548,-20.248,1.38E+02,11.9134394
1952,58,-3.249,-17.461,-10.355,0.636,-17.461,1.29E+02,11.8993022
1952,59,-4.993,-14.521,-9.757,1.389,-14.521,1.22E+02,11.09128038
1952,60,-8.919,-15.518,-12.2185,0,-15.518,1.29E+02,9.820353724
1952,61,-12.858,-24.904,-18.881,1.782,-24.904,1.27E+02,11.91753412
1952,62,-11.338,-30.83,-21.084,0,-30.83,2.33E+02,12.75163888
1952,63,-8.084,-31.603,-19.8435,0,-31.603,3.16E+02,12.99302121
1952,64,-1.078,-28.67,-14.874,0,-28.67,2.30E+02,13.17921984
1952,65,1.21,-9.303,-4.0465,1.639,-9.303,1.48E+02,11.94515211
1952,66,-1.346,-6.348,-3.847,4.631,-6.348,2.94E+02,8.85610396
1952,67,-1.104,-7.467,-4.2855,2.229,-7.467,1.63E+02,10.0683123
1952,68,-1.032,-8.277,-4.6545,1.626,-8.277,1.28E+02,10.73069943
1952,69,0.44,-7.576,-3.568,4.342,-7.576,1.18E+02,11.2484131
1952,70,0.225,-8.608,-4.1915,0.406,-8.608,2.83E+02,11.73484736
1952,71,0.258,-4.189,-1.9655,5.125,-4.189,2.68E+02,8.448359171
1952,72,-7.792,-11.095,-9.4435,6.335,-11.095,1.85E+02,6.980089243
1952,73,-7.804,-13.671,-10.7375,1.626,-13.671,3.58E+02,9.968010056
1952,74,-10.905,-18.687,-14.796,9.823,-18.687,2.20E+02,11.44729326
1952,75,-2.408,-19.657,-11.0325,4.006,-19.657,3.22E+02,14.24311649
1952,76,1.952,-13.418,-5.733,1.988,-13.418,1.79E+02,14.12415288
1952,77,1.388,-7.933,-3.2725,0,-7.933,1.62E+02,12.49558751
1952,78,6.669,-17.705,-5.518,0,-17.705,1.58E+02,15.04176475
1952,79,2.158,-11.741,-4.7915,0.2,-11.741,1.42E+02,14.18002513
1952,80,1.726,-4.392,-1.333,0.414,-4.392,3.03E+02,10.50903193
1952,81,2.379,-1.407,0.486,0.206,-1.407,3.27E+02,7.867450064
1952,82,-6.875,-11.797,-9.336,0.885,-11.797,3.25E+02,9.35119255
1952,83,-3.778,-20.591,-12.1845,5.203,-20.591,1.76E+02,15.11128301
1952,84,4.671,-9.663,-2.496,0.676,-9.663,2.63E+02,14.77628354
1952,85,-0.622,-11.677,-6.1495,4.087,-11.677,2.28E+02,13.87356171
1952,86,1.164,-14.792,-6.814,0,-14.792,2.34E+02,15.29761926
1952,87,0.986,-16.468,-7.741,0.032,-16.468,2.77E+02,15.6360748
1952,88,1.914,-15.811,-6.9485,0,-15.811,2.19E+02,15.78061928
1952,89,1.807,-17.332,-7.7625,0,-17.332,3.49E+02,16.06145902
1952,90,2.805,-17.674,-7.4345,0,-17.674,1.75E+02,16.30557238
1952,91,4.767,-14.452,-4.8425,0,-14.452,2.78E+02,16.28887913
1952,92,5,-5.635,-0.3175,0,-5.635,2.57E+02,14.20445024
1952,93,6.794,-4.673,1.0605,3.416,-4.673,1.55E+02,14.64898455
1952,94,1.949,-1.776,0.0865,6.835,-1.776,1.23E+02,8.02302083
1952,95,4.08,-2.951,0.5645,0.743,-2.951,4.34E+02,11.96799336
1952,96,5.906,-3.985,0.9605,7.463,-3.985,5.46E+02,14.0713351
1952,97,3.212,-4.337,-0.5625,5.834,-4.337,4.32E+02,12.49866571
1952,98,4.196,-2.903,0.6465,0,-2.903,2.54E+02,12.14726424
1952,99,7.188,-8.548,-0.68,0,-8.548,2.16E+02,16.48302255
1952,100,9.005,-6.96,1.0225,0,-6.96,2.38E+02,16.62125672
1952,101,8.662,-9.54,-0.439,0.455,-9.54,2.38E+02,17.14592881
1952,102,-2.093,-13.225,-7.659,2.092,-13.225,2.58E+02,15.09035862
1952,103,1.339,-10.313,-4.487,0,-10.313,1.28E+02,15.40177042
1952,104,6.776,-12.602,-2.913,0.409,-12.602,2.05E+02,17.59992972
1952,105,4.324,-4.466,-0.071,1.455,-4.466,2.06E+02,13.81708804
1952,106,6.459,-7.02,-0.2805,2.224,-7.02,2.12E+02,16.34912151
1952,107,4.006,-6.876,-1.435,0,-6.876,2.30E+02,15.24276015
1952,108,6.573,-6.336,0.1185,0.079,-6.336,2.75E+02,16.2577956
1952,109,7.835,-1.24,3.2975,1.809,-1.24,1.69E+02,14.19565695
1952,110,8.92,-3.926,2.497,0.194,-3.926,3.67E+02,16.35242444
1952,111,0.204,-5.166,-2.481,0,-5.166,3.70E+02,10.63736069
1952,112,6.537,-3.357,1.59,0.341,-3.357,3.41E+02,14.88924916
1952,113,8.175,-3.377,2.399,1.107,-3.377,3.31E+02,15.90899548
1952,114,-0.868,-4.097,-2.4825,0.052,-4.097,1.66E+02,7.436650472
1952,115,7.502,-6.378,0.562,0.156,-6.378,4.05E+02,17.05478391
1952,116,9.579,-2.694,3.4425,0,-2.694,2.09E+02,16.41928553
1952,117,10.774,-8.346,1.214,0,-8.346,2.71E+02,18.59511266
1952,118,10.302,-1.127,4.5875,0,-1.127,2.48E+02,16.07687712
1952,119,16.817,-3.751,6.533,0,-3.751,2.42E+02,18.97847893
1952,120,11.267,0.955,6.111,0,0.955,3.43E+02,15.48512819
1952,121,3.29,-4.306,-0.508,0,-4.306,1.69E+02,13.3405494
1952,122,5.688,-4.173,0.7575,0,-4.173,1.29E+02,15.24896935
1952,123,4.269,-1.602,1.3335,1.774,-1.602,1.90E+02,11.48525461
1952,124,2.255,-4.403,-1.074,0.708,-4.403,2.57E+02,12.43059186
1952,125,7.631,-3.105,2.263,0.469,-3.105,1.56E+02,15.93792417
1952,126,9.849,-2.861,3.494,0,-2.861,1.92E+02,17.0782255
1952,127,11.389,0.998,6.1935,0.383,0.998,2.36E+02,15.7772738
1952,128,10.127,1.992,6.0595,1.14,1.992,3.99E+02,14.01577319
1952,129,14.377,-1.383,6.497,0.113,-1.383,2.57E+02,18.43525167
1952,130,14.336,-0.34,6.998,0,-0.34,3.00E+02,18.09279609
1952,131,13.287,2.348,7.8175,0.29,2.348,2.36E+02,16.25862464
1952,132,12.92,4.031,8.4755,0.15,4.031,3.05E+02,14.77226932
1952,133,9.125,4.728,6.9265,5.664,4.728,1.49E+02,9.539298109
1952,134,7.09,2.77,4.93,5.459,2.77,2.64E+02,9.425625335
1952,135,6.704,2.789,4.7465,6.228,2.789,1.77E+02,8.772026915
1952,136,10.676,-1.714,4.481,5.586,-1.714,2.73E+02,17.25672994
1952,137,8.997,1.375,5.186,1.944,1.375,1.72E+02,13.68657675
1952,138,13.309,-0.315,6.497,0,-0.315,2.17E+02,17.9308991
1952,139,17.857,0.668,9.2625,0,0.668,2.62E+02,19.27922669
1952,140,18.436,2.122,10.279,0,2.122,2.27E+02,19.04346626
1952,141,20.165,2.997,11.581,0,2.997,2.50E+02,19.34130608
1952,142,14.02,4.833,9.4265,4.005,4.833,3.22E+02,15.21749336
1952,143,18.695,3.855,11.275,0,3.855,1.83E+02,18.59696269
1952,144,24.085,4.207,14.146,0,4.207,2.26E+02,20.11682282
1952,145,27.662,5.637,16.6495,0,5.637,2.15E+02,20.54511849
1952,146,22.284,8.049,15.1665,2.26,8.049,2.26E+02,18.41686904
1952,147,16.232,8.434,12.333,4.162,8.434,2.94E+02,13.9971951
1952,148,10.586,0.121,5.3535,0.118,0.121,1.86E+02,16.30839161
1952,149,19.657,-1.148,9.2545,0,-1.148,2.89E+02,20.45238129
1952,150,16.902,7.287,12.0945,0.512,7.287,3.26E+02,15.6856738
1952,151,12.929,4.187,8.558,2.455,4.187,2.43E+02,14.94825198
1952,152,18.699,2.355,10.527,2.34,2.355,1.50E+02,19.36482209
1952,153,16.805,9.344,13.0745,8.876,9.344,2.54E+02,13.69870086
1952,154,16.448,6.814,11.631,2.955,6.814,2.07E+02,15.7453554
1952,155,18.234,6.677,12.4555,0.39,6.677,2.19E+02,17.14208583
1952,156,20.093,7.106,13.5995,6.424,7.106,2.31E+02,17.98565012
1952,157,23.31,8.092,15.701,3.112,8.092,1.80E+02,19.02931338
1952,158,19.251,9.898,14.5745,4.643,9.898,3.07E+02,15.54617502
1952,159,19.302,10.047,14.6745,3.582,10.047,2.65E+02,15.46945339
1952,160,19.547,5.154,12.3505,1.52,5.154,2.47E+02,18.7153309
1952,161,18.823,11.275,15.049,9.027,11.275,3.62E+02,13.83867567
1952,162,18.754,9.855,14.3045,0.951,9.855,3.33E+02,15.17292483
1952,163,20.142,9.192,14.667,6.511,9.192,3.08E+02,16.80541446
1952,164,19.174,8.345,13.7595,0,8.345,1.41E+02,16.7257666
1952,165,19.295,6.962,13.1285,0,6.962,2.77E+02,17.69675863
1952,166,24.435,9.362,16.8985,5.985,9.362,2.48E+02,19.05173486
1952,167,15.224,8.51,11.867,6.367,8.51,2.60E+02,12.90993979
1952,168,20.02,4.53,12.275,5.575,4.53,1.78E+02,19.22724763
1952,169,19.516,9.347,14.4315,13.094,9.347,1.39E+02,16.25412688
1952,170,13.184,9.143,11.1635,2.047,9.143,1.31E+02,9.090063446
1952,171,13.487,5.717,9.602,3.17,5.717,3.59E+02,14.09555189
1952,172,15.613,4.322,9.9675,0,4.322,2.63E+02,17.06018933
1952,173,19.585,4.246,11.9155,0,4.246,1.85E+02,19.17125739
1952,174,23.559,6.627,15.093,0,6.627,9.72E+01,19.74531871
1952,175,26.397,8.552,17.4745,0,8.552,1.68E+02,20.02351182
1952,176,20.88,11.744,16.312,6.46,11.744,1.93E+02,15.4002526
1952,177,19.291,4.391,11.841,1.204,4.391,3.23E+02,18.97766995
1952,178,17.311,10.027,13.669,2.642,10.027,3.00E+02,13.56264692
1952,179,17.951,7.745,12.848,0,7.745,2.77E+02,16.26641277
1952,180,21.186,4.264,12.725,0.745,4.264,2.19E+02,19.70753965
1952,181,18.909,5.669,12.289,0,5.669,1.38E+02,18.17456836
1952,182,23.633,5.753,14.693,0,5.753,1.34E+02,19.98038344
1952,183,26.82,10.147,18.4835,0,10.147,2.11E+02,19.59464161
1952,184,29.173,10.508,19.8405,0,10.508,1.80E+02,20.16928163
1952,185,27.061,13.756,20.4085,1.819,13.756,1.42E+02,18.17010676
1952,186,24.722,17.601,21.1615,0,17.601,2.31E+02,13.34757598
1952,187,24.145,11.349,17.747,5.233,11.349,3.10E+02,17.8784088
1952,188,28.994,8.529,18.7615,0,8.529,1.94E+02,20.51682046
1952,189,30.297,14.887,22.592,0,14.887,1.22E+02,19.0539912
1952,190,29.992,15.776,22.884,0.639,15.776,1.43E+02,18.53852374
1952,191,20.795,14.112,17.4535,7.135,14.112,1.78E+02,12.80922571
1952,192,19.652,12.006,15.829,10.089,12.006,1.39E+02,13.8756408
1952,193,22.364,11.7,17.032,21.432,11.7,1.29E+02,16.47416762
1952,194,19.847,12.643,16.245,19.031,12.643,1.89E+02,13.38261331
1952,195,25.395,9.032,17.2135,2.466,9.032,8.64E+01,19.27621705
1952,196,22.574,13.923,18.2485,22.78,13.923,1.05E+02,14.81544856
1952,197,17.818,11.089,14.4535,19.803,11.089,1.25E+02,12.81501991
1952,198,22.922,9.458,16.19,8.945,9.458,1.07E+02,18.02971617
1952,199,24.316,9.747,17.0315,0,9.747,2.57E+02,18.50272684
1952,200,28.94,10.34,19.64,2.032,10.34,1.13E+02,19.78122192
1952,201,23.059,15.7,19.3795,23.471,15.7,1.85E+02,13.47662565
1952,202,23.344,10.342,16.843,4.031,10.342,2.08E+02,17.70359308
1952,203,23.045,12.068,17.5565,1.023,12.068,1.91E+02,16.50687444
1952,204,26.296,14.351,20.3235,0.307,14.351,2.56E+02,17.08047331
1952,205,25.568,16.38,20.974,0.197,16.38,3.28E+02,15.14055497
1952,206,21.304,13.846,17.575,7.726,13.846,1.85E+02,13.51225356
1952,207,25.218,10.663,17.9405,0.247,10.663,2.57E+02,18.25790125
1952,208,23.49,12.533,18.0115,2.193,12.533,1.31E+02,16.37248884
1952,209,25.292,12.483,18.8875,1.567,12.483,1.49E+02,17.40354044
1952,210,24.199,10.67,17.4345,15.023,10.67,1.64E+02,17.7145593
1952,211,18.401,3.621,11.011,4.206,3.621,2.29E+02,18.19964136
1952,212,18.094,6.135,12.1145,3.973,6.135,2.73E+02,16.85646881
1952,213,19,6.729,12.8645,9.914,6.729,2.03E+02,16.99202697
1952,214,18.454,6.049,12.2515,9.524,6.049,2.53E+02,17.02680366
1952,215,17.723,8.614,13.1685,28.62,8.614,2.18E+02,14.84958407
1952,216,19.105,4.888,11.9965,0.24,4.888,2.40E+02,17.77282435
1952,217,18.942,5.211,12.0765,6.686,5.211,9.38E+01,17.52963757
1952,218,19.984,7.264,13.624,11.423,7.264,1.92E+02,17.02979146
1952,219,19.856,7.105,13.4805,0.677,7.105,2.00E+02,17.00282403
1952,220,19.974,7.369,13.6715,0,7.369,1.79E+02,16.889838
1952,221,24.465,6.123,15.294,0,6.123,1.74E+02,18.7459388
1952,222,24.465,13.921,19.193,0.033,13.921,1.72E+02,15.66126633
1952,223,21.947,14.706,18.3265,12.773,14.706,1.38E+02,12.95786761
1952,224,22.962,15.725,19.3435,13.72,15.725,1.99E+02,12.92949595
1952,225,20.934,12.316,16.625,9.365,12.316,2.06E+02,14.16006391
1952,226,21.36,9.032,15.196,0,9.032,1.59E+02,16.48077717
1952,227,23.344,7.829,15.5865,6.271,7.829,2.35E+02,17.65196772
1952,228,26.779,11.411,19.095,3.974,11.411,2.18E+02,17.54546836
1952,229,22.301,13.556,17.9285,4.82,13.556,2.45E+02,14.12778088
1952,230,22.647,10.007,16.327,1.116,10.007,2.30E+02,16.41840861
1952,231,20.007,6.428,13.2175,0,6.428,2.58E+02,16.74896447
1952,232,21.63,6.007,13.8185,4.581,6.007,3.44E+02,17.35869266
1952,233,21.721,5.619,13.67,3.122,5.619,3.00E+02,17.41790166
1952,234,18.681,10.311,14.496,7.591,10.311,2.47E+02,13.64543536
1952,235,14.436,6.782,10.609,2.123,6.782,2.38E+02,13.00231022
1952,236,14.672,7.596,11.134,1.566,7.596,3.22E+02,12.43259237
1952,237,21.903,8.426,15.1645,0,8.426,1.69E+02,16.33125757
1952,238,26.039,8.356,17.1975,0.911,8.356,2.52E+02,17.38217416
1952,239,27.074,9.385,18.2295,4.231,9.385,2.79E+02,17.29871995
1952,240,27.792,13.924,20.858,0,13.924,2.61E+02,16.25792167
1952,241,28.3,13.198,20.749,0.988,13.198,2.46E+02,16.55074615
1952,242,22.101,11.801,16.951,1.336,11.801,1.63E+02,14.57794184
1952,243,21.93,3.3,12.615,0,3.3,1.35E+02,17.09851
1952,244,22.035,9.251,15.643,0,9.251,1.87E+02,15.58871688
1952,245,25.017,13.578,19.2975,1.93,13.578,3.23E+02,14.96809663
1952,246,23.658,14.064,18.861,5.885,14.064,1.37E+02,13.94249031
1952,247,20.898,12.05,16.474,19.646,12.05,1.48E+02,13.4147818
1952,248,14.81,7.27,11.04,1.741,7.27,1.49E+02,12.39482189
1952,249,16.043,5.338,10.6905,10.915,5.338,2.53E+02,14.35826193
1952,250,11.011,4.84,7.9255,9.845,4.84,2.47E+02,11.0651799
1952,251,11.099,0.339,5.719,0.642,0.339,3.50E+02,14.24848532
1952,252,12.929,2.047,7.488,4.39,2.047,2.41E+02,14.234296
1952,253,12.745,2.921,7.833,1.349,2.921,1.40E+02,13.6472895
1952,254,17.315,7.057,12.186,4.611,7.057,2.17E+02,13.80116741
1952,255,16.905,3.367,10.136,1.547,3.367,2.65E+02,14.93765852
1952,256,13.062,4.802,8.932,10.161,4.802,3.17E+02,12.52932977
1952,257,17.079,4.089,10.584,8.67,4.089,1.80E+02,14.60369415
1952,258,16.647,2.86,9.7535,0,2.86,3.05E+02,14.7255573
1952,259,14.465,3.126,8.7955,6.865,3.126,3.46E+02,13.88721376
1952,260,15.747,4.147,9.947,10.699,4.147,2.74E+02,13.89855392
1952,261,12.933,5.884,9.4085,2.268,5.884,3.15E+02,11.38252816
1952,262,17.374,7.164,12.269,6.733,7.164,2.49E+02,13.19264925
1952,263,13.162,8.817,10.9895,7.178,8.817,2.15E+02,8.588119444
1952,264,12.255,4.26,8.2575,3.413,4.26,1.35E+02,11.88345951
1952,265,12.686,5.433,9.0595,5.032,5.433,1.59E+02,11.32290683
1952,266,9.665,3.105,6.385,2.926,3.105,2.45E+02,10.74022855
1952,267,10.175,-2.058,4.0585,1.081,-2.058,1.53E+02,13.46336797
1952,268,13.382,-1.783,5.7995,0.862,-1.783,2.40E+02,13.96246894
1952,269,13.735,1.903,7.819,3.796,1.903,3.46E+02,13.16197117
1952,270,9.685,4.531,7.108,6.322,4.531,2.44E+02,9.281938213
1952,271,9.767,-0.378,4.6945,0.808,-0.378,1.94E+02,12.43389691
1952,272,20.11,3.925,12.0175,0,3.925,1.58E+02,13.63401511
1952,273,10.571,5.941,8.256,0,5.941,2.29E+02,8.615644669
1952,274,11.388,-2.213,4.5875,1.733,-2.213,1.31E+02,13.04582425
1952,275,12.953,1.765,7.359,1.551,1.765,8.64E+01,12.40886072
1952,276,13.525,7.041,10.283,2.936,7.041,8.64E+01,10.14844449
1952,277,6.101,1.646,3.8735,0,1.646,8.64E+01,8.282831023
1952,278,9.86,-0.818,4.521,0.764,-0.818,8.64E+01,11.97934148
1952,279,9.309,1.266,5.2875,0,1.266,8.64E+01,10.8917398
1952,280,7.102,-0.768,3.167,0.589,-0.768,8.64E+01,10.73218175
1952,281,6.76,-0.03,3.365,0.334,-0.03,8.64E+01,10.05672578
1952,282,6.357,-0.162,3.0975,1.695,-0.162,8.64E+01,9.821376822
1952,283,5.591,0.835,3.213,0.753,0.835,8.64E+01,8.363327582
1952,284,5.506,-2.411,1.5475,0.413,-2.411,8.64E+01,10.45775905
1952,285,8.569,-3.826,2.3715,0.175,-3.826,8.64E+01,11.6434286
1952,286,9.289,-0.98,4.1545,2.901,-0.98,8.64E+01,11.10587517
1952,287,9.788,2.271,6.0295,1.459,2.271,8.64E+01,10.04708039
1952,288,2.238,-1.471,0.3835,3.313,-1.471,8.64E+01,7.074646765
1952,289,1.837,-2.517,-0.34,6.063,-2.517,8.64E+01,7.730317725
1952,290,4.505,-0.526,1.9895,7.008,-0.526,8.64E+01,8.296357827
1952,291,1.782,-2.204,-0.211,1.639,-2.204,8.64E+01,7.281560902
1952,292,-1.613,-6.03,-3.8215,3.986,-6.03,8.64E+01,7.670273265
1952,293,-2.271,-5.771,-4.021,6.45,-5.771,8.64E+01,6.678582174
1952,294,-0.939,-8.435,-4.687,1.422,-8.435,8.64E+01,9.516004186
1952,295,-0.387,-6.216,-3.3015,4.205,-6.216,8.64E+01,8.602705046
1952,296,3.65,-3.24,0.205,1.794,-3.24,8.64E+01,9.106935614
1952,297,2.81,0,1.405,0.499,0,8.64E+01,10.74290456
1952,298,1.71,-0.863,0.4235,2.313,-0.863,8.64E+01,5.363329452
1952,299,0.587,-3.04,-1.2265,0.059,-3.04,8.64E+01,6.629578997
1952,300,5.212,-3.529,0.8415,0,-3.529,8.64E+01,9.436717083
1952,301,7.979,-0.592,3.6935,1.007,-0.592,8.64E+01,9.308031256
1952,302,1.808,-2.54,-0.366,1.071,-2.54,8.64E+01,7.190118044
1952,303,-1.275,-5.187,-3.231,0.326,-5.187,8.64E+01,6.7698108
1952,304,1.806,-5.472,-1.833,0.209,-5.472,8.64E+01,8.68567129
1952,305,3.904,-6.566,-1.331,0.819,-6.566,8.64E+01,9.307179279
1952,306,4.657,-0.435,2.111,0,-0.435,2.87E+02,7.537794762
1952,307,7.092,-0.614,3.239,1.921,-0.614,1.19E+02,8.594099104
1952,308,3.783,-0.936,1.4235,18.563,-0.936,1.37E+02,7.19803321
1952,309,-1.13,-8.324,-4.727,2.766,-8.324,1.93E+02,8.296615691
1952,310,3.378,-7.341,-1.9815,0,-7.341,2.53E+02,8.872991455
1952,311,-0.693,-5.376,-3.0345,1.466,-5.376,2.35E+02,7.034461114
1952,312,-0.809,-9.182,-4.9955,1.34,-9.182,1.39E+02,8.367293136
1952,313,-3.102,-8.887,-5.9945,0.033,-8.887,2.48E+02,7.52131162
1952,314,-4.552,-8.509,-6.5305,0.346,-8.509,2.78E+02,6.394720637
1952,315,-5.781,-10.334,-8.0575,0,-10.334,2.71E+02,6.771930292
1952,316,-2.058,-11.323,-6.6905,3.065,-11.323,2.93E+02,8.199800687
1952,317,-3.811,-6.965,-5.388,4.194,-6.965,2.08E+02,5.597598784
1952,318,-4.469,-9.528,-6.9985,0,-9.528,1.07E+02,6.9206406
1952,319,-0.256,-14.025,-7.1405,0,-14.025,1.92E+02,8.241292841
1952,320,0.425,-6.937,-3.256,0.607,-6.937,1.33E+02,7.594975767
1952,321,-0.203,-4.281,-2.242,0.877,-4.281,1.56E+02,6.224446616
1952,322,0.637,-13.718,-6.5405,1.911,-13.718,1.55E+02,8.007036131
1952,323,-1.823,-13.749,-7.786,0,-13.749,1.43E+02,7.863793523
1952,324,-1.405,-8.069,-4.737,0,-8.069,3.22E+02,7.196197047
1952,325,0.229,-5.369,-2.57,4.543,-5.369,2.03E+02,6.822257893
1952,326,2.204,-1.602,0.301,2.863,-1.602,2.44E+02,5.873013695
1952,327,5.91,0.658,3.284,0.527,0.658,1.93E+02,6.603268176
1952,328,2.095,0.985,1.54,1.771,0.985,2.52E+02,2.648004828
1952,329,1.67,0.922,1.296,1.479,0.922,2.63E+02,1.910942443
1952,330,-1.456,-4.718,-3.087,0,-4.718,3.01E+02,5.360247533
1952,331,3.975,-5.566,-0.7955,2.896,-5.566,3.58E+02,7.22185254
1952,332,1.617,-3.653,-1.018,3.035,-3.653,2.16E+02,6.415921058
1952,333,-1.753,-7.778,-4.7655,3.505,-7.778,4.31E+02,6.612810862
1952,334,-5.229,-16.142,-10.6855,0.858,-16.142,3.32E+02,7.138514922
1952,335,-6.3,-13.118,-9.709,2.755,-13.118,3.83E+02,6.712351193
1952,336,-6.021,-19.316,-12.6685,0,-19.316,1.65E+02,7.098923187
1952,337,-2.851,-12.924,-7.8875,1.939,-12.924,2.58E+02,6.964890568
1952,338,-4.004,-10.257,-7.1305,0,-10.257,1.02E+02,6.49296497
1952,339,-3.164,-11.505,-7.3345,0,-11.505,3.09E+02,6.769602789
1952,340,-3.898,-12.264,-8.081,12.845,-12.264,3.33E+02,6.738304346
1952,341,-4.264,-6.806,-5.535,5.274,-6.806,1.87E+02,4.539724692
1952,342,-3.82,-5.805,-4.8125,0,-5.805,1.63E+02,3.91274809
1952,343,-3.443,-5.76,-4.6015,0,-5.76,2.89E+02,4.289900954
1952,344,-1.5,-5,-3.25,2.52,-5,1.78E+02,5.279214634
1952,345,0.581,-2.999,-1.209,14.648,-2.999,1.89E+02,5.318697094
1952,346,2.243,0.718,1.4805,20.108,0.718,2.57E+02,3.265897674
1952,347,-0.289,-1.819,-1.054,23.976,-1.819,1.30E+02,3.270469692
1952,348,-1.672,-2.012,-1.842,3.158,-2.012,1.22E+02,0.939156453
1952,349,-2.641,-7.798,-5.2195,4.568,-7.798,2.67E+02,5.988251352
1952,350,-3.82,-6.924,-5.372,0.086,-6.924,2.06E+02,4.955583159
1952,351,-3.665,-6.563,-5.114,2.196,-6.563,2.74E+02,4.790555673
1952,352,-5.112,-8.061,-6.5865,1.332,-8.061,3.01E+02,4.829380062
1952,353,-10.938,-14.737,-12.8375,0,-14.737,3.14E+02,5.396631996
1952,354,-11.618,-16.274,-13.946,0.283,-16.274,3.41E+02,5.79330605
1952,355,-10.651,-17.364,-14.0075,0,-17.364,2.25E+02,6.31966161
1952,356,-9.751,-17.147,-13.449,0,-17.147,8.86E+01,6.417789014
1952,357,-8.599,-17.727,-13.163,0,-17.727,9.04E+01,6.570919409
1952,358,-5.412,-11.337,-8.3745,4.445,-11.337,1.86E+02,6.185233587
1952,359,-4.264,-6.185,-5.2245,12.046,-6.185,2.82E+02,3.800032739
1952,360,-4.137,-8.137,-6.137,8.089,-8.137,9.70E+01,5.528317135
1952,361,-7.833,-12.441,-10.137,0.239,-12.441,1.06E+02,5.814547813
1952,362,-8.534,-14.742,-11.638,1.354,-14.742,1.17E+02,6.294250876
1952,363,-17.72,-19.481,-18.6005,5.147,-19.481,2.14E+02,3.606001064
1952,364,-16.979,-23.458,-20.2185,0.225,-23.458,2.83E+02,6.384126813
1952,365,-23.934,-30.449,-27.1915,0,-30.449,1.63E+02,6.41256348
1952,366,-22.954,-33.8,-28.377,0,-33.8,2.63E+02,6.816065188
