DJ0207XDMNXPHWR
CCXMDDM
24,1,12.0
7,0.075,0.125,0.00,0,0,0,0,0,0,0,0
1953,1,-8.121,-18.556,-13.3385,4.988,-18.556,1.60E+02,6.801897437,,,
1953,2,-2.725,-15.639,-9.182,0,-15.639,1.91E+02,6.893287037,,,
1953,3,-10.916,-17.972,-14.444,4.169,-17.972,2.38E+02,6.583459712,,,
1953,4,-14.972,-25.02,-19.996,0,-25.02,3.58E+02,6.887491043,,,
1953,5,-22.553,-22.87,-22.7115,0,-22.87,1.22E+02,0.883243079,,,
1953,6,-14.68,-32.525,-23.6025,0,-32.525,1.81E+02,7.085088609,,,
1953,7,-17.48,-33.445,-25.4625,0,-33.445,1.85E+02,7.12563917,,,
1953,8,-18.518,-35.01,-26.764,0,-35.01,2.16E+02,7.177377916,,,
1953,9,-9.45,-32.937,-21.1935,0,-32.937,1.73E+02,7.239820694,,,
1953,10,-5.395,-23.138,-14.2665,0,-23.138,1.45E+02,7.288316221,,,
1953,11,-2.709,-16.686,-9.6975,0,-16.686,1.08E+02,7.320356923,,,
1953,12,-3.522,-23.433,-13.4775,8.943,-23.433,1.08E+02,7.409823426,,,
1953,13,-1.306,-20.283,-10.7945,3.843,-20.283,2.86E+02,7.4705719
1953,14,-9.388,-29.827,-19.6075,2.77,-29.827,1.40E+02,7.537846319
1953,15,3.396,-19.288,-7.946,15.816,-19.288,2.46E+02,7.607314102
1953,16,-3.694,-16.541,-10.1175,6.665,-16.541,4.62E+02,7.613527077
1953,17,-11.495,-32.485,-21.99,10.834,-32.485,2.31E+02,7.74787263
1953,18,-5.395,-22.801,-14.098,0,-22.801,1.42E+02,7.812138532
1953,19,-5.968,-11.671,-8.8195,0,-11.671,2.97E+02,6.911147655
1953,20,-16.666,-21.018,-18.842,0,-21.018,4.20E+02,6.326750148
1953,21,-12.354,-35.197,-23.7755,0,-35.197,1.59E+02,8.062311984
1953,22,-7.125,-25.681,-16.403,4.26,-25.681,2.39E+02,8.136313956
1953,23,-4.925,-25.007,-14.966,11.033,-25.007,2.50E+02,8.22725106
1953,24,-10.514,-17.933,-14.2235,12.454,-17.933,2.60E+02,7.677239498
1953,25,-15.102,-17.353,-16.2275,16.96,-17.353,2.40E+02,4.549114255
1953,26,-18.184,-27.064,-22.624,0,-27.064,1.11E+02,8.077978417
1953,27,-9.159,-34.147,-21.653,7.539,-34.147,1.23E+02,8.60044209
1953,28,-8.7,-27.778,-18.239,1.594,-27.778,1.51E+02,8.682505686
1953,29,-20.78,-25.952,-23.366,0,-25.952,2.18E+02,7.179020364
1953,30,-12.354,-28.654,-20.504,0,-28.654,2.66E+02,8.851118849
1953,31,-0.55,-27.388,-13.969,4.833,-27.388,1.86E+02,9.001322851
1953,32,-30.616,-33.007,-31.8115,1.878,-33.007,2.91E+02,4.860439451
1953,33,-23.05,-36.346,-29.698,0,-36.346,1.10E+02,9.063642543
1953,34,-16.397,-34.558,-25.4775,0,-34.558,1.90E+02,9.286874122
1953,35,-12.284,-34.99,-23.637,0,-34.99,2.77E+02,9.424248706
1953,36,-7.941,-28.892,-18.4165,0,-28.892,2.79E+02,9.527913902
1953,37,0.746,-16.874,-8.064,1.831,-16.874,1.21E+02,9.606421968
1953,38,0.975,-9.067,-4.046,0,-9.067,2.79E+02,9.256669734
1953,39,-0.479,-10.245,-5.362,1.786,-10.245,2.25E+02,9.304519965
1953,40,-9.854,-10.558,-10.206,5.868,-10.558,1.99E+02,1.874802536
1953,41,-10.954,-17.973,-14.4635,0,-17.973,1.87E+02,8.744018627
1953,42,-7.284,-28.252,-17.768,0,-28.252,2.31E+02,10.22437007
1953,43,-8.665,-16.336,-12.5005,1.196,-16.336,2.29E+02,9.13052852
1953,44,-8.051,-15.816,-11.9335,1.232,-15.816,2.79E+02,9.240570314
1953,45,-5.256,-25.666,-15.461,3.932,-25.666,2.61E+02,10.58407675
1953,46,-2.361,-9.227,-5.794,12.763,-9.227,2.35E+02,9.034180419
1953,47,-10.007,-14.596,-12.3015,10.146,-14.596,1.76E+02,7.657363394
1953,48,-15.401,-18.502,-16.9515,0.786,-18.502,2.32E+02,6.141968745
1953,49,-13.159,-19.225,-16.192,0,-19.225,2.00E+02,8.813492494
1953,50,-6.002,-33.987,-19.9945,0.423,-33.987,1.55E+02,11.2696021
1953,51,1.389,-19.41,-9.0105,5.987,-19.41,1.31E+02,11.34758665
1953,52,5.942,-8.723,-1.3905,6.736,-8.723,3.10E+02,11.2352381
1953,53,-16.626,-24.037,-20.3315,0,-24.037,2.00E+02,9.786685578
1953,54,-8.769,-33.815,-21.292,0.317,-33.815,2.25E+02,11.78893179
1953,55,-6.488,-21.117,-13.8025,0.277,-21.117,1.69E+02,11.58683231
1953,56,-4.814,-27.065,-15.9395,0.725,-27.065,2.27E+02,12.02680602
1953,57,-1.569,-11.319,-6.444,4.232,-11.319,1.38E+02,10.97726221
1953,58,-2.511,-10.639,-6.575,0.754,-10.639,1.29E+02,10.48549127
1953,59,-16.429,-23.859,-20.144,0,-23.859,1.22E+02,10.23034052
1953,60,-18.866,-29.331,-24.0985,0,-29.331,1.29E+02,11.45780935
1953,61,-13.596,-36.202,-24.899,0,-36.202,1.27E+02,12.70488563
1953,62,-7.769,-31.235,-19.502,2.393,-31.235,2.33E+02,12.8558165
1953,63,-3.186,-16.155,-9.6705,4.881,-16.155,3.16E+02,12.29808888
1953,64,-7.384,-10.288,-8.836,2.985,-10.288,2.30E+02,6.226272758
1953,65,-15.569,-20.836,-18.2025,0.121,-20.836,1.48E+02,9.063964299
1953,66,-17.484,-25.054,-21.269,0,-25.054,2.94E+02,10.79343407
1953,67,-11.662,-40.012,-25.837,0,-40.012,1.63E+02,13.60394899
1953,68,-14.425,-24.004,-19.2145,0.256,-24.004,1.28E+02,11.89293104
1953,69,-18.114,-29.739,-23.9265,0.155,-29.739,1.18E+02,12.63857983
1953,70,-2.194,-31.551,-16.8725,2.969,-31.551,2.83E+02,14.03158369
1953,71,-8.881,-13.819,-11.35,0,-13.819,2.68E+02,8.988487098
1953,72,-8.178,-15.814,-11.996,18.021,-15.814,1.85E+02,11.2291933
1953,73,-5.245,-9.892,-7.5685,1.25,-9.892,3.58E+02,8.743159226
1953,74,-0.916,-7.828,-4.372,0.704,-7.828,2.20E+02,10.86195565
1953,75,-1.919,-4.996,-3.4575,4.218,-4.996,3.22E+02,6.693946075
1953,76,-2.524,-5.358,-3.941,1.742,-5.358,1.79E+02,6.319214956
1953,77,1.831,-12.418,-5.2935,0,-12.418,1.62E+02,14.04244909
1953,78,3.072,-13.519,-5.2235,0,-13.519,1.58E+02,14.51906151
1953,79,6.972,-11.849,-2.4385,0,-11.849,1.42E+02,14.87239194
1953,80,7.358,-3.294,2.032,0,-3.294,3.03E+02,13.31193952
1953,81,14.242,-6.281,3.9805,3.742,-6.281,3.27E+02,15.24681968
1953,82,14.269,1.411,7.84,1.516,1.411,3.25E+02,14.21918985
1953,83,6.045,3.44,4.7425,7.285,3.44,1.76E+02,6.017836441
1953,84,10.17,0.569,5.3695,0.505,0.569,2.63E+02,13.13993079
1953,85,7.874,4.785,6.3295,6.631,4.785,2.28E+02,6.872797133
1953,86,5.065,2.394,3.7295,2.807,2.394,2.34E+02,6.169359852
1953,87,2.942,2.853,2.8975,2.488,2.853,2.77E+02,0.266835164
1953,88,6.156,1.141,3.6485,0.438,1.141,2.19E+02,9.64143451
1953,89,8.272,2.084,5.178,2.383,2.084,3.49E+02,10.9434709
1953,90,6.143,0.837,3.49,5.347,0.837,1.75E+02,10.04085293
1953,91,0.823,-0.379,0.222,2.662,-0.379,2.78E+02,3.18030041
1953,92,-0.918,-2.677,-1.7975,0.1,-2.677,2.57E+02,4.432163594
1953,93,3.365,-5.907,-1.271,0,-5.907,1.55E+02,13.53182171
1953,94,8.006,-7.316,0.345,1.993,-7.316,1.23E+02,15.94685265
1953,95,6.844,-0.196,3.324,0.048,-0.196,4.34E+02,11.97603686
1953,96,6.103,-4.72,0.6915,1.75,-4.72,5.46E+02,14.56228341
1953,97,7.875,-4.468,1.7035,0,-4.468,4.32E+02,15.29361943
1953,98,7.224,-0.522,3.351,0,-0.522,2.54E+02,12.7041699
1953,99,8.495,-7.179,0.658,0,-7.179,2.16E+02,16.46847117
1953,100,10.114,-1.042,4.536,1.572,-1.042,2.38E+02,14.97964225
1953,101,3.952,2.063,3.0075,3.123,2.063,2.38E+02,4.750612593
1953,102,-1.006,-3.257,-2.1315,0.498,-3.257,2.58E+02,5.504541132
1953,103,-0.526,-6.677,-3.6015,0.242,-6.677,1.28E+02,11.3700334
1953,104,-1.009,-6.762,-3.8855,0.242,-6.762,2.05E+02,10.94848783
1953,105,3.373,-8.812,-2.7195,0,-8.812,2.06E+02,15.766321
1953,106,7.739,-9.42,-0.8405,1.494,-9.42,2.12E+02,17.38059847
1953,107,2.352,-0.022,1.165,4.36,-0.022,2.30E+02,5.779672147
1953,108,0.184,-3.043,-1.4295,7.989,-3.043,2.75E+02,7.380729378
1953,109,3.137,-8.961,-2.912,1.544,-8.961,1.69E+02,15.96464355
1953,110,2.888,-6.061,-1.5865,3.39,-6.061,3.67E+02,14.14362811
1953,111,1.722,-2.052,-0.165,1.606,-2.052,3.70E+02,8.333722383
1953,112,9.422,-7.532,0.945,1.064,-7.532,3.41E+02,17.79050913
1953,113,8.229,1.631,4.93,1.095,1.631,3.31E+02,12.12239055
1953,114,5.751,-5.399,0.176,0,-5.399,1.66E+02,15.74065837
1953,115,3.328,-6.377,-1.5245,0,-6.377,4.05E+02,14.88494839
1953,116,4.079,-7.429,-1.675,0,-7.429,2.09E+02,16.02977926
1953,117,4.561,-0.298,2.1315,2.555,-0.298,2.71E+02,10.052658
1953,118,3.335,0.723,2.029,2.653,0.723,2.48E+02,6.309869988
1953,119,4.382,0.67,2.526,0.54,0.67,2.42E+02,8.312136705
1953,120,4.469,0.099,2.284,0,0.099,3.43E+02,9.374014472
1953,121,9.013,-4.934,2.0395,0,-4.934,1.69E+02,17.40022482
1953,122,11.801,-2.37,4.7155,0,-2.37,1.29E+02,17.53742561
1953,123,15.622,-4.801,5.4105,0,-4.801,1.90E+02,19.22119339
1953,124,12.295,-3.273,4.511,0,-3.273,2.57E+02,18.1334742
1953,125,9.601,1.218,5.4095,0,1.218,1.56E+02,14.16791808
1953,126,6.964,-2.739,2.1125,1.324,-2.739,1.92E+02,15.26127762
1953,127,13.452,-2.091,5.6805,0.232,-2.091,2.36E+02,18.27161394
1953,128,14.183,-1.643,6.27,0.318,-1.643,3.99E+02,18.41120009
1953,129,14.338,-1.506,6.416,0.445,-1.506,2.57E+02,18.46272714
1953,130,11.151,-4.146,3.5025,1.325,-4.146,3.00E+02,18.32121851
1953,131,0.156,-6.376,-3.11,0.766,-6.376,2.36E+02,12.40666205
1953,132,15.809,-2.772,6.5185,1.601,-2.772,3.05E+02,19.35360987
1953,133,10.317,-0.332,4.9925,0.808,-0.332,1.49E+02,16.12525599
1953,134,9.101,-3.094,3.0035,0.044,-3.094,2.64E+02,17.09169524
1953,135,11.382,-0.06,5.661,0.061,-0.06,1.77E+02,16.68597733
1953,136,18.178,4.128,11.153,0.367,4.128,2.73E+02,18.05859095
1953,137,13.227,-1.212,6.0075,0,-1.212,1.72E+02,18.2553851
1953,138,18.163,3.329,10.746,0,3.329,2.17E+02,18.44684652
1953,139,9.141,6.26,7.7005,5.74,6.26,2.62E+02,6.921613974
1953,140,13.665,2.385,8.025,1.332,2.385,2.27E+02,16.71051107
1953,141,24.836,8.003,16.4195,1.969,8.003,2.50E+02,19.24058319
1953,142,12.14,4.715,8.4275,1.342,4.715,3.22E+02,13.55129088
1953,143,10.717,0.158,5.4375,0.02,0.158,1.83E+02,16.29103133
1953,144,8.88,-0.756,4.062,0,-0.756,2.26E+02,15.61735283
1953,145,13.273,-1.195,6.039,0,-1.195,2.15E+02,18.49414986
1953,146,16.744,-2.387,7.1785,0,-2.387,2.26E+02,20.01310923
1953,147,14.4,6.258,10.329,0,6.258,2.94E+02,14.34011047
1953,148,7.058,2.372,4.715,0.232,2.372,1.86E+02,10.08252746
1953,149,12.853,-2.396,5.2285,0,-2.396,2.89E+02,18.90347456
1953,150,15.216,-1.847,6.6845,0,-1.847,3.26E+02,19.55734855
1953,151,19.814,-0.218,9.798,0,-0.218,2.43E+02,20.34743646
1953,152,18.293,-0.509,8.892,0,-0.509,1.50E+02,20.08633476
1953,153,10.747,0.72,5.7335,0,0.72,2.54E+02,16.04621523
1953,154,10.126,-1.433,4.3465,0,-1.433,2.07E+02,17.13147603
1953,155,13.379,0.161,6.77,0,0.161,2.19E+02,18.09352122
1953,156,13.008,-0.639,6.1845,1.488,-0.639,2.31E+02,18.32141357
1953,157,16.228,5.235,10.7315,0.97,5.235,1.80E+02,16.79047121
1953,158,18.117,9.076,13.5965,0.03,9.076,3.07E+02,15.27638212
1953,159,22.772,-0.462,11.155,1.821,-0.462,2.65E+02,21.07413961
1953,160,15.665,10.137,12.901,4.59,10.137,2.47E+02,11.36230304
1953,161,13.802,3.497,8.6495,0.191,3.497,3.62E+02,16.32729355
1953,162,19.41,5.627,12.5185,0.976,5.627,3.33E+02,18.44948329
1953,163,22.969,1.192,12.0805,0,1.192,3.08E+02,20.89174498
1953,164,25.672,6.721,16.1965,0,6.721,1.41E+02,20.3018373
1953,165,25.068,6.125,15.5965,0,6.125,2.77E+02,20.30733943
1953,166,26.029,8.245,17.137,0,8.245,2.48E+02,19.99810868
1953,167,26.124,16.49,21.307,0,16.49,2.60E+02,15.82446232
1953,168,19.618,12.799,16.2085,0.372,12.799,1.78E+02,13.03607988
1953,169,19.11,9.981,14.5455,0.013,9.981,1.39E+02,15.39845752
1953,170,26.765,7.87,17.3175,3.224,7.87,1.31E+02,20.31611184
1953,171,18.461,11.915,15.188,0.174,11.915,3.59E+02,12.70971419
1953,172,19.589,10.99,15.2895,6.746,10.99,2.63E+02,14.91784318
1953,173,22.71,8.719,15.7145,2.219,8.719,1.85E+02,18.58429408
1953,174,9.011,6.264,7.6375,1.238,6.264,9.72E+01,6.702741591
1953,175,17.794,2.441,10.1175,0.791,2.441,1.68E+02,19.17185553
1953,176,21.717,3.983,12.85,0.368,3.983,1.93E+02,19.98660662
1953,177,26.698,15.077,20.8875,0.017,15.077,3.23E+02,17.26469426
1953,178,22.68,9.76,16.22,0.253,9.76,3.00E+02,18.0246416
1953,179,16.369,11.997,14.183,7.448,11.997,2.77E+02,9.633328348
1953,180,21.08,5.862,13.471,5.461,5.862,2.19E+02,19.08912316
1953,181,16.787,13.954,15.3705,1.509,13.954,1.38E+02,6.870632312
1953,182,18.149,4.318,11.2335,0.347,4.318,1.34E+02,18.4609214
1953,183,14.514,7.332,10.923,3.529,7.332,2.11E+02,13.43119665
1953,184,11.258,5.106,8.182,3.37,5.106,1.80E+02,12.19090701
1953,185,21.071,6.237,13.654,0.559,6.237,1.42E+02,18.87977051
1953,186,19.968,12.523,16.2455,1.843,12.523,2.31E+02,13.70560969
1953,187,18.989,11.932,15.4605,1.345,11.932,3.10E+02,13.26939381
1953,188,21.128,11.794,16.461,2.468,11.794,1.94E+02,15.50244034
1953,189,13.516,9.624,11.57,3.854,9.624,1.22E+02,8.812462769
1953,190,12.341,6.185,9.263,0.287,6.185,1.43E+02,12.16718039
1953,191,17.104,7.299,12.2015,0.634,7.299,1.78E+02,15.85714203
1953,192,23.867,6.14,15.0035,3.797,6.14,1.39E+02,19.76882685
1953,193,23.28,11.586,17.433,0.236,11.586,1.29E+02,17.15485269
1953,194,26.621,13.961,20.291,0,13.961,1.89E+02,17.69838617
1953,195,24.822,15.834,20.328,0.768,15.834,8.64E+01,15.12875779
1953,196,20.689,11.407,16.048,0.772,11.407,1.05E+02,15.36733998
1953,197,29.288,8.176,18.732,0,8.176,1.25E+02,20.41037719
1953,198,32.795,14.685,23.74,0,14.685,1.07E+02,19.71851605
1953,199,32.167,16.531,24.349,3.528,16.531,2.57E+02,18.91884187
1953,200,24.578,18.438,21.508,10.454,18.438,1.13E+02,12.072283
1953,201,25.108,13.708,19.408,3.548,13.708,1.85E+02,16.82260683
1953,202,23.251,8.925,16.088,0.289,8.925,2.08E+02,18.31913319
1953,203,28.206,13.05,20.628,0,13.05,1.91E+02,18.6235476
1953,204,21.17,14.211,17.6905,11.817,14.211,2.56E+02,13.00124189
1953,205,14.442,5.547,9.9945,4.433,5.547,3.28E+02,14.8928018
1953,206,19.921,5.507,12.714,0.835,5.507,1.85E+02,18.23383949
1953,207,21.109,12.888,16.9985,4.329,12.888,2.57E+02,14.25021191
1953,208,18.361,9.989,14.175,5.332,9.989,1.31E+02,14.37175756
1953,209,19.98,7.27,13.625,1.422,7.27,1.49E+02,17.35338193
1953,210,22.821,12.621,17.721,0,12.621,1.64E+02,15.80648876
1953,211,18.867,7.505,13.186,1.349,7.505,2.29E+02,16.54161589
1953,212,12.583,5.426,9.0045,0.994,5.426,2.73E+02,13.09731245
1953,213,13.625,5.766,9.6955,1.602,5.766,2.03E+02,13.79097278
1953,214,14.95,6.268,10.609,0.254,6.268,2.53E+02,14.5189098
1953,215,16.299,8.351,12.325,0.399,8.351,2.18E+02,13.83382367
1953,216,17.289,7.352,12.3205,0.254,7.352,2.40E+02,15.45182223
1953,217,17.85,10.974,14.412,0.107,10.974,9.38E+01,12.70331098
1953,218,20.604,4.61,12.607,0,4.61,1.92E+02,18.30326705
1953,219,24.95,5.683,15.3165,0,5.683,2.00E+02,19.05650072
1953,220,21.17,10.531,15.8505,0.041,10.531,1.79E+02,15.79515735
1953,221,18.943,6.605,12.774,0,6.605,1.74E+02,16.71545759
1953,222,21.093,8.027,14.56,0,8.027,1.72E+02,17.01452518
1953,223,26.663,6.074,16.3685,0,6.074,1.38E+02,19.03037954
1953,224,28.856,11.505,20.1805,0.617,11.505,1.99E+02,18.33451903
1953,225,24.982,16.833,20.9075,1.464,16.833,2.06E+02,13.7612069
1953,226,25.602,12.042,18.822,1.147,12.042,1.59E+02,17.02410058
1953,227,15.118,11.809,13.4635,1.046,11.809,2.35E+02,7.592042238
1953,228,13.351,5.284,9.3175,0.658,5.284,2.18E+02,13.59783498
1953,229,13.949,6.338,10.1435,0.014,6.338,2.45E+02,13.15578391
1953,230,8.889,5.66,7.2745,1.14,5.66,2.30E+02,7.426153046
1953,231,14.349,5.906,10.1275,1.152,5.906,2.58E+02,13.81468424
1953,232,18.187,7.147,12.667,1.045,7.147,3.44E+02,15.52148965
1953,233,22.113,5.966,14.0395,0,5.966,3.00E+02,17.42951188
1953,234,24.395,8.093,16.244,0,8.093,2.47E+02,17.39596953
1953,235,25.597,12.01,18.8035,0,12.01,2.38E+02,16.50308382
1953,236,16.231,11.785,14.008,0.958,11.785,3.22E+02,9.305556601
1953,237,17.767,12.164,14.9655,5.127,12.164,1.69E+02,10.81347086
1953,238,18.059,13.438,15.7485,2.984,13.438,2.52E+02,9.519761298
1953,239,29.335,13.569,21.452,3.581,13.569,2.79E+02,16.88104032
1953,240,26.15,17.964,22.057,1.336,17.964,2.61E+02,13.2598967
1953,241,20.717,7.7,14.2085,2.232,7.7,2.46E+02,15.88860407
1953,242,22.141,15.494,18.8175,8.639,15.494,1.63E+02,11.81698973
1953,243,18.904,11.772,15.338,0.397,11.772,1.35E+02,12.24399294
1953,244,27.271,10.616,18.9435,15.01,10.616,1.87E+02,16.66182279
1953,245,20.278,11.845,16.0615,0.435,11.845,3.23E+02,13.22448123
1953,246,16.026,8.051,12.0385,0,8.051,1.37E+02,12.83235584
1953,247,30.962,13.888,22.425,0.258,13.888,1.48E+02,16.46574629
1953,248,15.705,12.872,14.2885,1.846,12.872,1.49E+02,6.552890765
1953,249,19.896,7.994,13.945,0,7.994,2.53E+02,14.88418206
1953,250,18.453,8.772,13.6125,4.691,8.772,2.47E+02,13.75825538
1953,251,11.792,6.708,9.25,3.737,6.708,3.50E+02,9.830708807
1953,252,8.371,4.062,6.2165,0.258,4.062,2.41E+02,8.809472926
1953,253,16.152,5.656,10.904,1.181,5.656,1.40E+02,13.98516959
1953,254,14.565,11.971,13.268,2.786,11.971,2.17E+02,6.059998859
1953,255,20.038,10.102,15.07,4.97,10.102,2.65E+02,13.5722497
1953,256,13.706,11.288,12.497,7.59,11.288,3.17E+02,5.715350394
1953,257,3.986,1.87,2.928,3.739,1.87,1.80E+02,5.127144145
1953,258,8.008,1.836,4.922,0.103,1.836,3.05E+02,10.76232079
1953,259,9.352,-1.814,3.769,0,-1.814,3.46E+02,13.82152132
1953,260,11.003,-1.219,4.892,0,-1.219,2.74E+02,14.10505228
1953,261,13.986,-2.141,5.9225,2.105,-2.141,3.15E+02,14.8804552
1953,262,13.465,8.409,10.937,6.316,8.409,2.49E+02,9.465192351
1953,263,17.252,10.986,14.119,0.904,10.986,2.15E+02,10.63371861
1953,264,11.152,6.829,8.9905,2.422,6.829,1.35E+02,8.532992216
1953,265,4.951,2.334,3.6425,0.258,2.334,1.59E+02,5.976562002
1953,266,6.174,-0.99,2.592,0,-0.99,2.45E+02,11.20291854
1953,267,12.243,1.327,6.785,0.507,1.327,1.53E+02,13.05731935
1953,268,13.094,8.94,11.017,2.169,8.94,2.40E+02,8.209050308
1953,269,11.232,6.009,8.6205,3.205,6.009,3.46E+02,9.391112591
1953,270,6.322,3.654,4.988,3.905,3.654,2.44E+02,5.996279946
1953,271,5.605,0.797,3.201,0.468,0.797,1.94E+02,8.880875222
1953,272,6.254,-1.402,2.426,0,-1.402,1.58E+02,11.166238
1953,273,8.143,0.323,4.233,1.181,0.323,2.29E+02,11.19655979
1953,274,8.486,4.128,6.307,0.551,4.128,1.31E+02,8.275168583
1953,275,11.413,1.977,6.695,0,1.977,8.64E+01,11.82373655
1953,276,23.385,4.184,13.7845,3.703,4.184,8.64E+01,13.3701328
1953,277,9.618,5.135,7.3765,0.326,5.135,8.64E+01,8.313494973
1953,278,6.092,0.201,3.1465,0.134,0.201,8.64E+01,9.590062044
1953,279,3.466,-1.399,1.0335,0.035,-1.399,8.64E+01,8.633661036
1953,280,4,-4.035,-0.0175,0,-4.035,8.64E+01,10.81373586
1953,281,5.11,-7.598,-1.244,0.837,-7.598,8.64E+01,12.12918401
1953,282,4.315,-0.596,1.8595,0.011,-0.596,8.64E+01,8.552793824
1953,283,6.179,-2.069,2.055,0,-2.069,8.64E+01,10.68301592
1953,284,7.996,-3.519,2.2385,0,-3.519,8.64E+01,11.58932802
1953,285,2.974,-2.792,0.091,0,-2.792,8.64E+01,9.124449462
1953,286,6.855,-1.489,2.683,0,-1.489,8.64E+01,10.48509167
1953,287,14.811,2.294,8.5525,0.326,2.294,8.64E+01,11.4446227
1953,288,12.348,5.395,8.8715,0.053,5.395,8.64E+01,9.692274204
1953,289,11.24,1.161,6.2005,0,1.161,8.64E+01,10.77156506
1953,290,12.316,-4.125,4.0955,0,-4.125,8.64E+01,11.45190933
1953,291,14.039,-2.634,5.7025,1.681,-2.634,8.64E+01,11.3402199
1953,292,14.085,9.813,11.949,1.326,9.813,8.64E+01,7.532660656
1953,293,10.172,3.761,6.9665,0,3.761,8.64E+01,9.066406813
1953,294,17.168,5.796,11.482,0,5.796,8.64E+01,10.52735511
1953,295,19.34,5.797,12.5685,0,5.797,8.64E+01,10.66989477
1953,296,16.76,3.696,10.228,1.361,3.696,8.64E+01,10.51616819
1953,297,6.204,-1.62,2.292,0.046,-1.62,8.64E+01,9.409234363
1953,298,10.91,-3.697,3.6065,0,-3.697,8.64E+01,10.40347064
1953,299,9.037,0.803,4.92,0.326,0.803,8.64E+01,9.381165082
1953,300,1.878,-2.049,-0.0855,0,-2.049,8.64E+01,6.895338879
1953,301,0.717,-4.265,-1.774,4.038,-4.265,8.64E+01,7.719002936
1953,302,2.298,-3.182,-0.442,0.127,-3.182,8.64E+01,7.989103212
1953,303,2.453,-2.245,0.104,0.018,-2.245,8.64E+01,7.418274041
1953,304,2.39,-2.737,-0.1735,0.26,-2.737,8.64E+01,7.663181087
1953,305,-0.63,-5.311,-2.9705,0.075,-5.311,8.64E+01,7.312368641
1953,306,1.269,-4.367,-1.549,3.956,-4.367,2.87E+02,7.850499235
1953,307,3.898,-0.203,1.8475,5.152,-0.203,1.19E+02,6.780487602
1953,308,-4.777,-8.091,-6.434,6.33,-8.091,1.37E+02,6.018133434
1953,309,-4.212,-11.741,-7.9765,0.077,-11.741,1.93E+02,8.395077895
1953,310,-0.781,-9.445,-5.113,0,-9.445,2.53E+02,8.581757831
1953,311,3.203,-15.594,-6.1955,0,-15.594,2.35E+02,9.071991708
1953,312,2.183,-1.467,0.358,1.583,-1.467,1.39E+02,6.211343261
1953,313,0.189,-1.201,-0.506,3.748,-1.201,2.48E+02,3.262684267
1953,314,-1.017,-2.072,-1.5445,0,-2.072,2.78E+02,2.609325993
1953,315,-0.465,-3.156,-1.8105,0,-3.156,2.71E+02,5.151852043
1953,316,-2.062,-6.342,-4.202,0,-6.342,2.93E+02,6.551755278
1953,317,0.732,-2.686,-0.977,0.417,-2.686,2.08E+02,5.844242185
1953,318,2.919,-0.882,1.0185,4.132,-0.882,1.07E+02,6.13038996
1953,319,0.833,-0.323,0.255,1.133,-0.323,1.92E+02,2.783034177
1953,320,3.441,-3.745,-0.152,2.661,-3.745,1.33E+02,7.55544409
1953,321,6.167,-0.323,2.922,0.21,-0.323,1.56E+02,7.316090512
1953,322,11.784,-0.192,5.796,0,-0.192,1.55E+02,7.941274562
1953,323,9.021,5.734,7.3775,2.537,5.734,1.43E+02,5.556657396
1953,324,1.969,-0.746,0.6115,1.121,-0.746,3.22E+02,4.984460411
1953,325,6.852,-1.523,2.6645,1.155,-1.523,2.03E+02,7.455346149
1953,326,11.217,2.135,6.676,2.527,2.135,2.44E+02,7.474481411
1953,327,9.453,3.122,6.2875,0.199,3.122,1.93E+02,6.955598634
1953,328,4.074,0.161,2.1175,0.626,0.161,2.52E+02,5.88390507
1953,329,5.721,3.366,4.5435,1.296,3.366,2.63E+02,4.497099668
1953,330,3.294,-0.857,1.2185,3.734,-0.857,3.01E+02,5.968389083
1953,331,-2.544,-4.272,-3.408,0.655,-4.272,3.58E+02,3.65670225
1953,332,-4.055,-5.412,-4.7335,1.636,-5.412,2.16E+02,3.067205049
1953,333,-4.197,-6.443,-5.32,0.45,-6.443,4.31E+02,4.314215594
1953,334,-1.042,-10.349,-5.6955,2.854,-10.349,3.32E+02,7.053286365
1953,335,-0.482,-8.009,-4.2455,0.371,-8.009,3.83E+02,6.827424206
1953,336,-0.366,-13.068,-6.717,0.289,-13.068,1.65E+02,7.089584118
1953,337,0.839,-3.254,-1.2075,0.438,-3.254,2.58E+02,5.749477893
1953,338,4.645,-1.378,1.6335,2.435,-1.378,1.02E+02,6.439565903
1953,339,2.408,-1.716,0.346,3.479,-1.716,3.09E+02,5.722537372
1953,340,2.477,-3.49,-0.5065,4,-3.49,3.33E+02,6.368819387
1953,341,0.299,-5.23,-2.4655,2.97,-5.23,1.87E+02,6.228407617
1953,342,0.807,-5.238,-2.2155,1.015,-5.238,1.63E+02,6.337000768
1953,343,-6.818,-8.105,-7.4615,0.439,-8.105,2.89E+02,2.898944874
1953,344,-5.981,-7.656,-6.8185,0.799,-7.656,1.78E+02,3.491178459
1953,345,-0.38,-12.542,-6.461,1.144,-12.542,1.89E+02,6.7635693
1953,346,-3.526,-6.594,-5.06,0.188,-6.594,2.57E+02,4.953142104
1953,347,-6.972,-9.596,-8.284,0.566,-9.596,1.30E+02,4.569487252
1953,348,-4.205,-9.181,-6.693,4.323,-9.181,1.22E+02,5.938729691
1953,349,-7.731,-14.466,-11.0985,4.45,-14.466,2.67E+02,6.348452883
1953,350,-13.111,-18.557,-15.834,2.241,-18.557,2.06E+02,6.065139564
1953,351,-15.793,-19.683,-17.738,0.357,-19.683,2.74E+02,5.45147858
1953,352,-17.066,-24.713,-20.8895,0.051,-24.713,3.01E+02,6.445957632
1953,353,-15.778,-23.402,-19.59,0.772,-23.402,3.14E+02,6.440107115
1953,354,-8.388,-26.374,-17.381,3.248,-26.374,3.41E+02,6.691997047
1953,355,-13.255,-20.44,-16.8475,0.302,-20.44,2.25E+02,6.38794552
1953,356,-10.445,-21.838,-16.1415,2.238,-21.838,8.86E+01,6.648440588
1953,357,-17.8,-23.713,-20.7565,0.558,-23.713,9.04E+01,6.175546446
1953,358,-2.57,-31.738,-17.154,1.861,-31.738,1.86E+02,6.717608232
1953,359,-2.285,-14.356,-8.3205,1.551,-14.356,2.82E+02,6.689516015
1953,360,-13.819,-17.305,-15.562,0.627,-17.305,9.70E+01,5.232504276
1953,361,-11.693,-27.345,-19.519,1.135,-27.345,1.06E+02,6.753739248
1953,362,-6.604,-23.896,-15.25,2.86,-23.896,1.17E+02,6.778909358
1953,363,-4.395,-15.412,-9.9035,4.169,-15.412,2.14E+02,6.739910556
1953,364,-25.221,-31.588,-28.4045,0,-31.588,2.83E+02,6.3627507
1953,365,-25.507,-41.035,-33.271,0,-41.035,1.63E+02,6.850919584
1953,366,-25.507,-41.035,-33.271,0,-41.035,1.63E+02,6.850919584
