DJ0207XDMNXPHWR
CCXMDDM
24,1,12.0
7,0.075,0.125,0.00,0,0,0,0,0,0,0,0
1956,1,-18.986,-38.884,-28.935,0,-38.884,1.60E+02,6.891511057,,,
1956,2,-13.427,-29.725,-21.576,0,-29.725,1.91E+02,6.918891395,,,
1956,3,-9.68,-19.816,-14.748,0.004,-19.816,2.38E+02,6.85529562,,,
1956,4,-6.593,-11.497,-9.045,4.827,-11.497,3.58E+02,6.072029293,,,
1956,5,-7.998,-15.387,-11.6925,1.835,-15.387,1.22E+02,6.697337779,,,
1956,6,-14.824,-30.697,-22.7605,0,-30.697,1.81E+02,7.078437765,,,
1956,7,-15.397,-22.614,-19.0055,0,-22.614,1.85E+02,6.744976427,,,
1956,8,3.56,-20.95,-8.695,3.37,-20.95,2.16E+02,7.187564191,,,
1956,9,3.608,-15.484,-5.938,0.022,-15.484,1.73E+02,7.236460303,,,
1956,10,3.446,1.426,2.436,0.126,1.426,1.45E+02,4.037609389,,,
1956,11,1.955,-1.852,0.0515,4.322,-1.852,1.08E+02,5.705965148,,,
1956,12,-3.84,-6.863,-5.3515,0.735,-6.863,1.08E+02,5.138959855,,,
1956,13,-10.2,-15.626,-12.913,1.723,-15.626,2.86E+02,6.549841483
1956,14,-9.381,-25.349,-17.365,0,-25.349,1.40E+02,7.522912454
1956,15,-9.757,-22.494,-16.1255,0,-22.494,2.46E+02,7.544270856
1956,16,-9.044,-19.981,-14.5125,0,-19.981,4.62E+02,7.547061144
1956,17,-13.128,-20.524,-16.826,0,-20.524,2.31E+02,7.248537711
1956,18,-16.839,-22.686,-19.7625,1.045,-22.686,1.42E+02,6.912568994
1956,19,-13.283,-20.315,-16.799,0.847,-20.315,2.97E+02,7.287699482
1956,20,-13.084,-19.145,-16.1145,1.045,-19.145,4.20E+02,7.082143612
1956,21,-11.242,-16.213,-13.7275,1.002,-16.213,1.59E+02,6.698539534
1956,22,-9.33,-14.416,-11.873,2.386,-14.416,2.39E+02,6.798223022
1956,23,-10.375,-15.168,-12.7715,5.367,-15.168,2.50E+02,6.696063041
1956,24,-10.275,-13.057,-11.666,4.113,-13.057,2.60E+02,5.166518182
1956,25,-7.933,-13.132,-10.5325,0.967,-13.132,2.40E+02,6.993779973
1956,26,-7.657,-11.912,-9.7845,1.778,-11.912,1.11E+02,6.49850408
1956,27,-10.461,-21.698,-16.0795,0.305,-21.698,1.23E+02,8.395476006
1956,28,-10.306,-31.042,-20.674,3.373,-31.042,1.51E+02,8.689695146
1956,29,-5.775,-19.163,-12.469,6.27,-19.163,2.18E+02,8.683258552
1956,30,-9.665,-26.353,-18.009,0.558,-26.353,2.66E+02,8.856768172
1956,31,-13.907,-33.734,-23.8205,0.551,-33.734,1.86E+02,8.98573803
1956,32,-7.496,-18.533,-13.0145,0.792,-18.533,2.91E+02,8.821211589
1956,33,-7.268,-9.372,-8.32,2.454,-9.372,1.10E+02,4.473439467
1956,34,-10.781,-25.833,-18.307,0.274,-25.833,1.90E+02,9.229263922
1956,35,-8.236,-15.579,-11.9075,1.537,-15.579,2.77E+02,8.421459264
1956,36,-10.123,-21.391,-15.757,0.282,-21.391,2.79E+02,9.217499085
1956,37,-8.45,-33.99,-21.22,4.591,-33.99,1.21E+02,9.655599732
1956,38,-3.116,-12.434,-7.775,3.193,-12.434,2.79E+02,9.135713438
1956,39,-1.785,-6.648,-4.2165,4.398,-6.648,2.25E+02,7.493162292
1956,40,-5.32,-27.737,-16.5285,0.165,-27.737,1.99E+02,9.995462287
1956,41,-4.213,-9.913,-7.063,2.133,-9.913,1.87E+02,8.123160867
1956,42,-8.308,-20.431,-14.3695,1.141,-20.431,2.31E+02,9.902558137
1956,43,-6.963,-14.299,-10.631,5.368,-14.299,2.29E+02,9.011021661
1956,44,-4.204,-9.081,-6.6425,3.555,-9.081,2.79E+02,7.747071915
1956,45,-3.793,-10.299,-7.046,3.961,-10.299,2.61E+02,8.796159875
1956,46,-4.179,-15.787,-9.983,2.867,-15.787,2.35E+02,10.26166391
1956,47,-16.57,-26.757,-21.6635,0.537,-26.757,1.76E+02,10.13426226
1956,48,-12.328,-33.747,-23.0375,0,-33.747,2.32E+02,10.97167825
1956,49,-7.881,-22.882,-15.3815,3.189,-22.882,2.00E+02,10.90442913
1956,50,-9.259,-17.456,-13.3575,2.086,-17.456,1.55E+02,9.871476788
1956,51,-10.056,-29.596,-19.826,1.391,-29.596,1.31E+02,11.32387839
1956,52,-13.861,-29.524,-21.6925,0.643,-29.524,3.10E+02,11.30249804
1956,53,-16.8,-19.834,-18.317,1.76,-19.834,2.00E+02,6.177696982
1956,54,-17.928,-22.252,-20.09,0,-22.252,2.25E+02,7.705754551
1956,55,-12.127,-37.695,-24.911,0.271,-37.695,1.69E+02,11.92703602
1956,56,-7.642,-15.65,-11.646,10.5,-15.65,2.27E+02,10.27792837
1956,57,-15.511,-23.721,-19.616,1.654,-23.721,1.38E+02,10.44134674
1956,58,-14.09,-28.411,-21.2505,0,-28.411,1.29E+02,11.91082798
1956,59,-14.183,-36.216,-25.1995,0,-36.216,1.22E+02,12.42451836
1956,60,-10.037,-26.996,-18.5165,0,-26.996,1.29E+02,12.36883465
1956,61,-4.538,-28.533,-16.5355,1.617,-28.533,1.27E+02,12.72746644
1956,62,-1.909,-9.798,-5.8535,0.805,-9.798,2.33E+02,10.67901508
1956,63,-6.557,-14.572,-10.5645,0,-14.572,3.16E+02,10.81484558
1956,64,-9.133,-30.316,-19.7245,0,-30.316,2.30E+02,13.07427911
1956,65,-7.009,-32.542,-19.7755,0,-32.542,1.48E+02,13.29746991
1956,66,-12.169,-30.969,-21.569,0,-30.969,2.94E+02,13.23965688
1956,67,-14.435,-32.551,-23.493,0,-32.551,1.63E+02,13.32696479
1956,68,-12.772,-24.124,-18.448,9.425,-24.124,1.28E+02,12.46870314
1956,69,-9.858,-15.259,-12.5585,1.149,-15.259,1.18E+02,9.364511964
1956,70,-6.216,-23.817,-15.0165,0,-23.817,2.83E+02,13.66608563
1956,71,-7.545,-25.063,-16.304,21.705,-25.063,2.68E+02,13.78280295
1956,72,-15.029,-27.628,-21.3285,0,-27.628,1.85E+02,13.17722876
1956,73,-5.988,-33.3,-19.644,0.851,-33.3,3.58E+02,14.42709796
1956,74,-7.867,-16.371,-12.119,0.761,-16.371,2.20E+02,11.86309188
1956,75,-13.619,-35.18,-24.3995,0,-35.18,3.22E+02,14.54403911
1956,76,-9.366,-38.125,-23.7455,0,-38.125,1.79E+02,14.85874849
1956,77,-8.367,-29.948,-19.1575,0,-29.948,1.62E+02,14.80359687
1956,78,-6.009,-33.965,-19.987,0,-33.965,1.58E+02,15.12074795
1956,79,-1.98,-32.713,-17.3465,0,-32.713,1.42E+02,15.29258858
1956,80,2.565,-29.036,-13.2355,0.563,-29.036,3.03E+02,15.43729386
1956,81,3.812,-16.085,-6.1365,0.856,-16.085,3.27E+02,15.2018604
1956,82,-1.476,-9.483,-5.4795,1.101,-9.483,3.25E+02,12.08348448
1956,83,-12.883,-22.059,-17.471,0,-22.059,1.76E+02,12.84762879
1956,84,-13.643,-34.974,-24.3085,0,-34.974,2.63E+02,15.66738733
1956,85,-6.742,-29.071,-17.9065,0,-29.071,2.28E+02,15.84980968
1956,86,-5.392,-32.01,-18.701,0.698,-32.01,2.34E+02,16.14826393
1956,87,-6.1,-16.836,-11.468,0,-16.836,2.77E+02,13.89327869
1956,88,-1.587,-23.27,-12.4285,0,-23.27,2.19E+02,16.17000341
1956,89,0.846,-25.211,-12.1825,0,-25.211,3.49E+02,16.50764674
1956,90,2.529,-10.84,-4.1555,0,-10.84,1.75E+02,15.08481338
1956,91,3.88,-14.422,-5.271,0,-14.422,2.78E+02,16.1768207
1956,92,1.243,-12.865,-5.811,0,-12.865,2.57E+02,15.4670236
1956,93,4.916,-15.309,-5.1965,0.407,-15.309,1.55E+02,16.61256501
1956,94,2.349,-3.864,-0.7575,6.382,-3.864,1.23E+02,11.15058726
1956,95,4.137,-0.472,1.8325,9.303,-0.472,4.34E+02,9.307566417
1956,96,-0.095,-2.438,-1.2665,3.799,-2.438,5.46E+02,5.647666884
1956,97,-0.417,-6.901,-3.659,0.407,-6.901,4.32E+02,11.52712599
1956,98,0.795,-18.764,-8.9845,0,-18.764,2.54E+02,17.05613886
1956,99,0.658,-10.558,-4.95,0,-10.558,2.16E+02,14.94526234
1956,100,-2.929,-12.613,-7.771,1.289,-12.613,2.38E+02,14.17533808
1956,101,3.619,-8.408,-2.3945,0,-8.408,2.38E+02,15.4417206
1956,102,6.153,-12.362,-3.1045,0,-12.362,2.58E+02,17.2876255
1956,103,10.056,-7.668,1.194,0,-7.668,1.28E+02,17.24062859
1956,104,2.374,-2.048,0.163,4.903,-2.048,2.05E+02,9.22528409
1956,105,1.107,-6.242,-2.5675,0,-6.242,2.06E+02,12.63162338
1956,106,1.812,-7.09,-2.639,6.317,-7.09,2.12E+02,13.94250048
1956,107,1.434,-1.598,-0.082,4.58,-1.598,2.30E+02,7.025804036
1956,108,1.734,-0.443,0.6455,24.277,-0.443,2.75E+02,5.385756654
1956,109,2.181,-2.121,0.03,2.997,-2.121,1.69E+02,9.129181269
1956,110,-0.791,-4.443,-2.617,1.506,-4.443,3.67E+02,8.122982831
1956,111,-0.977,-7.945,-4.461,0.637,-7.945,3.70E+02,12.45410018
1956,112,1.096,-6.559,-2.7315,0.254,-6.559,3.41E+02,13.14365747
1956,113,2.408,-7.402,-2.497,0,-7.402,3.31E+02,14.8756809
1956,114,0.694,-6.016,-2.661,0,-6.016,1.66E+02,12.26714182
1956,115,-1.229,-12.95,-7.0895,0.662,-12.95,4.05E+02,16.09480586
1956,116,4.639,-8.659,-2.01,0,-8.659,2.09E+02,16.87863199
1956,117,6.125,-1.292,2.4165,0.254,-1.292,2.71E+02,13.06385378
1956,118,7.545,-1.735,2.905,3.908,-1.735,2.48E+02,14.68952666
1956,119,1.46,-5.98,-2.26,0.956,-5.98,2.42E+02,13.13843435
1956,120,4.367,-12.483,-4.058,0,-12.483,3.43E+02,18.28777448
1956,121,0.912,-7.659,-3.3735,0,-7.659,1.69E+02,14.22112346
1956,122,2.591,-10.715,-4.062,0,-10.715,1.29E+02,17.18130847
1956,123,5.64,-10.491,-2.4255,2.939,-10.491,1.90E+02,18.25645772
1956,124,1.938,-2.415,-0.2385,1.821,-2.415,2.57E+02,9.390673512
1956,125,7.294,-6.384,0.455,0,-6.384,1.56E+02,17.47714976
1956,126,3.753,-2.099,0.827,1.082,-2.099,1.92E+02,11.50856429
1956,127,-0.888,-9.772,-5.33,0.104,-9.772,2.36E+02,14.6477453
1956,128,-2.822,-10.077,-6.4495,0.283,-10.077,3.99E+02,13.15168076
1956,129,4.511,-12.339,-3.914,0,-12.339,2.57E+02,18.76865466
1956,130,5.074,-3.16,0.957,3.458,-3.16,3.00E+02,14.15087687
1956,131,0.304,-6.376,-3.036,0.397,-6.376,2.36E+02,12.57696609
1956,132,11.314,-10.64,0.337,5.721,-10.64,3.05E+02,19.97942099
1956,133,18.289,2.032,10.1605,2.542,2.032,1.49E+02,18.76743085
1956,134,9.091,3.299,6.195,0,3.299,2.64E+02,11.53781323
1956,135,4.927,-0.604,2.1615,13.28,-0.604,1.77E+02,11.20414843
1956,136,10.748,-3.596,3.576,1.886,-3.596,2.73E+02,18.18310012
1956,137,-1.529,-3.671,-2.6,5.544,-3.671,1.72E+02,5.406577645
1956,138,3.759,-7.12,-1.6805,0,-7.12,2.17E+02,16.40442089
1956,139,11.281,-7.193,2.044,0.397,-7.193,2.62E+02,19.62240152
1956,140,3.878,-2.113,0.8825,7.334,-2.113,2.27E+02,11.85813388
1956,141,5.248,-9.274,-2.013,1.365,-9.274,2.50E+02,18.41163006
1956,142,10.425,-3.154,3.6355,0,-3.154,3.22E+02,18.0206549
1956,143,12.681,0.415,6.548,4.253,0.415,1.83E+02,17.367017
1956,144,0.162,-11.506,-5.672,0.399,-11.506,2.26E+02,17.03773192
1956,145,1.168,-10.38,-4.606,0.62,-10.38,2.15E+02,16.98350959
1956,146,9.365,-8.88,0.2425,0,-8.88,2.26E+02,19.79367696
1956,147,14.841,-3.61,5.6155,1.921,-3.61,2.94E+02,19.87489148
1956,148,7.393,3.033,5.213,13.887,3.033,1.86E+02,9.570276332
1956,149,16.134,0.227,8.1805,0,0.227,2.89E+02,19.14952633
1956,150,17.265,-1.545,7.86,0.406,-1.545,3.26E+02,20.04253068
1956,151,10.009,5.541,7.775,1.176,5.541,2.43E+02,9.754920251
1956,152,16.596,2.826,9.711,3.154,2.826,1.50E+02,18.32187262
1956,153,12.32,6.934,9.627,0.395,6.934,2.54E+02,11.13705659
1956,154,14.245,2.069,8.157,0.037,2.069,2.07E+02,17.50792787
1956,155,18.164,1.524,9.844,5.975,1.524,2.19E+02,19.51849869
1956,156,16.719,6.857,11.788,2.444,6.857,2.31E+02,15.94710521
1956,157,14.867,9.328,12.0975,4.431,9.328,1.80E+02,11.36762467
1956,158,15.282,0.129,7.7055,1.523,0.129,3.07E+02,19.01601409
1956,159,13.589,6.42,10.0045,0.311,6.42,2.65E+02,13.41380962
1956,160,13.503,4.451,8.977,0,4.451,2.47E+02,15.29887825
1956,161,14.083,4.259,9.171,0.654,4.259,3.62E+02,15.95392678
1956,162,16.992,6.078,11.535,3.118,6.078,3.33E+02,16.77463347
1956,163,24.108,3.666,13.887,0,3.666,3.08E+02,20.63541071
1956,164,26.174,10.576,18.375,0.607,10.576,1.41E+02,19.24930585
1956,165,27.502,9.203,18.3525,2.372,9.203,2.77E+02,20.13782844
1956,166,25.628,15.153,20.3905,8.726,15.153,2.48E+02,16.47800608
1956,167,21.684,9.186,15.435,0,9.186,2.60E+02,17.79998364
1956,168,13.449,2.54,7.9945,0,2.54,1.78E+02,16.79567054
1956,169,9.679,3.011,6.345,0,3.011,1.39E+02,12.8569519
1956,170,13.928,-1.391,6.2685,0,-1.391,1.31E+02,19.16380557
1956,171,21.611,-1.803,9.904,0,-1.803,3.59E+02,21.19624502
1956,172,22.739,7.515,15.127,18.041,7.515,2.63E+02,19.12609223
1956,173,19.515,13.022,16.2685,2.389,13.022,1.85E+02,12.64418928
1956,174,15.008,10.797,12.9025,0.291,10.797,9.72E+01,9.374177744
1956,175,19.013,2.67,10.8415,0,2.67,1.68E+02,19.54256215
1956,176,18.954,2.739,10.8465,13.179,2.739,1.93E+02,19.49312307
1956,177,15.07,9.633,12.3515,0.272,9.633,3.23E+02,11.24690272
1956,178,18.885,3.124,11.0045,0,3.124,3.00E+02,19.31548248
1956,179,14.53,4.793,9.6615,4.424,4.793,2.77E+02,15.8972137
1956,180,13.976,11.175,12.5755,5.373,11.175,2.19E+02,6.807859864
1956,181,16.139,3.621,9.88,0.395,3.621,1.38E+02,17.78283386
1956,182,20.455,6.376,13.4155,1.313,6.376,1.34E+02,18.57808719
1956,183,12.958,11.22,12.089,6.113,11.22,2.11E+02,4.533283617
1956,184,18.169,11.203,14.686,0.259,11.203,1.80E+02,13.18090196
1956,185,13.955,6.006,9.9805,0,6.006,1.42E+02,14.23981581
1956,186,18.261,2.885,10.573,0,2.885,2.31E+02,19.08661788
1956,187,20.464,3.06,11.762,0,3.06,3.10E+02,19.77065085
1956,188,23.157,12.624,17.8905,1.152,12.624,1.94E+02,16.44216049
1956,189,17.283,12.183,14.733,2.78,12.183,1.22E+02,10.72894418
1956,190,19.942,12.505,16.2235,0,12.505,1.43E+02,13.6700108
1956,191,14.523,12.405,13.464,13.051,12.405,1.78E+02,5.37656222
1956,192,21.63,12.022,16.826,6.791,12.022,1.39E+02,15.68755655
1956,193,23.144,7.757,15.4505,2.159,7.757,1.29E+02,18.97006774
1956,194,17.957,3.63,10.7935,1.216,3.63,1.89E+02,18.51418416
1956,195,22.795,4.535,13.665,1.376,4.535,8.64E+01,19.84219639
1956,196,20.099,12.197,16.148,7.143,12.197,1.05E+02,14.09843891
1956,197,8.986,4.617,6.8015,3.684,4.617,1.25E+02,9.573933796
1956,198,9.99,5.807,7.8985,0.278,5.807,1.07E+02,9.268108377
1956,199,16.645,7.925,12.285,0,7.925,2.57E+02,14.83738809
1956,200,18.116,2.546,10.331,0,2.546,1.13E+02,18.8668829
1956,201,21.764,6.434,14.099,0.78,6.434,1.85E+02,18.74931664
1956,202,24.956,6.511,15.7335,0,6.511,2.08E+02,19.67495766
1956,203,21.115,12.341,16.728,6.529,12.341,1.91E+02,14.82275042
1956,204,18.362,14.053,16.2075,12.406,14.053,2.56E+02,9.439563944
1956,205,19.805,12.806,16.3055,9.566,12.806,3.28E+02,13.03272149
1956,206,20.071,13.388,16.7295,0.41,13.388,1.85E+02,12.66144956
1956,207,19.54,9.62,14.58,2.395,9.62,2.57E+02,15.67504283
1956,208,19.023,6.585,12.804,4.34,6.585,1.31E+02,17.24280224
1956,209,15.711,9.45,12.5805,15.299,9.45,1.49E+02,12.12219422
1956,210,11.876,8.928,10.402,5.98,8.928,1.64E+02,7.02809393
1956,211,9.133,6.269,7.701,1.237,6.269,2.29E+02,6.862701697
1956,212,12.795,5.586,9.1905,1.168,5.586,2.73E+02,13.15255624
1956,213,19.1,6.944,13.022,3.126,6.944,2.03E+02,16.93063522
1956,214,14.185,6.515,10.35,1.755,6.515,2.53E+02,13.58615363
1956,215,17.712,2.38,10.046,0.998,2.38,2.18E+02,18.23140902
1956,216,21.748,4.504,13.126,0,4.504,2.40E+02,18.76222754
1956,217,23.069,5.617,14.343,3.463,5.617,9.38E+01,18.76402271
1956,218,23.898,10.149,17.0235,1.031,10.149,1.92E+02,17.49332062
1956,219,25.972,9.099,17.5355,0,9.099,2.00E+02,18.50459451
1956,220,28.431,9.231,18.831,1.947,9.231,1.79E+02,18.98300856
1956,221,26.628,11.219,18.9235,3.453,11.219,1.74E+02,17.96204899
1956,222,24.018,11.692,17.855,5.982,11.692,1.72E+02,16.66574152
1956,223,19.841,15.154,17.4975,6.739,15.154,1.38E+02,9.843009144
1956,224,20.559,10.409,15.484,6.065,10.409,1.99E+02,15.32961748
1956,225,18.3,10.337,14.3185,0,10.337,2.06E+02,13.59546074
1956,226,23.367,6.815,15.091,8.261,6.815,1.59E+02,18.00731631
1956,227,21.54,13.404,17.472,10.435,13.404,2.35E+02,13.68928307
1956,228,14.973,3.892,9.4325,0.029,3.892,2.18E+02,15.73520111
1956,229,15.801,4.288,10.0445,3.112,4.288,2.45E+02,15.92408086
1956,230,18.296,1.755,10.0255,0.001,1.755,2.30E+02,17.74062382
1956,231,19.215,6.853,13.034,1.627,6.853,2.58E+02,16.23844988
1956,232,14.4,4.824,9.612,0.87,4.824,3.44E+02,14.62153984
1956,233,13.258,4.012,8.635,1.072,4.012,3.00E+02,14.34920262
1956,234,13.047,5.759,9.403,0.672,5.759,2.47E+02,12.69888821
1956,235,15.897,0.992,8.4445,4.191,0.992,2.38E+02,16.94167625
1956,236,14.656,7.813,11.2345,33.935,7.813,3.22E+02,12.20334614
1956,237,12.379,8.269,10.324,11.572,8.269,1.69E+02,8.793061876
1956,238,15.571,4.537,10.054,6.036,4.537,2.52E+02,15.20035008
1956,239,12.445,5.693,9.069,5.013,5.693,2.79E+02,12.01908681
1956,240,13.022,1.78,7.401,7.481,1.78,2.61E+02,15.19005343
1956,241,11.34,4.027,7.6835,1.903,4.027,2.46E+02,12.48238173
1956,242,12.481,3.993,8.237,0.205,3.993,1.63E+02,13.4047362
1956,243,17.294,-0.57,8.362,0,-0.57,1.35E+02,16.97595127
1956,244,16.56,6.928,11.744,1.369,6.928,1.87E+02,14.07646346
1956,245,19.369,12.596,15.9825,2.006,12.596,3.23E+02,11.83552347
1956,246,19.009,15.665,17.337,1.066,15.665,1.37E+02,7.455565928
1956,247,21.319,10.337,15.828,0,10.337,1.48E+02,14.6237892
1956,248,19.502,10.277,14.8895,7.628,10.277,1.49E+02,13.6043365
1956,249,12.117,5.706,8.9115,15.87,5.706,2.53E+02,11.34021368
1956,250,19.02,8.242,13.631,6.497,8.242,2.47E+02,14.32568223
1956,251,7.833,3.046,5.4395,1.002,3.046,3.50E+02,9.463033944
1956,252,12.61,2.477,7.5435,1.127,2.477,2.41E+02,13.87420815
1956,253,9.518,-1.179,4.1695,0,-1.179,1.40E+02,14.07900299
1956,254,9.36,5.403,7.3815,1.52,5.403,2.17E+02,8.273830745
1956,255,13.132,-0.817,6.1575,0.59,-0.817,2.65E+02,15.0464931
1956,256,12.883,2.209,7.546,0.385,2.209,3.17E+02,13.85075181
1956,257,14.201,6.244,10.2225,10.731,6.244,1.80E+02,12.2662852
1956,258,5.17,2.484,3.827,1.644,2.484,3.05E+02,6.182346887
1956,259,6.575,-2.218,2.1785,0,-2.218,3.46E+02,12.68394965
1956,260,8.736,-0.647,4.0445,0.014,-0.647,2.74E+02,12.9443691
1956,261,7.651,3.458,5.5545,5.306,3.458,3.15E+02,8.443379687
1956,262,4.502,-0.12,2.191,2.301,-0.12,2.49E+02,8.959620044
1956,263,3.658,-1.712,0.973,18.438,-1.712,2.15E+02,9.7700456
1956,264,2.551,0.031,1.291,1.131,0.031,1.35E+02,5.818095455
1956,265,3.367,-1.104,1.1315,6.388,-1.104,1.59E+02,8.688241024
1956,266,3.58,0.885,2.2325,2.208,0.885,2.45E+02,6.09773924
1956,267,6.597,-0.135,3.231,0.59,-0.135,1.53E+02,10.8253291
1956,268,8.782,-0.814,3.984,0.008,-0.814,2.40E+02,12.45631984
1956,269,7.736,0.198,3.967,0,0.198,3.46E+02,11.28264483
1956,270,7.683,-4.778,1.4525,0,-4.778,2.44E+02,13.2285967
1956,271,14.446,-2.814,5.816,0,-2.814,1.94E+02,13.86240616
1956,272,15.671,-1.442,7.1145,0,-1.442,1.58E+02,13.72724745
1956,273,15.809,5.532,10.6705,0.974,5.532,2.29E+02,12.30840615
1956,274,15.139,4.855,9.997,1.561,4.855,1.31E+02,12.22247433
1956,275,4.775,2.902,3.8385,0.014,2.902,8.64E+01,4.505931076
1956,276,6.17,3.47,4.82,16.693,3.47,8.64E+01,5.957433335
1956,277,8.878,3.604,6.241,4.002,3.604,8.64E+01,9.108082032
1956,278,7.178,2.981,5.0795,4.596,2.981,8.64E+01,7.958959589
1956,279,5.185,0.796,2.9905,0.125,0.796,8.64E+01,8.140094287
1956,280,9.131,-2.966,3.0825,2.89,-2.966,8.64E+01,12.12260134
1956,281,8.07,4.819,6.4445,16.157,4.819,8.64E+01,6.682785325
1956,282,7.695,0.446,4.0705,1.752,0.446,8.64E+01,10.26261338
1956,283,2.315,-0.619,0.848,0.784,-0.619,8.64E+01,6.188842571
1956,284,-0.352,-2.499,-1.4255,0.007,-2.499,8.64E+01,4.915477721
1956,285,3.087,-4.187,-0.55,0,-4.187,8.64E+01,10.06905824
1956,286,8.855,-2.243,3.306,0,-2.243,8.64E+01,11.29870954
1956,287,12.029,-0.093,5.968,0.021,-0.093,8.64E+01,11.38383749
1956,288,17.88,4.029,10.9545,0,4.029,8.64E+01,11.49769243
1956,289,15.566,4.31,9.938,0.014,4.31,8.64E+01,11.02391752
1956,290,13.919,1.349,7.634,2.066,1.349,8.64E+01,11.12334033
1956,291,18.514,2.481,10.4975,2.014,2.481,8.64E+01,11.30817951
1956,292,5.075,0.285,2.68,0.014,0.285,8.64E+01,8.001948818
1956,293,8.311,-8.043,0.134,0,-8.043,8.64E+01,11.08109194
1956,294,13.908,1.283,7.5955,0,1.283,8.64E+01,10.69151933
1956,295,15.722,3.118,9.42,0.245,3.118,8.64E+01,10.58005559
1956,296,13.568,2.888,8.228,3.902,2.888,8.64E+01,10.21271318
1956,297,12.848,5.66,9.254,5.846,5.66,8.64E+01,9.165822433
1956,298,-0.465,-4.189,-2.327,0,-4.189,8.64E+01,6.764380255
1956,299,5.342,-8.76,-1.709,0,-8.76,8.64E+01,10.2607465
1956,300,11.597,-1.871,4.863,2.477,-1.871,8.64E+01,10.10854007
1956,301,6.239,2.806,4.5225,1.525,2.806,8.64E+01,6.358462371
1956,302,3.868,-4.972,-0.552,0,-4.972,8.64E+01,9.288559752
1956,303,12.186,0.043,6.1145,0,0.043,8.64E+01,9.686067566
1956,304,15.068,1.071,8.0695,0,1.071,8.64E+01,9.705946177
1956,305,17.241,7.4,12.3205,0,7.4,8.64E+01,9.216006494
1956,306,10.344,0.566,5.455,0.251,0.566,2.87E+02,9.115671852
1956,307,11.254,-0.286,5.484,0,-0.286,1.19E+02,9.232947008
1956,308,13.431,0.326,6.8785,0.165,0.326,1.37E+02,9.243621052
1956,309,11.268,1.406,6.337,0.012,1.406,1.93E+02,8.860925051
1956,310,12.64,4.668,8.654,0,4.668,2.53E+02,8.434184049
1956,311,10.048,6.357,8.2025,0.34,6.357,2.35E+02,6.281890619
1956,312,10.064,2.539,6.3015,1.51,2.539,1.39E+02,8.175858841
1956,313,5.954,-0.802,2.576,0.542,-0.802,2.48E+02,7.88620681
1956,314,-1.822,-7.921,-4.8715,3.329,-7.921,2.78E+02,7.59254549
1956,315,-2.721,-9.679,-6.2,1.461,-9.679,2.71E+02,7.816583213
1956,316,-0.237,-8.533,-4.385,4.728,-8.533,2.93E+02,8.051868246
1956,317,-1.48,-6.377,-3.9285,1.626,-6.377,2.08E+02,6.882918633
1956,318,-3.866,-11.764,-7.815,0.815,-11.764,1.07E+02,7.836535535
1956,319,0.822,-8.276,-3.727,2.129,-8.276,1.92E+02,7.951934277
1956,320,-3.198,-6.799,-4.9985,1.202,-6.799,1.33E+02,5.906706246
1956,321,1.467,-7.56,-3.0465,1.633,-7.56,1.56E+02,7.799959734
1956,322,-4.485,-8.708,-6.5965,0.716,-8.708,1.55E+02,6.282184083
1956,323,-4.28,-10.181,-7.2305,0.489,-10.181,1.43E+02,7.025071982
1956,324,-1.117,-9.856,-5.4865,0.34,-9.856,3.22E+02,7.5639072
1956,325,1.055,-6.879,-2.912,0,-6.879,2.03E+02,7.392272788
1956,326,1.737,-6.732,-2.4975,4.053,-6.732,2.44E+02,7.406562937
1956,327,-5.176,-12.422,-8.799,0.492,-12.422,1.93E+02,7.161449036
1956,328,-10.375,-17.458,-13.9165,1.003,-17.458,2.52E+02,7.077770786
1956,329,-7.373,-20.91,-14.1415,1.083,-20.91,2.63E+02,7.490614863
1956,330,-4.423,-18.578,-11.5005,0.798,-18.578,3.01E+02,7.436972532
1956,331,-5.609,-12.422,-9.0155,0.785,-12.422,3.58E+02,6.879278564
1956,332,-5.327,-10.596,-7.9615,0.523,-10.596,2.16E+02,6.415560026
1956,333,-11.765,-22.557,-17.161,0.008,-22.557,4.31E+02,7.184518802
1956,334,-12.947,-23.707,-18.327,0.517,-23.707,3.32E+02,7.132501538
1956,335,-13.203,-28.022,-20.6125,0.34,-28.022,3.83E+02,7.163706183
1956,336,-10.89,-25.883,-18.3865,0.545,-25.883,1.65E+02,7.116213919
1956,337,-12.116,-24.125,-18.1205,0.271,-24.125,2.58E+02,7.030588707
1956,338,-12.522,-30.678,-21.6,3.759,-30.678,1.02E+02,7.038010659
1956,339,-15.477,-22.39,-18.9335,0,-22.39,3.09E+02,6.588888669
1956,340,-12.891,-29.693,-21.292,0.313,-29.693,3.33E+02,6.954199446
1956,341,-5.765,-17.622,-11.6935,1.764,-17.622,1.87E+02,6.87238751
1956,342,-11.187,-17.727,-14.457,0.299,-17.727,1.63E+02,6.439169238
1956,343,-16.055,-27.008,-21.5315,0.006,-27.008,2.89E+02,6.787705346
1956,344,-13.245,-29.523,-21.384,0.861,-29.523,1.78E+02,6.823365261
1956,345,-10.176,-21.782,-15.979,1.166,-21.782,1.89E+02,6.752754332
1956,346,-0.507,-23.96,-12.2335,2.211,-23.96,2.57E+02,6.781839311
1956,347,-7.657,-21.135,-14.396,0,-21.135,1.30E+02,6.73854316
1956,348,-17.096,-26.771,-21.9335,0.029,-26.771,1.22E+02,6.632217376
1956,349,-13.861,-32.035,-22.948,0,-32.035,2.67E+02,6.725924841
1956,350,-4.184,-23.812,-13.998,4.475,-23.812,2.06E+02,6.7151489
1956,351,-10.422,-21.446,-15.934,2.904,-21.446,2.74E+02,6.645661383
1956,352,-18.849,-33.255,-26.052,3.95,-33.255,3.01E+02,6.68576008
1956,353,-16.431,-32.476,-24.4535,0.818,-32.476,3.14E+02,6.689137021
1956,354,-8.943,-32.934,-20.9385,4.037,-32.934,3.41E+02,6.695017051
1956,355,-8.339,-23.17,-15.7545,1.927,-23.17,2.25E+02,6.684405873
1956,356,-7.163,-21.662,-14.4125,0.136,-21.662,8.86E+01,6.686713867
1956,357,-14.513,-35.327,-24.92,0.161,-35.327,9.04E+01,6.70690929
1956,358,-8.486,-23.224,-15.855,0.698,-23.224,1.86E+02,6.704506165
1956,359,-10.199,-13.841,-12.02,3.079,-13.841,2.82E+02,5.322205039
1956,360,-16.33,-21.702,-19.016,0.822,-21.702,9.70E+01,6.063394184
1956,361,-16.353,-32.438,-24.3955,1.194,-32.438,1.06E+02,6.755291045
1956,362,-13.255,-22.274,-17.7645,0.533,-22.274,1.17E+02,6.632359363
1956,363,-10.18,-19.962,-15.071,1.745,-19.962,2.14E+02,6.694972761
1956,364,-16.876,-25.305,-21.0905,0,-25.305,2.83E+02,6.633075984
1956,365,-28.578,-33.884,-31.231,0,-33.884,1.63E+02,6.120748782
1956,366,-23.119,-35.05,-29.0845,0,-35.05,2.63E+02,6.843783784
