DJ0207XDMNXPHWR
CCXMDDM
24,1,12.0
7,0.075,0.125,0.00,0,0,0,0,0,0,0,0
1957,1,-21.482,-34.549,-28.0155,0,-34.549,1.60E+02,6.862215058,,,
1957,2,-18.534,-28.975,-23.7545,0,-28.975,1.91E+02,6.833831899,,,
1957,3,-15.371,-25.055,-20.213,2.998,-25.055,2.38E+02,6.833364321,,,
1957,4,-12.597,-20.389,-16.493,0.497,-20.389,3.58E+02,6.714683187,,,
1957,5,-18.098,-28.154,-23.126,0.201,-28.154,1.22E+02,6.926384664,,,
1957,6,-15.498,-35.14,-25.319,0,-35.14,1.81E+02,7.087950178,,,
1957,7,-8.811,-20.787,-14.799,1.891,-20.787,1.85E+02,7.078248332,,,
1957,8,-8.865,-30.915,-19.89,2.005,-30.915,2.16E+02,7.186811444,,,
1957,9,-13.525,-28.351,-20.938,3.078,-28.351,1.73E+02,7.219106731,,,
1957,10,-25.929,-42.71,-34.3195,0,-42.71,1.45E+02,7.285023428,,,
1957,11,-22.624,-41.677,-32.1505,0,-41.677,1.08E+02,7.348573023,,,
1957,12,-20.903,-41.681,-31.292,0,-41.681,1.08E+02,7.410850528,,,
1957,13,-31.383,-44.329,-37.856,0,-44.329,2.86E+02,7.422191905
1957,14,-31.961,-35.849,-33.905,0,-35.849,1.40E+02,5.840610587
1957,15,-29.77,-48.846,-39.308,0,-48.846,2.46E+02,7.60272724
1957,16,-22.586,-33.071,-27.8285,0,-33.071,4.62E+02,7.523235696
1957,17,-25.252,-42.673,-33.9625,0,-42.673,2.31E+02,7.738320098
1957,18,-16.699,-30.451,-23.575,0,-30.451,1.42E+02,7.773611398
1957,19,-13.497,-34.575,-24.036,0.157,-34.575,2.97E+02,7.899422661
1957,20,-0.942,-30.305,-15.6235,2.49,-30.305,4.20E+02,7.98288467
1957,21,2.065,-14.855,-6.395,4.84,-14.855,1.59E+02,8.044069597
1957,22,2.294,-11.359,-4.5325,1.842,-11.359,2.39E+02,8.079837384
1957,23,-23.938,-27.807,-25.8725,0,-27.807,2.50E+02,6.115885982
1957,24,-17.647,-42.68,-30.1635,0.293,-42.68,2.60E+02,8.322380021
1957,25,-25.526,-42.627,-34.0765,0,-42.627,2.40E+02,8.388525396
1957,26,-12.558,-37.951,-25.2545,0.656,-37.951,1.11E+02,8.505907342
1957,27,-20.419,-30.027,-25.223,0.439,-30.027,1.23E+02,8.249129921
1957,28,-22.544,-32.805,-27.6745,0,-32.805,1.51E+02,8.400024471
1957,29,-24.932,-43.388,-34.16,0,-43.388,2.18E+02,8.776048998
1957,30,-14.441,-44.426,-29.4335,0,-44.426,2.66E+02,8.899530586
1957,31,-8.657,-24.104,-16.3805,2.187,-24.104,1.86E+02,8.934573522
1957,32,-19.13,-37.778,-28.454,1.081,-37.778,2.91E+02,9.080906254
1957,33,-15.183,-34.528,-24.8555,0.159,-34.528,1.10E+02,9.191259053
1957,34,-2.775,-30.057,-16.416,3.808,-30.057,1.90E+02,9.321674958
1957,35,-9.072,-21.195,-15.1335,1.364,-21.195,2.77E+02,9.192300123
1957,36,-6.572,-26.089,-16.3305,0.385,-26.089,2.79E+02,9.517918913
1957,37,-2.684,-14.721,-8.7025,0.159,-14.721,1.21E+02,9.383816156
1957,38,-1.937,-15.323,-8.63,2.338,-15.323,2.79E+02,9.578375942
1957,39,-11.041,-27.647,-19.344,0.27,-27.647,2.25E+02,9.809920432
1957,40,-6.557,-20.895,-13.726,0.203,-20.895,1.99E+02,9.842632571
1957,41,-9.802,-17.969,-13.8855,0.526,-17.969,1.87E+02,9.125358223
1957,42,-20.324,-34.53,-27.427,0,-34.53,2.31E+02,10.05628555
1957,43,-9.978,-32.998,-21.488,0,-32.998,2.29E+02,10.35965592
1957,44,-8.811,-18.974,-13.8925,0,-18.974,2.79E+02,9.841249753
1957,45,-4.306,-12.967,-8.6365,0.526,-12.967,2.61E+02,9.597201618
1957,46,-3.609,-15.948,-9.7785,0.27,-15.948,2.35E+02,10.34807396
1957,47,-2.109,-14.537,-8.323,0,-14.537,1.76E+02,10.46539651
1957,48,-6.91,-9.152,-8.031,8.409,-9.152,2.32E+02,4.920765179
1957,49,-8.015,-14.035,-11.025,6.705,-14.035,2.00E+02,8.785986214
1957,50,-10.29,-13.464,-11.877,3.244,-13.464,1.55E+02,6.286201782
1957,51,-3.723,-13.433,-8.578,1.784,-13.433,1.31E+02,10.40923397
1957,52,-7.534,-11.274,-9.404,0.685,-11.274,3.10E+02,7.018875518
1957,53,-2.664,-16.102,-9.383,0.526,-16.102,2.00E+02,11.24022542
1957,54,-11.441,-20.321,-15.881,3.054,-20.321,2.25E+02,10.44071134
1957,55,-15.281,-28.871,-22.076,11.67,-28.871,1.69E+02,11.48484015
1957,56,-6.538,-15.795,-11.1665,3.535,-15.795,2.27E+02,10.73756976
1957,57,-2.11,-13.974,-8.042,0.526,-13.974,1.38E+02,11.46104945
1957,58,-17.651,-32.253,-24.952,0.27,-32.253,1.29E+02,11.93925346
1957,59,-6.097,-34.608,-20.3525,0,-34.608,1.22E+02,12.4900529
1957,60,-1.213,-22.658,-11.9355,0.286,-22.658,1.29E+02,12.54612981
1957,61,-1.202,-8.341,-4.7715,0.286,-8.341,1.27E+02,10.21017377
1957,62,-12.665,-19.713,-16.189,0.421,-19.713,2.33E+02,10.22337749
1957,63,-9.374,-29.488,-19.431,0,-29.488,3.16E+02,12.90640928
1957,64,-6.645,-29.499,-18.072,0,-29.499,2.30E+02,13.11639944
1957,65,-1.777,-30.091,-15.934,0.158,-30.091,1.48E+02,13.3240817
1957,66,2.96,-18.586,-7.813,0,-18.586,2.94E+02,13.35276193
1957,67,1.079,-9.737,-4.329,0.834,-9.737,1.63E+02,12.22240898
1957,68,-0.568,-9.251,-4.9095,28.702,-9.251,1.28E+02,11.51148756
1957,69,-10.953,-16.345,-13.649,0,-16.345,1.18E+02,9.356120811
1957,70,-7.773,-32.892,-20.3325,0,-32.892,2.83E+02,13.97997315
1957,71,-1.669,-21.869,-11.769,0.549,-21.869,2.68E+02,13.95957139
1957,72,0.759,-5.321,-2.281,0.444,-5.321,1.85E+02,10.10451869
1957,73,4.465,-17.141,-6.338,0,-17.141,3.58E+02,14.28463157
1957,74,12.672,-5.262,3.705,0,-5.262,2.20E+02,14.18685155
1957,75,3.771,-1.993,0.889,1.826,-1.993,3.22E+02,9.964464674
1957,76,-1.694,-9.036,-5.365,0.286,-9.036,1.79E+02,11.28168403
1957,77,1.063,-11.88,-5.4085,0,-11.88,1.62E+02,13.76021062
1957,78,-0.862,-21.792,-11.327,0,-21.792,1.58E+02,14.89695537
1957,79,2.465,-11.095,-4.315,0,-11.095,1.42E+02,14.10526507
1957,80,5.094,-3.643,0.7255,0,-3.643,3.03E+02,12.40340405
1957,81,1.83,-12.801,-5.4855,0,-12.801,3.27E+02,14.53522179
1957,82,-2.757,-12.291,-7.524,0.549,-12.291,3.25E+02,12.96505347
1957,83,-3.808,-12.947,-8.3775,0.752,-12.947,1.76E+02,12.82748562
1957,84,0.028,-11.394,-5.683,0,-11.394,2.63E+02,13.93434227
1957,85,-0.624,-19.015,-9.8195,0,-19.015,2.28E+02,15.53174513
1957,86,-1.015,-20.755,-10.885,0,-20.755,2.34E+02,15.78211025
1957,87,-0.64,-21.392,-11.016,0,-21.392,2.77E+02,15.98398636
1957,88,-2.159,-20.825,-11.492,0,-20.825,2.19E+02,15.89807663
1957,89,0.009,-21.362,-10.6765,0,-21.362,3.49E+02,16.2644173
1957,90,5.001,-20.278,-7.6385,0,-20.278,1.75E+02,16.60123272
1957,91,2.402,-2.299,0.0515,0,-2.299,2.78E+02,9.333818548
1957,92,-7.677,-13.749,-10.713,0.562,-13.749,2.57E+02,10.93693794
1957,93,-9.902,-25.259,-17.5805,0,-25.259,1.55E+02,15.86342098
1957,94,-2.307,-18.808,-10.5575,0,-18.808,1.23E+02,16.1921688
1957,95,-1.522,-16.844,-9.183,0.306,-16.844,4.34E+02,16.03679271
1957,96,2.793,-4.428,-0.8175,0.306,-4.428,5.46E+02,12.17657352
1957,97,0.744,-6.52,-2.888,3.814,-6.52,4.32E+02,12.25482209
1957,98,-4.891,-12.933,-8.912,0,-12.933,2.54E+02,12.94034253
1957,99,-3.257,-22.501,-12.879,0,-22.501,2.16E+02,17.11332776
1957,100,0.693,-12.962,-6.1345,0,-12.962,2.38E+02,15.98413412
1957,101,0.69,-10.868,-5.089,0,-10.868,2.38E+02,15.23299262
1957,102,1.912,-17.604,-7.846,0.135,-17.604,2.58E+02,17.43601952
1957,103,-3.047,-11.939,-7.493,2.725,-11.939,1.28E+02,13.80136781
1957,104,-2.777,-10.376,-6.5765,0,-10.376,2.05E+02,12.81974353
1957,105,2.763,-13.908,-5.5725,0,-13.908,2.06E+02,17.19456431
1957,106,7.181,-5.582,0.7995,0,-5.582,2.12E+02,16.07321312
1957,107,9.784,-2.829,3.4775,0,-2.829,2.30E+02,16.07374942
1957,108,7.186,-11.479,-2.1465,0,-11.479,2.75E+02,17.83083733
1957,109,15.956,-5.846,5.055,0.171,-5.846,1.69E+02,18.35377369
1957,110,8.32,4.457,6.3885,8.579,4.457,3.67E+02,8.465380271
1957,111,9.43,2.919,6.1745,0.188,2.919,3.70E+02,11.97786345
1957,112,11.687,-7.025,2.331,0,-7.025,3.41E+02,18.15574497
1957,113,11.581,2.136,6.8585,0,2.136,3.31E+02,14.62389964
1957,114,10.67,-5.328,2.671,0,-5.328,1.66E+02,17.68285522
1957,115,16.7,1.169,8.9345,7.585,1.169,4.05E+02,17.61238712
1957,116,12.134,3.434,7.784,4.057,3.434,2.09E+02,14.17086186
1957,117,12.057,3.419,7.738,5.234,3.419,2.71E+02,14.15363901
1957,118,7.374,2.369,4.8715,1.828,2.369,2.48E+02,10.27111749
1957,119,5.524,-0.961,2.2815,0,-0.961,2.42E+02,12.13640269
1957,120,1.821,-7.555,-2.867,1.885,-7.555,3.43E+02,14.82934856
1957,121,2.863,-2.05,0.4065,0,-2.05,1.69E+02,10.18431726
1957,122,3.862,-5.395,-0.7665,2.399,-5.395,1.29E+02,14.8035868
1957,123,8.775,-3.15,2.8125,0,-3.15,1.90E+02,16.55695003
1957,124,7.79,-3.153,2.3185,0,-3.153,2.57E+02,16.03233128
1957,125,9.535,-10.689,-0.577,0,-10.689,1.56E+02,19.31068467
1957,126,11.249,1.312,6.2805,0,1.312,1.92E+02,15.43117909
1957,127,19.818,2.276,11.047,0.157,2.276,2.36E+02,18.85575121
1957,128,22.097,-0.406,10.8455,0.318,-0.406,3.99E+02,19.83370455
1957,129,4.522,0.839,2.6805,0.094,0.839,2.57E+02,8.340440084
1957,130,11.076,-6.962,2.057,0,-6.962,3.00E+02,19.12951253
1957,131,19.859,-4.842,7.5085,0,-4.842,2.36E+02,20.26140414
1957,132,21.6,-0.423,10.5885,0,-0.423,3.05E+02,19.98951479
1957,133,7.887,-0.416,3.7355,0,-0.416,1.49E+02,14.27621293
1957,134,7.935,-7,0.4675,0,-7,2.64E+02,18.34754313
1957,135,3.95,-1.59,1.18,0,-1.59,1.77E+02,11.21625056
1957,136,-3.125,-9.184,-6.1545,0,-9.184,2.73E+02,11.90148675
1957,137,6.684,-10.372,-1.844,0,-10.372,1.72E+02,19.16759423
1957,138,8.936,-7.549,0.6935,0,-7.549,2.17E+02,19.03046245
1957,139,12.258,-2.455,4.9015,0,-2.455,2.62E+02,18.43033843
1957,140,15.621,-2.092,6.7645,0,-2.092,2.27E+02,19.46173287
1957,141,20.071,-4.157,7.957,0,-4.157,2.50E+02,20.69944989
1957,142,14.025,6.045,10.035,5.47,6.045,3.22E+02,14.11851011
1957,143,20.078,8.972,14.525,10.497,8.972,1.83E+02,16.6623269
1957,144,11.272,5.856,8.564,3,5.856,2.26E+02,11.12592507
1957,145,13.935,2.451,8.193,0,2.451,2.15E+02,16.94354677
1957,146,15.134,1.251,8.1925,3.194,1.251,2.26E+02,18.25838984
1957,147,11.838,7.253,9.5455,11.109,7.253,2.94E+02,9.921410304
1957,148,4.585,0.314,2.4495,8.282,0.314,1.86E+02,9.426533843
1957,149,15.671,0.87,8.2705,2.95,0.87,2.89E+02,18.72362382
1957,150,19.426,3.716,11.571,0.128,3.716,3.26E+02,19.09936186
1957,151,24.397,4.712,14.5545,0,4.712,2.43E+02,20.27194063
1957,152,20.64,10.218,15.429,11.175,10.218,1.50E+02,16.33147925
1957,153,9.99,0.313,5.1515,0.01,0.313,2.54E+02,15.76999148
1957,154,18.89,-1.406,8.742,4.072,-1.406,2.07E+02,20.46956833
1957,155,9.032,3.13,6.081,1.765,3.13,2.19E+02,11.85025614
1957,156,5.091,-2.525,1.283,0,-2.525,2.31E+02,13.88477269
1957,157,10.045,-4.067,2.989,0,-4.067,1.80E+02,18.55439609
1957,158,11.083,-0.774,5.1545,0,-0.774,3.07E+02,17.36138997
1957,159,15.745,0.22,7.9825,0,0.22,2.65E+02,19.17490455
1957,160,22.774,-1.151,10.8115,0,-1.151,2.47E+02,21.18567926
1957,161,23.309,4.772,14.0405,0,4.772,3.62E+02,20.16589336
1957,162,19.098,12.01,15.554,40.52,12.01,3.33E+02,13.33436116
1957,163,14.091,7.546,10.8185,3.076,7.546,3.08E+02,12.69717096
1957,164,20.545,-0.763,9.891,0,-0.763,1.41E+02,20.81593016
1957,165,23.232,7.52,15.376,0,7.52,2.77E+02,19.2993431
1957,166,27.758,12.493,20.1255,0.343,12.493,2.48E+02,19.12994589
1957,167,22.825,16.809,19.817,0,16.809,2.60E+02,12.0358814
1957,168,20.073,3.937,12.005,3.903,3.937,1.78E+02,19.47017153
1957,169,22.72,12.372,17.546,10.626,12.372,1.39E+02,16.39029213
1957,170,22.768,14.126,18.447,28.07,14.126,1.31E+02,14.9578736
1957,171,18.303,5.273,11.788,4.095,5.273,3.59E+02,18.10137772
1957,172,21.152,11.095,16.1235,2.11,11.095,2.63E+02,16.16874579
1957,173,29.935,15.853,22.894,2.327,15.853,1.85E+02,18.62714652
1957,174,24.351,13.509,18.93,0.989,13.509,9.72E+01,16.74973405
1957,175,20.024,6.627,13.3255,0,6.627,1.68E+02,18.28774131
1957,176,17.798,13.797,15.7975,0.49,13.797,1.93E+02,9.020634641
1957,177,20.031,10.611,15.321,2.397,10.611,3.23E+02,15.64209321
1957,178,20.969,15.137,18.053,19.973,15.137,3.00E+02,11.7884167
1957,179,21.655,12.034,16.8445,4.208,12.034,2.77E+02,15.80243443
1957,180,20.619,14.129,17.374,10.762,14.129,2.19E+02,12.62868072
1957,181,17.03,7.019,12.0245,10.858,7.019,1.38E+02,16.10540142
1957,182,14.91,4.737,9.8235,1.626,4.737,1.34E+02,16.22465778
1957,183,21.033,4.243,12.638,0.399,4.243,2.11E+02,19.63343498
1957,184,16.789,9.127,12.958,2.646,9.127,1.80E+02,13.94857267
1957,185,20.981,10.809,15.895,4.517,10.809,1.42E+02,16.20190451
1957,186,18.418,11.881,15.1495,7.06,11.881,2.31E+02,12.66304711
1957,187,14.407,9.62,12.0135,5.698,9.62,3.10E+02,10.26817218
1957,188,21.654,8.991,15.3225,0.716,8.991,1.94E+02,17.79293589
1957,189,25.564,9.711,17.6375,8.911,9.711,1.22E+02,19.22075055
1957,190,22.79,14.043,18.4165,5.985,14.043,1.43E+02,14.96884059
1957,191,13.9,8.125,11.0125,1.122,8.125,1.78E+02,11.66417768
1957,192,13.32,5.356,9.338,3.029,5.356,1.39E+02,14.20155425
1957,193,18.133,7.993,13.063,2.079,7.993,1.29E+02,16.09145836
1957,194,21.891,8.401,15.146,4.466,8.401,1.89E+02,18.12649272
1957,195,14.977,8.428,11.7025,13.096,8.428,8.64E+01,12.61896488
1957,196,16.088,7.444,11.766,1.308,7.444,1.05E+02,14.80906745
1957,197,24.889,12.235,18.562,0.27,12.235,1.25E+02,17.6372889
1957,198,27.128,7.675,17.4015,0,7.675,1.07E+02,20.0452576
1957,199,29.906,8.864,19.385,0,8.864,2.57E+02,20.33165126
1957,200,27.685,12.536,20.1105,11.943,12.536,1.13E+02,18.7088771
1957,201,19.906,8.65,14.278,0.725,8.65,1.85E+02,16.73142664
1957,202,22.766,3.304,13.035,0,3.304,2.08E+02,19.91168177
1957,203,23.083,11.801,17.442,7.232,11.801,1.91E+02,16.70375206
1957,204,18.337,11.767,15.052,0.082,11.767,2.56E+02,12.55432985
1957,205,21.601,5.314,13.4575,0.98,5.314,3.28E+02,18.95479085
1957,206,24.938,9.675,17.3065,0,9.675,1.85E+02,18.56541543
1957,207,26.614,12.488,19.551,1.478,12.488,2.57E+02,18.07995042
1957,208,29.213,13.097,21.155,0,13.097,1.31E+02,18.78835842
1957,209,17.947,15.114,16.5305,19.431,15.114,1.49E+02,6.810239004
1957,210,22.719,14.156,18.4375,0.305,14.156,1.64E+02,14.50421834
1957,211,24.968,9.877,17.4225,9.14,9.877,2.29E+02,18.31606112
1957,212,17.967,13.542,15.7545,3.813,13.542,2.73E+02,9.564008299
1957,213,22.682,10.377,16.5295,0.209,10.377,2.03E+02,17.00999513
1957,214,25.588,8.888,17.238,10.202,8.888,2.53E+02,18.71041178
1957,215,22.211,11.944,17.0775,27.689,11.944,2.18E+02,15.71367552
1957,216,10.707,8.053,9.38,4.491,8.053,2.40E+02,6.432244247
1957,217,14.995,6.367,10.681,2.854,6.367,9.38E+01,14.39817463
1957,218,8.213,3.542,5.8775,3.321,3.542,1.92E+02,9.878751666
1957,219,17.817,3.751,10.784,0.2,3.751,2.00E+02,17.57733123
1957,220,24.938,12.721,18.8295,3.157,12.721,1.79E+02,16.69682781
1957,221,20.671,11.05,15.8605,0.09,11.05,1.74E+02,15.06658596
1957,222,21.58,2.999,12.2895,3.313,2.999,1.72E+02,18.73488418
1957,223,13.961,9.066,11.5135,5.644,9.066,1.38E+02,10.14144317
1957,224,14.387,4.225,9.306,0.262,4.225,1.99E+02,15.33759148
1957,225,18.297,7.402,12.8495,4.14,7.402,2.06E+02,15.75851054
1957,226,16.217,11.104,13.6605,10.599,11.104,1.59E+02,10.39943889
1957,227,12.922,3.631,8.2765,0,3.631,2.35E+02,14.61631633
1957,228,14.383,1.438,7.9105,1.736,1.438,2.18E+02,16.66019505
1957,229,13.92,4.165,9.0425,0.844,4.165,2.45E+02,14.86815649
1957,230,16.67,4.64,10.655,4.793,4.64,2.30E+02,16.13529499
1957,231,22.318,4.584,13.451,10.76,4.584,2.58E+02,17.94393606
1957,232,11.265,1.453,6.359,1.93,1.453,3.44E+02,14.78006018
1957,233,13.951,0.296,7.1235,0,0.296,3.00E+02,16.65545531
1957,234,22.089,0.473,11.281,0,0.473,2.47E+02,18.30967075
1957,235,21.604,12.06,16.832,7.805,12.06,2.38E+02,14.46846239
1957,236,13.567,9.236,11.4015,1.518,9.236,3.22E+02,9.137993659
1957,237,21.125,11.979,16.552,0.151,11.979,1.69E+02,14.10558416
1957,238,23.224,6.619,14.9215,4.349,6.619,2.52E+02,17.15943291
1957,239,10.117,4.144,7.1305,2.141,4.144,2.79E+02,11.19380668
1957,240,13.381,3.516,8.4485,0,3.516,2.61E+02,14.43174816
1957,241,15.601,2.037,8.819,0.373,2.037,2.46E+02,16.0834353
1957,242,17.831,3.582,10.7065,0.222,3.582,1.63E+02,16.22920716
1957,243,17.175,7.45,12.3125,0,7.45,1.35E+02,14.18737699
1957,244,22.152,4.654,13.403,0,4.654,1.87E+02,16.82083186
1957,245,23.872,4.431,14.1515,0.203,4.431,3.23E+02,17.01795145
1957,246,14.418,8.972,11.695,7.255,8.972,1.37E+02,10.39833889
1957,247,11.344,9.501,10.4225,32.934,9.501,1.48E+02,4.628907128
1957,248,10.758,8.98,9.869,6.539,8.98,1.49E+02,4.485728291
1957,249,12.339,4.669,8.504,0.669,4.669,2.53E+02,12.45501453
1957,250,7.98,0.966,4.473,2.064,0.966,2.47E+02,11.86174807
1957,251,8.414,2.338,5.376,1.508,2.338,3.50E+02,10.93335922
1957,252,15.654,-2.443,6.6055,0,-2.443,2.41E+02,16.12675181
1957,253,18.295,2.593,10.444,9.549,2.593,1.40E+02,15.63115107
1957,254,16.765,10.691,13.728,13.046,10.691,2.17E+02,10.82285827
1957,255,18.303,10.253,14.278,4.224,10.253,2.65E+02,12.44049906
1957,256,20.079,14.057,17.068,5.177,14.057,3.17E+02,10.69594258
1957,257,14.074,8.595,11.3345,0.566,8.595,1.80E+02,10.09849297
1957,258,16.739,2.143,9.441,8.564,2.143,3.05E+02,14.91240235
1957,259,16.754,6.002,11.378,6.943,6.002,3.46E+02,13.65589687
1957,260,12.317,4.74,8.5285,0,4.74,2.74E+02,11.83227957
1957,261,14.039,0.372,7.2055,0,0.372,3.15E+02,14.4079999
1957,262,22.199,7.932,15.0655,15.854,7.932,2.49E+02,14.44206004
1957,263,10.846,3.133,6.9895,0.462,3.133,2.15E+02,11.75830857
1957,264,15.475,0.202,7.8385,5.109,0.202,1.35E+02,14.41935395
1957,265,16.736,9.021,12.8785,2.123,9.021,1.59E+02,11.64146241
1957,266,14.431,2.593,8.512,10.227,2.593,2.45E+02,13.44485129
1957,267,5.304,2.451,3.8775,4.054,2.451,1.53E+02,6.347925327
1957,268,6.27,0.253,3.2615,1.888,0.253,2.40E+02,10.18514852
1957,269,3.566,-1.996,0.785,2.119,-1.996,3.46E+02,9.72454507
1957,270,2.916,-0.387,1.2645,0.037,-0.387,2.44E+02,6.997081669
1957,271,13.915,-0.91,6.5025,0.203,-0.91,1.94E+02,13.57521984
1957,272,18.355,3.559,10.957,0,3.559,1.58E+02,13.45808064
1957,273,17.25,8.446,12.848,4.778,8.446,2.29E+02,11.70901242
1957,274,9.704,2.068,5.886,2.114,2.068,1.31E+02,11.0228007
1957,275,5.133,1.296,3.2145,0.504,1.296,8.64E+01,7.612825014
1957,276,7.346,0.779,4.0625,0,0.779,8.64E+01,10.20794668
1957,277,12.87,4.081,8.4755,0,4.081,8.64E+01,11.39157198
1957,278,17.31,-1.41,7.95,0,-1.41,8.64E+01,13.08716448
1957,279,19.476,0.86,10.168,0,0.86,8.64E+01,12.95303931
1957,280,20.08,2.977,11.5285,0,2.977,8.64E+01,12.7363522
1957,281,19.483,1.349,10.416,0.764,1.349,8.64E+01,12.67139722
1957,282,12.896,9.353,11.1245,1.889,9.353,8.64E+01,7.045938992
1957,283,4.112,1.4,2.756,0.061,1.4,8.64E+01,5.856134888
1957,284,4.536,-0.899,1.8185,0.044,-0.899,8.64E+01,8.919057921
1957,285,10.075,0.131,5.103,0,0.131,8.64E+01,11.11277799
1957,286,8.482,5.571,7.0265,0,5.571,8.64E+01,6.093024185
1957,287,10.099,1.823,5.961,0.948,1.823,8.64E+01,10.37752519
1957,288,14.067,6.238,10.1525,0,6.238,8.64E+01,10.11360901
1957,289,17.304,0.419,8.8615,3.073,0.419,8.64E+01,11.59761207
1957,290,10.736,8.31,9.523,18.383,8.31,8.64E+01,5.289967594
1957,291,5.288,3.115,4.2015,7.016,3.115,8.64E+01,4.866158004
1957,292,4.531,1.362,2.9465,0.617,1.362,8.64E+01,6.302551732
1957,293,1.757,-1.514,0.1215,0,-1.514,8.64E+01,6.404187216
1957,294,7.265,-5.402,0.9315,1.109,-5.402,8.64E+01,10.69616829
1957,295,7.934,4.449,6.1915,2.762,4.449,8.64E+01,6.600809679
1957,296,1.302,-2.531,-0.6145,0,-2.531,8.64E+01,6.946086616
1957,297,-1.519,-3.189,-2.354,11.964,-3.189,8.64E+01,3.917842183
1957,298,-2.15,-5.358,-3.754,0.73,-5.358,8.64E+01,6.190388123
1957,299,-1.584,-14.954,-8.269,0,-14.954,8.64E+01,10.21108963
1957,300,-0.919,-15.032,-7.9755,0,-15.032,8.64E+01,10.14975022
1957,301,1.749,-10.76,-4.5055,0.964,-10.76,8.64E+01,9.926356591
1957,302,-0.945,-5.463,-3.204,0,-5.463,8.64E+01,7.32708344
1957,303,4.364,-3.722,0.321,6.958,-3.722,8.64E+01,9.012999847
1957,304,5.143,1.755,3.449,1.702,1.755,8.64E+01,6.217505694
1957,305,10.121,2.382,6.2515,0.23,2.382,8.64E+01,8.756515141
1957,306,8.041,-0.807,3.617,0,-0.807,2.87E+02,8.94874934
1957,307,5.887,1.791,3.839,0,1.791,1.19E+02,6.776364104
1957,308,3.408,1.16,2.284,5.16,1.16,1.37E+02,4.71421631
1957,309,0.097,-1.992,-0.9475,1.2,-1.992,1.93E+02,4.46496193
1957,310,0.701,-6.495,-2.897,4.097,-6.495,2.53E+02,8.226471441
1957,311,1.809,-0.513,0.648,2.684,-0.513,2.35E+02,4.765265358
1957,312,7.103,0.758,3.9305,14.089,0.758,1.39E+02,7.807618828
1957,313,0.879,-3.001,-1.061,1.738,-3.001,2.48E+02,6.370578443
1957,314,-6.9,-8.667,-7.7835,0.998,-8.667,2.78E+02,3.899052176
1957,315,-1.125,-10.991,-6.058,2.916,-10.991,2.71E+02,8.351418556
1957,316,1.683,-2.758,-0.5375,0.713,-2.758,2.93E+02,6.65794033
1957,317,3.392,-0.997,1.1975,0.144,-0.997,2.08E+02,6.582970257
1957,318,3.959,-0.876,1.5415,9.334,-0.876,1.07E+02,6.803577243
1957,319,4.449,2.911,3.68,13.39,2.911,1.92E+02,3.471067541
1957,320,3.398,2.354,2.876,5.729,2.354,1.33E+02,2.558081426
1957,321,3.33,0.729,2.0295,1.574,0.729,1.56E+02,4.920789955
1957,322,1.908,-1.998,-0.045,3.026,-1.998,1.55E+02,6.07130159
1957,323,6.739,-0.942,2.8985,9.174,-0.942,1.43E+02,7.471034054
1957,324,1.112,-2.07,-0.479,3.863,-2.07,3.22E+02,5.438182548
1957,325,-4.18,-5.896,-5.038,0.827,-5.896,2.03E+02,3.697239983
1957,326,-4.19,-7.732,-5.961,3.223,-7.732,2.44E+02,5.681571414
1957,327,-1.294,-10.421,-5.8575,6.124,-10.421,1.93E+02,7.417400629
1957,328,-1.356,-12.234,-6.795,1.31,-12.234,2.52E+02,7.475117124
1957,329,-19.429,-23.549,-21.489,0.259,-23.549,2.63E+02,5.981027815
1957,330,-16.307,-22.444,-19.3755,0.149,-22.444,3.01E+02,6.76565896
1957,331,-3.567,-30.076,-16.8215,6.727,-30.076,3.58E+02,7.408345572
1957,332,-1.617,-11,-6.3085,3.208,-11,2.16E+02,7.157649812
1957,333,-5.338,-7.716,-6.527,0,-7.716,4.31E+02,4.465050246
1957,334,-2.84,-6.792,-4.816,2.17,-6.792,3.32E+02,5.741923352
1957,335,-19.031,-28.562,-23.7965,0,-28.562,3.83E+02,7.022020361
1957,336,-16.001,-30.373,-23.187,0,-30.373,1.65E+02,7.111183082
1957,337,-13.084,-20.704,-16.894,0,-20.704,2.58E+02,6.761831803
1957,338,-9.165,-21.084,-15.1245,2.273,-21.084,1.02E+02,6.986113298
1957,339,-4.901,-12.534,-8.7175,0,-12.534,3.09E+02,6.692998972
1957,340,-1.567,-12.413,-6.99,1.317,-12.413,3.33E+02,6.87991079
1957,341,-2.005,-11.071,-6.538,0.553,-11.071,1.87E+02,6.761083636
1957,342,-13.122,-25.347,-19.2345,0,-25.347,1.63E+02,6.847090062
1957,343,-9.163,-24.375,-16.769,0,-24.375,2.89E+02,6.84722224
1957,344,-4.916,-16.791,-10.8535,5.618,-16.791,1.78E+02,6.783080395
1957,345,-5.861,-12.288,-9.0745,7.654,-12.288,1.89E+02,6.353368586
1957,346,-16.29,-28.713,-22.5015,0.553,-28.713,2.57E+02,6.745482803
1957,347,-11.02,-22.923,-16.9715,0.362,-22.923,1.30E+02,6.717016468
1957,348,-5.487,-18.005,-11.746,3.911,-18.005,1.22E+02,6.709986637
1957,349,-14.053,-24.221,-19.137,0.205,-24.221,2.67E+02,6.639158156
1957,350,-10.374,-21.225,-15.7995,2.302,-21.225,2.06E+02,6.649987297
1957,351,-13.726,-16.402,-15.064,0.451,-16.402,2.74E+02,4.59985837
1957,352,-1.359,-20.702,-11.0305,2.464,-20.702,3.01E+02,6.698703424
1957,353,4.538,-11.636,-3.549,3.707,-11.636,3.14E+02,6.689527567
1957,354,9.367,2.032,5.6995,6.133,2.032,3.41E+02,6.405723617
1957,355,9.573,0.486,5.0295,0.599,0.486,2.25E+02,6.5584826
1957,356,-0.383,-9.457,-4.92,0.553,-9.457,8.86E+01,6.561512402
1957,357,4.071,-5.35,-0.6395,0,-5.35,9.04E+01,6.586822405
1957,358,-0.212,-13.217,-6.7145,0.553,-13.217,1.86E+02,6.690517384
1957,359,-3.19,-16.726,-9.958,0,-16.726,2.82E+02,6.708096073
1957,360,-0.433,-9.655,-5.044,12.502,-9.655,9.70E+01,6.609921303
1957,361,-10.973,-20.268,-15.6205,0.758,-20.268,1.06E+02,6.630177558
1957,362,-6.62,-23.849,-15.2345,1.509,-23.849,1.17E+02,6.778780082
1957,363,-3.709,-11.845,-7.777,2,-11.845,2.14E+02,6.584986932
1957,364,-18.172,-27.67,-22.921,0,-27.67,2.83E+02,6.704586845
1957,365,-15.752,-35.432,-25.592,0.845,-35.432,1.63E+02,6.859960907
1957,366,-15.752,-35.432,-25.592,0.845,-35.432,1.63E+02,6.859960907
