DJ0207XDMNXPHWR
CCXMDDM
24,1,12.0
7,0.075,0.125,0.00,0,0,0,0,0,0,0,0
1958,1,-11.718,-29.048,-20.383,6.077,-29.048,1.60E+02,6.887947294,,,
1958,2,-23.483,-26.752,-25.1175,0,-26.752,1.91E+02,5.160196447,,,
1958,3,-22.388,-31.36,-26.874,0,-31.36,2.38E+02,6.789501447,,,
1958,4,-18.215,-28.665,-23.44,0,-28.665,3.58E+02,6.904888124,,,
1958,5,-3.788,-22.686,-13.237,0,-22.686,1.22E+02,7.042458481,,,
1958,6,-3.724,-9.48,-6.602,7.297,-9.48,1.81E+02,6.403580692,,,
1958,7,-18.151,-23.195,-20.673,0,-23.195,1.85E+02,6.205222178,,,
1958,8,-18.727,-33.278,-26.0025,0,-33.278,2.16E+02,7.165293248,,,
1958,9,-9.808,-30.074,-19.941,1.19,-30.074,1.73E+02,7.237961124,,,
1958,10,-6.845,-17.293,-12.069,1.75,-17.293,1.45E+02,7.173334294,,,
1958,11,-20.491,-24.656,-22.5735,0.187,-24.656,1.08E+02,5.919622658,,,
1958,12,-6.603,-34.195,-20.399,1.786,-34.195,1.08E+02,7.413299995,,,
1958,13,-12.347,-20.174,-16.2605,0.164,-20.174,2.86E+02,7.103617027
1958,14,-17.519,-24.173,-20.846,0.297,-24.173,1.40E+02,6.942112747
1958,15,-10.532,-22.526,-16.529,0.545,-22.526,2.46E+02,7.523803242
1958,16,-7.769,-17.119,-12.444,8.166,-17.119,4.62E+02,7.44259225
1958,17,-6.146,-10.825,-8.4855,5.954,-10.825,2.31E+02,6.390788517
1958,18,-17.212,-20.531,-18.8715,0,-20.531,1.42E+02,5.532833669
1958,19,-23.19,-26.914,-25.052,0,-26.914,2.97E+02,5.878775508
1958,20,-18.177,-37.345,-27.761,0,-37.345,4.20E+02,7.974284634
1958,21,-12.13,-33.535,-22.8325,0,-33.535,1.59E+02,8.060581596
1958,22,-8.215,-18.209,-13.212,5.991,-18.209,2.39E+02,7.903744948
1958,23,-15.865,-22.601,-19.233,2.019,-22.601,2.50E+02,7.447941769
1958,24,-8.135,-29.204,-18.6695,0,-29.204,2.60E+02,8.317645467
1958,25,0.207,-21.677,-10.735,0.816,-21.677,2.40E+02,8.409487552
1958,26,0.336,-3.832,-1.748,0,-3.832,1.11E+02,6.439055195
1958,27,-1.658,-6.951,-4.3045,0,-6.951,1.23E+02,7.138633659
1958,28,-4.551,-10.844,-7.6975,0,-10.844,1.51E+02,7.610345407
1958,29,-0.301,-17.415,-8.858,0.187,-17.415,2.18E+02,8.763784491
1958,30,-1.306,-9.627,-5.4665,1.684,-9.627,2.66E+02,8.287680792
1958,31,-3.028,-6.404,-4.716,0.297,-6.404,1.86E+02,5.961250789
1958,32,-2.661,-5.26,-3.9605,2.358,-5.26,2.91E+02,5.129863095
1958,33,-7.446,-10.576,-9.011,7.94,-10.576,1.10E+02,5.769616434
1958,34,-14.731,-16.588,-15.6595,6.129,-16.588,1.90E+02,4.105951586
1958,35,-14.415,-16.521,-15.468,1.787,-16.521,2.77E+02,4.507351357
1958,36,-17.193,-19.596,-18.3945,0.269,-19.596,2.79E+02,4.952317762
1958,37,-15.524,-27.872,-21.698,0,-27.872,1.21E+02,9.407842396
1958,38,-9.405,-27.762,-18.5835,0.642,-27.762,2.79E+02,9.72923523
1958,39,-11.805,-22.333,-17.069,15.554,-22.333,2.25E+02,9.41970322
1958,40,-15.605,-19.475,-17.54,6.004,-19.475,1.99E+02,6.734825435
1958,41,-14.084,-30.248,-22.166,0.418,-30.248,1.87E+02,10.02449687
1958,42,-13.903,-25.625,-19.764,0.418,-25.625,2.31E+02,9.86144255
1958,43,-13.086,-34.6,-23.843,0,-34.6,2.29E+02,10.34985051
1958,44,-11.765,-30.014,-20.8895,0.914,-30.014,2.79E+02,10.42795028
1958,45,-22.172,-30.353,-26.2625,0.426,-30.353,2.61E+02,9.456493245
1958,46,-20.806,-36.169,-28.4875,0,-36.169,2.35E+02,10.57190773
1958,47,-19.139,-31.239,-25.189,6.36,-31.239,1.76E+02,10.42811243
1958,48,-3.72,-22.032,-12.876,7.294,-22.032,2.32E+02,10.9177085
1958,49,-10.327,-14.308,-12.3175,5.247,-14.308,2.00E+02,7.173202714
1958,50,-12.133,-17.569,-14.851,2.011,-17.569,1.55E+02,8.460719246
1958,51,-12.865,-21.962,-17.4135,1.66,-21.962,1.31E+02,10.24480625
1958,52,-12.86,-18.227,-15.5435,0.418,-18.227,3.10E+02,8.516094411
1958,53,-17.228,-22.483,-19.8555,0.163,-22.483,2.00E+02,8.481884344
1958,54,-16.515,-34.247,-25.381,0.269,-34.247,2.25E+02,11.65104289
1958,55,-7.328,-31.204,-19.266,2.818,-31.204,1.69E+02,11.91324013
1958,56,-9.319,-20.429,-14.874,1.4,-20.429,2.27E+02,11.21337833
1958,57,0.27,-23.244,-11.487,0,-23.244,1.38E+02,12.17820239
1958,58,1.218,-12.625,-5.7035,0,-12.625,1.29E+02,11.85808721
1958,59,0.892,-5.059,-2.0835,0,-5.059,1.22E+02,9.322298947
1958,60,4.619,-5.77,-0.5755,1.758,-5.77,1.29E+02,11.43742754
1958,61,-0.405,-2.467,-1.436,5.27,-2.467,1.27E+02,4.7906255
1958,62,-1.274,-4.502,-2.888,4.129,-4.502,2.33E+02,6.654301997
1958,63,1.564,-5.382,-1.909,2.822,-5.382,3.16E+02,10.22625584
1958,64,0.49,-2.577,-1.0435,0.068,-2.577,2.30E+02,6.468791379
1958,65,-0.219,-5.109,-2.664,3.061,-5.109,1.48E+02,8.704965493
1958,66,-7.824,-10.382,-9.103,9.579,-10.382,2.94E+02,5.712214109
1958,67,-12.083,-15.447,-13.765,2.537,-15.447,1.63E+02,6.959150704
1958,68,-7.924,-13.867,-10.8955,0,-13.867,1.28E+02,9.79236837
1958,69,0.263,-9.865,-4.801,0.137,-9.865,1.18E+02,12.18219067
1958,70,-3.873,-6.779,-5.326,1.508,-6.779,2.83E+02,6.338547479
1958,71,-3.15,-7.881,-5.5155,3.2,-7.881,2.68E+02,8.767317668
1958,72,4.434,-4.659,-0.1125,0.654,-4.659,1.85E+02,12.00933514
1958,73,5.213,-4.76,0.2265,0,-4.76,3.58E+02,12.46585561
1958,74,5.147,-3.945,0.601,0,-3.945,2.20E+02,12.16112
1958,75,4.413,-6.045,-0.816,0,-6.045,3.22E+02,12.820578
1958,76,3.877,-9.714,-2.9185,0,-9.714,1.79E+02,13.80602949
1958,77,4.711,-11.601,-3.445,0,-11.601,1.62E+02,14.36884646
1958,78,6.248,-14.134,-3.943,0,-14.134,1.58E+02,14.86420031
1958,79,4.721,-10.736,-3.0075,0,-10.736,1.42E+02,14.46954935
1958,80,5.806,-10.938,-2.566,0,-10.938,3.03E+02,14.76709626
1958,81,3.175,-6.321,-1.573,0,-6.321,3.27E+02,12.87449365
1958,82,5.611,-2.836,1.3875,0,-2.836,3.25E+02,12.36290733
1958,83,5.393,-1.275,2.059,0.107,-1.275,1.76E+02,11.12923881
1958,84,5.76,-1.855,1.9525,0.106,-1.855,2.63E+02,11.92467763
1958,85,3.79,-3.695,0.0475,0,-3.695,2.28E+02,11.88157091
1958,86,5.326,-3.293,1.0165,0,-3.293,2.34E+02,12.71489942
1958,87,6.751,-10.457,-1.853,0,-10.457,2.77E+02,15.60139816
1958,88,5.656,-3.096,1.28,0,-3.096,2.19E+02,12.91753639
1958,89,4.548,-10.91,-3.181,0,-10.91,3.49E+02,15.505429
1958,90,4.554,-8.77,-2.108,0,-8.77,1.75E+02,15.0715459
1958,91,6.178,-11.505,-2.6635,0,-11.505,2.78E+02,16.09095878
1958,92,9.986,-8.726,0.63,0,-8.726,2.57E+02,16.33500477
1958,93,9.594,-5.473,2.0605,0,-5.473,1.55E+02,15.79714731
1958,94,11.724,-8.726,1.499,0,-8.726,1.23E+02,16.74277711
1958,95,2.765,-5.432,-1.3335,0,-5.432,4.34E+02,12.91742233
1958,96,1.06,-11.526,-5.233,0,-11.526,5.46E+02,15.31154296
1958,97,2.587,-9.204,-3.3085,1.448,-9.204,4.32E+02,15.06996598
1958,98,1.877,-8.142,-3.1325,0.644,-8.142,2.54E+02,14.26125491
1958,99,-3.53,-10.952,-7.241,0.761,-10.952,2.16E+02,12.47281126
1958,100,3.393,-8.95,-2.7785,0,-8.95,2.38E+02,15.50575164
1958,101,8.854,-11.542,-1.344,0,-11.542,2.38E+02,17.45260162
1958,102,10.333,-5.835,2.249,0,-5.835,2.58E+02,16.83575914
1958,103,9.003,-6.93,1.0365,0,-6.93,1.28E+02,16.86226996
1958,104,11.12,-2.405,4.3575,0,-2.405,2.05E+02,16.22940135
1958,105,19.132,-1.703,8.7145,0,-1.703,2.06E+02,17.88282512
1958,106,7.8,2.708,5.254,0,2.708,2.12E+02,10.1788342
1958,107,8.915,-5.164,1.8755,2.986,-5.164,2.30E+02,16.62713008
1958,108,12.85,0.436,6.643,0.371,0.436,2.75E+02,16.04889017
1958,109,9.327,-1.325,4.001,0.007,-1.325,1.69E+02,15.21695737
1958,110,4.779,1.072,2.9255,3.178,1.072,3.67E+02,8.213292838
1958,111,12.553,0.633,6.593,1.082,0.633,3.70E+02,15.99068964
1958,112,13.213,-1.174,6.0195,0.007,-1.174,3.41E+02,17.05830641
1958,113,10.789,2.466,6.6275,0.007,2.466,3.31E+02,13.76030981
1958,114,6.578,1.592,4.085,10.934,1.592,1.66E+02,10.18298636
1958,115,1.483,-2.373,-0.445,4.525,-2.373,4.05E+02,8.510521099
1958,116,-2.093,-5.975,-4.034,0.398,-5.975,2.09E+02,8.563164531
1958,117,7.202,-12.141,-2.4695,0,-12.141,2.71E+02,18.63549813
1958,118,11.385,-2.472,4.4565,2.911,-2.472,2.48E+02,17.21074644
1958,119,6.977,1.892,4.4345,10.227,1.892,2.42E+02,10.39609804
1958,120,6.435,-8.154,-0.8595,1.124,-8.154,3.43E+02,17.59134043
1958,121,7.219,-4.345,1.437,13.436,-4.345,1.69E+02,16.27911677
1958,122,2.801,-10.656,-3.9275,0.386,-10.656,1.29E+02,17.24660118
1958,123,5.152,-3.65,0.751,3,-3.65,1.90E+02,14.47119023
1958,124,-2.454,-7.119,-4.7865,0.386,-7.119,2.57E+02,9.862200654
1958,125,4.801,-9.799,-2.499,0,-9.799,1.56E+02,17.84465738
1958,126,9.877,-6.236,1.8205,0,-6.236,1.92E+02,18.40572908
1958,127,15.074,-5.538,4.768,0,-5.538,2.36E+02,19.49423473
1958,128,10.029,-0.098,4.9655,2.266,-0.098,3.99E+02,15.62579698
1958,129,2.332,-1.184,0.574,10.987,-1.184,2.57E+02,8.050603328
1958,130,2.308,-2.601,-0.1465,11.262,-2.601,3.00E+02,10.28372244
1958,131,6.688,-0.24,3.224,0.386,-0.24,2.36E+02,12.85472993
1958,132,5.323,-1.208,2.0575,0.763,-1.208,3.05E+02,12.42042667
1958,133,8.386,-0.872,3.757,0,-0.872,1.49E+02,15.10002565
1958,134,11.812,-3.063,4.3745,0,-3.063,2.64E+02,18.32466986
1958,135,12.439,2.871,7.655,0,2.871,1.77E+02,15.39134737
1958,136,9.258,3.809,6.5335,3.276,3.809,2.73E+02,11.10322488
1958,137,13.506,1.646,7.576,0.24,1.646,1.72E+02,16.98829618
1958,138,15.178,2.975,9.0765,2.797,2.975,2.17E+02,17.20981784
1958,139,16.246,10.227,13.2365,0.582,10.227,2.62E+02,11.88372897
1958,140,7.63,5.158,6.394,2.662,5.158,2.27E+02,6.106700422
1958,141,8.391,0.835,4.613,0.709,0.835,2.50E+02,13.67597183
1958,142,7.793,1.59,4.6915,9.449,1.59,3.22E+02,12.14514621
1958,143,6.26,-0.109,3.0755,0.077,-0.109,1.83E+02,12.35960465
1958,144,15.136,-0.687,7.2245,4.269,-0.687,2.26E+02,18.99594816
1958,145,10.654,6.459,8.5565,6.255,6.459,2.15E+02,9.289440284
1958,146,5.652,-1.003,2.3245,0.096,-1.003,2.26E+02,12.7313165
1958,147,11.727,-0.219,5.754,6.269,-0.219,2.94E+02,17.26286229
1958,148,14.365,6.973,10.669,22.623,6.973,1.86E+02,13.58188219
1958,149,7.069,3.895,5.482,11.659,3.895,2.89E+02,7.509842683
1958,150,9.937,2.223,6.08,0.251,2.223,3.26E+02,13.9408096
1958,151,11.894,-2.45,4.722,6.45,-2.45,2.43E+02,18.56741482
1958,152,8.301,1.66,4.9805,10.937,1.66,1.50E+02,12.76175055
1958,153,12.229,1.35,6.7895,0,1.35,2.54E+02,16.66874721
1958,154,18.123,-2.21,7.9565,0,-2.21,2.07E+02,20.47724468
1958,155,21.379,6.053,13.716,0.333,6.053,2.19E+02,19.04342698
1958,156,13.303,1.966,7.6345,15.321,1.966,2.31E+02,17.01108815
1958,157,10.8,-1.47,4.665,0,-1.47,1.80E+02,17.59843012
1958,158,17.736,0.313,9.0245,5.629,0.313,3.07E+02,19.81258775
1958,159,10.875,4.821,7.848,3.106,4.821,2.65E+02,12.06595703
1958,160,10.659,-3.142,3.7585,0.222,-3.142,2.47E+02,18.44083265
1958,161,22.564,4.168,13.366,4.713,4.168,3.62E+02,20.12827037
1958,162,12.591,6.676,9.6335,0.88,6.676,3.33E+02,11.89311986
1958,163,16.722,-1.092,7.815,0.063,-1.092,3.08E+02,19.98535358
1958,164,16.179,7.857,12.018,8.377,7.857,1.41E+02,14.64054447
1958,165,7.851,1.682,4.7665,2.279,1.682,2.77E+02,12.2310664
1958,166,3.177,0.806,1.9915,12.721,0.806,2.48E+02,5.928516308
1958,167,10.912,-0.86,5.026,5.296,-0.86,2.60E+02,17.36513425
1958,168,9.224,2.873,6.0485,5.447,2.873,1.78E+02,12.46639227
1958,169,16.788,3.272,10.03,0.301,3.272,1.39E+02,18.35142908
1958,170,23.284,1.74,12.512,0,1.74,1.31E+02,20.89063163
1958,171,21.883,7.927,14.905,13.278,7.927,3.59E+02,18.56885678
1958,172,15.561,6.224,10.8925,1.757,6.224,2.63E+02,15.58007904
1958,173,15.737,6.721,11.229,0,6.721,1.85E+02,15.29907772
1958,174,21.642,1.415,11.5285,0,1.415,9.72E+01,20.6256444
1958,175,20.207,10.796,15.5015,0,10.796,1.68E+02,15.63955014
1958,176,21.641,10.007,15.824,14.389,10.007,1.93E+02,17.27660996
1958,177,19.074,11.932,15.503,24.153,11.932,3.23E+02,13.40571531
1958,178,14.857,10.764,12.8105,8.126,10.764,3.00E+02,9.174374139
1958,179,23.773,10.309,17.041,7.493,10.309,2.77E+02,18.30320069
1958,180,23.729,12.463,18.096,12.605,12.463,2.19E+02,17.01823242
1958,181,17.796,5.97,11.883,0.386,5.97,1.38E+02,17.3720329
1958,182,14.477,5.861,10.169,5.421,5.861,1.34E+02,14.90629644
1958,183,19.957,9.548,14.7525,0.084,9.548,2.11E+02,16.3956237
1958,184,18.136,3.165,10.6505,0,3.165,1.80E+02,18.94892949
1958,185,13.337,5.8,9.5685,0,5.8,1.42E+02,13.81036077
1958,186,18.22,-0.697,8.7615,0,-0.697,2.31E+02,20.20301297
1958,187,22.8,6.542,14.671,0,6.542,3.10E+02,19.39828963
1958,188,20.079,14.044,17.0615,0.351,14.044,1.94E+02,12.02240749
1958,189,22.338,12.412,17.375,3.865,12.412,1.22E+02,15.97439826
1958,190,24.313,9.701,17.007,0.094,9.701,1.43E+02,18.71226541
1958,191,19.888,12.352,16.12,13.143,12.352,1.78E+02,13.76811477
1958,192,23.078,14.63,18.854,1.537,14.63,1.39E+02,14.67243626
1958,193,16.843,13.474,15.1585,0.185,13.474,1.29E+02,7.873793665
1958,194,21.896,3.305,12.6005,5.413,3.305,1.89E+02,19.95362914
1958,195,26.645,7.391,17.018,0,7.391,8.64E+01,20.08800424
1958,196,23.252,17.35,20.301,14.78,17.35,1.05E+02,11.79998815
1958,197,17.048,11.529,14.2885,0.512,11.529,1.25E+02,11.27973524
1958,198,20.997,9.257,15.127,0.417,9.257,1.07E+02,17.09427768
1958,199,21.313,9.832,15.5725,0.018,9.832,2.57E+02,16.9149905
1958,200,16.846,11.465,14.1555,3.345,11.465,1.13E+02,11.06721255
1958,201,19.952,9.601,14.7765,0.245,9.601,1.85E+02,16.11716273
1958,202,19.369,5.051,12.21,0,5.051,2.08E+02,18.31572549
1958,203,26.602,15.479,21.0405,3.409,15.479,1.91E+02,16.60210617
1958,204,24.929,14.729,19.829,0,14.729,2.56E+02,15.94720306
1958,205,24.531,8.479,16.505,0.309,8.479,3.28E+02,18.87741097
1958,206,26.916,16.711,21.8135,0,16.711,1.85E+02,15.9069849
1958,207,21.588,14.339,17.9635,3.155,14.339,2.57E+02,13.27663006
1958,208,25.993,14.463,20.228,0,14.463,1.31E+02,16.72976581
1958,209,21.558,16.421,18.9895,34.917,16.421,1.49E+02,10.64685719
1958,210,22.975,16.599,19.787,1.218,16.599,1.64E+02,12.2471687
1958,211,19.796,11.618,15.707,6.037,11.618,2.29E+02,14.13393118
1958,212,18.091,12.119,15.105,4.731,12.119,2.73E+02,11.72574817
1958,213,25.16,8.644,16.902,0.126,8.644,2.03E+02,18.70285502
1958,214,27,15.586,21.293,4.847,15.586,2.53E+02,16.47811809
1958,215,20.926,16.117,18.5215,0.373,16.117,2.18E+02,10.11406488
1958,216,18.27,8.574,13.422,0.084,8.574,2.40E+02,15.27615807
1958,217,23.415,5.767,14.591,5.378,5.767,9.38E+01,18.81324067
1958,218,25.396,13.092,19.244,0.467,13.092,1.92E+02,16.82293077
1958,219,26.063,13.046,19.5545,3.301,13.046,2.00E+02,17.12760945
1958,220,17.138,13.53,15.334,1.72,13.53,1.79E+02,8.166715894
1958,221,18.474,10.615,14.5445,0.243,10.615,1.74E+02,13.60811855
1958,222,15.263,10.283,12.773,0,10.283,1.72E+02,10.27462555
1958,223,18.14,7.542,12.841,1.891,7.542,1.38E+02,15.65739921
1958,224,17.467,5.411,11.439,13.8,5.411,1.99E+02,16.44049328
1958,225,16.531,12.057,14.294,0.253,12.057,2.06E+02,9.503737091
1958,226,21.055,5.517,13.286,4.238,5.517,1.59E+02,17.71969607
1958,227,15.122,7.907,11.5145,1.279,7.907,2.35E+02,12.83084331
1958,228,16.436,6.762,11.599,2.422,6.762,2.18E+02,14.85240373
1958,229,12.187,9.696,10.9415,12.284,9.696,2.45E+02,6.049068396
1958,230,15.829,8.703,12.266,0.511,8.703,2.30E+02,12.66071761
1958,231,19.73,8.36,14.045,2.427,8.36,2.58E+02,15.74966203
1958,232,18.716,10.344,14.53,7.063,10.344,3.44E+02,13.72092267
1958,233,16.201,9.959,13.08,0.274,9.959,3.00E+02,11.65074002
1958,234,15.631,9.229,12.43,0.554,9.229,2.47E+02,11.80079313
1958,235,13.596,6.335,9.9655,0.933,6.335,2.38E+02,12.64144274
1958,236,15.931,4.395,10.163,11.581,4.395,3.22E+02,15.56767292
1958,237,17.315,9.506,13.4105,2.542,9.506,1.69E+02,13.06657437
1958,238,16.095,4.698,10.3965,9.089,4.698,2.52E+02,15.3843856
1958,239,15.65,4.571,10.1105,4.378,4.571,2.79E+02,15.16665104
1958,240,16.881,8.969,12.925,12.558,8.969,2.61E+02,13.03804961
1958,241,13.498,7.306,10.402,2.942,7.306,2.46E+02,11.37818676
1958,242,18.398,7.366,12.882,13.991,7.366,1.63E+02,14.96531057
1958,243,25.257,11.833,18.545,15.421,11.833,1.35E+02,15.88905459
1958,244,11.072,8.789,9.9305,1.018,8.789,1.87E+02,5.548509054
1958,245,13.456,2.576,8.016,0,2.576,3.23E+02,14.70375719
1958,246,18.938,4.394,11.666,7.946,4.394,1.37E+02,15.99369662
1958,247,16.235,12.115,14.175,8.232,12.115,1.48E+02,8.643291548
1958,248,18.481,4.533,11.507,0.032,4.533,1.49E+02,15.65984257
1958,249,14.808,3.613,9.2105,2.744,3.613,2.53E+02,14.58606938
1958,250,15.621,7.924,11.7725,0,7.924,2.47E+02,12.4299876
1958,251,16.301,4.223,10.262,0.013,4.223,3.50E+02,14.80117686
1958,252,13.429,6.719,10.074,10.722,6.719,2.41E+02,11.50700815
1958,253,10.571,7.04,8.8055,2.92,7.04,1.40E+02,7.654200801
1958,254,11.797,1.769,6.783,0.013,1.769,2.17E+02,13.68681197
1958,255,12.405,2.911,7.658,0.602,2.911,2.65E+02,13.33895558
1958,256,10.939,3.612,7.2755,0.203,3.612,3.17E+02,11.85070644
1958,257,15.512,-1.657,6.9275,3.359,-1.657,1.80E+02,15.46652357
1958,258,17.538,8.151,12.8445,10.787,8.151,3.05E+02,13.08277696
1958,259,12.243,6.594,9.4185,0.027,6.594,3.46E+02,10.20695321
1958,260,13.067,0.051,6.559,0,0.051,2.74E+02,14.33746657
1958,261,15.747,2.287,9.017,0,2.287,3.15E+02,14.35790635
1958,262,15.603,0.831,8.217,0,0.831,2.49E+02,14.5426669
1958,263,17.799,8.021,12.91,0,8.021,2.15E+02,12.92244045
1958,264,16.186,4.288,10.237,6.22,4.288,1.35E+02,13.64603536
1958,265,15.888,8.293,12.0905,0,8.293,1.59E+02,11.56136356
1958,266,22.565,5.396,13.9805,5.267,5.396,2.45E+02,14.45096946
1958,267,23.406,12.283,17.8445,3.408,12.283,1.53E+02,13.12806329
1958,268,23.505,12.841,18.173,7.171,12.841,2.40E+02,12.88144385
1958,269,11.216,3.257,7.2365,0.152,3.257,3.46E+02,11.54367293
1958,270,9.383,-0.105,4.639,1.505,-0.105,2.44E+02,12.25138303
1958,271,11.132,-1.888,4.622,0.361,-1.888,1.94E+02,13.25353922
1958,272,9.431,1.28,5.3555,6.708,1.28,1.58E+02,11.45050578
1958,273,12.803,1.941,7.372,11.865,1.941,2.29E+02,12.50115888
1958,274,4.713,1.315,3.014,3.442,1.315,1.31E+02,7.048816045
1958,275,5.028,-0.934,2.047,6.381,-0.934,8.64E+01,9.80011788
1958,276,7.911,1.218,4.5645,5.975,1.218,8.64E+01,10.29631567
1958,277,14.346,6.692,10.519,12.419,6.692,8.64E+01,10.8302521
1958,278,3.148,-3.1,0.024,2.715,-3.1,8.64E+01,9.864224406
1958,279,6.153,-3.07,1.5415,2.52,-3.07,8.64E+01,11.40620481
1958,280,9.835,0.715,5.275,0.513,0.715,8.64E+01,11.28274349
1958,281,10.582,-1.471,4.5555,9.286,-1.471,8.64E+01,12.00903742
1958,282,11.171,4.635,7.903,0.324,4.635,8.64E+01,9.832493157
1958,283,3.991,0.792,2.3915,17.02,0.792,8.64E+01,6.564307195
1958,284,-0.904,-2.596,-1.75,2.865,-2.596,8.64E+01,4.078033292
1958,285,-2.075,-3.771,-2.923,0,-3.771,8.64E+01,4.077280411
1958,286,-0.506,-3.101,-1.8035,0.52,-3.101,8.64E+01,5.621952784
1958,287,1.238,-2.695,-0.7285,2.326,-2.695,8.64E+01,7.361852091
1958,288,6.114,0.067,3.0905,1.453,0.067,8.64E+01,9.152939134
1958,289,7.24,2.326,4.783,1.565,2.326,8.64E+01,8.244924502
1958,290,4.03,-0.359,1.8355,2.52,-0.359,8.64E+01,7.724776348
1958,291,2.966,0.181,1.5735,2.881,0.181,8.64E+01,5.807688903
1958,292,3.64,-5.294,-0.827,0.355,-5.294,8.64E+01,10.18578032
1958,293,3.422,-10.342,-3.46,0,-10.342,8.64E+01,10.91551048
1958,294,10.065,-0.253,4.906,0,-0.253,8.64E+01,10.34244684
1958,295,15.995,0.807,8.401,0,0.807,8.64E+01,10.78346203
1958,296,9.663,3.325,6.494,0.014,3.325,8.64E+01,8.833659519
1958,297,7.145,4.444,5.7945,0,4.444,8.64E+01,5.563146126
1958,298,10.527,-1.248,4.6395,0,-1.248,8.64E+01,10.16622061
1958,299,12.854,-3.335,4.7595,0,-3.335,8.64E+01,10.35881133
1958,300,12.241,-4.082,4.0795,0,-4.082,8.64E+01,10.24685926
1958,301,11.89,-4.957,3.4665,0,-4.957,8.64E+01,10.14609606
1958,302,7.354,-5.93,0.712,0,-5.93,8.64E+01,9.879222606
1958,303,4.341,-2.389,0.976,0.634,-2.389,8.64E+01,8.55073896
1958,304,4.029,0.148,2.0885,4.965,0.148,8.64E+01,6.704185323
1958,305,-1.596,-4.835,-3.2155,0.516,-4.835,8.64E+01,6.027076936
1958,306,5.708,-6.896,-0.594,0,-6.896,2.87E+02,9.415474208
1958,307,4.778,-6.226,-0.724,0,-6.226,1.19E+02,9.181030621
1958,308,8.485,-3.257,2.614,0,-3.257,1.37E+02,9.153290947
1958,309,9.978,0.628,5.303,1.807,0.628,1.93E+02,8.784997456
1958,310,7.395,-1.809,2.793,2.559,-1.809,2.53E+02,8.676913506
1958,311,-1.497,-3.472,-2.4845,1.268,-3.472,2.35E+02,4.263221765
1958,312,-3.76,-7.459,-5.6095,0.304,-7.459,1.39E+02,6.254298702
1958,313,-1.656,-6.824,-4.24,0.83,-6.824,2.48E+02,7.222743669
1958,314,-1.592,-3.191,-2.3915,0.026,-3.191,2.78E+02,3.622002347
1958,315,1.116,-6.433,-2.6585,1.864,-6.433,2.71E+02,7.969760778
1958,316,-1.569,-2.68,-2.1245,3.057,-2.68,2.93E+02,2.711648857
1958,317,1.246,-11.246,-5,0.026,-11.246,2.08E+02,8.370078003
1958,318,7.088,-4.919,1.0845,4.09,-4.919,1.07E+02,8.263107965
1958,319,0.897,-1.999,-0.551,0,-1.999,1.92E+02,5.285874333
1958,320,-3.126,-8.085,-5.6055,1.548,-8.085,1.33E+02,6.777916915
1958,321,-2.134,-5.455,-3.7945,1.877,-5.455,1.56E+02,5.641353958
1958,322,3.292,-5.614,-1.161,9.563,-5.614,1.55E+02,7.716416549
1958,323,2.857,-1.575,0.641,3.568,-1.575,1.43E+02,6.370116057
1958,324,2.886,-3.236,-0.175,2.444,-3.236,3.22E+02,7.045546512
1958,325,-4.174,-6.713,-5.4435,4.369,-6.713,2.03E+02,4.773659705
1958,326,-7.018,-9.793,-8.4055,0.73,-9.793,2.44E+02,5.005524872
1958,327,-6.377,-16.756,-11.5665,2.882,-16.756,1.93E+02,7.511811307
1958,328,-7.805,-12.132,-9.9685,1.741,-12.132,2.52E+02,6.131235654
1958,329,-7.169,-17.186,-12.1775,2.676,-17.186,2.63E+02,7.366827489
1958,330,-2.766,-15.751,-9.2585,2.328,-15.751,3.01E+02,7.418099139
1958,331,-9.66,-12.944,-11.302,0.673,-12.944,3.58E+02,5.355143076
1958,332,-8.72,-23.028,-15.874,5.319,-23.028,2.16E+02,7.319776667
1958,333,-6.253,-13.207,-9.73,1.459,-13.207,4.31E+02,6.818607099
1958,334,-12.53,-19.626,-16.078,0.294,-19.626,3.32E+02,6.801778984
1958,335,-15.243,-18.534,-16.8885,0.438,-18.534,3.83E+02,5.276440167
1958,336,-16.298,-27.848,-22.073,0,-27.848,1.65E+02,7.063803018
1958,337,-11.587,-25.742,-18.6645,1.386,-25.742,2.58E+02,7.063068861
1958,338,-3.724,-15.742,-9.733,2.938,-15.742,1.02E+02,6.988310085
1958,339,-1.936,-7.841,-4.8885,0.798,-7.841,3.09E+02,6.38104782
1958,340,-10.179,-15.568,-12.8735,3.703,-15.568,3.33E+02,6.211121918
1958,341,-14.098,-17.318,-15.708,1.41,-17.318,1.87E+02,5.123056386
1958,342,-18.969,-21.263,-20.116,0.014,-21.263,1.63E+02,4.272946352
1958,343,-21.906,-31.057,-26.4815,0,-31.057,2.89E+02,6.708510523
1958,344,-22.554,-28.961,-25.7575,0.285,-28.961,1.78E+02,6.369005252
1958,345,-19.131,-27.321,-23.226,0.285,-27.321,1.89E+02,6.588382237
1958,346,-16.692,-30.672,-23.682,0.411,-30.672,2.57E+02,6.762960696
1958,347,-15.995,-25.248,-20.6215,0.642,-25.248,1.30E+02,6.626575566
1958,348,-12.567,-25.266,-18.9165,1.355,-25.266,1.22E+02,6.712466762
1958,349,-9.942,-16.639,-13.2905,3.605,-16.639,2.67E+02,6.342308832
1958,350,-13.003,-24.378,-18.6905,0.581,-24.378,2.06E+02,6.663185082
1958,351,-22.444,-35.521,-28.9825,0.783,-35.521,2.74E+02,6.681291078
1958,352,-12.007,-36.191,-24.099,2.28,-36.191,3.01E+02,6.700331459
1958,353,-23.493,-33.735,-28.614,0.249,-33.735,3.14E+02,6.611600854
1958,354,-25.357,-41.611,-33.484,0,-41.611,3.41E+02,6.688494554
1958,355,-25.327,-40.568,-32.9475,0.265,-40.568,2.25E+02,6.686356688
1958,356,-12.606,-29.025,-20.8155,9.302,-29.025,8.86E+01,6.694594042
1958,357,-14.704,-22.512,-18.608,0.398,-22.512,9.04E+01,6.468920924
1958,358,-21.923,-32.777,-27.35,1.203,-32.777,1.86E+02,6.650814868
1958,359,-16.995,-28.37,-22.6825,1.156,-28.37,2.82E+02,6.675798057
1958,360,-12.618,-29.383,-21.0005,2.331,-29.383,9.70E+01,6.739443797
1958,361,-8.139,-17.57,-12.8545,0.774,-17.57,1.06E+02,6.637520186
1958,362,-1.71,-10.473,-6.0915,0.265,-10.473,1.17E+02,6.615315665
1958,363,1.386,-10.813,-4.7135,1.137,-10.813,2.14E+02,6.765926763
1958,364,-17.528,-32.17,-24.849,0,-32.17,2.83E+02,6.817782041
1958,365,-9.94,-31.754,-20.847,1.355,-31.754,1.63E+02,6.861140878
1958,366,-9.94,-31.754,-20.847,1.355,-31.754,1.63E+02,6.861140878
