DJ0207XDMNXPHWR
CCXMDDM
24,1,12.0
7,0.075,0.125,0.00,0,0,0,0,0,0,0,0
1960,1,-9.262,-19.916,-14.589,0,-19.916,1.60E+02,6.809743228,,,
1960,2,-7.581,-19.992,-13.7865,2.833,-19.992,1.91E+02,6.885511471,,,
1960,3,-5.312,-14.992,-10.152,6.478,-14.992,2.38E+02,6.83315169,,,
1960,4,-18.195,-19.992,-19.0935,0,-19.992,3.58E+02,3.689119193,,,
1960,5,-13.461,-33.764,-23.6125,0.298,-33.764,1.22E+02,7.043963198,,,
1960,6,-18.578,-36.957,-27.7675,0.298,-36.957,1.81E+02,7.086159662,,,
1960,7,-26.084,-37.514,-31.799,0.298,-37.514,1.85E+02,7.063864525,,,
1960,8,-23.906,-39.063,-31.4845,0.173,-39.063,2.16E+02,7.170087907,,,
1960,9,-26.364,-36.564,-31.464,0,-36.564,1.73E+02,7.110934054,,,
1960,10,-25.105,-41.362,-33.2335,0,-41.362,1.45E+02,7.282645305,,,
1960,11,-21.102,-35.492,-28.297,0,-35.492,1.08E+02,7.325170956,,,
1960,12,-10.091,-26.27,-18.1805,0,-26.27,1.08E+02,7.398420325,,,
1960,13,-9.314,-28.942,-19.128,0,-28.942,2.86E+02,7.471786125
1960,14,-8.795,-27.192,-17.9935,0.424,-27.192,1.40E+02,7.533875319
1960,15,-4.262,-26.092,-15.177,5.393,-26.092,2.46E+02,7.606703341
1960,16,-5.54,-9.781,-7.6605,20.579,-9.781,4.62E+02,6.118970819
1960,17,-7.089,-13.53,-10.3095,6.771,-13.53,2.31E+02,7.038321392
1960,18,-5.989,-12.495,-9.242,6.143,-12.495,1.42E+02,7.1068247
1960,19,-3.737,-14.218,-8.9775,6.975,-14.218,2.97E+02,7.72419732
1960,20,0.115,-6.025,-2.955,4.07,-6.025,4.20E+02,7.107101857
1960,21,-2.085,-10.464,-6.2745,0.173,-10.464,1.59E+02,7.652774397
1960,22,-7.095,-8.892,-7.9935,0.173,-8.892,2.39E+02,3.86479941
1960,23,-4.988,-18.084,-11.536,0,-18.084,2.50E+02,8.146467508
1960,24,-9.557,-21.531,-15.544,0,-21.531,2.60E+02,8.18609424
1960,25,-4.862,-10.847,-7.8545,0.298,-10.847,2.40E+02,7.325071548
1960,26,-6.136,-12.393,-9.2645,0.6,-12.393,1.11E+02,7.478828364
1960,27,-10.686,-23.239,-16.9625,0,-23.239,1.23E+02,8.468037305
1960,28,-6.636,-29.335,-17.9855,0.298,-29.335,1.51E+02,8.694468403
1960,29,-8.284,-20.193,-14.2385,4.046,-20.193,2.18E+02,8.613230322
1960,30,-17.512,-35.31,-26.411,0,-35.31,2.66E+02,8.869583118
1960,31,-12.482,-35.862,-24.172,1.578,-35.862,1.86E+02,8.997487037
1960,32,-10.071,-21.196,-15.6335,9.722,-21.196,2.91E+02,8.828925543
1960,33,-6.355,-24.44,-15.3975,0,-24.44,1.10E+02,9.180038132
1960,34,-4.307,-26.591,-15.449,0,-26.591,1.90E+02,9.31329433
1960,35,-3.665,-20.715,-12.19,0,-20.715,2.77E+02,9.378795085
1960,36,-6.891,-20.498,-13.6945,0,-20.498,2.79E+02,9.381683125
1960,37,-1.709,-15.964,-8.8365,1.595,-15.964,1.21E+02,9.515741413
1960,38,-2.569,-16.647,-9.608,3.827,-16.647,2.79E+02,9.614193336
1960,39,-9.733,-25.957,-17.845,0.284,-25.957,2.25E+02,9.800271023
1960,40,-3.197,-20.816,-12.0065,17.776,-20.816,1.99E+02,9.945226121
1960,41,0.003,-10.726,-5.3615,0.914,-10.726,1.87E+02,9.639951649
1960,42,1.082,-8.407,-3.6625,3.219,-8.407,2.31E+02,9.52710076
1960,43,-2.402,-11.385,-6.8935,1.881,-11.385,2.29E+02,9.505870131
1960,44,-11.046,-18.228,-14.637,6.733,-18.228,2.79E+02,9.025515836
1960,45,-11.979,-20.414,-16.1965,11.359,-20.414,2.61E+02,9.533197978
1960,46,-9.313,-18.933,-14.123,4.211,-18.933,2.35E+02,9.922314051
1960,47,-6.585,-23.537,-15.061,0.284,-23.537,1.76E+02,10.755535
1960,48,-3.131,-28.158,-15.6445,7.341,-28.158,2.32E+02,10.99859414
1960,49,-3.103,-23.508,-13.3055,6.122,-23.508,2.00E+02,11.08517317
1960,50,-5.354,-15.02,-10.187,0.786,-15.02,1.55E+02,10.30511619
1960,51,-5.047,-14.355,-9.701,3.853,-14.355,1.31E+02,10.30425444
1960,52,-9.051,-17.384,-13.2175,3.872,-17.384,3.10E+02,10.083948
1960,53,-2.058,-16.311,-9.1845,2.097,-16.311,2.00E+02,11.31899187
1960,54,-0.22,-10.392,-5.306,4.709,-10.392,2.25E+02,10.80665876
1960,55,1.037,-10.585,-4.774,2.349,-10.585,1.69E+02,11.20751405
1960,56,-0.479,-11.089,-5.784,5.288,-11.089,2.27E+02,11.10461331
1960,57,-2.095,-8.943,-5.519,8.026,-8.943,1.38E+02,9.777754327
1960,58,-5.494,-8.959,-7.2265,2.317,-8.959,1.29E+02,6.868918709
1960,59,-8.362,-20.184,-14.273,1.199,-20.184,1.22E+02,11.6641712
1960,60,-8.567,-20.008,-14.2875,0,-20.008,1.29E+02,11.69092403
1960,61,-12.313,-22.946,-17.6295,2.229,-22.946,1.27E+02,11.59851994
1960,62,-12.556,-20.811,-16.6835,0.049,-20.811,2.33E+02,10.85240473
1960,63,-11.684,-21.858,-16.771,0,-21.858,3.16E+02,11.65710881
1960,64,-5.931,-20.378,-13.1545,0,-20.378,2.30E+02,12.62547359
1960,65,-6.634,-15.413,-11.0235,0,-15.413,1.48E+02,11.31979567
1960,66,-6.928,-15.298,-11.113,0,-15.298,2.94E+02,11.21130294
1960,67,-6.66,-18.021,-12.3405,0,-18.021,1.63E+02,12.37365711
1960,68,-8.898,-25.985,-17.4415,0,-25.985,1.28E+02,13.37640471
1960,69,-11.085,-29.083,-20.084,0,-29.083,1.18E+02,13.5714625
1960,70,-13.118,-22.184,-17.651,0,-22.184,2.83E+02,11.84163214
1960,71,-9.153,-25.633,-17.393,0,-25.633,2.68E+02,13.68494026
1960,72,-3.412,-19.903,-11.6575,0.114,-19.903,1.85E+02,13.80561263
1960,73,-2.532,-20.449,-11.4905,0.114,-20.449,3.58E+02,14.06273266
1960,74,-3.552,-15.032,-9.292,0,-15.032,2.20E+02,13.07551604
1960,75,-0.293,-9.813,-5.053,0,-9.813,3.22E+02,12.43587777
1960,76,0.935,-11.654,-5.3595,0,-11.654,1.79E+02,13.57366905
1960,77,2.098,-18.454,-8.178,2.343,-18.454,1.62E+02,14.74856863
1960,78,2.776,-8.496,-2.86,1.089,-8.496,1.58E+02,13.37010152
1960,79,-0.801,-10.99,-5.8955,0.247,-10.99,1.42E+02,13.04198635
1960,80,-4.794,-12.15,-8.472,0,-12.15,3.03E+02,11.51854492
1960,81,-3.132,-18.493,-10.8125,0,-18.493,3.27E+02,14.6693143
1960,82,-1.995,-21.143,-11.569,0,-21.143,3.25E+02,15.26004144
1960,83,-4.467,-20.048,-12.2575,0,-20.048,1.76E+02,14.91925623
1960,84,-7.188,-21.797,-14.4925,0,-21.797,2.63E+02,14.83567943
1960,85,-10.02,-29.095,-19.5575,0,-29.095,2.28E+02,15.60365888
1960,86,-3.633,-28.741,-16.187,6.539,-28.741,2.34E+02,16.1002642
1960,87,-5.988,-25.825,-15.9065,0.435,-25.825,2.77E+02,15.90619453
1960,88,-3.827,-22.764,-13.2955,0,-22.764,2.19E+02,15.92856949
1960,89,-6.456,-30.168,-18.312,8.978,-30.168,3.49E+02,16.40951108
1960,90,1.176,-15.237,-7.0305,5.679,-15.237,1.75E+02,15.7850824
1960,91,-4.161,-12.113,-8.137,2.163,-12.113,2.78E+02,12.53766342
1960,92,4.526,-9.595,-2.5345,0,-9.595,2.57E+02,15.4705176
1960,93,5.746,-7.974,-1.114,0,-7.974,1.55E+02,15.44446724
1960,94,6.917,-2.068,2.4245,1.097,-2.068,1.23E+02,13.40924744
1960,95,4.467,2.329,3.398,5.927,2.329,4.34E+02,5.234568228
1960,96,-1.137,-6.957,-4.047,2.586,-6.957,5.46E+02,10.80075067
1960,97,-5.949,-14.646,-10.2975,1.299,-14.646,4.32E+02,13.37496823
1960,98,-2.218,-13.409,-7.8135,0,-13.409,2.54E+02,14.86895452
1960,99,4.235,-11.063,-3.414,0,-11.063,2.16E+02,16.37712634
1960,100,3.473,-6.415,-1.471,0.037,-6.415,2.38E+02,14.29820557
1960,101,-4.274,-16.706,-10.49,0,-16.706,2.38E+02,15.61010973
1960,102,1.49,-10.704,-4.607,7.41,-10.704,2.58E+02,15.57871651
1960,103,2.008,-4.46,-1.226,1.473,-4.46,1.28E+02,11.70692879
1960,104,-0.173,-9.871,-5.022,1.032,-9.871,2.05E+02,14.39129065
1960,105,1.711,-9.43,-3.8595,1.213,-9.43,2.06E+02,15.27006112
1960,106,5.615,-5.792,-0.0885,0,-5.792,2.12E+02,15.46158639
1960,107,13.408,-3.48,4.964,0.048,-3.48,2.30E+02,17.40153805
1960,108,5.164,1.118,3.141,15.24,1.118,2.75E+02,8.72707712
1960,109,1.808,-3.291,-0.7415,0.604,-3.291,1.69E+02,10.24693941
1960,110,0.38,-11.973,-5.7965,0.181,-11.973,3.67E+02,16.13803216
1960,111,6.096,-11.061,-2.4825,0,-11.061,3.70E+02,17.76499351
1960,112,5.753,-6.243,-0.245,1.338,-6.243,3.41E+02,16.08079765
1960,113,3.05,-2.5,0.275,3.999,-2.5,3.31E+02,10.90436032
1960,114,6.335,-1.185,2.575,0,-1.185,1.66E+02,13.07877086
1960,115,7.985,-0.714,3.6355,0,-0.714,4.05E+02,14.13606905
1960,116,1.022,-2.945,-0.9615,0,-2.945,2.09E+02,8.700040835
1960,117,5.111,-5.266,-0.0775,0,-5.266,2.71E+02,15.41063399
1960,118,8.165,-5.141,1.512,0,-5.141,2.48E+02,16.98651224
1960,119,9.525,-2.27,3.6275,0,-2.27,2.42E+02,16.318525
1960,120,12.876,-2.529,5.1735,0,-2.529,3.43E+02,17.86841774
1960,121,12.289,2.75,7.5195,0,2.75,1.69E+02,14.98347195
1960,122,5.043,2.567,3.805,15.976,2.567,1.29E+02,6.057729461
1960,123,2.144,-4.158,-1.007,0.425,-4.158,1.90E+02,12.00503816
1960,124,9.653,-2.403,3.625,3.469,-2.403,2.57E+02,16.66659417
1960,125,11.626,0.401,6.0135,0,0.401,1.56E+02,16.23887568
1960,126,15.651,1.689,8.67,3.191,1.689,1.92E+02,17.63967684
1960,127,7.059,2.486,4.7725,23.808,2.486,2.36E+02,9.756624144
1960,128,9.581,0.619,5.1,5.949,0.619,3.99E+02,14.73789851
1960,129,17.619,3.812,10.7155,0.006,3.812,2.57E+02,17.69996503
1960,130,9.251,4.115,6.683,13.903,4.115,3.00E+02,10.60759772
1960,131,3.528,1.68,2.604,9.515,1.68,2.36E+02,4.751623404
1960,132,9.31,-0.947,4.1815,0.685,-0.947,3.05E+02,15.82931143
1960,133,10.489,0.991,5.74,0.036,0.991,1.49E+02,15.2909002
1960,134,12.586,2.637,7.6115,0.922,2.637,2.64E+02,15.65777131
1960,135,9.977,5,7.4885,13.017,5,1.77E+02,10.42996679
1960,136,14.06,4.75,9.405,1.474,4.75,2.73E+02,15.20745497
1960,137,18.403,7.1,12.7515,0.006,7.1,1.72E+02,16.65299481
1960,138,22.616,7.805,15.2105,0,7.805,2.17E+02,18.43778684
1960,139,17.844,7.753,12.7985,0,7.753,2.62E+02,15.87460694
1960,140,18.535,5.536,12.0355,1.257,5.536,2.27E+02,17.68517134
1960,141,22.01,4.821,13.4155,0,4.821,2.50E+02,19.34747463
1960,142,23.017,9.5,16.2585,0,9.5,3.22E+02,17.99126433
1960,143,16.556,10.916,13.736,1.732,10.916,1.83E+02,11.42454203
1960,144,19.803,8.494,14.1485,0,8.494,2.26E+02,16.81342196
1960,145,22.684,8.767,15.7255,0,8.767,2.15E+02,18.25116914
1960,146,26.081,12.15,19.1155,0,12.15,2.26E+02,18.28042859
1960,147,28.965,14.317,21.641,0,14.317,2.94E+02,18.61681411
1960,148,30.47,15.444,22.957,0,15.444,1.86E+02,18.79375238
1960,149,31.02,17.044,24.032,0,17.044,2.89E+02,18.36401577
1960,150,30.769,16.936,23.8525,0.243,16.936,3.26E+02,18.31663155
1960,151,28.795,16.064,22.4295,0.006,16.064,2.43E+02,17.77742859
1960,152,26.389,13.338,19.8635,0.105,13.338,1.50E+02,17.96355387
1960,153,20.552,9.816,15.184,0.275,9.816,2.54E+02,16.56897476
1960,154,22.902,10.336,16.619,4.665,10.336,2.07E+02,17.73095732
1960,155,20.357,12.716,16.5365,5.627,12.716,2.19E+02,13.90455907
1960,156,19.582,8.329,13.9555,2.759,8.329,2.31E+02,16.95575044
1960,157,23.065,10.986,17.0255,12.125,10.986,1.80E+02,17.48581754
1960,158,10.917,6.568,8.7425,0.524,6.568,3.07E+02,9.585654359
1960,159,10.034,2.14,6.087,0.248,2.14,2.65E+02,14.1916192
1960,160,12.94,1.788,7.364,0,1.788,2.47E+02,16.92423299
1960,161,21.709,0.385,11.047,0,0.385,3.62E+02,20.78715853
1960,162,24.358,7.715,16.0365,0,7.715,3.33E+02,19.60971344
1960,163,18.246,12.624,15.435,0.936,12.624,3.08E+02,11.49999735
1960,164,19.014,2.677,10.8455,0,2.677,1.41E+02,19.52101618
1960,165,18.6,6.17,12.385,0,6.17,2.77E+02,17.75298056
1960,166,21.669,0.708,11.1885,0,0.708,2.48E+02,20.76443922
1960,167,15.976,4.344,10.16,6.642,4.344,2.60E+02,17.27656649
1960,168,20.098,9.356,14.727,14.918,9.356,1.78E+02,16.67751483
1960,169,11.134,9.592,10.363,17.423,9.592,1.39E+02,4.079347687
1960,170,15.469,1.52,8.4945,0.222,1.52,1.31E+02,18.56484772
1960,171,18.34,1.763,10.0515,0.375,1.763,3.59E+02,19.63033455
1960,172,20.109,2.368,11.2385,2.303,2.368,2.63E+02,19.99996967
1960,173,21.642,5.038,13.34,0,5.038,1.85E+02,19.63816111
1960,174,22.161,3.856,13.0085,0.03,3.856,9.72E+01,20.15691738
1960,175,22.185,2.854,12.5195,0,2.854,1.68E+02,20.41761537
1960,176,20.226,2.727,11.4765,5.353,2.727,1.93E+02,19.91630936
1960,177,24.259,10.827,17.543,0.152,10.827,3.23E+02,18.29792659
1960,178,23.078,9.345,16.2115,0,9.345,3.00E+02,18.44263479
1960,179,27.366,11.074,19.22,0,11.074,2.77E+02,19.50231111
1960,180,28.099,17.146,22.6225,23.204,17.146,2.19E+02,16.80532856
1960,181,22.003,16.253,19.128,9.865,16.253,1.38E+02,11.6712707
1960,182,18.825,12.406,15.6155,0.29,12.406,1.34E+02,12.53474313
1960,183,18.723,2.539,10.631,0,2.539,2.11E+02,19.42612789
1960,184,20.846,4.729,12.7875,7.776,4.729,1.80E+02,19.39031557
1960,185,14.372,12.445,13.4085,26.389,12.445,1.42E+02,4.960316933
1960,186,15.395,5.192,10.2935,1.185,5.192,2.31E+02,16.21689911
1960,187,17.678,6.616,12.147,0.082,6.616,3.10E+02,16.82370737
1960,188,21.204,9.771,15.4875,0.185,9.771,1.94E+02,17.0582094
1960,189,24.299,8.578,16.4385,1.912,8.578,1.22E+02,19.17204486
1960,190,21.386,12.877,17.1315,2.642,12.877,1.43E+02,14.74896187
1960,191,19.26,8.395,13.8275,0,8.395,1.78E+02,16.6417315
1960,192,16.956,4.707,10.8315,12.018,4.707,1.39E+02,17.50189696
1960,193,22.038,11.043,16.5405,4.422,11.043,1.29E+02,16.70287496
1960,194,20.515,12.136,16.3255,0.524,12.136,1.89E+02,14.58617814
1960,195,15.674,6.051,10.8625,0,6.051,8.64E+01,15.66127033
1960,196,20.38,6.541,13.4605,0.148,6.541,1.05E+02,18.25195414
1960,197,18.39,7.18,12.785,2.317,7.18,1.25E+02,16.78026479
1960,198,20.928,6.862,13.895,0,6.862,1.07E+02,18.30998482
1960,199,19.343,3.18,11.2615,0,3.18,2.57E+02,19.10403271
1960,200,23.564,3.652,13.608,13.581,3.652,1.13E+02,20.07830059
1960,201,17.172,11.375,14.2735,7.731,11.375,1.85E+02,11.62200761
1960,202,18.902,10.341,14.6215,2.375,10.341,2.08E+02,14.64845857
1960,203,21.508,7.738,14.623,0,7.738,1.91E+02,18.04578357
1960,204,22.663,9.682,16.1725,7.751,9.682,2.56E+02,17.63957092
1960,205,16.316,9.928,13.122,4.128,9.928,3.28E+02,12.32555723
1960,206,21.704,11.234,16.469,0,11.234,1.85E+02,16.09490485
1960,207,25.473,9.281,17.377,0,9.281,2.57E+02,18.85112594
1960,208,25.383,15.913,20.648,48.764,15.913,1.31E+02,15.30683162
1960,209,16.381,14.806,15.5935,18.017,14.806,1.49E+02,4.134620576
1960,210,23.738,9.801,16.7695,4.653,9.801,1.64E+02,17.89508143
1960,211,24.761,14.254,19.5075,6.273,14.254,2.29E+02,15.99317806
1960,212,27.705,15.839,21.772,19.697,15.839,2.73E+02,16.8044792
1960,213,16.339,8.743,12.541,3.365,8.743,2.03E+02,13.53245956
1960,214,16.683,9.196,12.9395,15.206,9.196,2.53E+02,13.40321907
1960,215,21.407,12.033,16.72,2.815,12.033,2.18E+02,15.05959692
1960,216,13.264,5.888,9.576,0,5.888,2.40E+02,13.25038485
1960,217,17.158,6.478,11.818,0,6.478,9.38E+01,15.92530563
1960,218,13.351,4.303,8.827,0,4.303,1.92E+02,14.71916435
1960,219,19.095,6.687,12.891,1.893,6.687,2.00E+02,16.83498771
1960,220,20.593,8.501,14.547,22.307,8.501,1.79E+02,16.63239727
1960,221,13.869,11.204,12.5365,0.912,11.204,1.74E+02,6.431952256
1960,222,14.343,5.503,9.923,2.613,5.503,1.72E+02,14.43442069
1960,223,16.611,4.87,10.7405,0,4.87,1.38E+02,16.32062045
1960,224,16.32,3.608,9.964,10.7,3.608,1.99E+02,16.75860469
1960,225,18.934,10.67,14.802,2.387,10.67,2.06E+02,13.86149829
1960,226,27.619,10.431,19.025,5.314,10.431,1.59E+02,18.16770797
1960,227,14.509,7.567,11.038,0.102,7.567,2.35E+02,12.55360333
1960,228,17.708,7.926,12.817,0,7.926,2.18E+02,14.92670624
1960,229,23.729,1.658,12.6935,0,1.658,2.45E+02,18.78252165
1960,230,25.971,8.16,17.0655,0,8.16,2.30E+02,18.03318553
1960,231,28.719,11.109,19.914,0,11.109,2.58E+02,17.91773349
1960,232,30.715,13.274,21.9945,0,13.274,3.44E+02,17.80763175
1960,233,31.349,16.34,23.8445,6.509,16.34,3.00E+02,17.11096551
1960,234,30.374,18.476,24.425,0,18.476,2.47E+02,15.85570971
1960,235,23.917,17.51,20.7135,34.457,17.51,2.38E+02,11.77937532
1960,236,13.157,9.616,11.3865,0.434,9.616,3.22E+02,7.903033721
1960,237,15.611,2.8,9.2055,0,2.8,1.69E+02,16.07628778
1960,238,22.118,0.602,11.36,0,0.602,2.52E+02,17.93602437
1960,239,24.331,6.067,15.199,0,6.067,2.79E+02,17.40168749
1960,240,21.989,11.948,16.9685,0,11.948,2.61E+02,14.53788227
1960,241,24.294,6.033,15.1635,10.892,6.033,2.46E+02,17.22414672
1960,242,20.023,14.491,17.257,5.393,14.491,1.63E+02,10.60579608
1960,243,22.699,6.675,14.687,0,6.675,1.35E+02,16.6142651
1960,244,24.884,9.932,17.408,56.944,9.932,1.87E+02,16.2686409
1960,245,20.003,11.355,15.679,0.625,11.355,3.23E+02,13.37883688
1960,246,15.968,7.177,11.5725,0,7.177,1.37E+02,13.42798227
1960,247,20.055,5.179,12.617,1.133,5.179,1.48E+02,15.996139
1960,248,16.643,8.453,12.548,0.457,8.453,1.49E+02,12.90121919
1960,249,15.366,4.767,10.0665,0,4.767,2.53E+02,14.30652968
1960,250,20.547,1.275,10.911,0.984,1.275,2.47E+02,16.48533811
1960,251,25.965,8.504,17.2345,13.337,8.504,3.50E+02,16.13783355
1960,252,23.835,11.202,17.5185,15.041,11.202,2.41E+02,14.91918754
1960,253,11.696,8.799,10.2475,18.136,8.799,1.40E+02,6.610789474
1960,254,10.869,6.54,8.7045,6.209,6.54,2.17E+02,8.791996986
1960,255,14.62,5.458,10.039,3.893,5.458,2.65E+02,13.15169022
1960,256,11.633,3.08,7.3565,0.664,3.08,3.17E+02,12.72071558
1960,257,10.147,3.817,6.982,0.64,3.817,1.80E+02,10.95159839
1960,258,8.636,-0.611,4.0125,0.058,-0.611,3.05E+02,13.0067863
1960,259,12.177,-0.996,5.5905,0,-0.996,3.46E+02,14.4728986
1960,260,13.119,0.795,6.957,0,0.795,2.74E+02,14.13678222
1960,261,13.126,3.546,8.336,18.624,3.546,3.15E+02,12.97418236
1960,262,11.956,3.746,7.851,0.727,3.746,2.49E+02,12.14226754
1960,263,14.563,2.173,8.368,0,2.173,2.15E+02,13.88395423
1960,264,15.821,3.432,9.6265,0.088,3.432,1.35E+02,13.79053572
1960,265,19.054,4.525,11.7895,0,4.525,1.59E+02,14.18218823
1960,266,14.96,6.461,10.7105,7.039,6.461,2.45E+02,12.05540182
1960,267,12.287,5.439,8.863,0.106,5.439,1.53E+02,10.91427076
1960,268,17.741,-0.707,8.517,2.596,-0.707,2.40E+02,14.33177512
1960,269,21.216,4.792,13.004,6.302,4.792,3.46E+02,14.01498733
1960,270,15.447,4.796,10.1215,0,4.796,2.44E+02,12.70239054
1960,271,13.64,5.253,9.4465,0.024,5.253,1.94E+02,11.64774299
1960,272,14.185,-2.133,6.026,0.604,-2.133,1.58E+02,13.6484535
1960,273,14.585,1.566,8.0755,5.23,1.566,2.29E+02,13.04416186
1960,274,7.617,5.728,6.6725,0.963,5.728,1.31E+02,4.545547581
1960,275,7.798,0.43,4.114,1.135,0.43,8.64E+01,10.79686495
1960,276,6.333,1.637,3.985,7.332,1.637,8.64E+01,8.578366526
1960,277,4.625,1.916,3.2705,2.424,1.916,8.64E+01,5.955524458
1960,278,4.638,-0.237,2.2005,0,-0.237,8.64E+01,8.684030589
1960,279,13.301,-0.247,6.527,3.635,-0.247,8.64E+01,12.48455539
1960,280,7.881,4.225,6.053,3.749,4.225,8.64E+01,7.244658634
1960,281,7.841,0.413,4.127,0.012,0.413,8.64E+01,10.42976554
1960,282,6.836,-0.879,2.9785,0,-0.879,8.64E+01,10.50887436
1960,283,7.366,-1.86,2.753,2.894,-1.86,8.64E+01,11.06587767
1960,284,6.955,-0.56,3.1975,3.731,-0.56,8.64E+01,10.26383422
1960,285,5.106,1.35,3.228,3.483,1.35,8.64E+01,7.222298522
1960,286,5.763,0.385,3.074,1.257,0.385,8.64E+01,8.773322049
1960,287,6.569,-0.812,2.8785,0,-0.812,8.64E+01,9.981360317
1960,288,10.008,-2.82,3.594,0.45,-2.82,8.64E+01,11.37784134
1960,289,8.346,0.513,4.4295,2.142,0.513,8.64E+01,10.03838668
1960,290,7.48,4.651,6.0655,2.243,4.651,8.64E+01,5.891273257
1960,291,9.511,4.626,7.0685,2.709,4.626,8.64E+01,8.12806009
1960,292,1.915,-0.28,0.8175,5.286,-0.28,8.64E+01,4.888148184
1960,293,6.9,-3.569,1.6655,4.663,-3.569,8.64E+01,10.47039791
1960,294,-0.28,-2.85,-1.565,2.124,-2.85,8.64E+01,5.437015546
1960,295,0.121,-11.018,-5.4485,3.876,-11.018,8.64E+01,10.38853487
1960,296,1.378,-10.232,-4.427,2.835,-10.232,8.64E+01,10.35380954
1960,297,3.471,-11.453,-3.991,13.73,-11.453,8.64E+01,10.53581379
1960,298,3.103,-3.111,-0.004,0.02,-3.111,8.64E+01,8.640178314
1960,299,2.283,0.002,1.1425,0,0.002,8.64E+01,4.915296438
1960,300,4.419,-3.525,0.447,0,-3.525,8.64E+01,9.211146228
1960,301,6.682,-1.815,2.4335,0,-1.815,8.64E+01,9.288752207
1960,302,14.237,1.447,7.842,0,1.447,8.64E+01,9.843707929
1960,303,15.965,-1.409,7.278,0,-1.409,8.64E+01,9.928028066
1960,304,16.016,0.246,8.131,0,0.246,8.64E+01,9.775510678
1960,305,12.903,3.7,8.3015,4.4,3.7,8.64E+01,9.104854738
1960,306,7.279,3.506,5.3925,2.446,3.506,2.87E+02,6.5321017
1960,307,9.812,4.102,6.957,2.193,4.102,1.19E+02,7.831208202
1960,308,4.007,1.684,2.8455,6.654,1.684,1.37E+02,4.820651853
1960,309,0.988,-1.08,-0.046,2.623,-1.08,1.93E+02,4.433423026
1960,310,1.866,-2.823,-0.4785,3.882,-2.823,2.53E+02,7.084651389
1960,311,-3.471,-6.614,-5.0425,1.359,-6.614,2.35E+02,5.752759577
1960,312,-3.482,-9.628,-6.555,0.921,-9.628,1.39E+02,7.730775426
1960,313,1.775,-7.585,-2.905,4.929,-7.585,2.48E+02,8.452004048
1960,314,2.368,-2.755,-0.1935,3.972,-2.755,2.78E+02,7.148441204
1960,315,-1.493,-3.448,-2.4705,0.603,-3.448,2.71E+02,4.177415045
1960,316,-3.434,-9.979,-6.7065,5.068,-9.979,2.93E+02,7.628624588
1960,317,-3.157,-8.708,-5.9325,0.175,-8.708,2.08E+02,7.200607849
1960,318,-2.057,-15.129,-8.593,3.91,-15.129,1.07E+02,8.306138433
1960,319,1.69,-5.662,-1.986,0.097,-5.662,1.92E+02,7.656586759
1960,320,4.9,-2.267,1.3165,15.586,-2.267,1.33E+02,7.551030729
1960,321,8.848,1.269,5.0585,22.454,1.269,1.56E+02,7.576563894
1960,322,-1.28,-1.931,-1.6055,4.279,-1.931,1.55E+02,1.709469206
1960,323,-1.868,-5.017,-3.4425,0,-5.017,1.43E+02,5.433892414
1960,324,0.991,-8.897,-3.953,2.826,-8.897,3.22E+02,7.676142407
1960,325,0.698,-4.276,-1.789,2.772,-4.276,2.03E+02,6.568112927
1960,326,-2.078,-3.005,-2.5415,0.546,-3.005,2.44E+02,2.296808078
1960,327,-0.288,-14.737,-7.5125,4.152,-14.737,1.93E+02,7.636933746
1960,328,-1.67,-9.989,-5.8295,0.852,-9.989,2.52E+02,7.271633696
1960,329,0.352,-12.44,-6.044,2.271,-12.44,2.63E+02,7.476063191
1960,330,1.475,-10.172,-4.3485,2.856,-10.172,3.01E+02,7.383361878
1960,331,3.721,-16.738,-6.5085,0,-16.738,3.58E+02,7.405674176
1960,332,-7.221,-8.948,-8.0845,1.762,-8.948,2.16E+02,3.646261746
1960,333,-5.832,-17.194,-11.513,17.443,-17.194,4.31E+02,7.205634007
1960,334,-0.006,-12.208,-6.107,4.546,-12.208,3.32E+02,7.177144754
1960,335,-0.234,-6.655,-3.4445,7.209,-6.655,3.83E+02,6.632310089
1960,336,-8.472,-14.227,-11.3495,0.823,-14.227,1.65E+02,6.432783111
1960,337,-2.454,-14.339,-8.3965,1.903,-14.339,2.58E+02,7.027727668
1960,338,-0.311,-8.299,-4.305,0,-8.299,1.02E+02,6.769187938
1960,339,-0.239,-3.22,-1.7295,0,-3.22,3.09E+02,4.962693572
1960,340,3.713,-2.61,0.5515,4.095,-2.61,3.33E+02,6.448906707
1960,341,6.356,-0.853,2.7515,1.319,-0.853,1.87E+02,6.575013966
1960,342,-9.547,-10.601,-10.074,0,-10.601,1.63E+02,2.491942936
1960,343,-17.397,-22.022,-19.7095,1.453,-22.022,2.89E+02,5.877580402
1960,344,-11.339,-25.935,-18.637,3.004,-25.935,1.78E+02,6.815526864
1960,345,-16.682,-24.68,-20.681,0.823,-24.68,1.89E+02,6.57035232
1960,346,-20.662,-29.556,-25.109,0,-29.556,2.57E+02,6.622856099
1960,347,-19.116,-35.021,-27.0685,0,-35.021,1.30E+02,6.753308411
1960,348,-16.244,-28.393,-22.3185,0,-28.393,1.22E+02,6.704309798
1960,349,-7.594,-24.944,-16.269,1.406,-24.944,2.67E+02,6.724625078
1960,350,-2.429,-15.768,-9.0985,11.306,-15.768,2.06E+02,6.693288148
1960,351,-0.799,-7.05,-3.9245,2.606,-7.05,2.74E+02,6.246064771
1960,352,-13.159,-20.268,-16.7135,0.372,-20.268,3.01E+02,6.38094174
1960,353,-9.918,-19.95,-14.934,1.831,-19.95,3.14E+02,6.603741087
1960,354,-12.763,-20.126,-16.4445,0,-20.126,3.41E+02,6.409133304
1960,355,-14.958,-22.777,-18.8675,0.013,-22.777,2.25E+02,6.460564781
1960,356,-12.944,-21.224,-17.084,6.308,-21.224,8.86E+01,6.506025863
1960,357,-20.239,-23.232,-21.7355,0,-23.232,9.04E+01,4.866962986
1960,358,-18.434,-34.56,-26.497,0,-34.56,1.86E+02,6.710286994
1960,359,-9.96,-36.439,-23.1995,2.186,-36.439,2.82E+02,6.729983954
1960,360,-7.611,-32.66,-20.1355,0.898,-32.66,9.70E+01,6.745077287
1960,361,-19.066,-32.344,-25.705,0,-32.344,1.06E+02,6.73787734
1960,362,-14.283,-34.834,-24.5585,0,-34.834,1.17E+02,6.782533893
1960,363,-9.422,-25.843,-17.6325,2.522,-25.843,2.14E+02,6.799945921
1960,364,-5.789,-24.617,-15.203,4.277,-24.617,2.83E+02,6.8304559
1960,365,-8.979,-10.758,-9.8685,1.924,-10.758,1.63E+02,3.639977666
1960,366,-20.448,-31.542,-25.995,0,-31.542,2.63E+02,6.823527914
