DJ0207XDMNXPHWR
CCXMDDM
24,1,12.0
7,0.075,0.125,0.00,0,0,0,0,0,0,0,0
1961,1,-14.576,-32.825,-23.7005,2.499,-32.825,1.60E+02,6.889662482,,,
1961,2,-14.505,-21.483,-17.994,0.028,-21.483,1.91E+02,6.542372022,,,
1961,3,-18.851,-32.558,-25.7045,0,-32.558,2.38E+02,6.938650445,,,
1961,4,-15.51,-29.13,-22.32,0,-29.13,3.58E+02,6.976191908,,,
1961,5,-10.721,-32.781,-21.751,2.439,-32.781,1.22E+02,7.044973951,,,
1961,6,-7.782,-30.832,-19.307,0.698,-30.832,1.81E+02,7.089996751,,,
1961,7,-9.31,-15.078,-12.194,3.061,-15.078,1.85E+02,6.438901505,,,
1961,8,-10.582,-13.546,-12.064,1.179,-13.546,2.16E+02,5.01237135,,,
1961,9,-15.562,-23.86,-19.711,0,-23.86,1.73E+02,6.968313047,,,
1961,10,-5.995,-26.709,-16.352,5.249,-26.709,1.45E+02,7.293324332,,,
1961,11,-11.558,-18.942,-15.25,1.386,-18.942,1.08E+02,6.939972458,,,
1961,12,-16.289,-26.378,-21.3335,1.02,-26.378,1.08E+02,7.261418099,,,
1961,13,-5.814,-24.653,-15.2335,9.639,-24.653,2.86E+02,7.470274157
1961,14,-13.087,-16.422,-14.7545,0.028,-16.422,1.40E+02,5.444279952
1961,15,-9.274,-27.834,-18.554,0,-27.834,2.46E+02,7.60142118
1961,16,-3.831,-23.996,-13.9135,4.129,-23.996,4.62E+02,7.674511399
1961,17,-5.159,-22.004,-13.5815,9.874,-22.004,2.31E+02,7.735265996
1961,18,-23.288,-28.152,-25.72,0,-28.152,1.42E+02,6.520370938
1961,19,-24.473,-36.824,-30.6485,0,-36.824,2.97E+02,7.811479874
1961,20,-23.513,-43.295,-33.404,0,-43.295,4.20E+02,7.975999022
1961,21,-23.578,-38.013,-30.7955,0,-38.013,1.59E+02,8.015311513
1961,22,-21.724,-37.704,-29.714,0,-37.704,2.39E+02,8.118052712
1961,23,-22.143,-41.503,-31.823,0,-41.503,2.50E+02,8.224958398
1961,24,-25.364,-41.625,-33.4945,0,-41.625,2.60E+02,8.291629648
1961,25,-23.007,-36.786,-29.8965,0.068,-36.786,2.40E+02,8.335111246
1961,26,-20.904,-33.618,-27.261,0,-33.618,1.11E+02,8.387140934
1961,27,-17.833,-38.134,-27.9835,0,-38.134,1.23E+02,8.592022315
1961,28,-15.453,-36.449,-25.951,0,-36.449,1.51E+02,8.690513339
1961,29,-19.079,-36.103,-27.591,0,-36.103,2.18E+02,8.762758578
1961,30,-20.794,-35.228,-28.011,0,-35.228,2.66E+02,8.811782183
1961,31,-21.885,-35.89,-28.8875,0,-35.89,1.86E+02,8.895517157
1961,32,-23.04,-34.781,-28.9105,0.043,-34.781,2.91E+02,8.877406055
1961,33,-19.142,-29.224,-24.183,0,-29.224,1.10E+02,8.810231942
1961,34,-13.225,-33.865,-23.545,0,-33.865,1.90E+02,9.306412476
1961,35,-6.019,-32.819,-19.419,0,-32.819,2.77E+02,9.431578618
1961,36,-7.177,-29.734,-18.4555,2.176,-29.734,2.79E+02,9.535092058
1961,37,-16.037,-19.853,-17.945,0.064,-19.853,1.21E+02,6.575284208
1961,38,-2.306,-32.714,-17.51,5.452,-32.714,2.79E+02,9.775360502
1961,39,-0.828,-26.19,-13.509,1.577,-26.19,2.25E+02,9.88718114
1961,40,-1.353,-3.27,-2.3115,2.164,-3.27,1.99E+02,4.280774568
1961,41,-9.878,-18.763,-14.3205,0,-18.763,1.87E+02,9.308422608
1961,42,-9.608,-33.19,-21.399,0,-33.19,2.31E+02,10.2403833
1961,43,-6.142,-32.423,-19.2825,0,-32.423,2.29E+02,10.37110597
1961,44,-5.451,-29.859,-17.655,8.076,-29.859,2.79E+02,10.48934499
1961,45,-2.948,-22.302,-12.625,3.619,-22.302,2.61E+02,10.56924877
1961,46,-14.166,-20.497,-17.3315,0,-20.497,2.35E+02,8.773092026
1961,47,-11.029,-32.314,-21.6715,1.369,-32.314,1.76E+02,10.84361114
1961,48,-9.24,-28.177,-18.7085,5.235,-28.177,2.32E+02,10.93223497
1961,49,-5.919,-23.551,-14.735,7.336,-23.551,2.00E+02,11.02222705
1961,50,-7.957,-17.487,-12.722,9.528,-17.487,1.55E+02,10.27136283
1961,51,-12.789,-25.439,-19.114,1.494,-25.439,1.31E+02,10.92740383
1961,52,-5.253,-23.502,-14.3775,6.249,-23.502,3.10E+02,11.41669719
1961,53,-10.312,-13.598,-11.955,0.019,-13.598,2.00E+02,6.507178553
1961,54,-9.373,-25.531,-17.452,0.019,-25.531,2.25E+02,11.57517134
1961,55,-7.043,-19.404,-13.2235,3.953,-19.404,1.69E+02,11.32700469
1961,56,-6.41,-12.927,-9.6685,0.019,-12.927,2.27E+02,9.519092334
1961,57,-5.885,-19.806,-12.8455,1.545,-19.806,1.38E+02,11.75149556
1961,58,-5.279,-17.181,-11.23,2.079,-17.181,1.29E+02,11.57366552
1961,59,-9.294,-15.345,-12.3195,0,-15.345,1.22E+02,9.39383739
1961,60,-1.124,-24.994,-13.059,3.999,-24.994,1.29E+02,12.58940441
1961,61,1.782,-16.134,-7.176,9.229,-16.134,1.27E+02,12.55042016
1961,62,1.349,-3.73,-1.1905,5.479,-3.73,2.33E+02,8.75852807
1961,63,-12.56,-24.975,-18.7675,1.368,-24.975,3.16E+02,12.19984484
1961,64,-7.787,-21.773,-14.78,0,-21.773,2.30E+02,12.56468263
1961,65,-6.364,-25.958,-16.161,39.513,-25.958,1.48E+02,13.14856813
1961,66,-7.668,-17.742,-12.705,1.968,-17.742,2.94E+02,11.8977719
1961,67,-2.967,-25.758,-14.3625,0.634,-25.758,1.63E+02,13.52171156
1961,68,-7.57,-17.115,-12.3425,22.669,-17.115,1.28E+02,11.87970622
1961,69,-9.204,-18.15,-13.677,0,-18.15,1.18E+02,11.70945022
1961,70,-6.765,-24.433,-15.599,1.51,-24.433,2.83E+02,13.67145111
1961,71,-3.891,-26.697,-15.294,1.121,-26.697,2.68E+02,14.06139811
1961,72,-8.859,-25.646,-17.2525,0,-25.646,1.85E+02,13.83653646
1961,73,-5.354,-22.183,-13.7685,3.91,-22.183,3.58E+02,13.96074844
1961,74,-2.281,-12.311,-7.296,4.931,-12.311,2.20E+02,12.5713987
1961,75,-16.396,-19.559,-17.9775,1.403,-19.559,3.22E+02,6.827490877
1961,76,-12.193,-28.196,-20.1945,0.463,-28.196,1.79E+02,14.2139077
1961,77,-4.285,-23.741,-14.013,1.247,-23.741,1.62E+02,14.67711335
1961,78,-4.145,-11.601,-7.873,0.793,-11.601,1.58E+02,11.47650321
1961,79,-8.443,-30.221,-19.332,0,-30.221,1.42E+02,15.07015771
1961,80,6.523,-23.217,-8.347,0,-23.217,3.03E+02,15.41767481
1961,81,7.828,-14.561,-3.3665,0,-14.561,3.27E+02,15.35441223
1961,82,9.94,-4.384,2.778,0,-4.384,3.25E+02,14.57469057
1961,83,7.816,-0.11,3.853,0.781,-0.11,1.76E+02,12.08743827
1961,84,-3.16,-10.819,-6.9895,0,-10.819,2.63E+02,11.95650973
1961,85,1.565,-20.043,-9.239,1.532,-20.043,2.28E+02,15.80657567
1961,86,1.264,-11.003,-4.8695,3.848,-11.003,2.34E+02,14.39742655
1961,87,7.907,-1.657,3.125,2.891,-1.657,2.77E+02,13.32480571
1961,88,-2.035,-4.864,-3.4495,0.463,-4.864,2.19E+02,6.471162045
1961,89,-3.461,-12.714,-8.0875,0,-12.714,3.49E+02,13.27984996
1961,90,3.74,-11.668,-3.964,0,-11.668,1.75E+02,15.59204864
1961,91,5.547,-8.166,-1.3095,5.783,-8.166,2.78E+02,15.27072159
1961,92,3.38,-1.694,0.843,15.292,-1.694,2.57E+02,9.824577018
1961,93,4.359,0.789,2.574,0.13,0.789,1.55E+02,7.766430671
1961,94,7.764,0.3,4.032,0,0.3,1.23E+02,12.2979976
1961,95,7.195,0.81,4.0025,0,0.81,4.34E+02,11.35853047
1961,96,9.685,0.286,4.9855,0.235,0.286,5.46E+02,13.78079617
1961,97,1.701,-3.373,-0.836,0,-3.373,4.32E+02,9.954079643
1961,98,2.663,-9.002,-3.1695,0,-9.002,2.54E+02,15.08433329
1961,99,3.346,-6.617,-1.6355,0,-6.617,2.16E+02,14.28636667
1961,100,6.529,-3.969,1.28,0,-3.969,2.38E+02,14.64296284
1961,101,5.081,-2.633,1.224,0.193,-2.633,2.38E+02,12.80246001
1961,102,10.282,-1.534,4.374,0,-1.534,2.58E+02,15.41401056
1961,103,7.205,-2.175,2.515,0.819,-2.175,1.28E+02,14.13605187
1961,104,5.029,-0.394,2.3175,0.193,-0.394,2.05E+02,10.55390563
1961,105,8.901,-0.798,4.0515,0,-0.798,2.06E+02,14.44125411
1961,106,10.327,-0.643,4.842,0.402,-0.643,2.12E+02,15.23626625
1961,107,1.189,-1.922,-0.3665,1.09,-1.922,2.30E+02,7.167004052
1961,108,4.868,-1.505,1.6815,0,-1.505,2.75E+02,11.749747
1961,109,10.461,-7.196,1.6325,0,-7.196,1.69E+02,17.72121309
1961,110,12.767,-7.335,2.716,0,-7.335,3.67E+02,18.22321223
1961,111,15.186,-6.157,4.5145,2.348,-6.157,3.70E+02,18.47186492
1961,112,8.848,0.272,4.56,0,0.272,3.41E+02,13.93174884
1961,113,14.162,0.444,7.303,0.193,0.444,3.31E+02,16.87758222
1961,114,6.614,-1.781,2.4165,0,-1.781,1.66E+02,13.85417524
1961,115,3.861,-3.587,0.137,0,-3.587,4.05E+02,13.03896781
1961,116,4.311,-6.121,-0.905,0,-6.121,2.09E+02,15.40437779
1961,117,6.143,-0.78,2.6815,0.402,-0.78,2.71E+02,12.56560705
1961,118,7.405,-0.439,3.483,2.14,-0.439,2.48E+02,13.49524916
1961,119,10.821,1.393,6.107,0,1.393,2.42E+02,14.83411355
1961,120,13.261,-0.853,6.204,0,-0.853,3.43E+02,17.4148525
1961,121,14.603,-1.133,6.735,0,-1.133,1.69E+02,18.02790125
1961,122,13.188,-0.934,6.127,0.492,-0.934,1.29E+02,17.51837656
1961,123,13.318,2.246,7.782,0,2.246,1.90E+02,16.07404901
1961,124,4.025,-2.53,0.7475,0,-2.53,2.57E+02,12.31473906
1961,125,6.354,-5.673,0.3405,0,-5.673,1.56E+02,16.69055392
1961,126,15.6,-5.727,4.9365,0.42,-5.727,1.92E+02,19.54900684
1961,127,13.254,0.548,6.901,1.048,0.548,2.36E+02,17.11565393
1961,128,11.051,5.711,8.381,8.462,5.711,3.99E+02,10.8661887
1961,129,9.734,5.725,7.7295,6.533,5.725,2.57E+02,8.887077965
1961,130,2.348,-5.126,-1.389,0.35,-5.126,3.00E+02,13.41550766
1961,131,12.95,-6.959,2.9955,0.091,-6.959,2.36E+02,19.58418463
1961,132,26.05,-0.368,12.841,0,-0.368,3.05E+02,20.47416311
1961,133,24.799,8.55,16.6745,13.905,8.55,1.49E+02,18.7648984
1961,134,12.703,5.892,9.2975,3.618,5.892,2.64E+02,12.77093749
1961,135,19.982,5.738,12.86,19.115,5.738,1.77E+02,18.10755118
1961,136,7.758,6.329,7.0435,4.98,6.329,2.73E+02,3.794362865
1961,137,6.136,-7.394,-0.629,0,-7.394,1.72E+02,17.85720868
1961,138,12.792,-3.327,4.7325,0,-3.327,2.17E+02,18.91179551
1961,139,15.912,1.356,8.634,0.307,1.356,2.62E+02,18.36663299
1961,140,15.756,3.455,9.6055,0,3.455,2.27E+02,17.31577906
1961,141,12.638,5.639,9.1385,4.273,5.639,2.50E+02,13.07508269
1961,142,8.99,3.513,6.2515,0.14,3.513,3.22E+02,11.1949631
1961,143,11.47,2.133,6.8015,0,2.133,1.83E+02,15.35875025
1961,144,10.401,-1.106,4.6475,1.177,-1.106,2.26E+02,16.93843533
1961,145,2.429,-2.418,0.0055,0,-2.418,2.15E+02,10.31107813
1961,146,6.345,-3.957,1.194,0,-3.957,2.26E+02,16.15868996
1961,147,14.414,-3.057,5.6785,0,-3.057,2.94E+02,19.60713864
1961,148,7.913,0.382,4.1475,0,0.382,1.86E+02,13.73023041
1961,149,1.383,-2.549,-0.583,0,-2.549,2.89E+02,8.866718207
1961,150,6.218,-2.002,2.108,0,-2.002,3.26E+02,14.44813294
1961,151,19.452,-6.129,6.6615,0,-6.129,2.43E+02,21.19374994
1961,152,20.671,-0.406,10.1325,1.294,-0.406,1.50E+02,20.57973347
1961,153,17.715,7.07,12.3925,14.787,7.07,2.54E+02,16.50451981
1961,154,13.294,2.334,7.814,1.799,2.334,2.07E+02,16.73633047
1961,155,13.23,0.024,6.627,1.972,0.024,2.19E+02,18.08734787
1961,156,14.279,4.291,9.285,0.061,4.291,2.31E+02,16.04607091
1961,157,13.09,-0.507,6.2915,3.784,-0.507,1.80E+02,18.3093444
1961,158,11.581,7.712,9.6465,0.639,7.712,3.07E+02,8.78293132
1961,159,10.61,1.778,6.194,0.025,1.778,2.65E+02,15.09596694
1961,160,17.213,-1.662,7.7755,0,-1.662,2.47E+02,20.2414257
1961,161,8.674,1.537,5.1055,0,1.537,3.62E+02,13.38627435
1961,162,19.23,-3.381,7.9245,0,-3.381,3.33E+02,21.02035968
1961,163,24.403,4.307,14.355,0.334,4.307,3.08E+02,20.56163255
1961,164,16.618,2.76,9.689,0,2.76,1.41E+02,18.49958458
1961,165,10.721,0.4,5.5605,0,0.4,2.77E+02,16.35952874
1961,166,14.439,2.077,8.258,0,2.077,2.48E+02,17.71796793
1961,167,20.906,-0.103,10.4015,0,-0.103,2.60E+02,20.77952534
1961,168,25.402,5.378,15.39,0.046,5.378,1.78E+02,20.57923651
1961,169,18.92,11.532,15.226,6.276,11.532,1.39E+02,13.68516735
1961,170,16.816,10.435,13.6255,2.554,10.435,1.31E+02,12.5054045
1961,171,15.609,2.738,9.1735,0.754,2.738,3.59E+02,18.01544424
1961,172,16.066,6.45,11.258,0.241,6.45,2.63E+02,15.81462342
1961,173,22.712,6.674,14.693,0,6.674,1.85E+02,19.43844489
1961,174,21.966,12.352,17.159,4.362,12.352,9.72E+01,15.81109212
1961,175,21.14,14.084,17.612,0.012,14.084,1.68E+02,13.31124725
1961,176,19.262,9.19,14.226,2.289,9.19,1.93E+02,16.1741118
1961,177,19.081,11.455,15.268,0,11.455,3.23E+02,13.93698334
1961,178,24.323,7.558,15.9405,5.755,7.558,3.00E+02,19.6714153
1961,179,19.959,13.224,16.5915,3.453,13.224,2.77E+02,12.92805987
1961,180,27.079,14.208,20.6435,0.02,14.208,2.19E+02,17.98604117
1961,181,17.713,10.271,13.992,0,10.271,1.38E+02,13.72670619
1961,182,18.77,2.808,10.789,1.143,2.808,1.34E+02,19.35691822
1961,183,20.361,4.769,12.565,0,4.769,2.11E+02,19.20762154
1961,184,18.25,10.602,14.426,10.961,10.602,1.80E+02,13.93380077
1961,185,9.256,4.948,7.102,1.147,4.948,1.42E+02,9.518137773
1961,186,12.146,6.009,9.0775,3.967,6.009,2.31E+02,12.16336452
1961,187,17.615,7.734,12.6745,1.175,7.734,3.10E+02,15.95865823
1961,188,21.056,3.78,12.418,0,3.78,1.94E+02,19.71481554
1961,189,20.546,8.77,14.658,3.727,8.77,1.22E+02,17.26248055
1961,190,21.304,10.414,15.859,0.079,10.414,1.43E+02,16.67170498
1961,191,22.608,9.349,15.9785,0,9.349,1.78E+02,18.06457336
1961,192,25.59,10.429,18.0095,0.038,10.429,1.39E+02,18.90202057
1961,193,23.945,8.023,15.984,0.026,8.023,1.29E+02,19.16855527
1961,194,25.903,5.951,15.927,0,5.951,1.89E+02,20.27020141
1961,195,25.911,13.738,19.8245,0.785,13.738,8.64E+01,17.40730947
1961,196,24.169,15.65,19.9095,17.447,15.65,1.05E+02,14.69413063
1961,197,23.049,17.002,20.0255,2.5,17.002,1.25E+02,11.97993466
1961,198,22.714,16.08,19.397,7.071,16.08,1.07E+02,12.69384454
1961,199,21.175,15.773,18.474,10.71,15.773,2.57E+02,11.10385134
1961,200,25.471,13.146,19.3085,0,13.146,1.13E+02,17.39202259
1961,201,27.103,9.496,18.2995,0.1,9.496,1.85E+02,19.48815956
1961,202,28.066,13.215,20.6405,0.026,13.215,2.08E+02,18.53513679
1961,203,28.198,12.559,20.3785,0,12.559,1.91E+02,18.80144095
1961,204,30.385,9.419,19.902,3.265,9.419,2.56E+02,20.12960879
1961,205,27.733,18.041,22.887,4.39,18.041,3.28E+02,15.54476044
1961,206,24.799,16.11,20.4545,3.54,16.11,1.85E+02,14.69446242
1961,207,23.703,11.568,17.6355,0,11.568,2.57E+02,17.10743691
1961,208,25.426,9.133,17.2795,8.445,9.133,1.31E+02,18.84535646
1961,209,22.158,14.744,18.451,0.482,14.744,1.49E+02,13.41882764
1961,210,23.346,9.909,16.6275,5.743,9.909,1.64E+02,17.67247232
1961,211,17.813,10.753,14.283,0,10.753,2.29E+02,13.00999921
1961,212,15.654,1.938,8.796,0,1.938,2.73E+02,17.72541505
1961,213,20.41,3.839,12.1245,0,3.839,2.03E+02,18.71921347
1961,214,20.628,7.49,14.059,7.001,7.49,2.53E+02,17.38764946
1961,215,20.576,12.707,16.6415,2.104,12.707,2.18E+02,13.75863512
1961,216,24.406,7.767,16.0865,0.885,7.767,2.40E+02,18.59568599
1961,217,24.828,13.554,19.191,5.476,13.554,9.38E+01,16.29252657
1961,218,20.797,13.359,17.078,0.081,13.359,1.92E+02,13.27096434
1961,219,24.872,14.104,19.488,0.023,14.104,2.00E+02,15.91249113
1961,220,22.233,16.898,19.5655,3.667,16.898,1.79E+02,10.78878364
1961,221,21.623,2.936,12.2795,0.971,2.936,1.74E+02,18.81890324
1961,222,23.936,10.938,17.437,27.807,10.938,1.72E+02,16.98396114
1961,223,22.167,11.145,16.656,0.819,11.145,1.38E+02,15.91597272
1961,224,16.788,11.653,14.2205,1.961,11.653,1.99E+02,10.46006273
1961,225,11.9,7.943,9.9215,0.588,7.943,2.06E+02,8.701977978
1961,226,15.617,2.705,9.161,13.031,2.705,1.59E+02,16.75022547
1961,227,18.234,7.412,12.823,10.222,7.412,2.35E+02,15.62989234
1961,228,14.343,6.034,10.1885,0,6.034,2.18E+02,13.80595
1961,229,22.029,2.771,12.4,0,2.771,2.45E+02,18.38272113
1961,230,26.609,7.574,17.0915,6.061,7.574,2.30E+02,18.26864917
1961,231,15.11,11.036,13.073,0.601,11.036,2.58E+02,8.819117534
1961,232,19.354,2.909,11.1315,0,2.909,3.44E+02,17.57649147
1961,233,20.021,5.777,12.899,0,5.777,3.00E+02,16.86480728
1961,234,22.565,9.123,15.844,0.193,9.123,2.47E+02,16.51289367
1961,235,24.323,10.929,17.626,0,10.929,2.38E+02,16.4313209
1961,236,23.852,10.579,17.2155,4.981,10.579,3.22E+02,16.32119503
1961,237,24.727,16.061,20.394,0.403,16.061,1.69E+02,13.75663043
1961,238,19.2,11.617,15.4085,12.299,11.617,2.52E+02,12.83313331
1961,239,19.888,14.58,17.234,6.419,14.58,2.79E+02,10.40590091
1961,240,18.871,15.098,16.9845,0,15.098,2.61E+02,8.22913664
1961,241,23.624,10.432,17.028,0,10.432,2.46E+02,15.95273638
1961,242,25.449,10.586,18.0175,7.523,10.586,1.63E+02,16.4065021
1961,243,22.801,14.462,18.6315,7.238,14.462,1.35E+02,13.24773994
1961,244,19.13,13.359,16.2445,1.991,13.359,1.87E+02,10.82790909
1961,245,21.619,14.303,17.961,0.019,14.303,3.23E+02,12.33114236
1961,246,27.581,14.669,21.125,0.924,14.669,1.37E+02,15.48692651
1961,247,23.241,17.58,20.4105,0,17.58,1.48E+02,10.61706808
1961,248,20.819,6.185,13.502,0,6.185,1.49E+02,15.84785402
1961,249,22.06,3.966,13.013,1.833,3.966,2.53E+02,16.43466731
1961,250,20.802,6.11,13.456,0.035,6.11,2.47E+02,15.68693411
1961,251,23.247,9.291,16.269,10.591,9.291,3.50E+02,15.40659758
1961,252,21.949,10.551,16.25,5.27,10.551,2.41E+02,14.45735628
1961,253,24.696,15.526,20.111,11.811,15.526,1.40E+02,13.27946507
1961,254,21.304,15.202,18.253,1.035,15.202,2.17E+02,10.85071728
1961,255,10.735,5.548,8.1415,0,5.548,2.65E+02,9.836886207
1961,256,9.768,2.346,6.057,1.183,2.346,3.17E+02,11.92495034
1961,257,11.14,2.31,6.725,42.274,2.31,1.80E+02,12.83144195
1961,258,9.096,5.387,7.2415,1.664,5.387,3.05E+02,7.834390476
1961,259,10.878,-0.185,5.3465,0.023,-0.185,3.46E+02,13.78144314
1961,260,18.276,-1.425,8.4255,0,-1.425,2.74E+02,15.40341155
1961,261,19.745,5.184,12.4645,0,5.184,3.15E+02,14.60419223
1961,262,22.806,10.374,16.59,0.378,10.374,2.49E+02,13.98829985
1961,263,23.223,8.238,15.7305,0,8.238,2.15E+02,14.47697559
1961,264,23.83,10.919,17.3745,0.03,10.919,1.35E+02,13.93044683
1961,265,22.441,14.659,18.55,0.844,14.659,1.59E+02,11.68540424
1961,266,20.766,13.456,17.111,1.214,13.456,2.45E+02,11.30700995
1961,267,14.257,10.795,12.526,3.468,10.795,1.53E+02,7.291786386
1961,268,13.499,9.154,11.3265,8.495,9.154,2.40E+02,8.446300215
1961,269,14.425,9.233,11.829,8.191,9.233,3.46E+02,9.359497046
1961,270,10.175,7.577,8.876,2.072,7.577,2.44E+02,5.877887913
1961,271,10.052,7.658,8.855,4.81,7.658,1.94E+02,5.511024607
1961,272,6.237,1.377,3.807,1.723,1.377,1.58E+02,8.900255802
1961,273,15.661,1.429,8.545,10.58,1.429,2.29E+02,13.26053392
1961,274,18.937,4.871,11.904,1.294,4.871,1.31E+02,13.12296031
1961,275,6.222,3.254,4.738,0.069,3.254,8.64E+01,6.39616276
1961,276,6.492,-1.714,2.389,0,-1.714,8.64E+01,11.19362163
1961,277,8.215,-1.384,3.4155,0,-1.384,8.64E+01,11.71742737
1961,278,11.184,-3.93,3.627,4.031,-3.93,8.64E+01,12.80419485
1961,279,20.574,0.451,10.5125,0,0.451,8.64E+01,13.01919056
1961,280,22.311,7.382,14.8465,0,7.382,8.64E+01,12.54758578
1961,281,23.167,5.069,14.118,0,5.069,8.64E+01,12.66951039
1961,282,21.523,4.164,12.8435,0.534,4.164,8.64E+01,12.50119776
1961,283,14.693,2.131,8.412,0,2.131,8.64E+01,11.88756363
1961,284,17.671,1.639,9.655,0,1.639,8.64E+01,12.16469492
1961,285,16.92,6.215,11.5675,0.295,6.215,8.64E+01,11.3104074
1961,286,9.916,2.183,6.0495,12.323,2.183,8.64E+01,10.22236908
1961,287,3.721,2.204,2.9625,0.035,2.204,8.64E+01,3.709692223
1961,288,-0.932,-3.018,-1.975,0.206,-3.018,8.64E+01,4.758920564
1961,289,0.274,-3.536,-1.631,0,-3.536,8.64E+01,7.158269588
1961,290,15.908,-3.029,6.4395,0.007,-3.029,8.64E+01,11.54811585
1961,291,15.928,-0.284,7.822,0,-0.284,8.64E+01,11.31765047
1961,292,4.443,-1.727,1.358,0,-1.727,8.64E+01,8.990473426
1961,293,9.053,-1.398,3.8275,0,-1.398,8.64E+01,10.46681478
1961,294,9.581,-5.663,1.959,0,-5.663,8.64E+01,10.9044959
1961,295,6.859,-2.868,1.9955,0,-2.868,8.64E+01,10.12138002
1961,296,9.053,-3.263,2.895,0,-3.263,8.64E+01,10.44029816
1961,297,9.104,-1.437,3.8335,0,-1.437,8.64E+01,10.09013531
1961,298,8.928,-3.271,2.8285,22.711,-3.271,8.64E+01,10.21403617
1961,299,5.171,0.47,2.8205,2.797,0.47,8.64E+01,7.60708893
1961,300,-1.854,-3.056,-2.455,2.606,-3.056,8.64E+01,2.985728368
1961,301,4.086,-6.482,-1.198,10.573,-6.482,8.64E+01,9.703514299
1961,302,4.234,-5.528,-0.647,1.518,-5.528,8.64E+01,9.477309002
1961,303,0.82,-4.756,-1.968,6.953,-4.756,8.64E+01,7.988923745
1961,304,1.23,-2.934,-0.852,0.52,-2.934,8.64E+01,6.953482113
1961,305,0.71,-4.032,-1.661,2.686,-4.032,8.64E+01,7.355605559
1961,306,2.757,-4.006,-0.6245,6.743,-4.006,2.87E+02,8.358005044
1961,307,12.582,-1.863,5.3595,14.57,-1.863,1.19E+02,9.407052741
1961,308,6.108,0.398,3.253,0,0.398,1.37E+02,7.773323272
1961,309,7.793,-1.708,3.0425,0,-1.708,1.93E+02,8.808633191
1961,310,1.283,-3.504,-1.1105,0,-3.504,2.53E+02,7.147955303
1961,311,0.051,-3.477,-1.713,2.451,-3.477,2.35E+02,6.134008561
1961,312,-0.173,-2.974,-1.5735,4.835,-2.974,1.39E+02,5.348842476
1961,313,-0.978,-4.102,-2.54,1.478,-4.102,2.48E+02,5.677401621
1961,314,-3.938,-9.836,-6.887,0,-9.836,2.78E+02,7.512241999
1961,315,0.951,-11.756,-5.4025,0,-11.756,2.71E+02,8.555688673
1961,316,7.081,-8.402,-0.6605,6.989,-8.402,2.93E+02,8.542539323
1961,317,5.585,1.405,3.495,6.862,1.405,2.08E+02,6.443815517
1961,318,0.815,-3.477,-1.331,0,-3.477,1.07E+02,6.479740356
1961,319,3.025,-3.377,-0.176,0,-3.377,1.92E+02,7.404383888
1961,320,2.332,-1.393,0.4695,10.713,-1.393,1.33E+02,6.004497774
1961,321,1.377,0.251,0.814,18.859,0.251,1.56E+02,2.714125027
1961,322,-5.915,-7.746,-6.8305,0.075,-7.746,1.55E+02,3.903056271
1961,323,-4.176,-11.951,-8.0635,0,-11.951,1.43E+02,7.487610164
1961,324,-1.584,-10.02,-5.802,0,-10.02,3.22E+02,7.525745895
1961,325,-0.505,-7.233,-3.869,0,-7.233,2.03E+02,7.15795766
1961,326,0.274,-5.77,-2.748,6.927,-5.77,2.44E+02,6.922756965
1961,327,1.813,-2.716,-0.4515,8.665,-2.716,1.93E+02,6.274161476
1961,328,1.731,-0.284,0.7235,7.997,-0.284,2.52E+02,4.088656577
1961,329,1.049,-3.437,-1.194,0,-3.437,2.63E+02,6.182073355
1961,330,1.865,-4.087,-1.111,7.608,-4.087,3.01E+02,6.714281686
1961,331,-4.605,-5.29,-4.9475,9.967,-5.29,3.58E+02,1.768398194
1961,332,-4.269,-7.886,-6.0775,8.759,-7.886,2.16E+02,5.577892217
1961,333,-5.23,-7.865,-6.5475,6.813,-7.865,4.31E+02,4.736898202
1961,334,-4.729,-7.332,-6.0305,0,-7.332,3.32E+02,4.689235022
1961,335,-3.865,-7.883,-5.874,1.112,-7.883,3.83E+02,5.75530689
1961,336,-1.971,-7.653,-4.812,0,-7.653,1.65E+02,6.4120892
1961,337,-1.402,-6.464,-3.933,0,-6.464,2.58E+02,6.181022964
1961,338,0.054,-4.905,-2.4255,5.483,-4.905,1.02E+02,6.116054539
1961,339,0.267,-2.375,-1.054,0.72,-2.375,3.09E+02,4.659357238
1961,340,-4.699,-9.895,-7.297,2.868,-9.895,3.33E+02,6.149566302
1961,341,-3.378,-8.89,-6.134,0.592,-8.89,1.87E+02,6.223530601
1961,342,-9.941,-13.025,-11.483,0,-13.025,1.63E+02,5.006320435
1961,343,-7.458,-16.852,-12.155,4.655,-16.852,2.89E+02,6.722914496
1961,344,-6.204,-19.401,-12.8025,3.827,-19.401,1.78E+02,6.803302357
1961,345,-5.733,-10.568,-8.1505,6.025,-10.568,1.89E+02,5.926681728
1961,346,-1.501,-23.241,-12.371,6.177,-23.241,2.57E+02,6.781444412
1961,347,-7.658,-23.386,-15.522,2.168,-23.386,1.30E+02,6.752661822
1961,348,-11.188,-24.727,-17.9575,4.658,-24.727,1.22E+02,6.721810223
1961,349,-17.257,-23.366,-20.3115,0,-23.366,2.67E+02,6.233486943
1961,350,-15.062,-29.674,-22.368,0,-29.674,2.06E+02,6.703019887
1961,351,-11.517,-23.549,-17.533,0.103,-23.549,2.74E+02,6.666952626
1961,352,-11.003,-18.816,-14.9095,1.491,-18.816,3.01E+02,6.463201949
1961,353,-14.28,-22.853,-18.5665,0.168,-22.853,3.14E+02,6.524813844
1961,354,-9.126,-21.321,-15.2235,6.788,-21.321,3.41E+02,6.657980296
1961,355,-10.903,-21.544,-16.2235,0,-21.544,2.25E+02,6.624927945
1961,356,-8.318,-15.141,-11.7295,0.425,-15.141,8.86E+01,6.340148005
1961,357,-7.234,-11.876,-9.555,0.168,-11.876,9.04E+01,5.795422003
1961,358,-8.167,-14.219,-11.193,1.112,-14.219,1.86E+02,6.213059456
1961,359,-8.685,-16.854,-12.7695,0.258,-16.854,2.82E+02,6.521776766
1961,360,-4.2,-15.864,-10.032,0.899,-15.864,9.70E+01,6.696515931
1961,361,-2.711,-12.962,-7.8365,0.322,-12.962,1.06E+02,6.673935516
1961,362,-4.161,-7.553,-5.857,6.788,-7.553,1.17E+02,5.187436137
1961,363,-8.839,-20.932,-14.8855,0,-20.932,2.14E+02,6.764078712
1961,364,-14.159,-25.875,-20.017,0.039,-25.875,2.83E+02,6.781722454
1961,365,-18.033,-24.556,-21.2945,3.236,-24.556,1.63E+02,6.414047235
1961,366,-18.033,-24.556,-21.2945,3.236,-24.556,1.63E+02,6.414047235
