DJ0207XDMNXPHWR
CCXMDDM
24,1,12.0
7,0.075,0.125,0.00,0,0,0,0,0,0,0,0
1962,1,-18.535,-29.55,-24.0425,0.046,-29.55,1.60E+02,6.821232512,,,
1962,2,-14.756,-28.259,-21.5075,5.528,-28.259,1.91E+02,6.90058237,,,
1962,3,-13.676,-28.118,-20.897,1.374,-28.118,2.38E+02,6.945258549,,,
1962,4,-24.821,-31.095,-27.958,0,-31.095,3.58E+02,6.469392143,,,
1962,5,-20.852,-35.535,-28.1935,2.536,-35.535,1.22E+02,7.027144674,,,
1962,6,-13.458,-36.111,-24.7845,9.128,-36.111,1.81E+02,7.089874485,,,
1962,7,-7.57,-32.952,-20.261,25.115,-32.952,1.85E+02,7.137766524,,,
1962,8,-12.975,-21.315,-17.145,4.969,-21.315,2.16E+02,6.928477961,,,
1962,9,-13.51,-19.03,-16.27,2.804,-19.03,1.73E+02,6.432730161,,,
1962,10,-14.988,-20.49,-17.739,1.034,-20.49,1.45E+02,6.462267085,,,
1962,11,-9.189,-21.608,-15.3985,5.069,-21.608,1.08E+02,7.293494995,,,
1962,12,-9.749,-16.239,-12.994,0.065,-16.239,1.08E+02,6.813086026,,,
1962,13,-5.796,-34.82,-20.308,0,-34.82,2.86E+02,7.476052593
1962,14,-2.821,-21.603,-12.212,4.601,-21.603,1.40E+02,7.534870973
1962,15,-1.905,-6.448,-4.1765,12.339,-6.448,2.46E+02,6.248583689
1962,16,-15.093,-24.934,-20.0135,1.053,-24.934,4.62E+02,7.481644897
1962,17,-26.666,-27.724,-27.195,0,-27.724,2.31E+02,2.55809552
1962,18,-26.509,-34.573,-30.541,0.839,-34.573,1.42E+02,7.416965134
1962,19,-21.412,-33.371,-27.3915,0,-33.371,2.97E+02,7.797677773
1962,20,-20.161,-37.791,-28.976,0,-37.791,4.20E+02,7.96795229
1962,21,-9.801,-36.257,-23.029,4.398,-36.257,1.59E+02,8.064223429
1962,22,-7.028,-20.813,-13.9205,4.185,-20.813,2.39E+02,8.082921573
1962,23,-18.947,-21.155,-20.051,0.046,-21.155,2.50E+02,4.459479513
1962,24,-7.184,-36.35,-21.767,8.582,-36.35,2.60E+02,8.323655283
1962,25,-11.254,-23.739,-17.4965,0.032,-23.739,2.40E+02,8.291960625
1962,26,-11.683,-26.79,-19.2365,4.253,-26.79,1.11E+02,8.453053177
1962,27,-18.281,-27.031,-22.656,0,-27.031,1.23E+02,8.134037057
1962,28,-23.071,-25.238,-24.1545,0,-25.238,1.51E+02,4.484702128
1962,29,-25.669,-42.872,-34.2705,0,-42.872,2.18E+02,8.764770417
1962,30,-22.017,-41.843,-31.93,0.871,-41.843,2.66E+02,8.884025678
1962,31,-30.572,-38.262,-34.417,0,-38.262,1.86E+02,8.22428314
1962,32,-29.742,-44.297,-37.0195,0,-44.297,2.91E+02,9.011509239
1962,33,-16.86,-43.814,-30.337,3.527,-43.814,1.10E+02,9.212912279
1962,34,-10.837,-33.32,-22.0785,2.835,-33.32,1.90E+02,9.313919646
1962,35,-13.787,-21.972,-17.8795,5.001,-21.972,2.77E+02,8.647643945
1962,36,-11.348,-21.037,-16.1925,1.902,-21.037,2.79E+02,9.021630331
1962,37,-30.533,-31.558,-31.0455,0,-31.558,1.21E+02,2.58532829
1962,38,-21.82,-43.911,-32.8655,0,-43.911,2.79E+02,9.760520119
1962,39,-20.575,-41.533,-31.054,1.276,-41.533,2.25E+02,9.869668142
1962,40,-23.543,-36.481,-30.012,0,-36.481,1.99E+02,9.760468381
1962,41,-23.613,-44.357,-33.985,0,-44.357,1.87E+02,10.10296998
1962,42,-17.953,-42.821,-30.387,0,-42.821,2.31E+02,10.2449366
1962,43,-10.563,-33.809,-22.186,0,-33.809,2.29E+02,10.36081302
1962,44,-14.186,-32.268,-23.227,0,-32.268,2.79E+02,10.42448037
1962,45,-11.79,-32.07,-21.93,0.831,-32.07,2.61E+02,10.5824664
1962,46,-6.726,-20.205,-13.4655,0,-20.205,2.35E+02,10.45371175
1962,47,-6.937,-16.287,-11.612,4.53,-16.287,1.76E+02,9.951912006
1962,48,-7.728,-11.797,-9.7625,1.569,-11.797,2.32E+02,7.224170259
1962,49,-18.122,-32.402,-25.262,0,-32.402,2.00E+02,10.85596337
1962,50,-11.9,-36.312,-24.106,0.146,-36.312,1.55E+02,11.25498862
1962,51,-9.516,-23.68,-16.598,0.018,-23.68,1.31E+02,11.07864261
1962,52,-18.52,-31.159,-24.8395,0,-31.159,3.10E+02,11.03619127
1962,53,-14.172,-35.608,-24.89,4.208,-35.608,2.00E+02,11.61766734
1962,54,-15.202,-23.56,-19.381,0,-23.56,2.25E+02,10.25746064
1962,55,-13.466,-33.638,-23.552,0,-33.638,1.69E+02,11.85501058
1962,56,-10.825,-36.253,-23.539,1.456,-36.253,2.27E+02,12.06130875
1962,57,-7.538,-24.422,-15.98,12.592,-24.422,1.38E+02,11.98836894
1962,58,-5.261,-13.384,-9.3225,0,-13.384,1.29E+02,10.48333453
1962,59,-6.241,-12.595,-9.418,10.305,-12.595,1.22E+02,9.600866494
1962,60,-15.474,-18.428,-16.951,0,-18.428,1.29E+02,6.220902038
1962,61,-17.117,-29.458,-23.2875,0,-29.458,1.27E+02,11.97245577
1962,62,-8.928,-27.228,-18.078,6.864,-27.228,2.33E+02,12.69842229
1962,63,-1.636,-20.058,-10.847,1.151,-20.058,3.16E+02,12.8332753
1962,64,0.57,-8.447,-3.9385,0,-8.447,2.30E+02,11.33775156
1962,65,-0.68,-15.071,-7.8755,0,-15.071,1.48E+02,12.73389769
1962,66,0.421,-21.796,-10.6875,0,-21.796,2.94E+02,13.37189609
1962,67,2.05,-22.579,-10.2645,0,-22.579,1.63E+02,13.55967863
1962,68,4.282,-22.78,-9.249,0,-22.78,1.28E+02,13.73132027
1962,69,4.846,-20.443,-7.7985,0,-20.443,1.18E+02,13.84559211
1962,70,6.138,-16.837,-5.3495,0,-16.837,2.83E+02,13.93180233
1962,71,3.449,-12.948,-4.7495,0,-12.948,2.68E+02,13.6762117
1962,72,2.212,-5.549,-1.6685,0,-5.549,1.85E+02,11.30532135
1962,73,0.011,-12.887,-6.438,0,-12.887,3.58E+02,13.34709543
1962,74,0.761,-10.324,-4.7815,0,-10.324,2.20E+02,12.95190049
1962,75,1.882,-11.211,-4.6645,0,-11.211,3.22E+02,13.59489759
1962,76,-0.492,-8.792,-4.642,0,-8.792,1.79E+02,11.88677868
1962,77,-6.709,-14.462,-10.5855,0,-14.462,1.62E+02,11.61644001
1962,78,-1.946,-26.66,-14.303,0,-26.66,1.58E+02,15.05168775
1962,79,5.414,-20.712,-7.649,0,-20.712,1.42E+02,15.2214716
1962,80,5.048,-10.112,-2.532,3.667,-10.112,3.03E+02,14.52787175
1962,81,-5.453,-12.984,-9.2185,0,-12.984,3.27E+02,11.69971184
1962,82,3.237,-12.732,-4.7475,0,-12.732,3.25E+02,14.87684001
1962,83,4.539,-12.76,-4.1105,0,-12.76,1.76E+02,15.17623411
1962,84,5.516,-7.838,-1.161,0,-7.838,2.63E+02,14.53962159
1962,85,8.081,-3.375,2.353,0,-3.375,2.28E+02,14.02889067
1962,86,6.907,-6.698,0.1045,0,-6.698,2.34E+02,14.7918032
1962,87,7.75,-8.509,-0.3795,0,-8.509,2.77E+02,15.45306369
1962,88,8.117,-3.52,2.2985,0,-3.52,2.19E+02,14.33823958
1962,89,8.091,0.029,4.06,2.652,0.029,3.49E+02,12.5137793
1962,90,-0.541,-8.805,-4.673,0,-8.805,1.75E+02,12.70916294
1962,91,1.367,-14.154,-6.3935,0,-14.154,2.78E+02,15.71140934
1962,92,-3.911,-12.89,-8.4005,0,-12.89,2.57E+02,13.29303132
1962,93,-0.699,-19.728,-10.2135,0,-19.728,1.55E+02,16.47949135
1962,94,4.029,-12.553,-4.262,0,-12.553,1.23E+02,16.20736076
1962,95,2.552,-3.731,-0.5895,0.061,-3.731,4.34E+02,11.25625806
1962,96,5.652,-3.084,1.284,4.054,-3.084,5.46E+02,13.35087533
1962,97,0.346,-1.524,-0.589,1.41,-1.524,4.32E+02,4.691977604
1962,98,6.927,-2.547,2.19,0.132,-2.547,2.54E+02,13.93765744
1962,99,9.576,-6.867,1.3545,0,-6.867,2.16E+02,16.63932424
1962,100,1.93,-0.465,0.7325,2.197,-0.465,2.38E+02,5.777318789
1962,101,0.709,-6.362,-2.8265,0,-6.362,2.38E+02,12.23317468
1962,102,5.534,-8.622,-1.544,0,-8.622,2.58E+02,16.29493982
1962,103,4.642,-6.198,-0.778,0.067,-6.198,1.28E+02,14.99929608
1962,104,0.263,-3.128,-1.4325,1.115,-3.128,2.05E+02,7.62126236
1962,105,0.585,-5.367,-2.391,0,-5.367,2.06E+02,11.20323045
1962,106,1.061,-8.619,-3.779,0,-8.619,2.12E+02,14.47729678
1962,107,1.721,-10.859,-4.569,0,-10.859,2.30E+02,16.05984081
1962,108,4.192,-15.133,-5.4705,0,-15.133,2.75E+02,17.93963888
1962,109,6.075,-10.313,-2.119,0,-10.313,1.69E+02,17.43674321
1962,110,7.194,-8.191,-0.4985,0,-8.191,3.67E+02,17.24065628
1962,111,9.376,0.003,4.6895,7.587,0.003,3.70E+02,14.49189409
1962,112,3.849,0.079,1.964,0.049,0.079,3.41E+02,8.338357514
1962,113,3.965,-3.233,0.366,0.951,-3.233,3.31E+02,12.73966945
1962,114,-0.239,-13.941,-7.09,0.067,-13.941,1.66E+02,16.92957312
1962,115,3.867,-12.866,-4.4995,0,-12.866,4.05E+02,17.94298544
1962,116,4.595,-12.376,-3.8905,0,-12.376,2.09E+02,18.06825576
1962,117,6.393,-4.93,0.7315,13.279,-4.93,2.71E+02,15.97398922
1962,118,1.37,-2.496,-0.563,8.113,-2.496,2.48E+02,8.557357208
1962,119,7.453,-8.462,-0.5045,0,-8.462,2.42E+02,17.96852309
1962,120,9.996,-1.758,4.119,0,-1.758,3.43E+02,16.34036159
1962,121,10.652,-0.3,5.176,7.963,-0.3,1.69E+02,15.92558315
1962,122,5.919,3.454,4.6865,4.947,3.454,1.29E+02,6.03554596
1962,123,4.533,2.484,3.5085,5.837,2.484,1.90E+02,5.172764531
1962,124,11.336,2.461,6.8985,0.655,2.461,2.57E+02,14.55946493
1962,125,12.175,2.412,7.2935,4.007,2.412,1.56E+02,15.27509832
1962,126,10.112,4.632,7.372,2.412,4.632,1.92E+02,11.02815328
1962,127,1.768,-7.34,-2.786,0,-7.34,2.36E+02,14.83079347
1962,128,8.002,-7.374,0.314,0,-7.374,3.99E+02,18.26103937
1962,129,11.042,-2.979,4.0315,0,-2.979,2.57E+02,17.79033689
1962,130,8.241,-1.991,3.125,0,-1.991,3.00E+02,15.75705294
1962,131,10.553,-6.116,2.2185,0,-6.116,2.36E+02,18.8080158
1962,132,13.919,-5.507,4.206,0,-5.507,3.05E+02,19.53770575
1962,133,18.239,0.431,9.335,7.016,0.431,1.49E+02,19.21074389
1962,134,12.97,7.228,10.099,0.845,7.228,2.64E+02,11.47280431
1962,135,15.034,1.514,8.274,4.039,1.514,1.77E+02,17.78940919
1962,136,19.254,6.288,12.771,5.976,6.288,2.73E+02,17.55519034
1962,137,18.92,8.257,13.5885,0.74,8.257,1.72E+02,16.23583377
1962,138,29.847,9.448,19.6475,0,9.448,2.17E+02,19.99901468
1962,139,17.09,7.338,12.214,0.031,7.338,2.62E+02,15.61846348
1962,140,17.567,2.394,9.9805,5.208,2.394,2.27E+02,18.64084466
1962,141,12.815,0.546,6.6805,0,0.546,2.50E+02,17.32247086
1962,142,16.583,-0.94,7.8215,0,-0.94,3.22E+02,19.47615341
1962,143,14.156,-3.262,5.447,2.347,-3.262,1.83E+02,19.47775433
1962,144,9.505,4.141,6.823,7.887,4.141,2.26E+02,11.05346669
1962,145,11.88,3.943,7.9115,4.758,3.943,2.15E+02,14.11452578
1962,146,4.938,1.521,3.2295,2.11,1.521,2.26E+02,7.951054128
1962,147,14.036,-0.253,6.8915,2.645,-0.253,2.94E+02,18.46299707
1962,148,24.265,3.23,13.7475,0,3.23,1.86E+02,20.46774254
1962,149,16.455,11.6,14.0275,32.054,11.6,2.89E+02,10.34448361
1962,150,17.515,7.082,12.2985,7.953,7.082,3.26E+02,16.31375573
1962,151,19.131,6.597,12.864,5.363,6.597,2.43E+02,17.66922534
1962,152,17.116,11.435,14.2755,7.796,11.435,1.50E+02,11.539704
1962,153,6.573,2.179,4.376,0.532,2.179,2.54E+02,9.643990268
1962,154,17.214,2.761,9.9875,0,2.761,2.07E+02,18.66577835
1962,155,21.987,1.279,11.633,0.119,1.279,2.19E+02,20.57314233
1962,156,20.457,3.851,12.154,0,3.851,2.31E+02,19.52314728
1962,157,21.392,0.71,11.051,0,0.71,1.80E+02,20.60445453
1962,158,18.93,0.708,9.819,0,0.708,3.07E+02,20.0426364
1962,159,22.12,2.806,12.463,0,2.806,2.65E+02,20.33610859
1962,160,27.692,3.432,15.562,0.099,3.432,2.47E+02,21.22953603
1962,161,21.564,13.61,17.587,0.509,13.61,3.62E+02,14.26267588
1962,162,15.114,9.378,12.246,0.044,9.378,3.33E+02,11.65332446
1962,163,22.133,0.652,11.3925,0,0.652,3.08E+02,20.83857009
1962,164,26.306,2.313,14.3095,0,2.313,1.41E+02,21.24275752
1962,165,28.06,6.325,17.1925,0.119,6.325,2.77E+02,20.90207106
1962,166,30.228,13.456,21.842,0,13.456,2.48E+02,19.68211564
1962,167,22.951,17.459,20.205,21.429,17.459,2.60E+02,11.32597478
1962,168,12.705,7.112,9.9085,7.345,7.112,1.78E+02,11.46756153
1962,169,16.218,1.622,8.92,0,1.622,1.39E+02,18.85907179
1962,170,19.924,2.688,11.306,0.067,2.688,1.31E+02,19.84554368
1962,171,17.158,8.622,12.89,0,8.622,3.59E+02,14.85845754
1962,172,20.539,-0.333,10.103,0,-0.333,2.63E+02,20.76319412
1962,173,22.126,7.762,14.944,10.445,7.762,1.85E+02,18.75684989
1962,174,25.485,13.623,19.554,4.913,13.623,9.72E+01,17.42524211
1962,175,20.595,13.579,17.087,0.837,13.579,1.68E+02,13.26531172
1962,176,19.398,8.473,13.9355,0,8.473,1.93E+02,16.8032502
1962,177,19.804,3.731,11.7675,0,3.731,3.23E+02,19.43695247
1962,178,24.109,2.28,13.1945,0,2.28,3.00E+02,20.91557805
1962,179,29.233,10.658,19.9455,0,10.658,2.77E+02,20.20155416
1962,180,29.912,11.428,20.67,15.926,11.428,2.19E+02,20.16847086
1962,181,18.97,7.93,13.45,0,7.93,1.38E+02,16.85930203
1962,182,16.591,4.427,10.509,0,4.427,1.34E+02,17.56970072
1962,183,18.222,3.787,11.0045,0,3.787,2.11E+02,18.73009942
1962,184,22.85,2.69,12.77,0,2.69,1.80E+02,20.5220366
1962,185,24.882,4.889,14.8855,0,4.889,1.42E+02,20.47058481
1962,186,20.527,10.778,15.6525,0,10.778,2.31E+02,15.86228603
1962,187,19.996,10.347,15.1715,0,10.347,3.10E+02,15.77274465
1962,188,24.919,7.467,16.193,0,7.467,1.94E+02,19.76806575
1962,189,22.608,14.617,18.6125,29.433,14.617,1.22E+02,14.25444829
1962,190,17.979,16.073,17.026,1.5,16.073,1.43E+02,4.909838542
1962,191,20.888,9.312,15.1,0,9.312,1.78E+02,17.1109736
1962,192,23.877,9.408,16.6425,30.189,9.408,1.39E+02,18.61513347
1962,193,21.997,13.699,17.848,1.998,13.699,1.29E+02,14.51958502
1962,194,15.417,12.921,14.169,23.156,12.921,1.89E+02,6.173011757
1962,195,14.567,11.385,12.976,13.393,11.385,8.64E+01,7.521459727
1962,196,17.338,10.797,14.0675,0,10.797,1.05E+02,12.60099614
1962,197,25.993,6.524,16.2585,0,6.524,1.25E+02,20.07952439
1962,198,28.06,8.924,18.492,3.16,8.924,1.07E+02,19.97316635
1962,199,22.175,10.589,16.382,0.575,10.589,2.57E+02,16.98013296
1962,200,22.55,11.458,17.004,0,11.458,1.13E+02,16.64597828
1962,201,22.108,6.995,14.5515,4.597,6.995,1.85E+02,18.66676965
1962,202,20.254,9.243,14.7485,16.443,9.243,2.08E+02,16.55114386
1962,203,14.496,7.54,11.018,0.739,7.54,1.91E+02,13.01048109
1962,204,18.851,4.325,11.588,0,4.325,2.56E+02,18.34359357
1962,205,21.532,0.796,11.164,0,0.796,3.28E+02,20.04688338
1962,206,22.127,7.498,14.8125,5.608,7.498,1.85E+02,18.32135864
1962,207,17.379,12.62,14.9995,13.129,12.62,2.57E+02,10.11434801
1962,208,17.016,10.522,13.769,8.557,10.522,1.31E+02,12.41436881
1962,209,20.698,7.395,14.0465,7.083,7.395,1.49E+02,17.64414349
1962,210,22.717,10.486,16.6015,0,10.486,1.64E+02,17.06997378
1962,211,24.856,8.827,16.8415,2.125,8.827,2.29E+02,18.63918158
1962,212,18.899,12.364,15.6315,5.555,12.364,2.73E+02,12.40515276
1962,213,17.767,5.355,11.561,1.255,5.355,2.03E+02,17.06600499
1962,214,20.039,4.531,12.285,2,4.531,2.53E+02,18.33660859
1962,215,13.883,12.066,12.9745,19.897,12.066,2.18E+02,4.676024152
1962,216,15.418,11.411,13.4145,28.85,11.411,2.40E+02,8.865549031
1962,217,21.07,11.032,16.051,0.102,11.032,9.38E+01,15.49311987
1962,218,21.591,5.406,13.4985,4.836,5.406,1.92E+02,18.36133222
1962,219,16.086,10.983,13.5345,0.006,10.983,2.00E+02,10.48601607
1962,220,19.279,4.74,12.0095,0,4.74,1.79E+02,17.71107419
1962,221,21.446,7.253,14.3495,0,7.253,1.74E+02,17.5310067
1962,222,22.669,4.324,13.4965,0,4.324,1.72E+02,18.68515631
1962,223,24.068,7.754,15.911,0,7.754,1.38E+02,18.12472534
1962,224,27.545,8.498,18.0215,0,8.498,1.99E+02,18.69796531
1962,225,23.216,14.21,18.713,19.649,14.21,2.06E+02,14.47040704
1962,226,17.808,14.211,16.0095,0.444,14.211,1.59E+02,8.098006472
1962,227,22.09,3.482,12.786,0.043,3.482,2.35E+02,18.40829232
1962,228,16.17,9.996,13.083,6.879,9.996,2.18E+02,11.69055479
1962,229,16.975,5.476,11.2255,0.006,5.476,2.45E+02,15.91669064
1962,230,18.26,6.171,12.2155,4.303,6.171,2.30E+02,16.16378799
1962,231,15.608,8.348,11.978,0.028,8.348,2.58E+02,12.76348003
1962,232,18.714,5.186,11.95,0.17,5.186,3.44E+02,16.66924258
1962,233,19.183,4.783,11.983,0,4.783,3.00E+02,16.91727932
1962,234,21.546,1.71,11.628,0,1.71,2.47E+02,18.07903572
1962,235,24.781,4.412,14.5965,0,4.412,2.38E+02,18.06879183
1962,236,21.315,11.601,16.458,0,11.601,3.22E+02,14.53449617
1962,237,23.28,11.088,17.184,8.952,11.088,1.69E+02,15.8151968
1962,238,24.935,13.902,19.4185,0.015,13.902,2.52E+02,15.19982892
1962,239,24.535,15.478,20.0065,0,15.478,2.79E+02,13.95232608
1962,240,27.587,11.208,19.3975,0,11.208,2.61E+02,16.94594583
1962,241,29.721,11.521,20.621,0.069,11.521,2.46E+02,17.21400106
1962,242,24.29,14.782,19.536,0,14.782,1.63E+02,14.10577753
1962,243,24.719,9.516,17.1175,9.476,9.516,1.35E+02,16.41620545
1962,244,22.095,14.776,18.4355,0.009,14.776,1.87E+02,12.37343484
1962,245,21.828,6.193,14.0105,0,6.193,3.23E+02,16.35316622
1962,246,24.209,6.242,15.2255,0,6.242,1.37E+02,16.71096841
1962,247,23.739,2.682,13.2105,0,2.682,1.48E+02,16.99070165
1962,248,14.507,12.788,13.6475,15.454,12.788,1.49E+02,4.358778551
1962,249,14.516,1.071,7.7935,8.332,1.071,2.53E+02,15.42667008
1962,250,12.332,2.762,7.547,9.713,2.762,2.47E+02,13.69490084
1962,251,13.584,5.8,9.692,4.308,5.8,3.50E+02,12.44985268
1962,252,16.169,7.869,12.019,1.514,7.869,2.41E+02,12.77621553
1962,253,15.177,12.49,13.8335,10.396,12.49,1.40E+02,6.238984516
1962,254,17.042,11.158,14.1,9.941,11.158,2.17E+02,10.6302256
1962,255,13.464,10.246,11.855,1.204,10.246,2.65E+02,7.12478401
1962,256,20.896,9.332,15.114,31.659,9.332,3.17E+02,14.21451148
1962,257,15.09,10.881,12.9855,0.997,10.881,1.80E+02,8.560865152
1962,258,10.867,6.869,8.868,3.11,6.869,3.05E+02,8.248441
1962,259,7.883,4.289,6.086,0.022,4.289,3.46E+02,7.64484203
1962,260,10.511,4.344,7.4275,10.11,4.344,2.74E+02,10.67474348
1962,261,9.498,6.52,8.009,0.159,6.52,3.15E+02,6.643198486
1962,262,5.62,3.083,4.3515,8.071,3.083,2.49E+02,5.871453355
1962,263,5.08,0.31,2.695,0.934,0.31,2.15E+02,9.105753032
1962,264,6.146,-0.18,2.983,0.613,-0.18,1.35E+02,10.64050325
1962,265,9.472,-0.114,4.679,0.841,-0.114,1.59E+02,12.68272729
1962,266,12.901,0.267,6.584,0,0.267,2.45E+02,13.66570523
1962,267,13.256,2.068,7.662,0.639,2.068,1.53E+02,13.14970891
1962,268,8.347,3.601,5.974,0,3.601,2.40E+02,8.916443559
1962,269,9.98,2.633,6.3065,0,2.633,3.46E+02,11.15695725
1962,270,11.094,-1.706,4.694,0,-1.706,2.44E+02,13.30807323
1962,271,12.836,0.904,6.87,0,0.904,1.94E+02,12.9965194
1962,272,9.002,2.628,5.815,7.297,2.628,1.58E+02,10.28380639
1962,273,10.084,4.807,7.4455,4.32,4.807,2.29E+02,9.282977012
1962,274,11.077,6.977,9.027,0.058,6.977,1.31E+02,7.969292343
1962,275,16.467,6.898,11.6825,0,6.898,8.64E+01,11.87594243
1962,276,20.233,4.419,12.326,0,4.419,8.64E+01,13.11744711
1962,277,16.715,0.467,8.591,0,0.467,8.64E+01,13.03908103
1962,278,16.204,1.582,8.893,0,1.582,8.64E+01,12.74607442
1962,279,11.732,3.22,7.476,0,3.22,8.64E+01,11.11201051
1962,280,15.912,7.382,11.647,0,7.382,8.64E+01,11.04149896
1962,281,13.526,5.255,9.3905,0,5.255,8.64E+01,10.84854249
1962,282,14.53,2.62,8.575,4.323,2.62,8.64E+01,11.8760955
1962,283,9.36,4.693,7.0265,8.286,4.693,8.64E+01,8.276837854
1962,284,15.54,3.984,9.762,7.287,3.984,8.64E+01,11.59762627
1962,285,6.802,1.996,4.399,23.918,1.996,8.64E+01,8.326232449
1962,286,3.24,-0.763,1.2385,1.817,-0.763,8.64E+01,7.473208598
1962,287,1.977,-1.931,0.023,0,-1.931,8.64E+01,7.333922358
1962,288,11.638,-3.974,3.832,0.74,-3.974,8.64E+01,11.64688686
1962,289,16.755,-0.113,8.321,5.08,-0.113,8.64E+01,11.59678903
1962,290,5.257,3.535,4.396,0.201,3.535,8.64E+01,4.081641355
1962,291,5.375,-0.733,2.321,2.182,-0.733,8.64E+01,9.01361465
1962,292,10.117,0.033,5.075,0.874,0.033,8.64E+01,10.48595654
1962,293,3.832,1.535,2.6835,0,1.535,8.64E+01,5.037629242
1962,294,4.826,-1.186,1.82,0,-1.186,8.64E+01,8.773835581
1962,295,5.793,-0.207,2.793,3.723,-0.207,8.64E+01,8.706266009
1962,296,2.944,-0.264,1.34,1.414,-0.264,8.64E+01,6.245239278
1962,297,-0.731,-2.964,-1.8475,1.084,-2.964,8.64E+01,4.873357801
1962,298,-0.574,-6.797,-3.6855,0.063,-6.797,8.64E+01,8.64492603
1962,299,2.98,-10.772,-3.896,0,-10.772,8.64E+01,10.23822003
1962,300,2.423,-10.333,-3.955,0,-10.333,8.64E+01,10.05380704
1962,301,-2.406,-5.729,-4.0675,0.481,-5.729,8.64E+01,6.237363387
1962,302,1.364,-4.179,-1.4075,0,-4.179,8.64E+01,8.026481997
1962,303,1.19,-11.562,-5.186,0.481,-11.562,8.64E+01,9.735569613
1962,304,-0.903,-4.577,-2.74,2.564,-4.577,8.64E+01,6.508345485
1962,305,-1.494,-3.092,-2.293,0.876,-3.092,8.64E+01,3.70929717
1962,306,-3.39,-6.347,-4.8685,0.249,-6.347,2.87E+02,5.679494695
1962,307,-2.866,-19.526,-11.196,2.403,-19.526,1.19E+02,9.468549946
1962,308,-2.626,-15.947,-9.2865,5.22,-15.947,1.37E+02,9.254844994
1962,309,-4.756,-8.933,-6.8445,0,-8.933,1.93E+02,6.761075157
1962,310,-2.084,-21.192,-11.638,0,-21.192,2.53E+02,9.179008577
1962,311,1.154,-20.032,-9.439,4.303,-20.032,2.35E+02,9.08553808
1962,312,1.299,-1.862,-0.2815,1.348,-1.862,1.39E+02,5.743504103
1962,313,0.667,-6.705,-3.019,0,-6.705,2.48E+02,8.065237046
1962,314,1.789,-5.263,-1.737,0,-5.263,2.78E+02,7.909440882
1962,315,-2.069,-5.65,-3.8595,0,-5.65,2.71E+02,6.050792232
1962,316,-2.516,-16.149,-9.3325,0,-16.149,2.93E+02,8.499824935
1962,317,-6.333,-12.648,-9.4905,0,-12.648,2.08E+02,7.493168467
1962,318,-2.588,-12.312,-7.45,0,-12.312,1.07E+02,8.098056997
1962,319,-0.389,-16.271,-8.33,0,-16.271,1.92E+02,8.279458529
1962,320,-1.562,-15.944,-8.753,0,-15.944,1.33E+02,8.170724166
1962,321,-3.582,-6.608,-5.095,0,-6.608,1.56E+02,5.368238575
1962,322,-5.546,-12.438,-8.992,0.109,-12.438,1.55E+02,7.365220641
1962,323,-4.955,-21.473,-13.214,0.819,-21.473,1.43E+02,7.953954333
1962,324,0.946,-11.763,-5.4085,2.866,-11.763,3.22E+02,7.816270615
1962,325,0.671,-4.915,-2.122,7.368,-4.915,2.03E+02,6.817897506
1962,326,0.178,-2.606,-1.214,3.151,-2.606,2.44E+02,5.014633026
1962,327,-7.493,-8.684,-8.0885,1.113,-8.684,1.93E+02,2.803963854
1962,328,-5.258,-19.154,-12.206,1.815,-19.154,2.52E+02,7.561420196
1962,329,-1.109,-18.464,-9.7865,0,-18.464,2.63E+02,7.525062091
1962,330,1.271,-7.679,-3.204,0,-7.679,3.01E+02,7.228197921
1962,331,5.677,-3.706,0.9855,0,-3.706,3.58E+02,7.210257587
1962,332,5.533,-3.727,0.903,0,-3.727,2.16E+02,7.148400946
1962,333,7.795,-7.098,0.3485,0,-7.098,4.31E+02,7.269357608
1962,334,4.443,-5.14,-0.3485,1.198,-5.14,3.32E+02,7.071985736
1962,335,-0.13,-2.271,-1.2005,0,-2.271,3.83E+02,4.165575609
1962,336,3.059,-5.014,-0.9775,0.119,-5.014,1.65E+02,6.855055307
1962,337,3.701,-1.356,1.1725,3.04,-1.356,2.58E+02,6.179202165
1962,338,3.801,-6.42,-1.3095,0,-6.42,1.02E+02,6.931038044
1962,339,3.029,-1.138,0.9455,0,-1.138,3.09E+02,5.744734041
1962,340,2.876,-0.496,1.19,4.677,-0.496,3.33E+02,5.247693141
1962,341,1.562,-1.779,-0.1085,8.441,-1.779,1.87E+02,5.210888762
1962,342,-2.072,-7.392,-4.732,2.033,-7.392,1.63E+02,6.143973112
1962,343,-2.628,-9.708,-6.168,1.417,-9.708,2.89E+02,6.504382133
1962,344,-5.03,-9.676,-7.353,4.969,-9.676,1.78E+02,5.869483673
1962,345,-12.983,-18.598,-15.7905,0.806,-18.598,1.89E+02,6.171111872
1962,346,-18.967,-26.121,-22.544,0,-26.121,2.57E+02,6.45287106
1962,347,-17.528,-31.99,-24.759,0.567,-31.99,1.30E+02,6.746347256
1962,348,-21.19,-26.229,-23.7095,0.407,-26.229,1.22E+02,5.959854759
1962,349,-24.602,-34.157,-29.3795,0.029,-34.157,2.67E+02,6.612787956
1962,350,-17.698,-30.936,-24.317,0,-30.936,2.06E+02,6.692270241
1962,351,-9.531,-26.853,-18.192,0,-26.853,2.74E+02,6.702939243
1962,352,-14.031,-27.708,-20.8695,10.029,-27.708,3.01E+02,6.68045924
1962,353,-11.433,-23.012,-17.2225,4.586,-23.012,3.14E+02,6.64816763
1962,354,-25.789,-26.625,-26.207,0,-26.625,3.41E+02,2.058678545
1962,355,-21.029,-32.79,-26.9095,0.446,-32.79,2.25E+02,6.651922457
1962,356,-17.344,-27.261,-22.3025,1.425,-27.261,8.86E+01,6.603209682
1962,357,-12.703,-25.261,-18.982,2.288,-25.261,9.04E+01,6.675525818
1962,358,-19.161,-24.382,-21.7715,0,-24.382,1.86E+02,6.000530106
1962,359,-12.768,-32.788,-22.778,1.19,-32.788,2.82E+02,6.728610339
1962,360,-9.76,-29.682,-19.721,1.726,-29.682,9.70E+01,6.743696058
1962,361,-18.887,-35.003,-26.945,1.19,-35.003,1.06E+02,6.755391795
1962,362,-10.165,-29.912,-20.0385,0,-29.912,1.17E+02,6.782031923
1962,363,-7.522,-14.892,-11.207,2.052,-14.892,2.14E+02,6.501649541
1962,364,-20.946,-31.1,-26.023,2.089,-31.1,2.83E+02,6.735120839
1962,365,-18.313,-28.864,-23.5885,2.861,-28.864,1.63E+02,6.776805468
1962,366,-18.313,-28.864,-23.5885,2.861,-28.864,1.63E+02,6.776805468