DJ0207XDMNXPHWR
CCXMDDM
24,1,12.0
7,0.075,0.125,0.00,0,0,0,0,0,0,0,0
1964,1,-10.249,-24.194,-17.2215,0.033,-24.194,1.60E+02,6.87161704,,,
1964,2,-9.7,-17.762,-13.731,2.21,-17.762,1.91E+02,6.680259029,,,
1964,3,-7.306,-17.983,-12.6445,15.865,-17.983,2.38E+02,6.876762887,,,
1964,4,-8.184,-17.672,-12.928,1.95,-17.672,3.58E+02,6.85802602,,,
1964,5,-11.361,-19.231,-15.296,0.036,-19.231,1.22E+02,6.758607751,,,
1964,6,-11.8,-19.234,-15.517,0.258,-19.234,1.81E+02,6.739517018,,,
1964,7,-11.447,-17.909,-14.678,0.07,-17.909,1.85E+02,6.607528565,,,
1964,8,-9.26,-27.623,-18.4415,0.036,-27.623,2.16E+02,7.182897132,,,
1964,9,-1.705,-16.463,-9.084,20.173,-16.463,1.73E+02,7.218532925,,,
1964,10,-6.504,-16.177,-11.3405,6.622,-16.177,1.45E+02,7.13057279,,,
1964,11,-20.357,-27.373,-23.865,0.051,-27.373,1.08E+02,6.877007039,,,
1964,12,-18.94,-30.545,-24.7425,0,-30.545,1.08E+02,7.328053482,,,
1964,13,-18.744,-33.087,-25.9155,0,-33.087,2.86E+02,7.444255955
1964,14,-15.811,-35.233,-25.522,0.056,-35.233,1.40E+02,7.536240858
1964,15,-8.338,-32.474,-20.406,3.893,-32.474,2.46E+02,7.60799896
1964,16,-10.708,-21.454,-16.081,0.209,-21.454,4.62E+02,7.537474854
1964,17,-16.857,-33.593,-25.225,4.755,-33.593,2.31E+02,7.734612805
1964,18,-7.056,-28.935,-17.9955,4.032,-28.935,1.42E+02,7.823491672
1964,19,-1.964,-16.115,-9.0395,0.118,-16.115,2.97E+02,7.855043316
1964,20,-0.794,-7.483,-4.1385,1.93,-7.483,4.20E+02,7.262378966
1964,21,-6.357,-11.029,-8.693,0.718,-11.029,1.59E+02,6.546438073
1964,22,-7.509,-16.579,-12.044,0.033,-16.579,2.39E+02,7.811154006
1964,23,-4.617,-12.184,-8.4005,1.545,-12.184,2.50E+02,7.643775371
1964,24,-9.807,-15.287,-12.547,0.194,-15.287,2.60E+02,7.071523363
1964,25,-4.614,-19.475,-12.0445,17.765,-19.475,2.40E+02,8.359289761
1964,26,-5.692,-12.77,-9.231,0.739,-12.77,1.11E+02,7.725156319
1964,27,-15.96,-22.546,-19.253,0.088,-22.546,1.23E+02,7.647300347
1964,28,-17.11,-23.041,-20.0755,0,-23.041,1.51E+02,7.473742435
1964,29,-9.26,-30.327,-19.7935,1.239,-30.327,2.18E+02,8.789023707
1964,30,-9.869,-20.311,-15.09,0.624,-20.311,2.66E+02,8.587716665
1964,31,-5.451,-21.198,-13.3245,0.963,-21.198,1.86E+02,8.940711821
1964,32,-2.294,-9.281,-5.7875,0.383,-9.281,2.91E+02,8.099587637
1964,33,-13.755,-20.763,-17.259,0.039,-20.763,1.10E+02,8.175025106
1964,34,-10.59,-26.957,-18.7735,0.615,-26.957,1.90E+02,9.260262178
1964,35,-2.077,-19.237,-10.657,5.262,-19.237,2.77E+02,9.380592672
1964,36,-2.19,-9.428,-5.809,1.63,-9.428,2.79E+02,8.461162716
1964,37,-5.423,-11.271,-8.347,0.037,-11.271,1.21E+02,7.965532933
1964,38,-4.594,-8.615,-6.6045,1.95,-8.615,2.79E+02,6.795437796
1964,39,-5.984,-11.178,-8.581,7.391,-11.178,2.25E+02,7.711176598
1964,40,-17.597,-22.2,-19.8985,0,-22.2,1.99E+02,7.352404689
1964,41,-16.519,-35.297,-25.908,0,-35.297,1.87E+02,10.08074959
1964,42,-6.369,-31.501,-18.935,0.039,-31.501,2.31E+02,10.24568956
1964,43,-3.129,-15.48,-9.3045,6.125,-15.48,2.29E+02,10.02946888
1964,44,-1.923,-7.272,-4.5975,5.819,-7.272,2.79E+02,8.077908058
1964,45,-14.523,-23.223,-18.873,0,-23.223,2.61E+02,9.607860532
1964,46,-11.413,-27.153,-19.283,0.634,-27.153,2.35E+02,10.58932832
1964,47,-14.952,-25.703,-20.3275,0,-25.703,1.76E+02,10.2365392
1964,48,-11.168,-33.102,-22.135,0.058,-33.102,2.32E+02,10.97717949
1964,49,-9.362,-22.209,-15.7855,1.669,-22.209,2.00E+02,10.72895105
1964,50,-2.778,-14.742,-8.76,0.037,-14.742,1.55E+02,10.73104045
1964,51,-9.99,-16.156,-13.073,3.185,-16.156,1.31E+02,8.995736459
1964,52,-16.416,-19.876,-18.146,0.295,-19.876,3.10E+02,6.694061951
1964,53,-7.977,-30.906,-19.4415,0.503,-30.906,2.00E+02,11.63716008
1964,54,-7.769,-22.332,-15.0505,6.258,-22.332,2.25E+02,11.46302368
1964,55,-17.222,-28.873,-23.0475,0.037,-28.873,1.69E+02,11.21260744
1964,56,-14.849,-36.581,-25.715,5.38,-36.581,2.27E+02,12.01834642
1964,57,-17.422,-24.503,-20.9625,0.204,-24.503,1.38E+02,9.906721355
1964,58,-14.137,-36.88,-25.5085,0,-36.88,1.29E+02,12.30233459
1964,59,-5.977,-28.548,-17.2625,1.124,-28.548,1.22E+02,12.43422932
1964,60,2.003,-30.587,-14.292,0.388,-30.587,1.29E+02,12.64153325
1964,61,-0.338,-5.858,-3.098,0.446,-5.858,1.27E+02,9.094863558
1964,62,3.365,-17.549,-7.092,0,-17.549,2.33E+02,12.79949791
1964,63,-4.856,-16.672,-10.764,0,-16.672,3.16E+02,12.07950415
1964,64,2.935,-25.056,-11.0605,6.668,-25.056,2.30E+02,13.18216823
1964,65,-2.169,-10.633,-6.401,30.49,-10.633,1.48E+02,11.17929533
1964,66,-7.87,-24.76,-16.315,1.772,-24.76,2.94E+02,13.11285103
1964,67,-5.955,-17.146,-11.5505,7.965,-17.146,1.63E+02,12.32830231
1964,68,-8.451,-24.883,-16.667,0.717,-24.883,1.28E+02,13.31810285
1964,69,-8.779,-24.28,-16.5295,0.78,-24.28,1.18E+02,13.33844671
1964,70,-7.161,-25.811,-16.486,0,-25.811,2.83E+02,13.74237983
1964,71,-5.202,-23.561,-14.3815,0,-23.561,2.68E+02,13.8485994
1964,72,-3.41,-19.696,-11.553,0.264,-19.696,1.85E+02,13.78311901
1964,73,-7.181,-25.842,-16.5115,1.553,-25.842,3.58E+02,14.12106135
1964,74,-1.915,-18.136,-10.0255,13.155,-18.136,2.20E+02,14.01072646
1964,75,-3.748,-9.354,-6.551,7.383,-9.354,3.22E+02,9.815914892
1964,76,-10.067,-22.798,-16.4325,0.082,-22.798,1.79E+02,13.60934037
1964,77,-7.628,-29.075,-18.3515,0,-29.075,1.62E+02,14.79701372
1964,78,-4.659,-16.607,-10.633,5.073,-16.607,1.58E+02,13.58616919
1964,79,-3.912,-14.154,-9.033,0,-14.154,1.42E+02,13.06433448
1964,80,0.828,-17.05,-8.111,0,-17.05,3.03E+02,14.90063485
1964,81,3.984,-10.89,-3.453,4.135,-10.89,3.27E+02,14.58183398
1964,82,-6.332,-14.016,-10.174,0.416,-14.016,3.25E+02,11.86372757
1964,83,-3.745,-25.618,-14.6815,0,-25.618,1.76E+02,15.57767437
1964,84,1.707,-18.566,-8.4295,6.152,-18.566,2.63E+02,15.59202813
1964,85,-1.953,-10.313,-6.133,0.217,-10.313,2.28E+02,12.4910571
1964,86,-6.005,-23.135,-14.57,14.372,-23.135,2.34E+02,15.4829049
1964,87,-7.515,-14.323,-10.919,4.782,-14.323,2.77E+02,11.43186435
1964,88,-6.535,-17.967,-12.251,1.927,-17.967,2.19E+02,14.25879326
1964,89,-5.054,-15.277,-10.1655,4.363,-15.277,3.49E+02,13.7985807
1964,90,-8.109,-15.805,-11.957,1.046,-15.805,1.75E+02,12.29517846
1964,91,-8.818,-20.26,-14.539,1.522,-20.26,2.78E+02,14.49159435
1964,92,-4.839,-18.676,-11.7575,0.185,-18.676,2.57E+02,15.39245247
1964,93,-4.233,-20.58,-12.4065,0,-20.58,1.55E+02,16.0673718
1964,94,-5.523,-17.506,-11.5145,0,-17.506,1.23E+02,14.9327885
1964,95,-4.096,-20.079,-12.0875,0,-20.079,4.34E+02,16.18275925
1964,96,0.674,-19.234,-9.28,0,-19.234,5.46E+02,16.89542198
1964,97,6.696,-11.653,-2.4785,2.438,-11.653,4.32E+02,16.79194934
1964,98,2.665,-0.298,1.1835,3.072,-0.298,2.54E+02,6.817422643
1964,99,2.15,0.123,1.1365,12.742,0.123,2.16E+02,5.03078308
1964,100,4.194,-0.745,1.7245,1.469,-0.745,2.38E+02,9.852401585
1964,101,5.86,-8.793,-1.4665,0,-8.793,2.38E+02,16.36678117
1964,102,10.668,-6.897,1.8855,0.565,-6.897,2.58E+02,17.12406995
1964,103,11.906,1.439,6.6725,0.695,1.439,1.28E+02,14.79687158
1964,104,14.185,2.664,8.4245,5.79,2.664,2.05E+02,15.40060508
1964,105,11.159,3.904,7.5315,0.687,3.904,2.06E+02,12.5448261
1964,106,1.745,-3.798,-1.0265,1.024,-3.798,2.12E+02,10.74683472
1964,107,2.258,-9.768,-3.755,0,-9.768,2.30E+02,15.81577171
1964,108,8.556,-8.201,0.1775,3.812,-8.201,2.75E+02,17.44931989
1964,109,2.855,-9.337,-3.241,0,-9.337,1.69E+02,16.00791639
1964,110,3.028,-11.735,-4.3535,0,-11.735,3.67E+02,17.05269593
1964,111,9.96,-12.882,-1.461,0,-12.882,3.70E+02,18.63705773
1964,112,11.296,-10.803,0.2465,0,-10.803,3.41E+02,18.64412691
1964,113,7.396,-3.727,1.8345,5.552,-3.727,3.31E+02,15.67829195
1964,114,4.206,0.256,2.231,3.483,0.256,1.66E+02,8.650825791
1964,115,9.721,-3.037,3.342,0,-3.037,4.05E+02,16.59305974
1964,116,11.602,2.936,7.269,0,2.936,2.09E+02,14.14343786
1964,117,11.013,-0.363,5.325,0,-0.363,2.71E+02,16.0033576
1964,118,11.603,0.808,6.2055,0,0.808,2.48E+02,15.71068047
1964,119,12.303,-0.392,5.9555,0,-0.392,2.42E+02,16.76476552
1964,120,17.701,1.854,9.7775,0,1.854,3.43E+02,18.00579954
1964,121,20.355,1.408,10.8815,0,1.408,1.69E+02,18.82784565
1964,122,19.215,2.748,10.9815,0,2.748,1.29E+02,18.29910444
1964,123,21.148,0.486,10.817,0,0.486,1.90E+02,19.25994925
1964,124,21.201,1.792,11.4965,0,1.792,2.57E+02,19.10235969
1964,125,21.124,3.268,12.196,0,3.268,1.56E+02,18.82658375
1964,126,22.891,3.67,13.2805,0,3.67,1.92E+02,19.18178696
1964,127,24.746,8.491,16.6185,0.033,8.491,2.36E+02,18.49809087
1964,128,26.333,8.567,17.45,0,8.567,3.99E+02,18.96325681
1964,129,15.101,4.597,9.849,10.031,4.597,2.57E+02,15.91442433
1964,130,7.565,4.365,5.965,23.998,4.365,3.00E+02,7.488384405
1964,131,6.546,3.197,4.8715,12.875,3.197,2.36E+02,7.764855454
1964,132,6.596,1.012,3.804,0.199,1.012,3.05E+02,11.24184496
1964,133,14.628,-1.922,6.353,0.331,-1.922,1.49E+02,18.85834483
1964,134,8.496,2.495,5.4955,0,2.495,2.64E+02,11.80481766
1964,135,11.084,0.059,5.5715,0,0.059,1.77E+02,16.42527296
1964,136,18.398,-0.722,8.838,5.858,-0.722,2.73E+02,19.65347834
1964,137,14.398,5.151,9.7745,0.051,5.151,1.72E+02,15.17639751
1964,138,14.187,-1.136,6.5255,1.503,-1.136,2.17E+02,18.63310852
1964,139,15.052,-0.576,7.238,0.227,-0.576,2.62E+02,18.77656937
1964,140,10.343,3.121,6.732,5.923,3.121,2.27E+02,13.30833457
1964,141,0.58,-2.585,-1.0025,2.186,-2.585,2.50E+02,7.469737855
1964,142,12.215,-4.549,3.833,5.72,-4.549,3.22E+02,19.25094686
1964,143,13.707,6.377,10.042,3.763,6.377,1.83E+02,13.46192682
1964,144,15.901,6.085,10.993,3.663,6.085,2.26E+02,15.75896708
1964,145,18.594,11.167,14.8805,19.915,11.167,2.15E+02,13.58855637
1964,146,8.282,-1.408,3.437,10.857,-1.408,2.26E+02,15.69140574
1964,147,12.094,-2.679,4.7075,6.864,-2.679,2.94E+02,18.6687184
1964,148,5.633,1.443,3.538,3.219,1.443,1.86E+02,9.29422603
1964,149,6.75,-0.872,2.939,2.802,-0.872,2.89E+02,13.83564313
1964,150,3.933,-1.338,1.2975,1.383,-1.338,3.26E+02,10.95916109
1964,151,4.665,-1.766,1.4495,0.434,-1.766,2.43E+02,12.50079462
1964,152,10.798,-1.381,4.7085,0,-1.381,1.50E+02,17.48214134
1964,153,16.858,-0.734,8.062,8.626,-0.734,2.54E+02,19.77946064
1964,154,11.855,4.517,8.186,1.179,4.517,2.07E+02,13.57246394
1964,155,13.662,2.415,8.0385,0.049,2.415,2.19E+02,16.9409719
1964,156,10.192,2.157,6.1745,0.068,2.157,2.31E+02,14.31616227
1964,157,15.439,-1.855,6.792,0.462,-1.855,1.80E+02,19.75884818
1964,158,8.571,4.402,6.4865,5.25,4.402,3.07E+02,9.29054643
1964,159,15.54,2.024,8.782,0,2.024,2.65E+02,18.29137445
1964,160,20.977,-0.267,10.355,0,-0.267,2.47E+02,20.75920717
1964,161,16.653,8.449,12.551,34.956,8.449,3.62E+02,14.5129581
1964,162,13.559,1.522,7.5405,0,1.522,3.33E+02,17.50384618
1964,163,22.747,4.115,13.431,0,4.115,3.08E+02,20.21124192
1964,164,25.66,6.714,16.187,1.166,6.714,1.41E+02,20.30057629
1964,165,24.948,10.898,17.923,16.062,10.898,2.77E+02,18.59645852
1964,166,10.966,3.52,7.243,0.067,3.52,2.48E+02,13.74410622
1964,167,19.002,0.788,9.895,14.952,0.788,2.60E+02,20.1257723
1964,168,3.692,-2.389,0.6515,13.987,-2.389,1.78E+02,12.12175828
1964,169,16.244,0.102,8.173,0,0.102,1.39E+02,19.47504842
1964,170,22.211,3.667,12.939,10.534,3.667,1.31E+02,20.22458706
1964,171,18.579,10.959,14.769,31.298,10.959,3.59E+02,13.93719209
1964,172,18.55,10.683,14.6165,0.387,10.683,2.63E+02,14.19626476
1964,173,21.111,2.417,11.764,0,2.417,1.85E+02,20.26355069
1964,174,23.605,6.937,15.271,0,6.937,9.72E+01,19.65767403
1964,175,21.945,9.558,15.7515,36.091,9.558,1.68E+02,17.73787647
1964,176,13.78,10.724,12.252,7.67,10.724,1.93E+02,7.309499221
1964,177,19.624,3.628,11.626,0.57,3.628,3.23E+02,19.40884805
1964,178,15.678,7.849,11.7635,13.328,7.849,3.00E+02,14.14753843
1964,179,18.392,6.907,12.6495,0,6.907,2.77E+02,17.16786951
1964,180,20.079,6.252,13.1655,0,6.252,2.19E+02,18.47532096
1964,181,17.5,8.94,13.22,7.815,8.94,1.38E+02,14.8587026
1964,182,28.582,13.076,20.829,6.776,13.076,1.34E+02,19.18502606
1964,183,19.344,9.755,14.5495,0.132,9.755,2.11E+02,15.75446647
1964,184,22.911,6.079,14.495,3.692,6.079,1.80E+02,19.63487063
1964,185,15.612,10.112,12.862,14.634,10.112,1.42E+02,11.31564475
1964,186,15.767,12.962,14.3645,2.298,12.962,2.31E+02,6.809908797
1964,187,21.25,11.304,16.277,0,11.304,3.10E+02,16.00975894
1964,188,23.973,7.195,15.584,0,7.195,1.94E+02,19.55750909
1964,189,25.36,8.705,17.0325,0,8.705,1.22E+02,19.49966152
1964,190,25.9,10.06,17.98,5.13,10.06,1.43E+02,19.19828432
1964,191,28.656,10.486,19.571,0,10.486,1.78E+02,19.9138293
1964,192,25.373,11.357,18.365,0,11.357,1.39E+02,18.41303528
1964,193,19.347,8.772,14.0595,0,8.772,1.29E+02,16.41098249
1964,194,23.972,9.257,16.6145,0,9.257,1.89E+02,18.68019225
1964,195,27.808,9.315,18.5615,0,9.315,8.64E+01,19.90266438
1964,196,21.106,17.879,19.4925,2.357,17.879,1.05E+02,7.603025119
1964,197,24.553,15.443,19.998,3.126,15.443,1.25E+02,15.20765465
1964,198,20.673,12.829,16.751,19.132,12.829,1.07E+02,14.01688795
1964,199,20.247,11.621,15.934,19.399,11.621,2.57E+02,14.75255313
1964,200,20.574,11.437,16.0055,12.263,11.437,1.13E+02,15.18573288
1964,201,24.589,15.361,19.975,0,15.361,1.85E+02,15.24589993
1964,202,20.967,3.416,12.1915,0.354,3.416,2.08E+02,19.43929203
1964,203,26.456,15.417,20.9365,0.075,15.417,1.91E+02,16.54753953
1964,204,23.301,11.026,17.1635,0,11.026,2.56E+02,17.26692634
1964,205,23.022,12.629,17.8255,0,12.629,3.28E+02,16.06377436
1964,206,27.195,13.073,20.134,0,13.073,1.85E+02,18.11091935
1964,207,29.027,17.705,23.366,15.531,17.705,2.57E+02,16.63008991
1964,208,23.801,14.862,19.3315,38.478,14.862,1.31E+02,14.87181729
1964,209,20.579,9.232,14.9055,0,9.232,1.49E+02,16.59081328
1964,210,21.838,7.817,14.8275,9.615,7.817,1.64E+02,17.93103924
1964,211,16.101,11.58,13.8405,6.321,11.58,2.29E+02,9.720607974
1964,212,14.364,6.362,10.363,0,6.362,2.73E+02,13.94820879
1964,213,19.083,4.168,11.6255,0,4.168,2.03E+02,18.16940591
1964,214,19.015,2.929,10.972,1.502,2.929,2.53E+02,18.52539404
1964,215,21.78,9.67,15.725,0,9.67,2.18E+02,16.83545019
1964,216,23.108,7.113,15.1105,0.124,7.113,2.40E+02,18.40267115
1964,217,14.66,12.436,13.548,19.01,12.436,9.38E+01,5.552436569
1964,218,9.521,6.079,7.8,0.027,6.079,1.92E+02,7.892749604
1964,219,18.558,1.02,9.789,0,1.02,2.00E+02,18.67653564
1964,220,22.309,7.291,14.8,4.385,7.291,1.79E+02,17.88266262
1964,221,11.665,8.57,10.1175,5.525,8.57,1.74E+02,7.248716187
1964,222,8.371,4.838,6.6045,2.267,4.838,1.72E+02,8.022284117
1964,223,11.621,5.25,8.4355,0.093,5.25,1.38E+02,12.02171112
1964,224,16.696,2.52,9.608,19.787,2.52,1.99E+02,17.37073016
1964,225,20.315,12.451,16.383,27.296,12.451,2.06E+02,13.5054241
1964,226,9.76,4.916,7.338,10.763,4.916,1.59E+02,10.02734462
1964,227,6.94,4.017,5.4785,0.651,4.017,2.35E+02,6.891969523
1964,228,8.456,5.175,6.8155,18.835,5.175,2.18E+02,7.534567369
1964,229,12.234,6.352,9.293,11.918,6.352,2.45E+02,11.32599638
1964,230,13.393,6.916,10.1545,2.649,6.916,2.30E+02,11.98440204
1964,231,15.009,5.822,10.4155,7.356,5.822,2.58E+02,14.38788666
1964,232,11.333,6.95,9.1415,0.173,6.95,3.44E+02,9.27453487
1964,233,14.847,8.401,11.624,0.196,8.401,3.00E+02,11.87471846
1964,234,15.746,6.837,11.2915,0,6.837,2.47E+02,14.06273869
1964,235,17.3,9.495,13.3975,0,9.495,2.38E+02,13.13537579
1964,236,15.175,9.876,12.5255,8.292,9.876,3.22E+02,10.46026012
1964,237,15.576,11.707,13.6415,1.006,11.707,1.69E+02,8.420967228
1964,238,17.157,10.795,13.976,8.258,10.795,2.52E+02,11.64740902
1964,239,15.94,9.391,12.6655,8.449,9.391,2.79E+02,11.81352782
1964,240,20.813,7.039,13.926,0,7.039,2.61E+02,16.22666565
1964,241,23.823,10.522,17.1725,0.126,10.522,2.46E+02,15.99181377
1964,242,24.302,13.091,18.6965,0.09,13.091,1.63E+02,15.05348926
1964,243,23.909,7.452,15.6805,0.235,7.452,1.35E+02,16.70893944
1964,244,19.154,9.956,14.555,0.214,9.956,1.87E+02,13.80270691
1964,245,12.006,5.685,8.8455,0,5.685,3.23E+02,11.38865315
1964,246,14.664,5.703,10.1835,0,5.703,1.37E+02,13.54252001
1964,247,16.112,3.161,9.6365,0,3.161,1.48E+02,15.42421452
1964,248,14.182,7.587,10.8845,5.59,7.587,1.49E+02,11.55539596
1964,249,16.012,11.38,13.696,11.036,11.38,2.53E+02,9.310417699
1964,250,16.657,7.658,12.1575,0,7.658,2.47E+02,13.34996118
1964,251,23.104,7.22,15.162,5.72,7.22,3.50E+02,15.86034106
1964,252,16.931,10.428,13.6795,0.435,10.428,2.41E+02,11.31526472
1964,253,16.121,4.322,10.2215,0,4.322,1.40E+02,14.54054452
1964,254,17.76,4.757,11.2585,11.683,4.757,2.17E+02,14.87056588
1964,255,10.074,2.708,6.391,0.39,2.708,2.65E+02,11.93028753
1964,256,9.96,-3.165,3.3975,0.432,-3.165,3.17E+02,14.73196033
1964,257,11.304,-1.148,5.078,0.139,-1.148,1.80E+02,14.44001825
1964,258,16.602,4.95,10.776,13.849,4.95,3.05E+02,14.08434084
1964,259,6.952,0.463,3.7075,0.382,0.463,3.46E+02,11.01023405
1964,260,6.511,2.029,4.27,0,2.029,2.74E+02,8.842563676
1964,261,9.802,1.866,5.834,0.496,1.866,3.15E+02,12.0249856
1964,262,11.465,4.327,7.896,0,4.327,2.49E+02,11.39982997
1964,263,14.171,-2.888,5.6415,0,-2.888,2.15E+02,14.78546897
1964,264,19.252,-1.594,8.829,1.741,-1.594,1.35E+02,14.99557159
1964,265,16.405,9.157,12.781,7.623,9.157,1.59E+02,11.31930553
1964,266,15.073,11.731,13.402,12.856,11.731,2.45E+02,7.133943997
1964,267,14.606,12.163,13.3845,18.224,12.163,1.53E+02,5.645850044
1964,268,11.32,6.819,9.0695,2.888,6.819,2.40E+02,8.633595492
1964,269,10.912,3.679,7.2955,0.219,3.679,3.46E+02,11.07967335
1964,270,13.673,5.248,9.4605,13.298,5.248,2.44E+02,11.73865148
1964,271,12.76,6.323,9.5415,17.795,6.323,1.94E+02,10.38558453
1964,272,5.654,0.813,3.2335,0.097,0.813,1.58E+02,8.88005482
1964,273,6.768,-0.079,3.3445,5.603,-0.079,2.29E+02,10.5784997
1964,274,3.506,-3.075,0.2155,0.137,-3.075,1.31E+02,10.33140109
1964,275,10.52,-5.736,2.392,0,-5.736,8.64E+01,13.28223113
1964,276,17.803,0.982,9.3925,11.071,0.982,8.64E+01,13.21174367
1964,277,6.59,0.264,3.427,8.401,0.264,8.64E+01,9.977143359
1964,278,4.422,-1.963,1.2295,5.422,-1.963,8.64E+01,9.963978602
1964,279,1.545,-4.235,-1.345,6.449,-4.235,8.64E+01,9.449901547
1964,280,-0.464,-6.525,-3.4945,1.514,-6.525,8.64E+01,9.615489003
1964,281,1.216,-10.417,-4.6005,0.188,-10.417,8.64E+01,11.92241486
1964,282,3.199,-8.371,-2.586,0,-8.371,8.64E+01,11.80640086
1964,283,1.72,-2.741,-0.5105,10.475,-2.741,8.64E+01,8.069783096
1964,284,-1.774,-8.401,-5.0875,1.084,-8.401,8.64E+01,9.76679522
1964,285,0.5,-8.99,-4.245,0,-8.99,8.64E+01,10.9773346
1964,286,3.019,-6.031,-1.506,13.158,-6.031,8.64E+01,10.74555756
1964,287,0.472,-6.65,-3.089,0.07,-6.65,8.64E+01,9.850210272
1964,288,3.258,-10.356,-3.549,1.512,-10.356,8.64E+01,11.47244857
1964,289,14.393,-5.688,4.3525,0,-5.688,8.64E+01,11.70572009
1964,290,18.01,0.926,9.468,0,0.926,8.64E+01,11.48246176
1964,291,18.349,0.649,9.499,0,0.649,8.64E+01,11.38224223
1964,292,15.444,5.498,10.471,0,5.498,8.64E+01,10.45430573
1964,293,3.351,-2.14,0.6055,0,-2.14,8.64E+01,8.492854328
1964,294,2.803,-7.881,-2.539,0.07,-7.881,8.64E+01,10.41234386
1964,295,2.543,-6.403,-1.93,0.682,-6.403,8.64E+01,9.92609631
1964,296,0.808,-3.017,-1.1045,0.174,-3.017,8.64E+01,6.937832267
1964,297,1.539,-5.937,-2.199,1.803,-5.937,8.64E+01,9.281143358
1964,298,0.844,-4.631,-1.8935,1.607,-4.631,8.64E+01,8.208284504
1964,299,1.703,-4.127,-1.212,0.174,-4.127,8.64E+01,8.367183631
1964,300,10.32,-8.264,1.028,0,-8.264,8.64E+01,10.30105418
1964,301,6.523,-3.336,1.5935,0.365,-3.336,8.64E+01,9.587334253
1964,302,8.997,-3.497,2.75,11.371,-3.497,8.64E+01,9.8199613
1964,303,1.055,-5.078,-2.0115,0,-5.078,8.64E+01,8.283220469
1964,304,0.297,-9.119,-4.411,0,-9.119,8.64E+01,9.233065648
1964,305,2.16,-7.881,-2.8605,0,-7.881,8.64E+01,9.246819337
1964,306,5.843,-6.804,-0.4805,0,-6.804,2.87E+02,9.418386794
1964,307,3.511,-5.908,-1.1985,0,-5.908,1.19E+02,8.96898168
1964,308,5.812,-5.255,0.2785,0,-5.255,1.37E+02,9.092888666
1964,309,6.401,-6.298,0.0515,4.472,-6.298,1.93E+02,9.121464938
1964,310,3.073,-1.67,0.7015,4.85,-1.67,2.53E+02,7.119772337
1964,311,2.291,-2.163,0.064,0.457,-2.163,2.35E+02,6.881069577
1964,312,5.211,-2.908,1.1515,0.074,-2.908,1.39E+02,8.315233781
1964,313,6.002,-3.317,1.3425,0,-3.317,2.48E+02,8.4462559
1964,314,1.253,-5.865,-2.306,0,-5.865,2.78E+02,7.927970905
1964,315,-0.814,-7.363,-4.0885,0,-7.363,2.71E+02,7.69179894
1964,316,0.811,-10.502,-4.8455,0,-10.502,2.93E+02,8.392720454
1964,317,6.689,-5.662,0.5135,12.924,-5.662,2.08E+02,8.36390501
1964,318,6.767,-5.396,0.6855,3.321,-5.396,1.07E+02,8.270412096
1964,319,-5.42,-9.301,-7.3605,0.752,-9.301,1.92E+02,6.156319137
1964,320,-4.524,-10.881,-7.7025,3.122,-10.881,1.33E+02,7.333132645
1964,321,-5.213,-9.468,-7.3405,4.144,-9.468,1.56E+02,6.339701211
1964,322,-5.121,-10.407,-7.764,5.998,-10.407,1.55E+02,6.838210202
1964,323,-10.026,-12.377,-11.2015,1.198,-12.377,1.43E+02,4.589602119
1964,324,-10.259,-16.676,-13.4675,5.823,-16.676,3.22E+02,7.131186323
1964,325,-6.813,-16.209,-11.511,5.258,-16.209,2.03E+02,7.567865308
1964,326,-12.003,-18.566,-15.2845,0.901,-18.566,2.44E+02,7.065207208
1964,327,-12.992,-26.917,-19.9545,1.411,-26.917,1.93E+02,7.629262384
1964,328,-10.221,-27.935,-19.078,2.709,-27.935,2.52E+02,7.593133229
1964,329,-3.439,-21.061,-12.25,4.175,-21.061,2.63E+02,7.526097053
1964,330,0.992,-14.948,-6.978,2.451,-14.948,3.01E+02,7.453647849
1964,331,2.025,-4.973,-1.474,17.662,-4.973,3.58E+02,6.915452315
1964,332,-8.491,-11.709,-10.1,0.085,-11.709,2.16E+02,5.28057309
1964,333,2.715,-13.926,-5.6055,2.143,-13.926,4.31E+02,7.280101439
1964,334,1.82,-12.507,-5.3435,3.565,-12.507,3.32E+02,7.210467313
1964,335,-11.834,-18.541,-15.1875,0.074,-18.541,3.83E+02,6.69122577
1964,336,-14.055,-21.603,-17.829,0,-21.603,1.65E+02,6.790377127
1964,337,-16.004,-25.616,-20.81,0,-25.616,2.58E+02,6.94023373
1964,338,-21.479,-32.912,-27.1955,0,-32.912,1.02E+02,6.973968886
1964,339,-20.495,-36.555,-28.525,0,-36.555,3.09E+02,6.990454221
1964,340,-16.651,-31.131,-23.891,0,-31.131,3.33E+02,6.942774418
1964,341,-16.648,-31.135,-23.8915,0,-31.135,1.87E+02,6.906902672
1964,342,-12.285,-28.911,-20.598,0,-28.911,1.63E+02,6.883736646
1964,343,-10.477,-30.48,-20.4785,0.362,-30.48,2.89E+02,6.85801818
1964,344,-8.198,-22.06,-15.129,2.685,-22.06,1.78E+02,6.809990596
1964,345,-5.456,-16.871,-11.1635,0.127,-16.871,1.89E+02,6.748424856
1964,346,-1.808,-8.281,-5.0445,12.561,-8.281,2.57E+02,6.344411648
1964,347,0.857,-6.233,-2.688,6.584,-6.233,1.30E+02,6.427573325
1964,348,1.136,-5.431,-2.1475,9.802,-5.431,1.22E+02,6.332041548
1964,349,-2.294,-11.669,-6.9815,2.677,-11.669,2.67E+02,6.603661959
1964,350,-15.288,-22.507,-18.8975,0.116,-22.507,2.06E+02,6.408702516
1964,351,-13.484,-35.974,-24.729,7.941,-35.974,2.74E+02,6.706835847
1964,352,-9.07,-23.972,-16.521,7.668,-23.972,3.01E+02,6.688542468
1964,353,-19.846,-26.401,-23.1235,0,-26.401,3.14E+02,6.293416211
1964,354,-21.818,-28.101,-24.9595,0.037,-28.101,3.41E+02,6.243221394
1964,355,-23.829,-39.192,-31.5105,0,-39.192,2.25E+02,6.686875217
1964,356,-14.549,-33.831,-24.19,5.914,-33.831,8.86E+01,6.699046911
1964,357,-8.966,-21.029,-14.9975,4.808,-21.029,9.04E+01,6.668043296
1964,358,-6.758,-14.884,-10.821,2.129,-14.884,1.86E+02,6.507276919
1964,359,-1.107,-13.63,-7.3685,19.101,-13.63,2.82E+02,6.696504414
1964,360,-0.334,-10.635,-5.4845,4.15,-10.635,9.70E+01,6.659099189
1964,361,-0.24,-9.802,-5.021,8.079,-9.802,1.06E+02,6.6442082
1964,362,-11.451,-16.189,-13.82,0.055,-16.189,1.17E+02,5.8774259
1964,363,-12.741,-20.089,-16.415,0,-20.089,2.14E+02,6.498840069
1964,364,-11.902,-19.797,-15.8495,1.822,-19.797,2.83E+02,6.58355718
1964,365,-8.841,-17.84,-13.3405,5.202,-17.84,1.63E+02,6.700690479
1964,366,-13.271,-17.018,-15.1445,0.286,-17.018,2.63E+02,5.460628677
