DJ0207XDMNXPHWR
CCXMDDM
24,1,12.0
7,0.075,0.125,0.00,0,0,0,0,0,0,0,0
1965,1,-17.263,-23.922,-20.5925,0,-23.922,1.60E+02,6.46260595,,,
1965,2,-15.708,-26.799,-21.2535,0,-26.799,1.91E+02,6.855624886,,,
1965,3,-14.163,-23.768,-18.9655,0,-23.768,2.38E+02,6.829100152,,,
1965,4,-12.495,-25.338,-18.9165,0.077,-25.338,3.58E+02,6.966059016,,,
1965,5,-10.351,-30.183,-20.267,3.546,-30.183,1.22E+02,7.043549105,,,
1965,6,-13.791,-24.203,-18.997,0.318,-24.203,1.81E+02,6.98354073,,,
1965,7,-10.903,-34.653,-22.778,0,-34.653,1.85E+02,7.137489375,,,
1965,8,1.521,-20.653,-9.566,2.696,-20.653,2.16E+02,7.186869009,,,
1965,9,-15.857,-26.158,-21.0075,0.144,-26.158,1.73E+02,7.115936603,,,
1965,10,-20.903,-33.716,-27.3095,0,-33.716,1.45E+02,7.246586327,,,
1965,11,-10.569,-36.85,-23.7095,5.127,-36.85,1.08E+02,7.353023306,,,
1965,12,-13.002,-28.686,-20.844,3.016,-28.686,1.08E+02,7.39531199,,,
1965,13,-17.373,-28.171,-22.772,0.891,-28.171,2.86E+02,7.354920311
1965,14,-29.963,-38.534,-34.2485,0,-38.534,1.40E+02,7.249584749
1965,15,-30.67,-43.956,-37.313,0,-43.956,2.46E+02,7.556156038
1965,16,-29.114,-44.7,-36.907,0,-44.7,4.62E+02,7.654990307
1965,17,-21.082,-40.991,-31.0365,0.321,-40.991,2.31E+02,7.746139116
1965,18,-19.087,-27.52,-23.3035,0.383,-27.52,1.42E+02,7.468078024
1965,19,-15.936,-31.583,-23.7595,0.975,-31.583,2.97E+02,7.875057997
1965,20,-10.478,-24.025,-17.2515,6.173,-24.025,4.20E+02,7.919330169
1965,21,-11.376,-25.368,-18.372,2.033,-25.368,1.59E+02,8.00701993
1965,22,-20.858,-26.67,-23.764,0,-26.67,2.39E+02,7.100450804
1965,23,-16.306,-36.633,-26.4695,3.924,-36.633,2.50E+02,8.2279095
1965,24,-13.471,-20.969,-17.22,10.538,-20.969,2.60E+02,7.694392655
1965,25,-11.175,-19.964,-15.5695,0.051,-19.964,2.40E+02,7.990777231
1965,26,-8.178,-20.964,-14.571,6.152,-20.964,1.11E+02,8.389979308
1965,27,-7.739,-18.573,-13.156,7.116,-18.573,1.23E+02,8.366212812
1965,28,-15.375,-32.062,-23.7185,0.343,-32.062,1.51E+02,8.662328485
1965,29,-24.355,-34.723,-29.539,0.494,-34.723,2.18E+02,8.494647828
1965,30,-16.658,-31.069,-23.8635,2.478,-31.069,2.66E+02,8.811137892
1965,31,-13.592,-22.228,-17.91,0,-22.228,1.86E+02,8.424596926
1965,32,-12.175,-28.747,-20.461,4.503,-28.747,2.91E+02,9.05634719
1965,33,-15.008,-26.283,-20.6455,0.036,-26.283,1.10E+02,8.934116639
1965,34,-20.05,-38.074,-29.062,0.053,-38.074,1.90E+02,9.285309845
1965,35,-21.723,-36.399,-29.061,0,-36.399,2.77E+02,9.321438629
1965,36,-17.919,-40.985,-29.452,0.264,-40.985,2.79E+02,9.536746569
1965,37,-8.74,-27.786,-18.263,0.735,-27.786,1.21E+02,9.624949089
1965,38,3.268,-17.04,-6.886,6.191,-17.04,2.79E+02,9.749631727
1965,39,-5.263,-21.645,-13.454,2.233,-21.645,2.25E+02,9.80438957
1965,40,-15.68,-33.059,-24.3695,0,-33.059,1.99E+02,9.940498367
1965,41,-4.762,-22.863,-13.8125,12.739,-22.863,1.87E+02,10.06983571
1965,42,-11.066,-17.806,-14.436,0.153,-17.806,2.31E+02,8.700211552
1965,43,-6.956,-22.487,-14.7215,11.403,-22.487,2.29E+02,10.23141645
1965,44,-16.686,-27.452,-22.069,1.949,-27.452,2.79E+02,9.940337458
1965,45,-8.716,-34.752,-21.734,2.252,-34.752,2.61E+02,10.61979218
1965,46,-3.827,-11.921,-7.874,11.257,-11.921,2.35E+02,9.510274024
1965,47,-16.311,-21.548,-18.9295,0.211,-21.548,1.76E+02,8.160602088
1965,48,-11.829,-32.804,-22.3165,6.838,-32.804,2.32E+02,10.96632114
1965,49,-11.942,-19.224,-15.583,6.278,-19.224,2.00E+02,9.434521824
1965,50,-17.916,-30.316,-24.116,0,-30.316,1.55E+02,10.78763123
1965,51,-13.828,-28.397,-21.1125,0,-28.397,1.31E+02,11.11038511
1965,52,-8.18,-29.037,-18.6085,0.544,-29.037,3.10E+02,11.47793788
1965,53,-9.028,-20.033,-14.5305,3.686,-20.033,2.00E+02,10.88754143
1965,54,-23.114,-29.309,-26.2115,0.337,-29.309,2.25E+02,9.196743126
1965,55,-12.613,-35.32,-23.9665,0.86,-35.32,1.69E+02,11.89996308
1965,56,-3.676,-23.681,-13.6785,11.423,-23.681,2.27E+02,11.98160427
1965,57,-15.419,-18.225,-16.822,1.472,-18.225,1.38E+02,5.943120308
1965,58,-8.123,-20.532,-14.3275,1.5,-20.532,1.29E+02,11.66051392
1965,59,-5.828,-26.695,-16.2615,0,-26.695,1.22E+02,12.39898891
1965,60,-5.57,-10.853,-8.2115,0,-10.853,1.29E+02,8.847709708
1965,61,0.138,-11.792,-5.827,0,-11.792,1.27E+02,11.8949373
1965,62,1.268,-13.637,-6.1845,0,-13.637,2.33E+02,12.44385532
1965,63,2.98,-10.463,-3.7415,0,-10.463,3.16E+02,12.37329686
1965,64,3.554,-2.038,0.758,1.351,-2.038,2.30E+02,9.302415278
1965,65,1.641,-11.422,-4.8905,2.558,-11.422,1.48E+02,12.53268967
1965,66,-4.475,-18.349,-11.412,0,-18.349,2.94E+02,12.77489447
1965,67,-3.782,-18.996,-11.389,0,-18.996,1.63E+02,13.06926934
1965,68,-2.17,-13.107,-7.6385,0,-13.107,1.28E+02,12.35211318
1965,69,-11.735,-17.887,-14.811,0,-17.887,1.18E+02,10.01260023
1965,70,-13.451,-22.543,-17.997,0,-22.543,2.83E+02,11.8532391
1965,71,-8.552,-26.176,-17.364,0,-26.176,2.68E+02,13.79171127
1965,72,-11.517,-26.323,-18.92,0,-26.323,1.85E+02,13.59086818
1965,73,-11.714,-29.777,-20.7455,0,-29.777,3.58E+02,14.07485201
1965,74,-8.009,-24.55,-16.2795,0,-24.55,2.20E+02,14.04817852
1965,75,-8.416,-21.362,-14.889,0,-21.362,3.22E+02,13.56121227
1965,76,-6.058,-26.611,-16.3345,0,-26.611,1.79E+02,14.62167693
1965,77,-7.847,-23.06,-15.4535,9.549,-23.06,1.62E+02,14.21067165
1965,78,-5.693,-19.496,-12.5945,4.658,-19.496,1.58E+02,14.05668525
1965,79,-12.166,-31.818,-21.992,0,-31.818,1.42E+02,14.93914873
1965,80,-9.173,-32.199,-20.686,0,-32.199,3.03E+02,15.25546288
1965,81,-9.145,-34.8,-21.9725,0,-34.8,3.27E+02,15.47441234
1965,82,-8.954,-31.43,-20.192,0,-31.43,3.25E+02,15.48493862
1965,83,-8.699,-29.823,-19.261,0,-29.823,1.76E+02,15.53199633
1965,84,-8.074,-25.938,-17.006,0,-25.938,2.63E+02,15.35818885
1965,85,-7.174,-23.981,-15.5775,0,-23.981,2.28E+02,15.32838533
1965,86,-8.113,-23.003,-15.558,0.389,-23.003,2.34E+02,15.09351719
1965,87,-9.199,-26.192,-17.6955,0,-26.192,2.77E+02,15.56987221
1965,88,-8.051,-26.716,-17.3835,0,-26.716,2.19E+02,15.8979615
1965,89,-8.183,-25.762,-16.9725,0,-25.762,3.49E+02,15.86692555
1965,90,-7.05,-27.456,-17.253,0,-27.456,1.75E+02,16.29900224
1965,91,-6.462,-23.028,-14.745,0,-23.028,2.78E+02,15.91185691
1965,92,-2.896,-26.128,-14.512,0,-26.128,2.57E+02,16.73709986
1965,93,-0.376,-18.556,-9.466,0,-18.556,1.55E+02,16.36796986
1965,94,1.207,-15.954,-7.3735,0,-15.954,1.23E+02,16.31033032
1965,95,2.009,-15.17,-6.5805,0,-15.17,4.34E+02,16.41039976
1965,96,7.097,-14.507,-3.705,0,-14.507,5.46E+02,17.06460577
1965,97,5.644,-1.589,2.0275,2.492,-1.589,4.32E+02,12.22761632
1965,98,6.226,-5.77,0.228,2.101,-5.77,2.54E+02,15.22540706
1965,99,5.791,-6.236,-0.2225,0,-6.236,2.16E+02,15.30727624
1965,100,5.96,-8.999,-1.5195,0,-8.999,2.38E+02,16.37171853
1965,101,6.096,-9.255,-1.5795,0,-9.255,2.38E+02,16.55556206
1965,102,2.099,-8.61,-3.2555,9.483,-8.61,2.58E+02,14.87236562
1965,103,2.652,-8.107,-2.7275,0,-8.107,1.28E+02,14.95632061
1965,104,4.214,-10.416,-3.101,0,-10.416,2.05E+02,16.58901543
1965,105,5.44,-9.308,-1.934,2.702,-9.308,2.06E+02,16.6980113
1965,106,-0.449,-7.199,-3.824,5.644,-7.199,2.12E+02,12.08721307
1965,107,0.752,-7.906,-3.577,0,-7.906,2.30E+02,13.80278026
1965,108,4.188,-7.079,-1.4455,0,-7.079,2.75E+02,15.50123396
1965,109,4.957,-6.538,-0.7905,2.285,-6.538,1.69E+02,15.6722285
1965,110,0.459,-13.062,-6.3015,0,-13.062,3.67E+02,16.62181398
1965,111,2,-8.774,-3.387,0.37,-8.774,3.70E+02,15.38517012
1965,112,-2.25,-9.46,-5.855,0.313,-9.46,3.41E+02,12.72282584
1965,113,-1.94,-14.317,-8.1285,0,-14.317,3.31E+02,16.31419465
1965,114,1.843,-13.328,-5.7425,0,-13.328,1.66E+02,17.43971735
1965,115,6.68,-12.353,-2.8365,0,-12.353,4.05E+02,18.43712923
1965,116,6.005,-8.398,-1.1965,0,-8.398,2.09E+02,17.30399693
1965,117,6.09,-8.261,-1.0855,0,-8.261,2.71E+02,17.34208829
1965,118,7.607,-7.882,-0.1375,0,-7.882,2.48E+02,17.78104019
1965,119,14.355,-5.615,4.37,0,-5.615,2.42E+02,18.88245648
1965,120,8.743,-7.896,0.4235,0,-7.896,3.43E+02,18.23169424
1965,121,6.686,-8.485,-0.8995,0,-8.485,1.69E+02,17.84630796
1965,122,9.209,-8.869,0.17,0.051,-8.869,1.29E+02,18.70584554
1965,123,10.4,-2.855,3.7725,1.105,-2.855,1.90E+02,17.20454636
1965,124,4.81,-7.173,-1.1815,0,-7.173,2.57E+02,16.62792056
1965,125,11.481,-7.586,1.9475,0,-7.586,1.56E+02,19.09366097
1965,126,13.533,-7.266,3.1335,0,-7.266,1.92E+02,19.46657219
1965,127,17.29,-3.021,7.1345,0.362,-3.021,2.36E+02,19.44272003
1965,128,16.779,4.411,10.595,8.489,4.411,3.99E+02,16.98293574
1965,129,8.91,3.621,6.2655,0,3.621,2.57E+02,10.80861999
1965,130,11.788,-0.663,5.5625,7.262,-0.663,3.00E+02,17.09762665
1965,131,12.057,-1.154,5.4515,6.735,-1.154,2.36E+02,17.50824118
1965,132,10.485,-0.41,5.0375,0.273,-0.41,3.05E+02,16.25937162
1965,133,8.592,-5.384,1.604,0,-5.384,1.49E+02,17.92382472
1965,134,14.565,-7.269,3.648,1.28,-7.269,2.64E+02,20.06254488
1965,135,8.919,4.061,6.49,9.691,4.061,1.77E+02,10.25592106
1965,136,7.032,3.817,5.4245,48.956,3.817,2.73E+02,7.543818325
1965,137,11.003,2.801,6.902,7.56,2.801,1.72E+02,14.25580558
1965,138,9.396,0.971,5.1835,0,0.971,2.17E+02,14.4805682
1965,139,11.601,3.296,7.4485,3.617,3.296,2.62E+02,14.38589541
1965,140,12.33,-0.177,6.0765,0,-0.177,2.27E+02,17.42834546
1965,141,18.398,-4.39,7.004,1.912,-4.39,2.50E+02,20.51351377
1965,142,11.164,1.71,6.437,1.009,1.71,3.22E+02,15.43786676
1965,143,12.833,-7.019,2.907,0,-7.019,1.83E+02,20.07803796
1965,144,19.53,-0.657,9.4365,0,-0.657,2.26E+02,20.1804913
1965,145,10.744,4.354,7.549,5.145,4.354,2.15E+02,12.40374871
1965,146,11.75,-1.554,5.098,11.208,-1.554,2.26E+02,17.98145771
1965,147,13.713,0.236,6.9745,10.083,0.236,2.94E+02,18.08758619
1965,148,9.994,3.948,6.971,2.501,3.948,1.86E+02,11.99652615
1965,149,13.788,-2.017,5.8855,0,-2.017,2.89E+02,19.11273504
1965,150,13.193,-0.769,6.212,0,-0.769,3.26E+02,18.37667999
1965,151,10.592,1.224,5.908,1.876,1.224,2.43E+02,15.49414282
1965,152,9.205,-0.009,4.598,1.871,-0.009,1.50E+02,15.3746916
1965,153,10.577,-1.504,4.5365,2.185,-1.504,2.54E+02,17.43863032
1965,154,18.355,3.749,11.052,0,3.749,2.07E+02,18.73213827
1965,155,23.311,2.428,12.8695,0,2.428,2.19E+02,20.60740835
1965,156,25.144,6.184,15.664,0,6.184,2.31E+02,20.20337476
1965,157,20.955,9.33,15.1425,0,9.33,1.80E+02,17.20683738
1965,158,16.846,6.6,11.723,9.849,6.6,3.07E+02,16.2612376
1965,159,25.997,8.489,17.243,2.739,8.489,2.65E+02,19.85161339
1965,160,22.266,10.839,16.5525,2.664,10.839,2.47E+02,17.10654823
1965,161,14.568,8.101,11.3345,1.471,8.101,3.62E+02,12.59538891
1965,162,17.077,1.6,9.3385,0.04,1.6,3.33E+02,19.18679237
1965,163,14.573,7.244,10.9085,3.031,7.244,3.08E+02,13.60783306
1965,164,14.283,6.48,10.3815,0.83,6.48,1.41E+02,14.11875768
1965,165,16.166,5.835,11.0005,0.168,5.835,2.77E+02,16.36705823
1965,166,19.786,6.935,13.3605,0,6.935,2.48E+02,17.99363546
1965,167,22.912,7.466,15.189,0,7.466,2.60E+02,19.20642982
1965,168,20.381,6.745,13.563,0,6.745,1.78E+02,18.4090108
1965,169,25.444,8.906,17.175,0,8.906,1.39E+02,19.61440419
1965,170,27.392,11.436,19.414,0,11.436,1.31E+02,19.40887496
1965,171,28.292,11.039,19.6655,3.477,11.039,3.59E+02,19.85170334
1965,172,22.509,14.575,18.542,4.772,14.575,2.63E+02,14.26515832
1965,173,24.305,9.475,16.89,0.884,9.475,1.85E+02,18.96129425
1965,174,18.177,6.221,12.199,40.98,6.221,9.72E+01,17.4831998
1965,175,13.253,2.343,7.798,0.754,2.343,1.68E+02,16.7954797
1965,176,15.116,1.997,8.5565,0,1.997,1.93E+02,18.14002114
1965,177,22.368,3.224,12.796,0,3.224,3.23E+02,20.36154278
1965,178,26.881,14.369,20.625,2.398,14.369,3.00E+02,17.7980429
1965,179,28.418,13.61,21.014,10.466,13.61,2.77E+02,18.92667608
1965,180,15.601,7.138,11.3695,0,7.138,2.19E+02,14.77114836
1965,181,17.948,0.349,9.1485,0,0.349,1.38E+02,19.90891183
1965,182,17.245,0.917,9.081,1.538,0.917,1.34E+02,19.48787135
1965,183,18.406,6.595,12.5005,4.029,6.595,2.11E+02,17.34746104
1965,184,16.157,8.55,12.3535,0.431,8.55,1.80E+02,13.89038646
1965,185,20.594,1.183,10.8885,9.418,1.183,1.42E+02,20.33868338
1965,186,12.234,3.496,7.865,8.092,3.496,2.31E+02,14.994146
1965,187,14.476,0.523,7.4995,0.198,0.523,3.10E+02,18.46263462
1965,188,18.697,7.813,13.255,8.902,7.813,1.94E+02,16.69092632
1965,189,15.585,5.838,10.7115,2.588,5.838,1.22E+02,15.83270889
1965,190,14.994,0.972,7.983,23.874,0.972,1.43E+02,18.45013598
1965,191,15.661,5.978,10.8195,2.588,5.978,1.78E+02,15.75975026
1965,192,16.089,4.712,10.4005,0.496,4.712,1.39E+02,16.96981086
1965,193,17.558,6.942,12.25,0.156,6.942,1.29E+02,16.4401807
1965,194,17.254,5.521,11.3875,10.024,5.521,1.89E+02,17.16270535
1965,195,17.008,11.286,14.147,0,11.286,8.64E+01,11.56874398
1965,196,18.158,-1.742,8.208,5.647,-1.742,1.05E+02,20.20309647
1965,197,16.1,7.532,11.816,1.107,7.532,1.25E+02,14.72672762
1965,198,16.467,0.585,8.526,0,0.585,1.07E+02,19.03411513
1965,199,16.906,6.28,11.593,3.737,6.28,2.57E+02,16.34990304
1965,200,11.901,4.483,8.192,9.668,4.483,1.13E+02,13.55173503
1965,201,13.136,5.583,9.3595,0.884,5.583,1.85E+02,13.68126797
1965,202,18.526,3.93,11.228,0.188,3.93,2.08E+02,18.43207449
1965,203,21.829,5.872,13.8505,7.388,5.872,1.91E+02,18.91256232
1965,204,19.824,10.98,15.402,1.004,10.98,2.56E+02,14.86673461
1965,205,17.433,8.534,12.9835,5.874,8.534,3.28E+02,14.8962496
1965,206,17.095,5.127,11.111,7.136,5.127,1.85E+02,17.04118477
1965,207,14.936,5.98,10.458,8.415,5.98,2.57E+02,14.90654061
1965,208,15.845,5.851,10.848,2.502,5.851,1.31E+02,15.70678933
1965,209,16.457,3.148,9.8025,4.681,3.148,1.49E+02,17.64696927
1965,210,17.468,6.381,11.9245,2.722,6.381,1.64E+02,16.40090538
1965,211,16.05,4.747,10.3985,0,4.747,2.29E+02,16.50576832
1965,212,19.459,3.215,11.337,0,3.215,2.73E+02,18.66454974
1965,213,23.006,6.73,14.868,11.544,6.73,2.03E+02,18.63003672
1965,214,16.1,11.032,13.566,22.069,11.032,2.53E+02,10.49719072
1965,215,14.121,9.071,11.596,18.695,9.071,2.18E+02,10.46049188
1965,216,19.167,5.105,12.136,1.915,5.105,2.40E+02,17.71033005
1965,217,19.289,8.481,13.885,21.899,8.481,9.38E+01,16.00699562
1965,218,20.834,13.597,17.2155,0,13.597,1.92E+02,13.06630392
1965,219,18.763,4.53,11.6465,23.017,4.53,2.00E+02,17.64310323
1965,220,23.238,13.407,18.3225,0,13.407,1.79E+02,15.25080327
1965,221,19.128,9.635,14.3815,22.019,9.635,1.74E+02,14.97235878
1965,222,14.058,4.05,9.054,1.077,4.05,1.72E+02,15.30657456
1965,223,14.546,0.493,7.5195,1.237,0.493,1.38E+02,17.37608676
1965,224,18.496,10.941,14.7185,0.043,10.941,1.99E+02,13.24248422
1965,225,20.817,6.351,13.584,0,6.351,2.06E+02,17.42300595
1965,226,27.113,13.932,20.5225,0,13.932,1.59E+02,16.86699312
1965,227,24.289,14.52,19.4045,0,14.52,2.35E+02,14.95704762
1965,228,22.215,3.731,12.973,0,3.731,2.18E+02,18.31337761
1965,229,22.466,9.311,15.8885,13.098,9.311,2.45E+02,16.69477755
1965,230,16.733,11.706,14.2195,1.575,11.706,2.30E+02,10.2175981
1965,231,18.23,3.926,11.078,1.246,3.926,2.58E+02,17.01269566
1965,232,14.555,3.141,8.848,0,3.141,3.44E+02,15.72192507
1965,233,14.246,2.054,8.15,1.766,2.054,3.00E+02,16.04953246
1965,234,15.224,6.523,10.8735,23.349,6.523,2.47E+02,13.90567359
1965,235,15.758,7.688,11.723,0.5,7.688,2.38E+02,13.36170655
1965,236,14.338,4.962,9.65,0.458,4.962,3.22E+02,14.30963596
1965,237,13.718,-0.743,6.4875,0,-0.743,1.69E+02,16.66407599
1965,238,17.234,4.568,10.901,4.563,4.568,2.52E+02,15.95347876
1965,239,14.442,9.962,12.202,26.801,9.962,2.79E+02,9.303659475
1965,240,7.747,4.112,5.9295,4.262,4.112,2.61E+02,8.008739218
1965,241,7.848,0.941,4.3945,4.16,0.941,2.46E+02,12.10466892
1965,242,11.307,2.03,6.6685,0.589,2.03,1.63E+02,13.95667711
1965,243,13.419,-1.922,5.7485,3.155,-1.922,1.35E+02,16.45129655
1965,244,15.298,5.323,10.3105,2.041,5.323,1.87E+02,14.27988098
1965,245,13.498,5.999,9.7485,0.449,5.999,3.23E+02,12.48867243
1965,246,19.175,6.512,12.8435,0.379,6.512,1.37E+02,15.39732267
1965,247,21.964,12.885,17.4245,0,12.885,1.48E+02,13.5666911
1965,248,21.798,11.801,16.7995,0.941,11.801,1.49E+02,14.05667581
1965,249,14.634,6.512,10.573,0.411,6.512,2.53E+02,12.8020005
1965,250,12.466,3.428,7.947,4.119,3.428,2.47E+02,13.37457213
1965,251,12.066,5.53,8.798,0,5.53,3.50E+02,11.38543034
1965,252,19.312,3.182,11.247,2.213,3.182,2.41E+02,15.81132267
1965,253,18.209,9.032,13.6205,1.437,9.032,1.40E+02,13.28362143
1965,254,12.266,1.254,6.76,0.51,1.254,2.17E+02,14.14615453
1965,255,10.067,0.302,5.1845,0,0.302,2.65E+02,13.48408796
1965,256,10.067,1.272,5.6695,6.644,1.272,3.17E+02,12.87161007
1965,257,10.852,5.068,7.96,1.525,5.068,1.80E+02,10.41907512
1965,258,12.812,2.863,7.8375,12.9,2.863,3.05E+02,13.36964915
1965,259,9.36,1.007,5.1835,0,1.007,3.46E+02,12.41507477
1965,260,10.148,-2.557,3.7955,0,-2.557,2.74E+02,14.25032903
1965,261,11.55,0.183,5.8665,0.172,0.183,3.15E+02,13.73147602
1965,262,15.015,5.669,10.342,7.004,5.669,2.49E+02,12.78537542
1965,263,14.269,7.122,10.6955,2.528,7.122,2.15E+02,11.35387196
1965,264,14.203,7.616,10.9095,14.709,7.616,1.35E+02,10.86131249
1965,265,21.706,8.212,14.959,15.181,8.212,1.59E+02,13.97125857
1965,266,15.654,8.511,12.0825,0.703,8.511,2.45E+02,11.1877075
1965,267,12.001,7.392,9.6965,0,7.392,1.53E+02,8.791893414
1965,268,12.754,2.845,7.7995,2.065,2.845,2.40E+02,12.59008198
1965,269,3.166,-2.17,0.498,0,-2.17,3.46E+02,9.504736667
1965,270,5.073,-2.316,1.3785,0,-2.316,2.44E+02,11.12436041
1965,271,6.21,-3.982,1.114,1.608,-3.982,1.94E+02,12.45138268
1965,272,3.669,-0.683,1.493,0.633,-0.683,1.58E+02,8.332375129
1965,273,8.413,-2.755,2.829,3.087,-2.755,2.29E+02,12.59327501
1965,274,11.577,1.194,6.3855,6.637,1.194,1.31E+02,12.25593913
1965,275,10.228,-0.609,4.8095,13.015,-0.609,8.64E+01,12.30791968
1965,276,7.857,-0.112,3.8725,3.879,-0.112,8.64E+01,11.0711467
1965,277,3.745,-4.455,-0.355,1.177,-4.455,8.64E+01,11.11708965
1965,278,-1.543,-5.879,-3.711,0,-5.879,8.64E+01,8.116399154
1965,279,0.518,-6.204,-2.843,0,-6.204,8.64E+01,10.13670925
1965,280,3.519,-7.788,-2.1345,0.198,-7.788,8.64E+01,11.94964052
1965,281,4.725,-2.091,1.317,4.836,-2.091,8.64E+01,10.07297918
1965,282,5.428,1.091,3.2595,5.174,1.091,8.64E+01,7.97670039
1965,283,10.383,1.688,6.0355,1.92,1.688,8.64E+01,10.86848839
1965,284,9.702,1.766,5.734,2.912,1.766,8.64E+01,10.46649184
1965,285,6.726,1.671,4.1985,4.911,1.671,8.64E+01,8.550680699
1965,286,6.358,0.3,3.329,2.995,0.3,8.64E+01,9.276545899
1965,287,5.198,-2.106,1.546,1.66,-2.106,8.64E+01,9.943204504
1965,288,2.729,-1.598,0.5655,3.268,-1.598,8.64E+01,7.742366731
1965,289,3.569,-0.078,1.7455,12.071,-0.078,8.64E+01,6.971492531
1965,290,5.881,-5.465,0.208,0.497,-5.465,8.64E+01,10.93706837
1965,291,10.518,2.13,6.324,1.707,2.13,8.64E+01,10.09306408
1965,292,13.213,5.664,9.4385,0,5.664,8.64E+01,9.689117586
1965,293,14.871,7.91,11.3905,1.937,7.91,8.64E+01,9.35051224
1965,294,13.356,0.93,7.143,0.492,0.93,8.64E+01,10.66880585
1965,295,5.397,-3.213,1.092,6.046,-3.213,8.64E+01,9.82918666
1965,296,4.269,-1.681,1.294,5.066,-1.681,8.64E+01,8.616411401
1965,297,0.568,-3.703,-1.5675,3.849,-3.703,8.64E+01,7.331726609
1965,298,-1.087,-5.635,-3.361,6.315,-5.635,8.64E+01,7.529209991
1965,299,0.091,-5.016,-2.4625,9.81,-5.016,8.64E+01,7.907786516
1965,300,-0.092,-7.446,-3.769,8.759,-7.446,8.64E+01,9.009330554
1965,301,-1.182,-7.044,-4.113,9.344,-7.044,8.64E+01,8.265802182
1965,302,-0.502,-8.466,-4.484,8.662,-8.466,8.64E+01,9.057831719
1965,303,2.729,-3.675,-0.473,5.328,-3.675,8.64E+01,8.410320658
1965,304,1.668,-3.718,-1.025,3.543,-3.718,8.64E+01,7.822528928
1965,305,-3.072,-7.978,-5.525,3.394,-7.978,8.64E+01,7.468075524
1965,306,-4.715,-13.498,-9.1065,0.099,-13.498,2.87E+02,8.935286366
1965,307,2.164,-8.833,-3.3345,1.582,-8.833,1.19E+02,9.180296521
1965,308,4.281,-7.591,-1.655,1.416,-7.591,1.37E+02,9.163583917
1965,309,-1.277,-11.246,-6.2615,4.552,-11.246,1.93E+02,8.875352352
1965,310,1.125,-6.976,-2.9255,0.909,-6.976,2.53E+02,8.46413713
1965,311,-1.073,-7.477,-4.275,0.299,-7.477,2.35E+02,7.892626139
1965,312,-3.662,-7.924,-5.793,5.078,-7.924,1.39E+02,6.702345654
1965,313,-5.813,-11.981,-8.897,0.629,-11.981,2.48E+02,7.67895241
1965,314,-7.876,-14.768,-11.322,0.188,-14.768,2.78E+02,7.862839455
1965,315,-4.767,-19.989,-12.378,1.193,-19.989,2.71E+02,8.630878001
1965,316,-1.187,-11.702,-6.4445,3.457,-11.702,2.93E+02,8.332508303
1965,317,2.577,-6.863,-2.143,13.674,-6.863,2.08E+02,8.143850895
1965,318,-0.25,-10.702,-5.476,0.337,-10.702,1.07E+02,8.16494338
1965,319,-8.544,-13.668,-11.106,1.92,-13.668,1.92E+02,6.905329841
1965,320,-7.361,-18.752,-13.0565,3.321,-18.752,1.33E+02,8.06908083
1965,321,-7.062,-18.401,-12.7315,2.888,-18.401,1.56E+02,7.98833118
1965,322,-7.291,-14.056,-10.6735,0.871,-14.056,1.55E+02,7.333571693
1965,323,-8.482,-11.218,-9.85,0.484,-11.218,1.43E+02,5.027528722
1965,324,-7.652,-10.868,-9.26,0,-10.868,3.22E+02,5.468281938
1965,325,-6.694,-15.092,-10.893,0,-15.092,2.03E+02,7.458366666
1965,326,-5.867,-13.923,-9.895,0.456,-13.923,2.44E+02,7.351403397
1965,327,-3.11,-10.152,-6.631,0.274,-10.152,1.93E+02,7.121411089
1965,328,-0.65,-15.028,-7.839,2.456,-15.028,2.52E+02,7.568268304
1965,329,-3.525,-13.454,-8.4895,0,-13.454,2.63E+02,7.361159428
1965,330,-6.527,-19.48,-13.0035,0,-19.48,3.01E+02,7.41745678
1965,331,-6.189,-17.798,-11.9935,21.653,-17.798,3.58E+02,7.323634005
1965,332,-3.897,-10.045,-6.971,8.617,-10.045,2.16E+02,6.684405267
1965,333,-3.347,-8.84,-6.0935,4.712,-8.84,4.31E+02,6.456546668
1965,334,-4.38,-11.01,-7.695,9.501,-11.01,3.32E+02,6.714732832
1965,335,-2.367,-20.027,-11.197,4.518,-20.027,3.83E+02,7.177381975
1965,336,-6.031,-23.474,-14.7525,0.381,-23.474,1.65E+02,7.127446476
1965,337,1.211,-13.323,-6.056,3.258,-13.323,2.58E+02,7.06644111
1965,338,1.28,-4.423,-1.5715,2.345,-4.423,1.02E+02,6.356486693
1965,339,-1.21,-8.028,-4.619,1.864,-8.028,3.09E+02,6.572734262
1965,340,-7.094,-12.006,-9.55,2.133,-12.006,3.33E+02,6.049629924
1965,341,-8.375,-15.934,-12.1545,3.045,-15.934,1.87E+02,6.621688859
1965,342,-8.151,-13.84,-10.9955,1.944,-13.84,1.63E+02,6.249444537
1965,343,-5.805,-14.18,-9.9925,3.773,-14.18,2.89E+02,6.651512817
1965,344,-5.699,-18.157,-11.928,0.768,-18.157,1.78E+02,6.793365212
1965,345,-16.478,-24.894,-20.686,0,-24.894,1.89E+02,6.607835161
1965,346,-14.619,-30.059,-22.339,2.112,-30.059,2.57E+02,6.771701555
1965,347,-13.233,-21.379,-17.306,6.031,-21.379,1.30E+02,6.547005801
1965,348,-9.295,-15.442,-12.3685,3.657,-15.442,1.22E+02,6.252405187
1965,349,-6.067,-10.092,-8.0795,0.996,-10.092,2.67E+02,5.532800249
1965,350,-2.249,-9.824,-6.0365,1.067,-9.824,2.06E+02,6.451654289
1965,351,-12.234,-25.242,-18.738,0.182,-25.242,2.74E+02,6.680526099
1965,352,-11.787,-22.195,-16.991,1.112,-22.195,3.01E+02,6.621100729
1965,353,-17.891,-23.368,-20.6295,0.266,-23.368,3.14E+02,6.059825969
1965,354,-16.059,-30.375,-23.217,0.466,-30.375,3.41E+02,6.679980064
1965,355,-11.043,-26.914,-18.9785,0,-26.914,2.25E+02,6.688770182
1965,356,-3.712,-19.96,-11.836,2.843,-19.96,8.86E+01,6.694120596
1965,357,-3.334,-14.024,-8.679,0.135,-14.024,9.04E+01,6.636919844
1965,358,-5.809,-7.848,-6.8285,1.458,-7.848,1.86E+02,3.941430896
1965,359,-10.629,-15.669,-13.149,0.938,-15.669,2.82E+02,5.951310139
1965,360,-17.556,-27.145,-22.3505,0,-27.145,9.70E+01,6.629198162
1965,361,-13.605,-30.747,-22.176,0.204,-30.747,1.06E+02,6.758089172
1965,362,-12.479,-26.216,-19.3475,0,-26.216,1.17E+02,6.762471736
1965,363,0.203,-29.917,-14.857,0.443,-29.917,2.14E+02,6.807137286
1965,364,1.12,-19.346,-9.113,0.121,-19.346,2.83E+02,6.831810281
1965,365,-0.029,-10.934,-5.4815,2.634,-10.934,1.63E+02,6.788337444
1965,366,-0.029,-10.934,-5.4815,2.634,-10.934,1.63E+02,6.788337444
