DJ0207XDMNXPHWR
CCXMDDM
24,1,12.0
7,0.075,0.125,0.00,0,0,0,0,0,0,0,0
1969,1,-9.512,-15.35,-12.431,3.492,-15.35,1.60E+02,6.289349192,,,
1969,2,-10.597,-13.086,-11.8415,6.978,-13.086,1.91E+02,4.487502566,,,
1969,3,-18.067,-19.686,-18.8765,0.207,-19.686,2.38E+02,3.431346219,,,
1969,4,-13.552,-21.921,-17.7365,0.414,-21.921,3.58E+02,6.774806131,,,
1969,5,-8.97,-21.866,-15.418,0.349,-21.866,1.22E+02,7.007559668,,,
1969,6,-5.897,-17.413,-11.655,1.085,-17.413,1.81E+02,7.021615247,,,
1969,7,-4.918,-11.972,-8.445,7.631,-11.972,1.85E+02,6.718701326,,,
1969,8,-9.407,-12.941,-11.174,7.816,-12.941,2.16E+02,5.453890364,,,
1969,9,-8.668,-21.037,-14.8525,3.985,-21.037,1.73E+02,7.184838399,,,
1969,10,-3.694,-14.444,-9.069,5.71,-14.444,1.45E+02,7.186813674,,,
1969,11,-0.405,-13.083,-6.744,0.389,-13.083,1.08E+02,7.299141484,,,
1969,12,-1.406,-3.873,-2.6395,0.15,-3.873,1.08E+02,4.593510008,,,
1969,13,-4.663,-10.109,-7.386,0,-10.109,2.86E+02,6.556859235
1969,14,-10.771,-16.175,-13.473,0,-16.175,1.40E+02,6.581993959
1969,15,-10.485,-19.618,-15.0515,0,-19.618,2.46E+02,7.363044117
1969,16,-6.271,-25.18,-15.7255,0.15,-25.18,4.62E+02,7.671886103
1969,17,-2.603,-11.51,-7.0565,4.398,-11.51,2.31E+02,7.461736733
1969,18,-5.358,-15.319,-10.3385,16.317,-15.319,1.42E+02,7.619963532
1969,19,-9.453,-14.184,-11.8185,0,-14.184,2.97E+02,6.495564607
1969,20,-10.176,-30.592,-20.384,1.433,-30.592,4.20E+02,7.977421044
1969,21,-3.705,-19.094,-11.3995,2.962,-19.094,1.59E+02,8.029353901
1969,22,1.662,-6.427,-2.3825,2.1,-6.427,2.39E+02,7.67413516
1969,23,2.1,-0.967,0.5665,0.737,-0.967,2.50E+02,5.435647068
1969,24,4.436,0.319,2.3775,2.216,0.319,2.60E+02,6.327635861
1969,25,0.027,-7.996,-3.9845,0.492,-7.996,2.40E+02,7.866275763
1969,26,-14.541,-20.582,-17.5615,0,-20.582,1.11E+02,7.401941239
1969,27,-18.515,-27.723,-23.119,0,-27.723,1.23E+02,8.199504756
1969,28,-9.64,-29.098,-19.369,0,-29.098,1.51E+02,8.684507687
1969,29,-9.918,-15.901,-12.9095,5.22,-15.901,2.18E+02,7.552329119
1969,30,-4.141,-19.897,-12.019,13.564,-19.897,2.66E+02,8.841936124
1969,31,-4.95,-10.141,-7.5455,1.817,-10.141,1.86E+02,7.291112286
1969,32,-11.671,-24.638,-18.1545,0,-24.638,2.91E+02,8.950245071
1969,33,-8.922,-27.838,-18.38,1.4,-27.838,1.10E+02,9.187910901
1969,34,-8.517,-15.979,-12.248,13.122,-15.979,1.90E+02,8.383515608
1969,35,-20.118,-24.219,-22.1685,1.517,-24.219,2.77E+02,6.744750726
1969,36,-19.619,-26.064,-22.8415,0.732,-26.064,2.79E+02,8.172857188
1969,37,-14.219,-23.122,-18.6705,0.518,-23.122,1.21E+02,8.968772732
1969,38,-11.108,-19.793,-15.4505,0,-19.793,2.79E+02,9.007005023
1969,39,-7.69,-25.151,-16.4205,2.355,-25.151,2.25E+02,9.828072561
1969,40,-10.709,-25.823,-18.266,0,-25.823,1.99E+02,9.876009996
1969,41,-10.599,-31.275,-20.937,0,-31.275,1.87E+02,10.10238617
1969,42,-6.275,-26.018,-16.1465,0,-26.018,2.31E+02,10.21189866
1969,43,-7.86,-20.343,-14.1015,0.139,-20.343,2.29E+02,10.04176848
1969,44,-13.345,-20.364,-16.8545,1.529,-20.364,2.79E+02,8.959049927
1969,45,-14.302,-19.386,-16.844,0.38,-19.386,2.61E+02,7.948304643
1969,46,-7.921,-20.841,-14.381,1.356,-20.841,2.35E+02,10.40585024
1969,47,-4.095,-14.937,-9.516,3.014,-14.937,1.76E+02,10.25168026
1969,48,-5.928,-11.56,-8.744,3.662,-11.56,2.32E+02,8.484303797
1969,49,-0.832,-14.987,-7.9095,0,-14.987,2.00E+02,10.84662488
1969,50,-0.462,-16.742,-8.602,0,-16.742,1.55E+02,11.09263763
1969,51,-0.846,-6.453,-3.6495,1.578,-6.453,1.31E+02,8.634970927
1969,52,-1.189,-7.965,-4.577,0,-7.965,3.10E+02,9.403587014
1969,53,-3.373,-20.209,-11.791,0,-20.209,2.00E+02,11.48710787
1969,54,-1.168,-18.393,-9.7805,0,-18.393,2.25E+02,11.62962996
1969,55,-1.955,-13.482,-7.7185,0,-13.482,1.69E+02,11.19058185
1969,56,-1.248,-13.161,-7.2045,0,-13.161,2.27E+02,11.36348071
1969,57,-4.897,-18.054,-11.4755,0,-18.054,1.38E+02,11.65932845
1969,58,-3.594,-18.63,-11.112,0,-18.63,1.29E+02,11.97973073
1969,59,-0.177,-19.84,-10.0085,0,-19.84,1.22E+02,12.3646
1969,60,2.243,-11.069,-4.413,0,-11.069,1.29E+02,12.01767102
1969,61,2.145,-22.782,-10.3185,0,-22.782,1.27E+02,12.73919493
1969,62,-5.524,-20.814,-13.169,0,-20.814,2.33E+02,12.48303042
1969,63,-13.933,-27.806,-20.8695,0,-27.806,3.16E+02,12.43517303
1969,64,-15.842,-29.453,-22.6475,0,-29.453,2.30E+02,12.51062312
1969,65,-13.416,-30.643,-22.0295,0,-30.643,1.48E+02,13.01401394
1969,66,-12.348,-23.202,-17.775,1.87,-23.202,2.94E+02,12.13873858
1969,67,-4.12,-17.456,-10.788,0.105,-17.456,1.63E+02,12.79841473
1969,68,-1.194,-13.459,-7.3265,0.514,-13.459,1.28E+02,12.69275874
1969,69,-10.31,-14.668,-12.489,12.47,-14.668,1.18E+02,8.280318321
1969,70,-5.547,-16.145,-10.846,2.088,-16.145,2.83E+02,12.43142862
1969,71,2.295,-12.713,-5.209,0,-12.713,2.68E+02,13.50666866
1969,72,5.132,-3.664,0.734,0,-3.664,1.85E+02,11.86806345
1969,73,2.145,-5.875,-1.865,0.241,-5.875,3.58E+02,11.52442687
1969,74,-0.252,-9.105,-4.6785,1.379,-9.105,2.20E+02,12.04407641
1969,75,-12.407,-21.252,-16.8295,0,-21.252,3.22E+02,12.11282287
1969,76,-4.02,-22.395,-13.2075,0,-22.395,1.79E+02,14.46918396
1969,77,-0.204,-13.001,-6.6025,1.652,-13.001,1.62E+02,13.72414473
1969,78,-0.561,-8.488,-4.5245,1.083,-8.488,1.58E+02,11.78957973
1969,79,2.229,-20.207,-8.989,4.406,-20.207,1.42E+02,15.10141812
1969,80,1.045,-3.199,-1.077,14.252,-3.199,3.03E+02,8.463878647
1969,81,0.66,-8.863,-4.1015,0,-8.863,3.27E+02,12.88788473
1969,82,7.116,-16.317,-4.6005,0,-16.317,3.25E+02,15.52852611
1969,83,4.657,-1.45,1.6035,0,-1.45,1.76E+02,10.62678628
1969,84,5.421,1.115,3.268,2.606,1.115,2.63E+02,8.646911668
1969,85,1.792,-5.076,-1.642,9.47,-5.076,2.28E+02,11.39150975
1969,86,-6.269,-15.448,-10.8585,0,-15.448,2.34E+02,13.04741638
1969,87,2.217,-17.25,-7.5165,3.125,-17.25,2.77E+02,15.87111972
1969,88,-11.067,-17.353,-14.21,1.956,-17.353,2.19E+02,10.9994608
1969,89,-11.334,-26.024,-18.679,0,-26.024,3.49E+02,15.33918985
1969,90,-11.355,-27.648,-19.5015,0.879,-27.648,1.75E+02,15.76370345
1969,91,-5.761,-22.659,-14.21,2.527,-22.659,2.78E+02,15.96859777
1969,92,-12.205,-17.635,-14.92,0,-17.635,2.57E+02,10.24297303
1969,93,-4.056,-28.446,-16.251,0.194,-28.446,1.55E+02,16.91734805
1969,94,0.437,-11.355,-5.459,0.263,-11.355,1.23E+02,14.85639109
1969,95,2.187,-5.509,-1.661,0.751,-5.509,4.34E+02,12.5315356
1969,96,1.537,-17.845,-8.154,0.354,-17.845,5.46E+02,16.8329526
1969,97,1.633,-5.916,-2.1415,0,-5.916,4.32E+02,12.49866571
1969,98,-0.809,-15.492,-8.1505,0,-15.492,2.54E+02,16.13371885
1969,99,6.933,-16.778,-4.9225,4.81,-16.778,2.16E+02,17.54694992
1969,100,3.984,-4.88,-0.448,5.435,-4.88,2.38E+02,13.63969307
1969,101,-4.023,-16.519,-10.271,0.294,-16.519,2.38E+02,15.63576245
1969,102,2.295,-17.479,-7.592,0.921,-17.479,2.58E+02,17.47071592
1969,103,7.494,-7.501,-0.0035,0,-7.501,1.28E+02,16.61872193
1969,104,9.487,-3.375,3.056,0,-3.375,2.05E+02,15.98271804
1969,105,17.256,-5.446,5.905,0,-5.446,2.06E+02,18.07633053
1969,106,12.361,4.163,8.262,0.321,4.163,2.12E+02,13.40103181
1969,107,1.373,-3.026,-0.8265,1.766,-3.026,2.30E+02,9.241553939
1969,108,0.417,-10.444,-5.0135,0.095,-10.444,2.75E+02,15.28378945
1969,109,-2.748,-11.333,-7.0405,0,-11.333,1.69E+02,13.82624403
1969,110,1.855,-14.652,-6.3985,0.231,-14.652,3.67E+02,17.53919124
1969,111,3.689,-4.228,-0.2695,1.486,-4.228,3.70E+02,13.34566811
1969,112,3.355,-0.795,1.28,1.674,-0.795,3.41E+02,8.940168029
1969,113,7.991,-0.677,3.657,0.294,-0.677,3.31E+02,14.04108068
1969,114,7.861,-5.344,1.2585,2.427,-5.344,1.66E+02,16.73103894
1969,115,1.537,-2.829,-0.646,0.806,-2.829,4.05E+02,9.307463472
1969,116,1.892,-3.461,-0.7845,0.592,-3.461,2.09E+02,10.70720659
1969,117,0.944,-5.153,-2.1045,0.254,-5.153,2.71E+02,11.64896858
1969,118,3.445,-8.681,-2.618,0.294,-8.681,2.48E+02,16.44319535
1969,119,1.991,-9.072,-3.5405,0,-9.072,2.42E+02,15.91133996
1969,120,7.75,-10.966,-1.608,0,-10.966,3.43E+02,18.71796534
1969,121,12.947,-0.891,6.028,0,-0.891,1.69E+02,17.3566807
1969,122,11.894,-2.79,4.552,2.745,-2.79,1.29E+02,17.72926019
1969,123,4.047,1.568,2.8075,0.222,1.568,1.90E+02,6.067858873
1969,124,2.139,-4.854,-1.3575,0,-4.854,2.57E+02,12.79604295
1969,125,5,-7.629,-1.3145,0,-7.629,1.56E+02,16.99826422
1969,126,12.385,-4.803,3.791,5.249,-4.803,1.92E+02,18.71203881
1969,127,5.152,2.023,3.5875,3.154,2.023,2.36E+02,7.341857666
1969,128,7.885,2.785,5.335,11.822,2.785,3.99E+02,10.53460555
1969,129,6.183,1.713,3.948,7.817,1.713,2.57E+02,9.618837214
1969,130,1.768,-1.032,0.368,5.438,-1.032,3.00E+02,6.73197146
1969,131,5.539,-3.596,0.9715,0.29,-3.596,2.36E+02,14.95359512
1969,132,9.542,-1.338,4.102,1.009,-1.338,3.05E+02,16.24967937
1969,133,8.339,-1.068,3.6355,0,-1.068,1.49E+02,15.21925272
1969,134,5.336,0.567,2.9515,0.19,0.567,2.64E+02,10.11546194
1969,135,11.74,-5.298,3.221,1.545,-5.298,1.77E+02,19.08473788
1969,136,10.781,3.717,7.249,4.863,3.717,2.73E+02,13.08142265
1969,137,4.842,0.064,2.453,1.464,0.064,1.72E+02,10.15339926
1969,138,12.633,-4.903,3.865,6.603,-4.903,2.17E+02,19.34113505
1969,139,15.213,2.822,9.0175,0.29,2.822,2.62E+02,17.33971003
1969,140,3.591,-0.475,1.558,0.091,-0.475,2.27E+02,9.052155233
1969,141,7.843,-6.529,0.657,0,-6.529,2.50E+02,18.34867368
1969,142,12.681,-3.721,4.48,0,-3.721,3.22E+02,19.13544119
1969,143,19.335,-0.292,9.5215,1.025,-0.292,1.83E+02,20.03014857
1969,144,18.191,4.251,11.221,0.847,4.251,2.26E+02,18.23780633
1969,145,-0.701,-8.566,-4.6335,1.882,-8.566,2.15E+02,14.04239133
1969,146,7.094,-5.748,0.673,0,-5.748,2.26E+02,17.74507527
1969,147,13.707,-4.39,4.6585,0,-4.39,2.94E+02,19.78204639
1969,148,17.896,4.923,11.4095,0.262,4.923,1.86E+02,17.85343006
1969,149,13.546,2.359,7.9525,0.144,2.359,2.89E+02,16.82157039
1969,150,8.331,-0.261,4.035,0.691,-0.261,3.26E+02,14.80036842
1969,151,16.674,0.171,8.4225,0,0.171,2.43E+02,19.39855784
1969,152,12.08,-2.409,4.8355,9.825,-2.409,1.50E+02,18.64860665
1969,153,17.153,6.345,11.749,25.359,6.345,2.54E+02,16.61943948
1969,154,12.357,8.024,10.1905,1.207,8.024,2.07E+02,9.548848491
1969,155,13.392,2.952,8.172,0.205,2.952,2.19E+02,16.37829365
1969,156,14.039,1.042,7.5405,11.293,1.042,2.31E+02,17.99095162
1969,157,15.705,8.302,12.0035,0,8.302,1.80E+02,13.66226233
1969,158,13.611,5.566,9.5885,0.219,5.566,3.07E+02,14.33896877
1969,159,10.008,0.694,5.351,4.953,0.694,2.65E+02,15.51995403
1969,160,11.008,3.401,7.2045,4.471,3.401,2.47E+02,13.89723805
1969,161,20.066,-1.74,9.163,0.347,-1.74,3.62E+02,20.87413805
1969,162,13.72,8.761,11.2405,5.428,8.761,3.33E+02,10.54540037
1969,163,21.614,8.358,14.986,2.998,8.358,3.08E+02,18.19293353
1969,164,19.414,11.16,15.287,0.106,11.16,1.41E+02,14.57414065
1969,165,18.308,2.484,10.396,0,2.484,2.77E+02,19.34160137
1969,166,19.03,0.478,9.754,0.278,0.478,2.48E+02,20.21237731
1969,167,18.853,7.159,13.006,0.04,7.159,2.60E+02,17.31598387
1969,168,17.546,7.165,12.3555,7.917,7.165,1.78E+02,16.41335112
1969,169,15.716,2.16,8.938,6.328,2.16,1.39E+02,18.37149483
1969,170,14.936,8.521,11.7285,11.514,8.521,1.31E+02,12.54780586
1969,171,10.734,1.398,6.066,0.205,1.398,3.59E+02,15.57932848
1969,172,12.327,2.072,7.1995,0.206,2.072,2.63E+02,16.32137903
1969,173,17.916,2.087,10.0015,0,2.087,1.85E+02,19.36101399
1969,174,21.347,5.674,13.5105,0,5.674,9.72E+01,19.29980169
1969,175,16.954,8.079,12.5165,0.166,8.079,1.68E+02,15.16955005
1969,176,24.353,6.055,15.204,0,6.055,1.93E+02,20.14705654
1969,177,20.647,13.217,16.932,0.04,13.217,3.23E+02,13.72581368
1969,178,27.266,16.826,22.046,2.389,16.826,3.00E+02,16.4469415
1969,179,20.304,16.008,18.156,7.75,16.008,2.77E+02,9.509655374
1969,180,19.274,8.069,13.6715,0,8.069,2.19E+02,16.97740383
1969,181,18.947,9.726,14.3365,39.615,9.726,1.38E+02,15.4554259
1969,182,15.53,7.608,11.569,0.596,7.608,1.34E+02,14.2282826
1969,183,15.308,6.969,11.1385,4.262,6.969,2.11E+02,14.63769591
1969,184,19.986,3.197,11.5915,0,3.197,1.80E+02,19.62078201
1969,185,23.756,10.303,17.0295,12.874,10.303,1.42E+02,18.24500147
1969,186,13.562,8.775,11.1685,1.495,8.775,2.31E+02,10.2713259
1969,187,13.358,1.817,7.5875,0.648,1.817,3.10E+02,17.13885247
1969,188,16.556,4.109,10.3325,0.365,4.109,1.94E+02,17.67215179
1969,189,17.706,5.014,11.36,0,5.014,1.22E+02,17.79544771
1969,190,21.423,5.695,13.559,0.522,5.695,1.43E+02,19.15705381
1969,191,21.812,10.669,16.2405,11.434,10.669,1.78E+02,16.83034186
1969,192,19.51,12.769,16.1395,12.962,12.769,1.39E+02,12.87069154
1969,193,22.75,13.968,18.359,0.472,13.968,1.29E+02,14.96968985
1969,194,22.914,12.369,17.6415,0,12.369,1.89E+02,16.3752035
1969,195,28.204,10.49,19.347,0.732,10.49,8.64E+01,19.69319608
1969,196,31.945,17.28,24.6125,5.445,17.28,1.05E+02,18.61559654
1969,197,26.262,18.874,22.568,14.082,18.874,1.25E+02,13.55371042
1969,198,25.152,12.23,18.691,0.585,12.23,1.07E+02,17.75791513
1969,199,17.495,12.281,14.888,0,12.281,2.57E+02,10.83914689
1969,200,16.718,10.353,13.5355,0,10.353,1.13E+02,12.35125624
1969,201,16.556,6.545,11.5505,1.188,6.545,1.85E+02,15.86683662
1969,202,18.907,9.856,14.3815,0.904,9.856,2.08E+02,15.0797597
1969,203,21.011,5.621,13.316,0,5.621,1.91E+02,18.71113919
1969,204,24.145,7.734,15.9395,0,7.734,2.56E+02,19.02962052
1969,205,25.9,15.709,20.8045,1.195,15.709,3.28E+02,15.91913935
1969,206,20.794,15.831,18.3125,9.553,15.831,1.85E+02,10.42385516
1969,207,20.739,11.772,16.2555,1.949,11.772,2.57E+02,14.91588063
1969,208,20.661,12.028,16.3445,2.598,12.028,1.31E+02,14.60668049
1969,209,17.706,14.941,16.3235,7.182,14.941,1.49E+02,6.677388887
1969,210,25.55,15.111,20.3305,4.652,15.111,1.64E+02,15.97369954
1969,211,22.408,15.143,18.7755,0.551,15.143,2.29E+02,13.22908546
1969,212,26.819,12.393,19.606,0.242,12.393,2.73E+02,18.02217602
1969,213,24.922,14.353,19.6375,5.32,14.353,2.03E+02,15.97796692
1969,214,22.008,16.428,19.218,11.128,16.428,2.53E+02,11.19574615
1969,215,22.263,13.234,17.7485,0,13.234,2.18E+02,14.78466881
1969,216,25.949,11.124,18.5365,2.004,11.124,2.40E+02,18.00558843
1969,217,23.858,13.6,18.729,6.448,13.6,9.38E+01,15.64554794
1969,218,21.002,9.602,15.302,0,9.602,1.92E+02,16.3303142
1969,219,22.861,8.609,15.735,14.64,8.609,2.00E+02,17.65049064
1969,220,21.544,15.153,18.3485,6.937,15.153,1.79E+02,12.10281498
1969,221,18.951,13.456,16.2035,4.665,13.456,1.74E+02,10.9855537
1969,222,13.696,11.494,12.595,0,11.494,1.72E+02,5.489945487
1969,223,18.508,10.625,14.5665,1.092,10.625,1.38E+02,13.57803624
1969,224,22.157,9.55,15.8535,13.057,9.55,1.99E+02,16.70964839
1969,225,21.057,14.407,17.732,0.371,14.407,2.06E+02,12.29080511
1969,226,22.342,11.398,16.87,3.099,11.398,1.59E+02,15.74500652
1969,227,26.515,16.825,21.67,1.346,16.825,2.35E+02,14.90233923
1969,228,27.002,17.302,22.152,0,17.302,2.18E+02,14.87039757
1969,229,24.392,16.895,20.6435,0.726,16.895,2.45E+02,13.04887368
1969,230,22.215,16.299,19.257,4.584,16.299,2.30E+02,11.34533539
1969,231,11.209,7.654,9.4315,0,7.654,2.58E+02,7.97960048
1969,232,9.548,5.572,7.56,1.836,5.572,3.44E+02,8.653393681
1969,233,15.17,5.625,10.3975,0,5.625,3.00E+02,14.55752784
1969,234,21.342,5.683,13.5125,0,5.683,2.47E+02,17.22864871
1969,235,26.515,9.539,18.027,7.106,9.539,2.38E+02,17.47854418
1969,236,24.15,9.463,16.8065,0.3,9.463,3.22E+02,16.80504016
1969,237,13.25,7.331,10.2905,1.829,7.331,1.69E+02,11.18473396
1969,238,13.855,6.497,10.176,0,6.497,2.52E+02,12.63101522
1969,239,13.446,1.394,7.42,0.072,1.394,2.79E+02,15.6297404
1969,240,23.797,9.705,16.751,12.831,9.705,2.61E+02,16.33061183
1969,241,20.245,11.282,15.7635,1.111,11.282,2.46E+02,13.79310571
1969,242,22.129,6.72,14.4245,2.165,6.72,1.63E+02,16.55057644
1969,243,22.483,13.413,17.948,0.565,13.413,1.35E+02,13.76883662
1969,244,13.899,7.083,10.491,0,7.083,1.87E+02,11.91251929
1969,245,15.589,4.057,9.823,0.297,4.057,3.23E+02,15.00983805
1969,246,15.447,5.018,10.2325,5.444,5.018,1.37E+02,14.41155029
1969,247,18.837,3.052,10.9445,0,3.052,1.48E+02,16.21057311
1969,248,25.264,8.226,16.745,4.343,8.226,1.49E+02,16.36409419
1969,249,9.439,6.832,8.1355,9.857,6.832,2.53E+02,6.131651508
1969,250,9.022,5.422,7.222,16.16,5.422,2.47E+02,7.809906338
1969,251,7.78,5.422,6.601,7.109,5.422,3.50E+02,5.644627242
1969,252,10.122,6.726,8.424,6.798,6.726,2.41E+02,7.456712526
1969,253,11.356,6.301,8.8285,0.799,6.301,1.40E+02,9.740296651
1969,254,9.262,2.764,6.013,1.924,2.764,2.17E+02,11.23068556
1969,255,9.327,3.198,6.2625,2.915,3.198,2.65E+02,10.83949138
1969,256,9.128,-0.734,4.197,0.272,-0.734,3.17E+02,13.46633911
1969,257,18.348,-2.025,8.1615,1.644,-2.025,1.80E+02,15.81274735
1969,258,16.405,6.602,11.5035,1.366,6.602,3.05E+02,13.29783058
1969,259,7.647,-0.616,3.5155,7.496,-0.616,3.46E+02,12.35743527
1969,260,8.487,2.913,5.7,3.08,2.913,2.74E+02,10.09270761
1969,261,7.456,-0.724,3.366,0,-0.724,3.15E+02,12.18432373
1969,262,10.692,-4.076,3.308,0,-4.076,2.49E+02,14.54190559
1969,263,15.722,-1.677,7.0225,0.083,-1.677,2.15E+02,14.82582536
1969,264,13.942,6.095,10.0185,0,6.095,1.35E+02,11.78819603
1969,265,19.151,10.976,15.0635,0,10.976,1.59E+02,11.93230297
1969,266,21.547,10.055,15.801,8.066,10.055,2.45E+02,13.33804073
1969,267,7.209,2.427,4.818,0.65,2.427,1.53E+02,8.990536471
1969,268,9.252,-1.136,4.058,0,-1.136,2.40E+02,12.77980444
1969,269,8.682,0.951,4.8165,0.872,0.951,3.46E+02,11.40497419
1969,270,8.88,5.373,7.1265,2.022,5.373,2.44E+02,7.29235857
1969,271,10.707,7.076,8.8915,1.16,7.076,1.94E+02,7.442445676
1969,272,8.635,3.035,5.835,1.82,3.035,1.58E+02,9.629423362
1969,273,8.422,2.328,5.375,6.13,2.328,2.29E+02,10.00872105
1969,274,5.649,1.363,3.506,2.158,1.363,1.31E+02,8.191451269
1969,275,11.613,-1.327,5.143,9.536,-1.327,8.64E+01,12.81681672
1969,276,8.881,2.524,5.7025,0,2.524,8.64E+01,10.05536638
1969,277,9.978,3.356,6.667,0,3.356,8.64E+01,10.18861827
1969,278,17.849,2.525,10.187,0,2.525,8.64E+01,12.82722004
1969,279,20.951,2.661,11.806,0,2.661,8.64E+01,12.93571744
1969,280,16.861,9.593,13.227,6.38,9.593,8.64E+01,10.40842017
1969,281,11.67,6.723,9.1965,9.238,6.723,8.64E+01,8.62938306
1969,282,11.691,3.085,7.388,3.776,3.085,8.64E+01,10.91406051
1969,283,17.748,6.147,11.9475,0.465,6.147,8.64E+01,11.71001457
1969,284,16.02,7.537,11.7785,7.224,7.537,8.64E+01,10.70234881
1969,285,7.709,1.956,4.8325,0.357,1.956,8.64E+01,9.114786484
1969,286,1.792,-1.235,0.2785,7.665,-1.235,8.64E+01,6.257221804
1969,287,1.648,-0.166,0.741,3.684,-0.166,8.64E+01,4.282405636
1969,288,3.903,-1.339,1.282,0.319,-1.339,8.64E+01,8.564848849
1969,289,4.086,0.774,2.43,5.484,0.774,8.64E+01,6.563346575
1969,290,2.914,-0.107,1.4035,0.996,-0.107,8.64E+01,6.157127008
1969,291,1.808,-5.781,-1.9865,5.413,-5.781,8.64E+01,9.781712262
1969,292,-0.181,-7.796,-3.9885,0,-7.796,8.64E+01,9.716885084
1969,293,-0.485,-12.667,-6.576,0,-12.667,8.64E+01,10.74685115
1969,294,-0.841,-7.577,-4.209,0.636,-7.577,8.64E+01,9.171157817
1969,295,-4.18,-9.745,-6.9625,0.158,-9.745,8.64E+01,8.433490098
1969,296,-2.835,-10.377,-6.606,3.268,-10.377,8.64E+01,9.382637035
1969,297,-2.197,-7.95,-5.0735,0.961,-7.95,8.64E+01,8.439226389
1969,298,1.207,-5.932,-2.3625,0,-5.932,8.64E+01,9.072682149
1969,299,1.529,-14.9,-6.6855,15.931,-14.9,8.64E+01,10.36695847
1969,300,-0.956,-3.479,-2.2175,3.564,-3.479,8.64E+01,5.253005875
1969,301,-1.904,-6.976,-4.44,0.205,-6.976,8.64E+01,7.781307171
1969,302,0.898,-4.508,-1.805,0,-4.508,8.64E+01,7.94433817
1969,303,1.756,-1.632,0.062,0.064,-1.632,8.64E+01,6.248254076
1969,304,1.198,-2.08,-0.441,0.715,-2.08,8.64E+01,6.098998492
1969,305,5.042,-1.505,1.7685,7.858,-1.505,8.64E+01,8.339926688
1969,306,5.587,2.706,4.1465,7.058,2.706,2.87E+02,5.58893089
1969,307,6.122,3.215,4.6685,0.296,3.215,1.19E+02,5.59515723
1969,308,8.287,2.14,5.2135,0.855,2.14,1.37E+02,7.976919798
1969,309,3.082,1.278,2.18,0,1.278,1.93E+02,4.01861274
1969,310,3.193,0.464,1.8285,0.42,0.464,2.53E+02,5.310043955
1969,311,3.774,1.489,2.6315,0,1.489,2.35E+02,4.714360507
1969,312,9.204,0.978,5.091,0,0.978,1.39E+02,8.337674615
1969,313,4.092,-0.459,1.8165,0,-0.459,2.48E+02,6.858491759
1969,314,1.629,-0.589,0.52,0,-0.589,2.78E+02,4.570281328
1969,315,3.342,-0.379,1.4815,3.634,-0.379,2.71E+02,6.169510536
1969,316,4.293,1.991,3.142,2.095,1.991,2.93E+02,4.649237466
1969,317,1.887,0.098,0.9925,0,0.098,2.08E+02,3.898455872
1969,318,2.28,-3.949,-0.8345,9.309,-3.949,1.07E+02,7.405999362
1969,319,1.104,-1.782,-0.339,4.573,-1.782,1.92E+02,5.275419397
1969,320,0.625,-4.972,-2.1735,0.247,-4.972,1.33E+02,7.064830201
1969,321,1.48,-4.313,-1.4165,1.987,-4.313,1.56E+02,7.088987795
1969,322,4.341,-0.7,1.8205,13.12,-0.7,1.55E+02,6.728034062
1969,323,7.729,1.633,4.681,5.729,1.633,1.43E+02,7.088858509
1969,324,-1.915,-6.751,-4.333,1.066,-6.751,3.22E+02,6.544346826
1969,325,-8.122,-12.569,-10.3455,0.978,-12.569,2.03E+02,6.303271136
1969,326,-4.687,-16.9,-10.7935,2.607,-16.9,2.44E+02,7.658759159
1969,327,-4.441,-12.738,-8.5895,0.915,-12.738,1.93E+02,7.32591587
1969,328,-9.425,-20.007,-14.716,1.427,-20.007,2.52E+02,7.460235778
1969,329,-1.171,-16.754,-8.9625,4.749,-16.754,2.63E+02,7.514837357
1969,330,-6.951,-10.749,-8.85,2.981,-10.749,3.01E+02,5.751504867
1969,331,-14.526,-19.103,-16.8145,0.14,-19.103,3.58E+02,6.1607426
1969,332,-2.263,-20.668,-11.4655,4.362,-20.668,2.16E+02,7.342655625
1969,333,-2.507,-15.509,-9.008,4.1,-15.509,4.31E+02,7.245820052
1969,334,-10.286,-16.971,-13.6285,0,-16.971,3.32E+02,6.725856518
1969,335,-12.125,-21.645,-16.885,0,-21.645,3.83E+02,7.021318072
1969,336,-12.868,-21.549,-17.2085,0.08,-21.549,1.65E+02,6.914874872
1969,337,-10.032,-20.722,-15.377,4.241,-20.722,2.58E+02,6.9915306
1969,338,-5.086,-13.671,-9.3785,2.7,-13.671,1.02E+02,6.827498391
1969,339,-7.592,-10.984,-9.288,0.841,-10.984,3.09E+02,5.277813909
1969,340,-8.285,-19.649,-13.967,0.762,-19.649,3.33E+02,6.895359167
1969,341,-7.298,-21.05,-14.174,0.119,-21.05,1.87E+02,6.90062305
1969,342,-2.955,-15.212,-9.0835,3.927,-15.212,1.63E+02,6.847660895
1969,343,-0.596,-6.077,-3.3365,2.587,-6.077,2.89E+02,6.17111871
1969,344,1.504,-6.479,-2.4875,2.395,-6.479,1.78E+02,6.590804214
1969,345,1.156,-6.345,-2.5945,12.275,-6.345,1.89E+02,6.516381977
1969,346,-1.55,-5.163,-3.3565,2.778,-5.163,2.57E+02,5.328623625
1969,347,-5.632,-8.512,-7.072,2.073,-8.512,1.30E+02,4.794914394
1969,348,-4.746,-11.037,-7.8915,0,-11.037,1.22E+02,6.281315376
1969,349,-8.307,-16.382,-12.3445,0.119,-16.382,2.67E+02,6.512536296
1969,350,-8.521,-15.374,-11.9475,0,-15.374,2.06E+02,6.357247952
1969,351,-12.748,-26.771,-19.7595,0,-26.771,2.74E+02,6.68982061
1969,352,-6.485,-24.683,-15.584,1.804,-24.683,3.01E+02,6.697551293
1969,353,-7.448,-12.601,-10.0245,0.847,-12.601,3.14E+02,5.965915898
1969,354,-11.909,-18.565,-15.237,1.188,-18.565,3.41E+02,6.309304985
1969,355,-8.85,-20.238,-14.544,5.911,-20.238,2.25E+02,6.644306017
1969,356,-13.503,-20.655,-17.079,0.08,-20.655,8.86E+01,6.387019468
1969,357,-18.5,-30.394,-24.447,0,-30.394,9.04E+01,6.665110421
1969,358,-20.742,-28.13,-24.436,0,-28.13,1.86E+02,6.430547802
1969,359,-16.429,-30.13,-23.2795,0,-30.13,2.82E+02,6.709560693
1969,360,-4.919,-24.917,-14.918,8.244,-24.917,9.70E+01,6.743744752
1969,361,-3.03,-12.839,-7.9345,34.888,-12.839,1.06E+02,6.655862701
1969,362,-9.072,-13.149,-11.1105,11.486,-13.149,1.17E+02,5.587319193
1969,363,-12.517,-17.761,-15.139,0,-17.761,2.14E+02,6.065954812
1969,364,-16.313,-23.887,-20.1,0,-23.887,2.83E+02,6.54804896
1969,365,-18.067,-27.092,-22.5795,0,-27.092,1.63E+02,6.702408112
1969,366,-18.067,-27.092,-22.5795,0,-27.092,1.63E+02,6.702408112
