DJ0207XDMNXPHWR
CCXMDDM
24,1,12.0
7,0.075,0.125,0.00,0,0,0,0,0,0,0,0
1975,1,-3.739,-10.812,-7.2755,2.348,-10.812,1.60E+02,6.530050871,,,
1975,2,-11.332,-19.141,-15.2365,0,-19.141,1.91E+02,6.653331098,,,
1975,3,-7.339,-17.967,-12.653,5.831,-17.967,2.38E+02,6.875006899,,,
1975,4,-7.199,-12.221,-9.71,1.599,-12.221,3.58E+02,6.115652226,,,
1975,5,-9.261,-19.406,-14.3335,0.083,-19.406,1.22E+02,6.930571933,,,
1975,6,-7.261,-15.174,-11.2175,0.596,-15.174,1.81E+02,6.800648854,,,
1975,7,-8.654,-14.606,-11.63,0.771,-14.606,1.85E+02,6.48825952,,,
1975,8,-5.532,-9.889,-7.7105,0.633,-9.889,2.16E+02,5.93724023,,,
1975,9,-2.105,-10.218,-6.1615,10.324,-10.218,1.73E+02,6.947907247,,,
1975,10,-1.197,-6.561,-3.879,4.962,-6.561,1.45E+02,6.416227559,,,
1975,11,3.395,-4.009,-0.307,4.75,-4.009,1.08E+02,6.943144376,,,
1975,12,0.2,-11.615,-5.7075,0.393,-11.615,1.08E+02,7.334606279,,,
1975,13,-11.561,-20.233,-15.897,0.193,-20.233,2.86E+02,7.205561582
1975,14,-22.283,-29.179,-25.731,0,-29.179,1.40E+02,6.994224612
1975,15,-22.482,-32.54,-27.511,0.2,-32.54,2.46E+02,7.434491892
1975,16,-23.473,-30.676,-27.0745,0.326,-30.676,4.62E+02,7.15763515
1975,17,-19.953,-35.648,-27.8005,0.795,-35.648,2.31E+02,7.726883037
1975,18,-6.734,-27.14,-16.937,3.992,-27.14,1.42E+02,7.821501659
1975,19,-11.102,-32.141,-21.6215,2.185,-32.141,2.97E+02,7.899364842
1975,20,-24.522,-40.378,-32.45,1.478,-40.378,4.20E+02,7.954820326
1975,21,-10.005,-30.253,-20.129,9.838,-30.253,1.59E+02,8.05840479
1975,22,-19.852,-32.091,-25.9715,0.658,-32.091,2.39E+02,8.036238652
1975,23,-14.422,-31.618,-23.02,0.904,-31.618,2.50E+02,8.213495995
1975,24,-20.939,-31.345,-26.142,0,-31.345,2.60E+02,8.089449414
1975,25,-16.562,-32.179,-24.3705,2.715,-32.179,2.40E+02,8.371676622
1975,26,-14.266,-23.281,-18.7735,4.575,-23.281,1.11E+02,8.096823556
1975,27,-15.736,-30.905,-23.3205,0.655,-30.905,1.23E+02,8.545470281
1975,28,-19.812,-26.696,-23.254,0.393,-26.696,1.51E+02,7.801279205
1975,29,-14.995,-27.059,-21.027,0.608,-27.059,2.18E+02,8.622222337
1975,30,-22.856,-33.495,-28.1755,0,-33.495,2.66E+02,8.606626304
1975,31,-17.807,-37.763,-27.785,0,-37.763,1.86E+02,8.986429113
1975,32,-19.251,-28.435,-23.843,0.205,-28.435,2.91E+02,8.598547579
1975,33,-19.727,-25.775,-22.751,0.447,-25.775,1.10E+02,7.817395996
1975,34,-23.549,-29.755,-26.652,0.205,-29.755,1.90E+02,7.946115891
1975,35,-15.517,-31.091,-23.304,0.336,-31.091,2.77E+02,9.347998887
1975,36,-10.602,-24.471,-17.5365,0,-24.471,2.79E+02,9.39396093
1975,37,-8.928,-21.868,-15.398,0.754,-21.868,1.21E+02,9.447959055
1975,38,-13.455,-25.704,-19.5795,0.418,-25.704,2.79E+02,9.501536039
1975,39,-11.434,-29.062,-20.248,1.661,-29.062,2.25E+02,9.831131801
1975,40,-23.777,-36.208,-29.9925,0,-36.208,1.99E+02,9.721759638
1975,41,-23.536,-40.983,-32.2595,0,-40.983,1.87E+02,10.05715828
1975,42,-23.178,-41.154,-32.166,0,-41.154,2.31E+02,10.18467481
1975,43,-16.724,-30.008,-23.366,0.197,-30.008,2.29E+02,10.10763551
1975,44,-16.853,-24.388,-20.6205,2.806,-24.388,2.79E+02,9.159765237
1975,45,-14.546,-19.567,-17.0565,2.185,-19.567,2.61E+02,7.902697558
1975,46,-9.317,-21.124,-15.2205,0.791,-21.124,2.35E+02,10.28685448
1975,47,-9.882,-18.987,-14.4345,0.735,-18.987,1.76E+02,9.890565003
1975,48,-7.277,-28.776,-18.0265,0,-28.776,2.32E+02,10.97258079
1975,49,-5.771,-16.027,-10.899,1.363,-16.027,2.00E+02,10.3417397
1975,50,-4.91,-16.466,-10.688,0.532,-16.466,1.55E+02,10.67217944
1975,51,-2.936,-23.103,-13.0195,0.403,-23.103,1.31E+02,11.33660081
1975,52,-1.075,-6.923,-3.999,0.205,-6.923,3.10E+02,8.854475455
1975,53,0.315,-11.567,-5.626,3.651,-11.567,2.00E+02,11.03909677
1975,54,0.342,-10.638,-5.148,0,-10.638,2.25E+02,10.98410862
1975,55,-0.565,-12.461,-6.513,1.421,-12.461,1.69E+02,11.2542711
1975,56,-0.602,-4.461,-2.5315,13.12,-4.461,2.27E+02,7.283023547
1975,57,-1.349,-10.661,-6.005,3.279,-10.661,1.38E+02,10.84380745
1975,58,-9.675,-14.786,-12.2305,1.276,-14.786,1.29E+02,8.605749926
1975,59,-8.731,-16.703,-12.717,0.887,-16.703,1.22E+02,10.49349216
1975,60,-3.983,-14.272,-9.1275,0.448,-14.272,1.29E+02,11.41007495
1975,61,-6.642,-14.951,-10.7965,2.407,-14.951,1.27E+02,10.79895426
1975,62,-8.998,-15.289,-12.1435,0.953,-15.289,2.33E+02,9.734243294
1975,63,-12.293,-21.127,-16.71,0,-21.127,3.16E+02,11.18157765
1975,64,-8.81,-24.861,-16.8355,0,-24.861,2.30E+02,12.79593314
1975,65,-4.347,-22.624,-13.4855,0.972,-22.624,1.48E+02,13.082006
1975,66,-2.598,-15.254,-8.926,1.432,-15.254,2.94E+02,12.56538509
1975,67,-16.449,-26.032,-21.2405,0,-26.032,1.63E+02,11.80987573
1975,68,-7.12,-27.451,-17.2855,0,-27.451,1.28E+02,13.57383249
1975,69,-10.971,-22.514,-16.7425,0,-22.514,1.18E+02,12.61701506
1975,70,-8.885,-27.97,-18.4275,0,-27.97,2.83E+02,13.7696183
1975,71,-3.075,-18.52,-10.7975,12.38,-18.52,2.68E+02,13.56512173
1975,72,-6.235,-17.783,-12.009,1.34,-17.783,1.85E+02,12.90740331
1975,73,-4.395,-28.337,-16.366,0,-28.337,3.58E+02,14.36209244
1975,74,2.192,-20.912,-9.36,0.945,-20.912,2.20E+02,14.4715638
1975,75,0.251,-12.623,-6.186,2.73,-12.623,3.22E+02,13.54436463
1975,76,4.602,-13.003,-4.2005,0,-13.003,1.79E+02,14.3984602
1975,77,7.814,-7.479,0.1675,0,-7.479,1.62E+02,14.22331514
1975,78,7.611,-0.905,3.353,7.139,-0.905,1.58E+02,12.14410157
1975,79,-2.203,-14.857,-8.53,1.144,-14.857,1.42E+02,13.88097385
1975,80,-8.096,-21.398,-14.747,0.325,-21.398,3.03E+02,14.14346444
1975,81,-0.896,-24.321,-12.6085,4.208,-24.321,3.27E+02,15.40030642
1975,82,-5.16,-12.583,-8.8715,16.631,-12.583,3.25E+02,11.67651773
1975,83,-6.583,-12.437,-9.51,2.829,-12.437,1.76E+02,10.38300849
1975,84,-6.847,-15.942,-11.3945,8.63,-15.942,2.63E+02,12.86974697
1975,85,-15.742,-23.545,-19.6435,1.47,-23.545,2.28E+02,12.11403404
1975,86,-11.744,-26.398,-19.071,0.241,-26.398,2.34E+02,15.04301483
1975,87,-2.378,-21.277,-11.8275,0.465,-21.277,2.77E+02,15.81276987
1975,88,-2.303,-14.159,-8.231,1.4,-14.159,2.19E+02,14.42009166
1975,89,-2.577,-11.613,-7.095,4.016,-11.613,3.49E+02,13.15160589
1975,90,-10.331,-19.708,-15.0195,0.509,-19.708,1.75E+02,13.41354188
1975,91,-6.56,-22.985,-14.7725,0.295,-22.985,2.78E+02,15.88679713
1975,92,-6.55,-20.112,-13.331,0.168,-20.112,2.57E+02,15.31328938
1975,93,-2.989,-21.442,-12.2155,0,-21.442,1.55E+02,16.40552879
1975,94,-3.101,-8.267,-5.684,10.43,-8.267,1.23E+02,9.989913664
1975,95,3.048,-5.967,-1.4595,1.853,-5.967,4.34E+02,13.48344959
1975,96,-0.716,-6.207,-3.4615,1.725,-6.207,5.46E+02,10.42946685
1975,97,-5.089,-9.008,-7.0485,4.196,-9.008,4.32E+02,8.36755882
1975,98,-3.452,-10.386,-6.919,1.441,-10.386,2.54E+02,11.99575418
1975,99,-3.233,-11.968,-7.6005,0.168,-11.968,2.16E+02,13.50067393
1975,100,-2.155,-10.485,-6.32,0,-10.485,2.38E+02,13.2517849
1975,101,-0.921,-10.559,-5.74,0,-10.559,2.38E+02,14.20009151
1975,102,1.901,-9.451,-3.775,0,-9.451,2.58E+02,15.19821655
1975,103,2.326,-7.058,-2.366,0,-7.058,1.28E+02,14.13869231
1975,104,6.445,-6.846,-0.2005,0,-6.846,2.05E+02,16.14516835
1975,105,10.886,-6.304,2.291,0,-6.304,2.06E+02,17.30565696
1975,106,12.169,-3.697,4.236,0,-3.697,2.12E+02,17.08101073
1975,107,8.113,-3.766,2.1735,0,-3.766,2.30E+02,15.74753268
1975,108,9.021,-3.961,2.53,7.492,-3.961,2.75E+02,16.28732092
1975,109,8.184,-1.053,3.5655,23.926,-1.053,1.69E+02,14.31196833
1975,110,-4.073,-9.769,-6.921,4.73,-9.769,3.67E+02,11.02231507
1975,111,-2.026,-12.049,-7.0375,0.295,-12.049,3.70E+02,14.9292864
1975,112,7.013,-11.766,-2.3765,0.187,-11.766,3.41E+02,18.16790739
1975,113,9.477,0.027,4.752,0,0.027,3.31E+02,14.62744006
1975,114,3.913,0.563,2.238,7.292,0.563,1.66E+02,7.649637463
1975,115,4.257,-0.095,2.081,0.355,-0.095,4.05E+02,9.28637742
1975,116,5.699,-1.512,2.0935,0.37,-1.512,2.09E+02,12.83438345
1975,117,6.852,-1.941,2.4555,0,-1.941,2.71E+02,14.27881305
1975,118,1.467,-2.956,-0.7445,1.354,-2.956,2.48E+02,9.430853479
1975,119,6.02,-2.124,1.948,0,-2.124,2.42E+02,13.79443045
1975,120,12.918,-4.578,4.17,0,-4.578,3.43E+02,18.44954185
1975,121,15.514,0.334,7.924,0,0.334,1.69E+02,17.8493141
1975,122,11.075,2.669,6.872,2.427,2.669,1.29E+02,14.10849224
1975,123,11.041,0.032,5.5365,0.967,0.032,1.90E+02,16.03606086
1975,124,13.349,-1.773,5.788,0,-1.773,2.57E+02,17.98412489
1975,125,15.048,1.399,8.2235,0,1.399,1.56E+02,17.4648182
1975,126,15.832,0.711,8.2715,0,0.711,1.92E+02,18.08027281
1975,127,15.258,2.033,8.6455,0,2.033,2.36E+02,17.36186399
1975,128,13.607,0.164,6.8855,0,0.164,3.99E+02,17.50070026
1975,129,16.487,-1.964,7.2615,0,-1.964,2.57E+02,19.17745511
1975,130,20.885,-1.289,9.798,0,-1.289,3.00E+02,19.90346877
1975,131,7.389,-0.809,3.29,0.751,-0.809,2.36E+02,14.13878385
1975,132,11.47,-3.59,3.94,0,-3.59,3.05E+02,18.3178086
1975,133,10.173,-1.777,4.198,0,-1.777,1.49E+02,16.92526919
1975,134,22.204,-0.704,10.75,0,-0.704,2.64E+02,20.21471385
1975,135,20.844,2.337,11.5905,0.845,2.337,1.77E+02,19.47045632
1975,136,10.201,0.174,5.1875,1.783,0.174,2.73E+02,15.76220234
1975,137,13.696,-2.985,5.3555,0,-2.985,1.72E+02,19.0553937
1975,138,19.733,4.74,12.2365,4.3,4.74,2.17E+02,18.50873125
1975,139,18.339,3.822,11.0805,0,3.822,2.62E+02,18.35060316
1975,140,12.044,7.744,9.894,19.185,7.744,2.27E+02,9.433310072
1975,141,20.156,8.984,14.57,2.455,8.984,2.50E+02,16.66365611
1975,142,25.849,11.84,18.8445,8.94,11.84,3.22E+02,18.21806932
1975,143,17.395,7.567,12.481,0,7.567,1.83E+02,15.75139511
1975,144,18.907,4.957,11.932,0,4.957,2.26E+02,18.24234245
1975,145,22.395,5.881,14.138,5.631,5.881,2.15E+02,19.25866231
1975,146,18.383,10.068,14.2255,4.104,10.068,2.26E+02,14.49480045
1975,147,16.283,9.747,13.015,4.32,9.747,2.94E+02,12.59809626
1975,148,11.196,7.354,9.275,16.529,7.354,1.86E+02,8.709283158
1975,149,18.473,6.606,12.5395,0.242,6.606,2.89E+02,17.25034904
1975,150,20.258,9.403,14.8305,4.381,9.403,3.26E+02,16.61268426
1975,151,17.856,9.019,13.4375,13.551,9.019,2.43E+02,15.03397302
1975,152,10.265,5.535,7.9,1.072,5.535,1.50E+02,10.16776274
1975,153,15.302,3.251,9.2765,1.824,3.251,2.54E+02,17.42082754
1975,154,17.829,4.2,11.0145,0,4.2,2.07E+02,18.28517346
1975,155,20.123,6.862,13.4925,5.458,6.862,2.19E+02,18.11556474
1975,156,19.909,6.58,13.2445,0.934,6.58,2.31E+02,18.1631691
1975,157,12.349,7.782,10.0655,4.375,7.782,1.80E+02,9.931212736
1975,158,16.689,7.527,12.108,0.279,7.527,3.07E+02,15.38229909
1975,159,15.8,6.189,10.9945,0,6.189,2.65E+02,15.7684435
1975,160,20.2,3.433,11.8165,0,3.433,2.47E+02,19.63035784
1975,161,24.014,6.139,15.0765,0,6.139,3.62E+02,19.98328477
1975,162,25.634,7.335,16.4845,0,7.335,3.33E+02,20.1125907
1975,163,23.004,10.745,16.8745,9.017,10.745,3.08E+02,17.64258503
1975,164,21.756,12.88,17.318,11.161,12.88,1.41E+02,15.1605105
1975,165,22.856,12.537,17.6965,3.159,12.537,2.77E+02,16.35802169
1975,166,23.907,12.187,18.047,5.574,12.187,2.48E+02,17.3290475
1975,167,22.882,12.652,17.767,2.739,12.652,2.60E+02,16.29692528
1975,168,18.431,11.258,14.8445,6.316,11.258,1.78E+02,13.444777
1975,169,19.068,12.575,15.8215,9.665,12.575,1.39E+02,12.64379683
1975,170,17.919,9.612,13.7655,0.383,9.612,1.31E+02,14.63780126
1975,171,21.814,7.849,14.8315,0,7.849,3.59E+02,18.57313664
1975,172,26.019,5.723,15.871,2.291,5.723,2.63E+02,20.644382
1975,173,27.034,13.579,20.3065,8.66,13.579,1.85E+02,18.32161756
1975,174,29.105,17.232,23.1685,0.278,17.232,9.72E+01,17.4320602
1975,175,20.534,10.777,15.6555,0.218,10.777,1.68E+02,15.92630008
1975,176,23.075,6.804,14.9395,0,6.804,1.93E+02,19.51304618
1975,177,28.392,11.25,19.821,0,11.25,3.23E+02,19.80014875
1975,178,30.951,16.43,23.6905,0,16.43,3.00E+02,18.80864696
1975,179,23.146,13.447,18.2965,0,13.447,2.77E+02,15.86631993
1975,180,25.484,9.546,17.515,0,9.546,2.19E+02,19.36677982
1975,181,29.234,10.29,19.762,0,10.29,1.38E+02,20.27757469
1975,182,28.791,17.859,23.325,6.819,17.859,1.34E+02,16.77809532
1975,183,22.45,14.256,18.353,8.934,14.256,2.11E+02,14.49615746
1975,184,22.284,10.534,16.409,2.307,10.534,1.80E+02,17.30082456
1975,185,21.877,12.096,16.9865,2.479,12.096,1.42E+02,15.8961284
1975,186,26.046,9.488,17.767,0,9.488,2.31E+02,19.51633617
1975,187,31.731,13.212,22.4715,0.873,13.212,3.10E+02,20.0843942
1975,188,23.925,14.827,19.376,3.19,14.827,1.94E+02,15.29975753
1975,189,21.757,9.744,15.7505,10.262,9.744,1.22E+02,17.40644209
1975,190,22.579,3.868,13.2235,1.752,3.868,1.43E+02,20.07668712
1975,191,19.408,9.298,14.353,0.777,9.298,1.78E+02,16.09400674
1975,192,15.862,8.765,12.3135,8.116,8.765,1.39E+02,13.28021528
1975,193,22.181,8.941,15.561,0,8.941,1.29E+02,18.02074702
1975,194,25.706,10.368,18.037,0,10.368,1.89E+02,18.92998103
1975,195,26.377,15.135,20.756,6.411,15.135,8.64E+01,16.83567871
1975,196,22.257,15.26,18.7585,0,15.26,1.05E+02,13.13279123
1975,197,26.184,17.808,21.996,0.676,17.808,1.25E+02,14.54800938
1975,198,25.997,18.371,22.184,53.079,18.371,1.07E+02,13.79382138
1975,199,31.242,18.475,24.8585,1.47,18.475,2.57E+02,17.65448947
1975,200,28.845,19.557,24.201,0.41,19.557,1.13E+02,15.31236152
1975,201,20.226,13.482,16.854,1.551,13.482,1.85E+02,12.79197704
1975,202,20.653,10.855,15.754,0.006,10.855,2.08E+02,15.68580564
1975,203,23.447,9.295,16.371,0.513,9.295,1.91E+02,18.21565457
1975,204,17.332,10.939,14.1355,1.369,10.939,2.56E+02,12.34315085
1975,205,16.818,9.153,12.9855,11.128,9.153,3.28E+02,13.74039379
1975,206,18.731,11.377,15.054,9.719,11.377,1.85E+02,13.40315698
1975,207,19.547,8.52,14.0335,0.572,8.52,2.57E+02,16.4436964
1975,208,16.453,11.532,13.9925,8.995,11.532,1.31E+02,10.34545006
1975,209,18.542,10.025,14.2835,9.416,10.025,1.49E+02,14.48361495
1975,210,22.293,9.52,15.9065,0.574,9.52,1.64E+02,17.35282852
1975,211,28.989,10.835,19.912,0,10.835,2.29E+02,19.23709834
1975,212,33.24,15.483,24.3615,0,15.483,2.73E+02,19.0916334
1975,213,35.314,19.31,27.312,0,19.31,2.03E+02,18.54461109
1975,214,32.661,16.838,24.7495,1.274,16.838,2.53E+02,18.44132154
1975,215,27.959,16.772,22.3655,3.883,16.772,2.18E+02,16.30891897
1975,216,26.157,18.406,22.2815,3.152,18.406,2.40E+02,13.62330768
1975,217,17.105,9.143,13.124,0.87,9.143,9.38E+01,13.80188602
1975,218,19.007,7.07,13.0385,0,7.07,1.92E+02,16.63031949
1975,219,24.146,6.428,15.287,0,6.428,2.00E+02,18.72043399
1975,220,27.746,10.386,19.066,0,10.386,1.79E+02,18.5757662
1975,221,27.709,15.103,21.406,0,15.103,1.74E+02,16.8467046
1975,222,22.328,11.873,17.1005,3.604,11.873,1.72E+02,15.6042065
1975,223,21.063,10.794,15.9285,0.991,10.794,1.38E+02,15.44582604
1975,224,22.848,6.847,14.8475,0,6.847,1.99E+02,17.97653114
1975,225,22.928,8.574,15.751,4.434,8.574,2.06E+02,17.38258572
1975,226,17.875,11.221,14.548,7.403,11.221,1.59E+02,12.27236531
1975,227,19.395,8.443,13.919,0,8.443,2.35E+02,15.70611891
1975,228,20.675,7.228,13.9515,0.074,7.228,2.18E+02,16.86972584
1975,229,19.709,8.745,14.227,23.625,8.745,2.45E+02,15.62274701
1975,230,13.997,6.23,10.1135,7.205,6.23,2.30E+02,13.26824712
1975,231,13.111,7.2,10.1555,4.731,7.2,2.58E+02,11.31760726
1975,232,16.095,6.958,11.5265,0,6.958,3.44E+02,14.31156199
1975,233,17.306,5.487,11.3965,2.534,5.487,3.00E+02,15.87294937
1975,234,17.977,8.976,13.4765,0.3,8.976,2.47E+02,14.13066764
1975,235,18.394,6.352,12.373,0,6.352,2.38E+02,15.86627584
1975,236,17.355,10.386,13.8705,0,10.386,3.22E+02,12.32832337
1975,237,22.204,13.31,17.757,1.376,13.31,1.69E+02,13.9255593
1975,238,24.162,15.039,19.6005,0,15.039,2.52E+02,14.0442885
1975,239,16.431,5.824,11.1275,0,5.824,2.79E+02,14.91590911
1975,240,14.897,1.804,8.3505,0,1.804,2.61E+02,15.98623963
1975,241,17.794,3.971,10.8825,0,3.971,2.46E+02,16.17009764
1975,242,18.487,6.666,12.5765,0,6.666,1.63E+02,15.33615168
1975,243,21.095,4.238,12.6665,0,4.238,1.35E+02,16.79089544
1975,244,19.037,8.091,13.564,16.059,8.091,1.87E+02,14.79928411
1975,245,12.895,9.117,11.006,2.342,9.117,3.23E+02,8.164417681
1975,246,15.999,8.215,12.107,0,8.215,1.37E+02,12.68125211
1975,247,15.287,6.351,10.819,1.306,6.351,1.48E+02,13.47332348
1975,248,11.195,6.198,8.6965,0.942,6.198,1.49E+02,9.802574323
1975,249,12.354,4.289,8.3215,0.55,4.289,2.53E+02,12.7596541
1975,250,10.989,3.887,7.438,2.744,3.887,2.47E+02,11.93863463
1975,251,12.268,6.18,9.224,24.934,6.18,3.50E+02,10.94560192
1975,252,9.488,6.923,8.2055,12.606,6.923,2.41E+02,6.026155151
1975,253,15.163,2.937,9.05,0.68,2.937,1.40E+02,14.69756709
1975,254,13.012,7.28,10.146,18.098,7.28,2.17E+02,10.47151541
1975,255,9.853,4.52,7.1865,3.252,4.52,2.65E+02,10.00323192
1975,256,8.129,0.764,4.4465,1.719,0.764,3.17E+02,11.88055147
1975,257,9.702,-0.806,4.448,3.971,-0.806,1.80E+02,13.70287625
1975,258,11.817,3.045,7.431,28.418,3.045,3.05E+02,12.73452879
1975,259,10.727,4.224,7.4755,0.544,4.224,3.46E+02,11.02262424
1975,260,14.473,0.331,7.402,0,0.331,2.74E+02,14.61549776
1975,261,17.686,5.465,11.5755,0,5.465,3.15E+02,14.01579894
1975,262,16.414,9.879,13.1465,2.779,9.879,2.49E+02,10.91347241
1975,263,15.753,10.455,13.104,13.139,10.455,2.15E+02,9.694195712
1975,264,16.294,9.332,12.813,5.863,9.332,1.35E+02,11.16029083
1975,265,11.436,6.536,8.986,4.29,6.536,1.59E+02,9.190266917
1975,266,10.288,4.118,7.203,0.898,4.118,2.45E+02,10.41193072
1975,267,9.295,-0.711,4.292,0.595,-0.711,1.53E+02,12.71102001
1975,268,13.578,-3.064,5.257,0.151,-3.064,2.40E+02,14.15730419
1975,269,10.268,3.279,6.7735,6.071,3.279,3.46E+02,10.90835488
1975,270,11.875,6.547,9.211,0.278,6.547,2.44E+02,9.45646093
1975,271,17.242,4.422,10.832,0,4.422,1.94E+02,13.2103359
1975,272,18.502,4.392,11.447,0,4.392,1.58E+02,13.35155332
1975,273,16.611,7.42,12.0155,0.611,7.42,2.29E+02,11.88417163
1975,274,11.135,3.654,7.3945,9.615,3.654,1.31E+02,10.93036557
1975,275,4.928,-1.454,1.737,0.768,-1.454,8.64E+01,10.1289368
1975,276,7.227,-1.234,2.9965,6.12,-1.234,8.64E+01,11.31879249
1975,277,4.853,-2.05,1.4015,0.212,-2.05,8.64E+01,10.37745066
1975,278,18.484,-2.356,8.064,0.189,-2.356,8.64E+01,13.17673965
1975,279,11.944,1.071,6.5075,3.739,1.071,8.64E+01,11.93799599
1975,280,5.832,-2.183,1.8245,0.366,-2.183,8.64E+01,10.80400624
1975,281,7.423,-1.334,3.0445,0,-1.334,8.64E+01,11.05685732
1975,282,8.8,-0.841,3.9795,0,-0.841,8.64E+01,11.29408142
1975,283,11.157,0.252,5.7045,0.818,0.252,8.64E+01,11.55534111
1975,284,7.567,4.012,5.7895,0.622,4.012,8.64E+01,7.006291612
1975,285,10.421,4.587,7.504,0.077,4.587,8.64E+01,9.174521971
1975,286,9.762,4.896,7.329,1.01,4.896,8.64E+01,8.337664448
1975,287,3.689,-0.752,1.4685,0,-0.752,8.64E+01,7.894667146
1975,288,2.271,-2.339,-0.034,0.455,-2.339,8.64E+01,8.016385957
1975,289,3.018,-1.431,0.7935,1.573,-1.431,8.64E+01,7.822643306
1975,290,4.525,-2.129,1.198,0.098,-2.129,8.64E+01,9.396089256
1975,291,7.604,-1.954,2.825,0,-1.954,8.64E+01,10.45135777
1975,292,10.31,-1.098,4.606,2.265,-1.098,8.64E+01,10.74028741
1975,293,7.441,0.667,4.054,13.964,0.667,8.64E+01,9.258326616
1975,294,7.221,2.729,4.975,3.207,2.729,8.64E+01,7.654967457
1975,295,5.284,-1.747,1.7685,0.256,-1.747,8.64E+01,9.241928364
1975,296,7.283,-3.56,1.8615,12.043,-3.56,8.64E+01,10.23997506
1975,297,18.585,3.888,11.2365,2.696,3.888,8.64E+01,10.5231513
1975,298,16.356,3.869,10.1125,5.03,3.869,8.64E+01,10.24356972
1975,299,5.602,-0.813,2.3945,0,-0.813,8.64E+01,8.677965983
1975,300,8.619,1.419,5.019,1.205,1.419,8.64E+01,8.951043024
1975,301,7.644,4.186,5.915,11.161,4.186,8.64E+01,6.385463746
1975,302,4.006,-3.635,0.1855,1.209,-3.635,8.64E+01,8.957367029
1975,303,-1.092,-4.839,-2.9655,0.229,-4.839,8.64E+01,6.614012461
1975,304,0.52,-8.572,-4.026,2.752,-8.572,8.64E+01,9.170126053
1975,305,2.108,-1.569,0.2695,9.51,-1.569,8.64E+01,6.476805662
1975,306,6.63,-0.504,3.063,0,-0.504,2.87E+02,8.491317329
1975,307,7.426,2.821,5.1235,2.517,2.821,1.19E+02,7.165777142
1975,308,4.997,0.193,2.595,4.603,0.193,1.37E+02,7.254457268
1975,309,2.011,-2.531,-0.26,0.465,-2.531,1.93E+02,7.030807615
1975,310,10.697,-0.941,4.878,0.007,-0.941,2.53E+02,8.954330512
1975,311,16.332,6.507,11.4195,4.563,6.507,2.35E+02,8.682013757
1975,312,12.696,1.946,7.321,5.532,1.946,1.39E+02,8.696486211
1975,313,4.224,-3.166,0.529,0.849,-3.166,2.48E+02,8.069955612
1975,314,4.418,-1.868,1.275,11.794,-1.868,2.78E+02,7.662689793
1975,315,3.372,-3.153,0.1095,1.993,-3.153,2.71E+02,7.683943488
1975,316,0.131,-3.845,-1.857,0,-3.845,2.93E+02,6.334968576
1975,317,-0.796,-5.159,-2.9775,3.762,-5.159,2.08E+02,6.566190043
1975,318,-3.03,-6.811,-4.9205,0,-6.811,1.07E+02,6.114876766
1975,319,-0.956,-7.911,-4.4335,0,-7.911,1.92E+02,7.561066215
1975,320,1.187,-6.031,-2.422,0.277,-6.031,1.33E+02,7.56281185
1975,321,4.044,-0.063,1.9905,0.277,-0.063,1.56E+02,6.243827099
1975,322,3.372,-2.613,0.3795,0,-2.613,1.55E+02,7.104653263
1975,323,-2.408,-4.703,-3.5555,0,-4.703,1.43E+02,4.520625312
1975,324,-3.479,-6.507,-4.993,0.797,-6.507,3.22E+02,5.297058021
1975,325,-5.271,-7.641,-6.456,13.249,-7.641,2.03E+02,4.578734132
1975,326,-7.354,-14.099,-10.7265,2.729,-14.099,2.44E+02,7.109055406
1975,327,-12.09,-18.138,-15.114,0.277,-18.138,1.93E+02,6.876408601
1975,328,-11.563,-22.926,-17.2445,0,-22.926,2.52E+02,7.496222818
1975,329,-13.216,-23.028,-18.122,0,-23.028,2.63E+02,7.353327338
1975,330,-13.106,-25.444,-19.275,0,-25.444,3.01E+02,7.403476361
1975,331,-8.266,-23.832,-16.049,1.703,-23.832,3.58E+02,7.389713248
1975,332,-5.526,-11.749,-8.6375,0.342,-11.749,2.16E+02,6.703372185
1975,333,-4.281,-12.877,-8.579,0.966,-12.877,4.31E+02,7.041411646
1975,334,7.114,-7.512,-0.199,13.793,-7.512,3.32E+02,7.213311869
1975,335,1.975,-12.654,-5.3395,5.412,-12.654,3.83E+02,7.162132766
1975,336,-9.207,-17.83,-13.5185,0.436,-17.83,1.65E+02,6.909772001
1975,337,-9.505,-20.513,-15.009,0,-20.513,2.58E+02,7.002903045
1975,338,-12.541,-23.854,-18.1975,0,-23.854,1.02E+02,6.970587855
1975,339,1.512,-15.654,-7.071,1.109,-15.654,3.09E+02,6.994165461
1975,340,2.383,-17.843,-7.73,2.07,-17.843,3.33E+02,6.95971073
1975,341,-11.638,-23.723,-17.6805,0,-23.723,1.87E+02,6.87704345
1975,342,-6.675,-18.91,-12.7925,0.272,-18.91,1.63E+02,6.847269252
1975,343,-7.221,-19.602,-13.4115,4.305,-19.602,2.89E+02,6.819687299
1975,344,-3.123,-8.426,-5.7745,10.814,-8.426,1.78E+02,6.09975769
1975,345,-7.381,-21.564,-14.4725,1.907,-21.564,1.89E+02,6.787241586
1975,346,-18.107,-28.902,-23.5045,0,-28.902,2.57E+02,6.709977868
1975,347,-13.515,-34.79,-24.1525,3.691,-34.79,1.30E+02,6.760873543
1975,348,6.139,-15.293,-4.577,4.3,-15.293,1.22E+02,6.743243072
1975,349,-5.611,-21.086,-13.3485,3.457,-21.086,2.67E+02,6.719322595
1975,350,-16.994,-29.401,-23.1975,0,-29.401,2.06E+02,6.68203491
1975,351,-17.969,-30.868,-24.4185,2.46,-30.868,2.74E+02,6.679271524
1975,352,-19.948,-33.201,-26.5745,0.272,-33.201,3.01E+02,6.676540756
1975,353,-28.233,-35.935,-32.084,0,-35.935,3.14E+02,6.448425639
1975,354,-23.157,-36.359,-29.758,0,-36.359,3.41E+02,6.670852726
1975,355,-15.209,-32.833,-24.021,0,-32.833,2.25E+02,6.692923477
1975,356,-10.376,-18.435,-14.4055,0.779,-18.435,8.86E+01,6.486962817
1975,357,-17.29,-30.366,-23.828,0,-30.366,9.04E+01,6.681855037
1975,358,-22.683,-35.243,-28.963,0.343,-35.243,1.86E+02,6.684960173
1975,359,-18.189,-29.168,-23.6785,2.07,-29.168,2.82E+02,6.666006643
1975,360,-14.685,-22.653,-18.669,0.524,-22.653,9.70E+01,6.516338513
1975,361,-11.718,-23.91,-17.814,0.436,-23.91,1.06E+02,6.723427771
1975,362,-14.173,-27.594,-20.8835,0,-27.594,1.17E+02,6.759485775
1975,363,-8.191,-26.352,-17.2715,0.628,-26.352,2.14E+02,6.803638325
1975,364,-5.071,-8.778,-6.9245,6.171,-8.778,2.83E+02,5.408840226
1975,365,-5.423,-13.057,-9.24,2.433,-13.057,1.63E+02,6.578871134
1975,366,-5.423,-13.057,-9.24,2.433,-13.057,1.63E+02,6.578871134