DJ0207XDMNXPHWR
CCXMDDM
24,1,12.0
7,0.075,0.125,0.00,0,0,0,0,0,0,0,0
1976,1,-12.816,-17.657,-15.2365,0.917,-17.657,1.60E+02,5.98205913,,,
1976,2,-11.441,-20.263,-15.852,1.583,-20.263,1.91E+02,6.746224674,,,
1976,3,-6.033,-13.721,-9.877,4.906,-13.721,2.38E+02,6.669799359,,,
1976,4,-13.805,-27.678,-20.7415,0.409,-27.678,3.58E+02,6.978864025,,,
1976,5,-15.798,-31.46,-23.629,0.402,-31.46,1.22E+02,7.033227961,,,
1976,6,-6.546,-18.469,-12.5075,4.808,-18.469,1.81E+02,7.031930846,,,
1976,7,-7.766,-32.38,-20.073,2.588,-32.38,1.85E+02,7.137657842,,,
1976,8,-20.747,-37.183,-28.965,0.231,-37.183,2.16E+02,7.177142469,,,
1976,9,-23.44,-31.291,-27.3655,0.231,-31.291,1.73E+02,6.916353578,,,
1976,10,-23.58,-35.48,-29.53,0,-35.48,1.45E+02,7.225856366,,,
1976,11,-23.404,-39.881,-31.6425,0,-39.881,1.08E+02,7.340635379,,,
1976,12,-20.307,-30.86,-25.5835,0.063,-30.86,1.08E+02,7.286032768,,,
1976,13,-10.425,-26.467,-18.446,3.412,-26.467,2.86E+02,7.459316597
1976,14,-9.838,-21.464,-15.651,2.683,-21.464,1.40E+02,7.448324487
1976,15,-19.947,-29.674,-24.8105,0.231,-29.674,2.46E+02,7.41169968
1976,16,-20.432,-33.362,-26.897,2.706,-33.362,4.62E+02,7.61548903
1976,17,-21.574,-32.943,-27.2585,0,-32.943,2.31E+02,7.633242701
1976,18,-20.675,-35.777,-28.226,0.011,-35.777,1.42E+02,7.793872611
1976,19,-12.09,-24.582,-18.336,6.05,-24.582,2.97E+02,7.815990459
1976,20,-10.19,-20.36,-15.275,3.307,-20.36,4.20E+02,7.773121635
1976,21,-12.279,-22.785,-17.532,1.967,-22.785,1.59E+02,7.869252807
1976,22,-21.037,-31.036,-26.0365,2.063,-31.036,2.39E+02,7.904169437
1976,23,-25.735,-32.55,-29.1425,0,-32.55,2.50E+02,7.469071961
1976,24,-20.328,-31.349,-25.8385,0.231,-31.349,2.60E+02,8.133572563
1976,25,-14.687,-32.461,-23.574,1.26,-32.461,2.40E+02,8.39381217
1976,26,1.69,-18.635,-8.4725,14.611,-18.635,1.11E+02,8.497957114
1976,27,-6.286,-19.4,-12.843,0,-19.4,1.23E+02,8.490625654
1976,28,-10.088,-22.103,-16.0955,0.416,-22.103,1.51E+02,8.530007966
1976,29,-11.439,-28.803,-20.121,2.2,-28.803,2.18E+02,8.76648429
1976,30,-21.844,-34.3,-28.072,0,-34.3,2.66E+02,8.735024524
1976,31,-12.595,-37.054,-24.8245,1.911,-37.054,1.86E+02,8.999145972
1976,32,-5.221,-16.931,-11.076,5.937,-16.931,2.91E+02,8.87518138
1976,33,-17.359,-25.833,-21.596,14.686,-25.833,1.10E+02,8.552202883
1976,34,-15.769,-25.982,-20.8755,0.419,-25.982,1.90E+02,8.915540215
1976,35,-14.807,-25.922,-20.3645,0.658,-25.922,2.77E+02,9.107185967
1976,36,-19.471,-29.553,-24.512,0.259,-29.553,2.79E+02,9.079260899
1976,37,-16.375,-33.349,-24.862,0.259,-33.349,1.21E+02,9.595143068
1976,38,-15.849,-27.999,-21.924,0.014,-27.999,2.79E+02,9.49357375
1976,39,-10.376,-22.488,-16.432,0.259,-22.488,2.25E+02,9.592010436
1976,40,-5.499,-27.534,-16.5165,0.021,-27.534,1.99E+02,9.993459849
1976,41,-3.096,-6.931,-5.0135,1.701,-6.931,1.87E+02,6.738223644
1976,42,-6.195,-25.599,-15.897,0,-25.599,2.31E+02,10.20764285
1976,43,-11.662,-32.027,-21.8445,1.374,-32.027,2.29E+02,10.33917615
1976,44,-3.852,-21.216,-12.534,5.634,-21.216,2.79E+02,10.40766312
1976,45,-14.938,-25.335,-20.1365,0.375,-25.335,2.61E+02,9.978864462
1976,46,-8.259,-18.752,-13.5055,10.081,-18.752,2.35E+02,10.09331633
1976,47,-8.918,-21.256,-15.087,0,-21.256,1.76E+02,10.45548004
1976,48,-7.404,-21.025,-14.2145,0,-21.025,2.32E+02,10.6899712
1976,49,-5.464,-12.507,-8.9855,1.986,-12.507,2.00E+02,9.327231757
1976,50,-5.822,-12.3,-9.061,2.015,-12.3,1.55E+02,9.11118626
1976,51,-9.504,-22.843,-16.1735,0,-22.843,1.31E+02,11.00327027
1976,52,-3.716,-21.932,-12.824,1.254,-21.932,3.10E+02,11.41564661
1976,53,-12.997,-24.573,-18.785,0.273,-24.573,2.00E+02,10.98983091
1976,54,-13.201,-31.489,-22.345,1.607,-31.489,2.25E+02,11.67173968
1976,55,-2.157,-14.603,-8.38,2.305,-14.603,1.69E+02,11.33945701
1976,56,0.924,-22.018,-10.547,0,-22.018,2.27E+02,12.03660083
1976,57,3.736,-5.801,-1.0325,0.253,-5.801,1.38E+02,10.91405645
1976,58,-1.863,-24.337,-13.1,2.346,-24.337,1.29E+02,12.29805731
1976,59,-13.396,-29.555,-21.4755,0.08,-29.555,1.22E+02,12.19093803
1976,60,-9.022,-23.351,-16.1865,4.525,-23.351,1.29E+02,12.14566828
1976,61,-19.031,-30.344,-24.6875,0,-30.344,1.27E+02,11.76449773
1976,62,-13.904,-35.302,-24.603,0,-35.302,2.33E+02,12.81269911
1976,63,-10.054,-29.666,-19.86,0.054,-29.666,3.16E+02,12.88740941
1976,64,-2.503,-11.803,-7.153,0.043,-11.803,2.30E+02,11.44798875
1976,65,-6.352,-13.589,-9.9705,9.013,-13.589,1.48E+02,10.53248885
1976,66,-14.06,-25.95,-20.005,0.401,-25.95,2.94E+02,12.40347714
1976,67,-6.886,-28.29,-17.588,1.202,-28.29,1.63E+02,13.48191736
1976,68,-14.837,-30.237,-22.537,0.64,-30.237,1.28E+02,13.20885272
1976,69,-11.948,-34.967,-23.4575,0,-34.967,1.18E+02,13.79803354
1976,70,-11.78,-31.459,-21.6195,0,-31.459,2.83E+02,13.80319149
1976,71,-12.364,-30.169,-21.2665,0,-30.169,2.68E+02,13.80649731
1976,72,-5.313,-30.554,-17.9335,3.778,-30.554,1.85E+02,14.25592237
1976,73,-7.511,-17.387,-12.449,4.681,-17.387,3.58E+02,12.42711454
1976,74,-7.62,-27.012,-17.316,0.253,-27.012,2.20E+02,14.29726185
1976,75,-11.908,-27.127,-19.5175,0.8,-27.127,3.22E+02,13.98967682
1976,76,-10.163,-33.598,-21.8805,0.253,-33.598,1.79E+02,14.74772984
1976,77,-10.452,-23.616,-17.034,1.88,-23.616,1.62E+02,13.81295771
1976,78,-9.629,-30.787,-20.208,0.019,-30.787,1.58E+02,14.90963728
1976,79,-0.188,-20.091,-10.1395,0.819,-20.091,1.42E+02,14.9573954
1976,80,8.442,-2.944,2.749,6.486,-2.944,3.03E+02,13.58389762
1976,81,5.308,-24.089,-9.3905,5.54,-24.089,3.27E+02,15.54815752
1976,82,-12.995,-28.7,-20.8475,0.012,-28.7,3.25E+02,14.83413369
1976,83,-2.27,-14.277,-8.2735,3.663,-14.277,1.76E+02,14.05329703
1976,84,8.524,-8.756,-0.116,2.415,-8.756,2.63E+02,15.28500822
1976,85,7.156,-6.249,0.4535,0.12,-6.249,2.28E+02,14.64631927
1976,86,1.354,-13.271,-5.9585,5.84,-13.271,2.34E+02,15.03666555
1976,87,11.135,-2.395,4.37,22.426,-2.395,2.77E+02,14.86369694
1976,88,-1.578,-8.136,-4.857,3.434,-8.136,2.19E+02,11.25322348
1976,89,6.212,-10.613,-2.2005,0,-10.613,3.49E+02,15.75293125
1976,90,7.6,-2.696,2.452,0,-2.696,1.75E+02,13.90316742
1976,91,5.051,0.737,2.894,0.241,0.737,2.78E+02,8.821023049
1976,92,5.111,1.75,3.4305,2.976,1.75,2.57E+02,7.418268128
1976,93,5.762,1.432,3.597,0.392,1.432,1.55E+02,8.885886522
1976,94,1.31,-9.476,-4.083,0.838,-9.476,1.23E+02,14.4122056
1976,95,-5.828,-12.658,-9.243,7.898,-12.658,4.34E+02,11.78523049
1976,96,4.436,-9.523,-2.5435,0.162,-9.523,5.46E+02,15.76442873
1976,97,-3.031,-7.324,-5.1775,2.354,-7.324,4.32E+02,8.914411121
1976,98,-3.142,-10.902,-7.022,0.02,-10.902,2.54E+02,12.71559405
1976,99,-2.086,-12.45,-7.268,0,-12.45,2.16E+02,14.51158628
1976,100,4.005,-15.403,-5.699,0,-15.403,2.38E+02,17.23193754
1976,101,7.394,-10.037,-1.3215,1.144,-10.037,2.38E+02,17.01100715
1976,102,-10.953,-15.562,-13.2575,0,-15.562,2.58E+02,9.45209332
1976,103,-3.451,-18.699,-11.075,0,-18.699,1.28E+02,16.68789018
1976,104,3.586,-7.541,-1.9775,0,-7.541,2.05E+02,15.20565641
1976,105,5.484,-9.845,-2.1805,0.008,-9.845,2.06E+02,16.86351159
1976,106,10.669,-0.539,5.065,0.372,-0.539,2.12E+02,15.36082329
1976,107,5.935,-2.47,1.7325,0,-2.47,2.30E+02,13.60625056
1976,108,4.741,0.16,2.4505,1.37,0.16,2.75E+02,9.519608262
1976,109,2.377,0.167,1.272,16.396,0.167,1.69E+02,5.458393283
1976,110,16.315,0.8,8.5575,0.425,0.8,3.67E+02,17.27781716
1976,111,5.645,-1.304,2.1705,0.697,-1.304,3.70E+02,12.43493767
1976,112,9.066,-2.119,3.4735,4.143,-2.119,3.41E+02,15.66387877
1976,113,7.282,0.742,4.012,11.987,0.742,3.31E+02,12.05978334
1976,114,6.374,-4.444,0.965,6.015,-4.444,1.66E+02,15.55119574
1976,115,-1.505,-5.825,-3.665,0.599,-5.825,4.05E+02,9.23801709
1976,116,1.222,-6.434,-2.606,0.023,-6.434,2.09E+02,13.26431723
1976,117,5.043,-1.151,1.946,0.825,-1.151,2.71E+02,11.76236473
1976,118,10.975,-0.011,5.482,0,-0.011,2.48E+02,15.82449296
1976,119,11.893,-0.232,5.8305,0.213,-0.232,2.42E+02,16.48876414
1976,120,9.35,-1.568,3.891,0,-1.568,3.43E+02,15.86579409
1976,121,10.47,-3.782,3.344,0,-3.782,1.69E+02,17.51860577
1976,122,14.571,-1.809,6.381,0.553,-1.809,1.29E+02,18.27444795
1976,123,12.857,2.833,7.845,3.378,2.833,1.90E+02,15.39668717
1976,124,10.136,-3.524,3.306,5.096,-3.524,2.57E+02,17.42492022
1976,125,1.435,-7.592,-3.0785,0.416,-7.592,1.56E+02,14.71098841
1976,126,6.328,-5.249,0.5395,6.516,-5.249,1.92E+02,16.48000729
1976,127,0.991,-8.185,-3.597,0.404,-8.185,2.36E+02,14.88525475
1976,128,7.648,-9.166,-0.759,0.217,-9.166,3.99E+02,18.71044014
1976,129,4.446,-1.477,1.4845,3.325,-1.477,2.57E+02,11.64130584
1976,130,13.731,-3.296,5.2175,0,-3.296,3.00E+02,18.86543223
1976,131,20.298,-0.296,10.001,0,-0.296,2.36E+02,19.70943509
1976,132,8.025,-0.022,4.0015,5.225,-0.022,3.05E+02,14.01740716
1976,133,4.949,-2.657,1.146,0.166,-2.657,1.49E+02,13.60418016
1976,134,12.382,-1.702,5.34,0.404,-1.702,2.64E+02,18.00538937
1976,135,9.793,2.492,6.1425,7.469,2.492,1.77E+02,13.32182316
1976,136,15.667,1.749,8.708,0,1.749,2.73E+02,18.00109083
1976,137,22.937,1.848,12.3925,5.431,1.848,1.72E+02,20.08097444
1976,138,12.772,1.103,6.9375,31.489,1.103,2.17E+02,16.90185957
1976,139,4.489,-0.406,2.0415,10.258,-0.406,2.62E+02,10.34261212
1976,140,8.953,2.558,5.7555,13.542,2.558,2.27E+02,12.36056312
1976,141,11.511,2.377,6.944,0.481,2.377,2.50E+02,15.15613819
1976,142,7.416,0.985,4.2005,3.958,0.985,3.22E+02,12.42509831
1976,143,12.498,3.743,8.1205,0.643,3.743,1.83E+02,14.8592996
1976,144,11.644,6.163,8.9035,5.182,6.163,2.26E+02,11.21579663
1976,145,11.146,2.815,6.9805,0.48,2.815,2.15E+02,14.49740833
1976,146,16.828,2.198,9.513,0.01,2.198,2.26E+02,18.58631299
1976,147,19.839,5.085,12.462,0,5.085,2.94E+02,18.66088288
1976,148,19.963,4.914,12.4385,0,4.914,1.86E+02,18.80293933
1976,149,25.729,3.123,14.426,0,3.123,2.89E+02,20.75989696
1976,150,25.286,8.777,17.0315,0,8.777,3.26E+02,19.37937754
1976,151,17.116,5.196,11.156,0.321,5.196,2.43E+02,17.31382047
1976,152,13.047,3.548,8.2975,0.564,3.548,1.50E+02,15.61406743
1976,153,15.999,0.716,8.3575,0,0.716,2.54E+02,18.99388368
1976,154,18.151,2.808,10.4795,0,2.808,2.07E+02,19.03422492
1976,155,20.055,2.141,11.098,0,2.141,2.19E+02,19.9090713
1976,156,25.769,3.98,14.8745,0,3.98,2.31E+02,20.79262564
1976,157,31.302,12.269,21.7855,0,12.269,1.80E+02,20.23801325
1976,158,31.376,14.72,23.048,0,14.72,3.07E+02,19.56869194
1976,159,26.336,12.708,19.522,0.06,12.708,2.65E+02,18.34679829
1976,160,20.842,11.134,15.988,0,11.134,2.47E+02,15.85427185
1976,161,23.512,7.725,15.6185,0,7.725,3.62E+02,19.29602991
1976,162,28.362,10.07,19.216,3.894,10.07,3.33E+02,20.11067896
1976,163,11.197,4.901,8.049,4.068,4.901,3.08E+02,12.38814185
1976,164,17.099,2.692,9.8955,0,2.692,1.41E+02,18.7542131
1976,165,14.92,9.307,12.1135,5.862,9.307,2.77E+02,11.49143011
1976,166,29.192,12.803,20.9975,20.808,12.803,2.48E+02,19.55159021
1976,167,26.694,15.555,21.1245,14.518,15.555,2.60E+02,16.95182465
1976,168,23.063,6.779,14.921,3.315,6.779,1.78E+02,19.52308943
1976,169,17.233,3.66,10.4465,0.161,3.66,1.39E+02,18.37999203
1976,170,25.176,7.053,16.1145,0.049,7.053,1.31E+02,20.10933555
1976,171,23.424,14.103,18.7635,10.411,14.103,3.59E+02,15.56647861
1976,172,23.018,11.519,17.2685,0.161,11.519,2.63E+02,17.19714384
1976,173,29.61,8.537,19.0735,0,8.537,1.85E+02,20.8012499
1976,174,30.323,12.102,21.2125,0,12.102,9.72E+01,20.13372996
1976,175,31.191,16.656,23.9235,0,16.656,1.68E+02,18.82853743
1976,176,26.225,12.332,19.2785,0,12.332,1.93E+02,18.52952931
1976,177,18.921,11.008,14.9645,0,11.008,3.23E+02,14.23676651
1976,178,22.359,10.12,16.2395,0,10.12,3.00E+02,17.6397279
1976,179,26.263,8.72,17.4915,1.15,8.72,2.77E+02,19.91029504
1976,180,18.561,11.913,15.237,20.759,11.913,2.19E+02,12.82100525
1976,181,22.246,10.916,16.581,1.246,10.916,1.38E+02,17.05448545
1976,182,23.751,10.248,16.9995,0,10.248,1.34E+02,18.3001758
1976,183,16.131,11.241,13.686,3.998,11.241,2.11E+02,10.43617059
1976,184,21.078,10.197,15.6375,0.754,10.197,1.80E+02,16.72734719
1976,185,26.846,10.209,18.5275,0,10.209,1.42E+02,19.55710443
1976,186,29.046,15.113,22.0795,0,15.113,2.31E+02,18.46626857
1976,187,30.718,14.954,22.836,0,14.954,3.10E+02,19.22024027
1976,188,32.338,13.853,23.0955,0.279,13.853,1.94E+02,20.05765825
1976,189,30.117,16.641,23.379,0.871,16.641,1.22E+02,18.20442923
1976,190,16.873,10.905,13.889,0.271,10.905,1.43E+02,11.92473896
1976,191,24.106,8.238,16.172,0,8.238,1.78E+02,19.18974398
1976,192,25.744,10.173,17.9585,5.493,10.173,1.39E+02,19.06035461
1976,193,18.47,11.085,14.7775,8.649,11.085,1.29E+02,13.58928754
1976,194,18.486,8.927,13.7065,19.358,8.927,1.89E+02,15.62289866
1976,195,19.965,15.528,17.7465,0.642,15.528,8.64E+01,9.691627331
1976,196,24.846,13.044,18.945,0,13.044,1.05E+02,17.16986972
1976,197,27.279,15.001,21.14,0,15.001,1.25E+02,17.42938479
1976,198,19.7,12.953,16.3265,8.451,12.953,1.07E+02,12.82652625
1976,199,18.005,9.252,13.6285,5.907,9.252,2.57E+02,14.86692288
1976,200,18.392,8.887,13.6395,1.527,8.887,1.13E+02,15.48999006
1976,201,21.856,9.36,15.608,0.159,9.36,1.85E+02,17.46292165
1976,202,22.859,9.56,16.2095,13.848,9.56,2.08E+02,17.85111188
1976,203,14.776,6.309,10.5425,0.02,6.309,1.91E+02,14.54659552
1976,204,23.405,5.201,14.303,0,5.201,2.56E+02,19.54205326
1976,205,22.907,12.489,17.698,12.783,12.489,3.28E+02,16.08140646
1976,206,14.457,6.123,10.29,0.274,6.123,1.85E+02,14.3732744
1976,207,17.432,6.918,12.175,0,6.918,2.57E+02,16.10157764
1976,208,14.522,7.063,10.7925,11.037,7.063,1.31E+02,13.48192348
1976,209,15.342,8.243,11.7925,2.961,8.243,1.49E+02,13.08444879
1976,210,21.339,7.236,14.2875,0,7.236,1.64E+02,17.96575308
1976,211,24.226,7.923,16.0745,0.01,7.923,2.29E+02,18.72615549
1976,212,25.15,9.587,17.3685,7.935,9.587,2.73E+02,18.44211028
1976,213,15.279,9.414,12.3465,2.166,9.414,2.03E+02,11.57733093
1976,214,14.036,4.585,9.3105,0,4.585,2.53E+02,15.14611756
1976,215,16.898,4.228,10.563,0,4.228,2.18E+02,17.12404255
1976,216,25.124,11.592,18.358,0.615,11.592,2.40E+02,17.48636327
1976,217,24.598,11.1,17.849,13.195,11.1,9.38E+01,17.42940062
1976,218,12.901,7.866,10.3835,16.293,7.866,1.92E+02,10.40370676
1976,219,14.927,3.527,9.227,0,3.527,2.00E+02,16.29301241
1976,220,22.033,2.64,12.3365,0,2.64,1.79E+02,19.02003745
1976,221,25.613,8.358,16.9855,0.275,8.358,1.74E+02,18.49185181
1976,222,22.811,12.514,17.6625,0.023,12.514,1.72E+02,15.50113405
1976,223,27.903,9.508,18.7055,0,9.508,1.38E+02,18.63283042
1976,224,27.838,14.664,21.251,0.847,14.664,1.99E+02,16.96559424
1976,225,25.095,16.466,20.7805,14.069,16.466,2.06E+02,14.16910141
1976,226,18.774,11.663,15.2185,1.702,11.663,1.59E+02,12.75213868
1976,227,17.842,10.19,14.016,1.389,10.19,2.35E+02,13.25243046
1976,228,14.64,11.219,12.9295,22.128,11.219,2.18E+02,7.779172348
1976,229,17.241,11.14,14.1905,11.066,11.14,2.45E+02,11.58421373
1976,230,19.047,6.46,12.7535,0,6.46,2.30E+02,16.3947938
1976,231,23.133,4.789,13.961,0,4.789,2.58E+02,18.06618631
1976,232,26.809,13.823,20.316,0,13.823,3.44E+02,16.4536453
1976,233,29.483,16.456,22.9695,9.935,16.456,3.00E+02,16.41128456
1976,234,32.385,18.468,25.4265,0.123,18.468,2.47E+02,16.68661272
1976,235,23.776,12.534,18.155,6.876,12.534,2.38E+02,15.47408145
1976,236,16.743,6.735,11.739,0,6.735,3.22E+02,14.72097504
1976,237,21.245,2.124,11.6845,0,2.124,1.69E+02,17.71534007
1976,238,20.921,13.019,16.97,0.119,13.019,2.52E+02,13.10799507
1976,239,27.85,12.995,20.4225,1.755,12.995,2.79E+02,16.63624543
1976,240,26.358,15.82,21.089,0,15.82,2.61E+02,14.82248283
1976,241,26.103,15.793,20.948,12.999,15.793,2.46E+02,14.63961604
1976,242,15.961,6.34,11.1505,2.914,6.34,1.63E+02,14.17677384
1976,243,11.906,2.625,7.2655,0.422,2.625,1.35E+02,13.90840846
1976,244,10.1,0.653,5.3765,6.288,0.653,1.87E+02,13.96206995
1976,245,10.317,0.956,5.6365,0.23,0.956,3.23E+02,13.85435812
1976,246,12.023,-0.144,5.9395,0.031,-0.144,1.37E+02,15.20784444
1976,247,13.372,5.94,9.656,17.944,5.94,1.48E+02,12.34821168
1976,248,14.006,8.088,11.047,12.353,8.088,1.49E+02,10.86869018
1976,249,8.887,5.908,7.3975,2.409,5.908,2.53E+02,6.799755
1976,250,12.431,4.327,8.379,0.297,4.327,2.47E+02,12.73918128
1976,251,15.792,2.497,9.1445,0,2.497,3.50E+02,15.2146169
1976,252,18.726,1.53,10.128,0,1.53,2.41E+02,15.99497563
1976,253,24.059,6.859,15.459,0.279,6.859,1.40E+02,15.89317004
1976,254,17.831,11.446,14.6385,8.507,11.446,2.17E+02,11.12488552
1976,255,14.629,6.476,10.5525,6.006,6.476,2.65E+02,12.51224594
1976,256,11.569,3.622,7.5955,0.339,3.622,3.17E+02,12.31382615
1976,257,23.078,3.287,13.1825,2.138,3.287,1.80E+02,15.76320431
1976,258,13.279,9.249,11.264,18.043,9.249,3.05E+02,8.292978351
1976,259,14.643,2.998,8.8205,0,2.998,3.46E+02,13.99859564
1976,260,19.244,0.867,10.0555,0,0.867,2.74E+02,15.27927965
1976,261,22.714,4.819,13.7665,0,4.819,3.15E+02,15.1120833
1976,262,24.136,8.157,16.1465,0.303,8.157,2.49E+02,14.74898197
1976,263,23.591,4.771,14.181,3.303,4.771,2.15E+02,14.96990052
1976,264,9.611,2.258,5.9345,0,2.258,1.35E+02,11.45051642
1976,265,11.822,1.041,6.4315,0.023,1.041,1.59E+02,13.18024963
1976,266,13.571,0.028,6.7995,0,0.028,2.45E+02,13.8806161
1976,267,10.15,2.966,6.558,11.215,2.966,1.53E+02,11.16099429
1976,268,6.785,-1.315,2.735,2.643,-1.315,2.40E+02,11.69272782
1976,269,3.766,-1.184,1.291,6.148,-1.184,3.46E+02,9.105942643
1976,270,4.766,-1.212,1.777,0.456,-1.212,2.44E+02,10.05758976
1976,271,5.736,-0.559,2.5885,0.179,-0.559,1.94E+02,10.27305823
1976,272,5.37,-0.47,2.45,2.532,-0.47,1.58E+02,9.843387601
1976,273,8.012,0.968,4.49,3.766,0.968,2.29E+02,10.7136965
1976,274,5.688,-0.455,2.6165,0.034,-0.455,1.31E+02,9.997265844
1976,275,10.962,2.318,6.64,1.367,2.318,8.64E+01,11.481324
1976,276,15.853,2.312,9.0825,0.706,2.312,8.64E+01,12.8163956
1976,277,8.946,-1.158,3.894,0,-1.158,8.64E+01,11.89416371
1976,278,15.808,-2.201,6.8035,0,-2.201,8.64E+01,13.04698733
1976,279,20.782,4.892,12.837,0,4.892,8.64E+01,12.76338113
1976,280,15.706,2.533,9.1195,20.695,2.533,8.64E+01,12.3152622
1976,281,4.745,0.203,2.474,2.619,0.203,8.64E+01,8.229305065
1976,282,3.728,-0.052,1.838,0,-0.052,8.64E+01,7.341494012
1976,283,4.159,0.178,2.1685,6.03,0.178,8.64E+01,7.547795365
1976,284,0.833,-1.337,-0.252,6.487,-1.337,8.64E+01,4.955465951
1976,285,5.409,-3.374,1.0175,0,-3.374,8.64E+01,10.73614068
1976,286,6.381,1.674,4.0275,6.059,1.674,8.64E+01,8.191333378
1976,287,7.224,1.484,4.354,14.802,1.484,8.64E+01,8.996805189
1976,288,1.402,-1.395,0.0035,2.054,-1.395,8.64E+01,5.886944188
1976,289,1.468,-1.727,-0.1295,1.076,-1.727,8.64E+01,6.412694462
1976,290,0.933,-1.079,-0.073,2.978,-1.079,8.64E+01,4.605518586
1976,291,1.955,-1.941,0.007,1.093,-1.941,8.64E+01,7.18586005
1976,292,-0.632,-3.817,-2.2245,2.917,-3.817,8.64E+01,6.32297175
1976,293,-1.78,-7.503,-4.6415,1.888,-7.503,8.64E+01,8.650369646
1976,294,1.516,-10.463,-4.4735,0.365,-10.463,8.64E+01,10.61340292
1976,295,0.329,-2.828,-1.2495,16.483,-2.828,8.64E+01,6.209201103
1976,296,-1.321,-3.819,-2.57,8.085,-3.819,8.64E+01,5.293426839
1976,297,-1.969,-3.784,-2.8765,2.759,-3.784,8.64E+01,4.178212562
1976,298,-2.346,-6.66,-4.503,0.403,-6.66,8.64E+01,7.329113635
1976,299,-1.919,-10.872,-6.3955,0.023,-10.872,8.64E+01,9.57647007
1976,300,-3.644,-8.311,-5.9775,0.783,-8.311,8.64E+01,7.534324674
1976,301,-3.176,-7.844,-5.51,0.631,-7.844,8.64E+01,7.488897776
1976,302,1.784,-8.742,-3.479,6.309,-8.742,8.64E+01,9.600702556
1976,303,6.427,0.072,3.2495,0,0.072,8.64E+01,8.388062089
1976,304,5.211,-3.522,0.8445,0,-3.522,8.64E+01,9.093193807
1976,305,0.25,-5.709,-2.7295,0,-5.709,8.64E+01,8.074417466
1976,306,-3.443,-6.126,-4.7845,0,-6.126,2.87E+02,5.3430198
1976,307,-1.762,-6.604,-4.183,0.697,-6.604,1.19E+02,7.327687605
1976,308,-0.799,-5.997,-3.398,1.461,-5.997,1.37E+02,7.497744721
1976,309,0.287,-2.7,-1.2065,0.423,-2.7,1.93E+02,5.636605081
1976,310,3.439,-1.004,1.2175,0.689,-1.004,2.53E+02,6.916950366
1976,311,0.238,-6.956,-3.359,1.805,-6.956,2.35E+02,8.155660743
1976,312,-5.757,-8.603,-7.18,1.898,-8.603,1.39E+02,5.400717242
1976,313,-6.538,-11.604,-9.071,1.115,-11.604,2.48E+02,7.167415344
1976,314,-8.686,-17.676,-13.181,0,-17.676,2.78E+02,8.317959929
1976,315,-6.388,-20.265,-13.3265,0.022,-20.265,2.71E+02,8.598263186
1976,316,-5.783,-16.352,-11.0675,0.45,-16.352,2.93E+02,8.337100429
1976,317,-3.07,-8.502,-5.786,2.473,-8.502,2.08E+02,7.147886012
1976,318,-5.066,-8.707,-6.8865,0.863,-8.707,1.07E+02,6.003253983
1976,319,-4.713,-6.431,-5.572,1.014,-6.431,1.92E+02,3.764276631
1976,320,-3.877,-8.049,-5.963,0.318,-8.049,1.33E+02,6.323789813
1976,321,-3.461,-13.493,-8.477,0.662,-13.493,1.56E+02,7.900528864
1976,322,1.255,-7.27,-3.0075,0,-7.27,1.55E+02,7.667594273
1976,323,0.351,-3.43,-1.5395,1.461,-3.43,1.43E+02,5.949107436
1976,324,-2.537,-7.025,-4.781,1.61,-7.025,3.22E+02,6.363478806
1976,325,-5.591,-10.441,-8.016,3.919,-10.441,2.03E+02,6.51031978
1976,326,-2.655,-6.666,-4.6605,6.154,-6.666,2.44E+02,6.009238173
1976,327,-1.466,-6.079,-3.7725,7.493,-6.079,1.93E+02,6.317115846
1976,328,-3.128,-8.776,-5.952,3.13,-8.776,2.52E+02,6.705475757
1976,329,-8.807,-14.404,-11.6055,1.321,-14.404,2.63E+02,6.645939846
1976,330,-8.22,-20.677,-14.4485,0.902,-20.677,3.01E+02,7.406440686
1976,331,-5.338,-20.478,-12.908,7.252,-20.478,3.58E+02,7.386395768
1976,332,-4.558,-7.135,-5.8465,6.307,-7.135,2.16E+02,4.693592078
1976,333,-5.957,-11.07,-8.5135,2.019,-11.07,4.31E+02,6.32320403
1976,334,-10.802,-19.065,-14.9335,0.822,-19.065,3.32E+02,6.961087578
1976,335,-15.138,-22.842,-18.99,0.662,-22.842,3.83E+02,6.851456555
1976,336,-10.751,-24.165,-17.458,2.512,-24.165,1.65E+02,7.100547787
1976,337,-11.742,-30.461,-21.1015,2.792,-30.461,2.58E+02,7.083271006
1976,338,-17.475,-34.178,-25.8265,0.27,-34.178,1.02E+02,7.034325102
1976,339,-16.263,-26.847,-21.555,0.27,-26.847,3.09E+02,6.907261061
1976,340,-13.436,-27.804,-20.62,0.419,-27.804,3.33E+02,6.94190539
1976,341,-9.792,-25.645,-17.7185,3.296,-25.645,1.87E+02,6.914587063
1976,342,-6,-29.009,-17.5045,5.687,-29.009,1.63E+02,6.890495865
1976,343,-21.396,-35.029,-28.2125,0.26,-35.029,2.89E+02,6.835792024
1976,344,-28.122,-38.694,-33.408,0.038,-38.694,1.78E+02,6.748806587
1976,345,-20.506,-34.263,-27.3845,4.736,-34.263,1.89E+02,6.783753355
1976,346,-12.219,-24.005,-18.112,3.679,-24.005,2.57E+02,6.734361213
1976,347,-10.158,-24.42,-17.289,0.659,-24.42,1.30E+02,6.745008988
1976,348,-24.97,-33.216,-29.093,0.057,-33.216,1.22E+02,6.540509807
1976,349,-3.939,-33.993,-18.966,9.925,-33.993,2.67E+02,6.729076492
1976,350,-5.835,-25.379,-15.607,0.819,-25.379,2.06E+02,6.715088179
1976,351,-10.864,-25.13,-17.997,2.039,-25.13,2.74E+02,6.69151706
1976,352,-7.305,-14.76,-11.0325,0.276,-14.76,3.01E+02,6.424437875
1976,353,-15.525,-28.506,-22.0155,0,-28.506,3.14E+02,6.66971736
1976,354,-15.572,-26.998,-21.285,0.939,-26.998,3.41E+02,6.643732977
1976,355,-15.216,-19.345,-17.2805,6.868,-19.345,2.25E+02,5.567257573
1976,356,-16.547,-22.393,-19.47,3.262,-22.393,8.86E+01,6.155256817
1976,357,-21.506,-31.058,-26.282,0.27,-31.058,9.04E+01,6.593320401
1976,358,-13.073,-28.172,-20.6225,3.008,-28.172,1.86E+02,6.706346117
1976,359,-16.013,-26.473,-21.243,0.49,-26.473,2.82E+02,6.650442778
1976,360,-9.031,-18.083,-13.557,3.463,-18.083,9.70E+01,6.59993373
1976,361,-8.003,-21.916,-14.9595,5.898,-21.916,1.06E+02,6.743746743
1976,362,-21.53,-26.494,-24.012,1.457,-26.494,1.17E+02,5.95943043
1976,363,-24.728,-35.021,-29.8745,0,-35.021,2.14E+02,6.716389623
1976,364,-19.946,-34.602,-27.274,0.058,-34.602,2.83E+02,6.817870673
1976,365,-19.13,-25.284,-22.207,7.025,-25.284,1.63E+02,6.340209014
1976,366,-5.658,-21.585,-13.6215,6.225,-21.585,2.63E+02,6.883712298
