DJ0207XDMNXPHWR
CCXMDDM
24,1,12.0
7,0.075,0.125,0.00,0,0,0,0,0,0,0,0
1979,1,-6.148,-11.801,-8.9745,10.585,-11.801,1.60E+02,6.241492553,,,
1979,2,-11.865,-19.139,-15.502,0.42,-19.139,1.91E+02,6.586296415,,,
1979,3,-18.571,-26.413,-22.492,0.358,-26.413,2.38E+02,6.687673058,,,
1979,4,-15.09,-28.508,-21.799,1.477,-28.508,3.58E+02,6.973854329,,,
1979,5,-14.471,-33.716,-24.0935,0.696,-33.716,1.22E+02,7.042911622,,,
1979,6,-12.373,-19.773,-16.073,0,-19.773,1.81E+02,6.73471521,,,
1979,7,-12.935,-23.591,-18.263,0,-23.591,1.85E+02,7.037335279,,,
1979,8,-13.429,-28.078,-20.7535,0,-28.078,2.16E+02,7.16614775,,,
1979,9,-12.71,-30.289,-21.4995,1.247,-30.289,1.73E+02,7.23318686,,,
1979,10,-22.843,-30.735,-26.789,0,-30.735,1.45E+02,6.966512744,,,
1979,11,-24.891,-33.863,-29.377,0,-33.863,1.08E+02,7.128933992,,,
1979,12,-18.364,-36.369,-27.3665,0,-36.369,1.08E+02,7.405942929,,,
1979,13,-15.375,-26.543,-20.959,2.882,-26.543,2.86E+02,7.370710021
1979,14,-11.687,-24.371,-18.029,13.371,-24.371,1.40E+02,7.478678349
1979,15,-24.289,-31.45,-27.8695,0.149,-31.45,2.46E+02,7.097025721
1979,16,-28.251,-34.886,-31.5685,0,-34.886,4.62E+02,7.036015616
1979,17,-26.065,-42.208,-34.1365,0,-42.208,2.31E+02,7.730569405
1979,18,-23.286,-31.586,-27.436,0,-31.586,1.42E+02,7.450438831
1979,19,-19.088,-36.098,-27.593,0,-36.098,2.97E+02,7.885999309
1979,20,-10.117,-22.997,-16.557,0,-22.997,4.20E+02,7.9024285
1979,21,-8.135,-18.357,-13.246,7.906,-18.357,1.59E+02,7.848811905
1979,22,-7.035,-15.155,-11.095,6.58,-15.155,2.39E+02,7.67921958
1979,23,-13.064,-21.67,-17.367,0,-21.67,2.50E+02,7.821397851
1979,24,-4.286,-21.989,-13.1375,0,-21.989,2.60E+02,8.3041161
1979,25,0.885,-6.313,-2.714,0,-6.313,2.40E+02,7.69077212
1979,26,1.72,-3.512,-0.896,0,-3.512,1.11E+02,7.058894731
1979,27,2.228,-1.184,0.522,0.149,-1.184,1.23E+02,5.872112952
1979,28,2.721,-0.921,0.9,1.132,-0.921,1.51E+02,6.106315663
1979,29,1.94,-3.332,-0.696,3.524,-3.332,2.18E+02,7.230545896
1979,30,-3.773,-8.956,-6.3645,4.129,-8.956,2.66E+02,7.23559188
1979,31,-9.287,-13.009,-11.148,7.745,-13.009,1.86E+02,6.277600501
1979,32,-11.177,-14.577,-12.877,4.939,-14.577,2.91E+02,6.015436989
1979,33,-14.17,-20.991,-17.5805,1.324,-20.991,1.10E+02,8.113435765
1979,34,-16.607,-27.068,-21.8375,0,-27.068,1.90E+02,8.945071403
1979,35,-13.104,-32.351,-22.7275,0,-32.351,2.77E+02,9.405580527
1979,36,-19.008,-26.057,-22.5325,0.26,-26.057,2.79E+02,8.39851342
1979,37,-19.78,-28.148,-23.964,0,-28.148,1.21E+02,8.851443425
1979,38,-18.599,-32.335,-25.467,0,-32.335,2.79E+02,9.597384037
1979,39,-19.722,-28.731,-24.2265,0,-28.731,2.25E+02,9.162277354
1979,40,-24.229,-34.347,-29.288,0,-34.347,1.99E+02,9.454361143
1979,41,-24.808,-37.277,-31.0425,0,-37.277,1.87E+02,9.829330374
1979,42,-26.128,-38.003,-32.0655,0,-38.003,2.31E+02,9.877668343
1979,43,-21.705,-36.821,-29.263,0,-36.821,2.29E+02,10.21385259
1979,44,-25.825,-35.867,-30.846,0,-35.867,2.79E+02,9.819350389
1979,45,-26.153,-37.865,-32.009,0,-37.865,2.61E+02,10.17063966
1979,46,-23.964,-38.299,-31.1315,0,-38.299,2.35E+02,10.51466452
1979,47,-26.282,-34.652,-30.467,0,-34.652,1.76E+02,9.681140148
1979,48,-23.787,-37.465,-30.626,0,-37.465,2.32E+02,10.6946878
1979,49,-14.963,-33.204,-24.0835,0,-33.204,2.00E+02,11.04003581
1979,50,-8.822,-22.555,-15.6885,0.072,-22.555,1.55E+02,10.92684956
1979,51,-8.067,-14.303,-11.185,0.42,-14.303,1.31E+02,9.037453051
1979,52,-4.644,-10.268,-7.456,4.756,-10.268,3.10E+02,8.701910558
1979,53,-3.293,-14.697,-8.995,1.165,-14.697,2.00E+02,10.96049366
1979,54,1.088,-17.153,-8.0325,5.441,-17.153,2.25E+02,11.67009404
1979,55,-0.469,-26.262,-13.3655,1.165,-26.262,1.69E+02,11.92849272
1979,56,-13.628,-33.045,-23.3365,0,-33.045,2.27E+02,11.96533788
1979,57,-6.118,-25.956,-16.037,0,-25.956,1.38E+02,12.10793237
1979,58,0.383,-20.689,-10.153,0,-20.689,1.29E+02,12.27101107
1979,59,-2.826,-21.221,-12.0235,0,-21.221,1.22E+02,12.31679281
1979,60,-9.773,-25.209,-17.491,0.474,-25.209,1.29E+02,12.25566282
1979,61,-1.323,-12.999,-7.161,0.64,-12.999,1.27E+02,11.84338616
1979,62,-0.332,-5.911,-3.1215,1.023,-5.911,2.33E+02,9.193043287
1979,63,3.655,-2.926,0.3645,15.45,-2.926,3.16E+02,9.991692076
1979,64,6.96,0.39,3.675,5.962,0.39,2.30E+02,10.0439318
1979,65,0.902,-1.215,-0.1565,0.161,-1.215,1.48E+02,4.935189765
1979,66,1.353,-7.315,-2.981,1.235,-7.315,2.94E+02,11.34979194
1979,67,-5.724,-16.147,-10.9355,0,-16.147,1.63E+02,12.10221318
1979,68,-0.936,-21.122,-11.029,0,-21.122,1.28E+02,13.56751236
1979,69,0.557,-12.086,-5.7645,5.942,-12.086,1.18E+02,12.87841573
1979,70,-3.518,-14.964,-9.241,0.539,-14.964,2.83E+02,12.68754329
1979,71,-15.966,-28.248,-22.107,0.321,-28.248,2.68E+02,13.00156406
1979,72,-11.511,-33.386,-22.4485,6.448,-33.386,1.85E+02,14.16339671
1979,73,-10.341,-21.945,-16.143,7.128,-21.945,3.58E+02,13.01826735
1979,74,-17.688,-26.134,-21.911,0.161,-26.134,2.20E+02,11.83180572
1979,75,-6.945,-28.319,-17.632,1.431,-28.319,3.22E+02,14.53545992
1979,76,-5.087,-19.471,-12.279,0,-19.471,1.79E+02,13.96110375
1979,77,3.768,-15.421,-5.8265,0,-15.421,1.62E+02,14.65738023
1979,78,7.256,-9.075,-0.9095,0,-9.075,1.58E+02,14.48532265
1979,79,9.187,-8.231,0.478,0,-8.231,1.42E+02,14.73385097
1979,80,13.881,-8.202,2.8395,0,-8.202,3.03E+02,15.2125747
1979,81,11.367,-5.157,3.105,0,-5.157,3.27E+02,14.8496071
1979,82,13.698,-2.331,5.6835,0,-2.331,3.25E+02,14.8862681
1979,83,13.353,5.79,9.5715,0.471,5.79,1.76E+02,11.83281197
1979,84,6.547,-5.435,0.556,8.585,-5.435,2.63E+02,14.13149124
1979,85,-5.55,-15.51,-10.53,13.172,-15.51,2.28E+02,13.38929945
1979,86,-11.107,-18.298,-14.7025,3.082,-18.298,2.34E+02,11.7038208
1979,87,-5.046,-21.112,-13.079,6.388,-21.112,2.77E+02,15.41983205
1979,88,-1.087,-8.948,-5.0175,5.194,-8.948,2.19E+02,12.31640884
1979,89,2.105,-17.872,-7.8835,1.597,-17.872,3.49E+02,16.14669804
1979,90,2.759,-8.578,-2.9095,3.678,-8.578,1.75E+02,14.37344009
1979,91,-0.179,-13.433,-6.806,0,-13.433,2.78E+02,15.13609527
1979,92,-0.318,-8.094,-4.206,11.778,-8.094,2.57E+02,12.45426796
1979,93,1.28,-8.083,-3.4015,4.914,-8.083,1.55E+02,13.58661419
1979,94,1.691,-15.889,-7.099,0,-15.889,1.23E+02,16.37903967
1979,95,-1.396,-4.69,-3.043,2.853,-4.69,4.34E+02,7.349735327
1979,96,-0.785,-5.436,-3.1105,0.216,-5.436,5.46E+02,9.385618929
1979,97,-2.071,-9.975,-6.023,0.019,-9.975,4.32E+02,12.78714132
1979,98,-1.04,-12.646,-6.843,0.007,-12.646,2.54E+02,15.05839957
1979,99,-0.27,-7.514,-3.892,0,-7.514,2.16E+02,12.31621314
1979,100,1.442,-7.914,-3.236,0,-7.914,2.38E+02,13.96933493
1979,101,0.591,-11.843,-5.626,0,-11.843,2.38E+02,15.61091524
1979,102,6.132,-7.464,-0.666,0,-7.464,2.58E+02,16.11211207
1979,103,10.4,-3.531,3.4345,0,-3.531,1.28E+02,16.29664965
1979,104,12.345,-0.961,5.692,0,-0.961,2.05E+02,16.15065846
1979,105,3.72,-2.55,0.585,9.045,-2.55,2.06E+02,11.55584877
1979,106,7.49,-1.901,2.7945,0,-1.901,2.12E+02,14.28596371
1979,107,4.357,-4.092,0.1325,0,-4.092,2.30E+02,13.64097132
1979,108,3.952,-6.057,-1.0525,0,-6.057,2.75E+02,14.78222811
1979,109,5.716,-6.06,-0.172,0,-6.06,1.69E+02,15.81175307
1979,110,10.498,-7.026,1.736,0,-7.026,3.67E+02,17.77044701
1979,111,14.592,-1.159,6.7165,2.171,-1.159,3.70E+02,17.41301219
1979,112,8.086,1.254,4.67,0.042,1.254,3.41E+02,12.34299975
1979,113,8.431,-1.349,3.541,1.675,-1.349,3.31E+02,14.85548839
1979,114,4.22,-2.255,0.9825,1.58,-2.255,1.66E+02,12.01310923
1979,115,14.97,-2.408,6.281,7.771,-2.408,4.05E+02,18.09830316
1979,116,20.242,6.988,13.615,5.371,6.988,2.09E+02,16.86026526
1979,117,12.013,0.686,6.3495,25.559,0.686,2.71E+02,15.97621346
1979,118,4.533,-0.861,1.836,5.914,-0.861,2.48E+02,10.79453155
1979,119,6.878,0.933,3.9055,0.763,0.933,2.42E+02,11.50620909
1979,120,9.312,-0.35,4.481,0,-0.35,3.43E+02,15.03899443
1979,121,6.851,-1.735,2.558,4.734,-1.735,1.69E+02,14.23374699
1979,122,1.952,-2.592,-0.32,0.047,-2.592,1.29E+02,9.659618864
1979,123,12.07,-4.138,3.966,1.016,-4.138,1.90E+02,18.27926959
1979,124,3.8,-3.074,0.363,1.737,-3.074,2.57E+02,12.66818435
1979,125,3.46,-5.796,-1.168,0.644,-5.796,1.56E+02,14.89270652
1979,126,7.454,-6.64,0.407,0,-6.64,1.92E+02,17.69345353
1979,127,13.165,-6.854,3.1555,0,-6.854,2.36E+02,19.39069689
1979,128,23.275,4.062,13.6685,0.941,4.062,3.99E+02,19.290247
1979,129,17.07,3.59,10.33,3.677,3.59,2.57E+02,17.55671192
1979,130,10.88,-1.151,4.8645,0,-1.151,3.00E+02,16.87381709
1979,131,12.665,0.373,6.519,3.201,0.373,2.36E+02,17.04838424
1979,132,15.415,5.318,10.3665,4.923,5.318,3.05E+02,15.7155278
1979,133,16.05,4.589,10.3195,6.091,4.589,1.49E+02,16.6408356
1979,134,19.124,4.234,11.679,1.825,4.234,2.64E+02,18.33040533
1979,135,12.91,4.595,8.7525,1.519,4.595,1.77E+02,14.32567486
1979,136,10.75,-0.363,5.1935,0,-0.363,2.73E+02,16.50759239
1979,137,18.334,-0.875,8.7295,0,-0.875,1.72E+02,19.71477052
1979,138,24.983,10.183,17.583,0,10.183,2.17E+02,18.43344424
1979,139,26.022,13.045,19.5335,1.323,13.045,2.62E+02,17.64715375
1979,140,18.132,7.037,12.5845,22.51,7.037,2.27E+02,16.59186015
1979,141,8.852,1.13,4.991,15.418,1.13,2.50E+02,13.84662981
1979,142,11.514,-0.362,5.576,0.999,-0.362,3.22E+02,17.12003106
1979,143,13.79,1.036,7.413,0,1.036,1.83E+02,17.63298913
1979,144,12.117,-1.843,5.137,0,-1.843,2.26E+02,18.24687266
1979,145,16.386,1.22,8.803,0,1.22,2.15E+02,18.7780372
1979,146,17.156,4.625,10.8905,13.068,4.625,2.26E+02,17.57778119
1979,147,10.544,5.825,8.1845,6.843,5.825,2.94E+02,10.12815824
1979,148,11.77,7.755,9.7625,2.558,7.755,1.86E+02,9.003462173
1979,149,14.855,8.573,11.714,0.175,8.573,2.89E+02,12.3025151
1979,150,17.266,9.205,13.2355,0,9.205,3.26E+02,14.2923029
1979,151,24.086,11.132,17.609,0,11.132,2.43E+02,17.89664699
1979,152,26.582,9.563,18.0725,0.706,9.563,1.50E+02,19.58602894
1979,153,21.788,11.776,16.782,2.574,11.776,2.54E+02,16.03463112
1979,154,18.29,6.426,12.358,5.248,6.426,2.07E+02,17.321293
1979,155,20.347,7.071,13.709,5.361,7.071,2.19E+02,18.12322585
1979,156,12.854,4.875,8.8645,4.179,4.875,2.31E+02,14.25984944
1979,157,18.39,1.594,9.992,0,1.594,1.80E+02,19.60098152
1979,158,25.185,5.483,15.334,0,5.483,3.07E+02,20.41182571
1979,159,24.041,12.448,18.2445,14.043,12.448,2.65E+02,17.20526758
1979,160,21.897,9.594,15.7455,2.088,9.594,2.47E+02,17.64643077
1979,161,24.054,10.079,17.0665,31.138,10.079,3.62E+02,18.53288426
1979,162,10.001,3.177,6.589,0.799,3.177,3.33E+02,13.02875058
1979,163,10.294,4.808,7.551,0.061,4.808,3.08E+02,11.31119785
1979,164,15.467,3.013,9.24,0,3.013,1.41E+02,17.76166412
1979,165,20.369,2.914,11.6415,0.197,2.914,2.77E+02,19.89376126
1979,166,24.252,15.036,19.644,3.224,15.036,2.48E+02,15.46847328
1979,167,22.901,9.189,16.045,0.117,9.189,2.60E+02,18.44330593
1979,168,10.345,5.077,7.711,19.041,5.077,1.78E+02,11.00840887
1979,169,18.502,3.053,10.7775,0,3.053,1.39E+02,19.21375782
1979,170,24.014,5.241,14.6275,0,5.241,1.31E+02,20.28475751
1979,171,26.603,8.932,17.7675,0,8.932,3.59E+02,19.97943589
1979,172,27.981,12.52,20.2505,0,12.52,2.63E+02,19.2207208
1979,173,26.555,14.745,20.65,0,14.745,1.85E+02,17.39443556
1979,174,19.053,6.637,12.845,15.777,6.637,9.72E+01,17.75705678
1979,175,14.257,3.567,8.912,1.308,3.567,1.68E+02,16.63933838
1979,176,20.926,2.299,11.6125,0,2.299,1.93E+02,20.23551597
1979,177,21.721,10.755,16.238,2.474,10.755,3.23E+02,16.82842072
1979,178,17.549,11.025,14.287,3.814,11.025,3.00E+02,12.67544506
1979,179,23.763,7.97,15.8665,0.116,7.97,2.77E+02,19.32068933
1979,180,24.736,10.866,17.801,0,10.866,2.19E+02,18.49596276
1979,181,25.872,11.527,18.6995,0.274,11.527,1.38E+02,18.70862269
1979,182,20.458,15.427,17.9425,8.197,15.427,1.34E+02,10.64974802
1979,183,20.728,12.43,16.579,6.718,12.43,2.11E+02,14.59794197
1979,184,15.441,6.015,10.728,1.812,6.015,1.80E+02,15.61212567
1979,185,9.429,4.007,6.718,3.954,4.007,1.42E+02,11.20637956
1979,186,16.605,6.747,11.676,0,6.747,2.31E+02,15.94932023
1979,187,20.02,7.49,13.755,0,7.49,3.10E+02,17.73142574
1979,188,26.643,10.998,18.8205,5.1,10.998,1.94E+02,19.16013607
1979,189,28.369,13.921,21.145,0.023,13.921,1.22E+02,18.65764505
1979,190,29.758,15.354,22.556,0,15.354,1.43E+02,18.62210662
1979,191,28.492,13.823,21.1575,0.172,13.823,1.78E+02,18.7191003
1979,192,26.02,17.218,21.619,10.274,17.218,1.39E+02,14.99857061
1979,193,24.738,14.03,19.384,0,14.03,1.29E+02,16.50513734
1979,194,25.343,10.567,17.955,0,10.567,1.89E+02,18.70554465
1979,195,28.935,13.276,21.1055,0.652,13.276,8.64E+01,19.02841462
1979,196,24.133,16.579,20.356,11.686,16.579,1.05E+02,13.74061337
1979,197,17.423,7.977,12.7,0,7.977,1.25E+02,15.48911946
1979,198,21.078,2.196,11.637,0,2.196,1.07E+02,19.91323346
1979,199,25.077,8.757,16.917,0.034,8.757,2.57E+02,19.15679749
1979,200,21.952,11.192,16.572,1.03,11.192,1.13E+02,16.42364207
1979,201,20.649,7.012,13.8305,0,7.012,1.85E+02,18.0387018
1979,202,28.104,10.5,19.302,9.289,10.5,2.08E+02,19.45404283
1979,203,16.733,6.92,11.8265,4.749,6.92,1.91E+02,15.67823535
1979,204,22.552,2.733,12.6425,0,2.733,2.56E+02,19.91106841
1979,205,28.59,17.812,23.201,10.338,17.812,3.28E+02,16.32892691
1979,206,23.875,11.462,17.6685,57.72,11.462,1.85E+02,17.28788807
1979,207,18.438,9.943,14.1905,0.184,9.943,2.57E+02,14.50247332
1979,208,23.18,8.304,15.742,0,8.304,1.31E+02,18.34917097
1979,209,17.055,12.41,14.7325,5.119,12.41,1.49E+02,9.926391779
1979,210,26.245,12.857,19.551,0,12.857,1.64E+02,17.64984383
1979,211,27.835,12.702,20.2685,0.601,12.702,2.29E+02,18.33141454
1979,212,18.646,12.025,15.3355,11.41,12.025,2.73E+02,12.50439733
1979,213,23.737,10.139,16.938,0,10.139,2.03E+02,17.63540748
1979,214,20.876,12.965,16.9205,26.862,12.965,2.53E+02,13.82016212
1979,215,21.986,13.77,17.878,5.331,13.77,2.18E+02,14.08288871
1979,216,17.652,9.848,13.75,2.081,9.848,2.40E+02,13.674472
1979,217,17.342,8.698,13.02,6.854,8.698,9.38E+01,14.41183444
1979,218,19.428,7.726,13.577,0.047,7.726,1.92E+02,16.50176403
1979,219,14.804,6.636,10.72,9.551,6.636,2.00E+02,13.94283388
1979,220,15.627,5.111,10.369,0.047,5.111,1.79E+02,15.71619698
1979,221,15.207,3.236,9.2215,0.18,3.236,1.74E+02,16.52757683
1979,222,11.632,6.173,8.9025,14.383,6.173,1.72E+02,10.92302488
1979,223,13.979,3.301,8.64,0.13,3.301,1.38E+02,15.70737773
1979,224,20.369,5.483,12.926,0,5.483,1.99E+02,17.62506427
1979,225,19.543,6.421,12.982,4.611,6.421,2.06E+02,16.89295511
1979,226,13.123,5.722,9.4225,9.742,5.722,1.59E+02,13.04058713
1979,227,17.062,5.021,11.0415,0,5.021,2.35E+02,16.29177063
1979,228,16.57,4.43,10.5,0.17,4.43,2.18E+02,16.2909524
1979,229,18.737,8.833,13.785,0,8.833,2.45E+02,14.96846558
1979,230,14.817,9.148,11.9825,3.948,9.148,2.30E+02,11.04673812
1979,231,15.193,10.195,12.694,1.727,10.195,2.58E+02,10.16125937
1979,232,17.543,8.929,13.236,1.053,8.929,3.44E+02,13.91504027
1979,233,18.364,7.114,12.739,0,7.114,3.00E+02,15.58410796
1979,234,23.104,4.639,13.8715,0,4.639,2.47E+02,17.85526827
1979,235,21.642,8.459,15.0505,0,8.459,2.38E+02,16.35046592
1979,236,18.948,14.472,16.71,1.518,14.472,3.22E+02,9.34878361
1979,237,22.55,9.892,16.221,1.259,9.892,1.69E+02,16.01400516
1979,238,18.165,4.68,11.4225,0,4.68,2.52E+02,16.26662625
1979,239,21.008,10.422,15.715,2.053,10.422,2.79E+02,14.90432631
1979,240,19.899,10.688,15.2935,0,10.688,2.61E+02,14.01108544
1979,241,21.99,12.586,17.288,11.086,12.586,2.46E+02,14.08998978
1979,242,16.763,4.064,10.4135,16.632,4.064,1.63E+02,15.69860817
1979,243,13.914,1.001,7.4575,0,1.001,1.35E+02,15.7084696
1979,244,18.089,2.456,10.2725,0,2.456,1.87E+02,16.43858511
1979,245,23.768,11.02,17.394,5.754,11.02,3.23E+02,15.5024532
1979,246,11.586,3.327,7.4565,1.965,3.327,1.37E+02,13.04859996
1979,247,14.196,2.54,8.368,0.754,2.54,1.48E+02,14.92679559
1979,248,20.147,7.775,13.961,14.178,7.775,1.49E+02,15.13996103
1979,249,16.898,5.485,11.1915,4.484,5.485,2.53E+02,14.68169381
1979,250,7.999,2.005,5.002,0,2.005,2.47E+02,10.88322311
1979,251,10.624,2.572,6.598,0,2.572,3.50E+02,12.65083359
1979,252,11.01,4.237,7.6235,0.872,4.237,2.41E+02,11.56404484
1979,253,9.982,2.738,6.36,30.029,2.738,1.40E+02,11.92624335
1979,254,13.91,4.034,8.972,0.578,4.034,2.17E+02,13.60874182
1979,255,17.21,3.13,10.17,0.553,3.13,2.65E+02,15.07960826
1979,256,16.556,10.51,13.533,19.251,10.51,3.17E+02,10.7196419
1979,257,14.401,6.986,10.6935,8.242,6.986,1.80E+02,11.86933256
1979,258,11.486,1.284,6.385,1.293,1.284,3.05E+02,13.48981556
1979,259,10.61,0.724,5.667,0.643,0.724,3.46E+02,13.26753456
1979,260,21.732,9.133,15.4325,0.54,9.133,2.74E+02,14.21950881
1979,261,15.539,1.306,8.4225,7.345,1.306,3.15E+02,14.53583815
1979,262,4.087,-1.735,1.176,0,-1.735,2.49E+02,10.26437427
1979,263,6.225,-2.171,2.027,8.48,-2.171,2.15E+02,12.19328659
1979,264,10.401,1.648,6.0245,4.812,1.648,1.35E+02,12.33227566
1979,265,6.908,-0.506,3.201,0.545,-0.506,1.59E+02,11.43707549
1979,266,11.663,0.314,5.9885,0,0.314,2.45E+02,13.29182295
1979,267,16.529,-0.241,8.144,0.459,-0.241,1.53E+02,14.28903071
1979,268,14.223,7.132,10.6775,5.132,7.132,2.40E+02,11.03801638
1979,269,8.695,-0.21,4.2425,0.92,-0.21,3.46E+02,12.05759613
1979,270,18.805,-1.949,8.428,0.158,-1.949,2.44E+02,14.224902
1979,271,17.1,3.488,10.294,10.398,3.488,1.94E+02,13.37187603
1979,272,11.17,-0.399,5.3855,0.011,-0.399,1.58E+02,12.80212601
1979,273,13.319,4.857,9.088,10.799,4.857,2.29E+02,11.54236957
1979,274,11.445,5.896,8.6705,0.199,5.896,1.31E+02,9.493127066
1979,275,8.02,1.637,4.8285,0.164,1.637,8.64E+01,10.12968591
1979,276,9.491,2.387,5.939,14.974,2.387,8.64E+01,10.56884646
1979,277,11.385,5.347,8.366,5.109,5.347,8.64E+01,9.758219498
1979,278,12.669,4.469,8.569,12.709,4.469,8.64E+01,11.0428748
1979,279,11.597,2.651,7.124,37.513,2.651,8.64E+01,11.29691669
1979,280,3.24,-0.691,1.2745,2.755,-0.691,8.64E+01,7.583729219
1979,281,0.417,-2.375,-0.979,0,-2.375,8.64E+01,6.015471139
1979,282,0.927,-2.369,-0.721,0.035,-2.369,8.64E+01,6.720505199
1979,283,1.895,-3.894,-0.9995,0,-3.894,8.64E+01,9.248866884
1979,284,2.8,-6.629,-1.9145,0,-6.629,8.64E+01,11.04692249
1979,285,5.298,-3.396,0.951,0.182,-3.396,8.64E+01,10.70290243
1979,286,2.614,-0.786,0.914,2.561,-0.786,8.64E+01,6.755480424
1979,287,4.33,-2.046,1.142,4.86,-2.046,8.64E+01,9.424312961
1979,288,1.855,-2.767,-0.456,2.104,-2.767,8.64E+01,8.027596673
1979,289,2.639,-3.287,-0.324,0.157,-3.287,8.64E+01,9.014256324
1979,290,4.077,-1.751,1.163,3.254,-1.751,8.64E+01,8.891051183
1979,291,6.227,-3.692,1.2675,0,-3.692,8.64E+01,10.54262879
1979,292,8.704,-4.706,1.999,11.292,-4.706,8.64E+01,10.99626651
1979,293,14.355,7.455,10.905,1.133,7.455,8.64E+01,9.320919739
1979,294,16.982,5.902,11.442,1.635,5.902,8.64E+01,10.48098755
1979,295,14.678,4.623,9.6505,1.805,4.623,8.64E+01,10.19236644
1979,296,20.6,10.582,15.591,2.456,10.582,8.64E+01,10.08928588
1979,297,10.796,0.228,5.512,8.653,0.228,8.64E+01,10.09474564
1979,298,-0.963,-3.674,-2.3185,5.85,-3.674,8.64E+01,5.555508268
1979,299,-1.23,-3.895,-2.5625,2.976,-3.895,8.64E+01,5.47119708
1979,300,0.854,-2.829,-0.9875,0,-2.829,8.64E+01,6.654128074
1979,301,1.004,-3.153,-1.0745,0,-3.153,8.64E+01,7.068230217
1979,302,2.905,-0.916,0.9945,0.545,-0.916,8.64E+01,6.720863642
1979,303,3.303,-3.616,-0.1565,0.146,-3.616,8.64E+01,8.626361796
1979,304,6.396,-4.515,0.9405,0,-4.515,8.64E+01,9.458423194
1979,305,11.639,2.105,6.872,1.299,2.105,8.64E+01,9.165087237
1979,306,8.749,2.967,5.858,2.141,2.967,2.87E+02,7.926180559
1979,307,5.294,-0.459,2.4175,0,-0.459,1.19E+02,7.852901551
1979,308,1.57,-1.819,-0.1245,0,-1.819,1.37E+02,6.094749421
1979,309,1.338,-2.482,-0.572,3.885,-2.482,1.93E+02,6.466119905
1979,310,-0.973,-3.18,-2.0765,1.237,-3.18,2.53E+02,4.621712407
1979,311,-2.402,-9.575,-5.9885,0,-9.575,2.35E+02,8.14947796
1979,312,-0.079,-10.743,-5.411,5.959,-10.743,1.39E+02,8.688374775
1979,313,-1.499,-6.136,-3.8175,1.14,-6.136,2.48E+02,6.913715561
1979,314,-2.73,-9.419,-6.0745,5.003,-9.419,2.78E+02,7.800125593
1979,315,-6.103,-16.213,-11.158,0.648,-16.213,2.71E+02,8.377267321
1979,316,-4.014,-18.545,-11.2795,0.118,-18.545,2.93E+02,8.523778061
1979,317,-1.479,-8.711,-5.095,4.306,-8.711,2.08E+02,7.75829968
1979,318,-7.289,-20.165,-13.727,0.345,-20.165,1.07E+02,8.299329088
1979,319,-5.83,-22.81,-14.32,3.584,-22.81,1.92E+02,8.290802016
1979,320,-5.913,-16.219,-11.066,1.829,-16.219,1.33E+02,7.997609902
1979,321,-2.895,-14.065,-8.48,0.873,-14.065,1.56E+02,7.979092442
1979,322,-7.409,-18.331,-12.87,0,-18.331,1.55E+02,7.889330424
1979,323,-4.767,-19.759,-12.263,0,-19.759,1.43E+02,7.938100523
1979,324,1.608,-6.203,-2.2975,4.45,-6.203,3.22E+02,7.43258813
1979,325,-1.432,-4.685,-3.0585,0.958,-4.685,2.03E+02,5.474696206
1979,326,-0.925,-8.583,-4.754,1.622,-8.583,2.44E+02,7.289727468
1979,327,1.681,-8.304,-3.3115,11.317,-8.304,1.93E+02,7.486653329
1979,328,5.463,0.571,3.017,4.401,0.571,2.52E+02,6.412058741
1979,329,2.845,-2.306,0.2695,0,-2.306,2.63E+02,6.482839574
1979,330,4.021,-1.317,1.352,25.704,-1.317,3.01E+02,6.515215999
1979,331,3.42,0.696,2.058,2.42,0.696,3.58E+02,4.858996588
1979,332,0.339,-4.291,-1.976,4.234,-4.291,2.16E+02,6.153558493
1979,333,-4.256,-9.654,-6.955,3.501,-9.654,4.31E+02,6.425050373
1979,334,-7.091,-13.254,-10.1725,0.729,-13.254,3.32E+02,6.60991166
1979,335,-9.734,-18.707,-14.2205,0,-18.707,3.83E+02,6.982257154
1979,336,-7.792,-11.278,-9.535,0,-11.278,1.65E+02,5.398429824
1979,337,-0.789,-10.448,-5.6185,2.182,-10.448,2.58E+02,6.942960462
1979,338,-1.532,-8.127,-4.8295,1.928,-8.127,1.02E+02,6.563716791
1979,339,-1.126,-9.419,-5.2725,8.657,-9.419,3.09E+02,6.765075441
1979,340,1.48,-5.838,-2.179,1.724,-5.838,3.33E+02,6.619702004
1979,341,-2,-7.108,-4.554,2.42,-7.108,1.87E+02,6.096962439
1979,342,-6.873,-24.065,-15.469,1.385,-24.065,1.63E+02,6.885239646
1979,343,-16.004,-26.453,-21.2285,0.202,-26.453,2.89E+02,6.771111774
1979,344,-18.308,-27.645,-22.9765,1.744,-27.645,1.78E+02,6.693940212
1979,345,-8.321,-21.541,-14.931,6.243,-21.541,1.89E+02,6.778382193
1979,346,-6.586,-23.55,-15.068,1.142,-23.55,2.57E+02,6.776622532
1979,347,-19.145,-30.392,-24.7685,0.106,-30.392,1.30E+02,6.702944553
1979,348,-16.679,-24.833,-20.756,0,-24.833,1.22E+02,6.532500956
1979,349,-3.3,-22.982,-13.141,9.892,-22.982,2.67E+02,6.727404575
1979,350,-4.382,-25.927,-15.1545,2.454,-25.927,2.06E+02,6.716086231
1979,351,-23.297,-31.395,-27.346,0,-31.395,2.74E+02,6.495936138
1979,352,-23.297,-33.455,-28.376,0,-33.455,3.01E+02,6.612279187
1979,353,-21.2,-36.573,-28.8865,0,-36.573,3.14E+02,6.686722323
1979,354,-9.661,-26.8,-18.2305,0,-26.8,3.41E+02,6.690597878
1979,355,-4.267,-10.556,-7.4115,0,-10.556,2.25E+02,6.245474431
1979,356,-1.311,-6.414,-3.8625,1.724,-6.414,8.86E+01,5.953073049
1979,357,0.091,-2.056,-0.9825,0.709,-2.056,9.04E+01,4.064532512
1979,358,-0.651,-4.346,-2.4985,0,-4.346,1.86E+02,5.347652401
1979,359,-3.912,-6.169,-5.0405,0,-6.169,2.82E+02,4.19187349
1979,360,-3.929,-5.799,-4.864,0.137,-5.799,9.70E+01,3.738360366
1979,361,-5.412,-9.962,-7.687,0.405,-9.962,1.06E+02,5.79108883
1979,362,-4.89,-10.316,-7.603,0.371,-10.316,1.17E+02,6.104600586
1979,363,-4.855,-8.224,-6.5395,1.003,-8.224,2.14E+02,5.181697169
1979,364,-8.656,-16.595,-12.6255,0,-16.595,2.83E+02,6.588065439
1979,365,-11.702,-17.104,-14.403,0,-17.104,1.63E+02,6.14965417
1979,366,-11.702,-17.104,-14.403,0,-17.104,1.63E+02,6.14965417
