DJ0207XDMNXPHWR
CCXMDDM
24,1,12.0
7,0.075,0.125,0.00,0,0,0,0,0,0,0,0
1980,1,-8.612,-18.174,-13.393,0.701,-18.174,1.60E+02,6.762568855,,,
1980,2,-11.97,-19.438,-15.704,0,-19.438,1.91E+02,6.6123205,,,
1980,3,-17.859,-24.121,-20.99,0.154,-24.121,2.38E+02,6.438062287,,,
1980,4,-16.426,-26.2,-21.313,0.154,-26.2,3.58E+02,6.873906084,,,
1980,5,-17.224,-29.098,-23.161,0,-29.098,1.22E+02,6.988189601,,,
1980,6,-18.903,-30.633,-24.768,0.112,-30.633,1.81E+02,7.027247215,,,
1980,7,-6.84,-22.283,-14.5615,7.845,-22.283,1.85E+02,7.122805447,,,
1980,8,-11.57,-26.459,-19.0145,0.477,-26.459,2.16E+02,7.168107001,,,
1980,9,-20.049,-27.808,-23.9285,0.59,-27.808,1.73E+02,6.904481423,,,
1980,10,-16.997,-32.009,-24.503,0.805,-32.009,1.45E+02,7.27463722,,,
1980,11,4.362,-19.48,-7.559,25.409,-19.48,1.08E+02,7.352558659,,,
1980,12,0.455,-23.044,-11.2945,1.403,-23.044,1.08E+02,7.412552679,,,
1980,13,-7.343,-24.758,-16.0505,2.511,-24.758,2.86E+02,7.466106426
1980,14,-0.276,-16.59,-8.433,1.601,-16.59,1.40E+02,7.525139234
1980,15,-13.603,-23.783,-18.693,0,-23.783,2.46E+02,7.442209461
1980,16,-9.177,-25.292,-17.2345,0,-25.292,4.62E+02,7.659216642
1980,17,-3.487,-9.916,-6.7015,7.233,-9.916,2.31E+02,7.035182344
1980,18,0.24,-5.353,-2.5565,4.186,-5.353,1.42E+02,6.824309956
1980,19,-0.527,-12.008,-6.2675,6.353,-12.008,2.97E+02,7.778009762
1980,20,-12.377,-23.77,-18.0735,0.427,-23.77,4.20E+02,7.846782795
1980,21,-20.493,-25.966,-23.2295,0.639,-25.966,1.59E+02,6.920235602
1980,22,-13.628,-30.293,-21.9605,2.477,-30.293,2.39E+02,8.124579256
1980,23,-8.51,-20.74,-14.625,7.605,-20.74,2.50E+02,8.115812039
1980,24,-20.558,-26.956,-23.757,1.363,-26.956,2.60E+02,7.408302083
1980,25,-19.512,-25.651,-22.5815,3.408,-25.651,2.40E+02,7.380245958
1980,26,-9.976,-21.243,-15.6095,0,-21.243,1.11E+02,8.31303937
1980,27,-12.243,-17.805,-15.024,0.558,-17.805,1.23E+02,7.263164545
1980,28,-16.891,-24.388,-20.6395,0.315,-24.388,1.51E+02,7.96389577
1980,29,-21.669,-26.648,-24.1585,0.938,-26.648,2.18E+02,7.074704773
1980,30,-19.068,-27.393,-23.2305,0,-27.393,2.66E+02,8.288458846
1980,31,-21.16,-30.428,-25.794,0,-30.428,1.86E+02,8.52872131
1980,32,-17.746,-23.548,-20.647,0.203,-23.548,2.91E+02,7.649208507
1980,33,-19.279,-23.655,-21.467,0.723,-23.655,1.10E+02,6.87324208
1980,34,-15.717,-20.775,-18.246,0,-20.775,1.90E+02,7.368936282
1980,35,-16.901,-22.346,-19.6235,0.203,-22.346,2.77E+02,7.641631141
1980,36,-13.875,-21.443,-17.659,0,-21.443,2.79E+02,8.562428171
1980,37,-9.046,-24.028,-16.537,0,-24.028,1.21E+02,9.543443049
1980,38,-8.54,-24.119,-16.3295,0,-24.119,2.79E+02,9.671179807
1980,39,-8.986,-21.872,-15.429,0,-21.872,2.25E+02,9.651742235
1980,40,-10.199,-23.657,-16.928,0,-23.657,1.99E+02,9.794821117
1980,41,-6.589,-26.9,-16.7445,0,-26.9,1.87E+02,10.09905766
1980,42,-7.815,-29.717,-18.766,0,-29.717,2.31E+02,10.23143553
1980,43,-10.263,-19.082,-14.6725,0.191,-19.082,2.29E+02,9.465988277
1980,44,-9.244,-19.796,-14.52,0.518,-19.796,2.79E+02,9.907000843
1980,45,-7.963,-21.805,-14.884,0,-21.805,2.61E+02,10.36874582
1980,46,-14.086,-22.647,-18.3665,0,-22.647,2.35E+02,9.65441153
1980,47,-14.162,-26.81,-20.486,0.203,-26.81,1.76E+02,10.48868378
1980,48,-14.837,-26.064,-20.4505,0.519,-26.064,2.32E+02,10.41448585
1980,49,-5.014,-16.154,-10.584,1.149,-16.154,2.00E+02,10.50322241
1980,50,-4.57,-19.67,-12.12,3.73,-19.67,1.55E+02,11.02873204
1980,51,-1.161,-22.846,-12.0035,6.947,-22.846,1.31E+02,11.36038032
1980,52,-10.2,-32.85,-21.525,0,-32.85,3.10E+02,11.50239442
1980,53,-11.811,-35.296,-23.5535,0,-35.296,2.00E+02,11.64281242
1980,54,-7.367,-20.631,-13.999,0.574,-20.631,2.25E+02,11.33430414
1980,55,-4.584,-22.035,-13.3095,4.89,-22.035,1.69E+02,11.76540533
1980,56,-16.606,-28.411,-22.5085,0.2,-28.411,2.27E+02,11.34489587
1980,57,-19.073,-33.877,-26.475,0,-33.877,1.38E+02,11.83962899
1980,58,-14.482,-32.458,-23.47,0.372,-32.458,1.29E+02,12.16992225
1980,59,-14.949,-28.939,-21.944,0,-28.939,1.22E+02,11.99065414
1980,60,-19.08,-31.711,-25.3955,0.372,-31.711,1.29E+02,11.91420348
1980,61,-18.778,-30.042,-24.41,0,-30.042,1.27E+02,11.75335508
1980,62,-9.409,-29.289,-19.349,0,-29.289,2.33E+02,12.76619425
1980,63,-3.515,-24.329,-13.922,0.468,-24.329,3.16E+02,12.92970746
1980,64,-5.996,-23.322,-14.659,1.789,-23.322,2.30E+02,12.89545675
1980,65,-10.467,-28.098,-19.2825,2.076,-28.098,1.48E+02,13.0419667
1980,66,-9.064,-21.014,-15.039,0.268,-21.014,2.94E+02,12.41711823
1980,67,-6.689,-20.523,-13.606,0.632,-20.523,1.63E+02,12.88077516
1980,68,-1.289,-22.939,-12.114,0,-22.939,1.28E+02,13.62351403
1980,69,-4.595,-18.934,-11.7645,0,-18.934,1.18E+02,13.18275711
1980,70,-0.013,-16.861,-8.437,0.806,-16.861,2.83E+02,13.60057181
1980,71,-1.653,-19.244,-10.4485,4.316,-19.244,2.68E+02,13.78895793
1980,72,-14.51,-24.629,-19.5695,0.65,-24.629,1.85E+02,12.43812144
1980,73,-6.048,-31.254,-18.651,0,-31.254,3.58E+02,14.39152006
1980,74,-6.493,-12.232,-9.3625,10.707,-12.232,2.20E+02,9.897440267
1980,75,-8.068,-23.359,-15.7135,0.326,-23.359,3.22E+02,14.00044262
1980,76,-7.032,-26.573,-16.8025,0,-26.573,1.79E+02,14.55853163
1980,77,-0.851,-9.983,-5.417,13.311,-9.983,1.62E+02,12.40290121
1980,78,-1.343,-16.101,-8.722,4.766,-16.101,1.58E+02,14.24258265
1980,79,-7.453,-20.5,-13.9765,0,-20.5,1.42E+02,13.98287689
1980,80,1.875,-10.967,-4.546,0,-10.967,3.03E+02,14.02641612
1980,81,5.866,-1.904,1.981,0.045,-1.904,3.27E+02,11.86608912
1980,82,8.969,-3.108,2.9305,0,-3.108,3.25E+02,13.98799648
1980,83,7.976,-7.54,0.218,0,-7.54,1.76E+02,14.90791355
1980,84,6.908,-1.487,2.7105,0,-1.487,2.63E+02,12.45362485
1980,85,4.205,-1.323,1.441,0,-1.323,2.28E+02,10.12340603
1980,86,5.077,-2.83,1.1235,0,-2.83,2.34E+02,12.24231861
1980,87,6.551,-4.033,1.259,0,-4.033,2.77E+02,13.82588089
1980,88,2.748,-2.952,-0.102,0.408,-2.952,2.19E+02,10.41039969
1980,89,1.112,-8.841,-3.8645,0,-8.841,3.49E+02,13.66268023
1980,90,4.297,-12.962,-4.3325,0,-12.962,1.75E+02,15.92422207
1980,91,6.54,-11.446,-2.453,0,-11.446,2.78E+02,16.13408891
1980,92,8.15,-8.484,-0.167,0,-8.484,2.57E+02,16.02281703
1980,93,-1.243,-6.583,-3.913,0,-6.583,1.55E+02,10.16858032
1980,94,4.401,-8.532,-2.0655,0,-8.532,1.23E+02,15.27933837
1980,95,5.25,-8.146,-1.448,0.406,-8.146,4.34E+02,15.510863
1980,96,6.134,-13.842,-3.854,0.31,-13.842,5.46E+02,16.90312192
1980,97,-4.854,-17.748,-11.301,0,-17.748,4.32E+02,15.4980477
1980,98,8.312,-9.313,-0.5005,0.668,-9.313,2.54E+02,16.7719471
1980,99,5.072,-1.058,2.007,6.526,-1.058,2.16E+02,11.22847496
1980,100,4.47,-1.503,1.4835,7.943,-1.503,2.38E+02,11.08854273
1980,101,4.852,2.419,3.6355,3.075,2.419,2.38E+02,5.858304141
1980,102,4.559,0.191,2.375,4.869,0.191,2.58E+02,9.113126152
1980,103,5.424,0.169,2.7965,0.315,0.169,1.28E+02,10.32260474
1980,104,4.4,-0.825,1.7875,4.176,-0.825,2.05E+02,10.30726433
1980,105,7.191,-1.295,2.948,5.81,-1.295,2.06E+02,13.58826346
1980,106,4.703,-7.969,-1.633,14.632,-7.969,2.12E+02,16.03596642
1980,107,-4.526,-14.136,-9.331,0.131,-14.136,2.30E+02,14.4785634
1980,108,2.414,-17.398,-7.492,2.126,-17.398,2.75E+02,18.01337719
1980,109,0.015,-9.284,-4.6345,0,-9.284,1.69E+02,14.35574443
1980,110,9.913,-11.915,-1.001,0.278,-11.915,3.67E+02,18.44376379
1980,111,9.586,-6.297,1.6445,1.168,-6.297,3.70E+02,17.44921418
1980,112,1.82,-8.216,-3.198,0,-8.216,3.41E+02,14.98179266
1980,113,10.68,-6.808,1.936,0,-6.808,3.31E+02,17.98355654
1980,114,9.484,0.501,4.9925,3.099,0.501,1.66E+02,14.32242388
1980,115,8.601,3.053,5.827,3.082,3.053,4.05E+02,10.94000308
1980,116,10.734,3.579,7.1565,0,3.579,2.09E+02,12.77829299
1980,117,11.283,3.613,7.448,0,3.613,2.71E+02,13.30563364
1980,118,14.436,1.226,7.831,0,1.226,2.48E+02,16.94562395
1980,119,17.267,-0.2,8.5335,0,-0.2,2.42E+02,18.38067113
1980,120,20.697,-0.208,10.2445,0,-0.208,3.43E+02,19.09870968
1980,121,23.684,5.786,14.735,0,5.786,1.69E+02,18.60464608
1980,122,23.683,6.386,15.0345,0,6.386,1.29E+02,18.51997101
1980,123,24.953,5.953,15.453,0,5.953,1.90E+02,18.9620829
1980,124,13.43,-0.402,6.514,0,-0.402,2.57E+02,17.4967083
1980,125,3.118,-3.323,-0.1025,0,-3.323,1.56E+02,12.20253939
1980,126,10.491,-3.109,3.691,0,-3.109,1.92E+02,17.48711242
1980,127,11.576,-0.646,5.465,9.165,-0.646,2.36E+02,16.86976966
1980,128,9.26,1.283,5.2715,1.787,1.283,3.99E+02,13.86823212
1980,129,8.912,0.365,4.6385,6.196,0.365,2.57E+02,14.40934711
1980,130,9.398,2.743,6.0705,2.478,2.743,3.00E+02,12.53262404
1980,131,10.164,2.849,6.5065,0.731,2.849,2.36E+02,13.2698146
1980,132,14.27,3.93,9.1,7.058,3.93,3.05E+02,15.88737593
1980,133,11.588,-0.059,5.7645,0.36,-0.059,1.49E+02,16.75123002
1980,134,11.382,-0.58,5.401,0.208,-0.58,2.64E+02,16.96217473
1980,135,11.839,1.066,6.4525,3.653,1.066,1.77E+02,16.26054099
1980,136,14.109,-1.563,6.273,0.17,-1.563,2.73E+02,18.68884052
1980,137,12.943,-0.429,6.257,0,-0.429,1.72E+02,17.78298191
1980,138,21.686,-0.507,10.5895,0,-0.507,2.17E+02,20.30174524
1980,139,19.135,5.996,12.5655,0.254,5.996,2.62E+02,17.72804118
1980,140,13.856,2.518,8.187,0,2.518,2.27E+02,16.74711802
1980,141,22.236,3.273,12.7545,0,3.273,2.50E+02,19.81206148
1980,142,27.759,9.652,18.7055,8.137,9.652,3.22E+02,19.63491065
1980,143,15.28,4.708,9.994,0,4.708,1.83E+02,16.30016774
1980,144,17.932,3.316,10.624,0,3.316,2.26E+02,18.5315461
1980,145,20.412,4.756,12.584,0,4.756,2.15E+02,18.96252528
1980,146,13.065,3.316,8.1905,0,3.316,2.26E+02,15.73809672
1980,147,13.005,2.27,7.6375,0,2.27,2.94E+02,16.48403535
1980,148,11.979,1.07,6.5245,0,1.07,1.86E+02,16.61973193
1980,149,12.7,1.859,7.2795,0,1.859,2.89E+02,16.58847651
1980,150,19.394,1.246,10.32,0,1.246,3.26E+02,19.8713275
1980,151,25.325,6.396,15.8605,0.014,6.396,2.43E+02,20.09540116
1980,152,24.152,7.25,15.701,8.978,7.25,1.50E+02,19.54904148
1980,153,17.484,4.438,10.961,0.274,4.438,2.54E+02,17.97618726
1980,154,19.553,5.757,12.655,1.245,5.757,2.07E+02,18.3655866
1980,155,15.673,9.141,12.407,0.202,9.141,2.19E+02,12.64858348
1980,156,16.929,6.293,11.611,0,6.293,2.31E+02,16.53048597
1980,157,19.813,2.614,11.2135,0,2.614,1.80E+02,19.72949902
1980,158,24.321,7.027,15.674,0,7.027,3.07E+02,19.77321038
1980,159,20.954,12.637,16.7955,3.332,12.637,2.65E+02,14.61297577
1980,160,14.534,-2.729,5.9025,11.356,-2.729,2.47E+02,19.78914465
1980,161,1.051,-4.363,-1.656,1.612,-4.363,3.62E+02,11.20526482
1980,162,2.87,-3.454,-0.292,5.868,-3.454,3.33E+02,12.42062568
1980,163,6.233,-1.523,2.355,0.321,-1.523,3.08E+02,14.06649185
1980,164,15.537,-1.479,7.029,0.027,-1.479,1.41E+02,19.74924022
1980,165,19.598,11.432,15.515,5.661,11.432,2.77E+02,14.4904007
1980,166,14.471,4.75,9.6105,4.658,4.75,2.48E+02,15.8929859
1980,167,12.051,3.354,7.7025,0,3.354,2.60E+02,15.00502808
1980,168,15.72,4.158,9.939,0,4.158,1.78E+02,17.23431677
1980,169,16.753,2.023,9.388,11.713,2.023,1.39E+02,18.91735451
1980,170,13.178,3.588,8.383,1.144,3.588,1.31E+02,15.79278306
1980,171,18.908,2.833,10.8705,0.367,2.833,3.59E+02,19.45328452
1980,172,16.053,7.795,11.924,0.473,7.795,2.63E+02,14.59009911
1980,173,23.326,6.489,14.9075,0,6.489,1.85E+02,19.71631941
1980,174,25.873,12.346,19.1095,0,12.346,9.72E+01,18.35615141
1980,175,27.182,10.438,18.81,3.204,10.438,1.68E+02,19.68001245
1980,176,24.614,14.059,19.3365,1.082,14.059,1.93E+02,16.53872786
1980,177,30.1,12.84,21.47,23.83,12.84,3.23E+02,19.83731602
1980,178,19.786,10.448,15.117,0.355,10.448,3.00E+02,15.56907817
1980,179,12.839,3.626,8.2325,2.377,3.626,2.77E+02,15.45768159
1980,180,17.811,4.152,10.9815,0,4.152,2.19E+02,18.39358488
1980,181,21.393,5.428,13.4105,0,5.428,1.38E+02,19.36785018
1980,182,24.61,8.909,16.7595,0,8.909,1.34E+02,19.25975091
1980,183,22.884,8.133,15.5085,14.248,8.133,2.11E+02,18.86756356
1980,184,19.565,5.277,12.421,0,5.277,1.80E+02,18.65360233
1980,185,22.171,8.463,15.317,7.632,8.463,1.42E+02,18.37077289
1980,186,17.667,4.757,11.212,0.486,4.757,2.31E+02,17.95192948
1980,187,12.444,7.751,10.0975,19.359,7.751,3.10E+02,10.1236928
1980,188,15.566,5.526,10.546,0,5.526,1.94E+02,16.07323947
1980,189,20.959,5.744,13.3515,0.588,5.744,1.22E+02,18.97754122
1980,190,18.573,8.864,13.7185,3.684,8.864,1.43E+02,15.79172559
1980,191,20.494,7.541,14.0175,0,7.541,1.78E+02,17.90618526
1980,192,22.482,10.845,16.6635,9.58,10.845,1.39E+02,17.13476838
1980,193,13.788,6.065,9.9265,23.085,6.065,1.29E+02,13.94665976
1980,194,17.951,5.697,11.824,5.192,5.697,1.89E+02,17.47165356
1980,195,23.091,9.59,16.3405,0.103,9.59,8.64E+01,18.1121777
1980,196,21.71,13.897,17.8035,4.423,13.897,1.05E+02,14.00847296
1980,197,20.651,11.503,16.077,9.731,11.503,1.25E+02,15.24011061
1980,198,22.189,7.936,15.0625,0,7.936,1.07E+02,18.39267614
1980,199,22.558,8.933,15.7455,0,8.933,2.57E+02,18.08321233
1980,200,24.233,8.342,16.2875,0.048,8.342,1.13E+02,18.98167038
1980,201,19.204,12.766,15.985,9.881,12.766,1.85E+02,12.42992325
1980,202,25.189,12.191,18.69,0,12.191,2.08E+02,17.7015668
1980,203,23.265,12.652,17.9585,0,12.652,1.91E+02,16.26130102
1980,204,24.723,10.935,17.829,0,10.935,2.56E+02,18.02513275
1980,205,23.727,11.178,17.4525,0,11.178,3.28E+02,17.38852556
1980,206,26.834,10.023,18.4285,0.028,10.023,1.85E+02,19.08208489
1980,207,20.799,9.41,15.1045,4.353,9.41,2.57E+02,16.67141194
1980,208,20.525,5.95,13.2375,0,5.95,1.31E+02,18.23119367
1980,209,25.054,7.962,16.508,0,7.962,1.49E+02,19.04552312
1980,210,22.697,15.024,18.8605,7.735,15.024,1.64E+02,13.66560012
1980,211,22.106,15.187,18.6465,22.083,15.187,2.29E+02,12.8557203
1980,212,23.174,13.701,18.4375,6.653,13.701,2.73E+02,15.21479171
1980,213,24.834,12.935,18.8845,0.932,12.935,2.03E+02,16.7899304
1980,214,24.745,15.159,19.952,0.427,15.159,2.53E+02,15.2495814
1980,215,25.134,14.082,19.608,2.762,14.082,2.18E+02,16.22619082
1980,216,23.853,13.069,18.461,5.246,13.069,2.40E+02,16.02503118
1980,217,20.57,11.116,15.843,3.667,11.116,9.38E+01,15.06531824
1980,218,26.962,10.04,18.501,1.006,10.04,1.92E+02,18.57165147
1980,219,26.811,17.171,21.991,0.983,17.171,2.00E+02,15.14454309
1980,220,24.722,13.255,18.9885,0,13.255,1.79E+02,16.29289821
1980,221,22.465,11.641,17.053,12.511,11.641,1.74E+02,15.8742774
1980,222,16.174,9.101,12.6375,8.448,9.101,1.72E+02,12.80899035
1980,223,21.494,10.538,16.016,1.036,10.538,1.38E+02,15.87673224
1980,224,21.63,10.503,16.0665,1.149,10.503,1.99E+02,15.93639733
1980,225,13.922,9.101,11.5115,9.818,9.101,2.06E+02,10.00902543
1980,226,20.637,8.259,14.448,0.154,8.259,1.59E+02,16.50473446
1980,227,16.897,10.308,13.6025,36.292,10.308,2.35E+02,12.17845799
1980,228,14.268,11.743,13.0055,32.248,11.743,2.18E+02,6.121604183
1980,229,20.876,9.963,15.4195,0,9.963,2.45E+02,15.5935179
1980,230,22.361,8.404,15.3825,0,8.404,2.30E+02,16.95045737
1980,231,24.677,10.866,17.7715,0,10.866,2.58E+02,16.83641025
1980,232,21.842,14.383,18.1125,0,14.383,3.44E+02,12.92260361
1980,233,23.618,13.625,18.6215,0,13.625,3.00E+02,14.85286793
1980,234,23.77,11.865,17.8175,0,11.865,2.47E+02,15.85904196
1980,235,25.905,12.366,19.1355,0,12.366,2.38E+02,16.48542845
1980,236,25.606,13.631,19.6185,0,13.631,3.22E+02,15.77705349
1980,237,25.628,11.529,18.5785,2.895,11.529,1.69E+02,16.5473345
1980,238,20.004,15.179,17.5915,5.152,15.179,2.52E+02,9.799724072
1980,239,22.455,12.264,17.3595,0.126,12.264,2.79E+02,14.67936565
1980,240,16.734,8.734,12.734,0,8.734,2.61E+02,13.11032998
1980,241,18.246,6.442,12.344,0,6.442,2.46E+02,15.39299376
1980,242,21.003,4.903,12.953,0,4.903,1.63E+02,16.71626176
1980,243,24.536,8.674,16.605,1.005,8.674,1.35E+02,16.57716746
1980,244,20.525,10.67,15.5975,0,10.67,1.87E+02,14.20996842
1980,245,21.676,8.421,15.0485,0.645,8.421,3.23E+02,15.68135143
1980,246,19.417,11.564,15.4905,8.926,11.564,1.37E+02,12.73637735
1980,247,14.104,5.491,9.7975,0,5.491,1.48E+02,13.25429387
1980,248,20.096,1.845,10.9705,0.551,1.845,1.49E+02,16.5577343
1980,249,22.38,9.993,16.1865,3.365,9.993,2.53E+02,15.06964342
1980,250,15.419,7.141,11.28,0.064,7.141,2.47E+02,12.8651264
1980,251,14.151,4.766,9.4585,0,4.766,3.50E+02,13.52710894
1980,252,12.002,3.591,7.7965,0,3.591,2.41E+02,12.85275827
1980,253,11.977,3.101,7.539,16.561,3.101,1.40E+02,13.10037347
1980,254,10.527,2.682,6.6045,0.316,2.682,2.17E+02,12.34580182
1980,255,9.589,2.872,6.2305,1.928,2.872,2.65E+02,11.38714094
1980,256,10.589,4.069,7.329,0.328,4.069,3.17E+02,11.16789503
1980,257,13.008,4.849,8.9285,0,4.849,1.80E+02,12.40484048
1980,258,14.513,2.926,8.7195,0,2.926,3.05E+02,14.06080486
1980,259,12.301,1.191,6.746,0,1.191,3.46E+02,13.79982195
1980,260,16,4.828,10.414,3.045,4.828,2.74E+02,13.74254755
1980,261,12.086,-0.23,5.928,27.293,-0.23,3.15E+02,14.04481088
1980,262,8.648,-1.005,3.8215,0.056,-1.005,2.49E+02,12.93748482
1980,263,10.206,2.398,6.302,2.942,2.398,2.15E+02,11.82214226
1980,264,12.978,2.78,7.879,21.362,2.78,1.35E+02,13.03105537
1980,265,7.401,2.022,4.7115,4.553,2.022,1.59E+02,9.704530641
1980,266,10.139,5.505,7.822,3.432,5.505,2.45E+02,8.852680239
1980,267,8.998,-1.166,3.916,3.464,-1.166,1.53E+02,12.77553259
1980,268,8.064,-4.457,1.8035,0.147,-4.457,2.40E+02,13.44154415
1980,269,9.837,2.012,5.9245,3.155,2.012,3.46E+02,11.46290566
1980,270,6.278,-0.966,2.656,12.442,-0.966,2.44E+02,11.0279331
1980,271,0.727,-3.945,-1.609,1.494,-3.945,1.94E+02,8.731572188
1980,272,-0.55,-5.087,-2.8185,1.401,-5.087,1.58E+02,8.546004397
1980,273,5.298,-6.366,-0.534,12.535,-6.366,2.29E+02,12.73102353
1980,274,4.374,-3.634,0.37,0.294,-3.634,1.31E+02,11.23301441
1980,275,12.722,-1.995,5.3635,18.894,-1.995,8.64E+01,13.10486974
1980,276,10.328,0.681,5.5045,12.523,0.681,8.64E+01,11.82084093
1980,277,2.687,-1.956,0.3655,0.055,-1.956,8.64E+01,8.485235849
1980,278,6.469,-2.384,2.0425,0,-2.384,8.64E+01,11.33940928
1980,279,5.565,-2.226,1.6695,0,-2.226,8.64E+01,10.76384513
1980,280,8.548,3.202,5.875,0.901,3.202,8.64E+01,9.036634743
1980,281,7.628,3.873,5.7505,1.105,3.873,8.64E+01,7.340282599
1980,282,7.202,0.213,3.7075,11.939,0.213,8.64E+01,10.11365248
1980,283,0.634,-1.935,-0.6505,1.442,-1.935,8.64E+01,5.632597038
1980,284,1.986,-2.903,-0.4585,0.124,-2.903,8.64E+01,8.44615919
1980,285,2.593,-0.052,1.2705,4.323,-0.052,8.64E+01,5.716940558
1980,286,2.788,-0.269,1.2595,6.444,-0.269,8.64E+01,6.298952736
1980,287,1.477,-2.485,-0.504,2.388,-2.485,8.64E+01,7.394041868
1980,288,-1.941,-4.046,-2.9935,0.314,-4.046,8.64E+01,4.791698341
1980,289,-1.326,-4.971,-3.1485,0.148,-4.971,8.64E+01,6.969154103
1980,290,5.306,-6.732,-0.713,0.023,-6.732,8.64E+01,11.04911303
1980,291,10.622,-2.775,3.9235,23.089,-2.775,8.64E+01,11.10806679
1980,292,10.639,1.083,5.861,2.992,1.083,8.64E+01,10.35875062
1980,293,1.909,-3.674,-0.8825,1.554,-3.674,8.64E+01,8.556431964
1980,294,-1.526,-5.493,-3.5095,0.633,-5.493,8.64E+01,7.154546075
1980,295,0.344,-6.727,-3.1915,0,-6.727,8.64E+01,9.259960026
1980,296,0.745,-8.241,-3.748,0,-8.241,8.64E+01,9.848876731
1980,297,4.083,-3.574,0.2545,0,-3.574,8.64E+01,9.349238935
1980,298,6.987,-5.379,0.804,0,-5.379,8.64E+01,10.23143666
1980,299,7.281,-0.771,3.255,6.936,-0.771,8.64E+01,9.325390621
1980,300,1.217,-4.555,-1.669,22.509,-4.555,8.64E+01,8.274768257
1980,301,-4.552,-9.432,-6.992,1.101,-9.432,8.64E+01,7.646465411
1980,302,-3.541,-8.623,-6.082,2.771,-8.623,8.64E+01,7.736907506
1980,303,0.958,-4.705,-1.8735,1.335,-4.705,8.64E+01,8.038037392
1980,304,0.55,-5.638,-2.544,1.889,-5.638,8.64E+01,8.246501156
1980,305,2.524,-2.362,0.081,2.597,-2.362,8.64E+01,7.454648241
1980,306,0.242,-5.53,-2.644,1.805,-5.53,2.87E+02,7.921100771
1980,307,-4.764,-11.601,-8.1825,0.507,-11.601,1.19E+02,8.316830368
1980,308,0.909,-13.346,-6.2185,3.005,-13.346,1.37E+02,9.295831882
1980,309,3.698,-1.44,1.129,15.609,-1.44,1.93E+02,7.410912019
1980,310,-1.302,-9.521,-5.4115,3.192,-9.521,2.53E+02,8.490510427
1980,311,-8.232,-16.776,-12.504,0.821,-16.776,2.35E+02,8.478811952
1980,312,-6.918,-20.975,-13.9465,0.672,-20.975,1.39E+02,8.88785595
1980,313,-7.019,-20.475,-13.747,0,-20.475,2.48E+02,8.770750248
1980,314,-5.044,-9.937,-7.4905,7.292,-9.937,2.78E+02,7.02157805
1980,315,-3.554,-6.792,-5.173,2.265,-6.792,2.71E+02,5.735491609
1980,316,-4.471,-7.389,-5.93,2.225,-7.389,2.93E+02,5.382218002
1980,317,-3.592,-7.98,-5.786,1.34,-7.98,2.08E+02,6.582327588
1980,318,-4.629,-8.716,-6.6725,1.938,-8.716,1.07E+02,6.340983743
1980,319,-3.265,-6.937,-5.101,1.479,-6.937,1.92E+02,5.995648193
1980,320,-5.221,-11.743,-8.482,0.802,-11.743,1.33E+02,7.382610451
1980,321,-6.605,-12.723,-9.664,0.366,-12.723,1.56E+02,7.201798231
1980,322,-5.821,-14.409,-10.115,1.331,-14.409,1.55E+02,7.676125998
1980,323,-7.795,-17.238,-12.5165,0.511,-17.238,1.43E+02,7.705712825
1980,324,-5.751,-18.597,-12.174,1.216,-18.597,3.22E+02,7.820115301
1980,325,-0.164,-7.157,-3.6605,2.709,-7.157,2.03E+02,7.218597135
1980,326,0.68,-4.152,-1.736,0.482,-4.152,2.44E+02,6.461884482
1980,327,-0.673,-6.19,-3.4315,0,-6.19,1.93E+02,6.703326801
1980,328,3.534,-5.222,-0.844,0.027,-5.222,2.52E+02,7.321390737
1980,329,0.907,-8.166,-3.6295,2.36,-8.166,2.63E+02,7.295040827
1980,330,-8.16,-16.752,-12.456,0,-16.752,3.01E+02,7.192970016
1980,331,-10.956,-22.124,-16.54,0,-22.124,3.58E+02,7.308110185
1980,332,-7.827,-24.829,-16.328,0,-24.829,2.16E+02,7.338370798
1980,333,-4.472,-9.292,-6.882,8.324,-9.292,4.31E+02,6.205918039
1980,334,-1.733,-7.653,-4.693,4.043,-7.653,3.32E+02,6.54724256
1980,335,-3.126,-8.107,-5.6165,2.146,-8.107,3.83E+02,6.208883353
1980,336,-2.3,-7.153,-4.7265,1.458,-7.153,1.65E+02,6.129254093
1980,337,-6.835,-16.412,-11.6235,2.602,-16.412,2.58E+02,6.938169656
1980,338,-15.355,-23.033,-19.194,0.887,-23.033,1.02E+02,6.732898421
1980,339,-16.341,-24.908,-20.6245,0,-24.908,3.09E+02,6.789774262
1980,340,-13.689,-24.21,-18.9495,0,-24.21,3.33E+02,6.868421864
1980,341,-6.934,-20.105,-13.5195,0,-20.105,1.87E+02,6.894144648
1980,342,-4.346,-9.737,-7.0415,1.685,-9.737,1.63E+02,6.165540284
1980,343,-3.637,-9.444,-6.5405,7.485,-9.444,2.89E+02,6.258106868
1980,344,-9.817,-19.864,-14.8405,1.023,-19.864,1.78E+02,6.728851661
1980,345,-14.154,-30.713,-22.4335,0.192,-30.713,1.89E+02,6.798570482
1980,346,-25.333,-32.475,-28.904,0,-32.475,2.57E+02,6.451215823
1980,347,-19.439,-35.313,-27.376,1.312,-35.313,1.30E+02,6.753198577
1980,348,-19.204,-28.094,-23.649,0.939,-28.094,1.22E+02,6.588674498
1980,349,-21.596,-32.411,-27.0035,0.725,-32.411,2.67E+02,6.660520665
1980,350,-25.375,-36.353,-30.864,0,-36.353,2.06E+02,6.653457972
1980,351,-24.351,-36.578,-30.4645,0,-36.578,2.74E+02,6.670127184
1980,352,-17.025,-37.576,-27.3005,2.112,-37.576,3.01E+02,6.699447162
1980,353,-14.47,-25.877,-20.1735,3.116,-25.877,3.14E+02,6.644536161
1980,354,-21.51,-28.186,-24.848,0.373,-28.186,3.41E+02,6.312560733
1980,355,-24.384,-30.4,-27.392,0.373,-30.4,2.25E+02,6.190114386
1980,356,-26.29,-32.188,-29.239,0,-32.188,8.86E+01,6.167152251
1980,357,-14.024,-30.262,-22.143,1.311,-30.262,9.04E+01,6.700997581
1980,358,-8.15,-15.986,-12.068,9.164,-15.986,1.86E+02,6.479944826
1980,359,-12.299,-37.438,-24.8685,0.887,-37.438,2.82E+02,6.729908934
1980,360,-30.504,-40.186,-35.345,0,-40.186,9.70E+01,6.633629244
1980,361,-21.417,-37.221,-29.319,0.373,-37.221,1.06E+02,6.754316071
1980,362,-19.906,-35.322,-27.614,0,-35.322,1.17E+02,6.773163859
1980,363,-2.783,-22.554,-12.6685,9.805,-22.554,2.14E+02,6.805345691
1980,364,-11.082,-20.907,-15.9945,0,-20.907,2.83E+02,6.720843123
1980,365,-19.722,-28.965,-24.3435,0,-28.965,1.63E+02,6.716106639
1980,366,-18.867,-31.479,-25.173,0,-31.479,2.63E+02,6.855841274
