DJ0207XDMNXPHWR
CCXMDDM
24,1,12.0
7,0.075,0.125,0.00,0,0,0,0,0,0,0,0
1981,1,-15.668,-31.321,-23.4945,0.027,-31.321,1.60E+02,6.882563243,,,
1981,2,-17.9,-35.3,-26.6,1.91,-35.3,1.91E+02,6.922021056,,,
1981,3,-33.337,-39.9,-36.6185,1.091,-39.9,2.38E+02,6.498799842,,,
1981,4,-12.267,-35.656,-23.9615,2.284,-35.656,3.58E+02,7.003308352,,,
1981,5,-15.842,-24.5,-20.171,0.189,-24.5,1.22E+02,6.836535171,,,
1981,6,-11.607,-26.232,-18.9195,2.598,-26.232,1.81E+02,7.070588507,,,
1981,7,-10.453,-20.994,-15.7235,4.123,-20.994,1.85E+02,7.032652809,,,
1981,8,-20.964,-27.428,-24.196,0.703,-27.428,2.16E+02,6.644462781,,,
1981,9,-17.771,-28.614,-23.1925,0.677,-28.614,1.73E+02,7.139655918,,,
1981,10,-21.76,-30.262,-26.011,0.969,-30.262,1.45E+02,7.035842557,,,
1981,11,-23.746,-31.883,-27.8145,2.22,-31.883,1.08E+02,7.04398506,,,
1981,12,-22.807,-30.554,-26.6805,0.801,-30.554,1.08E+02,7.042139002,,,
1981,13,-18.886,-32.528,-25.707,0,-32.528,2.86E+02,7.434628878
1981,14,-16,-30.831,-23.4155,0,-30.831,1.40E+02,7.513198195
1981,15,-15.455,-22.997,-19.226,0,-22.997,2.46E+02,7.164718779
1981,16,-14.503,-27.15,-20.8265,0,-27.15,4.62E+02,7.608546325
1981,17,-15.293,-25.309,-20.301,0.817,-25.309,2.31E+02,7.558043928
1981,18,-7.132,-16.502,-11.817,2.298,-16.502,1.42E+02,7.570920072
1981,19,-10.478,-19.801,-15.1395,0.553,-19.801,2.97E+02,7.632330155
1981,20,-17.225,-25.914,-21.5695,0,-25.914,4.20E+02,7.62850871
1981,21,-11.221,-30.22,-20.7205,5.821,-30.22,1.59E+02,8.054831093
1981,22,-5.407,-13.604,-9.5055,1.853,-13.604,2.39E+02,7.691613409
1981,23,-7.867,-13.025,-10.446,0.738,-13.025,2.50E+02,6.878475004
1981,24,-11.185,-16.037,-13.611,0.698,-16.037,2.60E+02,6.771711946
1981,25,-6.71,-16.818,-11.764,3.283,-16.818,2.40E+02,8.142450736
1981,26,0.563,-13.571,-6.504,8.657,-13.571,1.11E+02,8.432324667
1981,27,-14.923,-23.985,-19.454,0.703,-23.985,1.23E+02,8.179698538
1981,28,-14.907,-24.664,-19.7855,0.639,-24.664,1.51E+02,8.346766778
1981,29,-14.22,-22.522,-18.371,0,-22.522,2.18E+02,8.208238769
1981,30,-15.421,-27.806,-21.6135,0,-27.806,2.66E+02,8.731273874
1981,31,-6.756,-22.84,-14.798,0,-22.84,1.86E+02,8.946954539
1981,32,-3.399,-13.539,-8.469,6.981,-13.539,2.91E+02,8.729288288
1981,33,-2.037,-25.202,-13.6195,6.525,-25.202,1.10E+02,9.207762624
1981,34,-25.538,-34.045,-29.7915,0.178,-34.045,1.90E+02,8.639130305
1981,35,-22.727,-40.151,-31.439,0.226,-40.151,2.77E+02,9.384674021
1981,36,-16.37,-37.435,-26.9025,0.448,-37.435,2.79E+02,9.528542323
1981,37,-10.167,-18.284,-14.2255,2.143,-18.284,1.21E+02,8.789702431
1981,38,-10.099,-17.683,-13.891,1.602,-17.683,2.79E+02,8.718167411
1981,39,-2.706,-13.649,-8.1775,3.138,-13.649,2.25E+02,9.472635659
1981,40,-10.187,-23.232,-16.7095,0.375,-23.232,1.99E+02,9.767954264
1981,41,-6.376,-22.18,-14.278,7.289,-22.18,1.87E+02,10.01304125
1981,42,4.549,-21.855,-8.653,14.681,-21.855,2.31E+02,10.2486464
1981,43,-23.712,-29.932,-26.822,0.704,-29.932,2.29E+02,8.523358815
1981,44,-13.037,-31.154,-22.0955,0.639,-31.154,2.79E+02,10.42522049
1981,45,-11.625,-30.151,-20.888,0.361,-30.151,2.61E+02,10.55435853
1981,46,-0.485,-27.362,-13.9235,0.704,-27.362,2.35E+02,10.74853721
1981,47,4.367,-1.342,1.5125,3.04,-1.342,1.76E+02,8.476672801
1981,48,4.581,0.803,2.692,1.826,0.803,2.32E+02,6.92723586
1981,49,3.312,1.255,2.2835,1.707,1.255,2.00E+02,4.632755928
1981,50,7.533,1.647,4.59,0.189,1.647,1.55E+02,8.762829216
1981,51,5.238,1.559,3.3985,12.398,1.559,1.31E+02,6.918202776
1981,52,3.324,0.036,1.68,15.557,0.036,3.10E+02,6.482918854
1981,53,2.997,-1.603,0.697,0,-1.603,2.00E+02,7.928154515
1981,54,6.59,1.263,3.9265,0.226,1.263,2.25E+02,8.588487801
1981,55,4.421,0.833,2.627,7.313,0.833,1.69E+02,6.935694315
1981,56,1.983,0.099,1.041,0,0.099,2.27E+02,4.412821879
1981,57,-0.448,-9.982,-5.215,0.758,-9.982,1.38E+02,10.91314372
1981,58,-2.05,-12.062,-7.056,0,-12.062,1.29E+02,11.14467382
1981,59,-0.588,-12.019,-6.3035,4.917,-12.019,1.22E+02,11.58630462
1981,60,-4.509,-10.529,-7.519,2.565,-10.529,1.29E+02,9.427857176
1981,61,-6.239,-17.976,-12.1075,0,-17.976,1.27E+02,11.8560321
1981,62,-11.767,-22.84,-17.3035,0.029,-22.84,2.33E+02,11.80805728
1981,63,-8.5,-26.227,-17.3635,0,-26.227,3.16E+02,12.79463045
1981,64,-1.891,-19.046,-10.4685,2.572,-19.046,2.30E+02,12.88362465
1981,65,2.408,-2.713,-0.1525,0.811,-2.713,1.48E+02,8.928382362
1981,66,2.132,-4.924,-1.396,0.027,-4.924,2.94E+02,10.485192
1981,67,-1.225,-4.496,-2.8605,0.191,-4.496,1.63E+02,6.827587985
1981,68,-2.808,-6.13,-4.469,0.973,-6.13,1.28E+02,6.92233583
1981,69,-2.545,-7.673,-5.109,0.164,-7.673,1.18E+02,9.102915162
1981,70,-1.941,-7.501,-4.721,0.488,-7.501,2.83E+02,9.555371165
1981,71,-2.407,-8.204,-5.3055,1.444,-8.204,2.68E+02,9.813378511
1981,72,-4.619,-18.988,-11.8035,1.458,-18.988,1.85E+02,13.52256441
1981,73,-13.072,-25.813,-19.4425,0,-25.813,3.58E+02,13.31148087
1981,74,-9.133,-29.271,-19.202,0,-29.271,2.20E+02,14.34287733
1981,75,-13.814,-27.102,-20.458,0,-27.102,3.22E+02,13.63814596
1981,76,-10.296,-26.425,-18.3605,1.437,-26.425,1.79E+02,14.23052873
1981,77,-6.12,-14.41,-10.265,7.196,-14.41,1.62E+02,11.94728702
1981,78,4.21,-8.6,-2.195,0.345,-8.6,1.58E+02,13.82503313
1981,79,4.146,-1.948,1.099,0,-1.948,1.42E+02,10.44320594
1981,80,2.856,-4.142,-0.643,0,-4.142,3.03E+02,11.24995547
1981,81,5.337,-2.619,1.359,0,-2.619,3.27E+02,11.99063656
1981,82,5.85,-7.85,-1,0,-7.85,3.25E+02,14.43469991
1981,83,3.19,-5.835,-1.3225,0,-5.835,1.76E+02,12.76457757
1981,84,6.293,-10.905,-2.306,0,-10.905,2.63E+02,15.27411928
1981,85,6.916,-7.45,-0.267,0,-7.45,2.28E+02,14.88151948
1981,86,-0.017,-11.191,-5.604,0,-11.191,2.34E+02,13.99990044
1981,87,7.583,-6.228,0.6775,4.707,-6.228,2.77E+02,14.93789906
1981,88,4.108,-1.063,1.5225,2.426,-1.063,2.19E+02,9.824691246
1981,89,1.546,-1.129,0.2085,4.532,-1.129,3.49E+02,6.209099852
1981,90,7.431,-5.182,1.1245,0,-5.182,1.75E+02,14.8480515
1981,91,4.998,-3.01,0.994,7.874,-3.01,2.78E+02,12.57889164
1981,92,2.848,-4.707,-0.9295,1.084,-4.707,2.57E+02,12.28102084
1981,93,9.9,-5.216,2.342,4.767,-5.216,1.55E+02,15.80856735
1981,94,3.289,-1.07,1.1095,21.715,-1.07,1.23E+02,8.946885459
1981,95,7.407,-4.41,1.4985,8.082,-4.41,4.34E+02,14.93919219
1981,96,-1.115,-8.925,-5.02,1.003,-8.925,5.46E+02,12.6676741
1981,97,5.589,-14.07,-4.2405,1.373,-14.07,4.32E+02,16.9682702
1981,98,11.793,1.404,6.5985,0.535,1.404,2.54E+02,14.465475
1981,99,4.594,-0.794,1.9,6.169,-0.794,2.16E+02,10.38878393
1981,100,8.242,-4.386,1.928,0.584,-4.386,2.38E+02,15.61816945
1981,101,3.603,-5.451,-0.924,2.079,-5.451,2.38E+02,13.81940314
1981,102,2.301,-7.734,-2.7165,0,-7.734,2.58E+02,14.49410685
1981,103,9.936,-6.697,1.6195,0.021,-6.697,1.28E+02,17.02257298
1981,104,5.797,-15.72,-4.9615,17.935,-15.72,2.05E+02,17.8655779
1981,105,-7.862,-21.212,-14.537,1.116,-21.212,2.06E+02,16.23477698
1981,106,0.22,-10.392,-5.086,0.864,-10.392,2.12E+02,15.04026238
1981,107,8.91,-1.672,3.619,3.979,-1.672,2.30E+02,15.07547301
1981,108,1.072,-10.328,-4.628,4.776,-10.328,2.75E+02,15.56964607
1981,109,-0.615,-13.835,-7.225,0,-13.835,1.69E+02,16.44381316
1981,110,-5.158,-14.481,-9.8195,0,-14.481,3.67E+02,14.4149941
1981,111,-5.675,-18.049,-11.862,0,-18.049,3.70E+02,16.20377542
1981,112,0.485,-16.958,-8.2365,0,-16.958,3.41E+02,17.90161424
1981,113,5.256,-12.667,-3.7055,0.033,-12.667,3.31E+02,18.07660391
1981,114,5.11,-0.827,2.1415,0.423,-0.827,1.66E+02,11.39752621
1981,115,10.4,-0.867,4.7665,0,-0.867,4.05E+02,15.85215869
1981,116,5.81,-1.592,2.109,0,-1.592,2.09E+02,13.02231004
1981,117,8.247,-3.915,2.166,0,-3.915,2.71E+02,16.41382552
1981,118,6.235,-0.55,2.8425,0.126,-0.55,2.48E+02,12.44328904
1981,119,4.962,-0.186,2.388,5.332,-0.186,2.42E+02,10.48216133
1981,120,6.264,-1.088,2.588,0.299,-1.088,3.43E+02,13.07644483
1981,121,3.63,-3.16,0.235,0.572,-3.16,1.69E+02,12.51518622
1981,122,6.827,-5.901,0.463,0,-5.901,1.29E+02,16.9183076
1981,123,12.869,-4.102,4.3835,0,-4.102,1.90E+02,18.49267637
1981,124,15.571,5.294,10.4325,0.285,5.294,2.57E+02,15.60329966
1981,125,19.38,0.49,9.935,7.646,0.49,1.56E+02,19.05732952
1981,126,1.483,-5.508,-2.0125,0.521,-5.508,1.92E+02,12.83374029
1981,127,9.864,-5.279,2.2925,0,-5.279,2.36E+02,18.13441322
1981,128,17.636,1.418,9.527,0.178,1.418,3.99E+02,18.53474298
1981,129,16.151,0.635,8.393,0.144,0.635,2.57E+02,18.35364978
1981,130,5.475,-5.176,0.1495,0.168,-5.176,3.00E+02,16.04200315
1981,131,7.611,-1.643,2.984,1.461,-1.643,2.36E+02,15.04985332
1981,132,4.742,1.268,3.005,23.233,1.268,3.05E+02,7.993845026
1981,133,8.037,3.453,5.745,11.441,3.453,1.49E+02,9.828168662
1981,134,9.351,3.692,6.5215,3.731,3.692,2.64E+02,11.36390875
1981,135,12.818,4.499,8.6585,4.613,4.499,1.77E+02,14.32936994
1981,136,7.808,-3.704,2.052,16.361,-3.704,2.73E+02,16.75547018
1981,137,-2.021,-9.233,-5.627,0.645,-9.233,1.72E+02,13.25667415
1981,138,5.84,-8.473,-1.3165,2.551,-8.473,2.17E+02,18.23473824
1981,139,11.744,-0.793,5.4755,0,-0.793,2.62E+02,17.41854392
1981,140,14.685,-2.343,6.171,0,-2.343,2.27E+02,19.26648353
1981,141,17.958,-0.562,8.698,0,-0.562,2.50E+02,19.70590527
1981,142,19.734,1.671,10.7025,0,1.671,3.22E+02,19.623365
1981,143,24.668,4.996,14.832,0,4.996,1.83E+02,20.03983847
1981,144,24.366,8.722,16.544,0,8.722,2.26E+02,18.931588
1981,145,16.417,5.707,11.062,2.3,5.707,2.15E+02,16.43289713
1981,146,13.883,2.206,8.0445,0,2.206,2.26E+02,17.08207167
1981,147,21.368,-0.826,10.271,0,-0.826,2.94E+02,20.63649812
1981,148,24.797,3.417,14.107,0,3.417,1.86E+02,20.53010197
1981,149,24.376,8.035,16.2055,1.72,8.035,2.89E+02,19.30078599
1981,150,17.711,-0.031,8.84,1.681,-0.031,3.26E+02,19.7589184
1981,151,10.408,-2.615,3.8965,0,-2.615,2.43E+02,17.9328475
1981,152,16.518,-1.244,7.637,0,-1.244,1.50E+02,19.80843484
1981,153,20.279,8.381,14.33,0,8.381,2.54E+02,17.32895809
1981,154,20.554,10.593,15.5735,0.441,10.593,2.07E+02,16.00567403
1981,155,23.939,7.403,15.671,0,7.403,2.19E+02,19.48372904
1981,156,28.321,12.945,20.633,1.555,12.945,2.31E+02,19.07791765
1981,157,16.86,4.094,10.477,2.46,4.094,1.80E+02,17.87834671
1981,158,10.099,0.131,5.115,0,0.131,3.07E+02,16.04734766
1981,159,13.578,0.004,6.791,8.928,0.004,2.65E+02,18.32017477
1981,160,13.863,6.458,10.1605,0.112,6.458,2.47E+02,13.67970639
1981,161,16.889,3.095,9.992,0,3.095,3.62E+02,18.44655907
1981,162,18.729,2.699,10.714,0.019,2.699,3.33E+02,19.39516512
1981,163,19.839,4.149,11.994,4.237,4.149,3.08E+02,19.27713814
1981,164,21.802,5.749,13.7755,1.548,5.749,1.41E+02,19.41959136
1981,165,22.51,11.979,17.2445,0.054,11.979,2.77E+02,16.51564906
1981,166,16.819,13.3,15.0595,7.216,13.3,2.48E+02,8.174034744
1981,167,24.876,12.959,18.9175,13.707,12.959,2.60E+02,17.45521877
1981,168,16.291,6.48,11.3855,0,6.48,1.78E+02,15.97070542
1981,169,24.597,5.522,15.0595,2.581,5.522,1.39E+02,20.35950511
1981,170,19.277,7.555,13.416,1.791,7.555,1.31E+02,17.33958445
1981,171,18.547,5.187,11.867,0,5.187,3.59E+02,18.27429723
1981,172,22.183,6.816,14.4995,0,6.816,2.63E+02,19.18352759
1981,173,19.098,10.63,14.864,10.856,10.63,1.85E+02,14.79306148
1981,174,16.008,7.719,11.8635,0.274,7.719,9.72E+01,14.61893835
1981,175,13.083,4.528,8.8055,0.037,4.528,1.68E+02,14.87321226
1981,176,12.035,6.367,9.201,5.049,6.367,1.93E+02,11.56933079
1981,177,20.985,7.892,14.4385,0,7.892,3.23E+02,18.12214636
1981,178,24.092,9.088,16.59,1.49,9.088,3.00E+02,19.01557913
1981,179,24.167,8.924,16.5455,0.171,8.924,2.77E+02,19.10675539
1981,180,18.043,12.898,15.4705,6.491,12.898,2.19E+02,10.82214276
1981,181,20.265,9.001,14.633,8.377,9.001,1.38E+02,17.01069691
1981,182,24.222,5.943,15.0825,0,5.943,1.34E+02,20.09212381
1981,183,28.656,10.898,19.777,0,10.898,2.11E+02,19.93324839
1981,184,28.159,17.037,22.598,0,17.037,1.80E+02,16.8928266
1981,185,24.427,16.29,20.3585,9.373,16.29,1.42E+02,14.42832494
1981,186,27.609,14.43,21.0195,0,14.43,2.31E+02,18.09375197
1981,187,27.348,14.462,20.905,0.925,14.462,3.10E+02,17.92701809
1981,188,22.707,11.371,17.039,0.504,11.371,1.94E+02,16.99518489
1981,189,24.152,12.171,18.1615,0.03,12.171,1.22E+02,17.38725914
1981,190,23.409,11.261,17.335,6.793,11.261,1.43E+02,17.47289239
1981,191,24.552,11.658,18.105,3.071,11.658,1.78E+02,17.87492345
1981,192,20.591,9.519,15.055,0,9.519,1.39E+02,16.76911316
1981,193,25.674,8.851,17.2625,0.892,8.851,1.29E+02,19.4734928
1981,194,21.145,12.69,16.9175,8.543,12.69,1.89E+02,14.65785501
1981,195,24.016,12.119,18.0675,1.056,12.119,8.64E+01,17.24497933
1981,196,23.703,10.462,17.0825,0,10.462,1.05E+02,17.96333834
1981,197,25.797,10.036,17.9165,0,10.036,1.25E+02,19.01697235
1981,198,23.54,9.316,16.428,0,9.316,1.07E+02,18.37998356
1981,199,25.621,6.812,16.2165,0,6.812,2.57E+02,19.86444405
1981,200,29.193,10.446,19.8195,0,10.446,1.13E+02,19.81707767
1981,201,27.666,13.924,20.795,8.28,13.924,1.85E+02,18.0874943
1981,202,17.781,9.134,13.4575,10.205,9.134,2.08E+02,14.72619315
1981,203,15.284,6.126,10.705,0.854,6.126,1.91E+02,15.15271627
1981,204,20.502,7.351,13.9265,0.03,7.351,2.56E+02,17.72423584
1981,205,26.205,9.754,17.9795,0,9.754,3.28E+02,19.00739126
1981,206,24.291,13.29,18.7905,5.28,13.29,1.85E+02,16.45208544
1981,207,17.427,9.726,13.5765,1.22,9.726,2.57E+02,13.74519857
1981,208,11.832,7.361,9.5965,0,7.361,1.31E+02,9.667434592
1981,209,18.647,5.25,11.9485,0,5.25,1.49E+02,17.68815495
1981,210,21.509,8.632,15.0705,0,8.632,1.64E+02,17.40479118
1981,211,27.256,11.365,19.3105,0,11.365,2.29E+02,18.59415361
1981,212,28.513,13.165,20.839,0,13.165,2.73E+02,18.36754784
1981,213,25.39,16.713,21.0515,13.198,16.713,2.03E+02,14.53811101
1981,214,24.461,10.986,17.7235,0.276,10.986,2.53E+02,17.54187569
1981,215,23.503,8.988,16.2455,0,8.988,2.18E+02,17.9331068
1981,216,23.223,10.959,17.091,0,10.959,2.40E+02,16.8798509
1981,217,25.37,10.786,18.078,0,10.786,9.38E+01,17.87046051
1981,218,23.265,12.32,17.7925,0.349,12.32,1.92E+02,16.05811731
1981,219,18.33,10.733,14.5315,0,10.733,2.00E+02,13.40609675
1981,220,18.37,11.306,14.838,0,11.306,1.79E+02,12.84372275
1981,221,23.225,14.039,18.632,0,14.039,1.74E+02,14.73934482
1981,222,26.64,13.533,20.0865,0.13,13.533,1.72E+02,17.03281342
1981,223,22.822,13.709,18.2655,9.48,13.709,1.38E+02,14.61936019
1981,224,21.519,7.634,14.5765,7.111,7.634,1.99E+02,17.25890973
1981,225,14.221,4.652,9.4365,0.187,4.652,2.06E+02,14.89121816
1981,226,20.182,4.007,12.0945,0.66,4.007,1.59E+02,17.90518243
1981,227,21.479,12.009,16.744,0.273,12.009,2.35E+02,14.74666679
1981,228,12.761,8.491,10.626,0.451,8.491,2.18E+02,9.158474493
1981,229,20.26,5.452,12.856,0,5.452,2.45E+02,17.30630184
1981,230,20.464,8.895,14.6795,0.124,8.895,2.30E+02,15.9040386
1981,231,23.694,8.726,16.21,0,8.726,2.58E+02,17.23097009
1981,232,26.504,11.342,18.923,0,11.342,3.44E+02,17.22458595
1981,233,26.261,13.452,19.8565,0,13.452,3.00E+02,16.32109632
1981,234,28.101,11.927,20.014,0,11.927,2.47E+02,17.36391681
1981,235,24.813,13.498,19.1555,13.719,13.498,2.38E+02,15.5118454
1981,236,18.927,8.918,13.9225,0,8.918,3.22E+02,14.72159532
1981,237,22.656,4.661,13.6585,0,4.661,1.69E+02,17.52421568
1981,238,22.018,6.787,14.4025,0,6.787,2.52E+02,16.81749439
1981,239,17.204,4.704,10.954,0,4.704,2.79E+02,15.8208667
1981,240,21.98,3.866,12.923,0,3.866,2.61E+02,17.28834126
1981,241,25.701,6.465,16.083,0.132,6.465,2.46E+02,17.37404295
1981,242,22.529,16.327,19.428,0.53,16.327,1.63E+02,11.35902156
1981,243,24.833,16.892,20.8625,2.315,16.892,1.35E+02,12.93769405
1981,244,22.515,16.689,19.602,1.371,16.689,1.87E+02,10.88962982
1981,245,18.972,14.803,16.8875,23.551,14.803,3.23E+02,8.75067547
1981,246,18.671,14.119,16.395,3.147,14.119,1.37E+02,9.269128957
1981,247,24.995,15.646,20.3205,0.396,15.646,1.48E+02,13.73719017
1981,248,20.941,14.685,17.813,0.262,14.685,1.49E+02,11.22109151
1981,249,25.303,14.344,19.8235,0,14.344,2.53E+02,14.47862997
1981,250,25.286,12.697,18.9915,1.009,12.697,2.47E+02,15.06442457
1981,251,21.334,8.554,14.944,35.527,8.554,3.50E+02,15.04977689
1981,252,7.386,3.745,5.5655,13.73,3.745,2.41E+02,7.840776807
1981,253,13.336,2.326,7.831,0,2.326,1.40E+02,14.21892835
1981,254,16.122,3.593,9.8575,0.881,3.593,2.17E+02,14.71961538
1981,255,13.036,7.608,10.322,11.095,7.608,2.65E+02,10.10922251
1981,256,14.08,6.299,10.1895,5.004,6.299,3.17E+02,12.194685
1981,257,15.087,5.739,10.413,1.438,5.739,1.80E+02,13.12817177
1981,258,10.111,3.793,6.952,1.792,3.793,3.05E+02,10.89875974
1981,259,11.294,2.204,6.749,0.48,2.204,3.46E+02,12.85390067
1981,260,12.962,4.032,8.497,0,4.032,2.74E+02,12.69832605
1981,261,11.881,3.955,7.918,7.388,3.955,3.15E+02,12.01830379
1981,262,10.498,3.889,7.1935,13.562,3.889,2.49E+02,10.97609546
1981,263,6.852,3.193,5.0225,4.924,3.193,2.15E+02,7.660619038
1981,264,7.436,2.616,5.026,19.38,2.616,1.35E+02,9.132132298
1981,265,10.087,3.465,6.776,0.823,3.465,1.59E+02,10.84053513
1981,266,11.497,0.871,6.184,0,0.871,2.45E+02,13.0380921
1981,267,15.477,1.996,8.7365,0,1.996,1.53E+02,13.76487538
1981,268,13.338,5.821,9.5795,0,5.821,2.40E+02,11.33008932
1981,269,16.837,2.975,9.906,1.08,2.975,3.46E+02,13.63245903
1981,270,15.691,6.39,11.0405,4.46,6.39,2.44E+02,12.16876922
1981,271,7.36,0.835,4.0975,6.651,0.835,1.94E+02,10.45373362
1981,272,2.16,-0.192,0.984,2.544,-0.192,1.58E+02,5.424544464
1981,273,3.689,-0.121,1.784,2.093,-0.121,2.29E+02,7.63189393
1981,274,4.17,-0.798,1.686,0.248,-0.798,1.31E+02,8.936418593
1981,275,6.245,2.741,4.493,4.128,2.741,8.64E+01,7.172783356
1981,276,9.826,1.912,5.869,0.881,1.912,8.64E+01,11.0418455
1981,277,6.643,3.352,4.9975,3.284,3.352,8.64E+01,6.830385455
1981,278,12.723,0.776,6.7495,0,0.776,8.64E+01,12.29854265
1981,279,8.718,3.712,6.215,11.907,3.712,8.64E+01,8.770285925
1981,280,6.391,3.78,5.0855,9.121,3.78,8.64E+01,5.749159653
1981,281,7.15,2.457,4.8035,1.648,2.457,8.64E+01,8.382711229
1981,282,9.19,-0.735,4.2275,0,-0.735,8.64E+01,11.38394755
1981,283,9.19,-3.372,2.909,0,-3.372,8.64E+01,11.88756363
1981,284,7.998,-3.029,2.4845,0,-3.029,8.64E+01,11.48440386
1981,285,10.541,-4.293,3.124,0,-4.293,8.64E+01,11.94512066
1981,286,13.582,-3.653,4.9645,0,-3.653,8.64E+01,11.9901773
1981,287,15.809,3.888,9.8485,0.539,3.888,8.64E+01,11.3506798
1981,288,11.075,4.855,7.965,15.527,4.855,8.64E+01,9.265162443
1981,289,5.485,0.167,2.826,1.13,0.167,8.64E+01,8.574910936
1981,290,10.497,-1.938,4.2795,0.045,-1.938,8.64E+01,11.10540048
1981,291,7.811,2.237,5.024,8.118,2.237,8.64E+01,8.659804131
1981,292,6.01,-2.881,1.5645,1.6,-2.881,8.64E+01,10.17280246
1981,293,0.355,-4.616,-2.1305,7.377,-4.616,8.64E+01,8.104102833
1981,294,-0.906,-6.887,-3.8965,0.392,-6.887,8.64E+01,8.755117795
1981,295,-2.376,-8.614,-5.495,0,-8.614,8.64E+01,8.842948225
1981,296,0.781,-4.331,-1.775,0.467,-4.331,8.64E+01,8.064112908
1981,297,-1.625,-9.412,-5.5185,0.467,-9.412,8.64E+01,9.396170004
1981,298,1.541,-9.577,-4.018,0.977,-9.577,8.64E+01,10.08059263
1981,299,3.293,0.12,1.7065,2.767,0.12,8.64E+01,6.121156311
1981,300,5.91,-0.084,2.913,0,-0.084,8.64E+01,8.398137624
1981,301,1.349,-6.889,-2.77,0,-6.889,8.64E+01,9.218070646
1981,302,1.54,-9.966,-4.213,0,-9.966,8.64E+01,9.724868608
1981,303,8.169,-3.348,2.4105,0,-3.348,8.64E+01,9.625480924
1981,304,8.065,-1.887,3.089,1.062,-1.887,8.64E+01,9.325156154
1981,305,6.358,4.088,5.223,2.24,4.088,8.64E+01,4.797441699
1981,306,4.64,-1.45,1.595,0.134,-1.45,2.87E+02,8.075488189
1981,307,0.206,-2.722,-1.258,2.789,-2.722,1.19E+02,5.619931814
1981,308,0.879,-2.387,-0.754,0.255,-2.387,1.37E+02,5.968165085
1981,309,9.176,-0.009,4.5835,6.672,-0.009,1.93E+02,8.757896751
1981,310,7.03,-4.42,1.305,4.327,-4.42,2.53E+02,8.939505474
1981,311,-2.996,-7.92,-5.458,0,-7.92,2.35E+02,7.184355826
1981,312,2.061,-11.38,-4.6595,1.343,-11.38,1.39E+02,8.865469868
1981,313,-5.436,-10.751,-8.0935,0.545,-10.751,2.48E+02,7.29934956
1981,314,-4.22,-10.884,-7.552,6.121,-10.884,2.78E+02,7.792112709
1981,315,-2.998,-8.833,-5.9155,2.599,-8.833,2.71E+02,7.429461985
1981,316,-3.122,-5.656,-4.389,0,-5.656,2.93E+02,4.943370068
1981,317,3.88,-4.44,-0.28,0,-4.44,2.08E+02,7.983504182
1981,318,8.281,-3.121,2.58,0,-3.121,1.07E+02,8.230865892
1981,319,8.919,-5.974,1.4725,0,-5.974,1.92E+02,8.264932588
1981,320,4.602,-4.938,-0.168,0,-4.938,1.33E+02,7.928438593
1981,321,6.889,-1.063,2.913,0,-1.063,1.56E+02,7.645296398
1981,322,3.897,0.345,2.121,0.033,0.345,1.55E+02,5.805778943
1981,323,1.157,-2.489,-0.666,3.333,-2.489,1.43E+02,5.848721861
1981,324,-1.308,-3.612,-2.46,2.462,-3.612,3.22E+02,4.515388482
1981,325,-1.593,-4.411,-3.002,3.486,-4.411,2.03E+02,5.069851578
1981,326,-3.596,-5.871,-4.7335,5.906,-5.871,2.44E+02,4.448047149
1981,327,-5.48,-7.97,-6.725,2.223,-7.97,1.93E+02,4.683188455
1981,328,-5.579,-9.119,-7.349,1.907,-9.119,2.52E+02,5.625339725
1981,329,-4.74,-8.136,-6.438,0,-8.136,2.63E+02,5.490222223
1981,330,-5.989,-10.043,-8.016,0.034,-10.043,3.01E+02,5.911697312
1981,331,-4.835,-9.827,-7.331,11.491,-9.827,3.58E+02,6.344698886
1981,332,-3.615,-7.925,-5.77,0.874,-7.925,2.16E+02,5.995677156
1981,333,-6.914,-11.166,-9.04,0,-11.166,4.31E+02,5.936218526
1981,334,-7.842,-11.996,-9.919,0,-11.996,3.32E+02,5.856317313
1981,335,-3.637,-11.374,-7.5055,0.246,-11.374,3.83E+02,6.855753996
1981,336,1.385,-5.283,-1.949,3.7,-5.283,1.65E+02,6.646457454
1981,337,1.46,-1.622,-0.081,3.265,-1.622,2.58E+02,5.07640269
1981,338,-1.455,-9.138,-5.2965,1.616,-9.138,1.02E+02,6.733520473
1981,339,-7.235,-12.294,-9.7645,0,-12.294,3.09E+02,6.127030912
1981,340,-8.176,-12.758,-10.467,0,-12.758,3.33E+02,5.917851353
1981,341,-5.658,-10.079,-7.8685,1.298,-10.079,1.87E+02,5.8267095
1981,342,-6.574,-10.309,-8.4415,0.234,-10.309,1.63E+02,5.452372
1981,343,-5.285,-7.868,-6.5765,7.981,-7.868,2.89E+02,4.560562171
1981,344,0.969,-6.267,-2.649,2.265,-6.267,1.78E+02,6.50355797
1981,345,-3.159,-11.23,-7.1945,0,-11.23,1.89E+02,6.577378139
1981,346,-9.417,-16.279,-12.848,0,-16.279,2.57E+02,6.410130459
1981,347,-7.268,-18.705,-12.9865,0.541,-18.705,1.30E+02,6.707423992
1981,348,-4.736,-10.223,-7.4795,0.816,-10.223,1.22E+02,6.094849723
1981,349,-2.982,-7.963,-5.4725,1.581,-7.963,2.67E+02,5.931019902
1981,350,-4.557,-8.155,-6.356,1.674,-8.155,2.06E+02,5.289606055
1981,351,-7.949,-14.033,-10.991,0,-14.033,2.74E+02,6.212286583
1981,352,-10.001,-14.411,-12.206,0.293,-14.411,3.01E+02,5.69677123
1981,353,-13.134,-17.247,-15.1905,0.199,-17.247,3.14E+02,5.559430557
1981,354,-13.812,-17.973,-15.8925,0,-17.973,3.41E+02,5.581758107
1981,355,-4.473,-16.437,-10.455,0.735,-16.437,2.25E+02,6.655590961
1981,356,-0.614,-5.043,-2.8285,2.5,-5.043,8.86E+01,5.705073224
1981,357,-1.972,-4.97,-3.471,0.199,-4.97,9.04E+01,4.870887605
1981,358,-2.286,-9.03,-5.658,0.718,-9.03,1.86E+02,6.340933223
1981,359,-9.414,-19.752,-14.583,1.056,-19.752,2.82E+02,6.646264679
1981,360,-17.139,-26.062,-21.6005,0,-26.062,9.70E+01,6.591864307
1981,361,-12.051,-25.876,-18.9635,0.204,-25.876,1.06E+02,6.743023004
1981,362,-5.205,-14.683,-9.944,2.453,-14.683,1.17E+02,6.658706237
1981,363,-6.434,-22.958,-14.696,0.349,-22.958,2.14E+02,6.800245851
1981,364,-12.772,-27.643,-20.2075,0,-27.643,2.83E+02,6.819169534
1981,365,-8.652,-24.4,-16.526,2.418,-24.4,1.63E+02,6.851872447
1981,366,-8.652,-24.4,-16.526,2.418,-24.4,1.63E+02,6.851872447
