DJ0207XDMNXPHWR
CCXMDDM
24,1,12.0
7,0.075,0.125,0.00,0,0,0,0,0,0,0,0
1989,1,-22.055,-36.832,-29.4435,0.962,-36.832,1.60E+02,6.877895929,,,
1989,2,-16.259,-22.643,-19.451,2.941,-22.643,1.91E+02,6.436342036,,,
1989,3,-22.495,-35.813,-29.154,0,-35.813,2.38E+02,6.934272034,,,
1989,4,-20.884,-35.721,-28.3025,0,-35.721,3.58E+02,6.986882199,,,
1989,5,-22.519,-33.241,-27.88,0,-33.241,1.22E+02,6.954372947,,,
1989,6,-14.676,-33.62,-24.148,0,-33.62,1.81E+02,7.08707162,,,
1989,7,-7.5,-19.937,-13.7185,6.909,-19.937,1.85E+02,7.088194508,,,
1989,8,2.555,-21.429,-9.437,13.52,-21.429,2.16E+02,7.187457631,,,
1989,9,-22.244,-32.065,-27.1545,0.21,-32.065,1.73E+02,7.090298322,,,
1989,10,-11.95,-31.497,-21.7235,1.283,-31.497,1.45E+02,7.29199526,,,
1989,11,-22.627,-33.945,-28.286,0,-33.945,1.08E+02,7.262113042,,,
1989,12,-4.795,-25.344,-15.0695,8.517,-25.344,1.08E+02,7.410611055,,,
1989,13,-12.888,-21.463,-17.1755,0.709,-21.463,2.86E+02,7.195451222
1989,14,-2.031,-15.079,-8.555,0.385,-15.079,1.40E+02,7.486636099
1989,15,-2.105,-20.12,-11.1125,5.192,-20.12,2.46E+02,7.599743342
1989,16,-13.086,-27.089,-20.0875,0.019,-27.089,4.62E+02,7.636134912
1989,17,-7.924,-20.497,-14.2105,0.536,-20.497,2.31E+02,7.675139657
1989,18,-16.001,-29.773,-22.887,0.03,-29.773,1.42E+02,7.773989007
1989,19,-10.5,-21.153,-15.8265,1.258,-21.153,2.97E+02,7.734875495
1989,20,-14.464,-27.095,-20.7795,1.386,-27.095,4.20E+02,7.895025428
1989,21,-15.741,-34.23,-24.9855,3.044,-34.23,1.59E+02,8.052862619
1989,22,-3.661,-18.821,-11.241,2.126,-18.821,2.39E+02,8.107912879
1989,23,-2.038,-11.673,-6.8555,2.034,-11.673,2.50E+02,7.944555734
1989,24,-3.815,-24.658,-14.2365,0.646,-24.658,2.60E+02,8.317137691
1989,25,-17.89,-33.139,-25.5145,0.163,-33.139,2.40E+02,8.366037304
1989,26,-11.783,-21.896,-16.8395,5.373,-21.896,1.11E+02,8.222317701
1989,27,-9.416,-22.306,-15.861,0.979,-22.306,1.23E+02,8.482101446
1989,28,-1.556,-13.183,-7.3695,1.201,-13.183,1.51E+02,8.50727153
1989,29,-7.299,-18.613,-12.956,1.401,-18.613,2.18E+02,8.574240261
1989,30,-5.035,-17.727,-11.381,2.489,-17.727,2.66E+02,8.746901564
1989,31,-0.893,-18.547,-9.72,6.21,-18.547,1.86E+02,8.968754881
1989,32,-20.358,-33.161,-26.7595,0.217,-33.161,2.91E+02,8.94202879
1989,33,-24.755,-35.224,-29.9895,0.222,-35.224,1.10E+02,8.855487674
1989,34,-21.079,-32.53,-26.8045,0.963,-32.53,1.90E+02,9.043109983
1989,35,-24.068,-36.637,-30.3525,0,-36.637,2.77E+02,9.222499289
1989,36,-14.286,-30.616,-22.451,0.298,-30.616,2.79E+02,9.472818173
1989,37,-11.657,-22.309,-16.983,0.72,-22.309,1.21E+02,9.245794346
1989,38,-9.88,-27.213,-18.5465,0.447,-27.213,2.79E+02,9.71298
1989,39,-8.294,-24.082,-16.188,2.366,-24.082,2.25E+02,9.787897639
1989,40,-20.97,-30.815,-25.8925,0.976,-30.815,1.99E+02,9.40966262
1989,41,-12.72,-24.674,-18.697,2.218,-24.674,1.87E+02,9.782503152
1989,42,-12.119,-23.893,-18.006,0.738,-23.893,2.31E+02,9.867034129
1989,43,-10.074,-24.523,-17.2985,1.8,-24.523,2.29E+02,10.18113229
1989,44,-6.311,-25.803,-16.057,1.61,-25.803,2.79E+02,10.44943796
1989,45,-1.795,-19.59,-10.6925,3.56,-19.59,2.61E+02,10.53821415
1989,46,-4.557,-27.365,-15.961,1.892,-27.365,2.35E+02,10.73107812
1989,47,-23.108,-36.766,-29.937,0,-36.766,1.76E+02,10.58008005
1989,48,-22.435,-33.292,-27.8635,0.383,-33.292,2.32E+02,10.35470381
1989,49,-13.247,-31.126,-22.1865,0.387,-31.126,2.00E+02,11.02978092
1989,50,-10.687,-17.552,-14.1195,2.545,-17.552,1.55E+02,9.312240136
1989,51,-8.26,-19.835,-14.0475,0.217,-19.835,1.31E+02,10.77989486
1989,52,-8.228,-20.608,-14.418,2.854,-20.608,3.10E+02,11.00288202
1989,53,-10.042,-26.296,-18.169,0.3,-26.296,2.00E+02,11.4577953
1989,54,-18.879,-34.321,-26.6,0,-34.321,2.25E+02,11.53005143
1989,55,-14.222,-38.082,-26.152,0,-38.082,1.69E+02,11.91308185
1989,56,-7.092,-28.833,-17.9625,0,-28.833,2.27E+02,12.01850195
1989,57,-5.115,-25.1,-15.1075,0,-25.1,1.38E+02,12.11202144
1989,58,-6.694,-18.558,-12.626,0,-18.558,1.29E+02,11.56674164
1989,59,-8.7,-26.03,-17.365,0,-26.03,1.22E+02,12.26466592
1989,60,-3.89,-21.964,-12.927,3.697,-21.964,1.29E+02,12.43048707
1989,61,-13.519,-26.04,-19.7795,0.797,-26.04,1.27E+02,12.00424984
1989,62,-20.168,-34.388,-27.278,0,-34.388,2.33E+02,12.36548225
1989,63,-13.614,-35.613,-24.6135,3.648,-35.613,3.16E+02,12.96198486
1989,64,-11.455,-22.28,-16.8675,2.377,-22.28,2.30E+02,11.93927526
1989,65,-23.551,-36.038,-29.7945,0,-36.038,1.48E+02,12.426243
1989,66,-19.075,-39.25,-29.1625,0,-39.25,2.94E+02,13.30430682
1989,67,-8.906,-36.003,-22.4545,0,-36.003,1.63E+02,13.59261637
1989,68,-3.104,-20.839,-11.9715,0.381,-20.839,1.28E+02,13.42690118
1989,69,-0.417,-25.762,-13.0895,0,-25.762,1.18E+02,13.84651288
1989,70,-1.193,-19.232,-10.2125,0.546,-19.232,2.83E+02,13.69989542
1989,71,-11.614,-27.984,-19.799,0,-27.984,2.68E+02,13.67334122
1989,72,-5.146,-25.082,-15.114,1.736,-25.082,1.85E+02,14.07499976
1989,73,-0.182,-11.189,-5.6855,4.737,-11.189,3.58E+02,12.83617912
1989,74,-4.142,-21.506,-12.824,17.783,-21.506,2.20E+02,14.13455287
1989,75,-11.126,-24.772,-17.949,3.881,-24.772,3.22E+02,13.7134685
1989,76,-11.288,-26.622,-18.955,1.379,-26.622,1.79E+02,14.11871869
1989,77,-9.071,-30.338,-19.7045,0,-30.338,1.62E+02,14.7879082
1989,78,-8.19,-31.179,-19.6845,0,-31.179,1.58E+02,14.99426449
1989,79,-5.857,-22.18,-14.0185,0.405,-22.18,1.42E+02,14.59804654
1989,80,-11.105,-24.943,-18.024,0,-24.943,3.03E+02,14.26801579
1989,81,-11.187,-28.446,-19.8165,0,-28.446,3.27E+02,14.94552796
1989,82,-1.766,-19.866,-10.816,0.135,-19.866,3.25E+02,15.15682765
1989,83,5.436,-14.065,-4.3145,0.862,-14.065,1.76E+02,15.40964403
1989,84,4.057,-1.607,1.225,2.812,-1.607,2.63E+02,10.22970211
1989,85,3.88,-3.831,0.0245,0.006,-3.831,2.28E+02,12.04811714
1989,86,6.108,1.683,3.8955,3.536,1.683,2.34E+02,8.852505821
1989,87,2.636,-11.067,-4.2155,14.697,-11.067,2.77E+02,14.90980316
1989,88,-7.015,-18.615,-12.815,0,-18.615,2.19E+02,14.32410562
1989,89,-0.237,-18.168,-9.2025,0.404,-18.168,3.49E+02,15.91538492
1989,90,-2.126,-5.222,-3.674,3.8,-5.222,1.75E+02,6.953573948
1989,91,2.588,-12.24,-4.826,0,-12.24,2.78E+02,15.55794498
1989,92,4.738,-16.67,-5.966,0.899,-16.67,2.57E+02,16.60949601
1989,93,5.9,-0.692,2.604,1.043,-0.692,1.55E+02,11.48547554
1989,94,5.077,-1.506,1.7855,5.071,-1.506,1.23E+02,11.51495838
1989,95,2.987,-0.163,1.412,0.945,-0.163,4.34E+02,7.108109566
1989,96,3.855,-0.977,1.439,0.392,-0.977,5.46E+02,9.622851947
1989,97,-0.834,-8.327,-4.5805,2.866,-8.327,4.32E+02,12.4516333
1989,98,-2.289,-12.34,-7.3145,0.544,-12.34,2.54E+02,14.27939616
1989,99,-1.573,-9.697,-5.635,0.064,-9.697,2.16E+02,13.04894122
1989,100,-2.254,-10.138,-6.196,0.503,-10.138,2.38E+02,12.90180653
1989,101,0.975,-13.146,-6.0855,0,-13.146,2.38E+02,16.20853751
1989,102,3.589,-11.888,-4.1495,0,-11.888,2.58E+02,16.66856592
1989,103,3.209,-9.478,-3.1345,0,-9.478,1.28E+02,15.84707629
1989,104,4.204,-3.912,0.146,1.79,-3.912,2.05E+02,13.25510747
1989,105,3.528,-0.801,1.3635,2.919,-0.801,2.06E+02,9.107389636
1989,106,8.647,0.019,4.333,0,0.019,2.12E+02,13.73861137
1989,107,6.938,-8.597,-0.8295,8.463,-8.597,2.30E+02,17.06883129
1989,108,-0.948,-14.041,-7.4945,0.212,-14.041,2.75E+02,16.33160489
1989,109,4.685,-13.63,-4.4725,0,-13.63,1.69E+02,17.84905519
1989,110,2.88,-7.478,-2.299,0,-7.478,3.67E+02,15.09209184
1989,111,-2.087,-10.695,-6.391,0.371,-10.695,3.70E+02,13.92041704
1989,112,-5.171,-14.979,-10.075,2.007,-14.979,3.41E+02,14.83225822
1989,113,-1.985,-9.05,-5.5175,1.422,-9.05,3.31E+02,12.60749457
1989,114,0.642,-6.529,-2.9435,0.378,-6.529,1.66E+02,12.74081088
1989,115,6.041,-3.416,1.3125,0,-3.416,4.05E+02,14.71032112
1989,116,4.67,-1.428,1.621,0,-1.428,2.09E+02,11.62957659
1989,117,2.074,1.227,1.6505,0,1.227,2.71E+02,2.342270853
1989,118,3.552,-2.858,0.347,0,-2.858,2.48E+02,12.03077234
1989,119,7.84,-1.797,3.0215,0,-1.797,2.42E+02,14.98611899
1989,120,12.58,-3.169,4.7055,0,-3.169,3.43E+02,17.9760681
1989,121,10.671,0.337,5.504,0,0.337,1.69E+02,15.53642161
1989,122,10.908,-2.187,4.3605,0.313,-2.187,1.29E+02,17.08774278
1989,123,9.961,-1.437,4.262,0.036,-1.437,1.90E+02,16.26539291
1989,124,12.17,-5.241,3.4645,0,-5.241,2.57E+02,18.66203721
1989,125,16.638,2.898,9.768,3.281,2.898,1.56E+02,17.50334946
1989,126,7.46,4.711,6.0855,11.863,4.711,1.92E+02,6.615788081
1989,127,6.715,3.563,5.139,2.911,3.563,2.36E+02,7.384302826
1989,128,7.585,1.897,4.741,2.161,1.897,3.99E+02,11.32777632
1989,129,4.54,-1.431,1.5545,0.21,-1.431,2.57E+02,11.70142844
1989,130,4.596,-2.512,1.042,0.207,-2.512,3.00E+02,13.0331689
1989,131,16.257,-0.038,8.1095,0,-0.038,2.36E+02,18.69475024
1989,132,18.525,6.122,12.3235,0.231,6.122,3.05E+02,17.14030865
1989,133,16.077,8.511,12.294,0.493,8.511,1.49E+02,13.56365581
1989,134,20.141,6.563,13.352,0,6.563,2.64E+02,17.78276594
1989,135,21.834,6.118,13.976,0,6.118,1.77E+02,18.66725073
1989,136,21.969,2.456,12.2125,0,2.456,2.73E+02,19.73808563
1989,137,27.242,3.287,15.2645,0,3.287,1.72E+02,20.49119197
1989,138,28.761,6.347,17.554,0,6.347,2.17E+02,20.33435668
1989,139,25.294,13.174,19.234,0.176,13.174,2.62E+02,17.18929677
1989,140,16.575,12.184,14.3795,10.721,12.184,2.27E+02,9.578313692
1989,141,16.83,10.122,13.476,2.878,10.122,2.50E+02,12.74302009
1989,142,9.796,4.235,7.0155,3.516,4.235,3.22E+02,11.30966234
1989,143,24.439,1.271,12.855,0.244,1.271,1.83E+02,20.64355574
1989,144,20.939,7.949,14.444,0.554,7.949,2.26E+02,17.77880476
1989,145,21.003,5.99,13.4965,0.077,5.99,2.15E+02,18.71798972
1989,146,19.003,9.981,14.492,11.229,9.981,2.26E+02,15.13689735
1989,147,10.025,1.853,5.939,1.246,1.853,2.94E+02,14.3692907
1989,148,18.73,1.219,9.9745,0,1.219,1.86E+02,19.64441196
1989,149,13.852,1.504,7.678,1.839,1.504,2.89E+02,17.53166818
1989,150,15.616,-0.232,7.692,0,-0.232,3.26E+02,19.14979951
1989,151,21.279,3.035,12.157,1.187,3.035,2.43E+02,19.9200254
1989,152,19.927,6.468,13.1975,0.084,6.468,1.50E+02,18.17093414
1989,153,21.848,5.895,13.8715,0.295,5.895,2.54E+02,19.2461589
1989,154,12.082,3.827,7.9545,3.475,3.827,2.07E+02,14.51830909
1989,155,16.639,0.756,8.6975,0,0.756,2.19E+02,19.25456236
1989,156,11.332,-0.274,5.529,0.056,-0.274,2.31E+02,17.18434457
1989,157,13.469,6.154,9.8115,10.63,6.154,1.80E+02,13.56593958
1989,158,16.338,6.487,11.4125,0.902,6.487,3.07E+02,15.95502415
1989,159,16.509,5.324,10.9165,0.026,5.324,2.65E+02,16.93850764
1989,160,16.389,9.368,12.8785,3.122,9.368,2.47E+02,13.25022884
1989,161,12.564,6.799,9.6815,11.264,6.799,3.62E+02,11.68986755
1989,162,14.619,4.59,9.6045,2.332,4.59,3.33E+02,16.1216384
1989,163,14.477,2.775,8.626,0.036,2.775,3.08E+02,17.30333444
1989,164,13.577,2.475,8.026,0.115,2.475,1.41E+02,16.9151122
1989,165,17.47,4.381,10.9255,0.145,4.381,2.77E+02,18.11713941
1989,166,18.146,7.497,12.8215,0.403,7.497,2.48E+02,16.60520926
1989,167,19.62,11.128,15.374,0,11.128,2.60E+02,14.81228268
1989,168,13.504,9.94,11.722,6.96,9.94,1.78E+02,8.256393533
1989,169,19.517,9.815,14.666,0,9.815,1.39E+02,15.88390409
1989,170,25.426,8.157,16.7915,0.73,8.157,1.31E+02,19.85589529
1989,171,27.211,14.315,20.763,1.221,14.315,3.59E+02,18.02907083
1989,172,30.079,13.692,21.8855,0,13.692,2.63E+02,19.56444651
1989,173,31.645,15.005,23.325,0,15.005,1.85E+02,19.6503877
1989,174,33.577,16.349,24.963,0,16.349,9.72E+01,19.84017661
1989,175,32.228,17.269,24.7485,18.72,17.269,1.68E+02,19.01092304
1989,176,21.321,10.136,15.7285,0.145,10.136,1.93E+02,16.98181514
1989,177,24.126,8.567,16.3465,2.332,8.567,3.23E+02,19.24405757
1989,178,20.779,11.547,16.163,25.358,11.547,3.00E+02,15.47793913
1989,179,15.667,7.887,11.777,3.204,7.887,2.77E+02,14.09358313
1989,180,18.377,5.319,11.848,0,5.319,2.19E+02,18.08648019
1989,181,21.521,5.465,13.493,0.593,5.465,1.38E+02,19.40101625
1989,182,13.602,9.35,11.476,2.6,9.35,1.34E+02,9.43282658
1989,183,21.299,12.444,16.8715,0,12.444,2.11E+02,15.1205099
1989,184,29.83,13.22,21.525,14.147,13.22,1.80E+02,19.56130084
1989,185,21.974,10.57,16.272,0,10.57,1.42E+02,17.07100148
1989,186,28.655,8.227,18.441,1.331,8.227,2.31E+02,20.54630578
1989,187,30.245,10.752,20.4985,3.689,10.752,3.10E+02,20.32434619
1989,188,17.912,6.624,12.268,0,6.624,1.94E+02,16.96370602
1989,189,23.754,5.752,14.753,0.163,5.752,1.22E+02,19.90841445
1989,190,20.728,11.976,16.352,4.74,11.976,1.43E+02,14.97338762
1989,191,21.641,10.041,15.841,19.424,10.041,1.78E+02,17.12607494
1989,192,24.246,6.523,15.3845,0.083,6.523,1.39E+02,19.76768532
1989,193,22.167,11.024,16.5955,0,11.024,1.29E+02,16.80201073
1989,194,19.841,9.396,14.6185,0,9.396,1.89E+02,16.3032163
1989,195,19.023,5.51,12.2665,0,5.51,8.64E+01,18.11801104
1989,196,22.489,3.466,12.9775,0,3.466,1.05E+02,20.00591444
1989,197,21.094,7.072,14.083,0.167,7.072,1.25E+02,18.31355286
1989,198,23.287,4.651,13.969,0.348,4.651,1.07E+02,19.85328252
1989,199,19.306,10.532,14.919,31.303,10.532,2.57E+02,14.88565116
1989,200,17.986,7.938,12.962,0.074,7.938,1.13E+02,15.91289288
1989,201,22.137,6.183,14.16,0,6.183,1.85E+02,18.97406656
1989,202,24.98,6.619,15.7995,0,6.619,2.08E+02,19.65396576
1989,203,25.128,9.173,17.1505,0,9.173,1.91E+02,18.91187781
1989,204,26.647,9,17.8235,0,9,2.56E+02,19.39556379
1989,205,30.239,14.42,22.3295,0.432,14.42,3.28E+02,18.79828897
1989,206,30.598,16.228,23.413,1.228,16.228,1.85E+02,18.21561976
1989,207,27.753,16.997,22.375,6.021,16.997,2.57E+02,16.26588538
1989,208,23.641,13.722,18.6815,3.452,13.722,1.31E+02,15.65125132
1989,209,17.879,8.301,13.09,0,8.301,1.49E+02,15.36876776
1989,210,17.716,6.138,11.927,0,6.138,1.64E+02,16.7007012
1989,211,20.895,4.599,12.747,0,4.599,2.29E+02,18.72397302
1989,212,25.106,6.836,15.971,0,6.836,2.73E+02,19.21784497
1989,213,21.931,13.429,17.68,7.479,13.429,2.03E+02,14.3852125
1989,214,21.328,11.819,16.5735,7.43,11.819,2.53E+02,15.19080261
1989,215,25.461,12.394,18.9275,33.193,12.394,2.18E+02,17.31569081
1989,216,23.28,10.018,16.649,0,10.018,2.40E+02,17.36587805
1989,217,25.089,7.67,16.3795,4.761,7.67,9.38E+01,18.75560571
1989,218,22.139,10.06,16.0995,4.302,10.06,1.92E+02,16.70600342
1989,219,10.648,7.534,9.091,0.806,7.534,2.00E+02,7.295650119
1989,220,13.83,8.589,11.2095,3.834,8.589,1.79E+02,10.6620233
1989,221,22.116,8.32,15.218,0,8.32,1.74E+02,17.37373846
1989,222,25.596,12.83,19.213,3.238,12.83,1.72E+02,16.87746699
1989,223,25.707,12.092,18.8995,0.239,12.092,1.38E+02,17.20154469
1989,224,26.302,12.12,19.211,1.676,12.12,1.99E+02,17.37298782
1989,225,27.286,13.321,20.3035,11.804,13.321,2.06E+02,17.23711291
1989,226,16.156,12.333,14.2445,3.192,12.333,1.59E+02,8.474311041
1989,227,13.033,9.69,11.3615,15.275,9.69,2.35E+02,7.651806748
1989,228,18.006,8.163,13.0845,5.319,8.163,2.18E+02,14.96816343
1989,229,19.257,6.392,12.8245,0.505,6.392,2.45E+02,16.57161941
1989,230,22.267,4.561,13.414,0,4.561,2.30E+02,18.01098102
1989,231,25.429,10.021,17.725,0,10.021,2.58E+02,17.36440865
1989,232,22.795,10.668,16.7315,1.307,10.668,3.44E+02,16.07480049
1989,233,16.681,9.421,13.051,5.686,9.421,3.00E+02,12.70338944
1989,234,19.49,7.959,13.7245,0,7.959,2.47E+02,15.67605937
1989,235,20.101,6.064,13.0825,0.602,6.064,2.38E+02,16.66260332
1989,236,12.462,3.948,8.205,0,3.948,3.22E+02,13.68141379
1989,237,13.208,1.577,7.3925,0,1.577,1.69E+02,15.55652974
1989,238,17.407,0.404,8.9055,0,0.404,2.52E+02,17.24592093
1989,239,21.438,0.835,11.1365,1.174,0.835,2.79E+02,17.73912188
1989,240,22.212,9.893,16.0525,3.322,9.893,2.61E+02,15.68062848
1989,241,21.076,8.658,14.867,18.797,8.658,2.46E+02,15.65547563
1989,242,17.626,7.435,12.5305,13.548,7.435,1.63E+02,14.51637684
1989,243,14.243,6.835,10.539,0.664,6.835,1.35E+02,12.49070671
1989,244,16.202,7.909,12.0555,0.322,7.909,1.87E+02,13.16743053
1989,245,12.066,2.322,7.194,0.871,2.322,3.23E+02,14.08829538
1989,246,12.879,0.39,6.6345,0,0.39,1.37E+02,15.33255691
1989,247,22.452,-0.145,11.1535,0,-0.145,1.48E+02,17.1194195
1989,248,16.78,10.246,13.513,1.671,10.246,1.49E+02,11.49660685
1989,249,23.125,13.769,18.447,0,13.769,2.53E+02,13.62779675
1989,250,27.491,10.048,18.7695,0.044,10.048,2.47E+02,16.23571132
1989,251,22.61,14.016,18.313,4.321,14.016,3.50E+02,13.03078995
1989,252,23.507,12.928,18.2175,3.34,12.928,2.41E+02,14.09404576
1989,253,15.49,7.44,11.465,14.035,7.44,1.40E+02,12.54672387
1989,254,18.292,3.565,10.9285,0.015,3.565,2.17E+02,15.32780908
1989,255,21.167,3.828,12.4975,3.547,3.828,2.65E+02,15.70467026
1989,256,10.195,5.454,7.8245,0,5.454,3.17E+02,9.274782937
1989,257,15.681,3.532,9.6065,0,3.532,1.80E+02,14.34087239
1989,258,15.686,2.965,9.3255,0,2.965,3.05E+02,14.43529044
1989,259,20.813,4.301,12.557,0,4.301,3.46E+02,15.15524105
1989,260,19.468,4.157,11.8125,0,4.157,2.74E+02,14.85088513
1989,261,21.74,1.83,11.785,0.024,1.83,3.15E+02,15.30057794
1989,262,23.62,10.197,16.9085,0.011,10.197,2.49E+02,14.25196524
1989,263,18.247,11.76,15.0035,0.026,11.76,2.15E+02,10.82555821
1989,264,14.801,10.619,12.71,0.464,10.619,1.35E+02,8.352529619
1989,265,19.25,10.895,15.0725,5.243,10.895,1.59E+02,12.03944226
1989,266,10.298,0.756,5.527,14.468,0.756,2.45E+02,12.5865347
1989,267,7.194,-0.416,3.389,1.122,-0.416,1.53E+02,11.45179036
1989,268,14.083,3.155,8.619,2.318,3.155,2.40E+02,12.97374693
1989,269,7.55,-0.304,3.623,7.172,-0.304,3.46E+02,11.48056466
1989,270,4.893,-1.938,1.4775,0.328,-1.938,2.44E+02,10.73765867
1989,271,14.832,2.893,8.8625,1.445,2.893,1.94E+02,12.99835566
1989,272,11.836,0.598,6.217,6.224,0.598,1.58E+02,12.70782636
1989,273,9.431,-2.689,3.371,0.165,-2.689,2.29E+02,12.84607132
1989,274,16.004,4.678,10.341,1.589,4.678,1.31E+02,12.54300952
1989,275,13.054,2.991,8.0225,10.918,2.991,8.64E+01,12.0577759
1989,276,1.784,-2.798,-0.507,8.061,-2.798,8.64E+01,8.456723952
1989,277,1.344,-3.638,-1.147,4.782,-3.638,8.64E+01,8.830266831
1989,278,3.182,-1.297,0.9425,0.089,-1.297,8.64E+01,8.273500146
1989,279,3.711,-0.157,1.777,3.9,-0.157,8.64E+01,7.537567808
1989,280,4.141,0.178,2.1595,1.848,0.178,8.64E+01,7.621858182
1989,281,1.834,-0.802,0.516,4.807,-0.802,8.64E+01,5.772446377
1989,282,2.477,-3.431,-0.477,1.157,-3.431,8.64E+01,9.392383127
1989,283,6.639,-4,1.3195,0.299,-4,8.64E+01,11.48955188
1989,284,6.422,0.498,3.46,3.061,0.498,8.64E+01,9.29504903
1989,285,8.917,3.505,6.211,10.685,3.505,8.64E+01,8.850617253
1989,286,6.474,1.136,3.805,1.456,1.136,8.64E+01,8.741143393
1989,287,3.031,-0.857,1.087,0.059,-0.857,8.64E+01,7.311457893
1989,288,2.966,-2.5,0.233,1.996,-2.5,8.64E+01,8.740066289
1989,289,1.158,-3.627,-1.2345,7.512,-3.627,8.64E+01,8.132533234
1989,290,-1.083,-8.216,-4.6495,0,-8.216,8.64E+01,9.645411884
1989,291,-0.694,-8.806,-4.75,0,-8.806,8.64E+01,9.992381173
1989,292,3.289,-10.601,-3.656,0,-10.601,8.64E+01,11.04095917
1989,293,3.696,-4.788,-0.546,25.168,-4.788,8.64E+01,9.958914765
1989,294,4.203,0.688,2.4455,15.602,0.688,8.64E+01,6.665614404
1989,295,4.576,-0.748,1.914,0.676,-0.748,8.64E+01,8.268521304
1989,296,10.032,-0.345,4.8435,0,-0.345,8.64E+01,10.15885487
1989,297,14.763,3.143,8.953,0,3.143,8.64E+01,10.25107189
1989,298,14.59,0.837,7.7135,0,0.837,8.64E+01,10.34962837
1989,299,13.811,3.011,8.411,0.059,3.011,8.64E+01,9.93417246
1989,300,17.65,9.148,13.399,0,9.148,8.64E+01,9.37417026
1989,301,16.188,5.726,10.957,0,5.726,8.64E+01,9.687559402
1989,302,15.87,3.811,9.8405,0.492,3.811,8.64E+01,9.781303196
1989,303,14.404,3.39,8.897,9.67,3.39,8.64E+01,9.568400702
1989,304,11.522,1.959,6.7405,5.9,1.959,8.64E+01,9.259747126
1989,305,10.794,-3.42,3.687,8.179,-3.42,8.64E+01,9.609172055
1989,306,-2.628,-5.192,-3.91,2.638,-5.192,2.87E+02,5.188004968
1989,307,-0.799,-7.674,-4.2365,1.644,-7.674,1.19E+02,8.330519356
1989,308,-5.07,-13.414,-9.242,0.382,-13.414,1.37E+02,8.676154984
1989,309,0.053,-11.125,-5.536,7.573,-11.125,1.93E+02,9.009555182
1989,310,2.684,-1.296,0.694,20.918,-1.296,2.53E+02,6.564133938
1989,311,0.488,-1.643,-0.5775,0.45,-1.643,2.35E+02,4.495866932
1989,312,2.212,-0.995,0.6085,0.687,-0.995,1.39E+02,5.790714071
1989,313,3.379,0.804,2.0915,22.128,0.804,2.48E+02,5.05560338
1989,314,2.362,-2.096,0.133,1.831,-2.096,2.78E+02,6.753976554
1989,315,1.345,-5.167,-1.911,4.998,-5.167,2.71E+02,7.679662545
1989,316,-5.648,-11.425,-8.5365,0.58,-11.425,2.93E+02,7.349906267
1989,317,-4.756,-12.162,-8.459,1.396,-12.162,2.08E+02,7.800042839
1989,318,-3.135,-8.984,-6.0595,0.011,-8.984,1.07E+02,7.268985412
1989,319,-0.883,-4.558,-2.7205,9.742,-4.558,1.92E+02,5.998037766
1989,320,9.658,-1.481,4.0885,31.755,-1.481,1.33E+02,8.054773749
1989,321,-2.05,-9.832,-5.941,1.853,-9.832,1.56E+02,7.615078379
1989,322,-6.866,-15.119,-10.9925,0,-15.119,1.55E+02,7.62850541
1989,323,-11.012,-19.598,-15.305,1.116,-19.598,1.43E+02,7.609749895
1989,324,-8.613,-16.319,-12.466,2.615,-16.319,3.22E+02,7.414777583
1989,325,-10.797,-20.527,-15.662,0,-20.527,2.03E+02,7.596510886
1989,326,-11.11,-22.052,-16.581,0.382,-22.052,2.44E+02,7.607835113
1989,327,-14.493,-25.623,-20.058,0,-25.623,1.93E+02,7.550729444
1989,328,-12.887,-28.319,-20.603,1.311,-28.319,2.52E+02,7.579593097
1989,329,-15.869,-29.92,-22.8945,0.763,-29.92,2.63E+02,7.49853494
1989,330,-9.476,-17.863,-13.6695,2.244,-17.863,3.01E+02,7.170533205
1989,331,-11.11,-19.469,-15.2895,0.759,-19.469,3.58E+02,7.115450989
1989,332,-10.513,-19.882,-15.1975,3.08,-19.882,2.16E+02,7.156619084
1989,333,-16.208,-24.409,-20.3085,1.351,-24.409,4.31E+02,7.000042064
1989,334,-13.989,-22.811,-18.4,0.896,-22.811,3.32E+02,7.015107847
1989,335,-16.484,-25.528,-21.006,0.394,-25.528,3.83E+02,6.98781573
1989,336,-16.321,-21.817,-19.069,0.359,-21.817,1.65E+02,6.356545322
1989,337,-14.894,-22.951,-18.9225,1.248,-22.951,2.58E+02,6.813940426
1989,338,-18.094,-26.201,-22.1475,0,-26.201,1.02E+02,6.78195682
1989,339,-14.594,-25.508,-20.051,0,-25.508,3.09E+02,6.918904799
1989,340,-7.696,-23.914,-15.805,1.077,-23.914,3.33E+02,6.952244317
1989,341,-20.186,-26.584,-23.385,0.228,-26.584,1.87E+02,6.437207799
1989,342,-20.074,-30.705,-25.3895,0,-30.705,1.63E+02,6.806704768
1989,343,-15.829,-34.559,-25.194,1.727,-34.559,2.89E+02,6.856809013
1989,344,-10.754,-21.95,-16.352,3.41,-21.95,1.78E+02,6.767519771
1989,345,-20.892,-32.511,-26.7015,0,-32.511,1.89E+02,6.753036722
1989,346,-21.955,-34.89,-28.4225,0,-34.89,2.57E+02,6.752514454
1989,347,-21.484,-31.534,-26.509,0.456,-31.534,1.30E+02,6.664849357
1989,348,-19.576,-24.365,-21.9705,2,-24.365,1.22E+02,5.872593204
1989,349,-18.437,-26.389,-22.413,0.56,-26.389,2.67E+02,6.501041112
1989,350,-17.684,-23.867,-20.7755,0.228,-23.867,2.06E+02,6.239648616
1989,351,-14.582,-19.39,-16.986,0,-19.39,2.74E+02,5.857148873
1989,352,-14.602,-18.691,-16.6465,0,-18.691,3.01E+02,5.549861144
1989,353,-15.979,-28.687,-22.333,0,-28.687,3.14E+02,6.666455095
1989,354,-16.92,-29.146,-23.033,0.572,-29.146,3.41E+02,6.658463391
1989,355,-23.463,-27.795,-25.629,0.228,-27.795,2.25E+02,5.660780495
1989,356,-18.439,-28.338,-23.3885,0.726,-28.338,8.86E+01,6.602465707
1989,357,-18.065,-26.84,-22.4525,0.089,-26.84,9.04E+01,6.548952159
1989,358,-9.458,-19.649,-14.5535,2.068,-19.649,1.86E+02,6.629367768
1989,359,-12.622,-20.405,-16.5135,4.372,-20.405,2.82E+02,6.485072224
1989,360,-21.896,-33.519,-27.7075,0.403,-33.519,9.70E+01,6.695674091
1989,361,-21.504,-39.023,-30.2635,1.071,-39.023,1.06E+02,6.758824974
1989,362,-21.824,-34.421,-28.1225,0.228,-34.421,1.17E+02,6.749577779
1989,363,-24.067,-37.777,-30.922,0,-37.777,2.14E+02,6.785079008
1989,364,-15.042,-29.165,-22.1035,0,-29.165,2.83E+02,6.814108033
1989,365,-9.939,-22.486,-16.2125,11.028,-22.486,1.63E+02,6.82445194
1989,366,-9.939,-22.486,-16.2125,11.028,-22.486,1.63E+02,6.82445194
