DJ0207XDMNXPHWR
CCXMDDM
24,1,12.0
7,0.075,0.125,0.00,0,0,0,0,0,0,0,0
1992,1,-7.719,-19.497,-13.608,0.319,-19.497,1.60E+02,6.840580367,,,
1992,2,-6.899,-22.494,-14.6965,0.292,-22.494,1.91E+02,6.91602633,,,
1992,3,-3.412,-7.332,-5.372,0,-7.332,2.38E+02,5.594168873,,,
1992,4,1.774,-4.185,-1.2055,5.748,-4.185,3.58E+02,6.396609429,,,
1992,5,0.539,-1.117,-0.289,4.187,-1.117,1.22E+02,3.497490646,,,
1992,6,-1.635,-7.266,-4.4505,2.189,-7.266,1.81E+02,6.368289165,,,
1992,7,-6.697,-16.034,-11.3655,0.66,-16.034,1.85E+02,6.968379557,,,
1992,8,-13.736,-25.252,-19.494,0,-25.252,2.16E+02,7.113449748,,,
1992,9,-10.923,-18.02,-14.4715,5.018,-18.02,1.73E+02,6.805150539,,,
1992,10,-11.643,-25.731,-18.687,1.172,-25.731,1.45E+02,7.265645936,,,
1992,11,-24.259,-34.672,-29.4655,0,-34.672,1.08E+02,7.224280188,,,
1992,12,-12.296,-34.46,-23.378,1.703,-34.46,1.08E+02,7.411930723,,,
1992,13,-8.358,-16.733,-12.5455,4.65,-16.733,2.86E+02,7.173392274
1992,14,-17.546,-25.027,-21.2865,11.59,-25.027,1.40E+02,7.10217242
1992,15,-25.821,-35.324,-30.5725,0.974,-35.324,2.46E+02,7.394602866
1992,16,-30.866,-37.168,-34.017,0,-37.168,4.62E+02,6.951843726
1992,17,-24.761,-40.285,-32.523,0,-40.285,2.31E+02,7.725310223
1992,18,-26.023,-32.711,-29.367,0,-32.711,1.42E+02,7.15274887
1992,19,-26.852,-35.09,-30.971,0,-35.09,2.97E+02,7.503746265
1992,20,-24.468,-36.251,-30.3595,0,-36.251,4.20E+02,7.864313298
1992,21,-18.452,-32.377,-25.4145,0.222,-32.377,1.59E+02,8.005650407
1992,22,-16.787,-38.55,-27.6685,0.29,-38.55,2.39E+02,8.144862826
1992,23,-3.373,-18.653,-11.013,10.87,-18.653,2.50E+02,8.193240377
1992,24,-5.652,-32.116,-18.884,7.27,-32.116,2.60E+02,8.323028245
1992,25,-27.544,-36.916,-32.23,0,-36.916,2.40E+02,8.066165553
1992,26,-25.298,-35.871,-30.5845,0,-35.871,1.11E+02,8.262695556
1992,27,-19.24,-35.128,-27.184,0,-35.128,1.23E+02,8.557457355
1992,28,-4.795,-33.995,-19.395,2.235,-33.995,1.51E+02,8.699222579
1992,29,-3.658,-14.421,-9.0395,3.472,-14.421,2.18E+02,8.530844316
1992,30,-10.254,-16.134,-13.194,2.804,-16.134,2.66E+02,7.567753241
1992,31,-14.052,-21.417,-17.7345,0,-21.417,1.86E+02,8.140442692
1992,32,-15.414,-30.209,-22.8115,0,-30.209,2.91E+02,9.01841944
1992,33,-15.141,-32.691,-23.916,0,-32.691,1.10E+02,9.173806782
1992,34,-9.774,-27.807,-18.7905,0,-27.807,1.90E+02,9.2854146
1992,35,-11.738,-34.33,-23.034,0,-34.33,2.77E+02,9.423890228
1992,36,-16.481,-27.608,-22.0445,0,-27.608,2.79E+02,9.203493628
1992,37,-19.32,-34.243,-26.7815,0,-34.243,1.21E+02,9.541407302
1992,38,-16.391,-26.687,-21.539,1.357,-26.687,2.79E+02,9.293436907
1992,39,-12.403,-27.41,-19.9065,1.518,-27.41,2.25E+02,9.761507762
1992,40,-22.694,-34.15,-28.422,0.238,-34.15,1.99E+02,9.629801252
1992,41,-11.599,-35.3,-23.4495,4.448,-35.3,1.87E+02,10.12015062
1992,42,-12.83,-34.493,-23.6615,1.261,-34.493,2.31E+02,10.22979547
1992,43,-17.502,-36.29,-26.896,0.075,-36.29,2.29E+02,10.31792739
1992,44,-7.561,-19.047,-13.304,3.686,-19.047,2.79E+02,10.03937717
1992,45,-17.523,-28.903,-23.213,0.313,-28.903,2.61E+02,10.12836202
1992,46,-10.703,-26.933,-18.818,0,-26.933,2.35E+02,10.60954825
1992,47,-6.065,-18.736,-12.4005,0,-18.736,1.76E+02,10.49104249
1992,48,-6.939,-24.67,-15.8045,0.654,-24.67,2.32E+02,10.9019628
1992,49,-7.199,-30.787,-18.993,0.09,-30.787,2.00E+02,11.11954787
1992,50,-7.291,-14.156,-10.7235,2.959,-14.156,1.55E+02,9.312240136
1992,51,-12.998,-25.398,-19.198,0,-25.398,1.31E+02,10.89651709
1992,52,-15.656,-25.157,-20.4065,0.213,-25.157,3.10E+02,10.44777452
1992,53,-10.366,-22.991,-16.6785,3.263,-22.991,2.00E+02,11.14457682
1992,54,-16.891,-29.24,-23.0655,0,-29.24,2.25E+02,11.21643325
1992,55,-10.348,-31.337,-20.8425,0,-31.337,1.69E+02,11.87249943
1992,56,-9.686,-27.63,-18.658,2.983,-27.63,2.27E+02,11.91336202
1992,57,-4.886,-12.43,-8.658,1.789,-12.43,1.38E+02,10.143095
1992,58,-6.771,-23.597,-15.184,1.815,-23.597,1.29E+02,12.11017723
1992,59,-16.817,-28.935,-22.876,0.285,-28.935,1.22E+02,11.71870545
1992,60,-24.5,-34.459,-29.4795,0,-34.459,1.29E+02,11.31533442
1992,61,-20.572,-38.238,-29.405,0,-38.238,1.27E+02,12.53686453
1992,62,-14.517,-33.854,-24.1855,0,-33.854,2.33E+02,12.74547278
1992,63,-8.65,-30.423,-19.5365,0.46,-30.423,3.16E+02,12.95644486
1992,64,-1.089,-27.186,-14.1375,0,-27.186,2.30E+02,13.16567159
1992,65,-2.059,-19.812,-10.9355,0,-19.812,1.48E+02,13.04995103
1992,66,-4.38,-27.914,-16.147,0.843,-27.914,2.94E+02,13.40252106
1992,67,-0.266,-12.88,-6.573,5.054,-12.88,1.63E+02,12.66286739
1992,68,1.921,-13.834,-5.9565,0,-13.834,1.28E+02,13.24905958
1992,69,1.733,-8.291,-3.279,12.756,-8.291,1.18E+02,12.14501487
1992,70,-9.288,-16.402,-12.845,23.956,-16.402,2.83E+02,10.7701522
1992,71,-11.862,-18.419,-15.1405,6.538,-18.419,2.68E+02,10.43295896
1992,72,-14.163,-22.237,-18.2,11.745,-22.237,1.85E+02,11.48785412
1992,73,-20.845,-28.763,-24.804,1.583,-28.763,3.58E+02,11.46463115
1992,74,-17.136,-31.257,-24.1965,1.054,-31.257,2.20E+02,13.6984168
1992,75,-14.898,-26.454,-20.676,0.218,-26.454,3.22E+02,13.19115739
1992,76,-7.778,-28.894,-18.336,3.485,-28.894,1.79E+02,14.65193879
1992,77,-7.059,-25.188,-16.1235,1.852,-25.188,1.62E+02,14.56858269
1992,78,-14.693,-23.534,-19.1135,0.559,-23.534,1.58E+02,12.32360199
1992,79,-8.286,-29.624,-18.955,0,-29.624,1.42E+02,15.04705621
1992,80,-11.009,-22.679,-16.844,0,-22.679,3.03E+02,13.67970213
1992,81,-13.613,-28.752,-21.1825,0,-28.752,3.27E+02,14.63038853
1992,82,-9.39,-32.056,-20.723,0,-32.056,3.25E+02,15.49419217
1992,83,-7.815,-30.401,-19.108,0,-30.401,1.76E+02,15.61589518
1992,84,-6.645,-28.775,-17.71,0,-28.775,2.63E+02,15.71573713
1992,85,0.274,-26.416,-13.071,1.154,-26.416,2.28E+02,16.02212992
1992,86,4.731,-1.645,1.543,3.041,-1.645,2.34E+02,11.00265366
1992,87,-0.427,-5.138,-2.7825,14.162,-5.138,2.77E+02,9.243052958
1992,88,-2.675,-7.395,-5.035,3.118,-7.395,2.19E+02,9.280990437
1992,89,-1.901,-11.57,-6.7355,0,-11.57,3.49E+02,13.51283629
1992,90,0.255,-9.05,-4.3975,0,-9.05,1.75E+02,13.37187576
1992,91,-0.705,-5.152,-2.9285,3.996,-5.152,2.78E+02,9.001084503
1992,92,0.116,-4.949,-2.4165,2.894,-4.949,2.57E+02,9.813670706
1992,93,-2.321,-9.29,-5.8055,1.583,-9.29,1.55E+02,11.83113416
1992,94,-0.321,-7.822,-4.0715,0.928,-7.822,1.23E+02,12.3284599
1992,95,-1.257,-5.6,-3.4285,1.021,-5.6,4.34E+02,8.945264357
1992,96,-0.257,-3.759,-2.008,0,-3.759,5.46E+02,7.702948699
1992,97,2.084,-8.569,-3.2425,0,-8.569,4.32E+02,14.54163598
1992,98,0.958,-4.265,-1.6535,5.344,-4.265,2.54E+02,10.16323064
1992,99,0.584,-9.79,-4.603,0,-9.79,2.16E+02,14.51702229
1992,100,6.148,-6.019,0.0645,4.58,-6.019,2.38E+02,15.43378256
1992,101,-9.004,-14.632,-11.818,0.459,-14.632,2.38E+02,10.72506525
1992,102,-1.011,-20.917,-10.964,6.014,-20.917,2.58E+02,17.48794402
1992,103,-6.941,-11.949,-9.445,0.646,-11.949,1.28E+02,10.00712542
1992,104,-3.916,-21.6,-12.758,0,-21.6,2.05E+02,17.31917084
1992,105,-3.042,-12.329,-7.6855,0,-12.329,2.06E+02,14.16904962
1992,106,2.958,-12.265,-4.6535,0,-12.265,2.12E+02,16.90893294
1992,107,9.458,-10.075,-0.3085,0,-10.075,2.30E+02,17.88666868
1992,108,10.863,-7.139,1.862,0,-7.139,2.75E+02,17.71029743
1992,109,11.894,-6.202,2.846,0,-6.202,1.69E+02,17.80787383
1992,110,12.894,-4.139,4.3775,13.571,-4.139,3.67E+02,17.66309824
1992,111,7.426,3.051,5.2385,11.913,3.051,3.70E+02,9.266566608
1992,112,5.489,3.456,4.4725,11.355,3.456,3.41E+02,5.101906384
1992,113,3.489,1.146,2.3175,16.242,1.146,3.31E+02,5.748783747
1992,114,2.894,0.583,1.7385,3.106,0.583,1.66E+02,5.688412948
1992,115,6.768,0.551,3.6595,0,0.551,4.05E+02,11.74618762
1992,116,9.489,-0.885,4.302,0,-0.885,2.09E+02,15.36784634
1992,117,9.148,-3.17,2.989,0,-3.17,2.71E+02,16.48996619
1992,118,6.274,-3.417,1.4285,0,-3.417,2.48E+02,14.98866387
1992,119,5.464,-6.695,-0.6155,0,-6.695,2.42E+02,16.50585741
1992,120,7.116,-1.107,3.0045,1.668,-1.107,3.43E+02,13.89269319
1992,121,2.743,-1.759,0.492,0,-1.759,1.69E+02,9.585204351
1992,122,5.616,-7.766,-1.075,0,-7.766,1.29E+02,17.21434249
1992,123,7.243,-1.02,3.1115,7.617,-1.02,1.90E+02,14.01000287
1992,124,8.863,-0.893,3.985,0,-0.893,2.57E+02,15.23892216
1992,125,7.053,-2.988,2.0325,0,-2.988,1.56E+02,15.47365935
1992,126,6.989,-3.925,1.532,0,-3.925,1.92E+02,16.08425911
1992,127,9.989,-1.925,4.032,1.225,-1.925,2.36E+02,16.70461038
1992,128,6.901,1.885,4.393,9.655,1.885,3.99E+02,10.41591307
1992,129,15.964,3.759,9.8615,0.475,3.759,2.57E+02,16.93334535
1992,130,12.243,2.107,7.175,0,2.107,3.00E+02,15.68945151
1992,131,14.989,-2.988,6.0005,0,-2.988,2.36E+02,19.1623117
1992,132,25.989,2.139,14.064,0,2.139,3.05E+02,20.22569008
1992,133,25.148,11.759,18.4535,9.468,11.759,1.49E+02,17.66181766
1992,134,10.559,-0.703,4.928,8.374,-0.703,2.64E+02,16.547868
1992,135,9.243,-4.671,2.286,0,-4.671,1.77E+02,17.96633412
1992,136,15.021,-1.083,6.969,0,-1.083,2.73E+02,18.8351015
1992,137,19.053,4.234,11.6435,5.908,4.234,1.72E+02,18.40817039
1992,138,15.433,11.6,13.5165,15.25,11.6,2.17E+02,8.650324657
1992,139,7.179,-2.576,2.3015,0,-2.576,2.62E+02,15.62078105
1992,140,21.021,0.664,10.8425,0,0.664,2.27E+02,20.07092509
1992,141,26.489,8.917,17.703,0,8.917,2.50E+02,19.45706307
1992,142,31.553,15.632,23.5925,0,15.632,3.22E+02,18.97329135
1992,143,29.148,15.727,22.4375,0,15.727,1.83E+02,17.97016688
1992,144,18.433,2.17,10.3015,1.787,2.17,2.26E+02,19.14794064
1992,145,5.116,-5.108,0.004,0.073,-5.108,2.15E+02,16.08487644
1992,146,10.116,-5.83,2.143,0,-5.83,2.26E+02,19.0922296
1992,147,14.584,-2.02,6.282,0.288,-2.02,2.94E+02,19.34037367
1992,148,12.584,-1.735,5.4245,0,-1.735,1.86E+02,18.49763917
1992,149,15.433,-0.583,7.425,0,-0.583,2.89E+02,19.18831278
1992,150,23.553,10.322,16.9375,0,10.322,3.26E+02,18.02283465
1992,151,25.084,11.474,18.279,0,11.474,2.43E+02,18.22816053
1992,152,19.736,12.822,16.279,0.741,12.822,1.50E+02,13.08220946
1992,153,16.754,3.471,10.1125,0,3.471,2.54E+02,18.09833521
1992,154,22.096,1.965,12.0305,2.031,1.965,2.07E+02,20.43489297
1992,155,14.159,3.313,8.736,0,3.313,2.19E+02,16.66866361
1992,156,13.096,-2.719,5.1885,0,-2.719,2.31E+02,19.24488493
1992,157,21.906,7.521,14.7135,8.623,7.521,1.80E+02,18.67791616
1992,158,17.969,10.496,14.2325,8.838,10.496,3.07E+02,13.74367425
1992,159,20.286,12.028,16.157,8.48,12.028,2.65E+02,14.55557271
1992,160,16.286,7.87,12.078,1.469,7.87,2.47E+02,14.71389667
1992,161,11.286,5.218,8.252,2.406,5.218,3.62E+02,12.09082501
1992,162,16.033,5.528,10.7805,0,5.528,3.33E+02,16.48201094
1992,163,21.128,4.028,12.578,4.746,4.028,3.08E+02,19.76817023
1992,164,19.691,10.838,15.2645,0.158,10.838,1.41E+02,15.13964958
1992,165,17.571,6.743,12.157,1.469,6.743,2.77E+02,16.72943297
1992,166,10.191,-0.314,4.9385,0,-0.314,2.48E+02,16.50013937
1992,167,15.159,-1.909,6.625,0,-1.909,2.60E+02,19.78363487
1992,168,22.564,7.49,15.027,0,7.49,1.78E+02,19.05998115
1992,169,28.064,9.711,18.8875,0,9.711,1.39E+02,20.17111749
1992,170,27.096,18.458,22.777,0,18.458,1.31E+02,14.95413217
1992,171,16.539,8.345,12.442,20.226,8.345,3.59E+02,14.52706581
1992,172,7.944,5.25,6.597,3.617,5.25,2.63E+02,6.59628945
1992,173,7.571,4.281,5.926,1.526,4.281,1.85E+02,7.754262956
1992,174,9.286,4.313,6.7995,6.642,4.313,9.72E+01,10.57496029
1992,175,17.001,2.75,9.8755,0,2.75,1.68E+02,18.70078429
1992,176,20.969,5.06,13.0145,0,5.06,1.93E+02,19.38173216
1992,177,22.969,6.028,14.4985,0.229,6.028,3.23E+02,19.73554916
1992,178,23.843,6.965,15.404,0.659,6.965,3.00E+02,19.70871976
1992,179,22.096,5.965,14.0305,0.115,5.965,2.77E+02,19.4449601
1992,180,23.564,6.686,15.125,0,6.686,2.19E+02,19.69319151
1992,181,16.906,12.521,14.7135,4.262,12.521,1.38E+02,9.651271038
1992,182,9.793,6.186,7.9895,2.218,6.186,1.34E+02,8.326985593
1992,183,13.963,3.21,8.5865,0.489,3.21,2.11E+02,16.64519334
1992,184,18.026,4.957,11.4915,0,4.957,1.80E+02,18.05826318
1992,185,20.899,6.767,13.833,10.531,6.767,1.42E+02,18.5710563
1992,186,11.899,10.115,11.007,6.975,10.115,2.31E+02,4.637010991
1992,187,16.026,10.147,13.0865,7.225,10.147,3.10E+02,11.82268261
1992,188,18.431,10.774,14.6025,6.089,10.774,1.94E+02,13.91874557
1992,189,20.963,8.615,14.789,0,8.615,1.22E+02,17.60260312
1992,190,23.463,10.83,17.1465,0.321,10.83,1.43E+02,17.74877285
1992,191,18.773,13.52,16.1465,1.081,13.52,1.78E+02,10.94160982
1992,192,20.963,12.894,16.9285,15.215,12.894,1.39E+02,14.30623977
1992,193,16.558,6.337,11.4475,0,6.337,1.29E+02,16.15232806
1992,194,18.931,3.425,11.178,0.463,3.425,1.89E+02,18.9939792
1992,195,16.216,3.084,9.65,1.587,3.084,8.64E+01,17.92831195
1992,196,21.399,4.957,13.178,0,4.957,1.05E+02,19.27791581
1992,197,16.963,2.337,9.65,0,2.337,1.25E+02,18.57601606
1992,198,20.494,2.925,11.7095,5.679,2.925,1.07E+02,19.57000423
1992,199,18.399,11.894,15.1465,1.977,11.894,2.57E+02,12.53050546
1992,200,18.058,11.274,14.666,0,11.274,1.13E+02,12.84908509
1992,201,22.963,4.957,13.96,0,4.957,1.85E+02,19.59652978
1992,202,19.089,12.545,15.817,15.392,12.545,2.08E+02,12.54629406
1992,203,15.963,1.369,8.666,0.995,1.369,1.91E+02,18.4018622
1992,204,17.994,6.767,12.3805,2.063,6.767,2.56E+02,16.64559417
1992,205,22.089,9.735,15.912,2.013,9.735,3.28E+02,17.28365346
1992,206,25.058,12.672,18.865,0.055,12.672,1.85E+02,17.27333104
1992,207,20.589,14.894,17.7415,12.055,14.894,2.57E+02,11.42947723
1992,208,16.836,12.084,14.46,58.353,12.084,1.31E+02,10.09568841
1992,209,17.963,12.147,15.055,20.177,12.147,1.49E+02,11.56493643
1992,210,16.994,10.147,13.5705,3.835,10.147,1.64E+02,12.79138138
1992,211,16.684,10.989,13.8365,10.114,10.989,2.29E+02,11.38402085
1992,212,14.153,7.274,10.7135,2.681,7.274,2.73E+02,12.79521901
1992,213,20.026,7.059,13.5425,0.068,7.059,2.03E+02,17.34385235
1992,214,20.819,11.982,16.4005,9.452,11.982,2.53E+02,14.65069383
1992,215,16.85,11.666,14.258,12.439,11.666,2.18E+02,10.64813998
1992,216,22.009,11.982,16.9955,1.837,11.982,2.40E+02,15.51594477
1992,217,20.104,9.824,14.964,0.703,9.824,9.38E+01,15.66053798
1992,218,11.889,9.267,10.578,2.49,9.267,1.92E+02,6.360648036
1992,219,21.135,8.736,14.9355,0.847,8.736,2.00E+02,16.8304757
1992,220,23.009,10.951,16.98,15.16,10.951,1.79E+02,16.61467763
1992,221,24.977,11.919,18.448,0.026,11.919,1.74E+02,17.05724564
1992,222,24.755,12.014,18.3845,0,12.014,1.72E+02,16.86578352
1992,223,23.509,15.077,19.293,4.857,15.077,1.38E+02,14.06531548
1992,224,10.23,7.362,8.796,0.183,7.362,1.99E+02,6.807113562
1992,225,15.135,3.331,9.233,0.102,3.331,2.06E+02,16.26523326
1992,226,18.477,1.982,10.2295,0.076,1.982,1.59E+02,17.99222264
1992,227,20.104,5.197,12.6505,0.183,5.197,2.35E+02,17.45991522
1992,228,22.945,7.792,15.3685,0,7.792,2.18E+02,17.4787608
1992,229,23.945,6.761,15.353,0.102,6.761,2.45E+02,17.96542805
1992,230,24.382,9.824,17.103,0.254,9.824,2.30E+02,17.16145885
1992,231,23.914,12.919,18.4165,3.27,12.919,2.58E+02,15.54561017
1992,232,16.73,12.261,14.4955,13.047,12.261,3.44E+02,9.400981808
1992,233,13.604,8.799,11.2015,0.548,8.799,3.00E+02,9.862838301
1992,234,22.604,5.982,14.293,5.054,5.982,2.47E+02,17.47349897
1992,235,18.104,5.989,12.0465,0,5.989,2.38E+02,15.89978401
1992,236,25.509,9.197,17.353,0,9.197,3.22E+02,17.24823412
1992,237,26.509,11.014,18.7615,1.869,11.014,1.69E+02,16.96453299
1992,238,14.92,11.331,13.1255,11.611,11.331,2.52E+02,7.958884437
1992,239,16.11,10.141,13.1255,8.53,10.141,2.79E+02,11.18930659
1992,240,13.199,8.331,10.765,0,8.331,2.61E+02,9.817771316
1992,241,13.009,7.704,10.3565,37.768,7.704,2.46E+02,10.35585383
1992,242,16.23,9.204,12.717,6.858,9.204,1.63E+02,12.1824729
1992,243,14.945,9.172,12.0585,2.946,9.172,1.35E+02,10.85836006
1992,244,13.667,9.077,11.372,2.265,9.077,1.87E+02,9.362107108
1992,245,11.165,5.282,8.2235,1.674,5.282,3.23E+02,10.92345761
1992,246,15.912,7.712,11.812,0,7.712,1.37E+02,13.00448722
1992,247,16.007,6.553,11.28,16.628,6.553,1.48E+02,13.80150821
1992,248,15.038,4.218,9.628,0.925,4.218,1.49E+02,14.48020815
1992,249,20.07,4.775,12.4225,0,4.775,2.53E+02,15.92042531
1992,250,22.165,11.585,16.875,2.57,11.585,2.47E+02,14.23071777
1992,251,15.228,7.845,11.5365,0.547,7.845,3.50E+02,12.13178786
1992,252,19.133,8.782,13.9575,13.907,8.782,2.41E+02,13.9837159
1992,253,15.165,6.155,10.66,2.813,6.155,1.40E+02,13.1831069
1992,254,15.697,7.218,11.4575,3.249,7.218,2.17E+02,12.787994
1992,255,8.26,1.782,5.021,0.975,1.782,2.65E+02,11.17124911
1992,256,15.038,-1.408,6.815,0,-1.408,3.17E+02,15.46283531
1992,257,20.785,9.338,15.0615,4.955,9.338,1.80E+02,14.09006335
1992,258,19.102,10.338,14.72,0.659,10.338,3.05E+02,12.72974532
1992,259,20.197,12.497,16.347,0.108,12.497,3.46E+02,11.97511553
1992,260,18.165,4.402,11.2835,1.259,4.402,2.74E+02,14.52806372
1992,261,17.57,11.06,14.315,1.411,11.06,3.15E+02,10.93842749
1992,262,19.165,7.44,13.3025,11.615,7.44,2.49E+02,13.76902529
1992,263,9.102,0.813,4.9575,2.236,0.813,2.15E+02,12.12870946
1992,264,12.165,-0.503,5.831,0.121,-0.503,1.35E+02,13.86699102
1992,265,16.912,7.648,12.28,6.247,7.648,1.59E+02,12.52851924
1992,266,16.102,10.187,13.1445,0.722,10.187,2.45E+02,10.18369358
1992,267,3.197,-1.813,0.692,0,-1.813,1.53E+02,9.24237443
1992,268,15.038,-3.13,5.954,0.108,-3.13,2.40E+02,14.30849842
1992,269,20.975,10.237,15.606,0,10.237,3.46E+02,12.8204356
1992,270,20.88,6.458,13.669,0,6.458,2.44E+02,13.62335192
1992,271,15.038,10.553,12.7955,20.868,10.553,1.94E+02,8.519491451
1992,272,9.228,3.218,6.223,21.855,3.218,1.58E+02,9.988783914
1992,273,1.482,-0.75,0.366,1.011,-0.75,2.29E+02,5.197883477
1992,274,2.133,-3.877,-0.872,0.925,-3.877,1.31E+02,9.889691299
1992,275,4.929,-3.945,0.492,3.087,-3.945,8.64E+01,11.58659918
1992,276,12.119,3.801,7.96,0.862,3.801,8.64E+01,11.24942132
1992,277,3.65,-1.724,0.963,2.808,-1.724,8.64E+01,9.199315359
1992,278,4.619,-2.85,0.8845,2.246,-2.85,8.64E+01,10.65796677
1992,279,5.087,-1.755,1.666,0,-1.755,8.64E+01,10.21455067
1992,280,12.865,-3.54,4.6625,0,-3.54,8.64E+01,12.68508667
1992,281,10.309,3.611,6.96,0,3.611,8.64E+01,9.99845679
1992,282,15.15,4.77,9.96,0,4.77,8.64E+01,11.51661051
1992,283,14.119,6.453,10.286,0.75,6.453,8.64E+01,10.41175264
1992,284,13.182,9.15,11.166,1.872,9.15,8.64E+01,7.572811705
1992,285,9.372,6.055,7.7135,2.376,6.055,8.64E+01,6.674011412
1992,286,8.182,-0.407,3.8875,6.277,-0.407,8.64E+01,10.58036947
1992,287,4.65,-2.129,1.2605,3.173,-2.129,8.64E+01,9.663695986
1992,288,3.245,-3.755,-0.255,2.621,-3.755,8.64E+01,9.717188438
1992,289,3.34,0.801,2.0705,2.808,0.801,8.64E+01,5.482562191
1992,290,1.309,-1.072,0.1185,10.72,-1.072,8.64E+01,5.218976534
1992,291,0.182,-5.097,-2.4575,7.593,-5.097,8.64E+01,8.443246805
1992,292,0.714,-6.787,-3.0365,0,-6.787,8.64E+01,9.668633273
1992,293,-1.501,-11.319,-6.41,0,-11.319,8.64E+01,10.32990809
1992,294,-0.818,-6.819,-3.8185,0.935,-6.819,8.64E+01,8.767210854
1992,295,2.992,-6.072,-1.54,0,-6.072,8.64E+01,9.958183501
1992,296,5.182,-4.477,0.3525,1.497,-4.477,8.64E+01,10.01288944
1992,297,6.865,-1.629,2.618,22.719,-1.629,8.64E+01,9.624942153
1992,298,2.309,-1.692,0.3085,0.186,-1.692,8.64E+01,7.040806304
1992,299,2.182,-3.382,-0.6,0,-3.382,8.64E+01,8.208615436
1992,300,-0.66,-4.009,-2.3345,2.808,-4.009,8.64E+01,6.296175302
1992,301,-0.35,-2.787,-1.5685,1.067,-2.787,8.64E+01,5.111195456
1992,302,-1.755,-5.692,-3.7235,1.872,-5.692,8.64E+01,6.830282331
1992,303,-1.723,-5.819,-3.771,0.56,-5.819,8.64E+01,6.935024972
1992,304,-2.318,-6.85,-4.584,0.56,-6.85,8.64E+01,7.248375031
1992,305,-1.755,-6.73,-4.2425,0,-6.73,8.64E+01,7.51379845
1992,306,-0.978,-7.545,-4.2615,0,-7.545,2.87E+02,8.281447871
1992,307,-1.82,-8.172,-4.996,5.666,-8.172,1.19E+02,8.127733407
1992,308,1.427,-4.045,-1.309,14.429,-4.045,1.37E+02,7.650542366
1992,309,3.617,0.923,2.27,4.999,0.923,1.93E+02,5.289836802
1992,310,0.338,-2.045,-0.8535,1.92,-2.045,2.53E+02,4.866618729
1992,311,-4.225,-5.792,-5.0085,1.732,-5.792,2.35E+02,3.59636218
1992,312,-2.947,-7.918,-5.4325,0.421,-7.918,1.39E+02,7.163106979
1992,313,-4.01,-7.703,-5.8565,0,-7.703,2.48E+02,6.214617729
1992,314,-1.042,-15.045,-8.0435,0,-15.045,2.78E+02,8.695045052
1992,315,1.053,-6.678,-2.8125,5.049,-6.678,2.71E+02,8.01126509
1992,316,2.053,-2.95,-0.4485,0,-2.95,2.93E+02,6.986873073
1992,317,7.117,-5.235,0.941,22.328,-5.235,2.08E+02,8.363949816
1992,318,2.743,-1.855,0.444,2.107,-1.855,1.07E+02,6.669584518
1992,319,-4.788,-7.918,-6.353,0.608,-7.918,1.92E+02,5.520405128
1992,320,-8.63,-14.045,-11.3375,0.608,-14.045,1.33E+02,6.989366185
1992,321,-7.82,-15.14,-11.48,0,-15.14,1.56E+02,7.523287678
1992,322,-11.693,-22.887,-17.29,0,-22.887,1.55E+02,7.904624302
1992,323,-9.447,-21.108,-15.2775,0,-21.108,1.43E+02,7.852762078
1992,324,-7.63,-18.235,-12.9325,0.608,-18.235,3.22E+02,7.726043162
1992,325,-3.478,-12.235,-7.8565,19.664,-12.235,2.03E+02,7.502386176
1992,326,0.148,-7.608,-3.73,5.746,-7.608,2.44E+02,7.305759951
1992,327,-1.788,-6.165,-3.9765,1.801,-6.165,1.93E+02,6.192920181
1992,328,-4.82,-10.57,-7.695,0.421,-10.57,2.52E+02,6.739053898
1992,329,-1.883,-8.634,-5.2585,0,-8.634,2.63E+02,6.959694572
1992,330,-1.415,-2.887,-2.151,0.234,-2.887,3.01E+02,3.270601957
1992,331,0.053,-2.887,-1.417,0.677,-2.887,3.58E+02,5.063316137
1992,332,-6.972,-9.412,-8.192,0.234,-9.412,2.16E+02,4.547704645
1992,333,-1.915,-10.982,-6.4485,0,-10.982,4.31E+02,7.083109313
1992,334,-0.82,-6.235,-3.5275,0,-6.235,3.32E+02,6.396103162
1992,335,-4.693,-8.729,-6.711,0,-8.729,3.83E+02,5.765483678
1992,336,-3.936,-12.924,-8.43,0,-12.924,1.65E+02,6.940009718
1992,337,0.659,-7.462,-3.4015,0.652,-7.462,2.58E+02,6.820834278
1992,338,-2.214,-9.449,-5.8315,6.334,-9.449,1.02E+02,6.672488729
1992,339,-9.809,-17.544,-13.6765,1.214,-17.544,3.09E+02,6.705436942
1992,340,-13.214,-16.019,-14.6165,0,-16.019,3.33E+02,4.79777116
1992,341,-8.157,-22.829,-15.493,3.018,-22.829,1.87E+02,6.908209073
1992,342,-11.182,-14.955,-13.0685,1.589,-14.955,1.63E+02,5.474847092
1992,343,-12.777,-18.234,-15.5055,1.027,-18.234,2.89E+02,6.164235826
1992,344,-14.809,-18.335,-16.572,0,-18.335,1.78E+02,5.296003198
1992,345,-6.999,-22.272,-14.6355,1.589,-22.272,1.89E+02,6.7938113
1992,346,-4.872,-10.24,-7.556,0,-10.24,2.57E+02,6.086836395
1992,347,-4.872,-11.177,-8.0245,0,-11.177,1.30E+02,6.297280261
1992,348,-0.999,-13.462,-7.2305,0,-13.462,1.22E+02,6.709195052
1992,349,-1.189,-12.994,-7.0915,0.881,-12.994,2.67E+02,6.683794219
1992,350,1.544,-2.134,-0.295,1.044,-2.134,2.06E+02,5.337345402
1992,351,4.235,-1.281,1.477,2.799,-1.281,2.74E+02,6.077661802
1992,352,-2.682,-4.67,-3.676,0.433,-4.67,3.01E+02,3.876480568
1992,353,-14.992,-19.019,-17.0055,0,-19.019,3.14E+02,5.517000794
1992,354,-6.746,-21.272,-14.009,6.764,-21.272,3.41E+02,6.681271034
1992,355,-4.214,-12.702,-8.458,3.144,-12.702,2.25E+02,6.518710593
1992,356,-9.967,-25.209,-17.588,4.081,-25.209,8.86E+01,6.69052955
1992,357,-6.809,-19.272,-13.0405,5.71,-19.272,9.04E+01,6.674207929
1992,358,-1.809,-22.575,-12.192,3.837,-22.575,1.86E+02,6.716578519
1992,359,-25.682,-29.575,-27.6285,0,-29.575,2.82E+02,5.464418001
1992,360,-17.429,-35.955,-26.692,12.828,-35.955,9.70E+01,6.742464458
1992,361,-17.404,-23.765,-20.5845,1.027,-23.765,1.06E+02,6.309109367
1992,362,-12.157,-35.177,-23.667,4.144,-35.177,1.17E+02,6.783348892
1992,363,-6.936,-21.924,-14.43,2.9,-21.924,2.14E+02,6.79413206
1992,364,-16.841,-28.322,-22.5815,0.833,-28.322,2.83E+02,6.776483208
1992,365,-12.809,-20.924,-16.8665,5.954,-20.924,1.63E+02,6.629815645
1992,366,-15.556,-20.385,-17.9705,2.338,-20.385,2.63E+02,5.977531587
