DJ0207XDMNXPHWR
CCXMDDM
24,1,12.0
7,0.075,0.125,0.00,0,0,0,0,0,0,0,0
1993,1,-20.487,-29.886,-25.1865,1.178,-29.886,1.60E+02,6.753531691,,,
1993,2,-12.401,-24.281,-18.341,0.452,-24.281,1.91E+02,6.875377252,,,
1993,3,-2.946,-22.331,-12.6385,6.27,-22.331,2.38E+02,6.961781869,,,
1993,4,-0.826,-7.272,-4.049,5.827,-7.272,3.58E+02,6.505365563,,,
1993,5,-15.433,-21.125,-18.279,0,-21.125,1.22E+02,6.355633143,,,
1993,6,-10.857,-27.261,-19.059,1.697,-27.261,1.81E+02,7.08076514,,,
1993,7,-13.625,-22.452,-18.0385,1.163,-22.452,1.85E+02,6.93042309,,,
1993,8,-22.382,-31.696,-27.039,0,-31.696,2.16E+02,7.011058082,,,
1993,9,-25.685,-37.381,-31.533,0,-37.381,1.73E+02,7.168164722,,,
1993,10,-19.734,-36.695,-28.2145,0,-36.695,1.45E+02,7.285735701,,,
1993,11,-15.372,-27.139,-21.2555,0,-27.139,1.08E+02,7.276528058,,,
1993,12,-14.999,-28.746,-21.8725,0,-28.746,1.08E+02,7.375606226,,,
1993,13,-17.08,-26.369,-21.7245,0,-26.369,2.86E+02,7.261851015
1993,14,-14.978,-30.744,-22.861,0,-30.744,1.40E+02,7.521473255
1993,15,-11.947,-30.533,-21.24,0.274,-30.533,2.46E+02,7.601493103
1993,16,-4.312,-19.613,-11.9625,4.541,-19.613,4.62E+02,7.652350245
1993,17,-4.787,-15.15,-9.9685,1.519,-15.15,2.31E+02,7.580997632
1993,18,-18.867,-24.791,-21.829,0,-24.791,1.42E+02,6.937748021
1993,19,-10.561,-33.322,-21.9415,3.055,-33.322,2.97E+02,7.901289095
1993,20,-7.108,-17.584,-12.346,0,-17.584,4.20E+02,7.794645053
1993,21,-3.059,-14.311,-8.685,0.808,-14.311,1.59E+02,7.914181799
1993,22,-0.2,-8.472,-4.336,6.201,-8.472,2.39E+02,7.70336969
1993,23,0.003,-4.515,-2.256,0,-4.515,2.50E+02,6.542476649
1993,24,-0.9,-6.088,-3.494,11.006,-6.088,2.60E+02,6.940149547
1993,25,-20.34,-22.752,-21.546,0,-22.752,2.40E+02,4.755782957
1993,26,-9.027,-30.42,-19.7235,2.946,-30.42,1.11E+02,8.500860944
1993,27,-8.463,-22.292,-15.3775,1.638,-22.292,1.23E+02,8.514001383
1993,28,-20.645,-32.428,-26.5365,0,-32.428,1.51E+02,8.516758643
1993,29,-24.262,-29.638,-26.95,0.452,-29.638,2.18E+02,7.282382931
1993,30,-28.372,-36.252,-32.312,0.63,-36.252,2.66E+02,8.195508231
1993,31,-21.835,-35.977,-28.906,1.755,-35.977,1.86E+02,8.900030125
1993,32,-20.58,-32.419,-26.4995,0,-32.419,2.91E+02,8.884299805
1993,33,-3.718,-28.044,-15.881,1.218,-28.044,1.10E+02,9.210000387
1993,34,-3.716,-19.155,-11.4355,3.707,-19.155,1.90E+02,9.239695285
1993,35,-14.842,-22.551,-18.6965,1.929,-22.551,2.77E+02,8.526863489
1993,36,-17.781,-29.678,-23.7295,1.04,-29.678,2.79E+02,9.273321123
1993,37,-26.832,-39.38,-33.106,0,-39.38,1.21E+02,9.422178424
1993,38,-20.084,-38.448,-29.266,4.759,-38.448,2.79E+02,9.72933071
1993,39,-23.257,-33.805,-28.531,0,-33.805,2.25E+02,9.422400898
1993,40,-11.736,-37.004,-24.37,2.647,-37.004,1.99E+02,10.00522314
1993,41,-14.783,-31.786,-23.2845,0,-31.786,1.87E+02,10.04714378
1993,42,-17.943,-34.183,-26.063,0,-34.183,2.31E+02,10.14147604
1993,43,-12.814,-34.388,-23.601,1.218,-34.388,2.29E+02,10.35032208
1993,44,-9.832,-21.845,-15.8385,4.44,-21.845,2.79E+02,10.10062008
1993,45,-11.832,-19.491,-15.6615,0,-19.491,2.61E+02,9.281498606
1993,46,-11.973,-28.388,-20.1805,0,-28.388,2.35E+02,10.61653319
1993,47,-9.054,-21.659,-15.3565,0.884,-21.659,1.76E+02,10.48423608
1993,48,-19.926,-25.345,-22.6355,0.199,-25.345,2.32E+02,8.341258799
1993,49,-18.084,-35.337,-26.7105,0,-35.337,2.00E+02,11.00968182
1993,50,-18.55,-30.49,-24.52,0,-30.49,1.55E+02,10.72774218
1993,51,-24.481,-36.861,-30.671,0,-36.861,1.31E+02,10.89396258
1993,52,-20.054,-40.439,-30.2465,0.043,-40.439,3.10E+02,11.46952467
1993,53,-12.883,-34.986,-23.9345,1.755,-34.986,2.00E+02,11.62724141
1993,54,-12.277,-23.542,-17.9095,1.438,-23.542,2.25E+02,11.03894047
1993,55,-16.499,-25.618,-21.0585,0,-25.618,1.69E+02,10.60537319
1993,56,-12.003,-29.329,-20.666,0.727,-29.329,2.27E+02,11.88567107
1993,57,-12.559,-27.379,-19.969,0,-27.379,1.38E+02,11.84106631
1993,58,-8.438,-29.601,-19.0195,0,-29.601,1.29E+02,12.27303916
1993,59,-2.849,-17.296,-10.0725,0.798,-17.296,1.22E+02,12.04134663
1993,60,-2.269,-13.01,-7.6395,0,-13.01,1.29E+02,11.52897574
1993,61,0.853,-12.312,-5.7295,0,-12.312,1.27E+02,12.10818556
1993,62,-3.573,-9.812,-6.6925,0,-9.812,2.33E+02,9.697541715
1993,63,-2.957,-19.149,-11.053,0,-19.149,3.16E+02,12.68575169
1993,64,-4.047,-11.888,-7.9675,1.376,-11.888,2.30E+02,10.80042173
1993,65,-5.239,-12.65,-8.9445,1.242,-12.65,1.48E+02,10.63483646
1993,66,-4.36,-12.892,-8.626,1.245,-12.892,2.94E+02,11.28766721
1993,67,-2.714,-16.031,-9.3725,0,-16.031,1.63E+02,12.79510122
1993,68,-1.047,-15.477,-8.262,0.348,-15.477,1.28E+02,13.08287585
1993,69,-4.583,-13.475,-9.029,0.033,-13.475,1.18E+02,11.68500912
1993,70,-10.189,-23.05,-16.6195,0,-23.05,2.83E+02,13.02861723
1993,71,-8.885,-29.821,-19.353,0,-29.821,2.68E+02,13.99380836
1993,72,-14.138,-29.091,-21.6145,1.003,-29.091,1.85E+02,13.61255751
1993,73,-18.462,-24.185,-21.3235,0,-24.185,3.58E+02,9.838379824
1993,74,-12.442,-30.721,-21.5815,0.526,-30.721,2.20E+02,14.21583379
1993,75,0.022,-23.032,-11.505,16.468,-23.032,3.22E+02,14.60264012
1993,76,-19.462,-24.296,-21.879,0,-24.296,1.79E+02,9.054810517
1993,77,-10.329,-33.556,-21.9425,0,-33.556,1.62E+02,14.87238533
1993,78,-1.008,-18.767,-9.8875,0,-18.767,1.58E+02,14.65210588
1993,79,-0.239,-9.111,-4.675,2.304,-9.111,1.42E+02,12.40999722
1993,80,-0.48,-9.154,-4.817,2.468,-9.154,3.03E+02,12.36774538
1993,81,-4.724,-14.011,-9.3675,0,-14.011,3.27E+02,12.76858039
1993,82,1.247,-19.706,-9.2295,0,-19.706,3.25E+02,15.39829784
1993,83,6.65,-14.097,-3.7235,0,-14.097,1.76E+02,15.50661769
1993,84,13.251,-9.151,2.05,0,-9.151,2.63E+02,15.7307148
1993,85,14.034,-2.486,5.774,0,-2.486,2.28E+02,15.28515742
1993,86,11.892,-1.545,5.1735,0,-1.545,2.34E+02,14.74715945
1993,87,10.112,-1.1,4.506,0,-1.1,2.77E+02,14.09326065
1993,88,10.064,-3.365,3.3495,0,-3.365,2.19E+02,14.92608509
1993,89,3.468,-3.163,0.1525,0,-3.163,3.49E+02,11.36139597
1993,90,-4.562,-15.851,-10.2065,0,-15.851,1.75E+02,14.35352123
1993,91,-1.366,-17.749,-9.5575,0,-17.749,2.78E+02,15.87921845
1993,92,1.931,-8.651,-3.36,0,-8.651,2.57E+02,14.17899809
1993,93,5.388,-5.626,-0.119,0,-5.626,1.55E+02,14.45029109
1993,94,6.563,-8.477,-0.957,0,-8.477,1.23E+02,15.88087846
1993,95,10.021,-6.107,1.957,0,-6.107,4.34E+02,16.21275101
1993,96,13.641,-5.955,3.843,0,-5.955,5.46E+02,16.85900204
1993,97,13.958,-3.36,5.299,0,-3.36,4.32E+02,16.62498715
1993,98,14.584,-2.607,5.9885,0,-2.607,2.54E+02,16.69537503
1993,99,11.021,3.545,7.283,6.749,3.545,2.16E+02,12.5194481
1993,100,5.021,4.051,4.536,19,4.051,2.38E+02,2.636257162
1993,101,4.363,-6.6,-1.1185,0.166,-6.6,2.38E+02,14.94528321
1993,102,1.274,-8.1,-3.413,0,-8.1,2.58E+02,14.08268489
1993,103,6.551,-10.177,-1.813,0.387,-10.177,1.28E+02,17.04303697
1993,104,7.648,-4.202,1.723,0,-4.202,2.05E+02,15.55463692
1993,105,8.36,-7.562,0.399,6.722,-7.562,2.06E+02,17.01809438
1993,106,7.894,0.146,4.02,13.67,0.146,2.12E+02,13.02330388
1993,107,5.528,-2.474,1.527,5.104,-2.474,2.30E+02,13.27726532
1993,108,1.116,-6.164,-2.524,1.281,-6.164,2.75E+02,12.66783508
1993,109,-2.536,-5.632,-4.084,0,-5.632,1.69E+02,7.157855961
1993,110,-0.321,-7.695,-4.008,2.656,-7.695,3.67E+02,12.81999991
1993,111,-1.694,-5.632,-3.663,0.103,-5.632,3.70E+02,8.596711338
1993,112,0.496,-9.79,-4.647,0,-9.79,3.41E+02,15.14011596
1993,113,7.102,-3.282,1.91,0.898,-3.282,3.31E+02,15.24549948
1993,114,14.489,-5.227,4.631,11.355,-5.227,1.66E+02,18.48043257
1993,115,6.274,-3.632,1.321,0.673,-3.632,4.05E+02,15.02196292
1993,116,-0.384,-12.505,-6.4445,0,-12.505,2.09E+02,16.34525117
1993,117,6.613,-11.597,-2.492,0,-11.597,2.71E+02,18.41645654
1993,118,7.752,-0.632,3.56,1.778,-0.632,2.48E+02,13.9733076
1993,119,8.44,2.272,5.356,1.306,2.272,2.42E+02,11.77237742
1993,120,10.002,1.839,5.9205,6.123,1.839,3.43E+02,13.83964056
1993,121,4.091,1.265,2.678,0.985,1.265,1.69E+02,6.74005422
1993,122,15.053,-1.893,6.58,0.423,-1.893,1.29E+02,18.4296581
1993,123,17.361,4.689,11.025,13.736,4.689,1.90E+02,16.93531849
1993,124,15.116,9.107,12.1115,24.936,9.107,2.57E+02,11.67186334
1993,125,13.679,10.512,12.0955,2.912,10.512,1.56E+02,7.40065053
1993,126,5.686,3.36,4.523,0.331,3.36,1.92E+02,5.766132093
1993,127,14.053,-1.893,6.08,0.021,-1.893,2.36E+02,18.40249124
1993,128,23.909,2.884,13.3965,0,2.884,3.99E+02,19.61907508
1993,129,16.689,2.802,9.7455,3.822,2.802,2.57E+02,17.73405589
1993,130,20.16,3.461,11.8105,6.083,3.461,3.00E+02,18.7717481
1993,131,17.134,1.373,9.2535,3.45,1.373,2.36E+02,18.52285038
1993,132,5.743,-0.735,2.504,2.374,-0.735,3.05E+02,12.35841412
1993,133,3.448,-0.704,1.372,2.054,-0.704,1.49E+02,9.149416308
1993,134,11.116,-0.298,5.409,4.111,-0.298,2.64E+02,16.64115917
1993,135,8.583,2.305,5.444,6.611,2.305,1.77E+02,12.16001722
1993,136,8.095,1.526,4.8105,13.44,1.526,2.73E+02,12.52021671
1993,137,8.114,1.325,4.7195,2.471,1.325,1.72E+02,12.7876619
1993,138,10.868,1.494,6.181,0.55,1.494,2.17E+02,15.29970921
1993,139,10.711,0.512,5.6115,1.825,0.512,2.62E+02,15.95382447
1993,140,11.041,2.925,6.983,0.792,2.925,2.27E+02,14.22211171
1993,141,14.092,1.643,7.8675,0.236,1.643,2.50E+02,17.42179368
1993,142,9.179,3.297,6.238,1.853,3.297,3.22E+02,11.73633197
1993,143,14.648,-1.83,6.409,0,-1.83,1.83E+02,19.19020204
1993,144,15.597,7.806,11.7015,2.833,7.806,2.26E+02,13.9555344
1993,145,14.271,5.043,9.657,7.071,5.043,2.15E+02,15.29871252
1993,146,15.641,2.829,9.235,3.509,2.829,2.26E+02,17.72923028
1993,147,9.401,4.075,6.738,0.657,4.075,2.94E+02,11.02003416
1993,148,15.053,0.449,7.751,0.091,0.449,1.86E+02,18.62026383
1993,149,9.527,0.84,5.1835,0,0.84,2.89E+02,14.8765622
1993,150,17.548,4.179,10.8635,0,4.179,3.26E+02,18.09220939
1993,151,11.053,6.639,8.846,10.367,6.639,2.43E+02,9.668905259
1993,152,6.159,4.933,5.546,4.377,4.933,1.50E+02,3.313927978
1993,153,10.223,4.155,7.189,4.158,4.155,2.54E+02,12.05655702
1993,154,10.723,3.75,7.2365,1.462,3.75,2.07E+02,13.16356006
1993,155,14.159,1.996,8.0775,0,1.996,2.19E+02,17.51287148
1993,156,19.628,4.68,12.154,0.264,4.68,2.31E+02,18.9058893
1993,157,23.311,9.68,16.4955,0,9.68,1.80E+02,18.32602358
1993,158,14.349,10.553,12.451,0.327,10.553,3.07E+02,8.656352169
1993,159,21.76,0.21,10.985,0.389,0.21,2.65E+02,20.80113346
1993,160,20.546,3.834,12.19,13.272,3.834,2.47E+02,19.61212776
1993,161,15.096,11.091,13.0935,4.46,11.091,3.62E+02,9.020998042
1993,162,22.223,6.87,14.5465,0,6.87,3.33E+02,19.13803016
1993,163,27.096,5.965,16.5305,0,5.965,3.08E+02,20.773082
1993,164,29.033,12.553,20.793,0,12.553,1.41E+02,19.57072309
1993,165,30.033,14.711,22.372,4.646,14.711,2.77E+02,19.14743179
1993,166,21.128,14.148,17.638,6.196,14.148,2.48E+02,13.22116222
1993,167,16.906,3.44,10.173,0,3.44,2.60E+02,18.32082241
1993,168,21.159,4.838,12.9985,3.774,4.838,1.78E+02,19.53616507
1993,169,21.596,11.186,16.391,0,11.186,1.39E+02,16.43673619
1993,170,21.254,8.996,15.125,0,8.996,1.31E+02,17.66684535
1993,171,26.469,5.87,16.1695,0.112,5.87,3.59E+02,20.70818459
1993,172,19.001,12.775,15.888,9.505,12.775,2.63E+02,12.30991755
1993,173,15.033,5.503,10.268,0.074,5.503,1.85E+02,15.74255916
1993,174,21.064,6.028,13.546,0,6.028,9.72E+01,19.04590806
1993,175,26.406,7.743,17.0745,0,7.743,1.68E+02,20.24954993
1993,176,30.533,11.99,21.2615,10.632,11.99,1.93E+02,20.21327818
1993,177,25.033,16.091,20.562,0.112,16.091,3.23E+02,15.22532629
1993,178,21.223,13.775,17.499,0.9,13.775,3.00E+02,13.74297829
1993,179,17.659,12.06,14.8595,6.283,12.06,2.77E+02,11.46957194
1993,180,20.033,10.281,15.157,0.289,10.281,2.19E+02,15.90472307
1993,181,23.533,9.155,16.344,0,9.155,1.38E+02,18.72344761
1993,182,25.431,8.299,16.865,0,8.299,1.34E+02,19.7550743
1993,183,26.931,9.204,18.0675,16.426,9.204,2.11E+02,19.92420599
1993,184,20.994,15.052,18.023,11.768,15.052,1.80E+02,11.91810383
1993,185,24.899,10.369,17.634,0,10.369,1.42E+02,18.74946326
1993,186,23.836,14.609,19.2225,10.077,14.609,2.31E+02,15.42815179
1993,187,28.121,18.609,23.365,19.109,18.609,3.10E+02,15.66032502
1993,188,26.684,16.894,21.789,0.044,16.894,1.94E+02,15.87702342
1993,189,23.399,9.147,16.273,0,9.147,1.22E+02,18.57073789
1993,190,28.368,13.21,20.789,5.486,13.21,1.43E+02,18.93781617
1993,191,18.406,14.274,16.34,1.47,14.274,1.78E+02,9.21168133
1993,192,25.463,14.02,19.7415,5.431,14.02,1.39E+02,17.01221029
1993,193,24.804,16.362,20.583,0.753,16.362,1.29E+02,14.65647415
1993,194,20.153,11.147,15.65,0.803,11.147,1.89E+02,15.15682519
1993,195,17.368,9.02,13.194,2.872,9.02,8.64E+01,14.54554437
1993,196,16.242,9.957,13.0995,4.742,9.957,1.05E+02,12.28816338
1993,197,17.684,8.679,13.1815,1.971,8.679,1.25E+02,15.11713051
1993,198,23.994,11.552,17.773,0,11.552,1.07E+02,17.50067024
1993,199,25.026,10.83,17.928,3.613,10.83,2.57E+02,18.34309646
1993,200,24.114,14.894,19.504,17.616,14.894,1.13E+02,15.25564791
1993,201,23.114,14.115,18.6145,5.133,14.115,1.85E+02,15.05185469
1993,202,14.153,10.242,12.1975,6.305,10.242,2.08E+02,8.796177282
1993,203,15.589,8.21,11.8995,6.206,8.21,1.91E+02,13.47207022
1993,204,17.279,10.179,13.729,19.211,10.179,2.56E+02,13.1575799
1993,205,21.868,10.147,16.0075,0,10.147,3.28E+02,16.92395476
1993,206,24.271,7.77,16.0205,0,7.77,1.85E+02,18.98689466
1993,207,25.368,12.609,18.9885,12.057,12.609,2.57E+02,17.4403378
1993,208,23.551,17.084,20.3175,10.515,17.084,1.31E+02,12.38245129
1993,209,20.184,14.679,17.4315,0,14.679,1.49E+02,11.15496184
1993,210,19.913,14.45,17.1815,9.87,14.45,1.64E+02,11.08740865
1993,211,22.431,15.71,19.0705,2.257,15.71,2.29E+02,12.63400681
1993,212,26.494,12.274,19.384,0,12.274,2.73E+02,17.93897578
1993,213,26.135,14.887,20.511,0,14.887,2.03E+02,16.41078243
1993,214,22.199,16.602,19.4005,3.887,16.602,2.53E+02,11.2181014
1993,215,23.072,13.919,18.4955,7.489,13.919,2.18E+02,14.88498487
1993,216,16.762,12.451,14.6065,2.618,12.451,2.40E+02,9.3512055
1993,217,15.526,6.915,11.2205,0.183,6.915,9.38E+01,14.38362791
1993,218,19.009,5.951,12.48,0,5.951,1.92E+02,17.18934922
1993,219,21.009,5.451,13.23,1.665,5.451,2.00E+02,18.11454846
1993,220,21.54,7.951,14.7455,2.958,7.951,1.79E+02,17.33514312
1993,221,24.755,12.077,18.416,10.229,12.077,1.74E+02,16.88113689
1993,222,21.135,14.014,17.5745,7.645,14.014,1.72E+02,12.8587252
1993,223,21.54,15.077,18.3085,2.944,15.077,1.38E+02,12.12628533
1993,224,23.04,14.141,18.5905,0,14.141,1.99E+02,14.41915821
1993,225,28.255,13.482,20.8685,0.107,13.482,2.06E+02,17.53057135
1993,226,22.481,11.529,17.005,0,11.529,1.59E+02,15.74969098
1993,227,25.009,16.976,20.9925,0.157,16.976,2.35E+02,13.59885924
1993,228,23.414,11.824,17.619,10.459,11.824,2.18E+02,16.01291012
1993,229,24.945,14.204,19.5745,0.043,14.204,2.45E+02,15.49333225
1993,230,25.882,9.951,17.9165,0,9.951,2.30E+02,17.57981791
1993,231,24.509,13.792,19.1505,39.063,13.792,2.58E+02,15.38694076
1993,232,25.597,6.584,16.0905,0,6.584,3.44E+02,18.11048988
1993,233,14.54,0.799,7.6695,0,0.799,3.00E+02,16.68716717
1993,234,22.009,4.697,13.353,0,4.697,2.47E+02,17.62871049
1993,235,22.002,13.146,17.574,3.823,13.146,2.38E+02,13.98228286
1993,236,19.414,13.982,16.698,24.329,13.982,3.22E+02,10.62709152
1993,237,28.477,16.887,22.682,0,16.887,1.69E+02,15.53675134
1993,238,27.945,15.856,21.9005,0.183,15.856,2.52E+02,15.70827596
1993,239,28.04,14.856,21.448,10.299,14.856,2.79E+02,16.08857119
1993,240,17.262,10.204,13.733,0.183,10.204,2.61E+02,12.28284019
1993,241,19.135,3.482,11.3085,1.191,3.482,2.46E+02,16.69295993
1993,242,19.914,6.204,13.059,23.849,6.204,1.63E+02,16.05900355
1993,243,15.635,12.887,14.261,1.494,12.887,1.35E+02,6.4456338
1993,244,19.912,2.155,11.0335,0.676,2.155,1.87E+02,16.86561033
1993,245,21.102,9.148,15.125,0.471,9.148,3.23E+02,15.19167882
1993,246,16.165,11.68,13.9225,1.473,11.68,1.37E+02,9.177675885
1993,247,18.133,0.503,9.318,0.17,0.503,1.48E+02,16.5605542
1993,248,13.197,6.313,9.755,0,6.313,1.49E+02,11.82605498
1993,249,12.665,0.212,6.4385,3.546,0.212,2.53E+02,15.09376432
1993,250,14.102,3.743,8.9225,0.106,3.743,2.47E+02,14.12099175
1993,251,15.26,3.838,9.549,0.362,3.838,3.50E+02,14.5411906
1993,252,16.102,3.092,9.597,5.84,3.092,2.41E+02,15.04220785
1993,253,13.355,9.155,11.255,2.903,9.155,1.40E+02,8.637697308
1993,254,9.524,0.641,5.0825,0.47,0.641,2.17E+02,13.04577533
1993,255,13.165,2.648,7.9065,5.713,2.648,2.65E+02,13.85317562
1993,256,18.15,12.038,15.094,23.256,12.038,3.17E+02,10.78430443
1993,257,19.538,6.63,13.084,18.765,6.63,1.80E+02,14.57972462
1993,258,13.785,3.782,8.7835,0.544,3.782,3.05E+02,13.3957482
1993,259,13.07,0.402,6.736,0,0.402,3.46E+02,14.33007833
1993,260,14.848,3.243,9.0455,0.924,3.243,2.74E+02,13.90030691
1993,261,15.538,6.123,10.8305,2.967,6.123,3.15E+02,12.89114751
1993,262,6.165,-2.813,1.676,0.106,-2.813,2.49E+02,12.59145795
1993,263,12.975,-1.845,5.565,0,-1.845,2.15E+02,14.44705298
1993,264,15.538,-0.788,7.375,0,-0.788,1.35E+02,14.57750957
1993,265,17.937,3.581,10.759,8.417,3.581,1.59E+02,14.14969584
1993,266,13.102,7.775,10.4385,2.359,7.775,2.45E+02,9.613058084
1993,267,12.697,0.465,6.581,0.668,0.465,1.53E+02,13.46309661
1993,268,10.26,4.68,7.47,0,4.68,2.40E+02,9.783880015
1993,269,11.475,-1.598,4.9385,14.757,-1.598,3.46E+02,13.47115493
1993,270,10.165,5.187,7.676,1.22,5.187,2.44E+02,9.099158331
1993,271,9.102,7.06,8.081,10.579,7.06,1.94E+02,4.865991493
1993,272,5.507,-0.408,2.5495,0.157,-0.408,1.58E+02,9.908149351
1993,273,2.88,-4.136,-0.628,0.094,-4.136,2.29E+02,10.69480951
1993,274,7.182,-1.762,2.71,3.4,-1.762,1.31E+02,11.6962041
1993,275,7.334,-1.049,3.1425,4.144,-1.049,8.64E+01,11.35563475
1993,276,5.524,-2.882,1.321,1.841,-2.882,8.64E+01,11.29235639
1993,277,1.245,-2.382,-0.5685,1.911,-2.382,8.64E+01,7.287585211
1993,278,2.245,-3.009,-0.382,0,-3.009,8.64E+01,9.045394227
1993,279,8.15,-4.35,1.9,0.343,-4.35,8.64E+01,12.30675428
1993,280,4.372,-1.692,1.34,0,-1.692,8.64E+01,9.617731285
1993,281,3.834,-4.882,-0.524,9.582,-4.882,8.64E+01,11.04013222
1993,282,1.087,-3.35,-1.1315,2.025,-3.35,8.64E+01,8.082507867
1993,283,3.397,-5.882,-1.2425,1.293,-5.882,8.64E+01,11.08431573
1993,284,2.277,-10.019,-3.871,0.501,-10.019,8.64E+01,11.73488163
1993,285,3.714,-0.914,1.4,3.177,-0.914,8.64E+01,8.157613015
1993,286,-0.881,-4.85,-2.8655,1,-4.85,8.64E+01,7.435409864
1993,287,2.277,-5.825,-1.774,6.18,-5.825,8.64E+01,10.3069103
1993,288,3.243,-0.326,1.4585,1.041,-0.326,8.64E+01,6.908986615
1993,289,3.214,0.396,1.805,4.626,0.396,8.64E+01,5.896633809
1993,290,5.342,0.483,2.9125,14.194,0.483,8.64E+01,8.151985995
1993,291,4.714,0.681,2.6975,1.514,0.681,8.64E+01,7.330687039
1993,292,4.34,-2.632,0.854,0,-2.632,8.64E+01,9.425807178
1993,293,6.96,1.516,4.238,2.238,1.516,8.64E+01,8.459795358
1993,294,7.055,0.77,3.9125,27.721,0.77,8.64E+01,8.932390183
1993,295,3.245,0.213,1.729,2.324,0.213,8.64E+01,6.050814805
1993,296,3.119,-3.755,-0.318,12.582,-3.755,8.64E+01,9.09955936
1993,297,0.119,-4.287,-2.084,1.965,-4.287,8.64E+01,7.451749407
1993,298,-1.945,-5.882,-3.9135,0,-5.882,8.64E+01,6.978776022
1993,299,3.26,-9.63,-3.185,10.302,-9.63,8.64E+01,10.17279883
1993,300,4.865,-0.54,2.1625,0.967,-0.54,8.64E+01,8.053478433
1993,301,-1.818,-3.787,-2.8025,0,-3.787,8.64E+01,4.391208811
1993,302,2.087,-4.85,-1.3815,5.431,-4.85,8.64E+01,8.704030162
1993,303,-1.16,-2.692,-1.926,2.434,-2.692,8.64E+01,3.608017647
1993,304,-4.381,-7.192,-5.7865,0.748,-7.192,8.64E+01,5.551041658
1993,305,-4.883,-9.665,-7.274,0,-9.665,8.64E+01,7.383539395
1993,306,-3.693,-11.855,-7.774,2.852,-11.855,2.87E+02,8.792801206
1993,307,0.085,-5.045,-2.48,2.29,-5.045,1.19E+02,7.509510738
1993,308,1.243,-1.982,-0.3695,0.979,-1.982,1.37E+02,5.924896454
1993,309,-4.162,-5.324,-4.743,6.275,-5.324,1.93E+02,2.852488315
1993,310,-4.736,-15.276,-10.006,1.6,-15.276,2.53E+02,8.854296383
1993,311,-4.073,-18.013,-11.043,0.979,-18.013,2.35E+02,8.981635693
1993,312,-0.883,-8.108,-4.4955,3.227,-8.108,1.39E+02,8.094862767
1993,313,-8.693,-16.602,-12.6475,3.027,-16.602,2.48E+02,8.194947099
1993,314,-5.883,-12.235,-9.059,2.027,-12.235,2.78E+02,7.686446846
1993,315,-3.415,-16.362,-9.8885,2.103,-16.362,2.71E+02,8.565786329
1993,316,-6.257,-12.013,-9.135,0.979,-12.013,2.93E+02,7.341240832
1993,317,-0.01,-16.925,-8.4675,10.482,-16.925,2.08E+02,8.469281141
1993,318,-1.82,-3.855,-2.8375,0,-3.855,1.07E+02,4.251781299
1993,319,-2.947,-7.482,-5.2145,1.465,-7.482,1.92E+02,6.590179835
1993,320,0.347,-6.791,-3.222,5.607,-6.791,1.33E+02,7.544238355
1993,321,1.18,-4.045,-1.4325,1.09,-4.045,1.56E+02,6.858115565
1993,322,-4.757,-12.792,-8.7745,0,-12.792,1.55E+02,7.594355938
1993,323,2.053,-7.298,-2.6225,10.345,-7.298,1.43E+02,7.696755131
1993,324,-3.567,-6.855,-5.211,4.849,-6.855,3.22E+02,5.530798901
1993,325,-0.073,-14.785,-7.429,4.262,-14.785,2.03E+02,7.78283492
1993,326,-9.218,-13.045,-11.1315,0.417,-13.045,2.44E+02,5.887450255
1993,327,-10.44,-17.729,-14.0845,0,-17.729,1.93E+02,7.169508721
1993,328,-14.677,-23.041,-18.859,1.174,-23.041,2.52E+02,7.277140313
1993,329,-9.82,-24.887,-17.3535,0,-24.887,2.63E+02,7.510349832
1993,330,-6.01,-17.425,-11.7175,0,-17.425,3.01E+02,7.375341715
1993,331,1.522,-13.647,-6.0625,16.647,-13.647,3.58E+02,7.386639024
1993,332,2.18,-2.077,0.0515,15.381,-2.077,2.16E+02,5.96757018
1993,333,-7.162,-9.792,-8.477,0.979,-9.792,4.31E+02,4.731870305
1993,334,-9.82,-12.792,-11.306,0,-12.792,3.32E+02,5.035517849
1993,335,-3.253,-12.756,-8.0045,0,-12.756,3.83E+02,7.020226708
1993,336,0.128,-8.082,-3.977,1.982,-8.082,1.65E+02,6.869824185
1993,337,-2.524,-6.449,-4.4865,1.42,-6.449,2.58E+02,5.655874032
1993,338,-5.651,-12.449,-9.05,1.915,-12.449,1.02E+02,6.601309577
1993,339,-2.809,-9.98,-6.3945,0,-9.98,3.09E+02,6.62973893
1993,340,-3.746,-13.322,-8.534,1.122,-13.322,3.33E+02,6.824945861
1993,341,-2.809,-5.765,-4.287,1.42,-5.765,1.87E+02,4.915324147
1993,342,-6.967,-14.05,-10.5085,2.919,-14.05,1.63E+02,6.529633642
1993,343,0.938,-12.525,-5.7935,4.958,-12.525,2.89E+02,6.834059999
1993,344,0.096,-5.765,-2.8345,13.097,-5.765,1.78E+02,6.251286366
1993,345,-14.587,-18.012,-16.2995,0,-18.012,1.89E+02,5.218714461
1993,346,-14.746,-23.449,-19.0975,0,-23.449,2.57E+02,6.60965292
1993,347,-4.094,-17.272,-10.683,0,-17.272,1.30E+02,6.735453845
1993,348,2.406,-9.589,-3.5915,0,-9.589,1.22E+02,6.701668831
1993,349,-1.343,-13.619,-7.481,0,-13.619,2.67E+02,6.691898258
1993,350,-3.189,-18.272,-10.7305,0,-18.272,2.06E+02,6.705492794
1993,351,-6.436,-16.399,-11.4175,0,-16.399,2.74E+02,6.610978589
1993,352,-4.129,-10.749,-7.439,0,-10.749,3.01E+02,6.307479502
1993,353,-4.484,-12.38,-8.432,1.11,-12.38,3.14E+02,6.467959953
1993,354,-0.936,-7.829,-4.3825,1.684,-7.829,3.41E+02,6.346161375
1993,355,-0.341,-2.209,-1.275,17.414,-2.209,2.25E+02,3.726342464
1993,356,-8.429,-18.639,-13.534,1.982,-18.639,8.86E+01,6.614557401
1993,357,-23.334,-30.335,-26.8345,1.046,-30.335,9.04E+01,6.3718891
1993,358,-17.126,-34.367,-25.7465,2.544,-34.367,1.86E+02,6.713023955
1993,359,-23.429,-33.512,-28.4705,2.919,-33.512,2.82E+02,6.636808207
1993,360,-26.644,-31.449,-29.0465,1.046,-31.449,9.70E+01,5.87917991
1993,361,-34.651,-41.329,-37.99,0,-41.329,1.06E+02,6.36563656
1993,362,-31.746,-42.145,-36.9455,0,-42.145,1.17E+02,6.698525615
1993,363,-22.126,-39.335,-30.7305,1.795,-39.335,2.14E+02,6.80194669
1993,364,-19.872,-30.05,-24.961,2.73,-30.05,2.83E+02,6.736088214
1993,365,-14.936,-30.462,-22.699,2.414,-30.462,1.63E+02,6.850910522
1993,366,-14.936,-30.462,-22.699,2.414,-30.462,1.63E+02,6.850910522
