DJ0207XDMNXPHWR
CCXMDDM
24,1,12.0
7,0.075,0.125,0.00,0,0,0,0,0,0,0,0
1995,1,-7.16,-12.006,-9.583,1.949,-12.006,1.60E+02,5.983938955,,,
1995,2,-1.609,-20.611,-11.11,0.461,-20.611,1.91E+02,6.924675608,,,
1995,3,-16.544,-28.088,-22.316,0,-28.088,2.38E+02,6.902695581,,,
1995,4,-22.815,-33.033,-27.924,0.461,-33.033,3.58E+02,6.895194025,,,
1995,5,-0.906,-33.085,-16.9955,8.677,-33.085,1.22E+02,7.045957928,,,
1995,6,-1.029,-17.838,-9.4335,2.26,-17.838,1.81E+02,7.082238571,,,
1995,7,-16.644,-33.602,-25.123,0,-33.602,1.85E+02,7.129657761,,,
1995,8,-2.267,-34.677,-18.472,0.637,-34.677,2.16E+02,7.188012282,,,
1995,9,-22.508,-35.516,-29.012,2.147,-35.516,1.73E+02,7.197094749,,,
1995,10,-28.416,-39.914,-34.165,0,-39.914,1.45E+02,7.214133806,,,
1995,11,-24.504,-40.739,-32.6215,1.215,-40.739,1.08E+02,7.339407716,,,
1995,12,-14.236,-27.835,-21.0355,4.749,-27.835,1.08E+02,7.373418397,,,
1995,13,-7.87,-14.824,-11.347,3.384,-14.824,2.86E+02,6.957580799
1995,14,2.946,-8.509,-2.7815,27.249,-8.509,1.40E+02,7.44218847
1995,15,7.345,-8.58,-0.6175,10.283,-8.58,2.46E+02,7.589036207
1995,16,-6.902,-10.813,-8.8575,0.161,-10.813,4.62E+02,5.915515728
1995,17,-4.501,-10.577,-7.539,0,-10.577,2.31E+02,6.936358663
1995,18,-1.871,-7.7,-4.7855,0.349,-7.7,1.42E+02,6.906580255
1995,19,-0.12,-2.922,-1.521,0,-2.922,2.97E+02,5.076798002
1995,20,-1.175,-3.459,-2.317,0.605,-3.459,4.20E+02,4.508304218
1995,21,-2.885,-7.25,-5.0675,1.253,-7.25,1.59E+02,6.372490837
1995,22,-6.073,-8.063,-7.068,0.685,-8.063,2.39E+02,4.147178263
1995,23,-3.039,-9.934,-6.4865,0.648,-9.934,2.50E+02,7.489889078
1995,24,-0.896,-11.359,-6.1275,0.836,-11.359,2.60E+02,8.093937559
1995,25,-11.67,-21.251,-16.4605,0,-21.251,2.40E+02,8.089782348
1995,26,-2.271,-22.607,-12.439,0.648,-22.607,1.11E+02,8.497992527
1995,27,-18.222,-26.231,-22.2265,0.274,-26.231,1.23E+02,8.004747189
1995,28,-9.878,-21.666,-15.772,0,-21.666,1.51E+02,8.517054839
1995,29,-9.35,-16.477,-12.9135,2.334,-16.477,2.18E+02,7.936830534
1995,30,-12.193,-22.127,-17.16,1.873,-22.127,2.66E+02,8.533118242
1995,31,-11.88,-18.555,-15.2175,12.602,-18.555,1.86E+02,7.931124459
1995,32,-1.778,-21.866,-11.822,1.403,-21.866,2.91E+02,9.090728108
1995,33,-15.523,-27.358,-21.4405,0,-27.358,1.10E+02,8.978358427
1995,34,-11.646,-26.117,-18.8815,1.398,-26.117,1.90E+02,9.211125744
1995,35,-1.659,-21.984,-11.8215,2.326,-21.984,2.77E+02,9.413547338
1995,36,-23.294,-30.541,-26.9175,3.789,-30.541,2.79E+02,8.46405878
1995,37,-25.94,-31.547,-28.7435,7.955,-31.547,1.21E+02,7.841011148
1995,38,-23.349,-28.215,-25.782,2.348,-28.215,2.79E+02,7.446294194
1995,39,-2.422,-27.542,-14.982,3.319,-27.542,2.25E+02,9.886679805
1995,40,-10.562,-23.598,-17.08,4.395,-23.598,1.99E+02,9.76733327
1995,41,-16.978,-32.386,-24.682,1.93,-32.386,1.87E+02,9.999044125
1995,42,-13.121,-21.357,-17.239,2.02,-21.357,2.31E+02,9.22660183
1995,43,-21.244,-32.616,-26.93,0.461,-32.616,2.29E+02,9.923043205
1995,44,-14.302,-25.114,-19.708,2.147,-25.114,2.79E+02,9.947255603
1995,45,-12.684,-23.954,-18.319,0,-23.954,2.61E+02,10.11351027
1995,46,-1.521,-19.25,-10.3855,12.094,-19.25,2.35E+02,10.65751464
1995,47,-1.7,-23.575,-12.6375,1.247,-23.575,1.76E+02,10.84965802
1995,48,-1.25,-23.715,-12.4825,3,-23.715,2.32E+02,10.98214549
1995,49,-11.663,-28.556,-20.1095,1.58,-28.556,2.00E+02,10.99660222
1995,50,-2.07,-24.914,-13.492,1.023,-24.914,1.55E+02,11.24317263
1995,51,-12.773,-26.433,-19.603,5.009,-26.433,1.31E+02,11.03443606
1995,52,-1.856,-26.617,-14.2365,1.211,-26.617,3.10E+02,11.52038408
1995,53,-1.098,-29.5,-15.299,1.326,-29.5,2.00E+02,11.67027743
1995,54,-3.485,-13.704,-8.5945,1.698,-13.704,2.25E+02,10.8179492
1995,55,-6.81,-10.228,-8.519,4.422,-10.228,1.69E+02,6.727514079
1995,56,-19.568,-29.013,-24.2905,0.59,-29.013,2.27E+02,10.79580041
1995,57,-19.789,-35.816,-27.8025,0,-35.816,1.38E+02,11.93555157
1995,58,-14.197,-31.796,-22.9965,0.59,-31.796,1.29E+02,12.1520289
1995,59,-10.665,-28.512,-19.5885,0,-28.512,1.22E+02,12.29152849
1995,60,-1.191,-26.38,-13.7855,1.143,-26.38,1.29E+02,12.60482769
1995,61,-14.304,-31.633,-22.9685,0,-31.633,1.27E+02,12.51737186
1995,62,-6.958,-25.345,-16.1515,2.171,-25.345,2.33E+02,12.7027895
1995,63,-7.928,-29.439,-18.6835,0.461,-29.439,3.16E+02,12.94967723
1995,64,-16.783,-33.039,-24.911,1.703,-33.039,2.30E+02,12.81381259
1995,65,-10.735,-23.214,-16.9745,4.814,-23.214,1.48E+02,12.42467131
1995,66,-9.811,-23.568,-16.6895,16.623,-23.568,2.94E+02,12.75700628
1995,67,-1.337,-17.487,-9.412,4.607,-17.487,1.63E+02,13.16972669
1995,68,-11.746,-24.811,-18.2785,0,-24.811,1.28E+02,12.85738498
1995,69,-11.297,-31.064,-21.1805,0.422,-31.064,1.18E+02,13.67821307
1995,70,-7.654,-29.318,-18.486,0,-29.318,2.83E+02,13.89045532
1995,71,3.292,-10.68,-3.694,0,-10.68,2.68E+02,13.34605568
1995,72,9.758,0.267,5.0125,0.121,0.267,1.85E+02,12.186075
1995,73,12.223,1.887,7.055,0,1.887,3.58E+02,12.60447739
1995,74,13.846,0.287,7.0665,0.495,0.287,2.20E+02,13.5910807
1995,75,3.647,-2.002,0.8225,8.541,-2.002,3.22E+02,9.856795761
1995,76,1.076,-3.492,-1.208,1.117,-3.492,1.79E+02,8.749233782
1995,77,3.079,-7.351,-2.136,0.507,-7.351,1.62E+02,12.97762444
1995,78,6.17,-11.215,-2.5225,1.047,-11.215,1.58E+02,14.61259129
1995,79,1.265,-2.056,-0.3955,1.521,-2.056,1.42E+02,7.143016346
1995,80,2.254,-0.545,0.8545,4.005,-0.545,3.03E+02,6.317858837
1995,81,2.722,-4.391,-0.8345,3.345,-4.391,3.27E+02,11.39066235
1995,82,-0.33,-8.835,-4.5825,0,-8.835,3.25E+02,12.39810938
1995,83,0.373,-12.679,-6.153,0.337,-12.679,1.76E+02,14.36547501
1995,84,3.523,-9.73,-3.1035,0.507,-9.73,2.63E+02,14.51282727
1995,85,-0.8,-6.567,-3.6835,0,-6.567,2.28E+02,10.37223154
1995,86,3.435,-10.145,-3.355,0,-10.145,2.34E+02,14.7852418
1995,87,7.129,-5.497,0.816,0,-5.497,2.77E+02,14.59914716
1995,88,-1.38,-8.709,-5.0445,0,-8.709,2.19E+02,11.91096576
1995,89,-0.91,-9.477,-5.1935,0.336,-9.477,3.49E+02,12.85768691
1995,90,-4.124,-16.837,-10.4805,0,-16.837,1.75E+02,14.88112104
1995,91,-1.27,-20.301,-10.7855,0,-20.301,2.78E+02,16.26727108
1995,92,3.14,-15.568,-6.214,0,-15.568,2.57E+02,16.33450053
1995,93,2.616,-6.937,-2.1605,8.602,-6.937,1.55E+02,13.69839563
1995,94,0.091,-22.327,-11.118,7.114,-22.327,1.23E+02,16.91061551
1995,95,-13.565,-24.528,-19.0465,0.858,-24.528,4.34E+02,14.56337093
1995,96,-7.721,-23.686,-15.7035,0,-23.686,5.46E+02,16.27017992
1995,97,-3.237,-20.406,-11.8215,0,-20.406,4.32E+02,16.59851798
1995,98,2.327,-22.254,-9.9635,2.877,-22.254,2.54E+02,17.4926923
1995,99,-2.667,-13.218,-7.9425,1.003,-13.218,2.16E+02,14.61183156
1995,100,0.021,-14.596,-7.2875,0,-14.596,2.38E+02,16.27756975
1995,101,3.986,-18.092,-7.053,1.085,-18.092,2.38E+02,17.62663221
1995,102,3.095,-1.687,0.704,8.612,-1.687,2.58E+02,9.687582868
1995,103,5.616,0.311,2.9635,1.804,0.311,1.28E+02,10.3849964
1995,104,3.021,-2.101,0.46,8.726,-2.101,2.05E+02,10.17592726
1995,105,-1.854,-3.991,-2.9225,10.106,-3.991,2.06E+02,5.288715115
1995,106,-0.215,-5.892,-3.0535,0.441,-5.892,2.12E+02,10.90815786
1995,107,-2.44,-8.778,-5.609,0,-8.778,2.30E+02,11.68478693
1995,108,3.852,-11.879,-4.0135,6.623,-11.879,2.75E+02,17.19492693
1995,109,4.064,-1.825,1.1195,6.805,-1.825,1.69E+02,11.22958141
1995,110,3.507,-5.56,-1.0265,0,-5.56,3.67E+02,14.23087734
1995,111,6.521,-6.408,0.0565,11.979,-6.408,3.70E+02,16.44570976
1995,112,2.003,-4.859,-1.428,11.891,-4.859,3.41E+02,12.37392524
1995,113,-0.367,-9.091,-4.729,4.979,-9.091,3.31E+02,14.08533368
1995,114,-0.184,-8.677,-4.4305,3.251,-8.677,1.66E+02,13.93502467
1995,115,2.364,-6.518,-2.077,1.003,-6.518,4.05E+02,14.28052668
1995,116,6.061,-7.452,-0.6955,0,-7.452,2.09E+02,16.96673678
1995,117,8.834,-6.093,1.3705,0,-6.093,2.71E+02,17.54202445
1995,118,6.881,0.626,3.7535,4.296,0.626,2.48E+02,11.85366371
1995,119,5.533,-1.413,2.06,0.166,-1.413,2.42E+02,12.63717986
1995,120,11.867,-2.841,4.513,0,-2.841,3.43E+02,17.63374583
1995,121,9.552,-3.622,2.965,0,-3.622,1.69E+02,17.07661126
1995,122,11.771,-5.344,3.2135,0,-5.344,1.29E+02,18.47369042
1995,123,12.877,-3.745,4.566,0,-3.745,1.90E+02,18.39784768
1995,124,14.648,-3.698,5.475,3.887,-3.698,2.57E+02,18.88314855
1995,125,6.775,-4.823,0.976,1.052,-4.823,1.56E+02,16.45516475
1995,126,0.098,-6.842,-3.372,0,-6.842,1.92E+02,12.77878545
1995,127,3.939,-6.128,-1.0945,0,-6.128,2.36E+02,15.55375877
1995,128,10.914,-3.061,3.9265,0,-3.061,3.99E+02,17.73024551
1995,129,14.527,-1.797,6.365,0,-1.797,2.57E+02,18.61388539
1995,130,17.285,2.291,9.788,0.249,2.291,3.00E+02,18.21215416
1995,131,11.516,6.616,9.066,10.234,6.616,2.36E+02,10.28068012
1995,132,11.549,3.733,7.641,0.079,3.733,3.05E+02,13.79479929
1995,133,18.072,2.206,10.139,0,2.206,1.49E+02,18.6404403
1995,134,17.555,6.54,12.0475,9.722,6.54,2.64E+02,16.39216137
1995,135,10.086,2.176,6.131,11.278,2.176,1.77E+02,13.94107369
1995,136,9.04,-1.095,3.9725,0.091,-1.095,2.73E+02,15.84125569
1995,137,8.209,0.762,4.4855,11.464,0.762,1.72E+02,13.50596656
1995,138,7.444,0.564,4.004,3.502,0.564,2.17E+02,12.90400848
1995,139,9.202,0.275,4.7385,2.31,0.275,2.62E+02,14.94483737
1995,140,13.365,0.546,6.9555,7.272,0.546,2.27E+02,17.59313183
1995,141,13.333,1.054,7.1935,1.29,1.054,2.50E+02,17.32805057
1995,142,15.121,-0.021,7.55,0.822,-0.021,3.22E+02,18.68813224
1995,143,15.053,-0.214,7.4195,10.396,-0.214,1.83E+02,18.76399158
1995,144,15.474,1.778,8.626,4.998,1.778,2.26E+02,18.12527646
1995,145,15.562,-0.738,7.412,0,-0.738,2.15E+02,19.187851
1995,146,16.508,1.191,8.8495,0,1.191,2.26E+02,18.86114487
1995,147,18.934,3.468,11.201,0,3.468,2.94E+02,18.94175583
1995,148,20.792,3.207,11.9995,5.746,3.207,1.86E+02,19.66580631
1995,149,10.958,1.433,6.1955,3.898,1.433,2.89E+02,15.59997273
1995,150,17.098,0.818,8.958,1.216,0.818,3.26E+02,19.30203639
1995,151,27.058,4.89,15.974,2.381,4.89,2.43E+02,20.74526291
1995,152,26.894,6.14,16.517,1.115,6.14,1.50E+02,20.5180889
1995,153,17.941,6.639,12.29,0,6.639,2.54E+02,16.95335089
1995,154,18.2,3.277,10.7385,0,3.277,2.07E+02,18.86556668
1995,155,17.143,1.467,9.305,5.783,1.467,2.19E+02,19.17784321
1995,156,17.438,5.218,11.328,0.522,5.218,2.31E+02,17.5581407
1995,157,19.441,8.664,14.0525,11.574,8.664,1.80E+02,16.6402628
1995,158,14.46,1.074,7.767,2.895,1.074,3.07E+02,18.2155449
1995,159,12.219,-0.401,5.909,0,-0.401,2.65E+02,17.81832483
1995,160,17.209,0.702,8.9555,0,0.702,2.47E+02,19.54304841
1995,161,21.495,3.249,12.372,0,3.249,3.62E+02,20.08750261
1995,162,17.992,9.777,13.8845,10.809,9.777,3.33E+02,14.52825098
1995,163,17.594,6.313,11.9535,0.293,6.313,3.08E+02,17.03046775
1995,164,14.721,1.234,7.9775,0.147,1.234,1.41E+02,18.31719417
1995,165,18.534,1.377,9.9555,0,1.377,2.77E+02,19.80118268
1995,166,23.935,10.831,17.383,0,10.831,2.48E+02,18.12968372
1995,167,26.136,9.221,17.6785,4.224,9.221,2.60E+02,19.73409799
1995,168,27.815,2.32,15.0675,11.758,2.32,1.78E+02,21.45382053
1995,169,24.926,2.895,13.9105,0.338,2.895,1.39E+02,20.97476751
1995,170,25.039,10.977,18.008,0,10.977,1.31E+02,18.61827351
1995,171,17.12,5.01,11.065,0,5.01,3.59E+02,17.57928025
1995,172,23.26,4.476,13.868,0,4.476,2.63E+02,20.28826713
1995,173,28.581,8.309,18.445,0,8.309,1.85E+02,20.63785808
1995,174,31.67,14.105,22.8875,1.458,14.105,9.72E+01,19.94394835
1995,175,27.253,2.752,15.0025,0,2.752,1.68E+02,21.33431067
1995,176,26.778,13.674,20.226,0,13.674,1.93E+02,18.1320885
1995,177,24.333,10.323,17.328,0,10.323,3.23E+02,18.58074531
1995,178,28.457,9.921,19.189,0,9.921,3.00E+02,20.19904555
1995,179,29.386,14.138,21.762,0,14.138,2.77E+02,19.10876813
1995,180,30.525,18.446,24.4855,0,18.446,2.19E+02,17.53314849
1995,181,30.312,16.209,23.2605,0,16.209,1.38E+02,18.59798759
1995,182,26.773,17.185,21.979,6.929,17.185,1.34E+02,15.75988406
1995,183,17.153,11.305,14.229,0.99,11.305,2.11E+02,11.79698826
1995,184,19.558,6.894,13.226,5.469,6.894,1.80E+02,17.83909951
1995,185,24.558,12.584,18.571,0.241,12.584,1.42E+02,17.42900807
1995,186,25.748,14.609,20.1785,3.051,14.609,2.31E+02,16.88591874
1995,187,26.818,19.767,23.2925,0.525,19.767,3.10E+02,13.2625715
1995,188,25.659,18.625,22.142,18.301,18.625,1.94E+02,13.23718419
1995,189,16.745,1.664,9.2045,5.932,1.664,1.22E+02,18.92389077
1995,190,18.441,8.271,13.356,8.296,8.271,1.43E+02,16.15125397
1995,191,20.041,7.845,13.943,0.615,7.845,1.78E+02,17.48650215
1995,192,22.769,8.5,15.6345,0.725,8.5,1.39E+02,18.52735571
1995,193,23.504,12.781,18.1425,7.674,12.781,1.29E+02,16.51565495
1995,194,26.96,2.486,14.723,0.589,2.486,1.89E+02,21.00106898
1995,195,25.32,9.579,17.4495,0,9.579,8.64E+01,19.05844824
1995,196,19.47,8.286,13.878,0,8.286,1.05E+02,16.78090105
1995,197,22.105,4.408,13.2565,0,4.408,1.25E+02,19.63469453
1995,198,23.458,12.362,17.91,8.203,12.362,1.07E+02,16.68730229
1995,199,19.831,13.782,16.8065,7.695,13.782,2.57E+02,11.9658938
1995,200,20.804,10.661,15.7325,0.931,10.661,1.13E+02,15.98383082
1995,201,20.594,6.457,13.5255,0.283,6.457,1.85E+02,18.26516189
1995,202,21.575,8.797,15.186,1.388,8.797,2.08E+02,17.58846759
1995,203,26.221,8.588,17.4045,2.115,8.588,1.91E+02,19.42752378
1995,204,22.817,9.368,16.0925,0.892,9.368,2.56E+02,17.86814697
1995,205,26.2,8.427,17.3135,0,8.427,3.28E+02,19.39239189
1995,206,27.06,15.89,21.475,7.04,15.89,1.85E+02,16.56057397
1995,207,23.285,10.787,17.036,2.144,10.787,2.57E+02,17.30444867
1995,208,25.294,8.484,16.889,0.004,8.484,1.31E+02,19.00437741
1995,209,27.2,12.289,19.7445,1.428,12.289,1.49E+02,18.32596177
1995,210,25.332,13.449,19.3905,8.257,13.449,1.64E+02,16.87721215
1995,211,20.485,9.52,15.0025,0.626,9.52,2.29E+02,16.2948155
1995,212,34.899,13.593,24.246,7.547,13.593,2.73E+02,19.81068376
1995,213,18.05,5.055,11.5525,0.04,5.055,2.03E+02,17.35732436
1995,214,20.142,2.752,11.447,0,2.752,2.53E+02,18.90080557
1995,215,25.382,9.78,17.581,0.016,9.78,2.18E+02,18.32293174
1995,216,21.838,11.223,16.5305,0.009,11.223,2.40E+02,15.91592114
1995,217,22.674,6.89,14.782,0,6.89,9.38E+01,18.28729146
1995,218,26.04,9.051,17.5455,0,9.051,1.92E+02,18.58973826
1995,219,27.981,10.513,19.247,1.246,10.513,2.00E+02,18.65916839
1995,220,28.933,11.477,20.205,0,11.477,1.79E+02,18.59966718
1995,221,29.721,12.267,20.994,0.009,12.267,1.74E+02,18.54127613
1995,222,29.08,11.913,20.4965,0,11.913,1.72E+02,18.4109803
1995,223,28.963,16.421,22.692,1.836,16.421,1.38E+02,16.7257031
1995,224,18.275,13.017,15.646,6.853,13.017,1.99E+02,10.6260077
1995,225,19.745,11.974,15.8595,0,11.974,2.06E+02,13.41967306
1995,226,22.901,11.267,17.084,0,11.267,1.59E+02,16.12998618
1995,227,27.057,16.39,21.7235,0,16.39,2.35E+02,15.53712701
1995,228,24.265,10.706,17.4855,0,10.706,2.18E+02,16.91444643
1995,229,24.86,9.456,17.158,0,9.456,2.45E+02,17.4933919
1995,230,25.914,8.729,17.3215,0,8.729,2.30E+02,17.89568158
1995,231,29.953,12.757,21.355,0.55,12.757,2.58E+02,17.82675304
1995,232,27.301,16.414,21.8575,3.719,16.414,3.44E+02,15.43625996
1995,233,23.708,9.586,16.647,0.287,9.586,3.00E+02,16.82292304
1995,234,16.961,8.73,12.8455,0,8.73,2.47E+02,13.53225017
1995,235,14.158,6.014,10.086,12.191,6.014,2.38E+02,13.42331164
1995,236,10.438,8.661,9.5495,3.71,8.661,3.22E+02,4.531208077
1995,237,18.493,5.964,12.2285,0,5.964,1.69E+02,15.96036304
1995,238,13.857,6.354,10.1055,2.123,6.354,2.52E+02,12.7620673
1995,239,17.587,4.307,10.947,0,4.307,2.79E+02,16.12395583
1995,240,19.258,4.664,11.961,0.627,4.664,2.61E+02,16.48472324
1995,241,13.914,8.941,11.4275,0.149,8.941,2.46E+02,9.934948002
1995,242,18.592,3.047,10.8195,1.184,3.047,1.63E+02,16.5846043
1995,243,15.009,11.563,13.286,16.949,11.563,1.35E+02,7.66226107
1995,244,15.271,3.86,9.5655,0.014,3.86,1.87E+02,15.0211469
1995,245,18.718,0.736,9.727,0,0.736,3.23E+02,16.80890224
1995,246,18.249,5.722,11.9855,0.054,5.722,1.37E+02,15.34685534
1995,247,21.107,6.129,13.618,0.812,6.129,1.48E+02,16.02178804
1995,248,14.705,3.299,9.002,3.943,3.299,1.49E+02,14.74903281
1995,249,16.311,-0.42,7.9455,14.815,-0.42,2.53E+02,16.21329387
1995,250,9.571,2.646,6.1085,6.469,2.646,2.47E+02,11.78283397
1995,251,12.624,2.76,7.692,0,2.76,3.50E+02,13.79734846
1995,252,13.208,2.882,8.045,5.309,2.882,2.41E+02,13.97135987
1995,253,7.944,-0.499,3.7225,0.164,-0.499,1.40E+02,12.81982077
1995,254,18.459,0.369,9.414,5.119,0.369,2.17E+02,15.91374952
1995,255,22.33,9.813,16.0715,0.591,9.813,2.65E+02,14.63179685
1995,256,14.759,6.688,10.7235,7.36,6.688,3.17E+02,12.40060615
1995,257,10.325,1.738,6.0315,0.081,1.738,1.80E+02,12.68270421
1995,258,10.811,-1.681,4.565,0.026,-1.681,3.05E+02,14.36554412
1995,259,13.178,4.763,8.9705,2.338,4.763,3.46E+02,12.45424804
1995,260,12.835,1.537,7.186,2.959,1.537,2.74E+02,13.78971922
1995,261,10.557,-2.065,4.246,0.109,-2.065,3.15E+02,14.13496096
1995,262,10.347,1.893,6.12,10.196,1.893,2.49E+02,12.29186416
1995,263,10.377,5.226,7.8015,5.234,5.226,2.15E+02,9.536141743
1995,264,7.175,3.26,5.2175,3.627,3.26,1.35E+02,7.997338796
1995,265,10.041,1.626,5.8335,17.838,1.626,1.59E+02,12.07435829
1995,266,7.394,0.375,3.8845,0.505,0.375,2.45E+02,11.09664155
1995,267,11.214,0.765,5.9895,0,0.765,1.53E+02,12.88710093
1995,268,11.778,2.001,6.8895,0.111,2.001,2.40E+02,12.53465223
1995,269,12.465,3.113,7.789,0.555,3.113,3.46E+02,12.26939622
1995,270,8.753,0.539,4.646,5.672,0.539,2.44E+02,11.62349552
1995,271,6.828,-1.537,2.6455,0.014,-1.537,1.94E+02,11.63606321
1995,272,14.278,-0.922,6.678,0.054,-0.922,1.58E+02,13.51434753
1995,273,21.292,8.669,14.9805,0.191,8.669,2.29E+02,12.96130337
1995,274,22.581,10.843,16.712,1.316,10.843,1.31E+02,12.65212407
1995,275,14.536,10.39,12.463,5.162,10.39,8.64E+01,7.9944552
1995,276,5.395,1.19,3.2925,1.929,1.19,8.64E+01,8.032871907
1995,277,6.28,1.413,3.8465,0.082,1.413,8.64E+01,8.71601102
1995,278,6.662,3.015,4.8385,0,3.015,8.64E+01,7.287301492
1995,279,7.867,3.6,5.7335,0.593,3.6,8.64E+01,8.005104517
1995,280,8.424,4.361,6.3925,2.275,4.361,8.64E+01,7.739283349
1995,281,10.546,6.371,8.4585,5.633,6.371,8.64E+01,7.834159253
1995,282,9.241,4.674,6.9575,0.234,4.674,8.64E+01,8.216533443
1995,283,11.12,5.019,8.0695,3.471,5.019,8.64E+01,9.477956122
1995,284,13.836,7.503,10.6695,7.797,7.503,8.64E+01,9.578704618
1995,285,13.927,6.801,10.364,0.082,6.801,8.64E+01,9.990243624
1995,286,22.061,7.844,14.9525,0,7.844,8.64E+01,11.76730347
1995,287,20.549,11.652,16.1005,11.436,11.652,8.64E+01,10.60720403
1995,288,10.1,0.921,5.5105,7.955,0.921,8.64E+01,10.61275805
1995,289,2.109,0.109,1.109,8.671,0.109,8.64E+01,4.596688058
1995,290,3.813,0.01,1.9115,2.921,0.01,8.64E+01,7.117702043
1995,291,9.304,-0.375,4.4645,2.181,-0.375,8.64E+01,10.48285757
1995,292,4.533,-1.364,1.5845,0.082,-1.364,8.64E+01,8.821146932
1995,293,13.779,0.688,7.2335,0.014,0.688,8.64E+01,10.8518292
1995,294,15.399,7.589,11.494,4.294,7.589,8.64E+01,9.640012321
1995,295,12.148,4.533,8.3405,8.11,4.533,8.64E+01,9.487503953
1995,296,6.003,1.441,3.722,0.799,1.441,8.64E+01,7.629260403
1995,297,13.309,2.655,7.982,10.858,2.655,8.64E+01,10.10921357
1995,298,5.146,-1.133,2.0065,3.533,-1.133,8.64E+01,8.674210256
1995,299,5.404,-1.262,2.071,0.014,-1.262,8.64E+01,8.796855987
1995,300,10.247,0.342,5.2945,11.023,0.342,8.64E+01,9.689106661
1995,301,9.892,1.357,5.6245,4.38,1.357,8.64E+01,9.298701697
1995,302,0.898,-3.789,-1.4455,0.578,-3.789,8.64E+01,7.456840195
1995,303,-3.255,-5.587,-4.421,0.027,-5.587,8.64E+01,4.922779366
1995,304,-0.378,-5.29,-2.834,0,-5.29,8.64E+01,7.521496463
1995,305,2.758,-3.861,-0.5515,0.116,-3.861,8.64E+01,8.36941125
1995,306,1.24,-3.339,-1.0495,12.317,-3.339,2.87E+02,7.192799273
1995,307,5.54,-2.068,1.736,15.459,-2.068,1.19E+02,8.566308141
1995,308,-4.264,-6.507,-5.3855,3.92,-6.507,1.37E+02,4.7070322
1995,309,-4.004,-8.896,-6.45,1.162,-8.896,1.93E+02,7.262432038
1995,310,1.218,-7.853,-3.3175,11.504,-7.853,2.53E+02,8.654926145
1995,311,0.547,-0.585,-0.019,9.712,-0.585,2.35E+02,2.780897071
1995,312,-4.193,-5.786,-4.9895,1.35,-5.786,1.39E+02,3.631634226
1995,313,-12.432,-15.115,-13.7735,4.607,-15.115,2.48E+02,5.18688972
1995,314,-3.386,-15.814,-9.6,5.679,-15.814,2.78E+02,8.633074859
1995,315,7.645,-4.275,1.685,25.403,-4.275,2.71E+02,8.51647044
1995,316,6.537,-9.717,-1.59,5.858,-9.717,2.93E+02,8.553982913
1995,317,-6.631,-14.858,-10.7445,0,-14.858,2.08E+02,7.967294022
1995,318,-3.356,-9.567,-6.4615,1.469,-9.567,1.07E+02,7.399900431
1995,319,2.516,-4.733,-1.1085,17.938,-4.733,1.92E+02,7.633037605
1995,320,0.671,-8.664,-3.9965,1.912,-8.664,1.33E+02,7.906617055
1995,321,-4.922,-9.269,-7.0955,0,-9.269,1.56E+02,6.396822616
1995,322,-4.409,-13.688,-9.0485,0,-13.688,1.55E+02,7.758271538
1995,323,-3.085,-17.284,-10.1845,0.099,-17.284,1.43E+02,7.925806324
1995,324,-2.068,-11.168,-6.618,7.2,-11.168,3.22E+02,7.604269272
1995,325,0.069,-2.324,-1.1275,2.598,-2.324,2.03E+02,4.605988268
1995,326,-1.921,-10.157,-6.039,1.912,-10.157,2.44E+02,7.376473553
1995,327,-7.794,-14.478,-11.136,2.575,-14.478,1.93E+02,7.043387743
1995,328,-14.863,-21.839,-18.351,4.16,-21.839,2.52E+02,7.05638524
1995,329,-6.437,-21.888,-14.1625,9.28,-21.888,2.63E+02,7.513770332
1995,330,-7.102,-29.975,-18.5385,0,-29.975,3.01E+02,7.469791712
1995,331,-14.949,-31.905,-23.427,0.634,-31.905,3.58E+02,7.397463067
1995,332,-15.999,-26.518,-21.2585,0,-26.518,2.16E+02,7.225199643
1995,333,-15.565,-26.538,-21.0515,0.975,-26.538,4.31E+02,7.191735701
1995,334,-7.897,-21.464,-14.6805,6.388,-21.464,3.32E+02,7.201554984
1995,335,-7.341,-14.209,-10.775,4.408,-14.209,3.83E+02,6.721567699
1995,336,-11.62,-27.588,-19.604,0,-27.588,1.65E+02,7.122000974
1995,337,-13.306,-29.91,-21.608,2.42,-29.91,2.58E+02,7.078078536
1995,338,-10.054,-19.076,-14.565,1.228,-19.076,1.02E+02,6.862117133
1995,339,-8.69,-23.061,-15.8755,0.455,-23.061,3.09E+02,6.980410517
1995,340,-7.445,-18.725,-13.085,0.853,-18.725,3.33E+02,6.893069351
1995,341,-16.378,-26.233,-21.3055,1.15,-26.233,1.87E+02,6.806170919
1995,342,-16.431,-30.154,-23.2925,0,-30.154,1.63E+02,6.867197581
1995,343,-11.045,-30.143,-20.594,3.915,-30.143,2.89E+02,6.857225266
1995,344,-11.141,-21.471,-16.306,2.517,-21.471,1.78E+02,6.740145249
1995,345,-21.862,-26.878,-24.37,2.164,-26.878,1.89E+02,5.990739423
1995,346,-15.809,-27.162,-21.4855,0.853,-27.162,2.57E+02,6.724930456
1995,347,-15.431,-23.887,-19.659,0,-23.887,1.30E+02,6.573125736
1995,348,-13.605,-24.409,-19.007,0.626,-24.409,1.22E+02,6.674324992
1995,349,-11.641,-19.093,-15.367,0,-19.093,2.67E+02,6.447652824
1995,350,-11.124,-17.626,-14.375,0.263,-17.626,2.06E+02,6.299810234
1995,351,-10.984,-17.513,-14.2485,1.602,-17.513,2.74E+02,6.297239962
1995,352,-13.845,-17.314,-15.5795,0.263,-17.314,3.01E+02,5.20192054
1995,353,-15.016,-21.329,-18.1725,0,-21.329,3.14E+02,6.249892696
1995,354,-8.651,-21.335,-14.993,2.474,-21.335,3.41E+02,6.664911956
1995,355,-3.158,-9.382,-6.27,1.845,-9.382,2.25E+02,6.232871094
1995,356,-1.949,-6.457,-4.203,0.666,-6.457,8.86E+01,5.737971953
1995,357,-4.556,-9.527,-7.0415,0,-9.527,9.04E+01,5.914340147
1995,358,-8.978,-19.479,-14.2285,0,-19.479,1.86E+02,6.640141965
1995,359,-10.106,-20.273,-15.1895,2.417,-20.273,2.82E+02,6.640035903
1995,360,-7.642,-12.604,-10.123,0,-12.604,9.70E+01,5.934698694
1995,361,-5.718,-9.15,-7.434,0.724,-9.15,1.06E+02,5.205230812
1995,362,-9.567,-18.585,-14.076,1.04,-18.585,1.17E+02,6.63229627
1995,363,-13.579,-23.337,-18.458,2.363,-23.337,2.14E+02,6.69385065
1995,364,-7.501,-19.627,-13.564,3.861,-19.627,2.83E+02,6.789729315
1995,365,-17.418,-28.235,-22.8265,0.098,-28.235,1.63E+02,6.785625851
1995,366,-17.418,-28.235,-22.8265,0.098,-28.235,1.63E+02,6.785625851
