DJ0207XDMNXPHWR
CCXMDDM
24,1,12.0
7,0.075,0.125,0.00,0,0,0,0,0,0,0,0
1997,1,-20.476,-35.423,-27.9495,0.61,-35.423,1.60E+02,6.878936707,,,
1997,2,-17.178,-20.844,-19.011,0.065,-20.844,1.91E+02,5.427209905,,,
1997,3,-11.88,-19.418,-15.649,0.325,-19.418,2.38E+02,6.651276114,,,
1997,4,-11.921,-15.949,-13.935,0.197,-15.949,3.58E+02,5.673050394,,,
1997,5,-8.804,-15.017,-11.9105,19.222,-15.017,1.22E+02,6.486376736,,,
1997,6,-9.127,-14.257,-11.692,0.233,-14.257,1.81E+02,6.207567376,,,
1997,7,-14.599,-20.346,-17.4725,0.426,-20.346,1.85E+02,6.433033813,,,
1997,8,-16.108,-20.522,-18.315,0.092,-20.522,2.16E+02,5.965191271,,,
1997,9,-15.063,-25.424,-20.2435,0.601,-25.424,1.73E+02,7.118816264,,,
1997,10,-4.876,-16.502,-10.689,2.403,-16.502,1.45E+02,7.218066091,,,
1997,11,-6.558,-11.612,-9.085,1.509,-11.612,1.08E+02,6.33729826,,,
1997,12,-5.046,-11.286,-8.166,8.399,-11.286,1.08E+02,6.752799946,,,
1997,13,-9.426,-11.784,-10.605,0.431,-11.784,2.86E+02,4.486675984
1997,14,-9.728,-14.095,-11.9115,0.203,-14.095,1.40E+02,6.122413011
1997,15,-4.525,-10.838,-7.6815,2.306,-10.838,2.46E+02,6.906773858
1997,16,-3.279,-29.698,-16.4885,9.021,-29.698,4.62E+02,7.678567608
1997,17,-30.577,-35.56,-33.0685,0,-35.56,2.31E+02,6.534529375
1997,18,-24.694,-35.364,-30.029,0.247,-35.364,1.42E+02,7.666508805
1997,19,-11.434,-25.886,-18.66,0.855,-25.886,2.97E+02,7.859969354
1997,20,-11.025,-19.701,-15.363,0.012,-19.701,4.20E+02,7.626872546
1997,21,-14.718,-28.675,-21.6965,2.344,-28.675,1.59E+02,8.006308507
1997,22,-11.208,-19.757,-15.4825,11.695,-19.757,2.39E+02,7.744221187
1997,23,-21.479,-37.195,-29.337,0,-37.195,2.50E+02,8.19907564
1997,24,-15.752,-37.407,-26.5795,0.913,-37.407,2.60E+02,8.318795528
1997,25,-10.763,-22.146,-16.4545,6.584,-22.146,2.40E+02,8.237156475
1997,26,-23.294,-33.579,-28.4365,0,-33.579,1.11E+02,8.238143207
1997,27,-19.71,-35.255,-27.4825,0.1,-35.255,1.23E+02,8.552089494
1997,28,-18.014,-23.536,-20.775,1.828,-23.536,1.51E+02,7.298541983
1997,29,-24.077,-36.408,-30.2425,0.092,-36.408,2.18E+02,8.636700458
1997,30,-23.76,-41.493,-32.6265,0.444,-41.493,2.66E+02,8.868950026
1997,31,-13.558,-25.484,-19.521,0.243,-25.484,1.86E+02,8.796899807
1997,32,-9.296,-17.864,-13.58,0,-17.864,2.91E+02,8.49117511
1997,33,-13.663,-26.761,-20.212,0,-26.761,1.10E+02,9.054194723
1997,34,-13.13,-28.981,-21.0555,0,-28.981,1.90E+02,9.249539662
1997,35,-10.537,-29.661,-20.099,0.081,-29.661,2.77E+02,9.404498403
1997,36,-9.016,-21.208,-15.112,0.02,-21.208,2.79E+02,9.296129408
1997,37,-8.064,-22.298,-15.181,0.301,-22.298,1.21E+02,9.514850684
1997,38,-21.283,-33.425,-27.354,0.098,-33.425,2.79E+02,9.492920332
1997,39,-13.099,-37.782,-25.4405,0.124,-37.782,2.25E+02,9.885682915
1997,40,-6.665,-15.024,-10.8445,0.31,-15.024,1.99E+02,9.095282954
1997,41,-9.585,-31.471,-20.528,0.149,-31.471,1.87E+02,10.11129844
1997,42,-14.288,-36.471,-25.3795,0.438,-36.471,2.31E+02,10.23323175
1997,43,-13.613,-29.781,-21.697,0.432,-29.781,2.29E+02,10.25480848
1997,44,-15.125,-33.694,-24.4095,0.073,-33.694,2.79E+02,10.43418151
1997,45,-6.17,-18.01,-12.09,0.552,-18.01,2.61E+02,10.18596787
1997,46,-9.844,-29.374,-19.609,0.022,-29.374,2.35E+02,10.69507329
1997,47,-21.536,-36.756,-29.146,0.047,-36.756,1.76E+02,10.68177743
1997,48,-12.138,-36.008,-24.073,0.22,-36.008,2.32E+02,10.99246625
1997,49,-5.646,-12.903,-9.2745,4.672,-12.903,2.00E+02,9.423603721
1997,50,-12.78,-26.402,-19.591,0,-26.402,1.55E+02,10.91694606
1997,51,-5.651,-32.85,-19.2505,0.04,-32.85,1.31E+02,11.39945104
1997,52,-3.787,-21.231,-12.509,0.725,-21.231,3.10E+02,11.38850075
1997,53,-16.863,-22.48,-19.6715,3.504,-22.48,2.00E+02,8.751753475
1997,54,-15.694,-29.227,-22.4605,0.277,-29.227,2.25E+02,11.36433153
1997,55,-18.437,-33.406,-25.9215,0,-33.406,1.69E+02,11.61513564
1997,56,-10.403,-34.739,-22.571,1.58,-34.739,2.27E+02,12.05217392
1997,57,-1.548,-11.64,-6.594,2.753,-11.64,1.38E+02,11.07243517
1997,58,-10.998,-23.782,-17.39,0,-23.782,1.29E+02,11.71857834
1997,59,-5.216,-29.513,-17.3645,0,-29.513,1.22E+02,12.45854591
1997,60,0.226,-17.004,-8.389,10.566,-17.004,1.29E+02,12.38525329
1997,61,-1.893,-23.152,-12.5225,0.153,-23.152,1.27E+02,12.67534509
1997,62,-16.057,-31.82,-23.9385,0.129,-31.82,2.33E+02,12.52687155
1997,63,-8.753,-29.523,-19.138,0.136,-29.523,3.16E+02,12.9283438
1997,64,-9.108,-25.537,-17.3225,0.01,-25.537,2.30E+02,12.82830534
1997,65,-8.108,-28.854,-18.481,0,-28.854,1.48E+02,13.19345096
1997,66,-16.143,-22.553,-19.348,0,-22.553,2.94E+02,10.04706943
1997,67,-17.392,-32.511,-24.9515,0,-32.511,1.63E+02,13.05794534
1997,68,-8.455,-37.041,-22.748,0.162,-37.041,1.28E+02,13.74566919
1997,69,-3.299,-12.234,-7.7665,3.466,-12.234,1.18E+02,11.70449331
1997,70,-9.518,-20.343,-14.9305,0,-20.343,2.83E+02,12.50433023
1997,71,-18.54,-27.79,-23.165,0,-27.79,2.68E+02,12.00201582
1997,72,-15.152,-31.08,-23.116,0.078,-31.08,1.85E+02,13.74160153
1997,73,-9.893,-32.203,-21.048,2.352,-32.203,3.58E+02,14.31175403
1997,74,-9.867,-19.945,-14.906,1.42,-19.945,2.20E+02,12.59045209
1997,75,-12.795,-21.579,-17.187,0.278,-21.579,3.22E+02,12.08150745
1997,76,-6.631,-24.33,-15.4805,2.01,-24.33,1.79E+02,14.40765388
1997,77,-5.34,-20.164,-12.752,0.129,-20.164,1.62E+02,14.14642031
1997,78,-4.396,-17.061,-10.7285,0.165,-17.061,1.58E+02,13.78748475
1997,79,-3.656,-18.066,-10.861,0.021,-18.066,1.42E+02,14.28426114
1997,80,-8.295,-22.401,-15.348,0.146,-22.401,3.03E+02,14.32587129
1997,81,-10.449,-19.284,-14.8665,0.129,-19.284,3.27E+02,12.52526279
1997,82,-10.93,-22.245,-16.5875,0,-22.245,3.25E+02,13.72891371
1997,83,-5.816,-21.416,-13.616,0,-21.416,1.76E+02,14.92254717
1997,84,-0.691,-23.333,-12.012,4.129,-23.333,2.63E+02,15.74335184
1997,85,-2.429,-11.161,-6.795,5.708,-11.161,2.28E+02,12.72300725
1997,86,0.094,-13.487,-6.6965,1.618,-13.487,2.34E+02,14.7855048
1997,87,2.318,-4.406,-1.044,0.566,-4.406,2.77E+02,11.35872735
1997,88,1.846,-9.598,-3.876,2.861,-9.598,2.19E+02,14.2635209
1997,89,-5.499,-14.737,-10.118,0,-14.737,3.49E+02,13.27113686
1997,90,-1.199,-17.305,-9.252,0.18,-17.305,1.75E+02,15.72952049
1997,91,4.607,-20.475,-7.934,0.263,-20.475,2.78E+02,16.7136627
1997,92,2.654,-12.602,-4.974,0.103,-12.602,2.57E+02,15.74839838
1997,93,3.632,-9.422,-2.895,0.886,-9.422,1.55E+02,15.23911833
1997,94,5.208,-4.089,0.5595,0.11,-4.089,1.23E+02,13.60485089
1997,95,9.158,-6.202,1.478,2.175,-6.202,4.34E+02,16.04561235
1997,96,10.273,2.506,6.3895,9.928,2.506,5.46E+02,12.63338851
1997,97,5.283,-6.912,-0.8145,3.728,-6.912,4.32E+02,15.23557585
1997,98,-8.108,-13.45,-10.779,0.158,-13.45,2.54E+02,10.30766801
1997,99,-6.834,-18.895,-12.8645,0,-18.895,2.16E+02,15.32146541
1997,100,-0.399,-19.922,-10.1605,0,-19.922,2.38E+02,17.24722379
1997,101,2.118,-15.478,-6.68,0,-15.478,2.38E+02,17.04124839
1997,102,4.412,-15.786,-5.687,0,-15.786,2.58E+02,17.52483886
1997,103,2.046,-10.419,-4.1865,0.179,-10.419,1.28E+02,15.75743132
1997,104,-2.904,-15.35,-9.127,0,-15.35,2.05E+02,15.81470934
1997,105,7.45,-15.295,-3.9225,0.131,-15.295,2.06E+02,18.08017907
1997,106,5.801,-2.696,1.5525,0,-2.696,2.12E+02,13.63809323
1997,107,2.202,-7.412,-2.605,0.11,-7.412,2.30E+02,14.48120315
1997,108,2.384,-10.99,-4.303,0.11,-10.99,2.75E+02,16.44049314
1997,109,8.698,-4.306,2.196,0,-4.306,1.69E+02,16.35765052
1997,110,9.125,-2.348,3.3885,0.11,-2.348,3.67E+02,15.71436418
1997,111,10.34,0.211,5.2755,0,0.211,3.70E+02,14.99672643
1997,112,9.91,-0.102,4.904,0,-0.102,3.41E+02,14.96628641
1997,113,9.691,-2.02,3.8355,0,-2.02,3.31E+02,15.990912
1997,114,9.601,-1.491,4.055,0,-1.491,1.66E+02,15.70821248
1997,115,7.626,-4.768,1.429,0,-4.768,4.05E+02,16.42656081
1997,116,8.511,-5.869,1.321,0,-5.869,2.09E+02,17.29580961
1997,117,11.725,-5.617,3.054,0,-5.617,2.71E+02,18.22322697
1997,118,8.162,0.719,4.4405,0.075,0.719,2.48E+02,13.11557033
1997,119,11.329,0.873,6.101,0.106,0.873,2.42E+02,15.54020902
1997,120,8.881,-1.044,3.9185,0.069,-1.044,3.43E+02,15.22444936
1997,121,1.305,-1.312,-0.0035,10.828,-1.312,1.69E+02,6.334333594
1997,122,2.056,-6.649,-2.2965,2.193,-6.649,1.29E+02,14.36222553
1997,123,8.562,-6.814,0.874,2.413,-6.814,1.90E+02,18.01944508
1997,124,1.268,-6.613,-2.6725,4.827,-6.613,2.57E+02,13.68585346
1997,125,6.983,-8.783,-0.9,0.094,-8.783,1.56E+02,18.24752585
1997,126,3.142,-3.025,0.0585,7.633,-3.025,1.92E+02,11.89631478
1997,127,4.664,-5.471,-0.4035,0.749,-5.471,2.36E+02,15.60149684
1997,128,9.489,-5.396,2.0465,0,-5.396,3.99E+02,18.08639146
1997,129,11.159,0.053,5.606,0,0.053,2.57E+02,16.30225604
1997,130,6.374,0.964,3.669,0.967,0.964,3.00E+02,10.98524643
1997,131,4.598,-0.289,2.1545,0.488,-0.289,2.36E+02,10.26175789
1997,132,9.349,-1.32,4.0145,0,-1.32,3.05E+02,16.11124432
1997,133,8.584,-1.329,3.6275,0.436,-1.329,1.49E+02,15.60673409
1997,134,7.161,-1.961,2.6,0.05,-1.961,2.64E+02,15.01108235
1997,135,11.685,-2.833,4.426,1.109,-2.833,1.77E+02,18.22018808
1997,136,5.759,0.95,3.3545,19.588,0.95,2.73E+02,10.19169281
1997,137,2.083,-0.552,0.7655,13.58,-0.552,1.72E+02,6.430043337
1997,138,7.194,-1.9,2.647,0,-1.9,2.17E+02,15.06868582
1997,139,12.448,-1.757,5.3455,10.375,-1.757,2.62E+02,18.21936199
1997,140,5.136,0.907,3.0215,14.494,0.907,2.27E+02,9.318931554
1997,141,7.027,2.654,4.8405,7.597,2.654,2.50E+02,9.55570675
1997,142,10.218,2.956,6.587,0.904,2.956,3.22E+02,13.37663306
1997,143,11.827,2.901,7.364,0.726,2.901,1.83E+02,15.0100318
1997,144,7.88,3.536,5.708,6.818,3.536,2.26E+02,9.525807687
1997,145,6.356,1.22,3.788,0.576,1.22,2.15E+02,10.73630454
1997,146,13.964,-0.291,6.8365,0,-0.291,2.26E+02,18.4256584
1997,147,18.008,-1.448,8.28,0,-1.448,2.94E+02,20.11655699
1997,148,15.778,0.43,8.104,0,0.43,1.86E+02,18.91992363
1997,149,20.812,-0.719,10.0465,0,-0.719,2.89E+02,20.58492107
1997,150,15.096,9.973,12.5345,3.53,9.973,3.26E+02,10.74598779
1997,151,14.013,1.768,7.8905,0.147,1.768,2.43E+02,17.50544044
1997,152,16.482,-1.497,7.4925,0.087,-1.497,1.50E+02,19.86950537
1997,153,19.817,2.548,11.1825,0.036,2.548,2.54E+02,19.68300072
1997,154,21.529,5.071,13.3,0.036,5.071,2.07E+02,19.44046183
1997,155,21.056,8.089,14.5725,3.396,8.089,2.19E+02,17.96240002
1997,156,19.982,7.991,13.9865,0.55,7.991,2.31E+02,17.42215269
1997,157,23.048,9.765,16.4065,0.027,9.765,1.80E+02,18.15183834
1997,158,25.257,9.365,17.311,1.051,9.365,3.07E+02,19.30094723
1997,159,25.785,8.264,17.0245,0.062,8.264,2.65E+02,19.85551188
1997,160,27.756,9.243,18.4995,0.113,9.243,2.47E+02,20.14773851
1997,161,23.2,4.348,13.774,1.821,4.348,3.62E+02,20.24756074
1997,162,20.006,3.92,11.963,0,3.92,3.33E+02,19.41546352
1997,163,19.947,5.071,12.509,0.965,5.071,3.08E+02,18.95109358
1997,164,12.124,6.324,9.224,4.928,6.324,1.41E+02,11.74427833
1997,165,12.05,1.769,6.9095,0.07,1.769,2.77E+02,16.32931458
1997,166,16.513,0.591,8.552,1.817,0.591,2.48E+02,19.3836491
1997,167,13.967,7.202,10.5845,31.639,7.202,2.60E+02,12.97077511
1997,168,14.625,4.28,9.4525,1.247,4.28,1.78E+02,16.38633578
1997,169,20.672,6.147,13.4095,2.517,6.147,1.39E+02,18.82778784
1997,170,15.138,2.667,8.9025,0,2.667,1.31E+02,17.79083671
1997,171,21.495,0.488,10.9915,1.838,0.488,3.59E+02,20.79005154
1997,172,24.184,13.277,18.7305,5.451,13.277,2.63E+02,16.79763529
1997,173,19.371,10.976,15.1735,0,10.976,1.85E+02,14.72293806
1997,174,20.181,6.094,13.1375,0.036,6.094,9.72E+01,18.62761563
1997,175,21.799,3.262,12.5305,1.972,3.262,1.68E+02,20.21623254
1997,176,21.275,11.365,16.32,15.681,11.365,1.93E+02,16.04670283
1997,177,17.963,4.031,10.997,0,4.031,3.23E+02,18.54377823
1997,178,25.347,2.723,14.035,0,2.723,3.00E+02,21.04841547
1997,179,29.598,15.313,22.4555,8.826,15.313,2.77E+02,18.69660357
1997,180,26.246,15.039,20.6425,22.041,15.039,2.19E+02,16.97874751
1997,181,27.577,15.863,21.72,0.298,15.863,1.38E+02,17.30207336
1997,182,18.358,10.753,14.5555,9.136,10.753,1.34E+02,13.89787213
1997,183,22.575,10.635,16.605,1.553,10.635,2.11E+02,17.42677817
1997,184,21.181,16.133,18.657,37.372,16.133,1.80E+02,10.66971824
1997,185,15.98,8.533,12.2565,14.126,8.533,1.42E+02,13.71346947
1997,186,20.391,5.12,12.7555,0.045,5.12,2.31E+02,19.04522498
1997,187,24.567,11.349,17.958,0.294,11.349,3.10E+02,18.1015702
1997,188,17.688,9.304,13.496,6.002,9.304,1.94E+02,14.64759143
1997,189,16.663,7.385,12.024,0.275,7.385,1.22E+02,15.44557427
1997,190,17.342,7.589,12.4655,3.169,7.589,1.43E+02,15.82697158
1997,191,23.88,6.574,15.227,0.027,6.574,1.78E+02,19.66670731
1997,192,27.133,8.643,17.888,0.566,8.643,1.39E+02,19.97622714
1997,193,25.476,15.548,20.512,0.197,15.548,1.29E+02,15.92908726
1997,194,28.088,16.811,22.4495,0,16.811,1.89E+02,16.8746699
1997,195,24.045,16.16,20.1025,0.178,16.16,8.64E+01,14.09219198
1997,196,24.403,15.341,19.872,0.278,15.341,1.05E+02,15.18006258
1997,197,26.11,15.984,21.047,8.067,15.984,1.25E+02,16.02230426
1997,198,24.891,14.302,19.5965,13.17,14.302,1.07E+02,16.34195588
1997,199,13.345,7.485,10.415,5.341,7.485,2.57E+02,11.72168662
1997,200,17.446,8.146,12.796,1.194,8.146,1.13E+02,15.32231726
1997,201,19.375,8.255,13.815,0.002,8.255,1.85E+02,16.64371474
1997,202,20.185,7.088,13.6365,0,7.088,2.08E+02,17.7514059
1997,203,20.5,5.467,12.9835,0.076,5.467,1.91E+02,18.57641665
1997,204,24.867,6.47,15.6685,0.101,6.47,2.56E+02,19.59036774
1997,205,26.438,12.169,19.3035,0,12.169,3.28E+02,18.20532054
1997,206,28.572,13.622,21.097,0,13.622,1.85E+02,18.44748233
1997,207,28.456,15.416,21.936,2.152,15.416,2.57E+02,17.58146423
1997,208,27.448,13.332,20.39,24.606,13.332,1.31E+02,18.04194597
1997,209,16.137,10.478,13.3075,2.924,10.478,1.49E+02,11.36014197
1997,210,20.375,9.067,14.721,0,9.067,1.64E+02,16.53829488
1997,211,24.463,7.847,16.155,1.195,7.847,2.29E+02,18.82168149
1997,212,26.628,13.266,19.947,6.935,13.266,2.73E+02,17.56650334
1997,213,18.334,15.503,16.9185,8.221,15.503,2.03E+02,6.790784989
1997,214,16.368,6.629,11.4985,0.922,6.629,2.53E+02,15.36455689
1997,215,15.974,3.022,9.498,0.011,3.022,2.18E+02,17.26123813
1997,216,15.586,4.516,10.051,0.821,4.516,2.40E+02,16.20401131
1997,217,16.156,2.904,9.53,0,2.904,9.38E+01,17.3200369
1997,218,19.816,1.529,10.6725,0.558,1.529,1.92E+02,18.90927002
1997,219,16.879,7.219,12.049,5.95,7.219,2.00E+02,15.15923395
1997,220,27.963,8.586,18.2745,0,8.586,1.79E+02,19.01700501
1997,221,27.66,15.752,21.706,0,15.752,1.74E+02,16.49434581
1997,222,24.659,10.477,17.568,31.472,10.477,1.72E+02,17.47673636
1997,223,15.218,4.758,9.988,0.005,4.758,1.38E+02,15.56984899
1997,224,20.457,3.376,11.9165,0.131,3.376,1.99E+02,18.26824927
1997,225,15.021,11.05,13.0355,0.781,11.05,2.06E+02,8.724494282
1997,226,16.394,7.675,12.0345,0.122,7.675,1.59E+02,14.20991029
1997,227,19.741,8.96,14.3505,7.28,8.96,2.35E+02,15.60555496
1997,228,15.678,8.406,12.042,4.371,8.406,2.18E+02,12.86029388
1997,229,12.829,7.31,10.0695,1.065,7.31,2.45E+02,10.8792481
1997,230,16.564,8.385,12.4745,0.208,8.385,2.30E+02,13.62961413
1997,231,19.1,5.24,12.17,0.22,5.24,2.58E+02,16.85450401
1997,232,20.37,4.873,12.6215,0.004,4.873,3.44E+02,17.32293233
1997,233,20.152,6.471,13.3115,0.72,6.471,3.00E+02,16.66508505
1997,234,13,10.294,11.647,7.17,10.294,2.47E+02,6.436560213
1997,235,14.329,9.953,12.141,3.026,9.953,2.38E+02,9.219520076
1997,236,19.277,8.863,14.07,4.881,8.863,3.22E+02,14.96527702
1997,237,20.962,6.77,13.866,0.027,6.77,1.69E+02,16.5779364
1997,238,24.709,7.642,16.1755,0.007,7.642,2.52E+02,17.25934956
1997,239,19.839,12.922,16.3805,4.486,12.922,2.79E+02,12.18147417
1997,240,19.279,11.828,15.5535,0.688,11.828,2.61E+02,12.64283875
1997,241,19.913,12.035,15.974,0.156,12.035,2.46E+02,12.96966883
1997,242,21.941,10.94,16.4405,0.127,10.94,1.63E+02,14.94978762
1997,243,21.181,10.787,15.984,10.343,10.787,1.35E+02,14.57255582
1997,244,24.856,14.143,19.4995,0.522,14.143,1.87E+02,14.68182708
1997,245,17.171,4.321,10.746,1.908,4.321,3.23E+02,15.53961045
1997,246,11.341,4.598,7.9695,0.557,4.598,1.37E+02,11.77050241
1997,247,15.971,4.349,10.16,0.074,4.349,1.48E+02,14.91228641
1997,248,21.596,3.549,12.5725,0.559,3.549,1.49E+02,16.52775835
1997,249,16.805,9.274,13.0395,3.846,9.274,2.53E+02,12.34300538
1997,250,13.092,6.067,9.5795,0.065,6.067,2.47E+02,11.87142058
1997,251,18.017,4.412,11.2145,0,4.412,3.50E+02,15.30727105
1997,252,20.59,8.845,14.7175,0.01,8.845,2.41E+02,14.59688755
1997,253,20.733,10.472,15.6025,2.012,10.472,1.40E+02,13.87134814
1997,254,14.635,13.255,13.945,22.513,13.255,2.17E+02,3.585244653
1997,255,15.776,12.815,14.2955,7.392,12.815,2.65E+02,6.696412205
1997,256,20.653,8.442,14.5475,0,8.442,3.17E+02,14.44598793
1997,257,22.738,8.995,15.8665,0,8.995,1.80E+02,14.80855737
1997,258,15.848,6.838,11.343,0.256,6.838,3.05E+02,12.87379361
1997,259,11.248,4.639,7.9435,0.036,4.639,3.46E+02,11.11543502
1997,260,13.813,4.73,9.2715,12.378,4.73,2.74E+02,12.78367079
1997,261,18.29,10.996,14.643,4.338,10.996,3.15E+02,11.57044521
1997,262,13.807,3.038,8.4225,12.643,3.038,2.49E+02,13.42399654
1997,263,6.739,0.907,3.823,0.157,0.907,2.15E+02,10.23330456
1997,264,6.14,-0.837,2.6515,1.208,-0.837,1.35E+02,11.17181986
1997,265,11.409,1.232,6.3205,6.43,1.232,1.59E+02,12.94267143
1997,266,6.243,-0.058,3.0925,0.008,-0.058,2.45E+02,10.52493699
1997,267,3.799,-0.997,1.401,12.574,-0.997,1.53E+02,9.00632246
1997,268,6.493,1.317,3.905,4.537,1.317,2.40E+02,9.381280819
1997,269,10.68,-1.361,4.6595,0,-1.361,3.46E+02,13.21937666
1997,270,15.374,4.534,9.954,0,4.534,2.44E+02,12.76645151
1997,271,14.956,6.399,10.6775,0.012,6.399,1.94E+02,11.73629463
1997,272,11.022,7.865,9.4435,20.074,7.865,1.58E+02,6.739937454
1997,273,10.023,1.356,5.6895,16.659,1.356,2.29E+02,11.64364091
1997,274,5.768,-3.463,1.1525,0.068,-3.463,1.31E+02,11.8213495
1997,275,9.677,-6.144,1.7665,0.146,-6.144,8.64E+01,13.23762635
1997,276,11.021,3.157,7.089,0,3.157,8.64E+01,11.01491379
1997,277,13.058,6.641,9.8495,9.93,6.641,8.64E+01,10.04357815
1997,278,15.968,5.985,10.9765,5.843,5.985,8.64E+01,11.76441388
1997,279,10.958,5.665,8.3115,0.929,5.665,8.64E+01,9.035737496
1997,280,8.627,-1.873,3.377,0,-1.873,8.64E+01,11.73952976
1997,281,9.15,-2.64,3.255,0.826,-2.64,8.64E+01,11.95573171
1997,282,21.919,7.481,14.7,4.545,7.481,8.64E+01,12.25823041
1997,283,14.444,1.129,7.7865,1.16,1.129,8.64E+01,12.00231946
1997,284,6.864,-0.088,3.388,0.448,-0.088,8.64E+01,9.960509339
1997,285,8.271,1.696,4.9835,2.725,1.696,8.64E+01,9.671928219
1997,286,18.103,6.547,12.325,0.083,6.547,8.64E+01,11.39037821
1997,287,15.79,1.338,8.564,2.872,1.338,8.64E+01,11.67322803
1997,288,8.554,-2.358,3.098,0.008,-2.358,8.64E+01,11.05802631
1997,289,4.262,-3.127,0.5675,0.083,-3.127,8.64E+01,9.840271672
1997,290,8.607,-5.113,1.747,0,-5.113,8.64E+01,11.25456325
1997,291,9.516,1.026,5.271,0.321,1.026,8.64E+01,10.12857183
1997,292,13.662,4.171,8.9165,0,4.171,8.64E+01,10.34190315
1997,293,10.606,0.609,5.6075,4.516,0.609,8.64E+01,10.37085918
1997,294,0.759,-2.475,-0.858,3.68,-2.475,8.64E+01,6.331379742
1997,295,-1.396,-6.615,-4.0055,0.275,-6.615,8.64E+01,8.193341425
1997,296,-3.115,-6.985,-5.05,1.373,-6.985,8.64E+01,6.984035583
1997,297,0.067,-4.326,-2.1295,0.801,-4.326,8.64E+01,7.440379728
1997,298,-0.009,-5.024,-2.5165,0.403,-5.024,8.64E+01,7.892556142
1997,299,-1.617,-6.071,-3.844,0.326,-6.071,8.64E+01,7.407099751
1997,300,-0.877,-2.681,-1.779,6.075,-2.681,8.64E+01,4.124945171
1997,301,0.157,-1.962,-0.9025,3.464,-1.962,8.64E+01,4.632553723
1997,302,0.809,-3.226,-1.2085,5.478,-3.226,8.64E+01,6.919944392
1997,303,-0.7,-7.429,-4.0645,1.025,-7.429,8.64E+01,8.550327897
1997,304,5.27,-6.164,-0.447,3.719,-6.164,8.64E+01,9.517072925
1997,305,7.399,4.716,6.0575,1.108,4.716,8.64E+01,5.365176002
1997,306,9.312,5.941,7.6265,6.18,5.941,2.87E+02,6.138093541
1997,307,8.993,0.636,4.8145,8.494,0.636,1.19E+02,8.759450132
1997,308,5.437,-0.585,2.426,6.199,-0.585,1.37E+02,7.921411811
1997,309,0.978,-4.285,-1.6535,0.072,-4.285,1.93E+02,7.482159088
1997,310,-0.629,-9.696,-5.1625,0,-9.696,2.53E+02,8.654250807
1997,311,0.717,-10.816,-5.0495,0,-10.816,2.35E+02,8.853001107
1997,312,0.215,-4.3,-2.0425,0,-4.3,1.39E+02,6.87885361
1997,313,1.887,-1.913,-0.013,0.017,-1.913,2.48E+02,6.305013107
1997,314,1.819,-3.984,-1.0825,0.062,-3.984,2.78E+02,7.472422321
1997,315,-1.738,-8.484,-5.111,0.172,-8.484,2.71E+02,7.753993613
1997,316,-5.948,-11.886,-8.917,0.034,-11.886,2.93E+02,7.414368408
1997,317,-4.861,-16.527,-10.694,0,-16.527,2.08E+02,8.329433936
1997,318,-5.853,-18.109,-11.981,0,-18.109,1.07E+02,8.274587835
1997,319,-4.264,-12.653,-8.4585,0.062,-12.653,1.92E+02,7.852699917
1997,320,-5.867,-13.864,-9.8655,0.017,-13.864,1.33E+02,7.719175574
1997,321,-5.494,-13.859,-9.6765,0.089,-13.859,1.56E+02,7.711654705
1997,322,-4.889,-19.67,-12.2795,1.054,-19.67,1.55E+02,8.014048577
1997,323,-1.943,-6.348,-4.1455,1.443,-6.348,1.43E+02,6.354547379
1997,324,-5.649,-12.109,-8.879,0.2,-12.109,3.22E+02,7.142924753
1997,325,-8.686,-23.447,-16.0665,0,-23.447,2.03E+02,7.783483577
1997,326,-9.974,-27.524,-18.749,0,-27.524,2.44E+02,7.732903408
1997,327,-6.89,-16.395,-11.6425,0.595,-16.395,1.93E+02,7.45062563
1997,328,-6.794,-15.757,-11.2755,0.389,-15.757,2.52E+02,7.342273423
1997,329,-2.822,-15.609,-9.2155,6.145,-15.609,2.63E+02,7.47595118
1997,330,-6.107,-20.873,-13.49,0,-20.873,3.01E+02,7.443976095
1997,331,-8.47,-22.923,-15.6965,0.693,-22.923,3.58E+02,7.379774914
1997,332,-5.429,-18.189,-11.809,4.821,-18.189,2.16E+02,7.296393931
1997,333,-4.472,-7.39,-5.931,1.064,-7.39,4.31E+02,5.005786276
1997,334,-5.425,-14.363,-9.894,0.548,-14.363,3.32E+02,7.02490978
1997,335,-6.163,-15.789,-10.976,4.559,-15.789,3.83E+02,7.027960499
1997,336,-4.178,-7.977,-6.0775,0.913,-7.977,1.65E+02,5.60289147
1997,337,-6.995,-10.452,-8.7235,0,-10.452,2.58E+02,5.358801635
1997,338,-4.333,-10.203,-7.268,0.09,-10.203,1.02E+02,6.401186258
1997,339,0.962,-5.371,-2.2045,0.697,-5.371,3.09E+02,6.479789294
1997,340,0.302,-1.554,-0.626,0.913,-1.554,3.33E+02,3.760869896
1997,341,-1.415,-14.152,-7.7835,0,-14.152,1.87E+02,6.888201031
1997,342,-11.151,-14.803,-12.977,0.073,-14.803,1.63E+02,5.402023541
1997,343,-7.337,-13.587,-10.462,0.495,-13.587,2.89E+02,6.358903397
1997,344,-7.168,-20.429,-13.7985,0.487,-20.429,1.78E+02,6.804028728
1997,345,-7.997,-23.702,-15.8495,0.12,-23.702,1.89E+02,6.795698728
1997,346,-7.001,-24.818,-15.9095,2.215,-24.818,2.57E+02,6.778286956
1997,347,-4.5,-9.857,-7.1785,3.284,-9.857,1.30E+02,6.070061076
1997,348,-11.561,-29.204,-20.3825,0,-29.204,1.22E+02,6.740045045
1997,349,-16.412,-30.032,-23.222,0.052,-30.032,2.67E+02,6.707889821
1997,350,0.951,-17.234,-8.1415,1.014,-17.234,2.06E+02,6.713742665
1997,351,-0.079,-14.302,-7.1905,0.56,-14.302,2.74E+02,6.691229328
1997,352,-6.929,-19.854,-13.3915,3.261,-19.854,3.01E+02,6.672991962
1997,353,-6.674,-17.531,-12.1025,1.494,-17.531,3.14E+02,6.630986306
1997,354,-15.279,-22.414,-18.8465,0,-22.414,3.41E+02,6.380152867
1997,355,-15.366,-24.938,-20.152,0.487,-24.938,2.25E+02,6.584060714
1997,356,-10.484,-26.937,-18.7105,0.913,-26.937,8.86E+01,6.694684198
1997,357,-8.986,-14.995,-11.9905,1.772,-14.995,9.04E+01,6.19674779
1997,358,-5.072,-18.222,-11.647,0.04,-18.222,1.86E+02,6.692115198
1997,359,-6.463,-17.491,-11.977,1.069,-17.491,2.82E+02,6.667308278
1997,360,-5.044,-18.509,-11.7765,1.12,-18.509,9.70E+01,6.722270003
1997,361,-7.18,-31.55,-19.365,0,-31.55,1.06E+02,6.762919368
1997,362,-13.133,-32.887,-23.01,2.402,-32.887,1.17E+02,6.782037051
1997,363,-5.203,-13.902,-9.5525,5.925,-13.902,2.14E+02,6.631320122
1997,364,-7.037,-23.239,-15.138,0.677,-23.239,2.83E+02,6.825090221
1997,365,-24.248,-32.919,-28.5835,0,-32.919,1.63E+02,6.677360112
1997,366,-24.248,-32.919,-28.5835,0,-32.919,1.63E+02,6.677360112
