3 0 1 1 3 1 2 0 0 2 1.00
45.0 9.5 0.0 12.5 500.0 0.0 0.125 0.0 405.0 0.025 0.0 1.00
0.150  0.075  0.150  0.075
0.015 0.009 -10.0 24.0 720.0 1.0 0.1
7.0 2.5 -1.0 0.5
0.0125  0.00  0.00
1.00 0.00 0.00 0.00 1.00 90.0 0.00
10.0 10.0 0.001 0.002 2.0E-06 0.0
5.0E-05 5.0E-06 0.00 0.10 1.0E+04 4.0E+09 2.5E-03 250.0 250.0
5.0E-03  0.40  0.0125
5.0E-03  0.35  0.030
1.0E-03  0.075  0.002
-1.25 0.0 5.00E+02
7.6E-01 7.6E-01 8.0E-01 8.8E-01 7.6E-01 7.6E-01 8.8E-01 7.6E-01 7.2E-01
10.0E-02 2.0E-02 1.0E-02 2.0E-02 2.0E-02 2.0E-02 4.0E-02 2.0E-02 12.5E-02
10.0E-03 2.0E-03 1.0E-03 2.0E-03 2.0E-03 2.0E-03 4.0E-03 2.0E-03 12.5E-03
