3 0 1 1 0 0 0 0 0 1 2.0
45.0 9.5 0.0 12.5 500.0 0.0 0.125 0.0 450.0 0.025 0.0 1.00 
0.20 0.075 0.20 0.075 
0.015 0.009 0.0 2880.0 2880.0 1.0 0.10 
10.0 2.5 -1.0 0.5 
0.025 0.00 0.00 
1.00 0.00 0.00 0.00 1.00 0.00 0.00 
0.0 0.0 0.001 0.001 0.32E-04 0.0
1.0E-04 1.0E-04 0.25 0.10 1.0E+04 4.0E+09 7.5E-03 250.0 250.0 
5.0E-04 0.040  0.00125 
5.0E-04 0.035  0.0030 
1.0E-04  0.0075  0.0002
-1.25 0.0 5.00E+02 
7.6E-01 7.6E-01 8.0E-01 8.8E-01 7.6E-01 7.6E-01 8.8E-01 7.6E-01 7.2E-01 
4.5E-02 2.0E-02 1.0E-02 2.0E-02 2.0E-02 2.0E-02 2.0E-02 2.0E-02 10.0E-02 
4.5E-03 2.0E-03 1.0E-03 2.0E-03 2.0E-03 2.0E-03 2.0E-03 2.0E-03 10.0E-03 
