-0.03,-1.50,0.12,3.72,500.00,12.50,1.25,0.00,0.00,0.00,0.00,0.00,0.00,10.00,0.00,1.00,6.00,1.00,5.00
0.01,0.05,0.15,0.30,0.91,1.52,0.00,0.00,0.00,0.00,0.00,0.00,0.00,0.00,0.00,0.00,0.00,0.00,0.00
1.15,1.15,1.15,1.15,1.15,1.15,0.00,0.00,0.00,0.00,0.00,0.00,0.00,0.00,0.00,0.00,0.00,0.00,0.00
-1.00,-1.00,-1.00,-1.00,-1.00,-1.00,-1.00,-1.00,-1.00,-1.00,-1.00,-1.00,-1.00,-1.00,-1.00,-1.00,-1.00,-1.00,-1.00
-1.00,-1.00,-1.00,-1.00,-1.00,-1.00,-1.00,-1.00,-1.00,-1.00,-1.00,-1.00,-1.00,-1.00,-1.00,-1.00,-1.00,-1.00,-1.00
-1.00,-1.00,-1.00,-1.00,-1.00,-1.00,-1.00,-1.00,-1.00,-1.00,-1.00,-1.00,-1.00,-1.00,-1.00,-1.00,-1.00,-1.00,-1.00
-1.00,-1.00,-1.00,-1.00,-1.00,-1.00,-1.00,-1.00,-1.00,-1.00,-1.00,-1.00,-1.00,-1.00,-1.00,-1.00,-1.00,-1.00,-1.00
84.48,84.48,84.48,84.48,84.48,84.48,180.00,180.00,180.00,180.00,180.00,0.00,0.00,0.00,0.00,0.00,0.00,0.00,0.00
529.92,529.92,529.92,529.92,514.56,514.56,20.00,20.00,20.00,20.00,20.00,0.00,0.00,0.00,0.00,0.00,0.00,0.00,0.00
0.00,0.00,0.00,0.00,0.00,0.00,0.00,0.00,0.00,0.00,0.00,0.00,0.00,0.00,0.00,0.00,0.00,0.00,0.00
0.00,0.00,0.00,0.00,0.00,0.00,0.00,0.00,0.00,0.00,0.00,0.00,0.00,0.00,0.00,0.00,0.00,0.00,0.00
6.20,6.20,6.20,6.20,6.90,6.90,4.35,4.35,4.35,4.35,4.35,0.00,0.00,0.00,0.00,0.00,0.00,0.00,0.00
11.00,11.00,11.00,11.00,11.00,11.00,5.00,5.00,5.00,5.00,5.00,0.00,0.00,0.00,0.00,0.00,0.00,0.00,0.00
4.00,4.00,4.00,4.00,4.00,4.00,4.00,4.00,4.00,4.00,4.00,0.00,0.00,0.00,0.00,0.00,0.00,0.00,0.00
23.20,23.20,23.20,23.20,23.20,23.20,10.00,7.00,3.00,0.50,0.50,0.00,0.00,0.00,0.00,0.00,0.00,0.00,0.00
0.00,0.00,0.00,0.00,0.00,0.00,0.00,0.00,0.00,0.00,0.00,0.00,0.00,0.00,0.00,0.00,0.00,0.00,0.00
-1.00,-1.00,-1.00,-1.00,-1.00,-1.00,-1.00,-1.00,-1.00,-1.00,-1.00,-1.00,-1.00,-1.00,-1.00,-1.00,-1.00,-1.00,-1.00
-1.00,-1.00,-1.00,-1.00,-1.00,-1.00,-1.00,-1.00,-1.00,-1.00,-1.00,-1.00,-1.00,-1.00,-1.00,-1.00,-1.00,-1.00,-1.00
3.00,3.00,3.00,1.00,1.00,1.00,0.00,0.00,0.00,0.00,0.00,0.00,0.00,0.00,0.00,0.00,0.00,0.00,0.00
12.00,12.00,12.00,1.00,1.00,1.00,0.00,0.00,0.00,0.00,0.00,0.00,0.00,0.00,0.00,0.00,0.00,0.00,0.00
3.40,3.40,3.40,1.00,1.00,1.00,1.00,1.00,1.00,1.00,1.00,0.00,0.00,0.00,0.00,0.00,0.00,0.00,0.00
-1.00,-1.00,-1.00,-1.00,-1.00,-1.00,-1.00,-1.00,-1.00,-1.00,-1.00,0.00,0.00,0.00,0.00,0.00,0.00,0.00,0.00
-1.00,-1.00,-1.00,-1.00,-1.00,-1.00,-1.00,-1.00,-1.00,-1.00,-1.00,0.00,0.00,0.00,0.00,0.00,0.00,0.00,0.00
-1.00,-1.00,-1.00,-1.00,-1.00,-1.00,-1.00,-1.00,-1.00,-1.00,-1.00,0.00,0.00,0.00,0.00,0.00,0.00,0.00,0.00
0.00,0.00,0.00,18.00,18.00,0.00,0.00,0.00,0.00,0.00,0.00,0.00,0.00,0.00,0.00,0.00,0.00,0.00,0.00
0.07,0.07,0.07,0.05,0.05,0.01,0.01,0.01,0.01,0.01,0.01,0.00,0.00,0.00,0.00,0.00,0.00,0.00,0.00
0.00,0.00,0.00,0.00,0.00,0.00,0.00,0.00,0.00,0.00,0.00,0.00,0.00,0.00,0.00,0.00,0.00,0.00,0.00
48.00,48.00,48.00,48.00,48.00,48.00,48.00,48.00,48.00,48.00,48.00,0.00,0.00,0.00,0.00,0.00,0.00,0.00,0.00
35.00,35.00,35.00,35.00,35.00,35.00,35.00,35.00,35.00,35.00,35.00,0.00,0.00,0.00,0.00,0.00,0.00,0.00,0.00
50.00,50.00,50.00,50.00,50.00,50.00,50.00,50.00,50.00,50.00,50.00,0.00,0.00,0.00,0.00,0.00,0.00,0.00,0.00
50.00,50.00,50.00,50.00,50.00,50.00,50.00,50.00,50.00,50.00,50.00,0.00,0.00,0.00,0.00,0.00,0.00,0.00,0.00
0.00,0.00,0.00,0.00,0.00,0.00,0.00,0.00,0.00,0.00,0.00,0.00,0.00,0.00,0.00,0.00,0.00,0.00,0.00
0.00,0.00,0.00,0.00,0.00,0.00,0.00,0.00,0.00,0.00,0.00,0.00,0.00,0.00,0.00,0.00,0.00,0.00,0.00
1000.00,1000.00,1000.00,1000.00,1000.00,1000.00,1000.00,1000.00,1000.00,1000.00,1000.00,0.00,0.00,0.00,0.00,0.00,0.00,0.00,0.00
1000.00,1000.00,1000.00,1000.00,1000.00,1000.00,1000.00,1000.00,1000.00,1000.00,1000.00,0.00,0.00,0.00,0.00,0.00,0.00,0.00,0.00
0.00,0.00,0.00,0.00,0.00,0.00,0.00,0.00,0.00,0.00,0.00,0.00,0.00,0.00,0.00,0.00,0.00,0.00,0.00
0.00,0.00,0.00,0.00,0.00,0.00,0.00,0.00,0.00,0.00,0.00,0.00,0.00,0.00,0.00,0.00,0.00,0.00,0.00
0.01,0.01,0.01,0.01,0.01,0.01,0.01,0.01,0.01,0.01,0.01,0.00,0.00,0.00,0.00,0.00,0.00,0.00,0.00
0.25,0.25,0.25,0.25,0.25,0.25,0.25,0.25,0.25,0.25,0.25,0.00,0.00,0.00,0.00,0.00,0.00,0.00,0.00
0.25,0.25,0.25,0.25,0.25,0.25,0.25,0.25,0.25,0.25,0.25,0.00,0.00,0.00,0.00,0.00,0.00,0.00,0.00
0.60,0.60,0.60,0.60,0.60,0.60,0.60,0.60,0.60,0.60,0.60,0.00,0.00,0.00,0.00,0.00,0.00,0.00,0.00
0.16,0.16,0.16,0.16,0.16,0.16,0.16,0.16,0.16,0.16,0.16,0.00,0.00,0.00,0.00,0.00,0.00,0.00,0.00
3.00,3.00,3.00,3.00,3.00,3.00,3.00,3.00,3.00,3.00,3.00,0.00,0.00,0.00,0.00,0.00,0.00,0.00,0.00
1.00,1.00,1.00,1.00,1.00,1.00,1.00,1.00,1.00,1.00,1.00,0.00,0.00,0.00,0.00,0.00,0.00,0.00,0.00
0.00,0.00,0.00,0.00,0.00,0.00,0.00,0.00,0.00,0.00,0.00,0.00,0.00,0.00,0.00,0.00,0.00,0.00,0.00
45.00,60.00,75.00,75.00,60.00,60.00,45.00,45.00,15.00,0.00,0.00,0.00,0.00,0.00,0.00,0.00,0.00,0.00,0.00
1.50,2.00,2.50,2.50,2.00,2.00,1.50,1.50,0.50,0.00,0.00,0.00,0.00,0.00,0.00,0.00,0.00,0.00,0.00
0.15,0.20,0.25,0.25,0.20,0.20,0.15,0.15,0.05,0.00,0.00,0.00,0.00,0.00,0.00,0.00,0.00,0.00,0.00
0.00,0.00,0.00,0.00,0.00,0.00,0.00,0.00,0.00,0.00,0.00,0.00,0.00,0.00,0.00,0.00,0.00,0.00,0.00
0.00,0.00,0.00,0.00,0.00,0.00,0.00,0.00,0.00,0.00,0.00,0.00,0.00,0.00,0.00,0.00,0.00,0.00,0.00
0.00,0.00,0.00,0.00,0.00,0.00,0.00,0.00,0.00,0.00,0.00,0.00,0.00,0.00,0.00,0.00,0.00,0.00,0.00
0.00,0.00,0.00,0.00,0.00,0.00,0.00,0.00,0.00,0.00,0.00,0.00,0.00,0.00,0.00,0.00,0.00,0.00,0.00
0.00,0.00,0.00,0.00,0.00,0.00,0.00,0.00,0.00,0.00,0.00,0.00,0.00,0.00,0.00,0.00,0.00,0.00,0.00
0.00,0.00,0.00,0.00,0.00,0.00,0.00,0.00,0.00,0.00,0.00,0.00,0.00,0.00,0.00,0.00,0.00,0.00,0.00
