-0.01,-1.5,0.08,5,100,2.5,0.25,0,0,0,0,0,0,5,1,1,11,1,10
0.01,0.05,0.12,0.29,0.48,0.8,1.15,1.4,1.75,2.25,2.75,3.25,3.75,,,,,,
1.15,1.15,1.15,1.29,1.43,1.38,1.54,1.49,1.51,1.46,1.62,1.48,1.5,,,,,,
0.362,0.362,0.362,0.272,0.246,0.331,0.269,0.241,0.21,0.198,0.167,0.187,0.166,,,,,,
0.127,0.127,0.127,0.103,0.107,0.188,0.143,0.116,0.097,0.086,0.067,0.08,0.063,,,,,,
785,785,785,245,28,0.70,0.50,4.7,15,61,56,68,123,,,,,,
785,785,785,245,28,0.70,0.50,4.7,15,61,56,68,123,,,,,,
481,481,481,503,476,255,355,440,551,610,674,638,689,,,,,,
433,433,433,401,382,403,401,376,323,294,266,275,272,,,,,,
0,0,0,0,0,0,0,0,0,0,0,0,0,,,,,,
0.09,0.09,0.09,0.09,0.09,0.09,0.09,0.09,0.09,0.09,0.09,0.09,0.09,,,,,,
5.85,5.85,5.85,6.23,5.75,5.83,6.26,5.82,5.93,6.06,6.22,6.26,6.33,,,,,,
8.6,8.6,8.6,5.2,5.0,25.3,27.6,24.1,22.6,21.7,19.2,22.5,21.3
3,3,3,3,3,3,3,3,3,3,3,3,3,,,,,,
24.8,24.8,24.8,11,5,2,1,1.5,1,1,0.6,0.5,0.3,,,,,,
0.7,0.7,0.7,0.7,0.35,0.35,0.3,0.2,0,0,0,0,0,,,,,,
1953,1953,1953,1000,800,400,400,350,200,200,90,80,50
165,165,165,100,50,20,10,15,10,10,6,5,3
0,0,0,0,0,0,0,0,0,0,0,0,0,,,,,,
1,1,1,1,1,1,1,1,1,1,1,1,1,,,,,,
46,46,46,46,46,16,16,7,7,3,3,3,3,,,,,,
-1,-1,-1,-1,-1,-1,-1,-1,-1,-1,-1,-1,-1,,,,,,
-1,-1,-1,-1,-1,-1,-1,-1,-1,-1,-1,-1,-1,,,,,,
40,40,40,40,40,40,40,40,40,40,40,40,40,,,,,,
1.2,1.2,1.2,1.2,1.2,1.2,1.2,1.2,1.2,1.2,1.2,1.2,1.2,,,,,,
0.023,0.023,0.023,0.023,0.023,0.023,0.023,0.023,0.023,0.023,0.023,0.023,0.023,,,,,,
0.39,0.39,0.39,0.39,0.39,0.39,0.39,0.39,0.39,0.39,0.39,0.39,0.39,,,,,,
16,16,16,16,16,16,16,16,16,16,16,16,16,,,,,,
7.1,7.1,7.1,7.1,7.1,7.1,7.1,7.1,7.1,7.1,7.1,7.1,7.1,,,,,,
200,200,200,200,200,75,75,25,25,45,45,45,45,,,,,,
0,0,0,0,0,0,0,0,0,0,0,0,0,,,,,,
0,0,0,0,0,0,0,0,0,0,0,0,0,,,,,,
0,0,0,0,0,0,0,0,0,0,0,0,0,,,,,,
2000,2000,2000,2000,2000,2000,2000,2000,2000,2000,2000,2000,2000,
0,0,0,0,0,0,0,0,0,0,0,0,0,,,,,,
0,0,0,0,0,0,0,0,0,0,0,0,0,,,,,,
0,0,0,0,0,0,0,0,0,0,0,0,0,,,,,,
1.0,1.0,1.0,1.0,1.0,1.0,1.0,1.0,1.0,1.0,1.0,1.0,1.0,,,,,,
0.25,0.25,0.25,0.25,0.25,0.25,0.25,0.25,0.25,0.25,0.25,0.25,0.25,,,,,,
0.25,0.25,0.25,0.25,0.25,0.25,0.25,0.25,0.25,0.25,0.25,0.25,0.25,,,,,,
0.6,0.6,0.6,0.6,0.6,0.6,0.6,0.6,0.6,0.6,0.6,0.6,0.6,,,,,,
0.16,0.16,0.16,0.16,0.16,0.16,0.16,0.16,0.16,0.16,0.16,0.16,0.16,,,,,,
3,3,3,3,3,3,3,3,3,3,3,3,3,,,,,,
1,1,1,1,1,1,1,1,1,1,1,1,1,,,,,,
0,0,0,0,0,0,0,0,0,0,0,0,0,,,,,,
25,25,25,12.5,12.5,12.5,12.5,12.5,12.5,0,0,0,0,,,,,,
0.625,0.625,0.625,0.3125,0.3125,0.3125,0.3125,0.3125,0.3125,0,0,0,0,,,,,,
0.0625,0.0625,0.0625,0.03125,0.03125,0.03125,0.03125,0.03125,0.03125,0,0,0,0,,,,,,
0,0,0,0,0,0,0,0,0,0,0,0,0,,,,,,
0,0,0,0,0,0,0,0,0,0,0,0,0,,,,,,
0,0,0,0,0,0,0,0,0,0,0,0,0,,,,,,
0,0,0,0,0,0,0,0,0,0,0,0,0,,,,,,
0,0,0,0,0,0,0,0,0,0,0,0,0,,,,,,
0,0,0,0,0,0,0,0,0,0,0,0,0,,,,,,
