-0.01,-1.5,0.15,5,210,7,0.7,0,0,0,0,0,0,4,0,1,12,1,10
0.01,0.035,0.065,0.135,0.25,0.375,0.51,0.68,0.8,1.3,1.8,3.5,,,,,,,
1.1,1.1,1.1,1.1,1.4,1.46,1.46,1.46,1.46,1.46,1.46,1.46,1.46,0.00,0.00,0.00,0.00,0.00,0.00
-1.00,-1.00,-1.00,-1.00,-1.00,-1.00,-1.00,-1.00,-1.00,-1.00,-1.00,-1.00,-1.00,-1.00,-1.00,-1.00,-1.00,-1.00,-1.00
-1.00,-1.00,-1.00,-1.00,-1.00,-1.00,-1.00,-1.00,-1.00,-1.00,-1.00,-1.00,-1.00,-1.00,-1.00,-1.00,-1.00,-1.00,-1.00
-1.00,-1.00,-1.00,-1.00,-1.00,-1.00,-1.00,-1.00,-1.00,-1.00,-1.00,-1.00,-1.00,-1.00,-1.00,-1.00,-1.00,-1.00,-1.00
-1.00,-1.00,-1.00,-1.00,-1.00,-1.00,-1.00,-1.00,-1.00,-1.00,-1.00,-1.00,-1.00,-1.00,-1.00,-1.00,-1.00,-1.00,-1.00
800,800,800,800,800,800,800,800,800,800,800,800,,,,,,,
160,160,160,160,160,160,160,160,160,160,160,160,,,,,,,
0,0,0,0,0,0,0,0,0,0,0,0,,,,,,,
0,0,0,0,0,0,0,0,0,0,0,0,,,,,,,
4.80,4.80,4.80,4.80,4.80,4.80,4.80,4.80,4.80,4.80,4.80,4.35,4.35,4.35,4.35,0.00,0.00,0.00,0.00
15,15,10,10,10,5,5,5,8,4,1,1,,,,,,,
1,1,1,1,1,1,1,1,1,1,1,1,,,,,,,
15,15,10,10,10,5,5,5,8,4,1,1,,,,,,,
2,2,2,2,1,0.2,0.1,0,0,0,0,0,,,,,,,
-1.00,-1.00,-1.00,-1.00,-1.00,-1.00,-1.00,-1.00,-1.00,-1.00,-1.00,-1.00,-1.00,-1.00,-1.00,-1.00,-1.00,-1.00,-1.00
-1.00,-1.00,-1.00,-1.00,-1.00,-1.00,-1.00,-1.00,-1.00,-1.00,-1.00,-1.00,-1.00,-1.00,-1.00,-1.00,-1.00,-1.00,-1.00
1,1,1,1,1,1,1,1,1,1,1,1,,,,,,,
10,10,10,0,0,0,0,0,0,0,0,0,,,,,,,
5,5,5,5,5,5,5,5,5,5,5,5,,,,,,,
0,0,0,0,0,0,0,0,0,0,0,0,,,,,,,
0,0,0,0,0,0,0,0,0,0,0,0,,,,,,,
40,40,40,40,40,40,40,40,40,40,40,40,,,,,,,
15.5,15.5,15.5,48,48,48,48,48,48,48,48,48,,,,,,,
10.4,10.4,10.4,0.023,0.023,0.023,0.023,0.023,0.023,0.023,0.023,0.023,,,,,,,
33.6,33.6,33.6,39,39,39,39,39,39,39,39,39,,,,,,,
9.3,9.3,9.3,48,48,48,48,48,48,48,48,48,,,,,,,
7.91,7.91,7.91,7.1,7.1,7.1,7.1,7.1,7.1,7.1,7.1,7.1,,,,,,,
100,100,100,100,100,100,100,100,100,100,100,100,,,,,,,
0,0,0,0,0,0,0,0,0,0,0,0,,,,,,,
0,0,0,0,0,0,0,0,0,0,0,0,,,,,,,
100,100,100,100,100,100,100,100,100,100,100,100,,,,,,,
100,100,100,100,100,100,100,100,100,100,100,100,,,,,,,
0,0,0,0,0,0,0,0,0,0,0,0,,,,,,,
100,100,100,100,100,100,100,100,100,100,100,100,,,,,,,
0,0,0,0,0,0,0,0,0,0,0,0,,,,,,,
0.50,0.50,0.50,0.50,0.50,0.50,0.50,0.50,0.50,0.50,0.50,0.50,,,,,,,
0.25,0.25,0.25,0.25,0.25,0.25,0.25,0.25,0.25,0.25,0.25,0.25,,,,,,,
0.25,0.25,0.25,0.25,0.25,0.25,0.25,0.25,0.25,0.25,0.25,0.25,,,,,,,
0.6,0.6,0.6,0.6,0.6,0.6,0.6,0.6,0.6,0.6,0.6,0.6,,,,,,,
0.16,0.16,0.16,0.16,0.16,0.16,0.16,0.16,0.16,0.16,0.16,0.16,,,,,,,
3,3,3,3,3,3,3,3,3,3,3,3,,,,,,,
1,1,1,1,1,1,1,1,1,1,1,1,,,,,,,
1,1,1,1,1,1,1,1,2,2,2,2,,,,,,,
120,240,240,240,120,120,60,60,30,30,0,0
4,8,8,8,4,4,2,2,1,1,0,0
0.5,1,1,1,0.5,0.5,0.25,0.25,0.125,0.125,0,0
0,0,0,0,0,0,0,0,0,0,0,0,,,,,,,
0,0,0,0,0,0,0,0,0,0,0,0,,,,,,,
0,0,0,0,0,0,0,0,0,0,0,0,,,,,,,
0,0,0,0,0,0,0,0,0,0,0,0,,,,,,,
0,0,0,0,0,0,0,0,0,0,0,0,,,,,,,
0,0,0,0,0,0,0,0,0,0,0,0,,,,,,,
