-0.03,-1.5,0.08,4.7,500,12.5,1.25,500,5,0.5,0,0,0,11,0,1,9,1,10
0.01,0.04,0.09,0.13,0.39,0.82,1.12,1.69,3.0,,,,,,,,,
0.24,0.24,1.23,1.45,1.48,1.52,1.6,1.6,1.6,,,,,,,,,
0.21,0.21,0.062,0.064,0.048,0.038,0.042,0.019,0.018,,,,,,,,,
0.07,0.07,0.033,0.038,0.027,0.024,0.024,0.010,0.011,,,,,,,,,
210,210,200,200,200,200,200,200,200
210,210,200,200,200,200,200,200,200
943,943,943,934,939,963,975,975,976,,,,,,,,,
29,29,29,39,33,19,10,8,10,,,,,,,,,
0,0,0,0,0,0,0,0,0,,,,,,,,,
0.05,0.05,0.05,0.05,0.05,0.05,0.05,0.05,0.05,,,,,,,,,
4.7,4.7,5.3,5.5,5.8,5.8,5.9,6.1,6.2,,,,,,,,,
501,501,46,40,22,21,16,13,16,,,,,,,,,
2.5,2.5,2.5,2.5,2.5,2.5,2.5,2.5,2.5,,,,,,,,,
250.7,250.7,8.67,5.4,1.32,0.42,0.32,0.17,0.13,,,,,,,,,
5,5,2.5,1,0.1,0,0,0,0,,,,,,,,,
4827,4827,390,250,110,35,27,14,11
482,482,39,25,11,4,3,2,1
0,0,0,0,0,0,0,0,0
0,0,0,0,0,0,0,0,0
170,170,107,65,10,10,10,10,10
0.01,0.01,0.01,0.01,0.01,0.01,0.01,0.01,0.01
0.01,0.01,0.01,0.01,0.01,0.01,0.01,0.01,0.01
40,40,40,40,40,40,40,40,40
48,48,48,48,48,48,48,48,48
0.023,0.023,0.023,0.023,0.023,0.023,0.023,0.023,0.023
39,39,39,39,39,39,39,39,39
48,48,48,48,48,48,48,48,48
7.1,7.1,7.1,7.1,7.1,7.1,7.1,7.1,7.1
0,0,96,164,184,175,113,90,121
0,0,0,0,0,0,0,0,0
0,0,0,0,0,0,0,0,0
0,0,0,0,0,0,0,40,60
0,0,0,0,0,0,0,0,0
0,0,0,0,0,0,0,0,0
0,0,0,0,0,0,0,0,0
0,0,0,0,0,0,0,0,0
1.0,1.0,1.0,1.0,1.0,1.0,1.0,1.0,1.0
0.25,0.25,0.25,0.25,0.25,0.25,0.25,0.25,0.25
0.25,0.25,0.25,0.25,0.25,0.25,0.25,0.25,0.25
0.6,0.6,0.6,0.6,0.6,0.6,0.6,0.6,0.6
0.16,0.16,0.16,0.16,0.16,0.16,0.16,0.16,0.16
3,3,3,3,3,3,3,3,3
1,1,1,1,1,1,1,1,1
0,0,0,0,0,0,0,0,0
45,60,90,90,60,45,15,5,5
1.5,2,3,3,2,1.5,0.5,0.167,0.167
0.15,0.2,0.3,0.3,0.2,0.15,0.05,0.0167,0.0167
25,30,60,60,45,20,10,0,0
0.25,0.3,0.6,0.6,0.45,0.2,0.1,0,0
0.025,0.03,0.06,0.06,0.045,0.02,0.01,0,0
0,0,0,0,0,0,0,0,0
0,0,0,0,0,0,0,0,0
0,0,0,0,0,0,0,0,0
