 3651800  0.10952944E+001  0.00000000E+000  0.88338007E+003  0.14996115E+004  0.00000000E+000  0.00000000E+000  0.00000000E+000 -0.45966150E+003  0.33405371E+003  0.52800286E+000  0.33793262E+000  0.70372276E-001  0.77187598E+003  0.13969240E+004  0.58579574E+001
  0.15176725E+002  0.18903838E-001  0.15028332E+001  0.67907553E-013  0.00000000E+000  0.00000000E+000  0.00000000E+000
 3651800  0.00000000E+000  0.00000000E+000  0.00000000E+000  0.00000000E+000  0.00000000E+000  0.00000000E+000  0.00000000E+000  0.00000000E+000  0.00000000E+000  0.00000000E+000  0.00000000E+000  0.00000000E+000  0.00000000E+000  0.00000000E+000  0.00000000E+000
  0.00000000E+000  0.00000000E+000  0.00000000E+000  0.00000000E+000  0.00000000E+000  0.00000000E+000  0.00000000E+000  0.00000000E+000  0.00000000E+000  0.10000000E+001  0.10000000E+001  0.10000000E+001  0.10000000E+001  0.10000000E+001  0.10000000E+001
  0.10000000E+001  0.10000000E+001  0.10000000E+001  0.10000000E+001  0.10000000E+001  0.10000000E+001  0.10000000E+001  0.10000000E+001  0.10000000E+001  0.10000000E+001  0.10000000E+001  0.10000000E+001  0.10000000E+001  0.10000000E+001  0.10000000E+001
  0.10000000E+001  0.10000000E+001  0.10000000E+001  0.10000000E+001  0.10000000E+001  0.10000000E+001  0.10000000E+001  0.10000000E+001  0.10000000E+001  0.10000000E+001  0.10000000E+001  0.10000000E+001  0.10000000E+001  0.10000000E+001  0.10000000E+001
  0.10000000E+001  0.10000000E+001  0.10000000E+001  0.10000000E+001  0.10000000E+001  0.10000000E+001  0.10000000E+001  0.10000000E+001  0.10000000E+001  0.10000000E+001  0.10000000E+001  0.10000000E+001  0.10000000E+001  0.10000000E+001  0.10000000E+001
  0.10000000E+001  0.10000000E+001  0.10000000E+001  0.10000000E+001  0.10000000E+001  0.10000000E+001  0.10000000E+001  0.10000000E+001  0.10000000E+001  0.10017999E+001  0.10017999E+001  0.10017999E+001  0.10017999E+001  0.10017999E+001  0.10017999E+001
  0.10017999E+001  0.10017999E+001  0.10017999E+001  0.10017999E+001  0.10017999E+001  0.10017999E+001  0.10000000E+001  0.10000000E+001  0.10000000E+001  0.10000000E+001  0.10000000E+001  0.10000000E+001  0.10000000E+001  0.10000000E+001  0.10000000E+001
  0.10000000E+001  0.10000000E+001  0.10000000E+001  0.10000000E+001  0.10000000E+001  0.10000000E+001  0.10000000E+001  0.10000000E+001  0.10000000E+001  0.10000000E+001  0.10000000E+001  0.10000000E+001  0.10000000E+001  0.10000000E+001  0.10000000E+001
 3651800   0   0   0   0   0   0  0.00000000E+000  0.00000000E+000  0.00000000E+000  0.20000000E-001  0.00000000E+000  0.11660899E+001 -0.44827028E-002  0.00000000E+000  0.34758113E-002  0.10952944E+001  0.00000000E+000  0.00000000E+000  0.00000000E+000  0.34758113E-002  0.00000000E+000
 -0.45959644E+003 -0.56540955E-001  0.14996115E+004 -0.96570566E-001 -0.84402733E-001 -0.15317786E-001  0.80737725E-001  0.00000000E+000  0.00000000E+000  0.00000000E+000  0.00000000E+000  0.00000000E+000  0.00000000E+000  0.00000000E+000  0.00000000E+000
  0.00000000E+000  0.52800286E+000  0.33793262E+000  0.70372276E-001  0.59757495E+000  0.40394556E-001  0.16764956E-001  0.41174111E-002  0.16371374E-002  0.41161635E-003  0.11921745E+000  0.51009221E+001  0.27162919E+001  0.54156513E+001  0.15179958E-001
  0.16754647E-002  0.00000000E+000  0.00000000E+000  0.00000000E+000  0.00000000E+000  0.52800286E+000  0.54158072E+001  0.16754686E-002  0.00000000E+000  0.00000000E+000  0.00000000E+000  0.00000000E+000  0.00000000E+000  0.00000000E+000  0.00000000E+000
  0.00000000E+000  0.00000000E+000  0.00000000E+000  0.00000000E+000  0.10000000E+003  0.10000000E+003 -0.46551111E+003  0.16032435E-002  0.00000000E+000  0.00000000E+000  0.00000000E+000  0.00000000E+000 -0.47089258E+003  0.00000000E+000  0.00000000E+000
  0.00000000E+000  0.10146351E+002  0.10139629E+002  0.10000000E+003  0.00000000E+000  0.00000000E+000  0.26773937E+002  0.00000000E+000  0.00000000E+000  0.00000000E+000  0.00000000E+000  0.00000000E+000  0.00000000E+000  0.00000000E+000  0.00000000E+000
  0.00000000E+000  0.69341443E+003
 3651800  0.00000000E+000  0.00000000E+000  0.00000000E+000  0.00000000E+000  0.00000000E+000
 3651800  0.00000000E+000  0.00000000E+000  0.00000000E+000  0.00000000E+000  0.00000000E+000
 3651800  0.00000000E+000  0.00000000E+000  0.00000000E+000  0.00000000E+000  0.00000000E+000
 3651800  0.00000000E+000  0.00000000E+000  0.00000000E+000  0.00000000E+000  0.00000000E+000
 3651800  0.10016659E+000  0.10016659E+000  0.10016659E+000  0.10016659E+000  0.10016659E+000
 3651800  0.00000000E+000  0.00000000E+000  0.00000000E+000  0.00000000E+000  0.00000000E+000
 3651800  0.00000000E+000  0.00000000E+000  0.00000000E+000  0.00000000E+000  0.00000000E+000
 3651800  0.28012000E+003  0.28012000E+003  0.28012000E+003  0.28012000E+003  0.28012000E+003
 3651800  0.69700012E+001  0.69700012E+001  0.69700012E+001  0.69700012E+001  0.69700012E+001
 3651800  0.41318464E-004  0.00000000E+000  0.00000000E+000  0.00000000E+000  0.00000000E+000
 3651800  0.71142932E-008  0.00000000E+000  0.00000000E+000  0.00000000E+000  0.00000000E+000
 3651800  0.18774882E-002  0.00000000E+000  0.00000000E+000  0.00000000E+000  0.00000000E+000
 3651800  0.29461149E-002  0.00000000E+000  0.00000000E+000  0.00000000E+000  0.00000000E+000
 3651800  0.63863752E-007  0.00000000E+000  0.00000000E+000  0.00000000E+000  0.00000000E+000
 3651800  0.44399992E-004  0.00000000E+000  0.00000000E+000  0.00000000E+000  0.00000000E+000
 3651800  0.25164573E-006  0.00000000E+000  0.00000000E+000  0.00000000E+000  0.00000000E+000
 3651800  0.12000003E-003  0.00000000E+000  0.00000000E+000  0.00000000E+000  0.00000000E+000
 3651800  0.37199991E-017  0.00000000E+000  0.00000000E+000  0.00000000E+000  0.00000000E+000
 3651800  0.37199991E-017  0.00000000E+000  0.00000000E+000  0.00000000E+000  0.00000000E+000
 3651800  0.00000000E+000  0.00000000E+000  0.00000000E+000  0.00000000E+000  0.00000000E+000  0.00000000E+000  0.00000000E+000  0.00000000E+000  0.00000000E+000  0.00000000E+000  0.00000000E+000
 3651800  0.16032435E-002  0.99999998E-002  0.39999999E-001  0.69999993E-001  0.16999999E+000  0.19000000E+000  0.32000002E+000  0.34999996E+000  0.25000000E+000  0.35000002E+000  0.50000000E+000  0.49999905E+000
 3651800  0.86951496E-006  0.10000870E-001  0.50000869E-001  0.12000086E+000  0.29000086E+000  0.48000085E+000  0.80000091E+000  0.11500008E+001  0.14000008E+001  0.17500008E+001  0.22500010E+001  0.27500000E+001
 3651800  0.00000000E+000  0.99999998E-002  0.50000001E-001  0.11999999E+000  0.28999999E+000  0.47999999E+000  0.80000001E+000  0.11500000E+001  0.14000000E+001  0.17500000E+001  0.22500000E+001  0.27499990E+001
 3651800  0.11500000E+001  0.11500000E+001  0.11500000E+001  0.12900000E+001  0.14299999E+001  0.13800000E+001  0.15400000E+001  0.14900000E+001  0.15100000E+001  0.14600000E+001  0.16200000E+001
 3651800  0.11500000E+001  0.11500000E+001  0.11500000E+001  0.12900000E+001  0.14299999E+001  0.13800000E+001  0.15400000E+001  0.14900000E+001  0.15100000E+001  0.14600000E+001  0.16200000E+001
 3651800  0.55000000E+006  0.45596445E+005  0.42609609E+005  0.43347277E+005  0.10716104E+005  0.49226938E+004  0.19866637E+004  0.10074324E+004  0.15097646E+004  0.10133397E+004  0.99432001E+003  0.59820343E+003
 3651800  0.54783422E+000  0.54857343E+000  0.54869807E+000  0.50998974E+000  0.45986611E+000  0.48022026E+000  0.42049956E+000  0.43904716E+000  0.43178821E+000  0.45061642E+000  0.39063716E+000
 3651800  0.36199999E+000  0.36199999E+000  0.36199999E+000  0.27200001E+000  0.24600001E+000  0.33100000E+000  0.26899999E+000  0.24100000E+000  0.20999999E+000  0.19800000E+000  0.16700000E+000
 3651800  0.12700000E+000  0.12700000E+000  0.12700000E+000  0.10300000E+000  0.10700000E+000  0.18799999E+000  0.14300001E+000  0.11600000E+000  0.97000003E-001  0.86000003E-001  0.67000002E-001
 3651800  0.70006294E+002  0.70006294E+002  0.70006294E+002  0.21849100E+002  0.24970398E+001  0.62425997E-001  0.44589996E-001  0.41914594E+000  0.13376999E+001  0.54399796E+001  0.49940796E+001
 3651800  0.70006294E+002  0.70006294E+002  0.70006294E+002  0.21849100E+002  0.24970398E+001  0.62425997E-001  0.44589996E-001  0.41914594E+000  0.13376999E+001  0.54399796E+001  0.49940796E+001
 3651800  0.46236501E-002  0.18494600E-001  0.32365549E-001  0.98372579E-001  0.11661966E+000  0.10210066E+000  0.17380734E+000  0.14874223E+000  0.26451337E+000  0.40448624E+000  0.49626341E+000
 3651800  0.41622464E-002  0.16648985E-001  0.29135723E-001  0.78424260E-001  0.93589738E-001  0.16135909E+000  0.19632885E+000  0.12710699E+000  0.15505956E+000  0.19494911E+000  0.19585469E+000
 3651800  0.82668167E-003  0.33067267E-002  0.57867714E-002  0.18774884E-001  0.34789901E-001  0.13693500E+000  0.11946195E+000  0.62201299E-001  0.60487635E-001  0.63656844E-001  0.44177752E-001
 3651800  0.13484212E-004  0.10413397E-002  0.14416889E-001  0.25608569E-001  0.52384045E-001  0.60761765E-001  0.12178002E+000  0.11250000E+000  0.76363198E-001  0.89798927E-001  0.10761239E+000  0.90701938E-001
 3651800  0.00000000E+000 -0.47416734E-002  0.12072262E-001  0.98835467E-003  0.51974878E-001  0.60761765E-001  0.12178002E+000  0.11047058E+000  0.67999676E-001  0.86209506E-001  0.10761239E+000  0.90701938E-001
 3651800  0.00000000E+000 -0.10869568E-004 -0.34694470E-017  0.00000000E+000  0.00000000E+000  0.00000000E+000  0.00000000E+000  0.00000000E+000  0.00000000E+000  0.00000000E+000  0.00000000E+000  0.00000000E+000
 3651800  0.15536591E-002  0.39548208E-002  0.55511827E-002  0.93434937E-002  0.26511360E-001  0.18749081E-001  0.18060125E-001  0.21429092E-001  0.23520023E-001  0.47725618E-001  0.97418062E-001  0.87037966E-001
 3651800  0.15657597E-002  0.49852910E-002  0.19968072E-001  0.34952063E-001  0.78895405E-001  0.79510845E-001  0.13984014E+000  0.13392909E+000  0.99883221E-001  0.13752455E+000  0.20503046E+000  0.17773990E+000
 3651800  0.13484212E-004  0.90999994E-002  0.36399998E-001  0.63699991E-001  0.15469998E+000  0.17289999E+000  0.29120001E+000  0.31849995E+000  0.22749999E+000  0.31850001E+000  0.45499998E+000  0.45499998E+000
 3651800  0.00000000E+000  0.00000000E+000  0.00000000E+000  0.00000000E+000  0.00000000E+000  0.00000000E+000  0.00000000E+000  0.00000000E+000  0.00000000E+000  0.00000000E+000  0.00000000E+000
 3651800  0.00000000E+000  0.00000000E+000  0.00000000E+000  0.00000000E+000  0.00000000E+000  0.00000000E+000  0.00000000E+000  0.00000000E+000  0.00000000E+000  0.00000000E+000  0.00000000E+000
 3651800  0.51161499E+001  0.44224548E+001  0.46358032E+001  0.60323181E+001  0.68636780E+001  0.79058838E+001  0.92584534E+001  0.10720459E+002  0.11915588E+002  0.12973785E+002  0.14139832E+002  0.14823029E+002
 3651800  0.27826614E+003  0.27757245E+003  0.27778580E+003  0.27918231E+003  0.28001367E+003  0.28105588E+003  0.28240845E+003  0.28387045E+003  0.28506558E+003  0.28612378E+003  0.28728983E+003  0.28797302E+003
 3651800  0.12332716E-003  0.15685638E-001  0.10558110E+000  0.18630528E+000  0.42342490E+000  0.50250721E+000  0.92273617E+000  0.96185791E+000  0.65787578E+000  0.84939253E+000  0.11037666E+001  0.10891256E+001
 3651800  0.00000000E+000  0.11343375E-001  0.45174334E-001  0.79005383E-001  0.20393573E+000  0.24791540E+000  0.41247794E+000  0.49048293E+000  0.33791393E+000  0.47313502E+000  0.65287060E+000  0.70908445E+000
 3651800  0.72453241E-003  0.14277047E-002  0.40245112E-002  0.17695306E-001  0.20753520E-001  0.49946554E-001  0.10431618E+000  0.14245705E+000  0.30801475E+000  0.64571667E+000  0.58034217E+000
 3651800  0.34014229E-005  0.28389611E-003  0.72044004E-002  0.18022498E-001  0.51582213E-001  0.98245025E-001  0.44954553E+000  0.69525611E+000  0.57048601E+000  0.69236231E+000  0.82328647E+000  0.68473262E+000
 3651800  0.00000000E+000  0.00000000E+000  0.00000000E+000  0.00000000E+000  0.00000000E+000  0.00000000E+000  0.00000000E+000  0.00000000E+000  0.00000000E+000  0.00000000E+000  0.00000000E+000
 3651800  0.36811343E-005  0.48934639E-005  0.72210823E-005  0.17434928E-004  0.10237140E-004  0.40650502E-005  0.14772478E-005  0.56856010E-006  0.50569298E-006  0.40092925E-006  0.19675883E-006
 3651800  0.63306427E-009  0.49778464E-007  0.41771045E-007  0.53343229E-007  0.11121790E-006  0.68267838E-007  0.15608717E-006  0.49068831E-007  0.14295527E-007  0.12298297E-007  0.90756558E-008  0.47454520E-008
 3651800  0.00000000E+000  0.00000000E+000  0.00000000E+000  0.00000000E+000  0.00000000E+000  0.00000000E+000  0.00000000E+000  0.00000000E+000  0.00000000E+000  0.00000000E+000  0.00000000E+000
 3651800  0.18817530E-003  0.21099113E-004  0.61872127E-002  0.61842306E-002  0.10192979E-002  0.54945387E-002 -0.81325769E-002  0.96775102E-003  0.28589061E-001 -0.11051591E-001 -0.12347013E-001 -0.13231195E-002
 3651800 -0.12138655E-003 -0.18870365E-003 -0.68789418E-003 -0.72959368E-003 -0.36335713E-003 -0.22919360E-003 -0.33324631E-003 -0.13736077E-004  0.46711671E-003 -0.75285195E-003 -0.96892699E-003 -0.56088966E-003
 3651800  0.10399731E-005  0.13271779E-003  0.14469042E-004 -0.16377907E-003 -0.40653063E-003 -0.45298401E-003  0.40711003E-003  0.37279038E-004 -0.10920548E-002  0.51256956E-003  0.51626714E-003  0.45323453E-004
 3651800  0.91657130E-005  0.10362000E-005  0.14213190E-005  0.12541166E-005  0.35526881E-006  0.41945452E-006  0.10228754E-006  0.23329250E-007  0.21543642E-007  0.35664350E-007  0.17363805E-007
 3651800 -0.23981570E-009  0.25841843E-009  0.87222625E-011 -0.73947688E-010  0.73830525E-012  0.16799305E-010  0.38304068E-010 -0.95800312E-011  0.14047154E-010  0.10218470E-010  0.20955585E-011
 3651800  0.34878306E-009  0.59014649E-009  0.13640472E-008  0.48684980E-008  0.49486304E-008  0.11033702E-007  0.23917922E-007  0.32883417E-007  0.70927641E-007  0.14787859E-006  0.13230770E-006
 3651800  0.58530004E-013  0.47578261E-011  0.23274893E-009  0.47388726E-009  0.51247073E-009  0.74405776E-009  0.33546030E-008  0.55996359E-008  0.48380171E-008  0.59096692E-008  0.70287247E-008  0.58422982E-008
 3651800  0.11580650E+001  0.16251029E+001  0.27314749E+001  0.77426748E+001  0.54454403E+001  0.50674796E+001  0.57065477E+001  0.60809898E+001  0.12207818E+002  0.24748785E+002  0.21983072E+002
 3651800  0.17148588E-003  0.13679624E-001  0.18665779E+000  0.32542801E+000  0.66532534E+000  0.75115722E+000  0.14255860E+001  0.12191429E+001  0.78596348E+000  0.89947480E+000  0.10501335E+001  0.86981964E+000
 3651800  0.00000000E+000  0.00000000E+000  0.00000000E+000  0.00000000E+000  0.00000000E+000  0.00000000E+000  0.00000000E+000  0.00000000E+000  0.00000000E+000  0.00000000E+000  0.00000000E+000
 3651800  0.16876370E-003  0.58801932E-003  0.19732530E-002  0.35291957E-002  0.24611247E-002  0.11320829E-002  0.81573351E-003  0.53493161E-003  0.65843464E-003  0.53205498E-003  0.43787662E-003  0.14069653E-003
 3651800  0.00000000E+000  0.14766255E-004  0.99152254E-004  0.20446589E-003  0.19634413E-003  0.71448150E-004  0.38098460E-004  0.21264885E-004  0.22419787E-004  0.17697708E-004  0.18356710E-004  0.63196812E-005
 3651800  0.12701039E-008  0.33906369E-005  0.15747371E-005  0.43420114E-005  0.16349645E-005  0.11879517E-005  0.10144366E-005  0.69587497E-006  0.82555562E-006  0.72948870E-006  0.56614459E-006  0.17586190E-006
 3651800  0.10461960E-008  0.14411761E-004  0.10461932E-003  0.21969281E-003  0.21875861E-003  0.88653003E-004  0.39283441E-004  0.20889513E-004  0.22364442E-004  0.18152601E-004  0.18871060E-004  0.69000398E-005
 3651800  0.12006195E-011  0.79590046E-009  0.39566816E-008  0.71254811E-008  0.36993750E-008  0.14500081E-008  0.11809286E-008  0.10245444E-008  0.15223788E-008  0.14554911E-008  0.14777553E-008  0.59030608E-009
 3651800  0.00000000E+000  0.36859481E-006  0.29543479E-008  0.16175518E-006  0.39421820E-010  0.28318123E-007  0.15175148E-007  0.20314508E-008  0.00000000E+000  0.73767958E-009  0.97870545E-010  0.00000000E+000
 3651800  0.00000000E+000  0.12277391E-008  0.82923191E-011  0.45047649E-009  0.30673001E-012  0.00000000E+000  0.00000000E+000  0.00000000E+000  0.00000000E+000  0.00000000E+000  0.00000000E+000  0.00000000E+000
 3651800  0.00000000E+000  0.00000000E+000  0.00000000E+000  0.00000000E+000  0.00000000E+000  0.00000000E+000  0.00000000E+000  0.00000000E+000  0.00000000E+000  0.00000000E+000  0.00000000E+000  0.00000000E+000
 3651800  0.00000000E+000  0.00000000E+000  0.00000000E+000  0.00000000E+000  0.00000000E+000  0.00000000E+000  0.00000000E+000  0.00000000E+000  0.00000000E+000  0.00000000E+000  0.00000000E+000  0.00000000E+000
 3651800  0.00000000E+000  0.00000000E+000  0.00000000E+000  0.00000000E+000  0.00000000E+000  0.00000000E+000  0.00000000E+000  0.00000000E+000  0.00000000E+000  0.00000000E+000  0.00000000E+000  0.00000000E+000
 3651800  0.00000000E+000  0.00000000E+000  0.00000000E+000  0.00000000E+000  0.00000000E+000  0.00000000E+000  0.00000000E+000  0.00000000E+000  0.00000000E+000  0.00000000E+000  0.00000000E+000  0.00000000E+000
 3651800  0.00000000E+000  0.00000000E+000  0.00000000E+000  0.00000000E+000  0.00000000E+000  0.00000000E+000  0.00000000E+000  0.00000000E+000  0.00000000E+000  0.00000000E+000  0.00000000E+000  0.00000000E+000
 3651800  0.00000000E+000  0.00000000E+000  0.00000000E+000  0.00000000E+000  0.00000000E+000  0.00000000E+000  0.00000000E+000  0.00000000E+000  0.00000000E+000  0.00000000E+000  0.00000000E+000  0.00000000E+000  0.12917693E-003  0.73380693E-003  0.18967678E-002
  0.27998041E-002  0.41409829E-003  0.11123496E-003  0.45996952E-004  0.45365046E-004  0.70914801E-004  0.69780668E-004  0.52058829E-006  0.42860229E-009  0.00000000E+000  0.00000000E+000  0.00000000E+000  0.00000000E+000  0.00000000E+000  0.00000000E+000
  0.00000000E+000  0.00000000E+000  0.00000000E+000  0.00000000E+000  0.00000000E+000  0.00000000E+000  0.00000000E+000  0.15990287E-004  0.17253959E-003  0.39635721E-003  0.14013601E-003  0.55329227E-004  0.75254080E-004  0.57317313E-004  0.41620417E-004
  0.11390330E-005  0.64058949E-026  0.00000000E+000  0.00000000E+000  0.52544077E-004  0.40989587E-003  0.75352710E-003  0.34877771E-003  0.17908352E-003  0.11099354E-003  0.57457459E-004  0.92128692E-004  0.94630559E-004  0.12880862E-003  0.40430787E-004

 3651800  0.00000000E+000  0.00000000E+000  0.00000000E+000  0.00000000E+000  0.00000000E+000  0.00000000E+000  0.00000000E+000  0.00000000E+000  0.00000000E+000  0.00000000E+000  0.00000000E+000  0.00000000E+000  0.60665950E-009  0.17885315E-007  0.76736463E-007
  0.54239830E-007  0.34016800E-007  0.45983995E-007  0.21124990E-007  0.15861437E-007  0.50033304E-007  0.68698625E-007  0.18536126E-008  0.33498183E-011  0.00000000E+000  0.00000000E+000  0.00000000E+000  0.00000000E+000  0.00000000E+000  0.00000000E+000
  0.00000000E+000  0.00000000E+000  0.00000000E+000  0.00000000E+000  0.00000000E+000  0.00000000E+000  0.00000000E+000  0.63098811E-008  0.44784766E-007  0.87957680E-007  0.26445127E-006  0.15333531E-006  0.23270172E-007  0.12670343E-007  0.30916077E-007
  0.28940246E-008  0.18098299E-028  0.00000000E+000  0.00000000E+000  0.93690794E-007  0.56504473E-006  0.11768384E-005  0.11219043E-005  0.44522616E-006  0.40006750E-007  0.16082152E-007  0.46702571E-007  0.26106452E-007  0.21442746E-007  0.48467732E-008

 3651800  0.00000000E+000  0.00000000E+000  0.00000000E+000  0.00000000E+000  0.00000000E+000  0.00000000E+000  0.00000000E+000  0.00000000E+000  0.00000000E+000  0.00000000E+000  0.00000000E+000
 3651800  0.00000000E+000  0.00000000E+000  0.00000000E+000  0.00000000E+000  0.00000000E+000  0.00000000E+000  0.00000000E+000  0.00000000E+000  0.00000000E+000  0.00000000E+000  0.00000000E+000
 3651800  0.00000000E+000  0.00000000E+000  0.00000000E+000  0.00000000E+000  0.00000000E+000  0.00000000E+000  0.00000000E+000  0.00000000E+000  0.00000000E+000  0.00000000E+000  0.00000000E+000
 3651800  0.00000000E+000  0.00000000E+000  0.00000000E+000  0.00000000E+000  0.00000000E+000  0.00000000E+000  0.00000000E+000  0.00000000E+000  0.00000000E+000  0.00000000E+000  0.00000000E+000
 3651800  0.00000000E+000  0.00000000E+000  0.00000000E+000  0.00000000E+000  0.00000000E+000  0.00000000E+000  0.00000000E+000  0.00000000E+000  0.00000000E+000  0.00000000E+000  0.99999998E-002
 3651800  0.00000000E+000  0.00000000E+000  0.00000000E+000  0.00000000E+000  0.00000000E+000  0.00000000E+000  0.00000000E+000  0.00000000E+000  0.00000000E+000  0.00000000E+000
 3651800  0.00000000E+000  0.00000000E+000  0.00000000E+000  0.00000000E+000  0.00000000E+000  0.00000000E+000  0.00000000E+000  0.00000000E+000  0.00000000E+000  0.00000000E+000
 3651800  0.00000000E+000  0.00000000E+000  0.00000000E+000  0.00000000E+000  0.00000000E+000  0.00000000E+000  0.00000000E+000  0.00000000E+000  0.00000000E+000  0.00000000E+000
 3651800  0.10000000E+001  0.10000000E+001  0.10000000E+001  0.10000000E+001  0.10000000E+001  0.10000000E+001  0.10000000E+001  0.10000000E+001  0.10000000E+001  0.10000000E+001  0.10000000E+001  0.10000000E+001
 3651800  0.00000000E+000  0.00000000E+000  0.00000000E+000  0.00000000E+000  0.00000000E+000  0.00000000E+000  0.00000000E+000  0.00000000E+000  0.00000000E+000  0.00000000E+000  0.00000000E+000  0.00000000E+000
 3651800  0.10000000E+001  0.10000000E+001  0.10000000E+001  0.10000000E+001  0.10000000E+001  0.10000000E+001  0.10000000E+001  0.10000000E+001  0.10000000E+001  0.10000000E+001  0.10000000E+001  0.10000000E+001
 3651800  0.00000000E+000  0.00000000E+000  0.00000000E+000  0.00000000E+000  0.00000000E+000  0.00000000E+000  0.00000000E+000  0.00000000E+000  0.00000000E+000  0.00000000E+000  0.00000000E+000  0.00000000E+000
 3651800  0.10000000E+001  0.10000000E+001  0.10000000E+001  0.10000000E+001  0.10000000E+001  0.10000000E+001  0.10000000E+001  0.10000000E+001  0.10000000E+001  0.10000000E+001  0.10000000E+001  0.10000000E+001
 3651800  0.00000000E+000  0.00000000E+000  0.00000000E+000  0.00000000E+000  0.00000000E+000  0.00000000E+000  0.00000000E+000  0.00000000E+000  0.00000000E+000  0.00000000E+000  0.00000000E+000  0.00000000E+000
 3651800  0.14357154E-002  0.00000000E+000  0.00000000E+000  0.00000000E+000  0.00000000E+000  0.00000000E+000  0.00000000E+000  0.00000000E+000  0.00000000E+000  0.00000000E+000  0.00000000E+000  0.00000000E+000
 3651800  0.00000000E+000  0.00000000E+000  0.00000000E+000  0.00000000E+000  0.00000000E+000  0.00000000E+000  0.00000000E+000  0.00000000E+000  0.00000000E+000  0.00000000E+000  0.00000000E+000  0.00000000E+000
 3651800  0.00000000E+000  0.00000000E+000  0.00000000E+000  0.00000000E+000  0.00000000E+000  0.00000000E+000  0.00000000E+000  0.00000000E+000  0.00000000E+000  0.00000000E+000  0.00000000E+000  0.00000000E+000
 3651800  0.00000000E+000  0.00000000E+000  0.00000000E+000  0.00000000E+000  0.00000000E+000  0.00000000E+000  0.00000000E+000  0.00000000E+000  0.00000000E+000  0.00000000E+000  0.00000000E+000  0.00000000E+000
 3651800  0.00000000E+000  0.00000000E+000  0.00000000E+000  0.00000000E+000  0.00000000E+000  0.00000000E+000  0.00000000E+000  0.00000000E+000  0.00000000E+000  0.00000000E+000  0.00000000E+000  0.00000000E+000
 3651800  0.00000000E+000  0.00000000E+000  0.00000000E+000  0.00000000E+000  0.00000000E+000  0.00000000E+000  0.00000000E+000  0.00000000E+000  0.00000000E+000  0.00000000E+000  0.00000000E+000  0.00000000E+000
 3651800  0.00000000E+000  0.00000000E+000  0.00000000E+000  0.00000000E+000  0.00000000E+000  0.00000000E+000  0.00000000E+000  0.00000000E+000  0.00000000E+000  0.00000000E+000  0.00000000E+000  0.00000000E+000
 3651800  0.00000000E+000  0.00000000E+000  0.00000000E+000  0.00000000E+000  0.00000000E+000  0.00000000E+000  0.00000000E+000  0.00000000E+000  0.00000000E+000  0.00000000E+000  0.00000000E+000  0.00000000E+000
 3651800  0.00000000E+000  0.00000000E+000  0.00000000E+000  0.00000000E+000  0.00000000E+000  0.00000000E+000  0.00000000E+000  0.00000000E+000  0.00000000E+000  0.00000000E+000  0.00000000E+000  0.00000000E+000
 3651800  0.00000000E+000  0.00000000E+000  0.00000000E+000  0.00000000E+000  0.00000000E+000  0.00000000E+000  0.00000000E+000  0.00000000E+000  0.00000000E+000  0.00000000E+000  0.00000000E+000  0.00000000E+000
 3651800  0.00000000E+000  0.00000000E+000  0.00000000E+000  0.00000000E+000  0.00000000E+000  0.00000000E+000  0.00000000E+000  0.00000000E+000  0.00000000E+000  0.00000000E+000  0.00000000E+000  0.00000000E+000
 3651800  0.00000000E+000  0.00000000E+000  0.00000000E+000  0.00000000E+000  0.00000000E+000  0.00000000E+000  0.00000000E+000  0.00000000E+000  0.00000000E+000  0.00000000E+000  0.00000000E+000  0.00000000E+000
 3651800  0.52192597E-010  0.51553093E-003  0.17375185E-002  0.21789649E-002  0.14012985E-044  0.14012985E-044  0.00000000E+000  0.00000000E+000  0.00000000E+000  0.00000000E+000  0.00000000E+000  0.00000000E+000
 3651800  0.26103939E-008  0.51553099E-003  0.17375191E-002  0.21789663E-002  0.14012985E-044  0.14012985E-044  0.00000000E+000  0.00000000E+000  0.00000000E+000  0.00000000E+000  0.00000000E+000  0.00000000E+000
 3651800 -0.55275544E-008  0.94211578E-014  0.00000000E+000  0.00000000E+000  0.00000000E+000  0.00000000E+000  0.00000000E+000  0.00000000E+000  0.00000000E+000  0.00000000E+000  0.00000000E+000  0.00000000E+000
 3651800  0.82700399E-006  0.71661134E-003  0.50802240E-002  0.81399409E-002  0.14902621E-001  0.91924947E-002  0.31280366E-002  0.92929031E-003  0.66496612E-003  0.47976273E-003  0.45944349E-003  0.20405647E-003
 3651800  0.00000000E+000  0.00000000E+000  0.00000000E+000  0.00000000E+000  0.00000000E+000  0.00000000E+000  0.00000000E+000  0.00000000E+000  0.00000000E+000  0.00000000E+000  0.00000000E+000  0.00000000E+000
 3651800  0.00000000E+000  0.00000000E+000  0.00000000E+000  0.00000000E+000  0.00000000E+000  0.00000000E+000  0.00000000E+000  0.00000000E+000  0.00000000E+000  0.00000000E+000  0.00000000E+000  0.00000000E+000
 3651800  0.00000000E+000  0.00000000E+000  0.00000000E+000  0.00000000E+000  0.00000000E+000  0.00000000E+000  0.00000000E+000  0.00000000E+000  0.00000000E+000  0.00000000E+000  0.00000000E+000  0.00000000E+000
 3651800  0.00000000E+000  0.00000000E+000  0.00000000E+000  0.00000000E+000  0.00000000E+000  0.00000000E+000  0.00000000E+000  0.00000000E+000  0.00000000E+000  0.00000000E+000  0.00000000E+000  0.00000000E+000
 3651800  0.00000000E+000  0.00000000E+000  0.00000000E+000  0.00000000E+000  0.00000000E+000  0.00000000E+000  0.00000000E+000  0.00000000E+000  0.00000000E+000  0.00000000E+000  0.00000000E+000  0.00000000E+000
 3651800  0.00000000E+000  0.00000000E+000  0.00000000E+000  0.00000000E+000  0.00000000E+000  0.00000000E+000  0.00000000E+000  0.00000000E+000  0.00000000E+000  0.00000000E+000  0.00000000E+000  0.00000000E+000
 3651800  0.00000000E+000  0.00000000E+000  0.00000000E+000  0.00000000E+000  0.00000000E+000  0.00000000E+000  0.00000000E+000  0.00000000E+000  0.00000000E+000  0.00000000E+000  0.00000000E+000
 3651800  0.00000000E+000  0.00000000E+000  0.00000000E+000  0.00000000E+000  0.00000000E+000  0.00000000E+000  0.00000000E+000  0.00000000E+000  0.00000000E+000  0.00000000E+000  0.00000000E+000
 3651800  0.00000000E+000  0.00000000E+000  0.00000000E+000  0.00000000E+000  0.00000000E+000  0.00000000E+000  0.00000000E+000  0.00000000E+000  0.00000000E+000  0.00000000E+000  0.00000000E+000
 3651800  0.00000000E+000  0.00000000E+000  0.00000000E+000  0.00000000E+000  0.00000000E+000  0.00000000E+000  0.00000000E+000  0.00000000E+000  0.00000000E+000  0.00000000E+000  0.00000000E+000
 3651800  0.00000000E+000  0.00000000E+000  0.00000000E+000  0.00000000E+000  0.00000000E+000  0.00000000E+000  0.00000000E+000  0.00000000E+000  0.00000000E+000  0.00000000E+000  0.00000000E+000
 3661800  0.10952944E+001  0.00000000E+000  0.88154584E+003  0.15003064E+004  0.00000000E+000  0.00000000E+000  0.00000000E+000 -0.45976843E+003  0.33521927E+003  0.52912724E+000  0.33822939E+000  0.70372276E-001  0.77320276E+003  0.13971934E+004  0.58665042E+001
  0.15229374E+002  0.18906137E-001  0.15028332E+001  0.67907553E-013  0.00000000E+000  0.00000000E+000  0.00000000E+000
 3661800  0.00000000E+000  0.00000000E+000  0.00000000E+000  0.00000000E+000  0.00000000E+000  0.00000000E+000  0.00000000E+000  0.00000000E+000  0.00000000E+000  0.00000000E+000  0.00000000E+000  0.00000000E+000  0.00000000E+000  0.00000000E+000  0.00000000E+000
  0.00000000E+000  0.00000000E+000  0.00000000E+000  0.00000000E+000  0.00000000E+000  0.00000000E+000  0.00000000E+000  0.00000000E+000  0.00000000E+000  0.10000000E+001  0.10000000E+001  0.10000000E+001  0.10000000E+001  0.10000000E+001  0.10000000E+001
  0.10000000E+001  0.10000000E+001  0.10000000E+001  0.10000000E+001  0.10000000E+001  0.10000000E+001  0.10000000E+001  0.10000000E+001  0.10000000E+001  0.10000000E+001  0.10000000E+001  0.10000000E+001  0.10000000E+001  0.10000000E+001  0.10000000E+001
  0.10000000E+001  0.10000000E+001  0.10000000E+001  0.10000000E+001  0.10000000E+001  0.10000000E+001  0.10000000E+001  0.10000000E+001  0.10000000E+001  0.10000000E+001  0.10000000E+001  0.10000000E+001  0.10000000E+001  0.10000000E+001  0.10000000E+001
  0.10000000E+001  0.10000000E+001  0.10000000E+001  0.10000000E+001  0.10000000E+001  0.10000000E+001  0.10000000E+001  0.10000000E+001  0.10000000E+001  0.10000000E+001  0.10000000E+001  0.10000000E+001  0.10000000E+001  0.10000000E+001  0.10000000E+001
  0.10000000E+001  0.10000000E+001  0.10000000E+001  0.10000000E+001  0.10000000E+001  0.10000000E+001  0.10000000E+001  0.10000000E+001  0.10000000E+001  0.10017999E+001  0.10017999E+001  0.10017999E+001  0.10017999E+001  0.10017999E+001  0.10017999E+001
  0.10017999E+001  0.10017999E+001  0.10017999E+001  0.10017999E+001  0.10017999E+001  0.10017999E+001  0.10000000E+001  0.10000000E+001  0.10000000E+001  0.10000000E+001  0.10000000E+001  0.10000000E+001  0.10000000E+001  0.10000000E+001  0.10000000E+001
  0.10000000E+001  0.10000000E+001  0.10000000E+001  0.10000000E+001  0.10000000E+001  0.10000000E+001  0.10000000E+001  0.10000000E+001  0.10000000E+001  0.10000000E+001  0.10000000E+001  0.10000000E+001  0.10000000E+001  0.10000000E+001  0.10000000E+001
 3661800   0   0   0   0   0   0  0.00000000E+000  0.00000000E+000  0.00000000E+000  0.20000000E-001  0.00000000E+000  0.11641715E+001 -0.45353575E-002  0.00000000E+000  0.34758113E-002  0.10952944E+001  0.00000000E+000  0.00000000E+000  0.00000000E+000  0.34758113E-002  0.00000000E+000
 -0.45970337E+003 -0.56321368E-001  0.15003064E+004 -0.96570805E-001 -0.84409028E-001 -0.15298420E-001  0.80739796E-001  0.00000000E+000  0.00000000E+000  0.00000000E+000  0.00000000E+000  0.00000000E+000  0.00000000E+000  0.00000000E+000  0.00000000E+000
  0.00000000E+000  0.52912724E+000  0.33822939E+000  0.70372276E-001  0.59757495E+000  0.40486645E-001  0.16764956E-001  0.41268212E-002  0.16371374E-002  0.41255722E-003  0.11921745E+000  0.51093774E+001  0.27162919E+001  0.54503117E+001  0.15179958E-001
  0.16768270E-002  0.00000000E+000  0.00000000E+000  0.00000000E+000  0.00000000E+000  0.52912724E+000  0.54504695E+001  0.16768307E-002  0.00000000E+000  0.00000000E+000  0.00000000E+000  0.00000000E+000  0.00000000E+000  0.00000000E+000  0.00000000E+000
  0.00000000E+000  0.00000000E+000  0.00000000E+000  0.00000000E+000  0.10000000E+003  0.10000000E+003 -0.46562637E+003  0.16017046E-002  0.00000000E+000  0.00000000E+000  0.00000000E+000  0.00000000E+000 -0.47097238E+003  0.00000000E+000  0.00000000E+000
  0.00000000E+000  0.10150011E+002  0.10146351E+002  0.10000000E+003  0.00000000E+000  0.00000000E+000  0.26748322E+002  0.00000000E+000  0.00000000E+000  0.00000000E+000  0.00000000E+000  0.00000000E+000  0.00000000E+000  0.00000000E+000  0.00000000E+000
  0.00000000E+000  0.67696271E+003
 3661800  0.00000000E+000  0.00000000E+000  0.00000000E+000  0.00000000E+000  0.00000000E+000
 3661800  0.00000000E+000  0.00000000E+000  0.00000000E+000  0.00000000E+000  0.00000000E+000
 3661800  0.00000000E+000  0.00000000E+000  0.00000000E+000  0.00000000E+000  0.00000000E+000
 3661800  0.00000000E+000  0.00000000E+000  0.00000000E+000  0.00000000E+000  0.00000000E+000
 3661800  0.10019664E+000  0.10019664E+000  0.10019664E+000  0.10019664E+000  0.10019664E+000
 3661800  0.00000000E+000  0.00000000E+000  0.00000000E+000  0.00000000E+000  0.00000000E+000
 3661800  0.00000000E+000  0.00000000E+000  0.00000000E+000  0.00000000E+000  0.00000000E+000
 3661800  0.28012000E+003  0.28012000E+003  0.28012000E+003  0.28012000E+003  0.28012000E+003
 3661800  0.69700012E+001  0.69700012E+001  0.69700012E+001  0.69700012E+001  0.69700012E+001
 3661800  0.41318464E-004  0.00000000E+000  0.00000000E+000  0.00000000E+000  0.00000000E+000
 3661800  0.71142932E-008  0.00000000E+000  0.00000000E+000  0.00000000E+000  0.00000000E+000
 3661800  0.18774882E-002  0.00000000E+000  0.00000000E+000  0.00000000E+000  0.00000000E+000
 3661800  0.29461149E-002  0.00000000E+000  0.00000000E+000  0.00000000E+000  0.00000000E+000
 3661800  0.63863752E-007  0.00000000E+000  0.00000000E+000  0.00000000E+000  0.00000000E+000
 3661800  0.44399992E-004  0.00000000E+000  0.00000000E+000  0.00000000E+000  0.00000000E+000
 3661800  0.25164573E-006  0.00000000E+000  0.00000000E+000  0.00000000E+000  0.00000000E+000
 3661800  0.12000003E-003  0.00000000E+000  0.00000000E+000  0.00000000E+000  0.00000000E+000
 3661800  0.37199991E-017  0.00000000E+000  0.00000000E+000  0.00000000E+000  0.00000000E+000
 3661800  0.37199991E-017  0.00000000E+000  0.00000000E+000  0.00000000E+000  0.00000000E+000
 3661800  0.00000000E+000  0.00000000E+000  0.00000000E+000  0.00000000E+000  0.00000000E+000  0.00000000E+000  0.00000000E+000  0.00000000E+000  0.00000000E+000  0.00000000E+000  0.00000000E+000
 3661800  0.16017046E-002  0.99999998E-002  0.39999999E-001  0.69999993E-001  0.16999999E+000  0.19000000E+000  0.32000002E+000  0.34999996E+000  0.25000000E+000  0.35000002E+000  0.50000000E+000  0.49999905E+000
 3661800  0.86951496E-006  0.10000870E-001  0.50000869E-001  0.12000086E+000  0.29000086E+000  0.48000085E+000  0.80000091E+000  0.11500008E+001  0.14000008E+001  0.17500008E+001  0.22500010E+001  0.27500000E+001
 3661800  0.00000000E+000  0.99999998E-002  0.50000001E-001  0.11999999E+000  0.28999999E+000  0.47999999E+000  0.80000001E+000  0.11500000E+001  0.14000000E+001  0.17500000E+001  0.22500000E+001  0.27499990E+001
 3661800  0.11500000E+001  0.11500000E+001  0.11500000E+001  0.12900000E+001  0.14299999E+001  0.13800000E+001  0.15400000E+001  0.14900000E+001  0.15100000E+001  0.14600000E+001  0.16200000E+001
 3661800  0.11500000E+001  0.11500000E+001  0.11500000E+001  0.12900000E+001  0.14299999E+001  0.13800000E+001  0.15400000E+001  0.14900000E+001  0.15100000E+001  0.14600000E+001  0.16200000E+001
 3661800  0.55000000E+006  0.45597453E+005  0.42609375E+005  0.43346996E+005  0.10716027E+005  0.49226602E+004  0.19866483E+004  0.10074234E+004  0.15097477E+004  0.10133309E+004  0.99431427E+003  0.59820209E+003
 3661800  0.54783422E+000  0.54857343E+000  0.54869807E+000  0.50998974E+000  0.45986611E+000  0.48022026E+000  0.42049956E+000  0.43904716E+000  0.43178821E+000  0.45061642E+000  0.39063716E+000
 3661800  0.36199999E+000  0.36199999E+000  0.36199999E+000  0.27200001E+000  0.24600001E+000  0.33100000E+000  0.26899999E+000  0.24100000E+000  0.20999999E+000  0.19800000E+000  0.16700000E+000
 3661800  0.12700000E+000  0.12700000E+000  0.12700000E+000  0.10300000E+000  0.10700000E+000  0.18799999E+000  0.14300001E+000  0.11600000E+000  0.97000003E-001  0.86000003E-001  0.67000002E-001
 3661800  0.70006294E+002  0.70006294E+002  0.70006294E+002  0.21849100E+002  0.24970398E+001  0.62425997E-001  0.44589996E-001  0.41914594E+000  0.13376999E+001  0.54399796E+001  0.49940796E+001
 3661800  0.70006294E+002  0.70006294E+002  0.70006294E+002  0.21849100E+002  0.24970398E+001  0.62425997E-001  0.44589996E-001  0.41914594E+000  0.13376999E+001  0.54399796E+001  0.49940796E+001
 3661800  0.46236501E-002  0.18494600E-001  0.32365549E-001  0.98372579E-001  0.11661966E+000  0.10210066E+000  0.17380734E+000  0.14874223E+000  0.26451337E+000  0.40448624E+000  0.49626341E+000
 3661800  0.41622464E-002  0.16648985E-001  0.29135723E-001  0.78424260E-001  0.93589738E-001  0.16135909E+000  0.19632885E+000  0.12710699E+000  0.15505956E+000  0.19494911E+000  0.19585469E+000
 3661800  0.82668167E-003  0.33067267E-002  0.57867714E-002  0.18774884E-001  0.34789901E-001  0.13693500E+000  0.11946195E+000  0.62201299E-001  0.60487635E-001  0.63656844E-001  0.44177752E-001
 3661800  0.12254362E-004  0.84858952E-003  0.14360272E-001  0.25502767E-001  0.51926445E-001  0.59681769E-001  0.12173798E+000  0.11249996E+000  0.74836180E-001  0.90534993E-001  0.10879568E+000  0.90825006E-001
 3661800  0.00000000E+000 -0.29550681E-002  0.11744139E-001  0.61592069E-002  0.51604968E-001  0.59681769E-001  0.12173798E+000  0.11075265E+000  0.67652032E-001  0.87714851E-001  0.10879568E+000  0.90825006E-001
 3661800  0.00000000E+000 -0.10869568E-004 -0.34694470E-017  0.00000000E+000  0.00000000E+000  0.00000000E+000  0.00000000E+000  0.00000000E+000  0.00000000E+000  0.00000000E+000  0.00000000E+000  0.00000000E+000
 3661800  0.15542011E-002  0.41475710E-002  0.56077996E-002  0.94492957E-002  0.26968960E-001  0.19829076E-001  0.18102162E-001  0.21429129E-001  0.25047041E-001  0.46989553E-001  0.96234776E-001  0.86914897E-001
 3661800  0.15642567E-002  0.49852910E-002  0.19968072E-001  0.34952063E-001  0.78895405E-001  0.79510845E-001  0.13984014E+000  0.13392909E+000  0.99883221E-001  0.13752455E+000  0.20503046E+000  0.17773990E+000
 3661800  0.12254362E-004  0.90999994E-002  0.36399998E-001  0.63699991E-001  0.15469998E+000  0.17289999E+000  0.29120001E+000  0.31849995E+000  0.22749999E+000  0.31850001E+000  0.45499998E+000  0.45499998E+000
 3661800  0.00000000E+000  0.00000000E+000  0.00000000E+000  0.00000000E+000  0.00000000E+000  0.00000000E+000  0.00000000E+000  0.00000000E+000  0.00000000E+000  0.00000000E+000  0.00000000E+000
 3661800  0.00000000E+000  0.00000000E+000  0.00000000E+000  0.00000000E+000  0.00000000E+000  0.00000000E+000  0.00000000E+000  0.00000000E+000  0.00000000E+000  0.00000000E+000  0.00000000E+000
 3661800  0.49043274E+001  0.41786194E+001  0.43463135E+001  0.56382751E+001  0.62558594E+001  0.73629456E+001  0.90404663E+001  0.10629486E+002  0.11799469E+002  0.12822418E+002  0.13963287E+002  0.14653137E+002
 3661800  0.27805432E+003  0.27732861E+003  0.27749631E+003  0.27878827E+003  0.27940585E+003  0.28051294E+003  0.28219046E+003  0.28377948E+003  0.28494946E+003  0.28597241E+003  0.28711328E+003  0.28780313E+003
 3661800  0.11810995E-003  0.14878015E-001  0.10534388E+000  0.18586197E+000  0.42150754E+000  0.49798203E+000  0.92256010E+000  0.96185780E+000  0.65147752E+000  0.85247666E+000  0.11087245E+001  0.10896412E+001
 3661800  0.00000000E+000  0.11343375E-001  0.45174334E-001  0.79005383E-001  0.20393573E+000  0.24791540E+000  0.41247794E+000  0.49048293E+000  0.33791393E+000  0.47313502E+000  0.65287060E+000  0.70908445E+000
 3661800  0.75832289E-003  0.14396163E-002  0.41076280E-002  0.18210430E-001  0.21590680E-001  0.49629912E-001  0.10415414E+000  0.15077978E+000  0.29996312E+000  0.63092166E+000  0.57288402E+000
 3661800  0.31020463E-005  0.23231763E-003  0.69738720E-002  0.18266043E-001  0.52629225E-001  0.96010536E-001  0.44791120E+000  0.69558203E+000  0.55743980E+000  0.69360107E+000  0.82738084E+000  0.68105733E+000
 3661800  0.00000000E+000  0.00000000E+000  0.00000000E+000  0.00000000E+000  0.00000000E+000  0.00000000E+000  0.00000000E+000  0.00000000E+000  0.00000000E+000  0.00000000E+000  0.00000000E+000
 3661800  0.38813096E-005  0.49627074E-005  0.73079536E-005  0.17645043E-004  0.10798262E-004  0.40851655E-005  0.14618406E-005  0.59507039E-006  0.51917402E-006  0.41565775E-006  0.20717231E-006
 3661800  0.57645416E-009  0.41212161E-007  0.44144372E-007  0.57018156E-007  0.12791338E-006  0.80551303E-007  0.16192902E-006  0.49223345E-007  0.14869173E-007  0.12568830E-007  0.93441059E-008  0.50063385E-008
 3661800  0.00000000E+000  0.00000000E+000  0.00000000E+000  0.00000000E+000  0.00000000E+000  0.00000000E+000  0.00000000E+000  0.00000000E+000  0.00000000E+000  0.00000000E+000  0.00000000E+000
 3661800  0.63164764E-004  0.16375445E-002  0.65615317E-002  0.46644267E-002  0.75425487E-004  0.45630019E-002 -0.58233440E-002  0.86598843E-003  0.20809431E-001  0.48460439E-004 -0.14328961E-001 -0.27893400E-002
 3661800 -0.11568900E-003 -0.16077096E-003 -0.60716365E-003 -0.77411160E-003 -0.42794039E-003 -0.27179159E-003 -0.33112615E-003 -0.24880166E-004  0.23123564E-003 -0.46448060E-003 -0.10097203E-002 -0.57889370E-003
 3661800  0.97082261E-006  0.47979822E-004 -0.41882071E-004 -0.87540138E-004 -0.34805064E-003 -0.38852726E-003  0.34093444E-003  0.39496721E-004 -0.79043675E-003  0.57240482E-004  0.60252985E-003  0.11762977E-003
 3661800  0.25808395E-005  0.10628596E-005  0.14575901E-005  0.13201978E-005  0.41778316E-006  0.42669998E-006  0.10197688E-006  0.25642727E-007  0.20946651E-007  0.35570537E-007  0.17854560E-007
 3661800 -0.59754551E-009  0.59879979E-009 -0.69055152E-011 -0.76716293E-010  0.22808005E-011  0.25121662E-010  0.41142947E-010 -0.53333952E-011  0.75283443E-011  0.11919877E-010  0.27004735E-011
 3661800  0.36449088E-009  0.57633232E-009  0.12762061E-008  0.44895279E-008  0.46189035E-008  0.10047761E-007  0.22512186E-007  0.33196354E-007  0.66204095E-007  0.13897859E-006  0.12588110E-006
 3661800  0.53296374E-013  0.38796778E-011  0.20836477E-009  0.39497836E-009  0.44708384E-009  0.64484845E-009  0.30662335E-008  0.53012519E-008  0.45277875E-008  0.56795328E-008  0.67864097E-008  0.55951208E-008
 3661800  0.12144473E+001  0.16410890E+001  0.27620461E+001  0.78721423E+001  0.57559748E+001  0.50736036E+001  0.57016826E+001  0.64756417E+001  0.12023427E+002  0.24444883E+002  0.21943293E+002
 3661800  0.15606760E-003  0.11192437E-001  0.18692282E+000  0.32650155E+000  0.66694325E+000  0.74560380E+000  0.14283834E+001  0.12200031E+001  0.77218056E+000  0.90954673E+000  0.10647737E+001  0.87318766E+000
 3661800  0.00000000E+000  0.00000000E+000  0.00000000E+000  0.00000000E+000  0.00000000E+000  0.00000000E+000  0.00000000E+000  0.00000000E+000  0.00000000E+000  0.00000000E+000  0.00000000E+000
 3661800  0.24778206E-004  0.55086822E-003  0.18837721E-002  0.32842190E-002  0.21485428E-002  0.99836534E-003  0.78228419E-003  0.52775652E-003  0.64767781E-003  0.52091543E-003  0.42887629E-003  0.13810353E-003
 3661800  0.21386214E-010  0.71919312E-004  0.10262409E-003  0.20917767E-003  0.18163616E-003  0.62262305E-004  0.36199017E-004  0.21008531E-004  0.22152710E-004  0.17489689E-004  0.18100212E-004  0.62374124E-005
 3661800  0.21489097E-010  0.56102046E-004  0.16377658E-005  0.43329105E-005  0.13510997E-005  0.91428882E-006  0.94461154E-006  0.67165183E-006  0.81777910E-006  0.69487697E-006  0.55590067E-006  0.16987869E-006
 3661800  0.10702483E-009  0.75359821E-005  0.10397456E-003  0.21100520E-003  0.18456917E-003  0.75916352E-004  0.38066944E-004  0.20805232E-004  0.22135457E-004  0.17967712E-004  0.18627350E-004  0.68047702E-005
 3661800  0.00000000E+000  0.47575327E-009  0.35474552E-008  0.57550364E-008  0.31389422E-008  0.13138932E-008  0.11407797E-008  0.99263653E-009  0.15084978E-008  0.13878361E-008  0.14376194E-008  0.56683225E-009
 3661800  0.41206817E-011  0.53037779E-005  0.48436011E-007  0.22657483E-006  0.00000000E+000  0.98410338E-008  0.12687578E-007  0.19527411E-008  0.00000000E+000  0.61766686E-009  0.97264488E-010  0.00000000E+000
 3661800  0.28396401E-012  0.74003857E-007  0.14076165E-009  0.65465322E-009  0.00000000E+000  0.00000000E+000  0.00000000E+000  0.00000000E+000  0.00000000E+000  0.00000000E+000  0.00000000E+000  0.00000000E+000
 3661800  0.00000000E+000  0.00000000E+000  0.00000000E+000  0.00000000E+000  0.00000000E+000  0.00000000E+000  0.00000000E+000  0.00000000E+000  0.00000000E+000  0.00000000E+000  0.00000000E+000  0.00000000E+000
 3661800  0.00000000E+000  0.00000000E+000  0.00000000E+000  0.00000000E+000  0.00000000E+000  0.00000000E+000  0.00000000E+000  0.00000000E+000  0.00000000E+000  0.00000000E+000  0.00000000E+000  0.00000000E+000
 3661800  0.00000000E+000  0.00000000E+000  0.00000000E+000  0.00000000E+000  0.00000000E+000  0.00000000E+000  0.00000000E+000  0.00000000E+000  0.00000000E+000  0.00000000E+000  0.00000000E+000  0.00000000E+000
 3661800  0.00000000E+000  0.00000000E+000  0.00000000E+000  0.00000000E+000  0.00000000E+000  0.00000000E+000  0.00000000E+000  0.00000000E+000  0.00000000E+000  0.00000000E+000  0.00000000E+000  0.00000000E+000
 3661800  0.00000000E+000  0.00000000E+000  0.00000000E+000  0.00000000E+000  0.00000000E+000  0.00000000E+000  0.00000000E+000  0.00000000E+000  0.00000000E+000  0.00000000E+000  0.00000000E+000  0.00000000E+000
 3661800  0.00000000E+000  0.00000000E+000  0.00000000E+000  0.00000000E+000  0.00000000E+000  0.00000000E+000  0.00000000E+000  0.00000000E+000  0.00000000E+000  0.00000000E+000  0.00000000E+000  0.00000000E+000  0.92900809E-005  0.43427901E-003  0.17057767E-002
  0.23904457E-002  0.32199590E-003  0.92037386E-004  0.44083812E-004  0.44817643E-004  0.69786605E-004  0.68071196E-004  0.57109844E-006  0.50688020E-009  0.00000000E+000  0.00000000E+000  0.00000000E+000  0.00000000E+000  0.00000000E+000  0.00000000E+000
  0.00000000E+000  0.00000000E+000  0.00000000E+000  0.00000000E+000  0.00000000E+000  0.00000000E+000  0.00000000E+000  0.12873205E-004  0.15225007E-003  0.33285408E-003  0.11749956E-003  0.48775928E-004  0.72323557E-004  0.56443740E-004  0.40952982E-004
  0.10606258E-005  0.63857300E-026  0.00000000E+000  0.00000000E+000  0.29987308E-004  0.37820751E-003  0.67318365E-003  0.29653771E-003  0.15844690E-003  0.10657573E-003  0.56595785E-004  0.90405701E-004  0.92630529E-004  0.12589729E-003  0.39620092E-004

 3661800  0.00000000E+000  0.00000000E+000  0.00000000E+000  0.00000000E+000  0.00000000E+000  0.00000000E+000  0.00000000E+000  0.00000000E+000  0.00000000E+000  0.00000000E+000  0.00000000E+000  0.00000000E+000  0.58565830E-009  0.10599586E-007  0.69304626E-007
  0.44846857E-007  0.30178583E-007  0.41932619E-007  0.20299003E-007  0.15537738E-007  0.48728193E-007  0.66941425E-007  0.18587009E-008  0.35655875E-011  0.00000000E+000  0.00000000E+000  0.00000000E+000  0.00000000E+000  0.00000000E+000  0.00000000E+000
  0.00000000E+000  0.00000000E+000  0.00000000E+000  0.00000000E+000  0.00000000E+000  0.00000000E+000  0.00000000E+000  0.26625830E-008  0.42151289E-007  0.82272422E-007  0.23135277E-006  0.13705515E-006  0.22375545E-007  0.12490528E-007  0.30318127E-007
  0.28432248E-008  0.18753934E-028  0.00000000E+000  0.00000000E+000  0.44035826E-007  0.52197743E-006  0.10700051E-005  0.96534336E-006  0.39548326E-006  0.38496335E-007  0.15869562E-007  0.45887909E-007  0.25594915E-007  0.20993616E-007  0.47534385E-008

 3661800  0.00000000E+000  0.00000000E+000  0.00000000E+000  0.00000000E+000  0.00000000E+000  0.00000000E+000  0.00000000E+000  0.00000000E+000  0.00000000E+000  0.00000000E+000  0.00000000E+000
 3661800  0.00000000E+000  0.00000000E+000  0.00000000E+000  0.00000000E+000  0.00000000E+000  0.00000000E+000  0.00000000E+000  0.00000000E+000  0.00000000E+000  0.00000000E+000  0.00000000E+000
 3661800  0.00000000E+000  0.00000000E+000  0.00000000E+000  0.00000000E+000  0.00000000E+000  0.00000000E+000  0.00000000E+000  0.00000000E+000  0.00000000E+000  0.00000000E+000  0.00000000E+000
 3661800  0.00000000E+000  0.00000000E+000  0.00000000E+000  0.00000000E+000  0.00000000E+000  0.00000000E+000  0.00000000E+000  0.00000000E+000  0.00000000E+000  0.00000000E+000  0.00000000E+000
 3661800  0.00000000E+000  0.00000000E+000  0.00000000E+000  0.00000000E+000  0.00000000E+000  0.00000000E+000  0.00000000E+000  0.00000000E+000  0.00000000E+000  0.00000000E+000  0.99999998E-002
 3661800  0.00000000E+000  0.00000000E+000  0.00000000E+000  0.00000000E+000  0.00000000E+000  0.00000000E+000  0.00000000E+000  0.00000000E+000  0.00000000E+000  0.00000000E+000
 3661800  0.00000000E+000  0.00000000E+000  0.00000000E+000  0.00000000E+000  0.00000000E+000  0.00000000E+000  0.00000000E+000  0.00000000E+000  0.00000000E+000  0.00000000E+000
 3661800  0.00000000E+000  0.00000000E+000  0.00000000E+000  0.00000000E+000  0.00000000E+000  0.00000000E+000  0.00000000E+000  0.00000000E+000  0.00000000E+000  0.00000000E+000
 3661800  0.10000000E+001  0.10000000E+001  0.10000000E+001  0.10000000E+001  0.10000000E+001  0.10000000E+001  0.10000000E+001  0.10000000E+001  0.10000000E+001  0.10000000E+001  0.10000000E+001  0.10000000E+001
 3661800  0.00000000E+000  0.00000000E+000  0.00000000E+000  0.00000000E+000  0.00000000E+000  0.00000000E+000  0.00000000E+000  0.00000000E+000  0.00000000E+000  0.00000000E+000  0.00000000E+000  0.00000000E+000
 3661800  0.10000000E+001  0.10000000E+001  0.10000000E+001  0.10000000E+001  0.10000000E+001  0.10000000E+001  0.10000000E+001  0.10000000E+001  0.10000000E+001  0.10000000E+001  0.10000000E+001  0.10000000E+001
 3661800  0.00000000E+000  0.00000000E+000  0.00000000E+000  0.00000000E+000  0.00000000E+000  0.00000000E+000  0.00000000E+000  0.00000000E+000  0.00000000E+000  0.00000000E+000  0.00000000E+000  0.00000000E+000
 3661800  0.10000000E+001  0.10000000E+001  0.10000000E+001  0.10000000E+001  0.10000000E+001  0.10000000E+001  0.10000000E+001  0.10000000E+001  0.10000000E+001  0.10000000E+001  0.10000000E+001  0.10000000E+001
 3661800  0.00000000E+000  0.00000000E+000  0.00000000E+000  0.00000000E+000  0.00000000E+000  0.00000000E+000  0.00000000E+000  0.00000000E+000  0.00000000E+000  0.00000000E+000  0.00000000E+000  0.00000000E+000
 3661800  0.14357300E-002  0.00000000E+000  0.00000000E+000  0.00000000E+000  0.00000000E+000  0.00000000E+000  0.00000000E+000  0.00000000E+000  0.00000000E+000  0.00000000E+000  0.00000000E+000  0.00000000E+000
 3661800  0.00000000E+000  0.00000000E+000  0.00000000E+000  0.00000000E+000  0.00000000E+000  0.00000000E+000  0.00000000E+000  0.00000000E+000  0.00000000E+000  0.00000000E+000  0.00000000E+000  0.00000000E+000
 3661800  0.00000000E+000  0.00000000E+000  0.00000000E+000  0.00000000E+000  0.00000000E+000  0.00000000E+000  0.00000000E+000  0.00000000E+000  0.00000000E+000  0.00000000E+000  0.00000000E+000  0.00000000E+000
 3661800  0.00000000E+000  0.00000000E+000  0.00000000E+000  0.00000000E+000  0.00000000E+000  0.00000000E+000  0.00000000E+000  0.00000000E+000  0.00000000E+000  0.00000000E+000  0.00000000E+000  0.00000000E+000
 3661800  0.00000000E+000  0.00000000E+000  0.00000000E+000  0.00000000E+000  0.00000000E+000  0.00000000E+000  0.00000000E+000  0.00000000E+000  0.00000000E+000  0.00000000E+000  0.00000000E+000  0.00000000E+000
 3661800  0.00000000E+000  0.00000000E+000  0.00000000E+000  0.00000000E+000  0.00000000E+000  0.00000000E+000  0.00000000E+000  0.00000000E+000  0.00000000E+000  0.00000000E+000  0.00000000E+000  0.00000000E+000
 3661800  0.00000000E+000  0.00000000E+000  0.00000000E+000  0.00000000E+000  0.00000000E+000  0.00000000E+000  0.00000000E+000  0.00000000E+000  0.00000000E+000  0.00000000E+000  0.00000000E+000  0.00000000E+000
 3661800  0.00000000E+000  0.00000000E+000  0.00000000E+000  0.00000000E+000  0.00000000E+000  0.00000000E+000  0.00000000E+000  0.00000000E+000  0.00000000E+000  0.00000000E+000  0.00000000E+000  0.00000000E+000
 3661800  0.00000000E+000  0.00000000E+000  0.00000000E+000  0.00000000E+000  0.00000000E+000  0.00000000E+000  0.00000000E+000  0.00000000E+000  0.00000000E+000  0.00000000E+000  0.00000000E+000  0.00000000E+000
 3661800  0.00000000E+000  0.00000000E+000  0.00000000E+000  0.00000000E+000  0.00000000E+000  0.00000000E+000  0.00000000E+000  0.00000000E+000  0.00000000E+000  0.00000000E+000  0.00000000E+000  0.00000000E+000
 3661800  0.00000000E+000  0.00000000E+000  0.00000000E+000  0.00000000E+000  0.00000000E+000  0.00000000E+000  0.00000000E+000  0.00000000E+000  0.00000000E+000  0.00000000E+000  0.00000000E+000  0.00000000E+000
 3661800  0.00000000E+000  0.00000000E+000  0.00000000E+000  0.00000000E+000  0.00000000E+000  0.00000000E+000  0.00000000E+000  0.00000000E+000  0.00000000E+000  0.00000000E+000  0.00000000E+000  0.00000000E+000
 3661800  0.52192597E-010  0.51534665E-003  0.17322242E-002  0.21693653E-002  0.14012985E-044  0.14012985E-044  0.00000000E+000  0.00000000E+000  0.00000000E+000  0.00000000E+000  0.00000000E+000  0.00000000E+000
 3661800  0.26103939E-008  0.51534671E-003  0.17322248E-002  0.21693667E-002  0.14012985E-044  0.14012985E-044  0.00000000E+000  0.00000000E+000  0.00000000E+000  0.00000000E+000  0.00000000E+000  0.00000000E+000
 3661800 -0.55275544E-008  0.42972822E-015  0.00000000E+000  0.00000000E+000  0.00000000E+000  0.00000000E+000  0.00000000E+000  0.00000000E+000  0.00000000E+000  0.00000000E+000  0.00000000E+000  0.00000000E+000
 3661800  0.82700399E-006  0.71720709E-003  0.50839973E-002  0.81465151E-002  0.14910350E-001  0.91967806E-002  0.31305784E-002  0.93015516E-003  0.66560128E-003  0.48033876E-003  0.45998199E-003  0.20425035E-003
 3661800  0.00000000E+000  0.00000000E+000  0.00000000E+000  0.00000000E+000  0.00000000E+000  0.00000000E+000  0.00000000E+000  0.00000000E+000  0.00000000E+000  0.00000000E+000  0.00000000E+000  0.00000000E+000
 3661800  0.00000000E+000  0.00000000E+000  0.00000000E+000  0.00000000E+000  0.00000000E+000  0.00000000E+000  0.00000000E+000  0.00000000E+000  0.00000000E+000  0.00000000E+000  0.00000000E+000  0.00000000E+000
 3661800  0.00000000E+000  0.00000000E+000  0.00000000E+000  0.00000000E+000  0.00000000E+000  0.00000000E+000  0.00000000E+000  0.00000000E+000  0.00000000E+000  0.00000000E+000  0.00000000E+000  0.00000000E+000
 3661800  0.00000000E+000  0.00000000E+000  0.00000000E+000  0.00000000E+000  0.00000000E+000  0.00000000E+000  0.00000000E+000  0.00000000E+000  0.00000000E+000  0.00000000E+000  0.00000000E+000  0.00000000E+000
 3661800  0.00000000E+000  0.00000000E+000  0.00000000E+000  0.00000000E+000  0.00000000E+000  0.00000000E+000  0.00000000E+000  0.00000000E+000  0.00000000E+000  0.00000000E+000  0.00000000E+000  0.00000000E+000
 3661800  0.00000000E+000  0.00000000E+000  0.00000000E+000  0.00000000E+000  0.00000000E+000  0.00000000E+000  0.00000000E+000  0.00000000E+000  0.00000000E+000  0.00000000E+000  0.00000000E+000  0.00000000E+000
 3661800  0.00000000E+000  0.00000000E+000  0.00000000E+000  0.00000000E+000  0.00000000E+000  0.00000000E+000  0.00000000E+000  0.00000000E+000  0.00000000E+000  0.00000000E+000  0.00000000E+000
 3661800  0.00000000E+000  0.00000000E+000  0.00000000E+000  0.00000000E+000  0.00000000E+000  0.00000000E+000  0.00000000E+000  0.00000000E+000  0.00000000E+000  0.00000000E+000  0.00000000E+000
