    DOY     DATE    SHOOT_P         LEAF_P          SHTH_P          STALK_P         RESERVE_P       HUSK_P          GRAIN_P         ROOT_P          NDL_P           STORED_P        UPTK_P          LITTER_P        [SOL_P]         P_STRESS        HVST_P          P_BALANCE       STG_DEAD_P      FIRE_P          SF_LIT_P        
010112001scpd1   134.000    14052001  0.5812036E-003  0.1244171E-007  0.9161687E-008  0.0000000E+000  0.0000000E+000  0.0000000E+000  0.0000000E+000  0.6184269E-003  0.0000000E+000  0.3847203E-002  0.8758081E-004  0.7485630E-006  0.1000000E+001  0.3492796E-002  0.0000000E+000  0.4960001E-002  0.0000000E+000  0.0000000E+000  0.1042116E-009
010112001scpd1   135.000    15052001  0.1010707E-002  0.1047537E-003  0.2105245E-004  0.0000000E+000  0.0000000E+000  0.0000000E+000  0.0000000E+000  0.9528348E-003  0.0000000E+000  0.3248303E-002  0.2526023E-003  0.7578900E-006  0.3368188E-001  0.3550043E-002  0.0000000E+000  0.4960002E-002  0.0000000E+000  0.0000000E+000  0.1042116E-009
010112001scpd1   136.000    16052001  0.1519961E-002  0.2805604E-003  0.5626381E-004  0.0000000E+000  0.0000000E+000  0.0000000E+000  0.0000000E+000  0.1223031E-002  0.0000000E+000  0.2665225E-002  0.4489839E-003  0.7685337E-006  0.1574381E-001  0.3836226E-002  0.0000000E+000  0.4960001E-002  0.0000000E+000  0.0000000E+000  0.1042116E-009
010112001scpd1   137.000    17052001  0.2060981E-002  0.5119814E-003  0.1021231E-003  0.0000000E+000  0.0000000E+000  0.0000000E+000  0.0000000E+000  0.1428372E-002  0.0000000E+000  0.2160205E-002  0.6903330E-003  0.7762333E-006  0.1035519E-001  0.4071487E-002  0.0000000E+000  0.4960001E-002  0.0000000E+000  0.0000000E+000  0.1042116E-009
010112001scpd1   138.000    18052001  0.2580011E-002  0.7506747E-003  0.1491732E-003  0.0000000E+000  0.0000000E+000  0.0000000E+000  0.0000000E+000  0.1513602E-002  0.0000000E+000  0.1792494E-002  0.9268879E-003  0.7822276E-006  0.8141498E-002  0.4234012E-002  0.0000000E+000  0.4960000E-002  0.0000000E+000  0.0000000E+000  0.1042116E-009
010112001scpd1   139.000    19052001  0.3085054E-002  0.1005334E-002  0.1991667E-003  0.0000000E+000  0.0000000E+000  0.0000000E+000  0.0000000E+000  0.1532869E-002  0.0000000E+000  0.1495954E-002  0.1154661E-002  0.7850786E-006  0.6806575E-002  0.4373536E-002  0.0000000E+000  0.4960001E-002  0.0000000E+000  0.0000000E+000  0.1042116E-009
010112001scpd1   140.000    20052001  0.3532313E-002  0.1198167E-002  0.2370598E-003  0.0000000E+000  0.0000000E+000  0.0000000E+000  0.0000000E+000  0.1504867E-002  0.0000000E+000  0.1330758E-002  0.1408729E-002  0.7898864E-006  0.6326718E-002  0.4448811E-002  0.0000000E+000  0.4960000E-002  0.0000000E+000  0.0000000E+000  0.1042116E-009
010112001scpd1   141.000    21052001  0.3934516E-002  0.1357400E-002  0.2683697E-003  0.0000000E+000  0.0000000E+000  0.0000000E+000  0.0000000E+000  0.1452375E-002  0.0000000E+000  0.1221461E-002  0.1649145E-002  0.7926440E-006  0.6139501E-002  0.4572293E-002  0.0000000E+000  0.4959999E-002  0.0000000E+000  0.0000000E+000  0.1042116E-009
010112001scpd1   142.000    22052001  0.4318023E-002  0.1554148E-002  0.3070181E-003  0.0000000E+000  0.0000000E+000  0.0000000E+000  0.0000000E+000  0.1466144E-002  0.0000000E+000  0.1100695E-002  0.1925659E-002  0.7953944E-006  0.5715050E-002  0.4550570E-002  0.0000000E+000  0.4959999E-002  0.0000000E+000  0.0000000E+000  0.1042116E-009
010112001scpd1   143.000    23052001  0.4661902E-002  0.1715748E-002  0.3392041E-003  0.0000000E+000  0.0000000E+000  0.0000000E+000  0.0000000E+000  0.1458258E-002  0.0000000E+000  0.1017027E-002  0.2177986E-002  0.7973472E-006  0.5486215E-002  0.4601161E-002  0.0000000E+000  0.4959998E-002  0.0000000E+000  0.0000000E+000  0.1042116E-009
010112001scpd1   144.000    24052001  0.4967176E-002  0.1877053E-002  0.3714600E-003  0.0000000E+000  0.0000000E+000  0.0000000E+000  0.0000000E+000  0.1452727E-002  0.0000000E+000  0.9431407E-003  0.2403842E-002  0.7981905E-006  0.5237192E-002  0.4626189E-002  0.0000000E+000  0.4960000E-002  0.0000000E+000  0.0000000E+000  0.1042116E-009
010112001scpd1   145.000    25052001  0.5274893E-002  0.2114255E-002  0.4192605E-003  0.0000000E+000  0.0000000E+000  0.0000000E+000  0.0000000E+000  0.1498556E-002  0.0000000E+000  0.8385372E-003  0.2652786E-002  0.7995304E-006  0.4689205E-002  0.4440391E-002  0.0000000E+000  0.4960001E-002  0.0000000E+000  0.0000000E+000  0.1042116E-009
010112001scpd1   146.000    26052001  0.5628947E-002  0.2387623E-002  0.4761725E-003  0.0000000E+000  0.0000000E+000  0.0000000E+000  0.0000000E+000  0.1663206E-002  0.0000000E+000  0.7250709E-003  0.3058040E-002  0.8137974E-006  0.4163532E-002  0.4230238E-002  0.0000000E+000  0.4959999E-002  0.0000000E+000  0.0000000E+000  0.1042116E-009
010112001scpd1   147.000    27052001  0.6069071E-002  0.2721897E-002  0.5476320E-003  0.0000000E+000  0.0000000E+000  0.0000000E+000  0.0000000E+000  0.1930721E-002  0.0000000E+000  0.5997350E-003  0.3640749E-002  0.1220620E-005  0.3669339E-002  0.4093933E-002  0.0000000E+000  0.4960000E-002  0.0000000E+000  0.0000000E+000  0.1042116E-009
010112001scpd1   148.000    28052001  0.6594750E-002  0.3062810E-002  0.6223395E-003  0.0000000E+000  0.0000000E+000  0.0000000E+000  0.0000000E+000  0.2218632E-002  0.0000000E+000  0.4939464E-003  0.4349070E-002  0.1740467E-005  0.3351691E-002  0.4002315E-002  0.0000000E+000  0.4959999E-002  0.0000000E+000  0.0000000E+000  0.1042116E-009
010112001scpd1   149.000    29052001  0.7179443E-002  0.3361379E-002  0.6897098E-003  0.0000000E+000  0.0000000E+000  0.0000000E+000  0.0000000E+000  0.2474492E-002  0.0000000E+000  0.4201771E-003  0.5115902E-002  0.1789557E-005  0.3252303E-002  0.3958757E-002  0.0000000E+000  0.4960000E-002  0.0000000E+000  0.0000000E+000  0.1042116E-009
010112001scpd1   150.000    30052001  0.7760278E-002  0.3558322E-002  0.7354891E-003  0.0000000E+000  0.0000000E+000  0.0000000E+000  0.0000000E+000  0.2622667E-002  0.0000000E+000  0.3845668E-003  0.5809304E-002  0.1793973E-005  0.3363523E-002  0.4156908E-002  0.0000000E+000  0.4960001E-002  0.0000000E+000  0.0000000E+000  0.1042116E-009
010112001scpd1   151.000    31052001  0.8286468E-002  0.3775732E-002  0.7847744E-003  0.0000000E+000  0.0000000E+000  0.0000000E+000  0.0000000E+000  0.2695402E-002  0.0000000E+000  0.3510652E-003  0.6374733E-002  0.1796775E-005  0.3383140E-002  0.4212005E-002  0.0000000E+000  0.4959999E-002  0.0000000E+000  0.0000000E+000  0.1042116E-009
010112001scpd1   152.000    01062001  0.8832082E-002  0.4127306E-002  0.8638028E-003  0.0000000E+000  0.0000000E+000  0.0000000E+000  0.0000000E+000  0.2866681E-002  0.0000000E+000  0.2996780E-003  0.7040245E-002  0.1800806E-005  0.3174147E-002  0.3979168E-002  0.0000000E+000  0.4959998E-002  0.0000000E+000  0.0000000E+000  0.1042116E-009
010112001scpd1   153.000    02062001  0.9439418E-002  0.4472415E-002  0.9441820E-003  0.0000000E+000  0.0000000E+000  0.0000000E+000  0.0000000E+000  0.3324681E-002  0.0000000E+000  0.2557424E-003  0.8062164E-002  0.2318099E-005  0.3047341E-002  0.3879707E-002  0.0000000E+000  0.4959995E-002  0.0000000E+000  0.0000000E+000  0.1042116E-009
010112001scpd1   154.000    03062001  0.1021155E-001  0.4827272E-002  0.1027271E-002  0.0000000E+000  0.0000000E+000  0.0000000E+000  0.0000000E+000  0.3865415E-002  0.0000000E+000  0.2231835E-003  0.9342477E-002  0.2324714E-005  0.3028719E-002  0.3912794E-002  0.0000000E+000  0.4959996E-002  0.0000000E+000  0.0000000E+000  0.1042116E-009
010112001scpd1   155.000    04062001  0.1096949E-001  0.5095887E-002  0.1091227E-002  0.0000000E+000  0.0000000E+000  0.0000000E+000  0.0000000E+000  0.4159599E-002  0.0000000E+000  0.2029614E-003  0.1037438E-001  0.2329725E-005  0.3127216E-002  0.4071886E-002  0.0000000E+000  0.4959999E-002  0.0000000E+000  0.0000000E+000  0.1042116E-009
010112001scpd1   156.000    05062001  0.1170706E-001  0.5460049E-002  0.1174254E-002  0.0000000E+000  0.0000000E+000  0.0000000E+000  0.0000000E+000  0.4366057E-002  0.0000000E+000  0.1814201E-003  0.1129687E-001  0.2334796E-005  0.3084250E-002  0.4122137E-002  0.0000000E+000  0.4959994E-002  0.0000000E+000  0.0000000E+000  0.1042116E-009
010112001scpd1   157.000    06062001  0.1250682E-001  0.6003320E-002  0.1297190E-002  0.0000000E+000  0.0000000E+000  0.0000000E+000  0.0000000E+000  0.4859581E-002  0.0000000E+000  0.1532470E-003  0.1256199E-001  0.2339204E-005  0.2871121E-002  0.3975436E-002  0.0000000E+000  0.4959999E-002  0.0000000E+000  0.0000000E+000  0.1042116E-009
010112001scpd1   158.000    07062001  0.1350486E-001  0.6577341E-002  0.1431499E-002  0.0000000E+000  0.0000000E+000  0.0000000E+000  0.0000000E+000  0.5585362E-002  0.0000000E+000  0.1255149E-003  0.1425808E-001  0.2348570E-005  0.2742473E-002  0.3850123E-002  0.0000000E+000  0.4959999E-002  0.0000000E+000  0.0000000E+000  0.1042116E-009
010112001scpd1   159.000    08062001  0.1472459E-001  0.7181534E-002  0.1575174E-002  0.0000000E+000  0.0000000E+000  0.0000000E+000  0.0000000E+000  0.6635136E-002  0.0000000E+000  0.1008736E-003  0.1651160E-001  0.1100072E-004  0.2709878E-002  0.3839818E-002  0.0000000E+000  0.4960001E-002  0.0000000E+000  0.0000000E+000  0.1042116E-009
010112001scpd1   160.000    09062001  0.1626092E-001  0.7891033E-002  0.1741956E-002  0.0000000E+000  0.0000000E+000  0.0000000E+000  0.0000000E+000  0.7749688E-002  0.0000000E+000  0.7987930E-004  0.1915310E-001  0.2260212E-004  0.2725709E-002  0.3916143E-002  0.0000000E+000  0.4959991E-002  0.0000000E+000  0.0000000E+000  0.1042116E-009
010112001scpd1   161.000    10062001  0.1817991E-001  0.8831630E-002  0.1958377E-002  0.0000000E+000  0.0000000E+000  0.0000000E+000  0.0000000E+000  0.8986105E-002  0.0000000E+000  0.6101668E-004  0.2229383E-001  0.2679240E-004  0.2710740E-002  0.4034373E-002  0.0000000E+000  0.4959991E-002  0.0000000E+000  0.0000000E+000  0.1042116E-009
010112001scpd1   162.000    11062001  0.2022877E-001  0.9785863E-002  0.2173788E-002  0.0000000E+000  0.0000000E+000  0.0000000E+000  0.0000000E+000  0.9721141E-002  0.0000000E+000  0.4652272E-004  0.2508492E-001  0.4845577E-004  0.2740741E-002  0.4291160E-002  0.0000000E+000  0.4959965E-002  0.0000000E+000  0.0000000E+000  0.1042116E-009
010112001scpd1   163.000    12062001  0.2234027E-001  0.1087874E-001  0.2411157E-002  0.0000000E+000  0.0000000E+000  0.0000000E+000  0.0000000E+000  0.1048387E-001  0.0000000E+000  0.3541384E-004  0.2796441E-001  0.6483016E-004  0.2705733E-002  0.4520816E-002  0.0000000E+000  0.4959963E-002  0.0000000E+000  0.0000000E+000  0.1042116E-009
010112001scpd1   164.000    13062001  0.2443769E-001  0.1210109E-001  0.2664353E-002  0.0000000E+000  0.0000000E+000  0.0000000E+000  0.0000000E+000  0.1179178E-001  0.0000000E+000  0.2719106E-004  0.3137330E-001  0.7662292E-004  0.2598776E-002  0.4712490E-002  0.0000000E+000  0.4959971E-002  0.0000000E+000  0.0000000E+000  0.1042116E-009
010112001scpd1   165.000    14062001  0.2698655E-001  0.1306424E-001  0.2864008E-002  0.0000000E+000  0.0000000E+000  0.0000000E+000  0.0000000E+000  0.1294579E-001  0.0000000E+000  0.2295412E-004  0.3507201E-001  0.7667054E-004  0.2747107E-002  0.4731160E-002  0.0000000E+000  0.4959956E-002  0.0000000E+000  0.0000000E+000  0.1042116E-009
010112001scpd1   166.000    15062001  0.2947135E-001  0.1404986E-001  0.3073396E-002  0.0000000E+000  0.0000000E+000  0.0000000E+000  0.0000000E+000  0.1250044E-001  0.0000000E+000  0.1916072E-004  0.3710772E-001  0.7671396E-004  0.2876844E-002  0.4710489E-002  0.0000000E+000  0.4959945E-002  0.0000000E+000  0.0000000E+000  0.1042116E-009
010112001scpd1   167.000    16062001  0.3170494E-001  0.1533677E-001  0.3341465E-002  0.0000000E+000  0.0000000E+000  0.0000000E+000  0.0000000E+000  0.1291898E-001  0.0000000E+000  0.1546777E-004  0.3980289E-001  0.1234457E-003  0.2800253E-002  0.4708443E-002  0.0000000E+000  0.4959937E-002  0.0000000E+000  0.0000000E+000  0.1042116E-009
010112001scpd1   168.000    17062001  0.3408319E-001  0.1700266E-001  0.3680187E-002  0.0000000E+000  0.0000000E+000  0.0000000E+000  0.0000000E+000  0.1355923E-001  0.0000000E+000  0.1209826E-004  0.4282704E-001  0.1324657E-003  0.2633921E-002  0.4773804E-002  0.0000000E+000  0.4959941E-002  0.0000000E+000  0.0000000E+000  0.1042116E-009
010112001scpd1   169.000    18062001  0.3637467E-001  0.1862907E-001  0.4000017E-002  0.0000000E+000  0.0000000E+000  0.0000000E+000  0.0000000E+000  0.1431340E-001  0.0000000E+000  0.9504041E-005  0.4593135E-001  0.1937133E-003  0.2465411E-002  0.4954151E-002  0.0000000E+000  0.4959937E-002  0.0000000E+000  0.0000000E+000  0.1042116E-009
010112001scpd1   170.000    19062001  0.3904225E-001  0.1975995E-001  0.4215494E-002  0.0000000E+000  0.0000000E+000  0.0000000E+000  0.0000000E+000  0.1516736E-001  0.0000000E+000  0.8362225E-005  0.4946487E-001  0.2068037E-003  0.2555080E-002  0.4970254E-002  0.0000000E+000  0.4959907E-002  0.0000000E+000  0.0000000E+000  0.1042116E-009
010112001scpd1   171.000    20062001  0.4175683E-001  0.2120050E-001  0.4491237E-002  0.0000000E+000  0.0000000E+000  0.0000000E+000  0.0000000E+000  0.1490295E-001  0.0000000E+000  0.7229102E-005  0.5191483E-001  0.2077388E-003  0.2555631E-002  0.4841889E-002  0.0000000E+000  0.4959922E-002  0.0000000E+000  0.0000000E+000  0.1042116E-009
010112001scpd1   172.000    21062001  0.4423443E-001  0.2285697E-001  0.4811877E-002  0.0000000E+000  0.0000000E+000  0.0000000E+000  0.0000000E+000  0.1503194E-001  0.0000000E+000  0.6163011E-005  0.5454125E-001  0.2286512E-003  0.2463935E-002  0.4608752E-002  0.0000000E+000  0.4959930E-002  0.0000000E+000  0.0000000E+000  0.1042116E-009
010112001scpd1   173.000    22062001  0.4666215E-001  0.2457322E-001  0.5153295E-002  0.0000000E+000  0.0000000E+000  0.0000000E+000  0.0000000E+000  0.1548531E-001  0.0000000E+000  0.5276562E-005  0.5749156E-001  0.2987390E-003  0.2354225E-002  0.4450172E-002  0.0000000E+000  0.4959911E-002  0.0000000E+000  0.0000000E+000  0.1042116E-009
010112001scpd1   174.000    23062001  0.4909071E-001  0.2682210E-001  0.5605864E-002  0.0000000E+000  0.0000000E+000  0.0000000E+000  0.0000000E+000  0.1620451E-001  0.0000000E+000  0.4322624E-005  0.6071458E-001  0.3750027E-003  0.2143669E-002  0.4369220E-002  0.0000000E+000  0.4959956E-002  0.0000000E+000  0.0000000E+000  0.1042116E-009
010112001scpd1   175.000    24062001  0.5157967E-001  0.2920459E-001  0.6086702E-002  0.6311411E-005  0.1041383E-004  0.1998613E-005  0.0000000E+000  0.1695097E-001  0.0000000E+000  0.3423750E-005  0.6403237E-001  0.4582553E-003  0.1929210E-002  0.4409779E-002  0.0000000E+000  0.4959956E-002  0.0000000E+000  0.0000000E+000  0.1042116E-009
010112001scpd1   176.000    25062001  0.5414245E-001  0.3147335E-001  0.6545129E-002  0.2605141E-004  0.4298482E-004  0.8249608E-005  0.0000000E+000  0.1769694E-001  0.0000000E+000  0.2696057E-005  0.6743821E-001  0.5560794E-003  0.1765275E-002  0.4443264E-002  0.0000000E+000  0.4959956E-002  0.0000000E+000  0.0000000E+000  0.1042116E-009
010112001scpd1   177.000    26062001  0.5702254E-001  0.3354812E-001  0.6976724E-002  0.5893486E-004  0.9724251E-004  0.1866270E-004  0.0000000E+000  0.1806036E-001  0.0000000E+000  0.2167652E-005  0.7068843E-001  0.5633151E-003  0.1678789E-002  0.4303274E-002  0.0000000E+000  0.4959956E-002  0.0000000E+000  0.0000000E+000  0.1042116E-009
010112001scpd1   178.000    27062001  0.5992407E-001  0.3555766E-001  0.7406957E-002  0.1067171E-003  0.1760831E-003  0.3379372E-004  0.0000000E+000  0.1837929E-001  0.0000000E+000  0.1726517E-005  0.7399131E-001  0.6461953E-003  0.1612635E-002  0.4263686E-002  0.0000000E+000  0.4959963E-002  0.0000000E+000  0.0000000E+000  0.1042116E-009
010112001scpd1   179.000    28062001  0.6284246E-001  0.3747388E-001  0.7827194E-002  0.1690052E-003  0.2788586E-003  0.5351831E-004  0.0000000E+000  0.1893233E-001  0.0000000E+000  0.1383255E-005  0.7755379E-001  0.7375776E-003  0.1560777E-002  0.4190735E-002  0.0000000E+000  0.4959963E-002  0.0000000E+000  0.0000000E+000  0.1042116E-009
010112001scpd1   180.000    29062001  0.6578988E-001  0.3943178E-001  0.8264031E-002  0.2515332E-003  0.4150298E-003  0.7965216E-004  0.0000000E+000  0.1944692E-001  0.0000000E+000  0.1097655E-005  0.8113572E-001  0.8577938E-003  0.1504761E-002  0.4156349E-002  0.0000000E+000  0.4959963E-002  0.0000000E+000  0.0000000E+000  0.1042116E-009
010112001scpd1   181.000    30062001  0.6875637E-001  0.4138802E-001  0.8703152E-002  0.3539824E-003  0.5840709E-003  0.1120944E-003  0.0000000E+000  0.2004694E-001  0.0000000E+000  0.8606986E-006  0.8481161E-001  0.9673822E-003  0.1452183E-002  0.4160375E-002  0.0000000E+000  0.4959948E-002  0.0000000E+000  0.0000000E+000  0.1042116E-009
010112001scpd1   182.000    01072001  0.7176924E-001  0.4275277E-001  0.9023672E-002  0.4417757E-003  0.7289301E-003  0.1398956E-003  0.0000000E+000  0.2043695E-001  0.0000000E+000  0.7370159E-006  0.8821758E-001  0.9706415E-003  0.1474586E-002  0.4087451E-002  0.0000000E+000  0.4959986E-002  0.0000000E+000  0.0000000E+000  0.1042116E-009
010112001scpd1   183.000    02072001  0.7463655E-001  0.4445766E-001  0.9428765E-002  0.5695761E-003  0.9398008E-003  0.1803657E-003  0.0000000E+000  0.2047838E-001  0.0000000E+000  0.6045202E-006  0.9112628E-001  0.9707131E-003  0.1452886E-002  0.3952025E-002  0.0000000E+000  0.4959963E-002  0.0000000E+000  0.0000000E+000  0.1042116E-009
010112001scpd1   184.000    03072001  0.7793770E-001  0.4662909E-001  0.9964149E-002  0.7653816E-003  0.1262880E-002  0.2423708E-003  0.0000000E+000  0.2261543E-001  0.0000000E+000  0.4666588E-006  0.9658335E-001  0.9897347E-003  0.1367110E-002  0.3643756E-002  0.0000000E+000  0.4959978E-002  0.0000000E+000  0.0000000E+000  0.1042116E-009
010112001scpd1   185.000    04072001  0.8128820E-001  0.4830825E-001  0.1042005E-001  0.9602866E-003  0.1584473E-002  0.3040906E-003  0.0000000E+000  0.2317180E-001  0.0000000E+000  0.3680576E-006  0.1006357E+000  0.1135247E-002  0.1350681E-002  0.3565924E-002  0.0000000E+000  0.4959956E-002  0.0000000E+000  0.0000000E+000  0.1042116E-009
010112001scpd1   186.000    05072001  0.8471383E-001  0.4985815E-001  0.1085529E-001  0.1175323E-002  0.1939283E-002  0.3721853E-003  0.0000000E+000  0.2413357E-001  0.0000000E+000  0.2951901E-006  0.1051883E+000  0.1300598E-002  0.1347206E-002  0.3510753E-002  0.0000000E+000  0.4959956E-002  0.0000000E+000  0.0000000E+000  0.1042116E-009
010112001scpd1   187.000    06072001  0.8822140E-001  0.5153228E-001  0.1131949E-001  0.1438466E-002  0.2373468E-002  0.4555139E-003  0.0000000E+000  0.2507552E-001  0.0000000E+000  0.2296512E-006  0.1097934E+000  0.1456269E-002  0.1332873E-002  0.3527496E-002  0.0000000E+000  0.4959986E-002  0.0000000E+000  0.0000000E+000  0.1042116E-009
010112001scpd1   188.000    07072001  0.9185119E-001  0.5337007E-001  0.1181701E-001  0.1761541E-002  0.2906542E-002  0.5578210E-003  0.0000000E+000  0.2624750E-001  0.0000000E+000  0.1752381E-006  0.1147415E+000  0.1602590E-002  0.1296516E-002  0.3526672E-002  0.0000000E+000  0.4959978E-002  0.0000000E+000  0.0000000E+000  0.1042116E-009
010112001scpd1   189.000    08072001  0.9566677E-001  0.5515015E-001  0.1230144E-001  0.2123196E-002  0.3503274E-002  0.6723452E-003  0.0000000E+000  0.2735177E-001  0.0000000E+000  0.1350560E-006  0.1197510E+000  0.1692247E-002  0.1266910E-002  0.3502283E-002  0.0000000E+000  0.4959941E-002  0.0000000E+000  0.0000000E+000  0.1042116E-009
010112001scpd1   190.000    09072001  0.9963048E-001  0.5670654E-001  0.1274238E-001  0.2502241E-002  0.4128697E-002  0.7923758E-003  0.0000000E+000  0.2834698E-001  0.0000000E+000  0.1050820E-006  0.1248237E+000  0.1806129E-002  0.1267752E-002  0.3472202E-002  0.0000000E+000  0.4959963E-002  0.0000000E+000  0.0000000E+000  0.1042116E-009
010112001scpd1   191.000    10072001  0.1036816E+000  0.5810889E-001  0.1315365E-001  0.2906047E-002  0.4794979E-002  0.9202479E-003  0.0000000E+000  0.2922923E-001  0.0000000E+000  0.8414335E-007  0.1297797E+000  0.1828679E-002  0.1282246E-002  0.3418604E-002  0.0000000E+000  0.4959956E-002  0.0000000E+000  0.0000000E+000  0.1042116E-009
010112001scpd1   192.000    11072001  0.1076293E+000  0.5945398E-001  0.1355308E-001  0.3349167E-002  0.5526127E-002  0.1060569E-002  0.0000000E+000  0.3010992E-001  0.0000000E+000  0.6880884E-007  0.1346103E+000  0.1830954E-002  0.1291238E-002  0.3388136E-002  0.0000000E+000  0.4959941E-002  0.0000000E+000  0.0000000E+000  0.1042116E-009
010112001scpd1   193.000    12072001  0.1115453E+000  0.6057444E-001  0.1391255E-001  0.3798701E-002  0.6267857E-002  0.1202921E-002  0.0000000E+000  0.3146045E-001  0.0000000E+000  0.5653276E-007  0.1399311E+000  0.1885166E-002  0.1308855E-002  0.3290621E-002  0.0000000E+000  0.4959911E-002  0.0000000E+000  0.0000000E+000  0.1042116E-009
010112001scpd1   194.000    13072001  0.1157252E+000  0.6165344E-001  0.1426980E-001  0.4304729E-002  0.7102804E-002  0.1363163E-002  0.0000000E+000  0.3342811E-001  0.0000000E+000  0.4633299E-007  0.1462195E+000  0.2026075E-002  0.1336173E-002  0.3228755E-002  0.0000000E+000  0.4959926E-002  0.0000000E+000  0.0000000E+000  0.1042116E-009
010112001scpd1   195.000    14072001  0.1202865E+000  0.6275661E-001  0.1463324E-001  0.4889325E-002  0.8067385E-002  0.1548285E-002  0.0000000E+000  0.3577679E-001  0.0000000E+000  0.3777914E-007  0.1532709E+000  0.2167496E-002  0.1366295E-002  0.3186551E-002  0.0000000E+000  0.4959941E-002  0.0000000E+000  0.0000000E+000  0.1042116E-009
010112001scpd1   196.000    15072001  0.1251931E+000  0.6391691E-001  0.1500465E-001  0.5571072E-002  0.9192269E-002  0.1764172E-002  0.0000000E+000  0.3811904E-001  0.0000000E+000  0.3092324E-007  0.1605258E+000  0.2173600E-002  0.1396916E-002  0.3189638E-002  0.0000000E+000  0.4959986E-002  0.0000000E+000  0.0000000E+000  0.1042116E-009
010112001scpd1   197.000    16072001  0.1302626E+000  0.6545249E-001  0.1544625E-001  0.6510588E-002  0.1074247E-001  0.2061686E-002  0.0000000E+000  0.4086683E-001  0.0000000E+000  0.2369084E-007  0.1684784E+000  0.2308988E-002  0.1370098E-002  0.3176728E-002  0.0000000E+000  0.4960120E-002  0.0000000E+000  0.0000000E+000  0.1042116E-009
010112001scpd1   198.000    17072001  0.1359332E+000  0.6695722E-001  0.1587350E-001  0.7588173E-002  0.1252048E-001  0.2402920E-002  0.0000000E+000  0.4499852E-001  0.0000000E+000  0.1757919E-007  0.1785022E+000  0.2530592E-002  0.1348668E-002  0.3207438E-002  0.0000000E+000  0.4960120E-002  0.0000000E+000  0.0000000E+000  0.1042116E-009
010112001scpd1   199.000    18072001  0.1423728E+000  0.6829482E-001  0.1625195E-001  0.8741730E-002  0.1442385E-001  0.2768213E-002  0.0000000E+000  0.4913260E-001  0.0000000E+000  0.1330946E-007  0.1890991E+000  0.2553825E-002  0.1370528E-002  0.3226470E-002  0.0000000E+000  0.4960135E-002  0.0000000E+000  0.0000000E+000  0.1042116E-009
010112001scpd1   200.000    19072001  0.1493089E+000  0.6947852E-001  0.1657940E-001  0.9975411E-002  0.1645943E-001  0.3158878E-002  0.0000000E+000  0.5355036E-001  0.0000000E+000  0.1026906E-007  0.2005335E+000  0.2634406E-002  0.1414929E-002  0.3290798E-002  0.0000000E+000  0.4960179E-002  0.0000000E+000  0.0000000E+000  0.1042116E-009
010112001scpd1   201.000    20072001  0.1570168E+000  0.7075325E-001  0.1689649E-001  0.1151197E-001  0.1899474E-001  0.3645455E-002  0.0000000E+000  0.5855950E-001  0.0000000E+000  0.7621077E-008  0.2132902E+000  0.2674090E-002  0.1447424E-002  0.3369639E-002  0.0000000E+000  0.4960209E-002  0.0000000E+000  0.0000000E+000  0.1042116E-009
010112001scpd1   202.000    21072001  0.1655616E+000  0.7190499E-001  0.1715647E-001  0.1322824E-001  0.2182659E-001  0.4188940E-002  0.0000000E+000  0.6490807E-001  0.0000000E+000  0.5533582E-008  0.2285422E+000  0.3032688E-002  0.1503282E-002  0.3475496E-002  0.0000000E+000  0.4960150E-002  0.0000000E+000  0.0000000E+000  0.1042116E-009
010112001scpd1   203.000    22072001  0.1753963E+000  0.7298861E-001  0.1735956E-001  0.1520919E-001  0.2509516E-001  0.4816241E-002  0.0000000E+000  0.7288891E-001  0.0000000E+000  0.3960754E-008  0.2466887E+000  0.3363700E-002  0.1583265E-002  0.3635464E-002  0.0000000E+000  0.4960164E-002  0.0000000E+000  0.0000000E+000  0.1042116E-009
010112001scpd1   204.000    23072001  0.1864506E+000  0.7384159E-001  0.1752939E-001  0.1716165E-001  0.2831671E-001  0.5434518E-002  0.0000000E+000  0.7918917E-001  0.0000000E+000  0.2989211E-008  0.2640884E+000  0.3408836E-002  0.1728105E-002  0.3847921E-002  0.0000000E+000  0.4960150E-002  0.0000000E+000  0.0000000E+000  0.1042116E-009
010112001scpd1   205.000    24072001  0.1980081E+000  0.7465795E-001  0.1770862E-001  0.1926396E-001  0.3178553E-001  0.6100250E-002  0.0000000E+000  0.8369926E-001  0.0000000E+000  0.2281069E-008  0.2802595E+000  0.3512238E-002  0.1876093E-002  0.4072148E-002  0.0000000E+000  0.4960150E-002  0.0000000E+000  0.0000000E+000  0.1042116E-009
010112001scpd1   206.000    25072001  0.2096472E+000  0.7544263E-001  0.1786251E-001  0.2107175E-001  0.3476838E-001  0.6672717E-002  0.0000000E+000  0.8638425E-001  0.0000000E+000  0.1858930E-008  0.2946059E+000  0.3534477E-002  0.2068421E-002  0.4369332E-002  0.0000000E+000  0.4960030E-002  0.0000000E+000  0.0000000E+000  0.1042116E-009
010112001scpd1   207.000    26072001  0.2211013E+000  0.7630460E-001  0.1802342E-001  0.2296207E-001  0.3788740E-001  0.7271317E-002  0.0000000E+000  0.8833402E-001  0.0000000E+000  0.1515781E-008  0.3080225E+000  0.3547146E-002  0.2236542E-002  0.4681458E-002  0.0000000E+000  0.4959971E-002  0.0000000E+000  0.0000000E+000  0.1042116E-009
010112001scpd1   208.000    27072001  0.2323685E+000  0.7728779E-001  0.1819982E-001  0.2503425E-001  0.4130651E-001  0.7927507E-002  0.0000000E+000  0.9086300E-001  0.0000000E+000  0.1214652E-008  0.3218308E+000  0.3559305E-002  0.2369917E-002  0.4949220E-002  0.0000000E+000  0.4959971E-002  0.0000000E+000  0.0000000E+000  0.1042116E-009
010112001scpd1   209.000    28072001  0.2441972E+000  0.7843892E-001  0.1840350E-001  0.2742702E-001  0.4525457E-001  0.8685216E-002  0.0000000E+000  0.9526219E-001  0.0000000E+000  0.9279188E-009  0.3384193E+000  0.3919710E-002  0.2469459E-002  0.4988735E-002  0.0000000E+000  0.4959852E-002  0.0000000E+000  0.0000000E+000  0.1042116E-009
010112001scpd1   210.000    29072001  0.2571238E+000  0.7969208E-001  0.1862385E-001  0.3001548E-001  0.4952552E-001  0.9504895E-002  0.0000000E+000  0.1008146E+000  0.0000000E+000  0.7000965E-009  0.3574940E+000  0.4515545E-002  0.2585289E-002  0.5158912E-002  0.0000000E+000  0.4959941E-002  0.0000000E+000  0.0000000E+000  0.1042116E-009
010112001scpd1   211.000    30072001  0.2709886E+000  0.8111440E-001  0.1886616E-001  0.3286198E-001  0.5422223E-001  0.1040628E-001  0.0000000E+000  0.1068307E+000  0.0000000E+000  0.5048623E-009  0.3780690E+000  0.5209500E-002  0.2693053E-002  0.5467238E-002  0.0000000E+000  0.4959911E-002  0.0000000E+000  0.0000000E+000  0.1042116E-009
010112001scpd1   212.000    31072001  0.2857819E+000  0.8249407E-001  0.1908941E-001  0.3548461E-001  0.5854957E-001  0.1123678E-001  0.0000000E+000  0.1126178E+000  0.0000000E+000  0.3651707E-009  0.3993393E+000  0.5899499E-002  0.2858301E-002  0.5958775E-002  0.0000000E+000  0.4959881E-002  0.0000000E+000  0.0000000E+000  0.1042116E-009
010112001scpd1   213.000    01082001  0.3010985E+000  0.8377352E-001  0.1928365E-001  0.3776643E-001  0.6231458E-001  0.1195936E-001  0.0000000E+000  0.1171466E+000  0.0000000E+000  0.2668107E-009  0.4198658E+000  0.6580582E-002  0.3082442E-002  0.6519760E-002  0.0000000E+000  0.4959881E-002  0.0000000E+000  0.0000000E+000  0.1042116E-009
010112001scpd1   214.000    02082001  0.3170086E+000  0.8499199E-001  0.1945985E-001  0.3983631E-001  0.6572987E-001  0.1261482E-001  0.0000000E+000  0.1200892E+000  0.0000000E+000  0.1978741E-009  0.4393891E+000  0.7251082E-002  0.3353204E-002  0.6965531E-002  0.0000000E+000  0.4959852E-002  0.0000000E+000  0.0000000E+000  0.1042116E-009
010112001scpd1   215.000    03082001  0.3332483E+000  0.8613286E-001  0.1961925E-001  0.4170892E-001  0.6881968E-001  0.1320781E-001  0.0000000E+000  0.1223342E+000  0.0000000E+000  0.1496727E-009  0.4584839E+000  0.7861497E-002  0.3656209E-002  0.7376141E-002  0.0000000E+000  0.4960060E-002  0.0000000E+000  0.0000000E+000  0.1042116E-009
010112001scpd1   216.000    04082001  0.3491934E+000  0.8721463E-001  0.1976577E-001  0.4343016E-001  0.7165974E-001  0.1375288E-001  0.0000000E+000  0.1232841E+000  0.0000000E+000  0.1134693E-009  0.4760614E+000  0.8543941E-002  0.3970751E-002  0.7957624E-002  0.0000000E+000  0.4959971E-002  0.0000000E+000  0.0000000E+000  0.1042116E-009
010112001scpd1   217.000    05082001  0.3644030E+000  0.8818885E-001  0.1989251E-001  0.4491899E-001  0.7411629E-001  0.1422433E-001  0.0000000E+000  0.1245740E+000  0.0000000E+000  0.8551039E-010  0.4933715E+000  0.9354461E-002  0.4285914E-002  0.8558279E-002  0.0000000E+000  0.4960090E-002  0.0000000E+000  0.0000000E+000  0.1042116E-009
010112001scpd1   218.000    06082001  0.3797587E+000  0.8906524E-001  0.2000338E-001  0.4622134E-001  0.7626519E-001  0.1463675E-001  0.0000000E+000  0.1255666E+000  0.0000000E+000  0.6493761E-010  0.5104696E+000  0.1010441E-001  0.4626133E-002  0.9058629E-002  0.0000000E+000  0.4960179E-002  0.0000000E+000  0.0000000E+000  0.1042116E-009
010112001scpd1   219.000    07082001  0.3864644E+000  0.8939014E-001  0.2004328E-001  0.4746776E-001  0.7832179E-001  0.1507993E-001  0.0000000E+000  0.1335510E+000  0.0000000E+000  0.5112311E-010  0.5259739E+000  0.1091846E-001  0.4723770E-002  0.9001423E-002  0.0000000E+000  0.4960001E-002  0.0000000E+000  0.0000000E+000  0.1042116E-009
010112001scpd1   220.000    08082001  0.3864644E+000  0.8939014E-001  0.2004328E-001  0.4887154E-001  0.8063803E-001  0.1587798E-001  0.0000000E+000  0.1440726E+000  0.0000000E+000  0.4021629E-010  0.5376210E+000  0.1204376E-001  0.4569171E-002  0.8725149E-002  0.0000000E+000  0.4959822E-002  0.0000000E+000  0.0000000E+000  0.1042116E-009
010112001scpd1   221.000    09082001  0.3864643E+000  0.8939014E-001  0.2004328E-001  0.5006088E-001  0.8260044E-001  0.1687545E-001  0.0000000E+000  0.1512545E+000  0.0000000E+000  0.3283641E-010  0.5459222E+000  0.1316283E-001  0.4422539E-002  0.8170138E-002  0.0000000E+000  0.4959464E-002  0.0000000E+000  0.0000000E+000  0.1042116E-009
010112001scpd1   222.000    10082001  0.3864644E+000  0.8939014E-001  0.2004328E-001  0.5110012E-001  0.8431517E-001  0.1803107E-001  0.0000000E+000  0.1539754E+000  0.0000000E+000  0.2838785E-010  0.5497121E+000  0.1423201E-001  0.4287467E-002  0.7577482E-002  0.0000000E+000  0.4959643E-002  0.0000000E+000  0.0000000E+000  0.1042116E-009
010112001scpd1   223.000    11082001  0.3864644E+000  0.8939014E-001  0.2004328E-001  0.5228458E-001  0.8626951E-001  0.1968512E-001  0.0000000E+000  0.1535019E+000  0.0000000E+000  0.2416695E-010  0.5505067E+000  0.1549997E-001  0.4122638E-002  0.7246463E-002  0.0000000E+000  0.4959464E-002  0.0000000E+000  0.0000000E+000  0.1042116E-009
010112001scpd1   224.000    12082001  0.3864644E+000  0.8939014E-001  0.2004328E-001  0.5343192E-001  0.8816264E-001  0.2169724E-001  0.0000000E+000  0.1513802E+000  0.0000000E+000  0.2029777E-010  0.5494056E+000  0.1652057E-001  0.3946924E-002  0.7027458E-002  0.0000000E+000  0.4959524E-002  0.0000000E+000  0.0000000E+000  0.1042116E-009
010112001scpd1   225.000    13082001  0.3864644E+000  0.8939014E-001  0.2004328E-001  0.5442576E-001  0.8980249E-001  0.2387975E-001  0.0000000E+000  0.1475092E+000  0.0000000E+000  0.1713162E-010  0.5468095E+000  0.1779550E-001  0.3779857E-002  0.6800647E-002  0.0000000E+000  0.4959583E-002  0.0000000E+000  0.0000000E+000  0.1042116E-009
010112001scpd1   226.000    14082001  0.3864644E+000  0.8939014E-001  0.2004328E-001  0.5530244E-001  0.9124900E-001  0.2625705E-001  0.0000000E+000  0.1432198E+000  0.0000000E+000  0.1464088E-010  0.5433235E+000  0.1859864E-001  0.3618479E-002  0.6493266E-002  0.0000000E+000  0.4959345E-002  0.0000000E+000  0.0000000E+000  0.1042116E-009
010112001scpd1   227.000    15082001  0.3864644E+000  0.8939014E-001  0.2004328E-001  0.5617451E-001  0.9268792E-001  0.2907074E-001  0.0000000E+000  0.1382376E+000  0.0000000E+000  0.1270885E-010  0.5388835E+000  0.1914057E-001  0.3438764E-002  0.6119634E-002  0.0000000E+000  0.4958987E-002  0.0000000E+000  0.0000000E+000  0.1042116E-009
010112001scpd1   228.000    16082001  0.3864644E+000  0.8939014E-001  0.2004328E-001  0.5617451E-001  0.1049044E+000  0.2907074E-001  0.5214705E-002  0.1331571E+000  0.0000000E+000  0.1071625E-010  0.5343759E+000  0.1971361E-001  0.2841713E-002  0.5541979E-002  0.0000000E+000  0.4959106E-002  0.0000000E+000  0.0000000E+000  0.1042116E-009
010112001scpd1   229.000    17082001  0.3864644E+000  0.8939014E-001  0.2004328E-001  0.5617451E-001  0.1152665E+000  0.2907074E-001  0.1152549E-001  0.1279556E+000  0.0000000E+000  0.8819331E-011  0.5297691E+000  0.2030812E-001  0.2272495E-002  0.4918125E-002  0.0000000E+000  0.4959047E-002  0.0000000E+000  0.0000000E+000  0.1042116E-009
010112001scpd1   230.000    18082001  0.3864644E+000  0.8935118E-001  0.2004328E-001  0.5617451E-001  0.1202497E+000  0.2907074E-001  0.1827006E-001  0.1226838E+000  0.0000000E+000  0.7412643E-011  0.5253863E+000  0.2119737E-001  0.1856413E-002  0.4323049E-002  0.0000000E+000  0.4959226E-002  0.0000000E+000  0.0000000E+000  0.1042116E-009
010112001scpd1   231.000    19082001  0.3864643E+000  0.8905670E-001  0.2004328E-001  0.5617451E-001  0.1228071E+000  0.2907074E-001  0.2548577E-001  0.1171302E+000  0.0000000E+000  0.6230808E-011  0.5207390E+000  0.2210357E-001  0.1528853E-002  0.3806005E-002  0.0000000E+000  0.4959047E-002  0.0000000E+000  0.0000000E+000  0.1042116E-009
010112001scpd1   232.000    20082001  0.3864643E+000  0.8835508E-001  0.2004328E-001  0.5617451E-001  0.1229447E+000  0.2907074E-001  0.3401347E-001  0.1114715E+000  0.0000000E+000  0.5088731E-011  0.5159866E+000  0.2301012E-001  0.1253054E-002  0.3362754E-002  0.0000000E+000  0.4959345E-002  0.0000000E+000  0.0000000E+000  0.1042116E-009
010112001scpd1   233.000    21082001  0.3864644E+000  0.8734580E-001  0.2004328E-001  0.5617451E-001  0.1182126E+000  0.2907074E-001  0.4495863E-001  0.1056956E+000  0.0000000E+000  0.3862802E-011  0.5112847E+000  0.2408440E-001  0.1073221E-002  0.3021511E-002  0.0000000E+000  0.4959643E-002  0.0000000E+000  0.0000000E+000  0.1042116E-009
010112001scpd1   234.000    22082001  0.3864644E+000  0.8616074E-001  0.2004328E-001  0.5617451E-001  0.1113688E+000  0.2907074E-001  0.5635577E-001  0.1000583E+000  0.0000000E+000  0.2955036E-011  0.5066851E+000  0.2512229E-001  0.9504862E-003  0.2767603E-002  0.0000000E+000  0.4959822E-002  0.0000000E+000  0.0000000E+000  0.1042116E-009
010112001scpd1   235.000    23082001  0.3864644E+000  0.8486312E-001  0.2004328E-001  0.5617451E-001  0.1027837E+000  0.2907074E-001  0.6778426E-001  0.9457419E-001  0.0000000E+000  0.2337038E-011  0.5021607E+000  0.2608207E-001  0.8947156E-003  0.2535012E-002  0.0000000E+000  0.4959881E-002  0.0000000E+000  0.0000000E+000  0.1042116E-009
010112001scpd1   236.000    24082001  0.4560359E+000  0.8385056E-001  0.2004328E-001  0.5617451E-001  0.1243956E+000  0.2907074E-001  0.7827836E-001  0.2272725E-001  0.0000000E+000  0.1935282E-011  0.5005831E+000  0.2677974E-001  0.2239278E-002  0.3477124E-002  0.0000000E+000  0.4959762E-002  0.0000000E+000  0.0000000E+000  0.1042116E-009
010112001scpd1   237.000    25082001  0.4572469E+000  0.8331386E-001  0.2004328E-001  0.5617451E-001  0.1228716E+000  0.2907074E-001  0.8903661E-001  0.2125307E-001  0.0000000E+000  0.1584151E-011  0.5007861E+000  0.2724572E-001  0.1976105E-002  0.3390359E-002  0.0000000E+000  0.4959643E-002  0.0000000E+000  0.0000000E+000  0.1042116E-009
010112001scpd1   238.000    26082001  0.4576789E+000  0.8268785E-001  0.2004328E-001  0.5617451E-001  0.1159692E+000  0.2907074E-001  0.1001151E+000  0.2056982E-001  0.0000000E+000  0.1277474E-011  0.5009860E+000  0.2769686E-001  0.1866419E-002  0.3249727E-002  0.0000000E+000  0.4959524E-002  0.0000000E+000  0.0000000E+000  0.1042116E-009
010112001scpd1   239.000    27082001  0.4580486E+000  0.8197992E-001  0.2004328E-001  0.5617451E-001  0.1077342E+000  0.2907074E-001  0.1114200E+000  0.1977259E-001  0.0000000E+000  0.1030622E-011  0.5011627E+000  0.2830099E-001  0.1795732E-002  0.3110722E-002  0.0000000E+000  0.4959404E-002  0.0000000E+000  0.0000000E+000  0.1042116E-009
010112001scpd1   240.000    28082001  0.4583951E+000  0.8120237E-001  0.2004328E-001  0.5617451E-001  0.1002337E+000  0.2907074E-001  0.1228583E+000  0.1891652E-001  0.0000000E+000  0.8305247E-012  0.5013083E+000  0.2895622E-001  0.1703168E-002  0.2986943E-002  0.0000000E+000  0.4959524E-002  0.0000000E+000  0.0000000E+000  0.1042116E-009
010112001scpd1   241.000    29082001  0.4587626E+000  0.8038526E-001  0.2004328E-001  0.5617451E-001  0.9153038E-001  0.2907074E-001  0.1355006E+000  0.1795190E-001  0.0000000E+000  0.6441992E-012  0.5014507E+000  0.2969580E-001  0.1608472E-002  0.2861456E-002  0.0000000E+000  0.4959643E-002  0.0000000E+000  0.0000000E+000  0.1042116E-009
010112001scpd1   242.000    30082001  0.4590099E+000  0.7957299E-001  0.2004328E-001  0.5617451E-001  0.8393656E-001  0.2907074E-001  0.1460060E+000  0.1736552E-001  0.0000000E+000  0.5325831E-012  0.5015544E+000  0.3013945E-001  0.1536329E-002  0.2735813E-002  0.0000000E+000  0.4960418E-002  0.0000000E+000  0.0000000E+000  0.1042116E-009
010112001scpd1   243.000    31082001  0.4592302E+000  0.7873321E-001  0.2004328E-001  0.5617451E-001  0.7655942E-001  0.2907074E-001  0.1562766E+000  0.1674666E-001  0.0000000E+000  0.4459427E-012  0.5016316E+000  0.3061560E-001  0.1474687E-002  0.2615873E-002  0.0000000E+000  0.4960895E-002  0.0000000E+000  0.0000000E+000  0.1042116E-009
010112001scpd1   244.000    01092001  0.4594442E+000  0.7787135E-001  0.2004328E-001  0.5617451E-001  0.6975561E-001  0.2907074E-001  0.1666943E+000  0.1612455E-001  0.0000000E+000  0.3722474E-012  0.5017008E+000  0.3109343E-001  0.1388067E-002  0.2506560E-002  0.0000000E+000  0.4961431E-002  0.0000000E+000  0.0000000E+000  0.1042116E-009
010112001scpd1   245.000    02092001  0.4596658E+000  0.7697173E-001  0.2003660E-001  0.5617451E-001  0.6207007E-001  0.2907074E-001  0.1783461E+000  0.1543136E-001  0.0000000E+000  0.2984888E-012  0.5017697E+000  0.3163426E-001  0.1291173E-002  0.2393557E-002  0.0000000E+000  0.4961729E-002  0.0000000E+000  0.0000000E+000  0.6709473E-005
010112001scpd1   246.000    03092001  0.4597354E+000  0.7552881E-001  0.1986508E-001  0.5617451E-001  0.5448879E-001  0.2907074E-001  0.1905144E+000  0.1471054E-001  0.0000000E+000  0.2360214E-012  0.5018343E+000  0.3235019E-001  0.1200305E-002  0.2281306E-002  0.0000000E+000  0.4961848E-002  0.0000000E+000  0.0000000E+000  0.1677508E-003
010112001scpd1   247.000    04092001  0.4596717E+000  0.7373810E-001  0.1956715E-001  0.5617451E-001  0.5186600E-001  0.2907074E-001  0.1971462E+000  0.1405555E-001  0.0000000E+000  0.1892577E-012  0.5018898E+000  0.3312469E-001  0.1143437E-002  0.2198895E-002  0.0000000E+000  0.4962146E-002  0.0000000E+000  0.0000000E+000  0.4381620E-003
010112001scpd1   248.000    05092001  0.4595910E+000  0.7204217E-001  0.1927846E-001  0.5617451E-001  0.5366053E-001  0.2907074E-001  0.1971462E+000  0.1349604E-001  0.0000000E+000  0.1510470E-012  0.5019386E+000  0.3381404E-001  0.1163179E-002  0.2162797E-002  0.0000000E+000  0.4962444E-002  0.0000000E+000  0.0000000E+000  0.6969639E-003
010112001scpd1   249.000    06092001  0.4594814E+000  0.7034050E-001  0.1897595E-001  0.5617451E-001  0.5543374E-001  0.2907074E-001  0.1971462E+000  0.1299686E-001  0.0000000E+000  0.1204009E-012  0.5019830E+000  0.3446696E-001  0.1184119E-002  0.2133450E-002  0.0000000E+000  0.4962265E-002  0.0000000E+000  0.0000000E+000  0.9661682E-003
010112001scpd1   250.000    07092001  0.4594320E+000  0.6907644E-001  0.1879030E-001  0.5617451E-001  0.5729904E-001  0.2907074E-001  0.1971462E+000  0.1265283E-001  0.0000000E+000  0.1027822E-012  0.5020167E+000  0.3489362E-001  0.1177212E-002  0.2122208E-002  0.0000000E+000  0.4961848E-002  0.0000000E+000  0.0000000E+000  0.1130922E-002
010112001scpd1   251.000    08092001  0.4592625E+000  0.6751592E-001  0.1850173E-001  0.5617451E-001  0.5897495E-001  0.2907074E-001  0.1971462E+000  0.1239040E-001  0.0000000E+000  0.9093053E-013  0.5020410E+000  0.3534962E-001  0.1194227E-002  0.2104804E-002  0.0000000E+000  0.4961550E-002  0.0000000E+000  0.0000000E+000  0.1385670E-002
010112001scpd1   252.000    09092001  0.4589429E+000  0.6545644E-001  0.1805425E-001  0.5617451E-001  0.6080846E-001  0.2907074E-001  0.1971462E+000  0.1215540E-001  0.0000000E+000  0.8028422E-013  0.5020608E+000  0.3592388E-001  0.1236367E-002  0.2083462E-002  0.0000000E+000  0.4961431E-002  0.0000000E+000  0.0000000E+000  0.1779055E-002
010112001scpd1   253.000    10092001  0.4583681E+000  0.6241895E-001  0.1730260E-001  0.5617451E-001  0.6338651E-001  0.2907074E-001  0.1971462E+000  0.1187611E-001  0.0000000E+000  0.6838279E-013  0.5020828E+000  0.3679977E-001  0.1313171E-002  0.2066486E-002  0.0000000E+000  0.4961133E-002  0.0000000E+000  0.0000000E+000  0.2438758E-002
010112001scpd1   254.000    11092001  0.4579594E+000  0.5999674E-001  0.1671922E-001  0.5617451E-001  0.6602231E-001  0.2907074E-001  0.1971462E+000  0.1151279E-001  0.0000000E+000  0.5656595E-013  0.5021062E+000  0.3759468E-001  0.1359112E-002  0.2048688E-002  0.0000000E+000  0.4960656E-002  0.0000000E+000  0.0000000E+000  0.2951795E-002
010112001scpd1   255.000    12092001  0.4580657E+000  0.5953248E-001  0.1671922E-001  0.5617451E-001  0.6710253E-001  0.2907074E-001  0.1971462E+000  0.1114200E-001  0.0000000E+000  0.4585389E-013  0.5021296E+000  0.3788216E-001  0.1337203E-002  0.2034756E-002  0.0000000E+000  0.4960358E-002  0.0000000E+000  0.0000000E+000  0.2951795E-002
010112001scpd1   256.000    13092001  0.4581574E+000  0.5909988E-001  0.1671922E-001  0.5617451E-001  0.6808121E-001  0.2907074E-001  0.1971462E+000  0.1082863E-001  0.0000000E+000  0.3937066E-013  0.5021498E+000  0.3812390E-001  0.1317921E-002  0.2027179E-002  0.0000000E+000  0.4960120E-002  0.0000000E+000  0.0000000E+000  0.2951795E-002
010112001scpd1   257.000    14092001  0.4581959E+000  0.5861413E-001  0.1668562E-001  0.5617451E-001  0.6903531E-001  0.2907074E-001  0.1971462E+000  0.1060527E-001  0.0000000E+000  0.3548237E-013  0.5021665E+000  0.3832502E-001  0.1303266E-002  0.2025515E-002  0.0000000E+000  0.4959762E-002  0.0000000E+000  0.0000000E+000  0.2981053E-002
010112001scpd1   258.000    15092001  0.4581439E+000  0.5791890E-001  0.1656681E-001  0.5617451E-001  0.6998865E-001  0.2907074E-001  0.1971462E+000  0.1043868E-001  0.0000000E+000  0.3253482E-013  0.5021799E+000  0.3855697E-001  0.1303534E-002  0.2024738E-002  0.0000000E+000  0.4959643E-002  0.0000000E+000  0.0000000E+000  0.3084666E-002
010112001scpd1   259.000    16092001  0.4579906E+000  0.5693739E-001  0.1634045E-001  0.5617451E-001  0.7106267E-001  0.2907074E-001  0.1971462E+000  0.1028489E-001  0.0000000E+000  0.2959117E-013  0.5021892E+000  0.3887330E-001  0.1319190E-002  0.2024547E-002  0.0000000E+000  0.4959583E-002  0.0000000E+000  0.0000000E+000  0.3282468E-002
010112001scpd1   260.000    17092001  0.4576759E+000  0.5540463E-001  0.1592262E-001  0.5617451E-001  0.7256761E-001  0.2907074E-001  0.1971462E+000  0.1010495E-001  0.0000000E+000  0.2609673E-013  0.5022001E+000  0.3937852E-001  0.1358114E-002  0.2025659E-002  0.0000000E+000  0.4959226E-002  0.0000000E+000  0.0000000E+000  0.3648900E-002
010112001scpd1   261.000    18092001  0.4573450E+000  0.5390265E-001  0.1549329E-001  0.5617451E-001  0.7422809E-001  0.2907074E-001  0.1971462E+000  0.9945226E-002  0.0000000E+000  0.2360465E-013  0.5022106E+000  0.3987931E-001  0.1391378E-002  0.2031094E-002  0.0000000E+000  0.4958928E-002  0.0000000E+000  0.0000000E+000  0.4026983E-002
010112001scpd1   262.000    19092001  0.4568573E+000  0.5183509E-001  0.1488696E-001  0.5617451E-001  0.7634761E-001  0.2907074E-001  0.1971462E+000  0.9773867E-002  0.0000000E+000  0.2055554E-013  0.5022209E+000  0.4054858E-001  0.1449071E-002  0.2037502E-002  0.0000000E+000  0.4958808E-002  0.0000000E+000  0.0000000E+000  0.4564005E-002
010112001scpd1   263.000    20092001  0.4562755E+000  0.4942903E-001  0.1416809E-001  0.5617451E-001  0.7893350E-001  0.2907074E-001  0.1971462E+000  0.9585439E-002  0.0000000E+000  0.1736630E-013  0.5022377E+000  0.4133520E-001  0.1518351E-002  0.2045052E-002  0.0000000E+000  0.4958391E-002  0.0000000E+000  0.0000000E+000  0.5205064E-002
010112001scpd1   264.000    21092001  0.4557458E+000  0.4722302E-001  0.1351075E-001  0.5617451E-001  0.8150631E-001  0.2907074E-001  0.1971462E+000  0.9388934E-002  0.0000000E+000  0.1481160E-013  0.5022540E+000  0.4207768E-001  0.1577231E-002  0.2053866E-002  0.0000000E+000  0.4958332E-002  0.0000000E+000  0.0000000E+000  0.5795776E-002
010112001scpd1   265.000    22092001  0.4551907E+000  0.4497316E-001  0.1283559E-001  0.5617451E-001  0.8416484E-001  0.2907074E-001  0.1971462E+000  0.9198789E-002  0.0000000E+000  0.1249813E-013  0.5022666E+000  0.4283539E-001  0.1639649E-002  0.2064047E-002  0.0000000E+000  0.4958332E-002  0.0000000E+000  0.0000000E+000  0.6407117E-002
010112001scpd1   266.000    23092001  0.4549306E+000  0.4387099E-001  0.1250409E-001  0.5617451E-001  0.8611693E-001  0.2907074E-001  0.1971462E+000  0.9056801E-002  0.0000000E+000  0.1151343E-013  0.5022747E+000  0.4324554E-001  0.1643386E-002  0.2071311E-002  0.0000000E+000  0.4958212E-002  0.0000000E+000  0.0000000E+000  0.6709042E-002
010112001scpd1   267.000    24092001  0.4547220E+000  0.4299053E-001  0.1223927E-001  0.5617451E-001  0.8755437E-001  0.2907074E-001  0.1971462E+000  0.8942887E-002  0.0000000E+000  0.1080232E-013  0.5022815E+000  0.4357488E-001  0.1649117E-002  0.2079336E-002  0.0000000E+000  0.4958332E-002  0.0000000E+000  0.0000000E+000  0.6950723E-002
010112001scpd1   268.000    25092001  0.4544817E+000  0.4198754E-001  0.1193810E-001  0.5617451E-001  0.8895565E-001  0.2907074E-001  0.1971462E+000  0.8820931E-002  0.0000000E+000  0.1001657E-013  0.5022895E+000  0.4394508E-001  0.1669407E-002  0.2085958E-002  0.0000000E+000  0.4958212E-002  0.0000000E+000  0.0000000E+000  0.7226611E-002
010112001scpd1   269.000    26092001  0.4541526E+000  0.4063143E-001  0.1153246E-001  0.5617451E-001  0.9061719E-001  0.2907074E-001  0.1971462E+000  0.8662937E-002  0.0000000E+000  0.9007031E-014  0.5022988E+000  0.4444147E-001  0.1711823E-002  0.2092182E-002  0.0000000E+000  0.4958153E-002  0.0000000E+000  0.0000000E+000  0.7600559E-002
010112001scpd1   270.000    27092001  0.4536992E+000  0.3880111E-001  0.1098623E-001  0.5617451E-001  0.9275393E-001  0.2907074E-001  0.1971462E+000  0.8474945E-002  0.0000000E+000  0.7763966E-014  0.5023098E+000  0.4509363E-001  0.1779423E-002  0.2098953E-002  0.0000000E+000  0.4957914E-002  0.0000000E+000  0.0000000E+000  0.8107346E-002
010112001scpd1   271.000    28092001  0.4532685E+000  0.3704872E-001  0.1046693E-001  0.5617451E-001  0.9504194E-001  0.2907074E-001  0.1971462E+000  0.8274962E-002  0.0000000E+000  0.6709966E-014  0.5023207E+000  0.4573517E-001  0.1836554E-002  0.2105674E-002  0.0000000E+000  0.4957914E-002  0.0000000E+000  0.0000000E+000  0.8594016E-002
010112001scpd1   272.000    29092001  0.4529338E+000  0.3565815E-001  0.1005667E-001  0.5617451E-001  0.9708742E-001  0.2907074E-001  0.1971462E+000  0.8092037E-002  0.0000000E+000  0.5968324E-014  0.5023314E+000  0.4626334E-001  0.1870497E-002  0.2113126E-002  0.0000000E+000  0.4957795E-002  0.0000000E+000  0.0000000E+000  0.8981207E-002
010112001scpd1   273.000    30092001  0.4525175E+000  0.3398012E-001  0.9564630E-002  0.5617451E-001  0.9931086E-001  0.2907074E-001  0.1971462E+000  0.7907938E-002  0.0000000E+000  0.5165237E-014  0.5023422E+000  0.4687445E-001  0.1929844E-002  0.2121014E-002  0.0000000E+000  0.4957676E-002  0.0000000E+000  0.0000000E+000  0.9449746E-002
010112001scpd1   274.000    01102001  0.4519756E+000  0.3184339E-001  0.8940489E-002  0.5617451E-001  0.1020496E+000  0.2907074E-001  0.1971462E+000  0.7701932E-002  0.0000000E+000  0.4281391E-014  0.5023530E+000  0.4763335E-001  0.2021758E-002  0.2128543E-002  0.0000000E+000  0.4957795E-002  0.0000000E+000  0.0000000E+000  0.1004907E-001
010112001scpd1   275.000    02102001  0.4513820E+000  0.2951112E-001  0.8266581E-002  0.5617451E-001  0.1051449E+000  0.2907074E-001  0.1971462E+000  0.7478471E-002  0.0000000E+000  0.3476814E-014  0.5023647E+000  0.4846202E-001  0.2126673E-002  0.2137014E-002  0.0000000E+000  0.4957795E-002  0.0000000E+000  0.0000000E+000  0.1070551E-001
010112001scpd1   276.000    03102001  0.4510879E+000  0.2829024E-001  0.7915990E-002  0.5617451E-001  0.1075187E+000  0.2907074E-001  0.1971462E+000  0.7304914E-002  0.0000000E+000  0.3099999E-014  0.5023758E+000  0.4894060E-001  0.2127150E-002  0.2145199E-002  0.0000000E+000  0.4957557E-002  0.0000000E+000  0.0000000E+000  0.1104969E-001
010112001scpd1   277.000    04102001  0.4509627E+000  0.2773478E-001  0.7756475E-002  0.5617451E-001  0.1090130E+000  0.2907074E-001  0.1971462E+000  0.7203673E-002  0.0000000E+000  0.2959340E-014  0.5023830E+000  0.4917423E-001  0.2091722E-002  0.2154122E-002  0.0000000E+000  0.4957557E-002  0.0000000E+000  0.0000000E+000  0.1120644E-001
010112001scpd1   278.000    05102001  0.4508229E+000  0.2715708E-001  0.7590579E-002  0.5617451E-001  0.1102454E+000  0.2907074E-001  0.1971462E+000  0.7123663E-002  0.0000000E+000  0.2812630E-014  0.5023878E+000  0.4939887E-001  0.2083074E-002  0.2160151E-002  0.0000000E+000  0.4957616E-002  0.0000000E+000  0.0000000E+000  0.1136963E-001
010112001scpd1   279.000    06102001  0.4506395E+000  0.2642863E-001  0.7381514E-002  0.5617451E-001  0.1114155E+000  0.2907074E-001  0.1971462E+000  0.7047386E-002  0.0000000E+000  0.2626524E-014  0.5023933E+000  0.4966381E-001  0.2100931E-002  0.2165746E-002  0.0000000E+000  0.4957438E-002  0.0000000E+000  0.0000000E+000  0.1157571E-001
010112001scpd1   280.000    07102001  0.4503462E+000  0.2528444E-001  0.7055693E-002  0.5617451E-001  0.1129382E+000  0.2907074E-001  0.1971462E+000  0.6938429E-002  0.0000000E+000  0.2349677E-014  0.5023996E+000  0.5007242E-001  0.2160057E-002  0.2170617E-002  0.0000000E+000  0.4957438E-002  0.0000000E+000  0.0000000E+000  0.1189972E-001
010112001scpd1   281.000    08102001  0.4499973E+000  0.2392307E-001  0.6669973E-002  0.5617451E-001  0.1148265E+000  0.2907074E-001  0.1971462E+000  0.6807186E-002  0.0000000E+000  0.2048362E-014  0.5024076E+000  0.5056050E-001  0.2233092E-002  0.2174811E-002  0.0000000E+000  0.4957318E-002  0.0000000E+000  0.0000000E+000  0.1228609E-001
010112001scpd1   282.000    09102001  0.4496645E+000  0.2263615E-001  0.6305350E-002  0.5617451E-001  0.1167757E+000  0.2907074E-001  0.1971462E+000  0.6693915E-002  0.0000000E+000  0.1792633E-014  0.5024148E+000  0.5101348E-001  0.2294142E-002  0.2180146E-002  0.0000000E+000  0.4957199E-002  0.0000000E+000  0.0000000E+000  0.1265246E-001
010112001scpd1   283.000    10102001  0.4494299E+000  0.2171340E-001  0.6044118E-002  0.5617451E-001  0.1185296E+000  0.2907074E-001  0.1971462E+000  0.6596900E-002  0.0000000E+000  0.1631572E-014  0.5024207E+000  0.5135093E-001  0.2307740E-002  0.2183809E-002  0.0000000E+000  0.4956961E-002  0.0000000E+000  0.0000000E+000  0.1291572E-001
010112001scpd1   284.000    11102001  0.4491979E+000  0.2081241E-001  0.5791783E-002  0.5617451E-001  0.1201010E+000  0.2907074E-001  0.1971462E+000  0.6512800E-002  0.0000000E+000  0.1487957E-014  0.5024263E+000  0.5167243E-001  0.2331833E-002  0.2189546E-002  0.0000000E+000  0.4956841E-002  0.0000000E+000  0.0000000E+000  0.1317267E-001
010112001scpd1   285.000    12102001  0.4490401E+000  0.2018683E-001  0.5616656E-002  0.5617451E-001  0.1213711E+000  0.2907074E-001  0.1971462E+000  0.6442647E-002  0.0000000E+000  0.1398178E-014  0.5024309E+000  0.5190476E-001  0.2327792E-002  0.2195342E-002  0.0000000E+000  0.4956543E-002  0.0000000E+000  0.0000000E+000  0.1335125E-001
010112001scpd1   286.000    13102001  0.4488685E+000  0.1951601E-001  0.5428866E-002  0.5617451E-001  0.1226020E+000  0.2907074E-001  0.1971462E+000  0.6373018E-002  0.0000000E+000  0.1306322E-014  0.5024350E+000  0.5214994E-001  0.2342146E-002  0.2199529E-002  0.0000000E+000  0.4956424E-002  0.0000000E+000  0.0000000E+000  0.1354301E-001
010112001scpd1   287.000    14102001  0.4487092E+000  0.1889226E-001  0.5254256E-002  0.5617451E-001  0.1237576E+000  0.2907074E-001  0.1971462E+000  0.6307153E-002  0.0000000E+000  0.1225880E-014  0.5024391E+000  0.5237906E-001  0.2354356E-002  0.2203150E-002  0.0000000E+000  0.4956365E-002  0.0000000E+000  0.0000000E+000  0.1372156E-001
010112001scpd1   288.000    15102001  0.4486140E+000  0.1850214E-001  0.5145042E-002  0.5617451E-001  0.1246430E+000  0.2907074E-001  0.1971462E+000  0.6252204E-002  0.0000000E+000  0.1181168E-014  0.5024425E+000  0.5253286E-001  0.2342094E-002  0.2207120E-002  0.0000000E+000  0.4956543E-002  0.0000000E+000  0.0000000E+000  0.1383330E-001
010112001scpd1   289.000    16102001  0.4485163E+000  0.1810557E-001  0.5034025E-002  0.5617451E-001  0.1254126E+000  0.2907074E-001  0.1971462E+000  0.6197035E-002  0.0000000E+000  0.1134549E-014  0.5024462E+000  0.5268916E-001  0.2344798E-002  0.2210862E-002  0.0000000E+000  0.4956305E-002  0.0000000E+000  0.0000000E+000  0.1394698E-001
010112001scpd1   290.000    17102001  0.4483053E+000  0.1729826E-001  0.4808032E-002  0.5617451E-001  0.1265092E+000  0.2907074E-001  0.1971462E+000  0.6123233E-002  0.0000000E+000  0.1038239E-014  0.5024506E+000  0.5297829E-001  0.2411720E-002  0.2213926E-002  0.0000000E+000  0.4956245E-002  0.0000000E+000  0.0000000E+000  0.1417890E-001
010112001scpd1   291.000    18102001  0.4481471E+000  0.1666718E-001  0.4631465E-002  0.5617451E-001  0.1276571E+000  0.2907074E-001  0.1971462E+000  0.6044044E-002  0.0000000E+000  0.9706074E-015  0.5024559E+000  0.5322078E-001  0.2436255E-002  0.2214839E-002  0.0000000E+000  0.4955947E-002  0.0000000E+000  0.0000000E+000  0.1436045E-001
010112001scpd1   292.000    19102001  0.4479927E+000  0.1605671E-001  0.4460775E-002  0.5617451E-001  0.1287190E+000  0.2907074E-001  0.1971462E+000  0.5971849E-002  0.0000000E+000  0.9075778E-015  0.5024610E+000  0.5345235E-001  0.2463188E-002  0.2218358E-002  0.0000000E+000  0.4955947E-002  0.0000000E+000  0.0000000E+000  0.1453630E-001
010112001scpd1   293.000    20102001  0.4477900E+000  0.1527206E-001  0.4241386E-002  0.5617451E-001  0.1299735E+000  0.2907074E-001  0.1971462E+000  0.5890790E-002  0.0000000E+000  0.8303386E-015  0.5024663E+000  0.5374155E-001  0.2516911E-002  0.2220806E-002  0.0000000E+000  0.4956007E-002  0.0000000E+000  0.0000000E+000  0.1476279E-001
010112001scpd1   294.000    21102001  0.4475752E+000  0.1444339E-001  0.4009785E-002  0.5617451E-001  0.1313552E+000  0.2907074E-001  0.1971462E+000  0.5805430E-002  0.0000000E+000  0.7551165E-015  0.5024720E+000  0.5404716E-001  0.2571461E-002  0.2223261E-002  0.0000000E+000  0.4955828E-002  0.0000000E+000  0.0000000E+000  0.1500244E-001
010112001scpd1   295.000    22102001  0.4474327E+000  0.1388185E-001  0.3853286E-002  0.5617451E-001  0.1325052E+000  0.2907074E-001  0.1971462E+000  0.5739480E-002  0.0000000E+000  0.7093161E-015  0.5024764E+000  0.5425998E-001  0.2572586E-002  0.2228029E-002  0.0000000E+000  0.4955709E-002  0.0000000E+000  0.0000000E+000  0.1516486E-001
010112001scpd1   296.000    23102001  0.4471969E+000  0.1300175E-001  0.3608364E-002  0.5617451E-001  0.1338994E+000  0.2907074E-001  0.1971462E+000  0.5672564E-002  0.0000000E+000  0.6387208E-015  0.5024801E+000  0.5456645E-001  0.2652798E-002  0.2230861E-002  0.0000000E+000  0.4955769E-002  0.0000000E+000  0.0000000E+000  0.1541998E-001
010112001scpd1   297.000    24102001  0.4470856E+000  0.1255887E-001  0.3485154E-002  0.5617451E-001  0.1350231E+000  0.2907074E-001  0.1971462E+000  0.5616315E-002  0.0000000E+000  0.6084367E-015  0.5024841E+000  0.5473780E-001  0.2622363E-002  0.2232978E-002  0.0000000E+000  0.4955649E-002  0.0000000E+000  0.0000000E+000  0.1554845E-001
010112001scpd1   298.000    25102001  0.4470092E+000  0.1224886E-001  0.3398909E-002  0.5617451E-001  0.1358349E+000  0.2907074E-001  0.1971462E+000  0.5570536E-002  0.0000000E+000  0.5889919E-015  0.5024871E+000  0.5486291E-001  0.2592389E-002  0.2237971E-002  0.0000000E+000  0.4955590E-002  0.0000000E+000  0.0000000E+000  0.1563838E-001
010112001scpd1   299.000    26102001  0.4469567E+000  0.1202342E-001  0.3336191E-002  0.5617451E-001  0.1364536E+000  0.2907074E-001  0.1971462E+000  0.5527112E-002  0.0000000E+000  0.5752032E-015  0.5024898E+000  0.5496169E-001  0.2565110E-002  0.2241866E-002  0.0000000E+000  0.4955649E-002  0.0000000E+000  0.0000000E+000  0.1570378E-001
010112001scpd1   300.000    27102001  0.4468693E+000  0.1167938E-001  0.3240478E-002  0.5617451E-001  0.1370697E+000  0.2907074E-001  0.1971462E+000  0.5485094E-002  0.0000000E+000  0.5531598E-015  0.5024929E+000  0.5509405E-001  0.2582176E-002  0.2245465E-002  0.0000000E+000  0.4955530E-002  0.0000000E+000  0.0000000E+000  0.1580366E-001
010112001scpd1   301.000    28102001  0.4466284E+000  0.1078735E-001  0.2992311E-002  0.5617451E-001  0.1382829E+000  0.2907074E-001  0.1971462E+000  0.5419513E-002  0.0000000E+000  0.4952930E-015  0.5024972E+000  0.5540479E-001  0.2726212E-002  0.2244125E-002  0.0000000E+000  0.4955530E-002  0.0000000E+000  0.0000000E+000  0.1606351E-001
010112001scpd1   302.000    29102001  0.4465128E+000  0.1032901E-001  0.2864799E-002  0.5617451E-001  0.1392955E+000  0.2907074E-001  0.1971462E+000  0.5360732E-002  0.0000000E+000  0.4697828E-015  0.5025016E+000  0.5558350E-001  0.2721520E-002  0.2245431E-002  0.0000000E+000  0.4955471E-002  0.0000000E+000  0.0000000E+000  0.1619711E-001
010112001scpd1   303.000    30102001  0.0000000E+000  0.0000000E+000  0.0000000E+000  0.0000000E+000  0.0000000E+000  0.0000000E+000  0.0000000E+000  0.0000000E+000  0.0000000E+000  0.0000000E+000  0.5025038E+000  0.3201700E+000  0.1000000E+001  0.0000000E+000  0.1872889E+000  0.4955143E-002  0.0000000E+000  0.0000000E+000  0.2754282E+000
