    DOY     DATE    SHOOT_N         LEAF_N          SHTH_N          STALK_N         RESERVE_N       HUSK_N          GRAIN_N         ROOT_N          NDL_N           STORED_N        UPTK_N          LITTER_N        TL_N_FIXED      [SOL_N]         N_STRESS        [SOL_P]         P_STRESS        NH3_FLUX        HVST_N          N_BALANCE       STG_DEAD_N      FIRE_N          SF_LIT_N        
010112001scnd1   134.000    14052001  0.5810484E-002  0.1244171E-006  0.9161686E-007  0.0000000E+000  0.0000000E+000  0.0000000E+000  0.0000000E+000  0.6170039E-002  0.0000000E+000  0.3847200E-001  0.8600093E-003  0.7467326E-005  0.0000000E+000  0.1000000E+001  0.3491863E-001  0.1000000E+001  0.3492796E-002  0.0000000E+000  0.0000000E+000  0.4959998E-001  0.0000000E+000  0.0000000E+000  0.1042116E-008
010112001scnd1   135.000    15052001  0.1008320E-001  0.1047537E-002  0.2105245E-003  0.0000000E+000  0.0000000E+000  0.0000000E+000  0.0000000E+000  0.9399399E-002  0.0000000E+000  0.3248299E-001  0.2373057E-002  0.7560246E-005  0.0000000E+000  0.3359627E+000  0.3541480E-001  0.3368188E-001  0.3550043E-002  0.1404901E-006  0.0000000E+000  0.4959996E-001  0.0000000E+000  0.0000000E+000  0.1042116E-008
010112001scnd1   136.000    16052001  0.1511566E-001  0.2805604E-002  0.5626382E-003  0.0000000E+000  0.0000000E+000  0.0000000E+000  0.0000000E+000  0.1193157E-001  0.0000000E+000  0.2665221E-001  0.4106351E-002  0.7665317E-005  0.0000000E+000  0.1563629E+000  0.3814223E-001  0.1574381E-001  0.3836226E-002  0.7939220E-006  0.0000000E+000  0.4959998E-001  0.0000000E+000  0.0000000E+000  0.1042116E-008
010112001scnd1   137.000    17052001  0.2040190E-001  0.5119813E-002  0.1021231E-002  0.0000000E+000  0.0000000E+000  0.0000000E+000  0.0000000E+000  0.1378560E-001  0.0000000E+000  0.2160201E-001  0.6194876E-002  0.7741500E-005  0.0000000E+000  0.1020987E+000  0.4028272E-001  0.1035519E-001  0.4071487E-002  0.2433735E-005  0.0000000E+000  0.4959998E-001  0.0000000E+000  0.0000000E+000  0.1042116E-008
010112001scnd1   138.000    18052001  0.2541794E-001  0.7506750E-002  0.1491733E-002  0.0000000E+000  0.0000000E+000  0.0000000E+000  0.0000000E+000  0.1448524E-001  0.0000000E+000  0.1792491E-001  0.8230978E-002  0.7800652E-005  0.0000000E+000  0.7959105E-001  0.4167447E-001  0.8141498E-002  0.4234012E-002  0.4960427E-005  0.0000000E+000  0.4960000E-001  0.0000000E+000  0.0000000E+000  0.1042116E-008
010112001scnd1   139.000    19052001  0.3025319E-001  0.1005334E-001  0.1991667E-002  0.0000000E+000  0.0000000E+000  0.0000000E+000  0.0000000E+000  0.1454272E-001  0.0000000E+000  0.1495952E-001  0.1015525E-001  0.7828717E-005  0.0000000E+000  0.6592741E-001  0.4283009E-001  0.6806575E-002  0.4373536E-002  0.8049636E-005  0.0000000E+000  0.4960002E-001  0.0000000E+000  0.0000000E+000  0.1042116E-008
010112001scnd1   140.000    20052001  0.3445005E-001  0.1198167E-001  0.2370598E-002  0.0000000E+000  0.0000000E+000  0.0000000E+000  0.0000000E+000  0.1403684E-001  0.0000000E+000  0.1330757E-001  0.1218935E-001  0.7875738E-005  0.0000000E+000  0.6065827E-001  0.4330940E-001  0.6326718E-002  0.4448811E-002  0.1303005E-004  0.0000000E+000  0.4960002E-001  0.0000000E+000  0.0000000E+000  0.1042116E-008
010112001scnd1   141.000    21052001  0.3809040E-001  0.1357400E-001  0.2683697E-002  0.0000000E+000  0.0000000E+000  0.0000000E+000  0.0000000E+000  0.1318384E-001  0.0000000E+000  0.1221459E-001  0.1387876E-001  0.7902478E-005  0.0000000E+000  0.5808982E-001  0.4415805E-001  0.6139501E-002  0.4572293E-002  0.1803680E-004  0.0000000E+000  0.4960001E-001  0.0000000E+000  0.0000000E+000  0.1042116E-008
010112001scnd1   142.000    22052001  0.4142382E-001  0.1554148E-001  0.3070181E-002  0.0000000E+000  0.0000000E+000  0.0000000E+000  0.0000000E+000  0.1293890E-001  0.0000000E+000  0.1100695E-001  0.1575357E-001  0.7928411E-005  0.0000000E+000  0.5310063E-001  0.4351302E-001  0.5715050E-002  0.4550570E-002  0.2408039E-004  0.0000000E+000  0.4960002E-001  0.0000000E+000  0.0000000E+000  0.1042116E-008
010112001scnd1   143.000    23052001  0.4434320E-001  0.1715749E-001  0.3392040E-002  0.0000000E+000  0.0000000E+000  0.0000000E+000  0.0000000E+000  0.1285021E-001  0.0000000E+000  0.1017027E-001  0.1774154E-001  0.7946449E-005  0.0000000E+000  0.5009622E-001  0.4358918E-001  0.5486215E-002  0.4601161E-002  0.3013322E-004  0.0000000E+000  0.4960004E-001  0.0000000E+000  0.0000000E+000  0.1042116E-008
010112001scnd1   144.000    24052001  0.4697555E-001  0.1877054E-001  0.3714599E-002  0.0000000E+000  0.0000000E+000  0.0000000E+000  0.0000000E+000  0.1288148E-001  0.0000000E+000  0.9431399E-002  0.1966027E-001  0.7954268E-005  0.0000000E+000  0.4719506E-001  0.4354781E-001  0.5237192E-002  0.4626189E-002  0.3617572E-004  0.0000000E+000  0.4960005E-001  0.0000000E+000  0.0000000E+000  0.1042116E-008
010112001scnd1   145.000    25052001  0.4973827E-001  0.2114255E-001  0.4192605E-002  0.0000000E+000  0.0000000E+000  0.0000000E+000  0.0000000E+000  0.1344592E-001  0.0000000E+000  0.8385364E-002  0.2193336E-001  0.7967168E-005  0.0000000E+000  0.4175135E-001  0.4165072E-001  0.4689205E-002  0.4440391E-002  0.4423715E-004  0.0000000E+000  0.4960003E-001  0.0000000E+000  0.0000000E+000  0.1042116E-008
010112001scnd1   146.000    26052001  0.5300982E-001  0.2387624E-001  0.4761725E-002  0.0000000E+000  0.0000000E+000  0.0000000E+000  0.0000000E+000  0.1498919E-001  0.0000000E+000  0.7250698E-002  0.2560479E-001  0.8104357E-005  0.0000000E+000  0.3670217E-001  0.3960989E-001  0.4163532E-002  0.4230238E-002  0.5309553E-004  0.0000000E+000  0.4960003E-001  0.0000000E+000  0.0000000E+000  0.1042116E-008
010112001scnd1   147.000    27052001  0.5698092E-001  0.2721898E-001  0.5476320E-002  0.0000000E+000  0.0000000E+000  0.0000000E+000  0.0000000E+000  0.1695996E-001  0.0000000E+000  0.5997340E-002  0.3028890E-001  0.1176823E-004  0.0000000E+000  0.3184628E-001  0.3818867E-001  0.3669339E-002  0.4093933E-002  0.6117184E-004  0.0000000E+000  0.4960004E-001  0.0000000E+000  0.0000000E+000  0.1042116E-008
010112001scnd1   148.000    28052001  0.6151695E-001  0.3062810E-001  0.6223396E-002  0.0000000E+000  0.0000000E+000  0.0000000E+000  0.0000000E+000  0.1892122E-001  0.0000000E+000  0.4939456E-002  0.3572272E-001  0.1629627E-004  0.0000000E+000  0.2843453E-001  0.3705408E-001  0.3351691E-002  0.4002315E-002  0.7128298E-004  0.0000000E+000  0.4960005E-001  0.0000000E+000  0.0000000E+000  0.1042116E-008
010112001scnd1   149.000    29052001  0.6645616E-001  0.3361381E-001  0.6897099E-002  0.0000000E+000  0.0000000E+000  0.0000000E+000  0.0000000E+000  0.2120657E-001  0.0000000E+000  0.4201764E-002  0.4219686E-001  0.1672906E-004  0.0000000E+000  0.2698973E-001  0.3633121E-001  0.3252303E-002  0.3958757E-002  0.8443695E-004  0.0000000E+000  0.4960008E-001  0.0000000E+000  0.0000000E+000  0.1042116E-008
010112001scnd1   150.000    30052001  0.7120954E-001  0.3558324E-001  0.7354892E-002  0.0000000E+000  0.0000000E+000  0.0000000E+000  0.0000000E+000  0.2200370E-001  0.0000000E+000  0.3845661E-002  0.4737967E-001  0.1677101E-004  0.0000000E+000  0.2744292E-001  0.3778588E-001  0.3363523E-002  0.4156908E-002  0.9609400E-004  0.0000000E+000  0.4960009E-001  0.0000000E+000  0.0000000E+000  0.1042116E-008
010112001scnd1   151.000    31052001  0.7566774E-001  0.3775733E-001  0.7847747E-002  0.0000000E+000  0.0000000E+000  0.0000000E+000  0.0000000E+000  0.2351822E-001  0.0000000E+000  0.3510645E-002  0.5300448E-001  0.1679752E-004  0.0000000E+000  0.2728903E-001  0.3807915E-001  0.3383140E-002  0.4212005E-002  0.1090155E-003  0.0000000E+000  0.4960008E-001  0.0000000E+000  0.0000000E+000  0.1042116E-008
010112001scnd1   152.000    01062001  0.8059074E-001  0.4127308E-001  0.8638029E-002  0.0000000E+000  0.0000000E+000  0.0000000E+000  0.0000000E+000  0.2579623E-001  0.0000000E+000  0.2996774E-002  0.5967292E-001  0.1683633E-004  0.0000000E+000  0.2534036E-001  0.3593146E-001  0.3174147E-002  0.3979168E-002  0.1277413E-003  0.0000000E+000  0.4960013E-001  0.0000000E+000  0.0000000E+000  0.1042116E-008
010112001scnd1   153.000    02062001  0.8642248E-001  0.4472416E-001  0.9441820E-002  0.0000000E+000  0.0000000E+000  0.0000000E+000  0.0000000E+000  0.3069863E-001  0.0000000E+000  0.2557420E-002  0.6995560E-001  0.2125446E-004  0.0000000E+000  0.2442016E-001  0.3515645E-001  0.3047341E-002  0.3879707E-002  0.1442171E-003  0.0000000E+000  0.4960017E-001  0.0000000E+000  0.0000000E+000  0.1042116E-008
010112001scnd1   154.000    03062001  0.9315977E-001  0.4827272E-001  0.1027271E-001  0.0000000E+000  0.0000000E+000  0.0000000E+000  0.0000000E+000  0.3312661E-001  0.0000000E+000  0.2231830E-002  0.7877500E-001  0.2131941E-004  0.0000000E+000  0.2406969E-001  0.3531251E-001  0.3028719E-002  0.3912794E-002  0.1645681E-003  0.0000000E+000  0.4960021E-001  0.0000000E+000  0.0000000E+000  0.1042116E-008
010112001scnd1   155.000    04062001  0.9975839E-001  0.5095889E-001  0.1091227E-001  0.0000000E+000  0.0000000E+000  0.0000000E+000  0.0000000E+000  0.3714200E-001  0.0000000E+000  0.2029611E-002  0.8917034E-001  0.2136837E-004  0.0000000E+000  0.2476560E-001  0.3662295E-001  0.3127216E-002  0.4071886E-002  0.1810566E-003  0.0000000E+000  0.4960020E-001  0.0000000E+000  0.0000000E+000  0.1042116E-008
010112001scnd1   156.000    05062001  0.1062819E+000  0.5460050E-001  0.1174254E-001  0.0000000E+000  0.0000000E+000  0.0000000E+000  0.0000000E+000  0.3868075E-001  0.0000000E+000  0.1814199E-002  0.9699947E-001  0.2141797E-004  0.0000000E+000  0.2427747E-001  0.3699910E-001  0.3084250E-002  0.4122137E-002  0.1988266E-003  0.0000000E+000  0.4960021E-001  0.0000000E+000  0.0000000E+000  0.1042116E-008
010112001scnd1   157.000    06062001  0.1133098E+000  0.6003322E-001  0.1297190E-001  0.0000000E+000  0.0000000E+000  0.0000000E+000  0.0000000E+000  0.4235327E-001  0.0000000E+000  0.1532468E-002  0.1073927E+000  0.2145934E-004  0.0000000E+000  0.2223109E-001  0.3558430E-001  0.2871121E-002  0.3975436E-002  0.2243443E-003  0.0000000E+000  0.4960022E-001  0.0000000E+000  0.0000000E+000  0.1042116E-008
010112001scnd1   158.000    07062001  0.1218575E+000  0.6577343E-001  0.1431500E-001  0.0000000E+000  0.0000000E+000  0.0000000E+000  0.0000000E+000  0.5018201E-001  0.0000000E+000  0.1255148E-002  0.1234654E+000  0.2154893E-004  0.0000000E+000  0.2083010E-001  0.3429468E-001  0.2742473E-002  0.3850123E-002  0.2509032E-003  0.0000000E+000  0.4960021E-001  0.0000000E+000  0.0000000E+000  0.1042116E-008
010112001scnd1   159.000    08062001  0.1328562E+000  0.7181536E-001  0.1575174E-001  0.0000000E+000  0.0000000E+000  0.0000000E+000  0.0000000E+000  0.5991984E-001  0.0000000E+000  0.1008734E-002  0.1440182E+000  0.1054234E-003  0.0000000E+000  0.2055569E-001  0.3419618E-001  0.2709878E-002  0.3839818E-002  0.2721227E-003  0.0000000E+000  0.4960021E-001  0.0000000E+000  0.0000000E+000  0.1042116E-008
010112001scnd1   160.000    09062001  0.1461813E+000  0.7891035E-001  0.1741956E-001  0.0000000E+000  0.0000000E+000  0.0000000E+000  0.0000000E+000  0.6899393E-001  0.0000000E+000  0.7987915E-003  0.1662975E+000  0.2177532E-003  0.0000000E+000  0.2050122E-001  0.3473039E-001  0.2725709E-002  0.3916143E-002  0.2944267E-003  0.0000000E+000  0.4960018E-001  0.0000000E+000  0.0000000E+000  0.1042116E-008
010112001scnd1   161.000    10062001  0.1616250E+000  0.8831635E-001  0.1958377E-001  0.0000000E+000  0.0000000E+000  0.0000000E+000  0.0000000E+000  0.7696123E-001  0.0000000E+000  0.6101656E-003  0.1895252E+000  0.2550329E-003  0.0000000E+000  0.1972554E-001  0.3532634E-001  0.2710740E-002  0.4034373E-002  0.3264008E-003  0.0000000E+000  0.4960022E-001  0.0000000E+000  0.0000000E+000  0.1042116E-008
010112001scnd1   162.000    11062001  0.1788791E+000  0.9785875E-001  0.2173788E-001  0.0000000E+000  0.0000000E+000  0.0000000E+000  0.0000000E+000  0.8498218E-001  0.0000000E+000  0.4652263E-003  0.2148444E+000  0.4638529E-003  0.0000000E+000  0.1966572E-001  0.3734804E-001  0.2740741E-002  0.4291160E-002  0.3460671E-003  0.0000000E+000  0.4960024E-001  0.0000000E+000  0.0000000E+000  0.1042116E-008
010112001scnd1   163.000    12062001  0.1977646E+000  0.1087875E+000  0.2411158E-001  0.0000000E+000  0.0000000E+000  0.0000000E+000  0.0000000E+000  0.9400915E-001  0.0000000E+000  0.3541375E-003  0.2427812E+000  0.6236915E-003  0.0000000E+000  0.1940534E-001  0.3939230E-001  0.2705733E-002  0.4520816E-002  0.3703387E-003  0.0000000E+000  0.4960041E-001  0.0000000E+000  0.0000000E+000  0.1042116E-008
010112001scnd1   164.000    13062001  0.2172384E+000  0.1210110E+000  0.2664354E-001  0.0000000E+000  0.0000000E+000  0.0000000E+000  0.0000000E+000  0.1071669E+000  0.0000000E+000  0.2719098E-003  0.2754192E+000  0.7410806E-003  0.0000000E+000  0.1868794E-001  0.4125121E-001  0.2598776E-002  0.4712490E-002  0.3990766E-003  0.0000000E+000  0.4960047E-001  0.0000000E+000  0.0000000E+000  0.1042116E-008
010112001scnd1   165.000    14062001  0.2370702E+000  0.1306424E+000  0.2864010E-001  0.0000000E+000  0.0000000E+000  0.0000000E+000  0.0000000E+000  0.1077114E+000  0.0000000E+000  0.2295406E-003  0.2957015E+000  0.7415034E-003  0.0000000E+000  0.1932028E-001  0.4087946E-001  0.2747107E-002  0.4731160E-002  0.4511564E-003  0.0000000E+000  0.4960041E-001  0.0000000E+000  0.0000000E+000  0.1042116E-008
010112001scnd1   166.000    15062001  0.2590962E+000  0.1404987E+000  0.3073398E-001  0.0000000E+000  0.0000000E+000  0.0000000E+000  0.0000000E+000  0.1199044E+000  0.0000000E+000  0.1916066E-003  0.3298472E+000  0.7419090E-003  0.0000000E+000  0.2044023E-001  0.4074928E-001  0.2876844E-002  0.4710489E-002  0.4868102E-003  0.0000000E+000  0.4960059E-001  0.0000000E+000  0.0000000E+000  0.1042116E-008
010112001scnd1   167.000    16062001  0.2818965E+000  0.1533678E+000  0.3341467E-001  0.0000000E+000  0.0000000E+000  0.0000000E+000  0.0000000E+000  0.1302947E+000  0.0000000E+000  0.1546771E-003  0.3634538E+000  0.1227552E-002  0.0000000E+000  0.2042223E-001  0.4124892E-001  0.2800253E-002  0.4708443E-002  0.5197441E-003  0.0000000E+000  0.4960049E-001  0.0000000E+000  0.0000000E+000  0.1042116E-008
010112001scnd1   168.000    17062001  0.3088098E+000  0.1700268E+000  0.3680188E-001  0.0000000E+000  0.0000000E+000  0.0000000E+000  0.0000000E+000  0.1497177E+000  0.0000000E+000  0.1209822E-003  0.4098128E+000  0.1324349E-002  0.0000000E+000  0.2001281E-001  0.4271002E-001  0.2633921E-002  0.4773804E-002  0.5598467E-003  0.0000000E+000  0.4960076E-001  0.0000000E+000  0.0000000E+000  0.1042116E-008
010112001scnd1   169.000    18062001  0.3363986E+000  0.1862909E+000  0.4000019E-001  0.0000000E+000  0.0000000E+000  0.0000000E+000  0.0000000E+000  0.1566262E+000  0.0000000E+000  0.9504007E-004  0.4449245E+000  0.1996221E-002  0.0000000E+000  0.1971006E-001  0.4535653E-001  0.2465411E-002  0.4954151E-002  0.5914072E-003  0.0000000E+000  0.4960070E-001  0.0000000E+000  0.0000000E+000  0.1042116E-008
010112001scnd1   170.000    19062001  0.3679936E+000  0.1975997E+000  0.4215497E-001  0.0000000E+000  0.0000000E+000  0.0000000E+000  0.0000000E+000  0.1707558E+000  0.0000000E+000  0.8362196E-004  0.4907245E+000  0.2140916E-002  0.0000000E+000  0.2169371E-001  0.4650162E-001  0.2555080E-002  0.4970254E-002  0.6494421E-003  0.0000000E+000  0.4960055E-001  0.0000000E+000  0.0000000E+000  0.1042116E-008
010112001scnd1   171.000    20062001  0.4022023E+000  0.2120051E+000  0.4491239E-001  0.0000000E+000  0.0000000E+000  0.0000000E+000  0.0000000E+000  0.1772290E+000  0.0000000E+000  0.7229082E-004  0.5313444E+000  0.2151504E-002  0.0000000E+000  0.2304880E-001  0.4642238E-001  0.2555631E-002  0.4841889E-002  0.7106335E-003  0.0000000E+000  0.4960069E-001  0.0000000E+000  0.0000000E+000  0.1042116E-008
010112001scnd1   172.000    21062001  0.4354898E+000  0.2285698E+000  0.4811880E-001  0.0000000E+000  0.0000000E+000  0.0000000E+000  0.0000000E+000  0.1852906E+000  0.0000000E+000  0.6162992E-004  0.5728691E+000  0.2394706E-002  0.0000000E+000  0.2356197E-001  0.4528619E-001  0.2463935E-002  0.4608752E-002  0.7674518E-003  0.0000000E+000  0.4960101E-001  0.0000000E+000  0.0000000E+000  0.1042116E-008
010112001scnd1   173.000    22062001  0.4689227E+000  0.2457324E+000  0.5153297E-001  0.0000000E+000  0.0000000E+000  0.0000000E+000  0.0000000E+000  0.1933517E+000  0.0000000E+000  0.5276545E-004  0.6151404E+000  0.3237761E-002  0.0000000E+000  0.2381391E-001  0.4474843E-001  0.2354225E-002  0.4450172E-002  0.8244656E-003  0.0000000E+000  0.4960090E-001  0.0000000E+000  0.0000000E+000  0.1042116E-008
010112001scnd1   174.000    23062001  0.5019808E+000  0.2682211E+000  0.5605865E-001  0.0000000E+000  0.0000000E+000  0.0000000E+000  0.0000000E+000  0.2133156E+000  0.0000000E+000  0.4322608E-004  0.6690395E+000  0.4181498E-002  0.0000000E+000  0.2280705E-001  0.4480486E-001  0.2143669E-002  0.4369220E-002  0.8816036E-003  0.0000000E+000  0.4960078E-001  0.0000000E+000  0.0000000E+000  0.1042116E-008
010112001scnd1   175.000    24062001  0.5365344E+000  0.2920461E+000  0.6086703E-001  0.6311411E-004  0.1041383E-003  0.1998612E-004  0.0000000E+000  0.2278291E+000  0.0000000E+000  0.3423738E-004  0.7190917E+000  0.5228505E-002  0.0000000E+000  0.2169912E-001  0.4610879E-001  0.1929210E-002  0.4409779E-002  0.9344786E-003  0.0000000E+000  0.4960106E-001  0.0000000E+000  0.0000000E+000  0.1042116E-008
010112001scnd1   176.000    25062001  0.5714127E+000  0.3147337E+000  0.6545132E-001  0.2605141E-003  0.4298482E-003  0.8249607E-004  0.0000000E+000  0.2401657E+000  0.0000000E+000  0.2696048E-004  0.7674935E+000  0.6476026E-002  0.0000000E+000  0.2090656E-001  0.4723662E-001  0.1765275E-002  0.4443264E-002  0.9874423E-003  0.0000000E+000  0.4960131E-001  0.0000000E+000  0.0000000E+000  0.1042116E-008
010112001scnd1   177.000    26062001  0.6122106E+000  0.3354817E+000  0.6976727E-001  0.5893486E-003  0.9724250E-003  0.1866269E-003  0.0000000E+000  0.2585804E+000  0.0000000E+000  0.2167645E-004  0.8267229E+000  0.6572973E-002  0.0000000E+000  0.2104532E-001  0.4665558E-001  0.1678789E-002  0.4303274E-002  0.1062442E-002  0.0000000E+000  0.4960141E-001  0.0000000E+000  0.0000000E+000  0.1042116E-008
010112001scnd1   178.000    27062001  0.6562995E+000  0.3555771E+000  0.7406958E-001  0.1067170E-002  0.1760831E-002  0.3379372E-003  0.0000000E+000  0.2678774E+000  0.0000000E+000  0.1726511E-004  0.8811564E+000  0.7691767E-002  0.0000000E+000  0.2159918E-001  0.4729738E-001  0.1612635E-002  0.4263686E-002  0.1128935E-002  0.0000000E+000  0.4960160E-001  0.0000000E+000  0.0000000E+000  0.1042116E-008
010112001scnd1   179.000    28062001  0.7001142E+000  0.3747395E+000  0.7827196E-001  0.1690052E-002  0.2788586E-002  0.5351831E-003  0.0000000E+000  0.2807617E+000  0.0000000E+000  0.1383250E-004  0.9390342E+000  0.8946364E-002  0.0000000E+000  0.2212115E-001  0.4741846E-001  0.1560777E-002  0.4190735E-002  0.1201280E-002  0.0000000E+000  0.4960184E-001  0.0000000E+000  0.0000000E+000  0.1042116E-008
010112001scnd1   180.000    29062001  0.7441376E+000  0.3943186E+000  0.8264032E-001  0.2515332E-002  0.4150298E-002  0.7965215E-003  0.0000000E+000  0.2903817E+000  0.0000000E+000  0.1097651E-004  0.9942905E+000  0.1063252E-001  0.0000000E+000  0.2248255E-001  0.4787630E-001  0.1504761E-002  0.4156349E-002  0.1272090E-002  0.0000000E+000  0.4960140E-001  0.0000000E+000  0.0000000E+000  0.1042116E-008
010112001scnd1   181.000    30062001  0.7881767E+000  0.4138812E+000  0.8703151E-001  0.3539824E-002  0.5840709E-002  0.1120944E-002  0.0000000E+000  0.3045803E+000  0.0000000E+000  0.8606963E-005  0.1054018E+001  0.1219402E-001  0.0000000E+000  0.2276641E-001  0.4869809E-001  0.1452183E-002  0.4160375E-002  0.1341396E-002  0.0000000E+000  0.4960176E-001  0.0000000E+000  0.0000000E+000  0.1042116E-008
010112001scnd1   182.000    01072001  0.8353701E+000  0.4275287E+000  0.9023669E-001  0.4417758E-002  0.7289300E-002  0.1398956E-002  0.0000000E+000  0.3253133E+000  0.0000000E+000  0.7370140E-005  0.1121888E+001  0.1224227E-001  0.0000000E+000  0.2400439E-001  0.4870397E-001  0.1474586E-002  0.4087451E-002  0.1443840E-002  0.0000000E+000  0.4960214E-001  0.0000000E+000  0.0000000E+000  0.1042116E-008
010112001scnd1   183.000    02072001  0.8837239E+000  0.4445778E+000  0.9428763E-001  0.5695762E-002  0.9398006E-002  0.1803657E-002  0.0000000E+000  0.3352185E+000  0.0000000E+000  0.6045187E-005  0.1180055E+001  0.1224336E-001  0.0000000E+000  0.2491086E-001  0.4806655E-001  0.1452886E-002  0.3952025E-002  0.1535973E-002  0.0000000E+000  0.4960205E-001  0.0000000E+000  0.0000000E+000  0.1042116E-008
010112001scnd1   184.000    03072001  0.9372253E+000  0.4662920E+000  0.9964149E-001  0.7653817E-002  0.1262880E-001  0.2423707E-002  0.0000000E+000  0.3603035E+000  0.0000000E+000  0.4666576E-005  0.1258743E+001  0.1251556E-001  0.0000000E+000  0.2493743E-001  0.4519152E-001  0.1367110E-002  0.3643756E-002  0.1705048E-002  0.0000000E+000  0.4960186E-001  0.0000000E+000  0.0000000E+000  0.1042116E-008
010112001scnd1   185.000    04072001  0.9932237E+000  0.4830837E+000  0.1042005E+000  0.9602867E-002  0.1584473E-001  0.3040906E-002  0.0000000E+000  0.3794017E+000  0.0000000E+000  0.3680567E-005  0.1335900E+001  0.1466606E-001  0.0000000E+000  0.2581704E-001  0.4511369E-001  0.1350681E-002  0.3565924E-002  0.1794279E-002  0.0000000E+000  0.4960207E-001  0.0000000E+000  0.0000000E+000  0.1042116E-008
010112001scnd1   186.000    05072001  0.1048040E+001  0.4985828E+000  0.1085529E+000  0.1175323E-001  0.1939282E-001  0.3721853E-002  0.0000000E+000  0.3922382E+000  0.0000000E+000  0.2951895E-005  0.1405988E+001  0.1720004E-001  0.0000000E+000  0.2663986E-001  0.4513024E-001  0.1347206E-002  0.3510753E-002  0.1892132E-002  0.0000000E+000  0.4960202E-001  0.0000000E+000  0.0000000E+000  0.1042116E-008
010112001scnd1   187.000    06072001  0.1101375E+001  0.5153238E+000  0.1131949E+000  0.1438466E-001  0.2373468E-001  0.4555139E-002  0.0000000E+000  0.4173465E+000  0.0000000E+000  0.2296507E-005  0.1486774E+001  0.1963447E-001  0.0000000E+000  0.2711492E-001  0.4591852E-001  0.1332873E-002  0.3527496E-002  0.1983649E-002  0.0000000E+000  0.4960194E-001  0.0000000E+000  0.0000000E+000  0.1042116E-008
010112001scnd1   188.000    07072001  0.1154387E+001  0.5337015E+000  0.1181701E+000  0.1761541E-001  0.2906542E-001  0.5578210E-002  0.0000000E+000  0.4391661E+000  0.0000000E+000  0.1752378E-005  0.1563836E+001  0.2196448E-001  0.0000000E+000  0.2717218E-001  0.4638653E-001  0.1296516E-002  0.3526672E-002  0.2083041E-002  0.0000000E+000  0.4960179E-001  0.0000000E+000  0.0000000E+000  0.1042116E-008
010112001scnd1   189.000    08072001  0.1209312E+001  0.5515023E+000  0.1230144E+000  0.2123196E-001  0.3503273E-001  0.6723452E-002  0.0000000E+000  0.4730805E+000  0.0000000E+000  0.1350556E-005  0.1654044E+001  0.2344423E-001  0.0000000E+000  0.2724313E-001  0.4650424E-001  0.1266910E-002  0.3502283E-002  0.2194586E-002  0.0000000E+000  0.4960142E-001  0.0000000E+000  0.0000000E+000  0.1042116E-008
010112001scnd1   190.000    09072001  0.1269216E+001  0.5670663E+000  0.1274238E+000  0.2502240E-001  0.4128697E-001  0.7923759E-002  0.0000000E+000  0.4916221E+000  0.0000000E+000  0.1050818E-005  0.1734285E+001  0.2535508E-001  0.0000000E+000  0.2786186E-001  0.4664683E-001  0.1267752E-002  0.3472202E-002  0.2308891E-002  0.0000000E+000  0.4960172E-001  0.0000000E+000  0.0000000E+000  0.1042116E-008
010112001scnd1   191.000    10072001  0.1331849E+001  0.5810896E+000  0.1315365E+000  0.2906047E-001  0.4794977E-001  0.9202477E-002  0.0000000E+000  0.5173534E+000  0.0000000E+000  0.8414320E-006  0.1822886E+001  0.2573903E-001  0.0000000E+000  0.2869850E-001  0.4650007E-001  0.1282246E-002  0.3418604E-002  0.2456591E-002  0.0000000E+000  0.4960187E-001  0.0000000E+000  0.0000000E+000  0.1042116E-008
010112001scnd1   192.000    11072001  0.1394718E+001  0.5945398E+000  0.1355308E+000  0.3349167E-001  0.5526127E-001  0.1060569E-001  0.0000000E+000  0.5327649E+000  0.0000000E+000  0.6880874E-006  0.1901034E+001  0.2577865E-001  0.0000000E+000  0.2953228E-001  0.4670361E-001  0.1291238E-002  0.3388136E-002  0.2628692E-002  0.0000000E+000  0.4960113E-001  0.0000000E+000  0.0000000E+000  0.1042116E-008
010112001scnd1   193.000    12072001  0.1458218E+001  0.6057447E+000  0.1391256E+000  0.3798700E-001  0.6267856E-001  0.1202921E-001  0.0000000E+000  0.5632531E+000  0.0000000E+000  0.5653266E-006  0.1995804E+001  0.2671978E-001  0.0000000E+000  0.3047941E-001  0.4596625E-001  0.1308855E-002  0.3290621E-002  0.2788563E-002  0.0000000E+000  0.4960058E-001  0.0000000E+000  0.0000000E+000  0.1042116E-008
010112001scnd1   194.000    13072001  0.1524361E+001  0.6165344E+000  0.1426981E+000  0.4304728E-001  0.7102802E-001  0.1363163E-001  0.0000000E+000  0.5866901E+000  0.0000000E+000  0.4633289E-006  0.2087721E+001  0.2920934E-001  0.0000000E+000  0.3151138E-001  0.4565293E-001  0.1336173E-002  0.3228755E-002  0.2939769E-002  0.0000000E+000  0.4960139E-001  0.0000000E+000  0.0000000E+000  0.1042116E-008
010112001scnd1   195.000    14072001  0.1591973E+001  0.6275659E+000  0.1463324E+000  0.4889324E-001  0.8067384E-001  0.1548285E-001  0.0000000E+000  0.6182265E+000  0.0000000E+000  0.3777905E-006  0.2189166E+001  0.3166752E-001  0.0000000E+000  0.3240192E-001  0.4546877E-001  0.1366295E-002  0.3186551E-002  0.3102398E-002  0.0000000E+000  0.4960141E-001  0.0000000E+000  0.0000000E+000  0.1042116E-008
010112001scnd1   196.000    15072001  0.1662972E+001  0.6391694E+000  0.1500465E+000  0.5571071E-001  0.9192267E-001  0.1764172E-001  0.0000000E+000  0.6581335E+000  0.0000000E+000  0.3092315E-006  0.2299980E+001  0.3177942E-001  0.0000000E+000  0.3325467E-001  0.4589441E-001  0.1396916E-002  0.3189638E-002  0.3306027E-002  0.0000000E+000  0.4960046E-001  0.0000000E+000  0.0000000E+000  0.1042116E-008
010112001scnd1   197.000    16072001  0.1734650E+001  0.6545249E+000  0.1544625E+000  0.6510588E-001  0.1074247E+000  0.2061686E-001  0.0000000E+000  0.6917771E+000  0.0000000E+000  0.2369080E-006  0.2407583E+001  0.3424551E-001  0.0000000E+000  0.3336705E-001  0.4613795E-001  0.1370098E-002  0.3176728E-002  0.3490923E-002  0.0000000E+000  0.4960035E-001  0.0000000E+000  0.0000000E+000  0.1042116E-008
010112001scnd1   198.000    17072001  0.1807793E+001  0.6695721E+000  0.1587350E+000  0.7588172E-001  0.1252048E+000  0.2402920E-001  0.0000000E+000  0.7371281E+000  0.0000000E+000  0.1757915E-006  0.2529732E+001  0.3807444E-001  0.0000000E+000  0.3329651E-001  0.4682003E-001  0.1348668E-002  0.3207438E-002  0.3664557E-002  0.0000000E+000  0.4960108E-001  0.0000000E+000  0.0000000E+000  0.1042116E-008
010112001scnd1   199.000    18072001  0.1890443E+001  0.6829476E+000  0.1625195E+000  0.8741727E-001  0.1442385E+000  0.2768213E-001  0.0000000E+000  0.8184317E+000  0.0000000E+000  0.1330943E-006  0.2693851E+001  0.3845879E-001  0.0000000E+000  0.3377658E-001  0.4729503E-001  0.1370528E-002  0.3226470E-002  0.3883959E-002  0.0000000E+000  0.4960151E-001  0.0000000E+000  0.0000000E+000  0.1042116E-008
010112001scnd1   200.000    19072001  0.1987376E+001  0.6947848E+000  0.1657940E+000  0.9975408E-001  0.1645942E+000  0.3158879E-001  0.0000000E+000  0.8899329E+000  0.0000000E+000  0.1026904E-006  0.2863496E+001  0.3990070E-001  0.0000000E+000  0.3491984E-001  0.4867939E-001  0.1414929E-002  0.3290798E-002  0.4113214E-002  0.0000000E+000  0.4960212E-001  0.0000000E+000  0.0000000E+000  0.1042116E-008
010112001scnd1   201.000    20072001  0.2101998E+001  0.7075323E+000  0.1689649E+000  0.1151196E+000  0.1899474E+000  0.3645455E-001  0.0000000E+000  0.9721900E+000  0.0000000E+000  0.7621058E-007  0.3060788E+001  0.4056663E-001  0.0000000E+000  0.3631534E-001  0.5060783E-001  0.1447424E-002  0.3369639E-002  0.4365708E-002  0.0000000E+000  0.4960285E-001  0.0000000E+000  0.0000000E+000  0.1042116E-008
010112001scnd1   202.000    21072001  0.2230762E+001  0.7190497E+000  0.1715647E+000  0.1322823E+000  0.2182659E+000  0.4188940E-001  0.0000000E+000  0.1040563E+001  0.0000000E+000  0.5533571E-007  0.3263981E+001  0.4684725E-001  0.0000000E+000  0.3821978E-001  0.5306657E-001  0.1503282E-002  0.3475496E-002  0.4590781E-002  0.0000000E+000  0.4960263E-001  0.0000000E+000  0.0000000E+000  0.1042116E-008
010112001scnd1   203.000    22072001  0.2368910E+001  0.7298862E+000  0.1735957E+000  0.1520918E+000  0.2509516E+000  0.4816241E-001  0.0000000E+000  0.1125488E+001  0.0000000E+000  0.3960746E-007  0.3492224E+001  0.5224698E-001  0.0000000E+000  0.4023741E-001  0.5615357E-001  0.1583265E-002  0.3635464E-002  0.4820566E-002  0.0000000E+000  0.4960200E-001  0.0000000E+000  0.0000000E+000  0.1042116E-008
010112001scnd1   204.000    23072001  0.2518424E+001  0.7384161E+000  0.1752939E+000  0.1716164E+000  0.2831671E+000  0.5434518E-001  0.0000000E+000  0.1210305E+001  0.0000000E+000  0.2989206E-007  0.3726946E+001  0.5288431E-001  0.0000000E+000  0.4291295E-001  0.5980166E-001  0.1728105E-002  0.3847921E-002  0.5066294E-002  0.0000000E+000  0.4960378E-001  0.0000000E+000  0.0000000E+000  0.1042116E-008
010112001scnd1   205.000    24072001  0.2679537E+001  0.7465796E+000  0.1770862E+000  0.1926395E+000  0.3178553E+000  0.6100250E-001  0.0000000E+000  0.1272913E+001  0.0000000E+000  0.2281064E-007  0.3951992E+001  0.5448061E-001  0.0000000E+000  0.4589991E-001  0.6385011E-001  0.1876093E-002  0.4072148E-002  0.5338181E-002  0.0000000E+000  0.4960279E-001  0.0000000E+000  0.0000000E+000  0.1042116E-008
010112001scnd1   206.000    25072001  0.2844745E+001  0.7544265E+000  0.1786251E+000  0.2107174E+000  0.3476838E+000  0.6672715E-001  0.0000000E+000  0.1306536E+001  0.0000000E+000  0.1858925E-007  0.4150822E+001  0.5473647E-001  0.0000000E+000  0.4948805E-001  0.6898464E-001  0.2068421E-002  0.4369332E-002  0.5596485E-002  0.0000000E+000  0.4960150E-001  0.0000000E+000  0.0000000E+000  0.1042116E-008
010112001scnd1   207.000    26072001  0.3011840E+001  0.7630460E+000  0.1802343E+000  0.2296206E+000  0.3788740E+000  0.7271315E-001  0.0000000E+000  0.1328513E+001  0.0000000E+000  0.1515777E-007  0.4339766E+001  0.5486313E-001  0.0000000E+000  0.5293800E-001  0.7459407E-001  0.2236542E-002  0.4681458E-002  0.5851062E-002  0.0000000E+000  0.4960207E-001  0.0000000E+000  0.0000000E+000  0.1042116E-008
010112001scnd1   208.000    27072001  0.3178969E+001  0.7728779E+000  0.1819982E+000  0.2503424E+000  0.4130650E+000  0.7927506E-001  0.0000000E+000  0.1352218E+001  0.0000000E+000  0.1214648E-007  0.4530491E+001  0.5501543E-001  0.0000000E+000  0.5606610E-001  0.7974937E-001  0.2369917E-002  0.4949220E-002  0.6116172E-002  0.0000000E+000  0.4959778E-001  0.0000000E+000  0.0000000E+000  0.1042116E-008
010112001scnd1   209.000    28072001  0.3357024E+001  0.7843891E+000  0.1840351E+000  0.2742701E+000  0.4525457E+000  0.8685217E-001  0.0000000E+000  0.1392084E+001  0.0000000E+000  0.9279161E-008  0.4753070E+001  0.5996795E-001  0.0000000E+000  0.5896505E-001  0.8149470E-001  0.2469459E-002  0.4988735E-002  0.6408820E-002  0.0000000E+000  0.4959936E-001  0.0000000E+000  0.0000000E+000  0.1042116E-008
010112001scnd1   210.000    29072001  0.3542954E+001  0.7969207E+000  0.1862385E+000  0.3001546E+000  0.4952553E+000  0.9504896E-001  0.0000000E+000  0.1424212E+001  0.0000000E+000  0.7000944E-008  0.4978669E+001  0.6778646E-001  0.0000000E+000  0.6187366E-001  0.8513117E-001  0.2585289E-002  0.5158912E-002  0.6686161E-002  0.0000000E+000  0.4959954E-001  0.0000000E+000  0.0000000E+000  0.1042116E-008
010112001scnd1   211.000    30072001  0.3728535E+001  0.8111441E+000  0.1886616E+000  0.3286196E+000  0.5422224E+000  0.1040629E+000  0.0000000E+000  0.1467485E+001  0.0000000E+000  0.5048609E-008  0.5216076E+001  0.7658967E-001  0.0000000E+000  0.6426220E-001  0.9068818E-001  0.2693053E-002  0.5467238E-002  0.6936695E-002  0.0000000E+000  0.4959888E-001  0.0000000E+000  0.0000000E+000  0.1042116E-008
010112001scnd1   212.000    31072001  0.3911973E+001  0.8249406E+000  0.1908942E+000  0.3548459E+000  0.5854958E+000  0.1123678E+000  0.0000000E+000  0.1501983E+001  0.0000000E+000  0.3651696E-008  0.5442262E+001  0.8506454E-001  0.0000000E+000  0.6681976E-001  0.9850116E-001  0.2858301E-002  0.5958775E-002  0.7159450E-002  0.0000000E+000  0.4960121E-001  0.0000000E+000  0.0000000E+000  0.1042116E-008
010112001scnd1   213.000    01082001  0.4087484E+001  0.8377353E+000  0.1928366E+000  0.3776640E+000  0.6231459E+000  0.1195936E+000  0.0000000E+000  0.1534036E+001  0.0000000E+000  0.2668099E-008  0.5657750E+001  0.9319554E-001  0.0000000E+000  0.6951402E-001  0.1065379E+000  0.3082442E-002  0.6519760E-002  0.7365657E-002  0.0000000E+000  0.4960196E-001  0.0000000E+000  0.0000000E+000  0.1042116E-008
010112001scnd1   214.000    02082001  0.4265698E+001  0.8499199E+000  0.1945986E+000  0.3983627E+000  0.6572988E+000  0.1261482E+000  0.0000000E+000  0.1549030E+001  0.0000000E+000  0.1978735E-008  0.5858445E+001  0.1008949E+000  0.0000000E+000  0.7257164E-001  0.1122020E+000  0.3353204E-002  0.6965531E-002  0.7577506E-002  0.0000000E+000  0.4960280E-001  0.0000000E+000  0.0000000E+000  0.1042116E-008
010112001scnd1   215.000    03082001  0.4446224E+001  0.8613287E+000  0.1961926E+000  0.4170888E+000  0.6881969E+000  0.1320782E+000  0.0000000E+000  0.1551191E+001  0.0000000E+000  0.1496721E-008  0.6047773E+001  0.1077425E+000  0.0000000E+000  0.7594106E-001  0.1170233E+000  0.3656209E-002  0.7376141E-002  0.7783645E-002  0.0000000E+000  0.4960269E-001  0.0000000E+000  0.0000000E+000  0.1042116E-008
010112001scnd1   216.000    04082001  0.4619513E+001  0.8721464E+000  0.1976578E+000  0.4343014E+000  0.7165976E+000  0.1375288E+000  0.0000000E+000  0.1545001E+001  0.0000000E+000  0.1134688E-008  0.6222219E+001  0.1152603E+000  0.0000000E+000  0.7931565E-001  0.1243097E+000  0.3970751E-002  0.7957624E-002  0.7953906E-002  0.0000000E+000  0.4960314E-001  0.0000000E+000  0.0000000E+000  0.1042116E-008
010112001scnd1   217.000    05082001  0.4778752E+001  0.8818886E+000  0.1989252E+000  0.4491895E+000  0.7411630E+000  0.1422434E+000  0.0000000E+000  0.1538689E+001  0.0000000E+000  0.8551001E-009  0.6383712E+001  0.1239799E+000  0.0000000E+000  0.8249066E-001  0.1315531E+000  0.4285914E-002  0.8558279E-002  0.8105158E-002  0.0000000E+000  0.4960591E-001  0.0000000E+000  0.0000000E+000  0.1042116E-008
010112001scnd1   218.000    06082001  0.4935239E+001  0.8906525E+000  0.2000338E+000  0.4622131E+000  0.7626520E+000  0.1463675E+000  0.0000000E+000  0.1528079E+001  0.0000000E+000  0.6493727E-009  0.6537423E+001  0.1319596E+000  0.0000000E+000  0.8578526E-001  0.1368760E+000  0.4626133E-002  0.9058629E-002  0.8255343E-002  0.0000000E+000  0.4960070E-001  0.0000000E+000  0.0000000E+000  0.1042116E-008
010112001scnd1   219.000    07082001  0.5000799E+001  0.8939016E+000  0.2004329E+000  0.4746773E+000  0.7832180E+000  0.1507993E+000  0.0000000E+000  0.1576143E+001  0.0000000E+000  0.5112283E-009  0.6659401E+001  0.1404601E+000  0.0000000E+000  0.8660812E-001  0.1353565E+000  0.4723770E-002  0.9001423E-002  0.8402920E-002  0.0000000E+000  0.4959954E-001  0.0000000E+000  0.0000000E+000  0.1042116E-008
010112001scnd1   220.000    08082001  0.5000952E+001  0.8939016E+000  0.2004329E+000  0.4887151E+000  0.8063806E+000  0.1587799E+000  0.0000000E+000  0.1624440E+001  0.0000000E+000  0.4021607E-009  0.6719163E+001  0.1519244E+000  0.0000000E+000  0.8506740E-001  0.1321065E+000  0.4569171E-002  0.8725149E-002  0.8555330E-002  0.0000000E+000  0.4960065E-001  0.0000000E+000  0.0000000E+000  0.1042116E-008
010112001scnd1   221.000    09082001  0.5001122E+001  0.8939016E+000  0.2004329E+000  0.5006086E+000  0.8260047E+000  0.1687546E+000  0.0000000E+000  0.1638408E+001  0.0000000E+000  0.3283624E-009  0.6744408E+001  0.1632019E+000  0.0000000E+000  0.8360699E-001  0.1245131E+000  0.4422539E-002  0.8170138E-002  0.8726628E-002  0.0000000E+000  0.4960012E-001  0.0000000E+000  0.0000000E+000  0.1042116E-008
010112001scnd1   222.000    10082001  0.5001301E+001  0.8939016E+000  0.2004329E+000  0.5110008E+000  0.8431520E+000  0.1803107E+000  0.0000000E+000  0.1626968E+001  0.0000000E+000  0.2838773E-009  0.6743707E+001  0.1739420E+000  0.0000000E+000  0.8226246E-001  0.1162162E+000  0.4287467E-002  0.7577482E-002  0.8905034E-002  0.0000000E+000  0.4960150E-001  0.0000000E+000  0.0000000E+000  0.1042116E-008
010112001scnd1   223.000    11082001  0.5001464E+001  0.8939016E+000  0.2004329E+000  0.5228454E+000  0.8626955E+000  0.1968513E+000  0.0000000E+000  0.1598698E+001  0.0000000E+000  0.2416684E-009  0.6728154E+001  0.1866616E+000  0.0000000E+000  0.8061983E-001  0.1120355E+000  0.4122638E-002  0.7246463E-002  0.9068959E-002  0.0000000E+000  0.4960350E-001  0.0000000E+000  0.0000000E+000  0.1042116E-008
010112001scnd1   224.000    12082001  0.5001622E+001  0.8939016E+000  0.2004329E+000  0.5343189E+000  0.8816267E+000  0.2169725E+000  0.0000000E+000  0.1563087E+001  0.0000000E+000  0.2029768E-009  0.6702763E+001  0.1968822E+000  0.0000000E+000  0.7886814E-001  0.1096095E+000  0.3946924E-002  0.7027458E-002  0.9226088E-002  0.0000000E+000  0.4960421E-001  0.0000000E+000  0.0000000E+000  0.1042116E-008
010112001scnd1   225.000    13082001  0.5001778E+001  0.8939016E+000  0.2004329E+000  0.5442574E+000  0.8980252E+000  0.2387976E+000  0.0000000E+000  0.1516763E+001  0.0000000E+000  0.1713156E-009  0.6669193E+001  0.2096350E+000  0.0000000E+000  0.7720285E-001  0.1070016E+000  0.3779857E-002  0.6800647E-002  0.9381270E-002  0.0000000E+000  0.4960352E-001  0.0000000E+000  0.0000000E+000  0.1042116E-008
010112001scnd1   226.000    14082001  0.5001960E+001  0.8939016E+000  0.2004329E+000  0.5530241E+000  0.9124904E+000  0.2625706E+000  0.0000000E+000  0.1469311E+001  0.0000000E+000  0.1464083E-009  0.6629761E+001  0.2176562E+000  0.0000000E+000  0.7559538E-001  0.1030753E+000  0.3618479E-002  0.6493266E-002  0.9563166E-002  0.0000000E+000  0.4960473E-001  0.0000000E+000  0.0000000E+000  0.1042116E-008
010112001scnd1   227.000    15082001  0.5002239E+001  0.8939016E+000  0.2004329E+000  0.5617448E+000  0.9268795E+000  0.2907075E+000  0.0000000E+000  0.1412894E+001  0.0000000E+000  0.1270881E-009  0.6578752E+001  0.2230611E+000  0.0000000E+000  0.7380792E-001  0.9813063E-001  0.3438764E-002  0.6119634E-002  0.9842718E-002  0.0000000E+000  0.4960263E-001  0.0000000E+000  0.0000000E+000  0.1042116E-008
010112001scnd1   228.000    16082001  0.5002605E+001  0.8939016E+000  0.2004329E+000  0.5617448E+000  0.1049045E+001  0.2907075E+000  0.5214705E-001  0.1355757E+001  0.0000000E+000  0.1071622E-009  0.6527327E+001  0.2287750E+000  0.0000000E+000  0.6785011E-001  0.9228802E-001  0.2841713E-002  0.5541979E-002  0.1020894E-001  0.0000000E+000  0.4960456E-001  0.0000000E+000  0.0000000E+000  0.1042116E-008
010112001scnd1   229.000    17082001  0.5002962E+001  0.8939016E+000  0.2004329E+000  0.5617448E+000  0.1152666E+001  0.2907075E+000  0.1152549E+000  0.1300322E+001  0.0000000E+000  0.8819299E-010  0.6477817E+001  0.2347005E+000  0.0000000E+000  0.6217029E-001  0.8544408E-001  0.2272495E-002  0.4918125E-002  0.1056633E-001  0.0000000E+000  0.4960386E-001  0.0000000E+000  0.0000000E+000  0.1042116E-008
010112001scnd1   230.000    18082001  0.5003277E+001  0.8935123E+000  0.2004329E+000  0.5617448E+000  0.1202498E+001  0.2907075E+000  0.1827006E+000  0.1245369E+001  0.0000000E+000  0.7412624E-010  0.6431732E+001  0.2435702E+000  0.0000000E+000  0.5802039E-001  0.7773565E-001  0.1856413E-002  0.4323049E-002  0.1088142E-001  0.0000000E+000  0.4960497E-001  0.0000000E+000  0.0000000E+000  0.1042116E-008
010112001scnd1   231.000    19082001  0.5003584E+001  0.8905672E+000  0.2004329E+000  0.5617448E+000  0.1228072E+001  0.2907075E+000  0.2548577E+000  0.1188463E+001  0.0000000E+000  0.6230794E-010  0.6383859E+001  0.2526046E+000  0.0000000E+000  0.5475544E-001  0.7068136E-001  0.1528853E-002  0.3806005E-002  0.1118885E-001  0.0000000E+000  0.4960603E-001  0.0000000E+000  0.0000000E+000  0.1042116E-008
010112001scnd1   232.000    20082001  0.5003887E+001  0.8835511E+000  0.2004329E+000  0.5617448E+000  0.1229448E+001  0.2907075E+000  0.3401347E+000  0.1130721E+001  0.0000000E+000  0.5088718E-010  0.6335152E+001  0.2616383E+000  0.0000000E+000  0.5200792E-001  0.6446853E-001  0.1253054E-002  0.3362754E-002  0.1149096E-001  0.0000000E+000  0.4960524E-001  0.0000000E+000  0.0000000E+000  0.1042116E-008
010112001scnd1   233.000    21082001  0.5004112E+001  0.8734585E+000  0.2004329E+000  0.5617448E+000  0.1182126E+001  0.2907075E+000  0.4495862E+000  0.1071955E+001  0.0000000E+000  0.3862791E-010  0.6287091E+001  0.2723443E+000  0.0000000E+000  0.5021738E-001  0.5939122E-001  0.1073221E-002  0.3021511E-002  0.1171626E-001  0.0000000E+000  0.4960688E-001  0.0000000E+000  0.0000000E+000  0.1042116E-008
010112001scnd1   234.000    22082001  0.5004337E+001  0.8616076E+000  0.2004329E+000  0.5617448E+000  0.1113688E+001  0.2907075E+000  0.5635576E+000  0.1014484E+001  0.0000000E+000  0.2955029E-010  0.6239954E+001  0.2826777E+000  0.0000000E+000  0.4899786E-001  0.5547844E-001  0.9504862E-003  0.2767603E-002  0.1194194E-001  0.0000000E+000  0.4960487E-001  0.0000000E+000  0.0000000E+000  0.1042116E-008
010112001scnd1   235.000    23082001  0.5004599E+001  0.8486315E+000  0.2004329E+000  0.5617448E+000  0.1027838E+001  0.2907075E+000  0.6778427E+000  0.9587060E+000  0.0000000E+000  0.2337031E-010  0.6193713E+001  0.2922150E+000  0.0000000E+000  0.4844918E-001  0.5147664E-001  0.8947156E-003  0.2535012E-002  0.1220283E-001  0.0000000E+000  0.4960576E-001  0.0000000E+000  0.0000000E+000  0.1042116E-008
010112001scnd1   236.000    24082001  0.5707030E+001  0.8385058E+000  0.2004329E+000  0.5617448E+000  0.1970079E+001  0.2907075E+000  0.7827835E+000  0.2280146E+000  0.0000000E+000  0.1935278E-010  0.6172093E+001  0.2991286E+000  0.0000000E+000  0.3725489E-001  0.4464675E-001  0.2239278E-002  0.3477124E-002  0.1247771E-001  0.0000000E+000  0.4960451E-001  0.0000000E+000  0.0000000E+000  0.1042116E-008
010112001scnd1   237.000    25082001  0.5718313E+001  0.8331388E+000  0.2004329E+000  0.5617448E+000  0.2003852E+001  0.2907075E+000  0.8903661E+000  0.2125266E+000  0.0000000E+000  0.1584147E-010  0.6172225E+001  0.3037567E+000  0.0000000E+000  0.3268167E-001  0.4287777E-001  0.1976105E-002  0.3390359E-002  0.1276898E-001  0.0000000E+000  0.4960511E-001  0.0000000E+000  0.0000000E+000  0.1042116E-008
010112001scnd1   238.000    26082001  0.5721458E+001  0.8268788E+000  0.2004329E+000  0.5617448E+000  0.1934804E+001  0.2907075E+000  0.1001150E+001  0.2056202E+000  0.0000000E+000  0.1277470E-010  0.6172599E+001  0.3081948E+000  0.0000000E+000  0.3152693E-001  0.4130801E-001  0.1866419E-002  0.3249727E-002  0.1306973E-001  0.0000000E+000  0.4960618E-001  0.0000000E+000  0.0000000E+000  0.1042116E-008
010112001scnd1   239.000    27082001  0.5724044E+001  0.8198000E+000  0.2004329E+000  0.5617448E+000  0.1844177E+001  0.2907075E+000  0.1114200E+001  0.1976530E+000  0.0000000E+000  0.1030618E-010  0.6172900E+001  0.3141471E+000  0.0000000E+000  0.3105674E-001  0.3987844E-001  0.1795732E-002  0.3110722E-002  0.1333738E-001  0.0000000E+000  0.4960898E-001  0.0000000E+000  0.0000000E+000  0.1042116E-008
010112001scnd1   240.000    28082001  0.5726613E+001  0.8120245E+000  0.2004329E+000  0.5617448E+000  0.1763107E+001  0.2907075E+000  0.1228583E+001  0.1890969E+000  0.0000000E+000  0.8305226E-011  0.6173137E+001  0.3206245E+000  0.0000000E+000  0.3033000E-001  0.3864294E-001  0.1703168E-002  0.2986943E-002  0.1358957E-001  0.0000000E+000  0.4960949E-001  0.0000000E+000  0.0000000E+000  0.1042116E-008
010112001scnd1   241.000    29082001  0.5729393E+001  0.8038537E+000  0.2004329E+000  0.5617448E+000  0.1668429E+001  0.2907075E+000  0.1355006E+001  0.1794548E+000  0.0000000E+000  0.6441974E-011  0.6173368E+001  0.3279397E+000  0.0000000E+000  0.2960977E-001  0.3740967E-001  0.1608472E-002  0.2861456E-002  0.1381376E-001  0.0000000E+000  0.4960845E-001  0.0000000E+000  0.0000000E+000  0.1042116E-008
010112001scnd1   242.000    30082001  0.5731328E+001  0.7957308E+000  0.2004329E+000  0.5617448E+000  0.1584147E+001  0.2907075E+000  0.1460060E+001  0.1736144E+000  0.0000000E+000  0.5325815E-011  0.6173550E+001  0.3323096E+000  0.0000000E+000  0.2912684E-001  0.3612061E-001  0.1536329E-002  0.2735813E-002  0.1409990E-001  0.0000000E+000  0.4960504E-001  0.0000000E+000  0.0000000E+000  0.1042116E-008
010112001scnd1   243.000    31082001  0.5733171E+001  0.7873327E+000  0.2004329E+000  0.5617448E+000  0.1498011E+001  0.2907075E+000  0.1562767E+001  0.1674311E+000  0.0000000E+000  0.4459414E-011  0.6173679E+001  0.3370214E+000  0.0000000E+000  0.2893387E-001  0.3498128E-001  0.1474687E-002  0.2615873E-002  0.1434244E-001  0.0000000E+000  0.4960482E-001  0.0000000E+000  0.0000000E+000  0.1042116E-008
010112001scnd1   244.000    01092001  0.5735002E+001  0.7787144E+000  0.2004329E+000  0.5617448E+000  0.1422209E+001  0.2907075E+000  0.1666943E+001  0.1612118E+000  0.0000000E+000  0.3722464E-011  0.6173792E+001  0.3417570E+000  0.0000000E+000  0.2833134E-001  0.3392240E-001  0.1388067E-002  0.2506560E-002  0.1457599E-001  0.0000000E+000  0.4960490E-001  0.0000000E+000  0.0000000E+000  0.1042116E-008
010112001scnd1   245.000    02092001  0.5736875E+001  0.7697181E+000  0.2003661E+000  0.5617448E+000  0.1335682E+001  0.2907075E+000  0.1783462E+001  0.1542790E+000  0.0000000E+000  0.2984880E-011  0.6173903E+001  0.3471445E+000  0.0000000E+000  0.2769062E-001  0.3286639E-001  0.1291173E-002  0.2393557E-002  0.1479272E-001  0.0000000E+000  0.4960463E-001  0.0000000E+000  0.0000000E+000  0.8855805E-004
010112001scnd1   246.000    03092001  0.5736713E+001  0.7552887E+000  0.1986508E+000  0.5617448E+000  0.1249593E+001  0.2907075E+000  0.1905144E+001  0.1470749E+000  0.0000000E+000  0.2360210E-011  0.6174005E+001  0.3548090E+000  0.0000000E+000  0.2723097E-001  0.3185850E-001  0.1200305E-002  0.2281306E-002  0.1499303E-001  0.0000000E+000  0.4960173E-001  0.0000000E+000  0.0000000E+000  0.2243915E-002
010112001scnd1   247.000    04092001  0.5734857E+001  0.7373819E+000  0.1956716E+000  0.5617448E+000  0.1221310E+001  0.2907075E+000  0.1971462E+001  0.1405271E+000  0.0000000E+000  0.1892573E-011  0.6174087E+001  0.3634870E+000  0.0000000E+000  0.2693453E-001  0.3103594E-001  0.1143437E-002  0.2198895E-002  0.1518330E-001  0.0000000E+000  0.4960360E-001  0.0000000E+000  0.0000000E+000  0.5916117E-002
010112001scnd1   248.000    05092001  0.5732943E+001  0.7204228E+000  0.1927847E+000  0.5617448E+000  0.1247576E+001  0.2907075E+000  0.1971462E+001  0.1349342E+000  0.0000000E+000  0.1510467E-011  0.6174164E+001  0.3712670E+000  0.0000000E+000  0.2701109E-001  0.3046628E-001  0.1163179E-002  0.2162797E-002  0.1538114E-001  0.0000000E+000  0.4960170E-001  0.0000000E+000  0.0000000E+000  0.9422884E-002
010112001scnd1   249.000    06092001  0.5730761E+001  0.7034056E+000  0.1897594E+000  0.5617448E+000  0.1273173E+001  0.2907075E+000  0.1971462E+001  0.1299470E+000  0.0000000E+000  0.1204007E-011  0.6174233E+001  0.3786979E+000  0.0000000E+000  0.2711711E-001  0.3000109E-001  0.1184119E-002  0.2133450E-002  0.1557636E-001  0.0000000E+000  0.4959863E-001  0.0000000E+000  0.0000000E+000  0.1304819E-001
010112001scnd1   250.000    07092001  0.5729598E+001  0.6907648E+000  0.1879030E+000  0.5617448E+000  0.1303647E+001  0.2907075E+000  0.1971462E+001  0.1265154E+000  0.0000000E+000  0.1027820E-011  0.6174302E+001  0.3835008E+000  0.0000000E+000  0.2672420E-001  0.2972806E-001  0.1177212E-002  0.2122208E-002  0.1572081E-001  0.0000000E+000  0.4959296E-001  0.0000000E+000  0.0000000E+000  0.1525928E-001
010112001scnd1   251.000    08092001  0.5727019E+001  0.6751600E+000  0.1850172E+000  0.5617448E+000  0.1327561E+001  0.2907075E+000  0.1971462E+001  0.1238944E+000  0.0000000E+000  0.9093029E-012  0.6174361E+001  0.3888976E+000  0.0000000E+000  0.2680821E-001  0.2944619E-001  0.1194227E-002  0.2104804E-002  0.1586159E-001  0.0000000E+000  0.4959096E-001  0.0000000E+000  0.0000000E+000  0.1866516E-001
010112001scnd1   252.000    09092001  0.5722536E+001  0.6545649E+000  0.1805424E+000  0.5617448E+000  0.1350420E+001  0.2907075E+000  0.1971462E+001  0.1215450E+000  0.0000000E+000  0.8028402E-012  0.6174413E+001  0.3959233E+000  0.0000000E+000  0.2735909E-001  0.2916884E-001  0.1236367E-002  0.2083462E-002  0.1600190E-001  0.0000000E+000  0.4959125E-001  0.0000000E+000  0.0000000E+000  0.2389957E-001
010112001scnd1   253.000    10092001  0.5714637E+001  0.6241904E+000  0.1730260E+000  0.5617448E+000  0.1381209E+001  0.2907075E+000  0.1971462E+001  0.1187508E+000  0.0000000E+000  0.6838262E-012  0.6174460E+001  0.4067935E+000  0.0000000E+000  0.2846411E-001  0.2898420E-001  0.1313171E-002  0.2066486E-002  0.1613518E-001  0.0000000E+000  0.4958765E-001  0.0000000E+000  0.0000000E+000  0.3262490E-001
010112001scnd1   254.000    11092001  0.5708876E+001  0.5999681E+000  0.1671924E+000  0.5617448E+000  0.1415137E+001  0.2907075E+000  0.1971462E+001  0.1151163E+000  0.0000000E+000  0.5656578E-012  0.6174505E+001  0.4163493E+000  0.0000000E+000  0.2908918E-001  0.2874925E-001  0.1359112E-002  0.2048688E-002  0.1625840E-001  0.0000000E+000  0.4958037E-001  0.0000000E+000  0.0000000E+000  0.3937827E-001
010112001scnd1   255.000    12092001  0.5709877E+001  0.5953255E+000  0.1671924E+000  0.5617448E+000  0.1433500E+001  0.2907075E+000  0.1971462E+001  0.1114076E+000  0.0000000E+000  0.4585375E-012  0.6174551E+001  0.4192069E+000  0.0000000E+000  0.2854933E-001  0.2847186E-001  0.1337203E-002  0.2034756E-002  0.1637034E-001  0.0000000E+000  0.4957332E-001  0.0000000E+000  0.0000000E+000  0.3937827E-001
010112001scnd1   256.000    13092001  0.5710728E+001  0.5909994E+000  0.1671924E+000  0.5617448E+000  0.1450294E+001  0.2907075E+000  0.1971462E+001  0.1082772E+000  0.0000000E+000  0.3937054E-012  0.6174590E+001  0.4216080E+000  0.0000000E+000  0.2805803E-001  0.2828714E-001  0.1317921E-002  0.2027179E-002  0.1645883E-001  0.0000000E+000  0.4956639E-001  0.0000000E+000  0.0000000E+000  0.3937827E-001
010112001scnd1   257.000    14092001  0.5710965E+001  0.5861421E+000  0.1668566E+000  0.5617448E+000  0.1466313E+001  0.2907075E+000  0.1971462E+001  0.1060456E+000  0.0000000E+000  0.3548228E-012  0.6174623E+001  0.4236946E+000  0.0000000E+000  0.2765704E-001  0.2819334E-001  0.1303266E-002  0.2025515E-002  0.1652304E-001  0.0000000E+000  0.4956118E-001  0.0000000E+000  0.0000000E+000  0.3976104E-001
010112001scnd1   258.000    15092001  0.5710089E+001  0.5791895E+000  0.1656686E+000  0.5617448E+000  0.1480614E+001  0.2907075E+000  0.1971462E+001  0.1043818E+000  0.0000000E+000  0.3253473E-012  0.6174658E+001  0.4263188E+000  0.0000000E+000  0.2753936E-001  0.2814507E-001  0.1303534E-002  0.2024738E-002  0.1657764E-001  0.0000000E+000  0.4955610E-001  0.0000000E+000  0.0000000E+000  0.4111517E-001
010112001scnd1   259.000    16092001  0.5707949E+001  0.5693741E+000  0.1634050E+000  0.5617448E+000  0.1495081E+001  0.2907075E+000  0.1971462E+001  0.1028446E+000  0.0000000E+000  0.2959109E-012  0.6174692E+001  0.4300766E+000  0.0000000E+000  0.2769775E-001  0.2813260E-001  0.1319190E-002  0.2024547E-002  0.1662916E-001  0.0000000E+000  0.4955125E-001  0.0000000E+000  0.0000000E+000  0.4369656E-001
010112001scnd1   260.000    17092001  0.5703687E+001  0.5540475E+000  0.1592266E+000  0.5617448E+000  0.1513665E+001  0.2907075E+000  0.1971462E+001  0.1010441E+000  0.0000000E+000  0.2609667E-012  0.6174731E+001  0.4362278E+000  0.0000000E+000  0.2824963E-001  0.2816698E-001  0.1358114E-002  0.2025659E-002  0.1668003E-001  0.0000000E+000  0.4954948E-001  0.0000000E+000  0.0000000E+000  0.4846880E-001
010112001scnd1   261.000    18092001  0.5699233E+001  0.5390272E+000  0.1549334E+000  0.5617448E+000  0.1535349E+001  0.2907075E+000  0.1971462E+001  0.9944838E-001  0.0000000E+000  0.2360459E-012  0.6174766E+001  0.4423601E+000  0.0000000E+000  0.2869441E-001  0.2823957E-001  0.1391378E-002  0.2031094E-002  0.1673034E-001  0.0000000E+000  0.4954731E-001  0.0000000E+000  0.0000000E+000  0.5338273E-001
010112001scnd1   262.000    19092001  0.5692760E+001  0.5183516E+000  0.1488700E+000  0.5617448E+000  0.1561844E+001  0.2907075E+000  0.1971462E+001  0.9773278E-001  0.0000000E+000  0.2055549E-012  0.6174804E+001  0.4506356E+000  0.0000000E+000  0.2952970E-001  0.2835108E-001  0.1449071E-002  0.2037502E-002  0.1677958E-001  0.0000000E+000  0.4954620E-001  0.0000000E+000  0.0000000E+000  0.6034395E-001
010112001scnd1   263.000    20092001  0.5685005E+001  0.4942912E+000  0.1416814E+000  0.5617448E+000  0.1594222E+001  0.2907075E+000  0.1971462E+001  0.9584398E-001  0.0000000E+000  0.1736624E-012  0.6174843E+001  0.4603636E+000  0.0000000E+000  0.3055178E-001  0.2848473E-001  0.1518351E-002  0.2045052E-002  0.1682759E-001  0.0000000E+000  0.4954397E-001  0.0000000E+000  0.0000000E+000  0.6862827E-001
010112001scnd1   264.000    21092001  0.5677929E+001  0.4722312E+000  0.1351081E+000  0.5617448E+000  0.1627625E+001  0.2907075E+000  0.1971462E+001  0.9388031E-001  0.0000000E+000  0.1481156E-012  0.6174876E+001  0.4694806E+000  0.0000000E+000  0.3138042E-001  0.2861151E-001  0.1577231E-002  0.2053866E-002  0.1687445E-001  0.0000000E+000  0.4954090E-001  0.0000000E+000  0.0000000E+000  0.7623994E-001
010112001scnd1   265.000    22092001  0.5670598E+001  0.4497322E+000  0.1283565E+000  0.5617448E+000  0.1662397E+001  0.2907075E+000  0.1971462E+001  0.9198119E-001  0.0000000E+000  0.1249810E-012  0.6174912E+001  0.4787894E+000  0.0000000E+000  0.3224764E-001  0.2875360E-001  0.1639649E-002  0.2064047E-002  0.1691973E-001  0.0000000E+000  0.4953847E-001  0.0000000E+000  0.0000000E+000  0.8409535E-001
010112001scnd1   266.000    23092001  0.5667143E+001  0.4387104E+000  0.1250415E+000  0.5617448E+000  0.1690443E+001  0.2907075E+000  0.1971462E+001  0.9056495E-001  0.0000000E+000  0.1151341E-012  0.6174946E+001  0.4837367E+000  0.0000000E+000  0.3221381E-001  0.2879916E-001  0.1643386E-002  0.2071311E-002  0.1696496E-001  0.0000000E+000  0.4953520E-001  0.0000000E+000  0.0000000E+000  0.8796819E-001
010112001scnd1   267.000    24092001  0.5664387E+001  0.4299059E+000  0.1223933E+000  0.5617448E+000  0.1711406E+001  0.2907075E+000  0.1971462E+001  0.8942529E-001  0.0000000E+000  0.1080230E-012  0.6174974E+001  0.4877034E+000  0.0000000E+000  0.3218959E-001  0.2885716E-001  0.1649117E-002  0.2079336E-002  0.1700932E-001  0.0000000E+000  0.4953369E-001  0.0000000E+000  0.0000000E+000  0.9106464E-001
010112001scnd1   268.000    25092001  0.5661205E+001  0.4198758E+000  0.1193815E+000  0.5617448E+000  0.1730695E+001  0.2907075E+000  0.1971462E+001  0.8820362E-001  0.0000000E+000  0.1001655E-012  0.6174994E+001  0.4921697E+000  0.0000000E+000  0.3242276E-001  0.2892401E-001  0.1669407E-002  0.2085958E-002  0.1705286E-001  0.0000000E+000  0.4953302E-001  0.0000000E+000  0.0000000E+000  0.9459487E-001
010112001scnd1   269.000    26092001  0.5656850E+001  0.4063150E+000  0.1153251E+000  0.5617448E+000  0.1752215E+001  0.2907075E+000  0.1971462E+001  0.8662295E-001  0.0000000E+000  0.9007012E-013  0.6175006E+001  0.4981639E+000  0.0000000E+000  0.3302129E-001  0.2901513E-001  0.1711823E-002  0.2092182E-002  0.1709627E-001  0.0000000E+000  0.4953598E-001  0.0000000E+000  0.0000000E+000  0.9937198E-001
010112001scnd1   270.000    27092001  0.5650886E+001  0.3880117E+000  0.1098627E+000  0.5617448E+000  0.1779089E+001  0.2907075E+000  0.1971462E+001  0.8474347E-001  0.0000000E+000  0.7763955E-013  0.6175020E+001  0.5060701E+000  0.0000000E+000  0.3402001E-001  0.2913912E-001  0.1779423E-002  0.2098953E-002  0.1714022E-001  0.0000000E+000  0.4954051E-001  0.0000000E+000  0.0000000E+000  0.1058324E+000
010112001scnd1   271.000    28092001  0.5645212E+001  0.3704878E+000  0.1046698E+000  0.5617448E+000  0.1808689E+001  0.2907075E+000  0.1971462E+001  0.8274319E-001  0.0000000E+000  0.6709955E-013  0.6175034E+001  0.5138015E+000  0.0000000E+000  0.3485211E-001  0.2924704E-001  0.1836554E-002  0.2105674E-002  0.1718057E-001  0.0000000E+000  0.4954399E-001  0.0000000E+000  0.0000000E+000  0.1120236E+000
010112001scnd1   272.000    29092001  0.5640778E+001  0.3565822E+000  0.1005672E+000  0.5617448E+000  0.1836257E+001  0.2907075E+000  0.1971462E+001  0.8091512E-001  0.0000000E+000  0.5968313E-013  0.6175046E+001  0.5201190E+000  0.0000000E+000  0.3529362E-001  0.2933258E-001  0.1870497E-002  0.2113126E-002  0.1722026E-001  0.0000000E+000  0.4954670E-001  0.0000000E+000  0.0000000E+000  0.1169410E+000
010112001scnd1   273.000    30092001  0.5635320E+001  0.3398018E+000  0.9564678E-001  0.5617448E+000  0.1865302E+001  0.2907075E+000  0.1971462E+001  0.7907192E-001  0.0000000E+000  0.5165227E-013  0.6175060E+001  0.5274749E+000  0.0000000E+000  0.3613393E-001  0.2945006E-001  0.1929844E-002  0.2121014E-002  0.1725839E-001  0.0000000E+000  0.4954995E-001  0.0000000E+000  0.0000000E+000  0.1228798E+000
010112001scnd1   274.000    01102001  0.5628268E+001  0.3184342E+000  0.8940531E-001  0.5617448E+000  0.1900182E+001  0.2907075E+000  0.1971462E+001  0.7701173E-001  0.0000000E+000  0.4281384E-013  0.6175073E+001  0.5366398E+000  0.0000000E+000  0.3750462E-001  0.2959803E-001  0.2021758E-002  0.2128543E-002  0.1729485E-001  0.0000000E+000  0.4955301E-001  0.0000000E+000  0.0000000E+000  0.1304579E+000
010112001scnd1   275.000    02102001  0.5620564E+001  0.2951114E+000  0.8266620E-001  0.5617448E+000  0.1939903E+001  0.2907075E+000  0.1971462E+001  0.7477785E-001  0.0000000E+000  0.3476808E-013  0.6175088E+001  0.5466332E+000  0.0000000E+000  0.3906576E-001  0.2976339E-001  0.2126673E-002  0.2137014E-002  0.1732983E-001  0.0000000E+000  0.4955804E-001  0.0000000E+000  0.0000000E+000  0.1387368E+000
010112001scnd1   276.000    03102001  0.5616683E+001  0.2829027E+000  0.7916030E-001  0.5617448E+000  0.1973325E+001  0.2907075E+000  0.1971462E+001  0.7303894E-001  0.0000000E+000  0.3099994E-013  0.6175102E+001  0.5523046E+000  0.0000000E+000  0.3896112E-001  0.2981609E-001  0.2127150E-002  0.2145199E-002  0.1736467E-001  0.0000000E+000  0.4956190E-001  0.0000000E+000  0.0000000E+000  0.1430720E+000
010112001scnd1   277.000    04102001  0.5615006E+001  0.2773480E+000  0.7756519E-001  0.5617448E+000  0.1996031E+001  0.2907075E+000  0.1971462E+001  0.7203323E-001  0.0000000E+000  0.2959334E-013  0.6175114E+001  0.5550387E+000  0.0000000E+000  0.3825629E-001  0.2983634E-001  0.2091722E-002  0.2154122E-002  0.1740153E-001  0.0000000E+000  0.4956513E-001  0.0000000E+000  0.0000000E+000  0.1450450E+000
010112001scnd1   278.000    05102001  0.5613197E+001  0.2715710E+000  0.7590627E-001  0.5617448E+000  0.2013905E+001  0.2907075E+000  0.1971462E+001  0.7123302E-001  0.0000000E+000  0.2812623E-013  0.6175129E+001  0.5577000E+000  0.0000000E+000  0.3802462E-001  0.2986365E-001  0.2083074E-002  0.2160151E-002  0.1743816E-001  0.0000000E+000  0.4956422E-001  0.0000000E+000  0.0000000E+000  0.1470975E+000
010112001scnd1   279.000    06102001  0.5610839E+001  0.2642865E+000  0.7381567E-001  0.5617448E+000  0.2029927E+001  0.2907075E+000  0.1971462E+001  0.7046938E-001  0.0000000E+000  0.2626517E-013  0.6175143E+001  0.5608734E+000  0.0000000E+000  0.3822235E-001  0.2992042E-001  0.2100931E-002  0.2165746E-002  0.1747422E-001  0.0000000E+000  0.4956627E-001  0.0000000E+000  0.0000000E+000  0.1496872E+000
010112001scnd1   280.000    07102001  0.5607071E+001  0.2528445E+000  0.7055744E-001  0.5617448E+000  0.2049358E+001  0.2907075E+000  0.1971462E+001  0.6937792E-001  0.0000000E+000  0.2349672E-013  0.6175155E+001  0.5657801E+000  0.0000000E+000  0.3909165E-001  0.3001702E-001  0.2160057E-002  0.2170617E-002  0.1750928E-001  0.0000000E+000  0.4956648E-001  0.0000000E+000  0.0000000E+000  0.1537538E+000
010112001scnd1   281.000    08102001  0.5602579E+001  0.2392308E+000  0.6670024E-001  0.5617448E+000  0.2073375E+001  0.2907075E+000  0.1971462E+001  0.6806367E-001  0.0000000E+000  0.2048357E-013  0.6175167E+001  0.5716336E+000  0.0000000E+000  0.4019552E-001  0.3011996E-001  0.2233092E-002  0.2174811E-002  0.1754343E-001  0.0000000E+000  0.4956756E-001  0.0000000E+000  0.0000000E+000  0.1585964E+000
010112001scnd1   282.000    09102001  0.5598314E+001  0.2263617E+000  0.6305405E-001  0.5617448E+000  0.2098882E+001  0.2907075E+000  0.1971462E+001  0.6693485E-001  0.0000000E+000  0.1792628E-013  0.6175188E+001  0.5770801E+000  0.0000000E+000  0.4108579E-001  0.3021497E-001  0.2294142E-002  0.2180146E-002  0.1757638E-001  0.0000000E+000  0.4956641E-001  0.0000000E+000  0.0000000E+000  0.1631825E+000
010112001scnd1   283.000    10102001  0.5595310E+001  0.2171342E+000  0.6044172E-001  0.5617448E+000  0.2122766E+001  0.2907075E+000  0.1971462E+001  0.6596532E-001  0.0000000E+000  0.1631568E-013  0.6175212E+001  0.5811091E+000  0.0000000E+000  0.4125980E-001  0.3024841E-001  0.2307740E-002  0.2183809E-002  0.1760848E-001  0.0000000E+000  0.4956441E-001  0.0000000E+000  0.0000000E+000  0.1664746E+000
010112001scnd1   284.000    11102001  0.5592351E+001  0.2081244E+000  0.5791838E-001  0.5617448E+000  0.2144146E+001  0.2907075E+000  0.1971462E+001  0.6512406E-001  0.0000000E+000  0.1487954E-013  0.6175230E+001  0.5849603E+000  0.0000000E+000  0.4155350E-001  0.3031015E-001  0.2331833E-002  0.2189546E-002  0.1763986E-001  0.0000000E+000  0.4956735E-001  0.0000000E+000  0.0000000E+000  0.1696845E+000
010112001scnd1   285.000    12102001  0.5590335E+001  0.2018686E+000  0.5616713E-001  0.5617448E+000  0.2162035E+001  0.2907075E+000  0.1971462E+001  0.6442291E-001  0.0000000E+000  0.1398175E-013  0.6175242E+001  0.5877231E+000  0.0000000E+000  0.4139898E-001  0.3034547E-001  0.2327792E-002  0.2195342E-002  0.1767061E-001  0.0000000E+000  0.4956984E-001  0.0000000E+000  0.0000000E+000  0.1719142E+000
010112001scnd1   286.000    13102001  0.5588157E+001  0.1951603E+000  0.5428920E-001  0.5617448E+000  0.2178834E+001  0.2907075E+000  0.1971462E+001  0.6372661E-001  0.0000000E+000  0.1306319E-013  0.6175258E+001  0.5906453E+000  0.0000000E+000  0.4156331E-001  0.3038574E-001  0.2342146E-002  0.2199529E-002  0.1770099E-001  0.0000000E+000  0.4957154E-001  0.0000000E+000  0.0000000E+000  0.1743068E+000
010112001scnd1   287.000    14102001  0.5586136E+001  0.1889230E+000  0.5254311E-001  0.5617448E+000  0.2194561E+001  0.2907075E+000  0.1971462E+001  0.6306819E-001  0.0000000E+000  0.1225876E-013  0.6175272E+001  0.5933729E+000  0.0000000E+000  0.4170280E-001  0.3042094E-001  0.2354356E-002  0.2203150E-002  0.1773128E-001  0.0000000E+000  0.4957503E-001  0.0000000E+000  0.0000000E+000  0.1765329E+000
010112001scnd1   288.000    15102001  0.5584921E+001  0.1850217E+000  0.5145098E-001  0.5617448E+000  0.2207157E+001  0.2907075E+000  0.1971462E+001  0.6251869E-001  0.0000000E+000  0.1181165E-013  0.6175284E+001  0.5951827E+000  0.0000000E+000  0.4144744E-001  0.3043423E-001  0.2342094E-002  0.2207120E-002  0.1776139E-001  0.0000000E+000  0.4957833E-001  0.0000000E+000  0.0000000E+000  0.1779257E+000
010112001scnd1   289.000    16102001  0.5583673E+001  0.1810560E+000  0.5034082E-001  0.5617448E+000  0.2217834E+001  0.2907075E+000  0.1971462E+001  0.6196625E-001  0.0000000E+000  0.1134545E-013  0.6175296E+001  0.5970205E+000  0.0000000E+000  0.4143017E-001  0.3046187E-001  0.2344798E-002  0.2210862E-002  0.1779135E-001  0.0000000E+000  0.4957362E-001  0.0000000E+000  0.0000000E+000  0.1793419E+000
010112001scnd1   290.000    17102001  0.5580994E+001  0.1729829E+000  0.4808092E-001  0.5617448E+000  0.2231588E+001  0.2907075E+000  0.1971462E+001  0.6122771E-001  0.0000000E+000  0.1038236E-013  0.6175307E+001  0.6004736E+000  0.0000000E+000  0.4243721E-001  0.3055070E-001  0.2411720E-002  0.2213926E-002  0.1782048E-001  0.0000000E+000  0.4956874E-001  0.0000000E+000  0.0000000E+000  0.1822284E+000
010112001scnd1   291.000    18102001  0.5578961E+001  0.1666721E+000  0.4631525E-001  0.5617448E+000  0.2246715E+001  0.2907075E+000  0.1971462E+001  0.6043601E-001  0.0000000E+000  0.9706049E-014  0.6175319E+001  0.6033381E+000  0.0000000E+000  0.4282127E-001  0.3057610E-001  0.2436255E-002  0.2214839E-002  0.1784859E-001  0.0000000E+000  0.4956923E-001  0.0000000E+000  0.0000000E+000  0.1844868E+000
010112001scnd1   292.000    19102001  0.5576983E+001  0.1605674E+000  0.4460836E-001  0.5617448E+000  0.2260874E+001  0.2907075E+000  0.1971462E+001  0.5971397E-001  0.0000000E+000  0.9075755E-014  0.6175330E+001  0.6060769E+000  0.0000000E+000  0.4319102E-001  0.3062494E-001  0.2463188E-002  0.2218358E-002  0.1787617E-001  0.0000000E+000  0.4956833E-001  0.0000000E+000  0.0000000E+000  0.1866728E+000
010112001scnd1   293.000    20102001  0.5574397E+001  0.1527210E+000  0.4241446E-001  0.5617448E+000  0.2277097E+001  0.2907075E+000  0.1971462E+001  0.5890288E-001  0.0000000E+000  0.8303369E-014  0.6175342E+001  0.6095121E+000  0.0000000E+000  0.4400502E-001  0.3069253E-001  0.2516911E-002  0.2220806E-002  0.1790291E-001  0.0000000E+000  0.4956778E-001  0.0000000E+000  0.0000000E+000  0.1894858E+000
010112001scnd1   294.000    21102001  0.5571659E+001  0.1444342E+000  0.4009844E-001  0.5617448E+000  0.2295096E+001  0.2907075E+000  0.1971462E+001  0.5804888E-001  0.0000000E+000  0.7551151E-014  0.6175353E+001  0.6131405E+000  0.0000000E+000  0.4483291E-001  0.3075932E-001  0.2571461E-002  0.2223261E-002  0.1792832E-001  0.0000000E+000  0.4956750E-001  0.0000000E+000  0.0000000E+000  0.1924600E+000
010112001scnd1   295.000    22102001  0.5569835E+001  0.1388188E+000  0.3853344E-001  0.5617448E+000  0.2310951E+001  0.2907075E+000  0.1971462E+001  0.5739178E-001  0.0000000E+000  0.7093146E-014  0.6175365E+001  0.6156558E+000  0.0000000E+000  0.4477492E-001  0.3079447E-001  0.2572586E-002  0.2228029E-002  0.1795155E-001  0.0000000E+000  0.4956666E-001  0.0000000E+000  0.0000000E+000  0.1944753E+000
010112001scnd1   296.000    23102001  0.5566871E+001  0.1300178E+000  0.3608420E-001  0.5617448E+000  0.2328947E+001  0.2907075E+000  0.1971462E+001  0.5672201E-001  0.0000000E+000  0.6387197E-014  0.6175380E+001  0.6193284E+000  0.0000000E+000  0.4599237E-001  0.3088536E-001  0.2652798E-002  0.2230861E-002  0.1797423E-001  0.0000000E+000  0.4956832E-001  0.0000000E+000  0.0000000E+000  0.1976371E+000
010112001scnd1   297.000    24102001  0.5565453E+001  0.1255890E+000  0.3485209E-001  0.5617448E+000  0.2344681E+001  0.2907075E+000  0.1971462E+001  0.5616004E-001  0.0000000E+000  0.6084356E-014  0.6175392E+001  0.6213464E+000  0.0000000E+000  0.4549475E-001  0.3086964E-001  0.2622363E-002  0.2232978E-002  0.1799691E-001  0.0000000E+000  0.4957139E-001  0.0000000E+000  0.0000000E+000  0.1992288E+000
010112001scnd1   298.000    25102001  0.5564477E+001  0.1224889E+000  0.3398963E-001  0.5617448E+000  0.2356378E+001  0.2907075E+000  0.1971462E+001  0.5570222E-001  0.0000000E+000  0.5889909E-014  0.6175398E+001  0.6228089E+000  0.0000000E+000  0.4493797E-001  0.3087485E-001  0.2592389E-002  0.2237971E-002  0.1801953E-001  0.0000000E+000  0.4957116E-001  0.0000000E+000  0.0000000E+000  0.2003429E+000
010112001scnd1   299.000    26102001  0.5563799E+001  0.1202345E+000  0.3336245E-001  0.5617448E+000  0.2365320E+001  0.2907075E+000  0.1971462E+001  0.5526769E-001  0.0000000E+000  0.5752025E-014  0.6175401E+001  0.6239486E+000  0.0000000E+000  0.4444386E-001  0.3087456E-001  0.2565110E-002  0.2241866E-002  0.1804300E-001  0.0000000E+000  0.4957257E-001  0.0000000E+000  0.0000000E+000  0.2011529E+000
010112001scnd1   300.000    27102001  0.5562692E+001  0.1167941E+000  0.3240531E-001  0.5617448E+000  0.2373617E+001  0.2907075E+000  0.1971462E+001  0.5484740E-001  0.0000000E+000  0.5531591E-014  0.6175404E+001  0.6255058E+000  0.0000000E+000  0.4464934E-001  0.3091693E-001  0.2582176E-002  0.2245465E-002  0.1806726E-001  0.0000000E+000  0.4957501E-001  0.0000000E+000  0.0000000E+000  0.2023893E+000
010112001scnd1   301.000    28102001  0.5559660E+001  0.1078738E+000  0.2992363E-001  0.5617448E+000  0.2388266E+001  0.2907075E+000  0.1971462E+001  0.5419091E-001  0.0000000E+000  0.4952924E-014  0.6175411E+001  0.6292241E+000  0.0000000E+000  0.4693785E-001  0.3103593E-001  0.2726212E-002  0.2244125E-002  0.1809024E-001  0.0000000E+000  0.4957528E-001  0.0000000E+000  0.0000000E+000  0.2056017E+000
010112001scnd1   302.000    29102001  0.5558178E+001  0.1032904E+000  0.2864852E-001  0.5617448E+000  0.2402029E+001  0.2907075E+000  0.1971462E+001  0.5360359E-001  0.0000000E+000  0.4697821E-014  0.6175421E+001  0.6313217E+000  0.0000000E+000  0.4685795E-001  0.3104053E-001  0.2721520E-002  0.2245431E-002  0.1811285E-001  0.0000000E+000  0.4957081E-001  0.0000000E+000  0.0000000E+000  0.2072533E+000
010112001scnd1   303.000    30102001  0.0000000E+000  0.0000000E+000  0.0000000E+000  0.0000000E+000  0.0000000E+000  0.0000000E+000  0.0000000E+000  0.0000000E+000  0.0000000E+000  0.0000000E+000  0.6175423E+001  0.4370226E+001  0.0000000E+000  0.1000000E+001  0.0000000E+000  0.1000000E+001  0.0000000E+000  0.1812294E-001  0.1872889E+001  0.4956865E-001  0.0000000E+000  0.0000000E+000  0.3892610E+001
