    DOY     DATE    GROWTH_STG      BRANCH_NO.      NODE_NO.        RUB_ACTVN       LEAF_rNC        LEAF_rPC        MIN_LWP         O2_STRESS       TEMP_STRESS     
010112001sced1   134.000    14052001  PLANTING                     1  0.0000000E+000  0.7798043E+000  0.3491863E-001  0.3492796E-002 -0.8570372E-002  0.0000000E+000  0.1055744E+001
010112001sced1   135.000    15052001  EMERGENCE                    1  0.5178735E-001  0.7707258E+000  0.3541480E-001  0.3550043E-002 -0.3274151E+001  0.2366351E-001  0.6711320E+000
010112001sced1   136.000    16052001  EMERGENCE                    1  0.1094254E+000  0.7776408E+000  0.3814223E-001  0.3836226E-002 -0.3260662E+001  0.3417825E-001  0.6005429E+000
010112001sced1   137.000    17052001  EMERGENCE                    1  0.1720385E+000  0.7842055E+000  0.4028272E-001  0.4071487E-002 -0.2886507E+001  0.3766634E-001  0.4852085E+000
010112001sced1   138.000    18052001  EMERGENCE                    1  0.2305198E+000  0.7878144E+000  0.4167447E-001  0.4234012E-002 -0.2839142E+001  0.4042153E-001  0.3687757E+000
010112001sced1   139.000    19052001  EMERGENCE                    1  0.2922421E+000  0.7912376E+000  0.4283009E-001  0.4373536E-002 -0.2923622E+001  0.5586432E-001  0.3584934E+000
010112001sced1   140.000    20052001  EMERGENCE                    1  0.3420728E+000  0.7931457E+000  0.4330940E-001  0.4448811E-002 -0.2183355E+001  0.9809526E-001  0.1683709E+000
010112001sced1   141.000    21052001  EMERGENCE                    1  0.3879035E+000  0.7980059E+000  0.4415805E-001  0.4572293E-002 -0.1578729E+001  0.1504364E+000  0.1045445E+000
010112001sced1   142.000    22052001  EMERGENCE                    1  0.4497193E+000  0.7930903E+000  0.4351302E-001  0.4550570E-002 -0.2107033E+001  0.1583012E+000  0.1166723E+000
010112001sced1   143.000    23052001  EMERGENCE                    1  0.5011352E+000  0.7933419E+000  0.4358918E-001  0.4601161E-002 -0.1342101E+001  0.1892369E+000  0.9368028E-001
010112001sced1   144.000    24052001  EMERGENCE                    1  0.5559312E+000  0.7923734E+000  0.4354781E-001  0.4626189E-002 -0.1141705E+001  0.2193633E+000  0.1774008E+000
010112001sced1   145.000    25052001  EMERGENCE                    1  0.6409022E+000  0.7776659E+000  0.4165072E-001  0.4440391E-002 -0.2242907E+001  0.2312053E+000  0.2396484E+000
010112001sced1   146.000    26052001  EMERGENCE                    1  0.7489161E+000  0.7588610E+000  0.3960989E-001  0.4230238E-002 -0.2552242E+001  0.2425722E+000  0.2731991E+000
010112001sced1   147.000    27052001  EMERGENCE                    1  0.8759741E+000  0.7426681E+000  0.3818867E-001  0.4093933E-002 -0.2857934E+001  0.2538746E+000  0.3967140E+000
010112001sced1   148.000    28052001  EMERGENCE                    1  0.1008374E+001  0.7285933E+000  0.3705408E-001  0.4002315E-002 -0.2807213E+001  0.2821558E+000  0.4249137E+000
010112001sced1   149.000    29052001  EMERGENCE                    1  0.1132298E+001  0.7201233E+000  0.3633121E-001  0.3958757E-002 -0.2521374E+001  0.3101732E+000  0.4705301E+000
010112001sced1   150.000    30052001  EMERGENCE                    1  0.1207620E+001  0.7374377E+000  0.3778588E-001  0.4156908E-002 -0.1740004E+000  0.3719697E+000  0.2187995E+000
010112001sced1   151.000    31052001  EMERGENCE                    1  0.1298408E+001  0.7411339E+000  0.3807915E-001  0.4212005E-002 -0.6442765E+000  0.4593075E+000  0.1138360E+000
010112001sced1   152.000    01062001  EMERGENCE                    1  0.1430240E+001  0.7180563E+000  0.3593146E-001  0.3979168E-002 -0.2132214E+001  0.4917893E+000  0.2205876E+000
010112001sced1   153.000    02062001  EMERGENCE                    1  0.1578070E+001  0.7084221E+000  0.3515645E-001  0.3879707E-002 -0.2602536E+001  0.2335109E+000  0.3581617E+000
010112001sced1   154.000    03062001  EMERGENCE                    1  0.1691507E+001  0.7111112E+000  0.3531251E-001  0.3912794E-002 -0.1233814E+001  0.3939683E+000  0.3058801E+000
010112001sced1   155.000    04062001  EMERGENCE                    1  0.1792455E+001  0.7270311E+000  0.3662295E-001  0.4071886E-002 -0.7293445E+000  0.3872109E+000  0.2354107E+000
010112001sced1   156.000    05062001  EMERGENCE                    1  0.1892982E+001  0.7318763E+000  0.3699910E-001  0.4122137E-002 -0.3218234E+000  0.4130387E+000  0.2189740E+000
010112001sced1   157.000    06062001  EMERGENCE                    1  0.2023839E+001  0.7132196E+000  0.3558430E-001  0.3975436E-002 -0.1060648E+001  0.3143081E+000  0.3852196E+000
010112001sced1   158.000    07062001  EMERGENCE                    1  0.2192346E+001  0.6947381E+000  0.3429468E-001  0.3850123E-002 -0.2684052E+001  0.2406955E+000  0.4060462E+000
010112001sced1   159.000    08062001  EMERGENCE                    1  0.2379543E+001  0.6932144E+000  0.3419618E-001  0.3839818E-002 -0.2805709E+001  0.5645648E+000  0.5560426E+000
010112001sced1   160.000    09062001  EMERGENCE                    1  0.2569587E+001  0.6999344E+000  0.3473039E-001  0.3916143E-002 -0.2859563E+001  0.5360744E+000  0.7041249E+000
010112001sced1   161.000    10062001  EMERGENCE                    1  0.2743186E+001  0.7042761E+000  0.3532634E-001  0.4034373E-002 -0.2935336E+001  0.5936513E+000  0.9450275E+000
010112001sced1   162.000    11062001  EMERGENCE                    1  0.2929340E+001  0.7262468E+000  0.3734804E-001  0.4291160E-002 -0.3052199E+001  0.5729545E+000  0.1054315E+001
010112001sced1   163.000    12062001  EMERGENCE                    1  0.3139282E+001  0.7471725E+000  0.3939230E-001  0.4520816E-002 -0.2971903E+001  0.1295796E+000  0.1115736E+001
010112001sced1   164.000    13062001  EMERGENCE                    2  0.3354171E+001  0.7547718E+000  0.4125121E-001  0.4712490E-002 -0.2868841E+001  0.6198265E+000  0.6605657E+000
010112001sced1   165.000    14062001  EMERGENCE                    2  0.3493285E+001  0.7453709E+000  0.4087946E-001  0.4731160E-002 -0.1234010E+001  0.6482455E+000  0.3309833E+000
010112001sced1   166.000    15062001  EMERGENCE                    2  0.3678202E+001  0.7450638E+000  0.4074928E-001  0.4710489E-002 -0.2770332E+001  0.2044461E+000  0.5445995E+000
010112001sced1   167.000    16062001  EMERGENCE                    3  0.3878148E+001  0.7366164E+000  0.4124892E-001  0.4708443E-002 -0.2924529E+001  0.1507364E+000  0.7063656E+000
010112001sced1   168.000    17062001  EMERGENCE                    3  0.4099540E+001  0.7406701E+000  0.4271002E-001  0.4773804E-002 -0.2815351E+001  0.1474525E+000  0.1154525E+001
010112001sced1   169.000    18062001  EMERGENCE                    3  0.4306956E+001  0.7761754E+000  0.4535653E-001  0.4954151E-002 -0.2990337E+001  0.1544061E+000  0.6161786E+000
010112001sced1   170.000    19062001  EMERGENCE                    4  0.4431234E+001  0.7727980E+000  0.4650162E-001  0.4970254E-002 -0.2215407E+001  0.2458408E+000  0.4224459E+000
010112001sced1   171.000    20062001  EMERGENCE                    4  0.4583778E+001  0.7714384E+000  0.4642238E-001  0.4841889E-002 -0.2483755E+001  0.3033776E+000  0.3076887E+000
010112001sced1   172.000    21062001  EMERGENCE                    4  0.4753209E+001  0.7670927E+000  0.4528619E-001  0.4608752E-002 -0.2769418E+001  0.2512486E+000  0.3552772E+000
010112001sced1   173.000    22062001  EMERGENCE                    4  0.4919962E+001  0.7582985E+000  0.4474843E-001  0.4450172E-002 -0.2784274E+001  0.1844608E+000  0.3874083E+000
010112001sced1   174.000    23062001  EMERGENCE                    5  0.5119379E+001  0.7431969E+000  0.4480486E-001  0.4369220E-002 -0.2863510E+001  0.5662523E+000  0.7555353E+000
010112001sced1   175.000    24062001  FLORAL_INIT.                 5  0.5439984E+001  0.7394257E+000  0.4610879E-001  0.4409779E-002 -0.3028524E+001  0.5970504E+000  0.8903022E+000
010112001sced1   176.000    25062001  FLORAL_INIT.                 5  0.5796508E+001  0.7467413E+000  0.4723662E-001  0.4443264E-002 -0.2998522E+001  0.2606422E+000  0.8604634E+000
010112001sced1   177.000    26062001  FLORAL_INIT.                 5  0.6145819E+001  0.7235017E+000  0.4665558E-001  0.4303274E-002 -0.2808404E+001  0.5602982E+000  0.7344518E+000
010112001sced1   178.000    27062001  FLORAL_INIT.                 5  0.6488342E+001  0.7333409E+000  0.4729738E-001  0.4263686E-002 -0.2924552E+001  0.1228024E+000  0.7627283E+000
010112001sced1   179.000    28062001  FLORAL_INIT.                 5  0.6833334E+001  0.7369415E+000  0.4741846E-001  0.4190735E-002 -0.2915936E+001  0.5733158E+000  0.7493025E+000
010112001sced1   180.000    29062001  FLORAL_INIT.                 5  0.7182802E+001  0.7402040E+000  0.4787630E-001  0.4156349E-002 -0.2972595E+001  0.5630134E+000  0.7765968E+000
010112001sced1   181.000    30062001  FLORAL_INIT.                 5  0.7533541E+001  0.7463204E+000  0.4869809E-001  0.4160375E-002 -0.3023704E+001  0.1311813E+000  0.9062592E+000
010112001sced1   182.000    01072001  FLORAL_INIT.                 5  0.7792925E+001  0.7427187E+000  0.4870397E-001  0.4087451E-002 -0.2475485E+001  0.3526291E+000  0.3981484E+000
010112001sced1   183.000    02072001  FLORAL_INIT.                 5  0.8083879E+001  0.7298366E+000  0.4806655E-001  0.3952025E-002 -0.2907981E+001  0.2015754E+000  0.1040657E+001
010112001sced1   184.000    03072001  FLORAL_INIT.                 5  0.8441338E+001  0.6906867E+000  0.4519152E-001  0.3643756E-002 -0.2804552E+001  0.5657274E+000  0.7526458E+000
010112001sced1   185.000    04072001  FLORAL_INIT.                 5  0.8790717E+001  0.6848479E+000  0.4511369E-001  0.3565924E-002 -0.2948196E+001  0.1410531E+000  0.7939031E+000
010112001sced1   186.000    05072001  JOINTING                     5  0.9139235E+001  0.6816326E+000  0.4513024E-001  0.3510753E-002 -0.2891889E+001  0.1374964E+000  0.7371469E+000
010112001sced1   187.000    06072001  JOINTING                     5  0.9471879E+001  0.6855400E+000  0.4591852E-001  0.3527496E-002 -0.3071933E+001  0.9438936E-001  0.1041242E+001
010112001sced1   188.000    07072001  JOINTING                     5  0.9838907E+001  0.6865624E+000  0.4638653E-001  0.3526672E-002 -0.3041290E+001  0.5203623E+000  0.1138437E+001
010112001sced1   189.000    08072001  JOINTING                     5  0.1022599E+002  0.6843032E+000  0.4650424E-001  0.3502283E-002 -0.2825564E+001  0.5402360E+000  0.8563225E+000
010112001sced1   190.000    09072001  JOINTING                     5  0.1059227E+002  0.6827938E+000  0.4664683E-001  0.3472202E-002 -0.2887818E+001  0.1598910E+000  0.7885219E+000
010112001sced1   191.000    10072001  JOINTING                     5  0.1093629E+002  0.6776537E+000  0.4650007E-001  0.3418604E-002 -0.2739781E+001  0.1304795E+000  0.7260296E+000
010112001sced1   192.000    11072001  JOINTING                     5  0.1124670E+002  0.6757564E+000  0.4670361E-001  0.3388136E-002 -0.2509350E+001  0.1535616E+000  0.8038796E+000
010112001sced1   193.000    12072001  JOINTING                     5  0.1156691E+002  0.6672498E+000  0.4596625E-001  0.3290621E-002 -0.2637798E+001  0.3947270E+000  0.5639434E+000
010112001sced1   194.000    13072001  JOINTING                     5  0.1188446E+002  0.6627148E+000  0.4565293E-001  0.3228755E-002 -0.2658952E+001  0.4747317E+000  0.5959582E+000
010112001sced1   195.000    14072001  JOINTING                     5  0.1220444E+002  0.6612610E+000  0.4546877E-001  0.3186551E-002 -0.2652189E+001  0.2301297E+000  0.5973463E+000
010112001sced1   196.000    15072001  JOINTING                     5  0.1251316E+002  0.6639105E+000  0.4589441E-001  0.3189638E-002 -0.2320493E+001  0.2697165E+000  0.7868145E+000
010112001sced1   197.000    16072001  JOINTING                     5  0.1287540E+002  0.6624269E+000  0.4613795E-001  0.3176728E-002 -0.2642915E+001  0.2037500E+000  0.1003343E+001
010112001sced1   198.000    17072001  ELONGATION                   5  0.1324353E+002  0.6664643E+000  0.4682003E-001  0.3207438E-002 -0.2685188E+001  0.3206755E+000  0.7464624E+000
010112001sced1   199.000    18072001  ELONGATION                   5  0.1362218E+002  0.6717987E+000  0.4729503E-001  0.3226470E-002 -0.2418484E+001  0.2768733E+000  0.8481914E+000
010112001sced1   200.000    19072001  ELONGATION                   5  0.1399034E+002  0.6835091E+000  0.4867939E-001  0.3290798E-002 -0.2238039E+001  0.6161636E+000  0.9617203E+000
010112001sced1   201.000    20072001  ELONGATION                   5  0.1438291E+002  0.6939729E+000  0.5060783E-001  0.3369639E-002 -0.2339186E+001  0.6243181E+000  0.1016068E+001
010112001sced1   202.000    21072001  ELONGATION                   5  0.1475859E+002  0.7089726E+000  0.5306657E-001  0.3475496E-002 -0.2450800E+001  0.3553929E+000  0.1188797E+001
010112001sced1   203.000    22072001  ELONGATION                   5  0.1514857E+002  0.7288591E+000  0.5615357E-001  0.3635464E-002 -0.2432475E+001  0.3596775E+000  0.1159920E+001
010112001sced1   204.000    23072001  ELONGATION                   5  0.1552334E+002  0.7580388E+000  0.5980166E-001  0.3847921E-002 -0.2315603E+001  0.4924539E+000  0.9345946E+000
010112001sced1   205.000    24072001  ELONGATION                   5  0.1589861E+002  0.7841827E+000  0.6385011E-001  0.4072148E-002 -0.2141114E+001  0.7292767E+000  0.6693215E+000
010112001sced1   206.000    25072001  ELONGATION                   5  0.1620255E+002  0.8123851E+000  0.6898464E-001  0.4369332E-002 -0.1541626E+001  0.7713093E+000  0.6883393E+000
010112001sced1   207.000    26072001  ELONGATION                   5  0.1650694E+002  0.8363082E+000  0.7459407E-001  0.4681458E-002 -0.1359759E+001  0.5859050E+000  0.6705717E+000
010112001sced1   208.000    27072001  ELONGATION                   5  0.1682721E+002  0.8520427E+000  0.7974937E-001  0.4949220E-002 -0.1558375E+001  0.7632776E+000  0.8752442E+000
010112001sced1   209.000    28072001  ELONGATION                   5  0.1719531E+002  0.8513989E+000  0.8149470E-001  0.4988735E-002 -0.2184127E+001  0.8732448E+000  0.7714431E+000
010112001sced1   210.000    29072001  ELONGATION                   5  0.1756099E+002  0.8572462E+000  0.8513117E-001  0.5158912E-002 -0.2294646E+001  0.7269050E+000  0.1013657E+001
010112001sced1   211.000    30072001  ELONGATION                   5  0.1794231E+002  0.8718753E+000  0.9068818E-001  0.5467238E-002 -0.2462711E+001  0.8420242E+000  0.1208868E+001
010112001sced1   212.000    31072001  ELONGATION                   5  0.1832906E+002  0.8962617E+000  0.9850116E-001  0.5958775E-002 -0.2519971E+001  0.8018406E+000  0.1247399E+001
010112001sced1   213.000    01082001  ELONGATION                   5  0.1871146E+002  0.9178051E+000  0.1065379E+000  0.6519760E-002 -0.2572441E+001  0.7516943E+000  0.1132348E+001
010112001sced1   214.000    02082001  ELONGATION                   5  0.1910356E+002  0.9297101E+000  0.1122020E+000  0.6965531E-002 -0.2533296E+001  0.7342033E+000  0.1115507E+001
010112001sced1   215.000    03082001  ELONGATION                   5  0.1948780E+002  0.9388717E+000  0.1170233E+000  0.7376141E-002 -0.2566206E+001  0.7768800E+000  0.9022961E+000
010112001sced1   216.000    04082001  ELONGATION                   5  0.1984577E+002  0.9492186E+000  0.1243097E+000  0.7957624E-002 -0.2753464E+001  0.7364112E+000  0.1039301E+001
010112001sced1   217.000    05082001  ELONGATION                   5  0.2020841E+002  0.9584021E+000  0.1315531E+000  0.8558279E-002 -0.2815509E+001  0.7606320E+000  0.1115934E+001
010112001sced1   218.000    06082001  ELONGATION                   5  0.2057317E+002  0.9642342E+000  0.1368760E+000  0.9058629E-002 -0.2800761E+001  0.7243785E+000  0.9911703E+000
010112001sced1   219.000    07082001  ANTHESIS                     5  0.2093531E+002  0.9651284E+000  0.1353565E+000  0.9001423E-002 -0.2810424E+001  0.7851120E+000  0.7208702E+000
010112001sced1   220.000    08082001  ANTHESIS                     5  0.2129342E+002  0.9602998E+000  0.1321065E+000  0.8725149E-002 -0.2849508E+001  0.8528411E+000  0.9568477E+000
010112001sced1   221.000    09082001  ANTHESIS                     5  0.2164898E+002  0.9533224E+000  0.1245131E+000  0.8170138E-002 -0.2641112E+001  0.9554815E+000  0.4716942E+000
010112001sced1   222.000    10082001  ANTHESIS                     5  0.2191966E+002  0.9404175E+000  0.1162162E+000  0.7577482E-002 -0.2659853E+001  0.9681844E+000  0.4277656E+000
010112001sced1   223.000    11082001  ANTHESIS                     5  0.2221409E+002  0.9322782E+000  0.1120355E+000  0.7246463E-002 -0.2795656E+001  0.9681553E+000  0.5225279E+000
010112001sced1   224.000    12082001  ANTHESIS                     5  0.2253054E+002  0.9286758E+000  0.1096095E+000  0.7027458E-002 -0.2779931E+001  0.9724620E+000  0.4848101E+000
010112001sced1   225.000    13082001  ANTHESIS                     5  0.2284282E+002  0.9233331E+000  0.1070016E+000  0.6800647E-002 -0.2877816E+001  0.9723863E+000  0.4880564E+000
010112001sced1   226.000    14082001  ANTHESIS                     5  0.2312065E+002  0.9137443E+000  0.1030753E+000  0.6493266E-002 -0.2632725E+001  0.9844822E+000  0.5497194E+000
010112001sced1   227.000    15082001  ANTHESIS                     5  0.2334582E+002  0.9023821E+000  0.9813063E-001  0.6119634E-002 -0.6012560E+000  0.9721663E+000  0.3614915E+000
010112001sced1   228.000    16082001  SEED_FILL                    5  0.2360529E+002  0.8807509E+000  0.9228802E-001  0.5541979E-002 -0.1246824E+001  0.9843732E+000  0.3297476E+000
010112001sced1   229.000    17082001  SEED_FILL                    5  0.2388907E+002  0.8475977E+000  0.8544408E-001  0.4918125E-002 -0.1812274E+001  0.9857404E+000  0.6730376E+000
010112001sced1   230.000    18082001  SEED_FILL                    5  0.2416885E+002  0.8069481E+000  0.7773565E-001  0.4323049E-002 -0.1981267E+001  0.9764454E+000  0.3719992E+000
010112001sced1   231.000    19082001  SEED_FILL                    5  0.2443833E+002  0.7513759E+000  0.7068136E-001  0.3806005E-002 -0.2063081E+001  0.9817746E+000  0.5203199E+000
010112001sced1   232.000    20082001  SEED_FILL                    5  0.2474771E+002  0.6872049E+000  0.6446853E-001  0.3362754E-002 -0.2101618E+001  0.9793317E+000  0.7378814E+000
010112001sced1   233.000    21082001  SEED_FILL                    5  0.2510269E+002  0.6272234E+000  0.5939122E-001  0.3021511E-002 -0.2582769E+001  0.9748231E+000  0.1132953E+001
010112001sced1   234.000    22082001  SEED_FILL                    5  0.2548359E+002  0.5764440E+000  0.5547844E-001  0.2767603E-002 -0.2502439E+001  0.9462851E+000  0.8176768E+000
010112001sced1   235.000    23082001  SEED_FILL                    5  0.2583741E+002  0.5298319E+000  0.5147664E-001  0.2535012E-002 -0.2346286E+001  0.9822972E+000  0.7320691E+000
010112001sced1   236.000    24082001  SEED_NO._SET                 5  0.2612749E+002  0.7022880E+000  0.4464675E-001  0.3477124E-002 -0.6515722E+000  0.9514629E+000  0.6314757E+000
010112001sced1   237.000    25082001  SEED_NO._SET                 5  0.2642808E+002  0.7229118E+000  0.4287777E-001  0.3390359E-002 -0.1046709E+001  0.9768069E+000  0.4982413E+000
010112001sced1   238.000    26082001  SEED_NO._SET                 5  0.2673632E+002  0.7090074E+000  0.4130801E-001  0.3249727E-002 -0.1757415E+001  0.9827412E+000  0.5315177E+000
010112001sced1   239.000    27082001  SEED_NO._SET                 5  0.2705116E+002  0.6933670E+000  0.3987844E-001  0.3110722E-002 -0.2224860E+001  0.9779860E+000  0.4784804E+000
010112001sced1   240.000    28082001  SEED_NO._SET                 5  0.2737249E+002  0.6771006E+000  0.3864294E-001  0.2986943E-002 -0.2255710E+001  0.9713287E+000  0.7309636E+000
010112001sced1   241.000    29082001  SEED_NO._SET                 5  0.2772312E+002  0.6592798E+000  0.3740967E-001  0.2861456E-002 -0.2503087E+001  0.9687883E+000  0.8345525E+000
010112001sced1   242.000    30082001  SEED_NO._SET                 5  0.2801757E+002  0.6391022E+000  0.3612061E-001  0.2735813E-002 -0.1655796E+001  0.9861571E+000  0.3882617E+000
010112001sced1   243.000    31082001  SEED_NO._SET                 5  0.2829445E+002  0.6210770E+000  0.3498128E-001  0.2615873E-002 -0.2228121E+001  0.9819154E+000  0.4502013E+000
010112001sced1   244.000    01092001  SEED_MASS_SET                5  0.2857651E+002  0.6016208E+000  0.3392240E-001  0.2506560E-002 -0.2224999E+001  0.9840564E+000  0.5622433E+000
010112001sced1   245.000    02092001  SEED_MASS_SET                5  0.2889922E+002  0.5801763E+000  0.3286639E-001  0.2393557E-002 -0.2505504E+001  0.9774481E+000  0.6788999E+000
010112001sced1   246.000    03092001  SEED_MASS_SET                5  0.2923693E+002  0.5564647E+000  0.3185850E-001  0.2281306E-002 -0.2617438E+001  0.9804763E+000  0.6382574E+000
010112001sced1   247.000    04092001  SEED_MASS_SET                5  0.2956439E+002  0.5283313E+000  0.3103594E-001  0.2198895E-002 -0.2596384E+001  0.9811113E+000  0.6405852E+000
010112001sced1   248.000    05092001  SEED_MASS_SET                5  0.2990203E+002  0.4864285E+000  0.3046628E-001  0.2162797E-002 -0.2416446E+001  0.9823353E+000  0.8325588E+000
010112001sced1   249.000    06092001  SEED_MASS_SET                5  0.3024382E+002  0.4474324E+000  0.3000109E-001  0.2133450E-002 -0.2177184E+001  0.9826781E+000  0.8491910E+000
010112001sced1   250.000    07092001  SEED_MASS_SET                5  0.3049570E+002  0.4108693E+000  0.2972806E-001  0.2122208E-002 -0.6320111E+000  0.9745169E+000  0.4456185E+000
010112001sced1   251.000    08092001  SEED_MASS_SET                5  0.3069157E+002  0.3733759E+000  0.2944619E-001  0.2104804E-002 -0.5095804E+000  0.9779309E+000  0.3346666E+000
010112001sced1   252.000    09092001  SEED_MASS_SET                5  0.3088782E+002  0.3366603E+000  0.2916884E-001  0.2083462E-002 -0.6558717E+000  0.9871272E+000  0.2279322E+000
010112001sced1   253.000    10092001  SEED_MASS_SET                5  0.3112133E+002  0.3017061E+000  0.2898420E-001  0.2066486E-002 -0.1223581E+001  0.9729434E+000  0.4153731E+000
010112001sced1   254.000    11092001  END_SEED_FILL                5  0.3139238E+002  0.2650017E+000  0.2874925E-001  0.2048688E-002 -0.1139802E+001  0.9717694E+000  0.4109975E+000
010112001sced1   255.000    12092001  END_SEED_FILL                5  0.3168269E+002  0.2251413E+000  0.2847186E-001  0.2034756E-002 -0.9705696E+000  0.9708650E+000  0.5550416E+000
010112001sced1   256.000    13092001  END_SEED_FILL                5  0.3192244E+002  0.1867215E+000  0.2828714E-001  0.2027179E-002 -0.3365664E+000  0.9788786E+000  0.4468132E+000
010112001sced1   257.000    14092001  END_SEED_FILL                5  0.3209196E+002  0.1502402E+000  0.2819334E-001  0.2025515E-002 -0.1380035E+000  0.9863316E+000  0.2924769E+000
010112001sced1   258.000    15092001  END_SEED_FILL                5  0.3223273E+002  0.1122168E+000  0.2814507E-001  0.2024738E-002 -0.6921487E-001  0.9893622E+000  0.2788987E+000
010112001sced1   259.000    16092001  END_SEED_FILL                5  0.3238474E+002  0.7246690E-001  0.2813260E-001  0.2024547E-002 -0.4274843E-001  0.9870366E+000  0.3544150E+000
010112001sced1   260.000    17092001  END_SEED_FILL                5  0.3258267E+002  0.3408137E-001  0.2816698E-001  0.2025659E-002 -0.1133794E+000  0.9866546E+000  0.3132181E+000
010112001sced1   261.000    18092001  END_SEED_FILL                5  0.3274438E+002  0.0000000E+000  0.2823957E-001  0.2031094E-002 -0.6445961E-001  0.9881021E+000  0.2977971E+000
010112001sced1   262.000    19092001  END_SEED_FILL                5  0.3295466E+002  0.0000000E+000  0.2835108E-001  0.2037502E-002 -0.1431515E+000  0.9869868E+000  0.3522661E+000
010112001sced1   263.000    20092001  END_SEED_FILL                5  0.3320059E+002  0.0000000E+000  0.2848473E-001  0.2045052E-002 -0.1628151E+000  0.9865528E+000  0.3315337E+000
010112001sced1   264.000    21092001  END_SEED_FILL                5  0.3343695E+002  0.0000000E+000  0.2861151E-001  0.2053866E-002 -0.2218193E+000  0.9851912E+000  0.3488937E+000
010112001sced1   265.000    22092001  END_SEED_FILL                5  0.3368968E+002  0.0000000E+000  0.2875360E-001  0.2064047E-002 -0.1394309E+000  0.9854361E+000  0.5049931E+000
010112001sced1   266.000    23092001  END_SEED_FILL                5  0.3382961E+002  0.0000000E+000  0.2879916E-001  0.2071311E-002 -0.6738804E-001  0.9893433E+000  0.6813885E-001
010112001sced1   267.000    24092001  END_SEED_FILL                5  0.3393267E+002  0.0000000E+000  0.2885716E-001  0.2079336E-002 -0.1028303E+000  0.9898805E+000  0.7483289E-001
010112001sced1   268.000    25092001  END_SEED_FILL                5  0.3405279E+002  0.0000000E+000  0.2892401E-001  0.2085958E-002 -0.1351907E+000  0.9892480E+000  0.1038946E+000
010112001sced1   269.000    26092001  END_SEED_FILL                5  0.3421621E+002  0.0000000E+000  0.2901513E-001  0.2092182E-002 -0.1693636E+000  0.9867693E+000  0.1858129E+000
010112001sced1   270.000    27092001  END_SEED_FILL                5  0.3443528E+002  0.0000000E+000  0.2913912E-001  0.2098953E-002 -0.1910401E+000  0.9856559E+000  0.3249066E+000
010112001sced1   271.000    28092001  END_SEED_FILL                5  0.3465572E+002  0.0000000E+000  0.2924704E-001  0.2105674E-002 -0.1907204E+000  0.9793239E+000  0.2751189E+000
010112001sced1   272.000    29092001  END_SEED_FILL                5  0.3483899E+002  0.0000000E+000  0.2933258E-001  0.2113126E-002 -0.1537919E+000  0.9861259E+000  0.2137970E+000
010112001sced1   273.000    30092001  END_SEED_FILL                5  0.3505148E+002  0.0000000E+000  0.2945006E-001  0.2121014E-002 -0.1844711E+000  0.9853636E+000  0.3105735E+000
010112001sced1   274.000    01102001  END_SEED_FILL                5  0.3530833E+002  0.0000000E+000  0.2959803E-001  0.2128543E-002 -0.2187794E+000  0.9838690E+000  0.3456080E+000
010112001sced1   275.000    02102001  END_SEED_FILL                5  0.3557980E+002  0.0000000E+000  0.2976339E-001  0.2137014E-002 -0.2412301E+000  0.9822735E+000  0.4116401E+000
010112001sced1   276.000    03102001  END_SEED_FILL                5  0.3576396E+002  0.0000000E+000  0.2981609E-001  0.2145199E-002 -0.1214618E+000  0.9817538E+000  0.2407982E+000
010112001sced1   277.000    04102001  END_SEED_FILL                5  0.3584261E+002  0.0000000E+000  0.2983634E-001  0.2154122E-002 -0.5177923E-001  0.9897777E+000  0.1388388E+000
010112001sced1   278.000    05102001  END_SEED_FILL                5  0.3592750E+002  0.0000000E+000  0.2986365E-001  0.2160151E-002 -0.8067328E-001  0.9904453E+000  0.7647782E-002
010112001sced1   279.000    06102001  END_SEED_FILL                5  0.3603489E+002  0.0000000E+000  0.2992042E-001  0.2165746E-002 -0.1194370E+000  0.9900985E+000  0.8181212E-001
010112001sced1   280.000    07102001  END_SEED_FILL                5  0.3620354E+002  0.0000000E+000  0.3001702E-001  0.2170617E-002 -0.1367327E+000  0.9883303E+000  0.3155230E+000
010112001sced1   281.000    08102001  END_SEED_FILL                5  0.3641481E+002  0.0000000E+000  0.3011996E-001  0.2174811E-002 -0.1294745E+000  0.9875630E+000  0.3906618E+000
010112001sced1   282.000    09102001  END_SEED_FILL                5  0.3662546E+002  0.0000000E+000  0.3021497E-001  0.2180146E-002 -0.6769744E-001  0.9887314E+000  0.3710539E+000
010112001sced1   283.000    10102001  END_SEED_FILL                5  0.3677982E+002  0.0000000E+000  0.3024841E-001  0.2183809E-002 -0.7093456E-001  0.9891235E+000  0.1130730E+000
010112001sced1   284.000    11102001  END_SEED_FILL                5  0.3692319E+002  0.0000000E+000  0.3031015E-001  0.2189546E-002 -0.9299623E-001  0.9897358E+000  0.1319170E+000
010112001sced1   285.000    12102001  END_SEED_FILL                5  0.3702409E+002  0.0000000E+000  0.3034547E-001  0.2195342E-002 -0.6678607E-001  0.9900934E+000  0.1530839E+000
010112001sced1   286.000    13102001  END_SEED_FILL                5  0.3713496E+002  0.0000000E+000  0.3038574E-001  0.2199529E-002 -0.6052138E-001  0.9905220E+000  0.9573685E-001
010112001sced1   287.000    14102001  END_SEED_FILL                5  0.3723844E+002  0.0000000E+000  0.3042094E-001  0.2203150E-002 -0.6986099E-001  0.9907821E+000  0.4918501E-001
010112001sced1   288.000    15102001  END_SEED_FILL                5  0.3730040E+002  0.0000000E+000  0.3043423E-001  0.2207120E-002 -0.6579021E-001  0.9915773E+000  0.8333540E-002
010112001sced1   289.000    16102001  END_SEED_FILL                5  0.3736579E+002  0.0000000E+000  0.3046187E-001  0.2210862E-002 -0.6695986E-001  0.9912423E+000  0.1912993E-001
010112001sced1   290.000    17102001  END_SEED_FILL                5  0.3750232E+002  0.0000000E+000  0.3055070E-001  0.2213926E-002 -0.9520854E-001  0.9898959E+000  0.2017938E+000
010112001sced1   291.000    18102001  END_SEED_FILL                5  0.3761361E+002  0.0000000E+000  0.3057610E-001  0.2214839E-002 -0.7638520E-001  0.9866340E+000  0.2726904E-001
010112001sced1   292.000    19102001  END_SEED_FILL                5  0.3771992E+002  0.0000000E+000  0.3062494E-001  0.2218358E-002 -0.8185974E-001  0.9900848E+000  0.4470806E-001
010112001sced1   293.000    20102001  END_SEED_FILL                5  0.3785710E+002  0.0000000E+000  0.3069253E-001  0.2220806E-002 -0.9568783E-001  0.9859805E+000  0.1000768E+000
010112001sced1   294.000    21102001  END_SEED_FILL                5  0.3800592E+002  0.0000000E+000  0.3075932E-001  0.2223261E-002 -0.9092432E-001  0.9879758E+000  0.1253883E+000
010112001sced1   295.000    22102001  END_SEED_FILL                5  0.3810754E+002  0.0000000E+000  0.3079447E-001  0.2228029E-002 -0.3669698E-001  0.9905210E+000  0.1839208E+000
010112001sced1   296.000    23102001  END_SEED_FILL                5  0.3827076E+002  0.0000000E+000  0.3088536E-001  0.2230861E-002 -0.7309137E-001  0.9904239E+000  0.2359421E+000
010112001sced1   297.000    24102001  END_SEED_FILL                5  0.3835305E+002  0.0000000E+000  0.3086964E-001  0.2232978E-002 -0.5893653E-001  0.9914478E+000  0.6005525E-001
010112001sced1   298.000    25102001  END_SEED_FILL                5  0.3840726E+002  0.0000000E+000  0.3087485E-001  0.2237971E-002 -0.5022683E-001  0.9916598E+000  0.2519340E-001
010112001sced1   299.000    26102001  END_SEED_FILL                5  0.3844687E+002  0.0000000E+000  0.3087456E-001  0.2241866E-002 -0.4799918E-001  0.9919360E+000  0.1049778E-002
010112001sced1   300.000    27102001  END_SEED_FILL                5  0.3850957E+002  0.0000000E+000  0.3091693E-001  0.2245465E-002 -0.5521445E-001  0.9917790E+000  0.7238757E-001
010112001sced1   301.000    28102001  END_SEED_FILL                5  0.3867894E+002  0.0000000E+000  0.3103593E-001  0.2244125E-002 -0.8376056E-001  0.9904270E+000  0.1296242E+000
010112001sced1   302.000    29102001  END_SEED_FILL                5  0.3876609E+002  0.0000000E+000  0.3104053E-001  0.2245431E-002 -0.5214126E-001  0.9909285E+000  0.7381551E-001
010112001sced1   303.000    30102001  PLANTING                     0  0.0000000E+000  0.1000000E+001  0.0000000E+000  0.0000000E+000 -0.5219614E-001  0.9903640E+000  0.8974560E+000
