3  1  1  0  1  1  2  0  0  2  1.5
45.0 9.5 0.0 12.5 500.0 0.0 0.125 0.0 405.0 0.025 0.0 0.70
0.15  0.075  0.15  0.075
0.015  0.009  -5.0  360.0  480.0  15.0  0.33
9.0  2.5  -1.0  0.5
0.00333  0.125  0.15
0.00  0.00  0.50  0.50  1.00  90.0  90.0
3.0  6.0  0.01  0.01  0.20E-04  0.0
1.0E-04  1.0E-04  0.33  0.10  1.0E+04  4.0E+09  5.0E-02  250.0  250.0
5.0E-03  0.40  0.0125
5.0E-03  0.35  0.030
1.0E-03  0.075  0.002
-1.25  -5.0  5.0E+03
7.2E-01 7.6E-01 8.0E-01 8.8E-01 7.6E-01 7.6E-01 8.8E-01 7.6E-01 7.2E-01
10.0E-02 2.0E-02 1.0E-02 2.5E-02 2.0E-02 2.0E-02 3.3E-02 2.5E-02 10.0E-02
10.0E-03 2.0E-03 1.0E-03 2.5E-03 2.0E-03 2.0E-03 3.3E-03 2.5E-03 10.0E-03
