 1402001   1  0.50387067E+000  0.00000000E+000  0.14494051E-004 -0.34161377E+001  0.86651337E+000  0.33075997E+000  0.16114284E+000  0.34450054E-001  0.35323133E-002  0.23683362E+000  0.94823934E-001  0.00000000E+000  0.00000000E+000  0.00000000E+000  0.00000000E+000
  0.00000000E+000  0.00000000E+000  0.33689508E+000  0.13307571E-001  0.13307584E-002  0.20329509E-001  0.20000000E-001  0.65000000E+002  0.00000000E+000  0.21849273E-001  0.15891552E-001
 1402001   1  0.50387067E+000
 1402001   1  0.20097790E-001
 1402001   1  0.20970870E-002
 1402001   1  0.00000000E+000
 1402001   1  0.00000000E+000
 1402001   1  0.00000000E+000
 1402001   1  0.86651337E+000
 1402001   1  0.23683362E+000
 1402001   1  0.00000000E+000
 1402001   1  0.94823934E-001
 1402001   1  0.00000000E+000
 1402001   1  0.00000000E+000
 1402001   1  0.00000000E+000
 1402001   1  0.00000000E+000
 1402001   1  0.00000000E+000
 1402001   1  0.00000000E+000
 1402001   1  0.33075997E+000
 1402001   1  0.34450054E-001
 1402001   1  0.11981666E-001
 1402001   1  0.00000000E+000
 1402001   1  0.23705985E-002
 1402001   1  0.00000000E+000
 1402001   1  0.00000000E+000
 1402001   1  0.00000000E+000
 1402001   1  0.00000000E+000
 1402001   1  0.00000000E+000
 1402001   1  0.35323133E-002
 1402001   1  0.11981665E-002
 1402001   1  0.00000000E+000
 1402001   1  0.23705981E-003
 1402001   1  0.00000000E+000
 1402001   1  0.00000000E+000
 1402001   1  0.00000000E+000
 1402001   1  0.00000000E+000
 1402001   1  0.00000000E+000
 1402001   1  0.00000000E+000
 1402001   1  0.00000000E+000
 1402001   1  0.00000000E+000
 1402001   1  0.24745468E-001
 1402001   1  0.00000000E+000
 1402001   1  0.00000000E+000
 1402001   1  0.00000000E+000
 1402001   1  0.00000000E+000
 1402001   1  0.00000000E+000
 1402001   1  0.00000000E+000
 1402001   1  0.00000000E+000
 1402001   1  0.00000000E+000
 1402001   1  0.00000000E+000
 1402001   1  0.00000000E+000
 1402001   1  0.00000000E+000
 1402001   1  0.00000000E+000
 1402001   1  0.00000000E+000
 1402001   1  0.00000000E+000
 1402001   1  0.00000000E+000
 1402001   1  0.00000000E+000
 1402001   1  0.00000000E+000
 1402001   1  0.48313304E-003  0.26560239E-002  0.26677586E-002  0.26729191E-002  0.26887415E-002  0.27473595E-002  0.27747252E-002  0.27602543E-002  0.27130006E-002  0.25815528E-002
 1402001   1  0.00000000E+000  0.00000000E+000  0.00000000E+000  0.00000000E+000  0.00000000E+000  0.00000000E+000  0.00000000E+000  0.00000000E+000  0.00000000E+000  0.00000000E+000
 1502001   1  0.95512092E+000  0.00000000E+000  0.11267920E-003 -0.15941467E+001  0.21704569E+001  0.10273286E+001  0.43198764E+000  0.71209535E-001  0.77602784E-002  0.73478633E+000  0.29419568E+000  0.00000000E+000  0.00000000E+000  0.00000000E+000  0.00000000E+000
  0.00000000E+000  0.00000000E+000  0.98210327E-001  0.38456609E-002  0.38456678E-003  0.20329509E-001  0.20000000E-001  0.11200000E+003  0.00000000E+000  0.13477066E+000  0.41996598E-001
 1502001   1  0.95512092E+000
 1502001   1  0.28271409E-001
 1502001   1  0.34664669E-002
 1502001   1  0.00000000E+000
 1502001   1  0.00000000E+000
 1502001   1  0.00000000E+000
 1502001   1  0.21704569E+001
 1502001   1  0.73478633E+000
 1502001   1  0.00000000E+000
 1502001   1  0.29419568E+000
 1502001   1  0.00000000E+000
 1502001   1  0.00000000E+000
 1502001   1  0.00000000E+000
 1502001   1  0.00000000E+000
 1502001   1  0.00000000E+000
 1502001   1  0.00000000E+000
 1502001   1  0.10273286E+001
 1502001   1  0.71209535E-001
 1502001   1  0.35583235E-001
 1502001   1  0.00000000E+000
 1502001   1  0.73548923E-002
 1502001   1  0.00000000E+000
 1502001   1  0.00000000E+000
 1502001   1  0.00000000E+000
 1502001   1  0.00000000E+000
 1502001   1  0.00000000E+000
 1502001   1  0.77602784E-002
 1502001   1  0.35583223E-002
 1502001   1  0.00000000E+000
 1502001   1  0.73548913E-003
 1502001   1  0.00000000E+000
 1502001   1  0.00000000E+000
 1502001   1  0.00000000E+000
 1502001   1  0.00000000E+000
 1502001   1  0.00000000E+000
 1502001   1  0.00000000E+000
 1502001   1  0.00000000E+000
 1502001   1  0.00000000E+000
 1502001   1  0.66152364E-001
 1502001   1  0.00000000E+000
 1502001   1  0.00000000E+000
 1502001   1  0.00000000E+000
 1502001   1  0.00000000E+000
 1502001   1  0.00000000E+000
 1502001   1  0.00000000E+000
 1502001   1  0.00000000E+000
 1502001   1  0.00000000E+000
 1502001   1  0.00000000E+000
 1502001   1  0.00000000E+000
 1502001   1  0.00000000E+000
 1502001   1  0.00000000E+000
 1502001   1  0.00000000E+000
 1502001   1  0.00000000E+000
 1502001   1  0.00000000E+000
 1502001   1  0.00000000E+000
 1502001   1  0.00000000E+000
 1502001   1  0.66877743E-002  0.65937494E-002  0.66157603E-002  0.65469616E-002  0.65078251E-002  0.65618227E-002  0.66195182E-002  0.66732327E-002  0.66425079E-002  0.67032161E-002
 1502001   1  0.00000000E+000  0.00000000E+000  0.00000000E+000  0.00000000E+000  0.00000000E+000  0.00000000E+000  0.00000000E+000  0.00000000E+000  0.00000000E+000  0.00000000E+000
 1602001   1  0.19671754E+001  0.00000000E+000  0.10298716E-003 -0.22323608E+000  0.46736641E+001  0.24277740E+001  0.11647092E+001  0.14618129E+000  0.16260922E-001  0.17402902E+001  0.69678235E+000  0.00000000E+000  0.00000000E+000  0.00000000E+000  0.00000000E+000
  0.00000000E+000  0.00000000E+000  0.29093651E-001  0.79879153E-003  0.79879304E-004  0.20329509E-001  0.20000000E-001  0.15300000E+003  0.00000000E+000  0.56214726E+000  0.81650734E-001
 1602001   1  0.19671754E+001
 1602001   1  0.49851377E-001
 1602001   1  0.66279341E-002
 1602001   1  0.00000000E+000
 1602001   1  0.00000000E+000
 1602001   1  0.00000000E+000
 1602001   1  0.46736641E+001
 1602001   1  0.17402902E+001
 1602001   1  0.00000000E+000
 1602001   1  0.69678235E+000
 1602001   1  0.00000000E+000
 1602001   1  0.00000000E+000
 1602001   1  0.00000000E+000
 1602001   1  0.00000000E+000
 1602001   1  0.00000000E+000
 1602001   1  0.00000000E+000
 1602001   1  0.24277740E+001
 1602001   1  0.14618129E+000
 1602001   1  0.78910351E-001
 1602001   1  0.00000000E+000
 1602001   1  0.17419558E-001
 1602001   1  0.00000000E+000
 1602001   1  0.00000000E+000
 1602001   1  0.00000000E+000
 1602001   1  0.00000000E+000
 1602001   1  0.00000000E+000
 1602001   1  0.16260922E-001
 1602001   1  0.78910328E-002
 1602001   1  0.00000000E+000
 1602001   1  0.17419561E-002
 1602001   1  0.00000000E+000
 1602001   1  0.00000000E+000
 1602001   1  0.00000000E+000
 1602001   1  0.00000000E+000
 1602001   1  0.00000000E+000
 1602001   1  0.00000000E+000
 1602001   1  0.00000000E+000
 1602001   1  0.00000000E+000
 1602001   1  0.13150193E+000
 1602001   1  0.00000000E+000
 1602001   1  0.00000000E+000
 1602001   1  0.00000000E+000
 1602001   1  0.00000000E+000
 1602001   1  0.00000000E+000
 1602001   1  0.00000000E+000
 1602001   1  0.00000000E+000
 1602001   1  0.00000000E+000
 1602001   1  0.00000000E+000
 1602001   1  0.00000000E+000
 1602001   1  0.00000000E+000
 1602001   1  0.00000000E+000
 1602001   1  0.00000000E+000
 1602001   1  0.00000000E+000
 1602001   1  0.00000000E+000
 1602001   1  0.00000000E+000
 1602001   1  0.00000000E+000
 1602001   1  0.12797859E-001  0.13325280E-001  0.12831440E-001  0.13101883E-001  0.13209123E-001  0.13308646E-001  0.13311000E-001  0.13062010E-001  0.13201196E-001  0.13353467E-001
 1602001   1  0.00000000E+000  0.00000000E+000  0.00000000E+000  0.00000000E+000  0.00000000E+000  0.00000000E+000  0.00000000E+000  0.00000000E+000  0.00000000E+000  0.00000000E+000
 1702001   1  0.27955763E+001  0.00000000E+000  0.25272265E-003 -0.38436890E+000  0.90402021E+001  0.58857050E+001  0.23047187E+001  0.36799359E+000  0.39042253E-001  0.42114615E+001  0.16861976E+001  0.00000000E+000  0.00000000E+000  0.00000000E+000  0.00000000E+000
  0.00000000E+000  0.00000000E+000  0.57423834E-001  0.83621955E-004  0.83622253E-005  0.20329509E-001  0.20000000E-001  0.24900000E+003  0.00000000E+000  0.15162579E+001  0.15770125E+000
 1702001   1  0.14644285E+001  0.43521643E+000  0.54066837E+000  0.35526294E+000
 1702001   1  0.56782119E-001  0.24991710E-001  0.32073423E-001  0.14391706E-001
 1702001   1  0.62485910E-002  0.32166084E-002  0.39567915E-002  0.16448176E-002
 1702001   1  0.00000000E+000  0.00000000E+000  0.00000000E+000  0.00000000E+000
 1702001   1  0.00000000E+000  0.00000000E+000  0.00000000E+000  0.00000000E+000
 1702001   1  0.00000000E+000  0.00000000E+000  0.00000000E+000  0.00000000E+000
 1702001   1  0.62515864E+001  0.13498175E+001  0.10589982E+001  0.37980002E+000
 1702001   1  0.32301950E+001  0.61502135E+000  0.34903374E+000  0.17211463E-001
 1702001   1  0.00000000E+000  0.00000000E+000  0.00000000E+000  0.00000000E+000
 1702001   1  0.12933151E+001  0.24624424E+000  0.13974722E+000  0.68911794E-002
 1702001   1  0.00000000E+000  0.00000000E+000  0.00000000E+000  0.00000000E+000
 1702001   1  0.00000000E+000  0.00000000E+000  0.00000000E+000  0.00000000E+000
 1702001   1  0.00000000E+000  0.00000000E+000  0.00000000E+000  0.00000000E+000
 1702001   1  0.00000000E+000  0.00000000E+000  0.00000000E+000  0.00000000E+000
 1702001   1  0.00000000E+000  0.00000000E+000  0.00000000E+000  0.00000000E+000
 1702001   1  0.00000000E+000  0.00000000E+000  0.00000000E+000  0.00000000E+000
 1702001   1  0.45186768E+001  0.85901827E+000  0.48558700E+000  0.22422645E-001
 1702001   1  0.23518381E+000  0.63885391E-001  0.53438954E-001  0.15485451E-001
 1702001   1  0.14606878E+000  0.32737579E-001  0.17871851E-001  0.92146505E-003
 1702001   1  0.00000000E+000  0.00000000E+000  0.00000000E+000  0.00000000E+000
 1702001   1  0.32332901E-001  0.61561042E-002  0.34936804E-002  0.17227948E-003
 1702001   1  0.00000000E+000  0.00000000E+000  0.00000000E+000  0.00000000E+000
 1702001   1  0.00000000E+000  0.00000000E+000  0.00000000E+000  0.00000000E+000
 1702001   1  0.00000000E+000  0.00000000E+000  0.00000000E+000  0.00000000E+000
 1702001   1  0.00000000E+000  0.00000000E+000  0.00000000E+000  0.00000000E+000
 1702001   1  0.00000000E+000  0.00000000E+000  0.00000000E+000  0.00000000E+000
 1702001   1  0.24088742E-001  0.71059763E-002  0.60933456E-002  0.17541921E-002
 1702001   1  0.14606862E-001  0.32737579E-002  0.17871858E-002  0.92146496E-004
 1702001   1  0.00000000E+000  0.00000000E+000  0.00000000E+000  0.00000000E+000
 1702001   1  0.32332875E-002  0.61561028E-003  0.34936803E-003  0.17227947E-004
 1702001   1  0.00000000E+000  0.00000000E+000  0.00000000E+000  0.00000000E+000
 1702001   1  0.00000000E+000  0.00000000E+000  0.00000000E+000  0.00000000E+000
 1702001   1  0.00000000E+000  0.00000000E+000  0.00000000E+000  0.00000000E+000
 1702001   1  0.00000000E+000  0.00000000E+000  0.00000000E+000  0.00000000E+000
 1702001   1  0.00000000E+000  0.00000000E+000  0.00000000E+000  0.00000000E+000
 1702001   1  0.00000000E+000  0.00000000E+000  0.00000000E+000  0.00000000E+000
 1702001   1  0.00000000E+000  0.00000000E+000  0.00000000E+000  0.00000000E+000
 1702001   1  0.00000000E+000  0.00000000E+000  0.00000000E+000  0.00000000E+000
 1702001   1  0.20061272E+000  0.58096461E-001  0.33193626E-001  0.60671712E-002
 1702001   1  0.00000000E+000  0.00000000E+000  0.00000000E+000  0.00000000E+000
 1702001   1  0.00000000E+000  0.00000000E+000  0.00000000E+000  0.00000000E+000
 1702001   1  0.00000000E+000  0.00000000E+000  0.00000000E+000  0.00000000E+000
 1702001   1  0.00000000E+000  0.00000000E+000  0.00000000E+000  0.00000000E+000
 1702001   1  0.00000000E+000  0.00000000E+000  0.00000000E+000  0.00000000E+000
 1702001   1  0.00000000E+000  0.00000000E+000  0.00000000E+000  0.00000000E+000
 1702001   1  0.00000000E+000  0.00000000E+000  0.00000000E+000  0.00000000E+000
 1702001   1  0.00000000E+000  0.00000000E+000  0.00000000E+000  0.00000000E+000
 1702001   1  0.00000000E+000  0.00000000E+000  0.00000000E+000  0.00000000E+000
 1702001   1  0.00000000E+000  0.00000000E+000  0.00000000E+000  0.00000000E+000
 1702001   1  0.00000000E+000  0.00000000E+000  0.00000000E+000  0.00000000E+000
 1702001   1  0.00000000E+000  0.00000000E+000  0.00000000E+000  0.00000000E+000
 1702001   1  0.00000000E+000  0.00000000E+000  0.00000000E+000  0.00000000E+000
 1702001   1  0.00000000E+000  0.00000000E+000  0.00000000E+000  0.00000000E+000
 1702001   1  0.00000000E+000  0.00000000E+000  0.00000000E+000  0.00000000E+000
 1702001   1  0.00000000E+000  0.00000000E+000  0.00000000E+000  0.00000000E+000
 1702001   1  0.00000000E+000  0.00000000E+000  0.00000000E+000  0.00000000E+000
 1702001   1  0.33104558E-001  0.29655512E-001  0.29203750E-001  0.29120276E-001  0.29527808E-001  0.29519198E-001  0.29536057E-001  0.29447403E-001  0.29408088E-001  0.29447094E-001
 1702001   1  0.00000000E+000  0.00000000E+000  0.00000000E+000  0.00000000E+000  0.00000000E+000  0.00000000E+000  0.00000000E+000  0.00000000E+000  0.00000000E+000  0.00000000E+000
 1802001   1  0.53901081E+001  0.00000000E+000  0.48314017E-003  0.27468872E+000  0.17447670E+002  0.11550584E+002  0.42887006E+001  0.74413764E+000  0.65789878E-001  0.82708302E+001  0.33056138E+001  0.25153321E+000  0.13834326E+000  0.19913040E-001  0.19913040E-001
  0.00000000E+000  0.00000000E+000  0.10734679E+000  0.10976510E-004  0.10976548E-005  0.20329509E-001  0.20000000E-001  0.36600000E+003  0.00000000E+000  0.25716112E+001  0.28500617E+000
 1802001   1  0.29475842E+001  0.86930662E+000  0.59441972E+000  0.58110183E+000  0.39769593E+000
 1802001   1  0.13567993E+000  0.41251939E-001  0.28008465E-001  0.28844047E-001  0.25932174E-001
 1802001   1  0.90760365E-002  0.27507772E-002  0.18797525E-002  0.19366362E-002  0.17046423E-002
 1802001   1  0.00000000E+000  0.00000000E+000  0.00000000E+000  0.00000000E+000  0.00000000E+000
 1802001   1  0.00000000E+000  0.00000000E+000  0.00000000E+000  0.00000000E+000  0.00000000E+000
 1802001   1  0.00000000E+000  0.00000000E+000  0.00000000E+000  0.00000000E+000  0.00000000E+000
 1802001   1  0.97146025E+001  0.27211013E+001  0.18577031E+001  0.18368506E+001  0.13174136E+001
 1802001   1  0.46806302E+001  0.12685531E+001  0.86525524E+000  0.85276729E+000  0.60362381E+000
 1802001   1  0.00000000E+000  0.00000000E+000  0.00000000E+000  0.00000000E+000  0.00000000E+000
 1802001   1  0.18714736E+001  0.50698161E+000  0.34580064E+000  0.34065941E+000  0.24069855E+000
 1802001   1  0.10985024E+000  0.39569266E-001  0.27049206E-001  0.33087563E-001  0.41976959E-001
 1802001   1  0.10985024E+000  0.39569266E-001  0.27049206E-001  0.33087563E-001  0.41976959E-001
 1802001   1  0.60417622E-001  0.21763090E-001  0.14877059E-001  0.18198166E-001  0.23087328E-001
 1802001   1  0.86964741E-002  0.31325656E-002  0.21413944E-002  0.26194309E-002  0.33231741E-002
 1802001   1  0.86964741E-002  0.31325656E-002  0.21413944E-002  0.26194309E-002  0.33231741E-002
 1802001   1  0.00000000E+000  0.00000000E+000  0.00000000E+000  0.00000000E+000  0.00000000E+000
 1802001   1  0.65384703E+001  0.17714360E+001  0.12082660E+001  0.11905740E+001  0.84183824E+000
 1802001   1  0.39393514E+000  0.11987394E+000  0.82375899E-001  0.83639786E-001  0.64312860E-001
 1802001   1  0.20820950E+000  0.64773582E-001  0.44919960E-001  0.45297649E-001  0.31117909E-001
 1802001   1  0.00000000E+000  0.00000000E+000  0.00000000E+000  0.00000000E+000  0.00000000E+000
 1802001   1  0.46786834E-001  0.12674531E-001  0.86450148E-002  0.85164867E-002  0.60174605E-002
 1802001   1  0.10985023E-002  0.39569262E-003  0.27049196E-003  0.33087569E-003  0.41976958E-003
 1802001   1  0.18125289E-002  0.65289298E-003  0.44631190E-003  0.54594467E-003  0.69261965E-003
 1802001   1  0.17392945E-003  0.62651314E-004  0.42827895E-004  0.52388637E-004  0.66463486E-004
 1802001   1  0.17392945E-003  0.62651314E-004  0.42827895E-004  0.52388637E-004  0.66463486E-004
 1802001   1  0.00000000E+000  0.00000000E+000  0.00000000E+000  0.00000000E+000  0.00000000E+000
 1802001   1  0.34901489E-001  0.10612972E-001  0.73164948E-002  0.74162083E-002  0.55427118E-002
 1802001   1  0.20820882E-001  0.64773532E-002  0.44919942E-002  0.45297635E-002  0.31117918E-002
 1802001   1  0.00000000E+000  0.00000000E+000  0.00000000E+000  0.00000000E+000  0.00000000E+000
 1802001   1  0.46786815E-002  0.12674531E-002  0.86450216E-003  0.85164874E-003  0.60174591E-003
 1802001   1  0.10985024E-003  0.39569266E-004  0.27049206E-004  0.33087563E-004  0.41976964E-004
 1802001   1  0.18125288E-003  0.65289300E-004  0.44631182E-004  0.54594486E-004  0.69261987E-004
 1802001   1  0.17392947E-004  0.62651325E-005  0.42827883E-005  0.52388637E-005  0.66463494E-005
 1802001   1  0.17392947E-004  0.62651325E-005  0.42827883E-005  0.52388637E-005  0.66463494E-005
 1802001   1  0.00000000E+000  0.00000000E+000  0.00000000E+000  0.00000000E+000  0.00000000E+000
 1802001   1  0.00000000E+000  0.00000000E+000  0.00000000E+000  0.00000000E+000  0.00000000E+000
 1802001   1  0.00000000E+000  0.00000000E+000  0.00000000E+000  0.00000000E+000  0.00000000E+000
 1802001   1  0.00000000E+000  0.00000000E+000  0.00000000E+000  0.00000000E+000  0.00000000E+000
 1802001   1  0.26959416E+000  0.98928653E-001  0.71167156E-001  0.68364106E-001  0.47899690E-001
 1802001   1  0.00000000E+000  0.00000000E+000  0.00000000E+000  0.00000000E+000  0.00000000E+000
 1802001   1  0.00000000E+000  0.00000000E+000  0.00000000E+000  0.00000000E+000  0.00000000E+000
 1802001   1  0.00000000E+000  0.00000000E+000  0.00000000E+000  0.00000000E+000  0.00000000E+000
 1802001   1  0.00000000E+000  0.00000000E+000  0.00000000E+000  0.00000000E+000  0.00000000E+000
 1802001   1  0.00000000E+000  0.00000000E+000  0.00000000E+000  0.00000000E+000  0.00000000E+000
 1802001   1  0.00000000E+000  0.00000000E+000  0.00000000E+000  0.00000000E+000  0.00000000E+000
 1802001   1  0.00000000E+000  0.00000000E+000  0.00000000E+000  0.00000000E+000  0.00000000E+000
 1802001   1  0.00000000E+000  0.00000000E+000  0.00000000E+000  0.00000000E+000  0.00000000E+000
 1802001   1  0.00000000E+000  0.00000000E+000  0.00000000E+000  0.00000000E+000  0.00000000E+000
 1802001   1  0.00000000E+000  0.00000000E+000  0.00000000E+000  0.00000000E+000  0.00000000E+000
 1802001   1  0.00000000E+000  0.00000000E+000  0.00000000E+000  0.00000000E+000  0.00000000E+000
 1802001   1  0.00000000E+000  0.00000000E+000  0.00000000E+000  0.00000000E+000  0.00000000E+000
 1802001   1  0.00000000E+000  0.00000000E+000  0.00000000E+000  0.00000000E+000  0.00000000E+000
 1802001   1  0.00000000E+000  0.00000000E+000  0.00000000E+000  0.00000000E+000  0.00000000E+000
 1802001   1  0.00000000E+000  0.00000000E+000  0.00000000E+000  0.00000000E+000  0.00000000E+000
 1802001   1  0.00000000E+000  0.00000000E+000  0.00000000E+000  0.00000000E+000  0.00000000E+000
 1802001   1  0.00000000E+000  0.00000000E+000  0.00000000E+000  0.00000000E+000  0.00000000E+000
 1802001   1  0.38154647E-001  0.57178371E-001  0.58482409E-001  0.58563143E-001  0.57837192E-001  0.57720959E-001  0.57717402E-001  0.57613440E-001  0.56501858E-001  0.56183767E-001
 1802001   1  0.46635089E-002  0.89217385E-004  0.00000000E+000  0.00000000E+000  0.00000000E+000  0.00000000E+000  0.00000000E+000  0.00000000E+000  0.00000000E+000  0.00000000E+000
 1902001   1  0.10009566E+002  0.00000000E+000  0.84716460E-003  0.16070557E+000  0.32419197E+002  0.17947863E+002  0.72849269E+001  0.12692159E+001  0.99630482E-001  0.12876428E+002  0.50969529E+001  0.25022407E+001  0.13762324E+001  0.19809395E+000  0.19809395E+000
  0.00000000E+000  0.00000000E+000  0.18233708E+000  0.10508179E-005  0.10508202E-006  0.20329509E-001  0.20000000E-001  0.47500000E+003  0.00000000E+000  0.40205016E+001  0.39965838E+000
 1902001   1  0.54150229E+001  0.16026272E+001  0.10652354E+001  0.11283213E+001  0.79835880E+000
 1902001   1  0.27229354E+000  0.79875782E-001  0.53315680E-001  0.55636000E-001  0.39371725E-001
 1902001   1  0.12425949E-001  0.36208788E-002  0.24248655E-002  0.25101493E-002  0.17764084E-002
 1902001   1  0.00000000E+000  0.00000000E+000  0.00000000E+000  0.00000000E+000  0.00000000E+000
 1902001   1  0.00000000E+000  0.00000000E+000  0.00000000E+000  0.00000000E+000  0.00000000E+000
 1902001   1  0.00000000E+000  0.00000000E+000  0.00000000E+000  0.00000000E+000  0.00000000E+000
 1902001   1  0.17845121E+002  0.50966177E+001  0.34214010E+001  0.35172536E+001  0.25388033E+001
 1902001   1  0.72032094E+001  0.19980947E+001  0.13508505E+001  0.13553795E+001  0.96889436E+000
 1902001   1  0.00000000E+000  0.00000000E+000  0.00000000E+000  0.00000000E+000  0.00000000E+000
 1902001   1  0.28525794E+001  0.79073191E+000  0.53468281E+000  0.53613931E+000  0.38281918E+000
 1902001   1  0.13445990E+001  0.39622644E+000  0.26387957E+000  0.27915567E+000  0.21837997E+000
 1902001   1  0.13445990E+001  0.39622644E+000  0.26387957E+000  0.27915567E+000  0.21837997E+000
 1902001   1  0.73952949E+000  0.21792462E+000  0.14513373E+000  0.15353560E+000  0.12010898E+000
 1902001   1  0.10644737E+000  0.31367913E-001  0.20890452E-001  0.22099813E-001  0.17288407E-001
 1902001   1  0.10644737E+000  0.31367913E-001  0.20890452E-001  0.22099813E-001  0.17288407E-001
 1902001   1  0.00000000E+000  0.00000000E+000  0.00000000E+000  0.00000000E+000  0.00000000E+000
 1902001   1  0.10041821E+002  0.27847726E+001  0.18828452E+001  0.18886997E+001  0.13497235E+001
 1902001   1  0.68644828E+000  0.20316347E+000  0.13752007E+000  0.14134589E+000  0.10073830E+000
 1902001   1  0.30295044E+000  0.91764666E-001  0.63008897E-001  0.64024784E-001  0.45317497E-001
 1902001   1  0.00000000E+000  0.00000000E+000  0.00000000E+000  0.00000000E+000  0.00000000E+000
 1902001   1  0.71314499E-001  0.19768298E-001  0.13367076E-001  0.13403479E-001  0.95704747E-002
 1902001   1  0.13445986E-001  0.39622658E-002  0.26387949E-002  0.27915579E-002  0.21837992E-002
 1902001   1  0.22185883E-001  0.65377364E-002  0.43540127E-002  0.46060686E-002  0.36032679E-002
 1902001   1  0.21289473E-002  0.62735856E-003  0.41780903E-003  0.44199626E-003  0.34576800E-003
 1902001   1  0.21289473E-002  0.62735856E-003  0.41780903E-003  0.44199626E-003  0.34576800E-003
 1902001   1  0.00000000E+000  0.00000000E+000  0.00000000E+000  0.00000000E+000  0.00000000E+000
 1902001   1  0.53841338E-001  0.15949629E-001  0.10845307E-001  0.11081134E-001  0.79130661E-002
 1902001   1  0.30294970E-001  0.91764489E-002  0.63008917E-002  0.64024753E-002  0.45317509E-002
 1902001   1  0.00000000E+000  0.00000000E+000  0.00000000E+000  0.00000000E+000  0.00000000E+000
 1902001   1  0.71314471E-002  0.19768300E-002  0.13367084E-002  0.13403475E-002  0.95704728E-003
 1902001   1  0.13445988E-002  0.39622650E-003  0.26387945E-003  0.27915579E-003  0.21837992E-003
 1902001   1  0.22185880E-002  0.65377401E-003  0.43540116E-003  0.46060688E-003  0.36032705E-003
 1902001   1  0.21289469E-003  0.62735831E-004  0.41780910E-004  0.44199627E-004  0.34576809E-004
 1902001   1  0.21289469E-003  0.62735831E-004  0.41780910E-004  0.44199627E-004  0.34576809E-004
 1902001   1  0.00000000E+000  0.00000000E+000  0.00000000E+000  0.00000000E+000  0.00000000E+000
 1902001   1  0.77428901E+000  0.22359326E+000  0.14802776E+000  0.15467858E+000  0.10911992E+000
 1902001   1  0.00000000E+000  0.00000000E+000  0.00000000E+000  0.00000000E+000  0.00000000E+000
 1902001   1  0.00000000E+000  0.00000000E+000  0.00000000E+000  0.00000000E+000  0.00000000E+000
 1902001   1  0.39188612E+000  0.15184160E+000  0.10937040E+000  0.10610693E+000  0.77272296E-001
 1902001   1  0.00000000E+000  0.00000000E+000  0.00000000E+000  0.00000000E+000  0.00000000E+000
 1902001   1  0.00000000E+000  0.00000000E+000  0.00000000E+000  0.00000000E+000  0.00000000E+000
 1902001   1  0.00000000E+000  0.00000000E+000  0.00000000E+000  0.00000000E+000  0.00000000E+000
 1902001   1  0.00000000E+000  0.00000000E+000  0.00000000E+000  0.00000000E+000  0.00000000E+000
 1902001   1  0.00000000E+000  0.00000000E+000  0.00000000E+000  0.00000000E+000  0.00000000E+000
 1902001   1  0.00000000E+000  0.00000000E+000  0.00000000E+000  0.00000000E+000  0.00000000E+000
 1902001   1  0.00000000E+000  0.00000000E+000  0.00000000E+000  0.00000000E+000  0.00000000E+000
 1902001   1  0.00000000E+000  0.00000000E+000  0.00000000E+000  0.00000000E+000  0.00000000E+000
 1902001   1  0.00000000E+000  0.00000000E+000  0.00000000E+000  0.00000000E+000  0.00000000E+000
 1902001   1  0.00000000E+000  0.00000000E+000  0.00000000E+000  0.00000000E+000  0.00000000E+000
 1902001   1  0.00000000E+000  0.00000000E+000  0.00000000E+000  0.00000000E+000  0.00000000E+000
 1902001   1  0.00000000E+000  0.00000000E+000  0.00000000E+000  0.00000000E+000  0.00000000E+000
 1902001   1  0.00000000E+000  0.00000000E+000  0.00000000E+000  0.00000000E+000  0.00000000E+000
 1902001   1  0.00000000E+000  0.00000000E+000  0.00000000E+000  0.00000000E+000  0.00000000E+000
 1902001   1  0.00000000E+000  0.00000000E+000  0.00000000E+000  0.00000000E+000  0.00000000E+000
 1902001   1  0.00000000E+000  0.00000000E+000  0.00000000E+000  0.00000000E+000  0.00000000E+000
 1902001   1  0.00000000E+000  0.00000000E+000  0.00000000E+000  0.00000000E+000  0.00000000E+000
 1902001   1  0.54442547E-001  0.85310228E-001  0.86502530E-001  0.87337919E-001  0.87620080E-001  0.87361403E-001  0.86719349E-001  0.86320631E-001  0.87317728E-001  0.87544672E-001
 1902001   1  0.16313529E-001  0.13546825E-002  0.71494083E-003  0.42507451E-003  0.41959411E-003  0.51523541E-003  0.61740365E-003  0.86304138E-003  0.30494071E-004  0.00000000E+000
 2002001   1  0.14194165E+002  0.00000000E+000  0.14490125E-002 -0.20263672E-001  0.58324146E+002  0.23756460E+002  0.12815776E+002  0.19873759E+001  0.14930893E+000  0.17146509E+002  0.66317577E+001  0.99754086E+001  0.54864750E+001  0.78971976E+000  0.78971976E+000
  0.00000000E+000  0.00000000E+000  0.32032013E+000  0.10269041E-006  0.10269064E-007  0.20329509E-001  0.20000000E-001  0.56400000E+003  0.00000000E+000  0.80189676E+001  0.49327675E+000
 2002001   1  0.77959676E+001  0.22419860E+001  0.14758328E+001  0.15707781E+001  0.11096009E+001
 2002001   1  0.45736489E+000  0.13108687E+000  0.86590596E-001  0.91294564E-001  0.64523041E-001
 2002001   1  0.18568048E-001  0.53008674E-002  0.35176915E-002  0.36726303E-002  0.25980668E-002
 2002001   1  0.00000000E+000  0.00000000E+000  0.00000000E+000  0.00000000E+000  0.00000000E+000
 2002001   1  0.00000000E+000  0.00000000E+000  0.00000000E+000  0.00000000E+000  0.00000000E+000
 2002001   1  0.00000000E+000  0.00000000E+000  0.00000000E+000  0.00000000E+000  0.00000000E+000
 2002001   1  0.32095757E+002  0.91951361E+001  0.61077852E+001  0.63713088E+001  0.45541615E+001
 2002001   1  0.95625114E+001  0.26703086E+001  0.17926465E+001  0.18225853E+001  0.12984576E+001
 2002001   1  0.00000000E+000  0.00000000E+000  0.00000000E+000  0.00000000E+000  0.00000000E+000
 2002001   1  0.37004678E+001  0.10323783E+001  0.69350517E+000  0.70410460E+000  0.50130183E+000
 2002001   1  0.54788532E+001  0.15713502E+001  0.10359426E+001  0.10952344E+001  0.79402876E+000
 2002001   1  0.54788532E+001  0.15713502E+001  0.10359426E+001  0.10952344E+001  0.79402876E+000
 2002001   1  0.30133686E+001  0.86424273E+000  0.56976855E+000  0.60237902E+000  0.43671590E+000
 2002001   1  0.43374252E+000  0.12439851E+000  0.82012087E-001  0.86706012E-001  0.62860563E-001
 2002001   1  0.43374252E+000  0.12439851E+000  0.82012087E-001  0.86706012E-001  0.62860563E-001
 2002001   1  0.00000000E+000  0.00000000E+000  0.00000000E+000  0.00000000E+000  0.00000000E+000
 2002001   1  0.13250904E+002  0.36992621E+001  0.24838989E+001  0.25243132E+001  0.17980821E+001
 2002001   1  0.10867403E+001  0.31500855E+000  0.21062715E+000  0.21920660E+000  0.15579326E+000
 2002001   1  0.37432432E+000  0.11149551E+000  0.75965978E-001  0.77817485E-001  0.55181496E-001
 2002001   1  0.00000000E+000  0.00000000E+000  0.00000000E+000  0.00000000E+000  0.00000000E+000
 2002001   1  0.92511736E-001  0.25809456E-001  0.17337635E-001  0.17602611E-001  0.12532544E-001
 2002001   1  0.54788519E-001  0.15713502E-001  0.10359421E-001  0.10952345E-001  0.79402886E-002
 2002001   1  0.90401076E-001  0.25927275E-001  0.17093047E-001  0.18071370E-001  0.13101473E-001
 2002001   1  0.86748479E-002  0.24879705E-002  0.16402415E-002  0.17341214E-002  0.12572116E-002
 2002001   1  0.86748479E-002  0.24879705E-002  0.16402415E-002  0.17341214E-002  0.12572116E-002
 2002001   1  0.00000000E+000  0.00000000E+000  0.00000000E+000  0.00000000E+000  0.00000000E+000
 2002001   1  0.81505656E-001  0.23693014E-001  0.15921336E-001  0.16463827E-001  0.11725097E-001
 2002001   1  0.37432503E-001  0.11149528E-001  0.75965854E-002  0.77817407E-002  0.55181575E-002
 2002001   1  0.00000000E+000  0.00000000E+000  0.00000000E+000  0.00000000E+000  0.00000000E+000
 2002001   1  0.92511736E-002  0.25809468E-002  0.17337629E-002  0.17602610E-002  0.12532539E-002
 2002001   1  0.54788548E-002  0.15713500E-002  0.10359425E-002  0.10952345E-002  0.79402892E-003
 2002001   1  0.90401070E-002  0.25927280E-002  0.17093050E-002  0.18071370E-002  0.13101475E-002
 2002001   1  0.86748484E-003  0.24879706E-003  0.16402423E-003  0.17341197E-003  0.12572116E-003
 2002001   1  0.86748484E-003  0.24879706E-003  0.16402423E-003  0.17341197E-003  0.12572116E-003
 2002001   1  0.00000000E+000  0.00000000E+000  0.00000000E+000  0.00000000E+000  0.00000000E+000
 2002001   1  0.49085431E+001  0.13987168E+001  0.92009073E+000  0.97075731E+000  0.68476850E+000
 2002001   1  0.00000000E+000  0.00000000E+000  0.00000000E+000  0.00000000E+000  0.00000000E+000
 2002001   1  0.00000000E+000  0.00000000E+000  0.00000000E+000  0.00000000E+000  0.00000000E+000
 2002001   1  0.51316494E+000  0.19675139E+000  0.14169469E+000  0.13768794E+000  0.10079107E+000
 2002001   1  0.00000000E+000  0.00000000E+000  0.00000000E+000  0.00000000E+000  0.00000000E+000
 2002001   1  0.00000000E+000  0.00000000E+000  0.00000000E+000  0.00000000E+000  0.00000000E+000
 2002001   1  0.00000000E+000  0.00000000E+000  0.00000000E+000  0.00000000E+000  0.00000000E+000
 2002001   1  0.00000000E+000  0.00000000E+000  0.00000000E+000  0.00000000E+000  0.00000000E+000
 2002001   1  0.00000000E+000  0.00000000E+000  0.00000000E+000  0.00000000E+000  0.00000000E+000
 2002001   1  0.00000000E+000  0.00000000E+000  0.00000000E+000  0.00000000E+000  0.00000000E+000
 2002001   1  0.00000000E+000  0.00000000E+000  0.00000000E+000  0.00000000E+000  0.00000000E+000
 2002001   1  0.00000000E+000  0.00000000E+000  0.00000000E+000  0.00000000E+000  0.00000000E+000
 2002001   1  0.00000000E+000  0.00000000E+000  0.00000000E+000  0.00000000E+000  0.00000000E+000
 2002001   1  0.00000000E+000  0.00000000E+000  0.00000000E+000  0.00000000E+000  0.00000000E+000
 2002001   1  0.00000000E+000  0.00000000E+000  0.00000000E+000  0.00000000E+000  0.00000000E+000
 2002001   1  0.00000000E+000  0.00000000E+000  0.00000000E+000  0.00000000E+000  0.00000000E+000
 2002001   1  0.00000000E+000  0.00000000E+000  0.00000000E+000  0.00000000E+000  0.00000000E+000
 2002001   1  0.00000000E+000  0.00000000E+000  0.00000000E+000  0.00000000E+000  0.00000000E+000
 2002001   1  0.00000000E+000  0.00000000E+000  0.00000000E+000  0.00000000E+000  0.00000000E+000
 2002001   1  0.00000000E+000  0.00000000E+000  0.00000000E+000  0.00000000E+000  0.00000000E+000
 2002001   1  0.00000000E+000  0.00000000E+000  0.00000000E+000  0.00000000E+000  0.00000000E+000
 2002001   1  0.65939598E-001  0.11077290E+000  0.11166126E+000  0.11302859E+000  0.11417896E+000  0.11555585E+000  0.11608411E+000  0.11146345E+000  0.11459927E+000  0.11680541E+000
 2002001   1  0.29615562E-001  0.47041629E-002  0.38019614E-002  0.30442739E-002  0.23894906E-002  0.18607056E-002  0.14682444E-002  0.42074299E-002  0.17976545E-002  0.00000000E+000
 2102001   1  0.94740629E+001  0.00000000E+000  0.23665314E-002  0.10159302E+000  0.89457108E+002  0.26933043E+002  0.18660793E+002  0.35429542E+001  0.25712383E+000  0.19496014E+002  0.74495373E+001  0.30015482E+002  0.16508514E+002  0.23762240E+001  0.23762240E+001
  0.00000000E+000  0.00000000E+000  0.26573166E+000  0.70009438E-008  0.70009648E-009  0.20329509E-001  0.20000000E-001  0.61300000E+003  0.00000000E+000  0.16641035E+002  0.54616839E+000
 2102001   1  0.51986051E+001  0.14961251E+001  0.98259348E+000  0.10533980E+001  0.74334157E+000
 2102001   1  0.92399502E+000  0.26163122E+000  0.17152178E+000  0.18300737E+000  0.12918058E+000
 2102001   1  0.38699914E-001  0.10915250E-001  0.71909316E-002  0.75905649E-002  0.53653559E-002
 2102001   1  0.00000000E+000  0.00000000E+000  0.00000000E+000  0.00000000E+000  0.00000000E+000
 2102001   1  0.00000000E+000  0.00000000E+000  0.00000000E+000  0.00000000E+000  0.00000000E+000
 2102001   1  0.00000000E+000  0.00000000E+000  0.00000000E+000  0.00000000E+000  0.00000000E+000
 2102001   1  0.49479004E+002  0.14034004E+002  0.92633381E+001  0.97477999E+001  0.69329615E+001
 2102001   1  0.10867731E+002  0.30377638E+001  0.20330033E+001  0.20785964E+001  0.14789203E+001
 2102001   1  0.00000000E+000  0.00000000E+000  0.00000000E+000  0.00000000E+000  0.00000000E+000
 2102001   1  0.41546745E+001  0.11602793E+001  0.77711862E+000  0.79329211E+000  0.56417280E+000
 2102001   1  0.16607849E+002  0.47053785E+001  0.30836043E+001  0.32826159E+001  0.23360333E+001
 2102001   1  0.16607849E+002  0.47053785E+001  0.30836043E+001  0.32826159E+001  0.23360333E+001
 2102001   1  0.91343136E+001  0.25879588E+001  0.16959838E+001  0.18054385E+001  0.12848177E+001
 2102001   1  0.13147871E+001  0.37250876E+000  0.24411871E+000  0.25987357E+000  0.18493579E+000
 2102001   1  0.13147871E+001  0.37250876E+000  0.24411871E+000  0.25987357E+000  0.18493579E+000
 2102001   1  0.00000000E+000  0.00000000E+000  0.00000000E+000  0.00000000E+000  0.00000000E+000
 2102001   1  0.15015478E+002  0.41960826E+001  0.28088398E+001  0.28705158E+001  0.20421252E+001
 2102001   1  0.19524723E+001  0.55745161E+000  0.36867905E+000  0.38888404E+000  0.27546722E+000
 2102001   1  0.43191117E+000  0.12722048E+000  0.86249039E-001  0.88660069E-001  0.62879987E-001
 2102001   1  0.00000000E+000  0.00000000E+000  0.00000000E+000  0.00000000E+000  0.00000000E+000
 2102001   1  0.10386694E+000  0.29007025E-001  0.19427966E-001  0.19832283E-001  0.14104313E-001
 2102001   1  0.16607833E+000  0.47053754E-001  0.30836035E-001  0.32826174E-001  0.23360332E-001
 2102001   1  0.27402937E+000  0.77638745E-001  0.50879478E-001  0.54163169E-001  0.38544558E-001
 2102001   1  0.26295733E-001  0.74501801E-002  0.48823720E-002  0.51974766E-002  0.36987166E-002
 2102001   1  0.26295733E-001  0.74501801E-002  0.48823720E-002  0.51974766E-002  0.36987166E-002
 2102001   1  0.00000000E+000  0.00000000E+000  0.00000000E+000  0.00000000E+000  0.00000000E+000
 2102001   1  0.14154766E+000  0.40497281E-001  0.26906647E-001  0.28178222E-001  0.19994020E-001
 2102001   1  0.43191139E-001  0.12722046E-001  0.86248936E-002  0.88660019E-002  0.62880018E-002
 2102001   1  0.00000000E+000  0.00000000E+000  0.00000000E+000  0.00000000E+000  0.00000000E+000
 2102001   1  0.10386691E-001  0.29007008E-002  0.19427966E-002  0.19832288E-002  0.14104319E-002
 2102001   1  0.16607849E-001  0.47053783E-002  0.30836053E-002  0.32826164E-002  0.23360341E-002
 2102001   1  0.27402934E-001  0.77638733E-002  0.50879461E-002  0.54163146E-002  0.38544540E-002
 2102001   1  0.26295730E-002  0.74501784E-003  0.48823727E-003  0.51974726E-003  0.36987176E-003
 2102001   1  0.26295730E-002  0.74501784E-003  0.48823727E-003  0.51974726E-003  0.36987176E-003
 2102001   1  0.00000000E+000  0.00000000E+000  0.00000000E+000  0.00000000E+000  0.00000000E+000
 2102001   1  0.16037537E+002  0.45327439E+001  0.29677525E+001  0.31581392E+001  0.22267728E+001
 2102001   1  0.00000000E+000  0.00000000E+000  0.00000000E+000  0.00000000E+000  0.00000000E+000
 2102001   1  0.00000000E+000  0.00000000E+000  0.00000000E+000  0.00000000E+000  0.00000000E+000
 2102001   1  0.57634223E+000  0.21946304E+000  0.15826371E+000  0.15458518E+000  0.11379811E+000
 2102001   1  0.00000000E+000  0.00000000E+000  0.00000000E+000  0.00000000E+000  0.00000000E+000
 2102001   1  0.00000000E+000  0.00000000E+000  0.00000000E+000  0.00000000E+000  0.00000000E+000
 2102001   1  0.00000000E+000  0.00000000E+000  0.00000000E+000  0.00000000E+000  0.00000000E+000
 2102001   1  0.00000000E+000  0.00000000E+000  0.00000000E+000  0.00000000E+000  0.00000000E+000
 2102001   1  0.00000000E+000  0.00000000E+000  0.00000000E+000  0.00000000E+000  0.00000000E+000
 2102001   1  0.00000000E+000  0.00000000E+000  0.00000000E+000  0.00000000E+000  0.00000000E+000
 2102001   1  0.00000000E+000  0.00000000E+000  0.00000000E+000  0.00000000E+000  0.00000000E+000
 2102001   1  0.00000000E+000  0.00000000E+000  0.00000000E+000  0.00000000E+000  0.00000000E+000
 2102001   1  0.00000000E+000  0.00000000E+000  0.00000000E+000  0.00000000E+000  0.00000000E+000
 2102001   1  0.00000000E+000  0.00000000E+000  0.00000000E+000  0.00000000E+000  0.00000000E+000
 2102001   1  0.00000000E+000  0.00000000E+000  0.00000000E+000  0.00000000E+000  0.00000000E+000
 2102001   1  0.00000000E+000  0.00000000E+000  0.00000000E+000  0.00000000E+000  0.00000000E+000
 2102001   1  0.00000000E+000  0.00000000E+000  0.00000000E+000  0.00000000E+000  0.00000000E+000
 2102001   1  0.00000000E+000  0.00000000E+000  0.00000000E+000  0.00000000E+000  0.00000000E+000
 2102001   1  0.00000000E+000  0.00000000E+000  0.00000000E+000  0.00000000E+000  0.00000000E+000
 2102001   1  0.00000000E+000  0.00000000E+000  0.00000000E+000  0.00000000E+000  0.00000000E+000
 2102001   1  0.00000000E+000  0.00000000E+000  0.00000000E+000  0.00000000E+000  0.00000000E+000
 2102001   1  0.69747634E-001  0.12596114E+000  0.12707043E+000  0.12693492E+000  0.12566966E+000  0.12585555E+000  0.13013093E+000  0.12694894E+000  0.12829047E+000  0.13584197E+000
 2102001   1  0.47543161E-001  0.89193759E-002  0.68864231E-002  0.77668088E-002  0.96518900E-002  0.96983761E-002  0.60573183E-002  0.79217525E-002  0.68562729E-002  0.00000000E+000
 2202001   1  0.44921808E+001  0.00000000E+000  0.29453842E-002 -0.91735840E-001  0.11710790E+003  0.28858053E+002  0.16557024E+002  0.50009522E+001  0.38646439E+000  0.20840742E+002  0.80173130E+001  0.48871548E+002  0.26879353E+002  0.39694960E+001  0.39694960E+001
  0.00000000E+000  0.00000000E+000  0.99607281E-001  0.40216069E-009  0.40216289E-010  0.20329509E-001  0.20000000E-001  0.72200000E+003  0.00000000E+000  0.16217052E+002  0.57466984E+000
 2202001   1  0.24057889E+001  0.72496873E+000  0.48608404E+000  0.51016241E+000  0.36517680E+000
 2202001   1  0.13336369E+001  0.39036015E+000  0.26045024E+000  0.27338055E+000  0.19491383E+000
 2202001   1  0.71811616E-001  0.20896193E-001  0.13948777E-001  0.14589089E-001  0.10397707E-001
 2202001   1  0.00000000E+000  0.00000000E+000  0.00000000E+000  0.00000000E+000  0.00000000E+000
 2202001   1  0.00000000E+000  0.00000000E+000  0.00000000E+000  0.00000000E+000  0.00000000E+000
 2202001   1  0.00000000E+000  0.00000000E+000  0.00000000E+000  0.00000000E+000  0.00000000E+000
 2202001   1  0.64506256E+002  0.18435953E+002  0.12189309E+002  0.12837868E+002  0.91385164E+001
 2202001   1  0.11600185E+002  0.32516036E+001  0.21743946E+001  0.22288103E+001  0.15857480E+001
 2202001   1  0.00000000E+000  0.00000000E+000  0.00000000E+000  0.00000000E+000  0.00000000E+000
 2202001   1  0.44639344E+001  0.12505662E+001  0.83681750E+000  0.85671681E+000  0.60927820E+000
 2202001   1  0.26861525E+002  0.77075796E+001  0.50714140E+001  0.53927755E+001  0.38382530E+001
 2202001   1  0.26861525E+002  0.77075796E+001  0.50714140E+001  0.53927755E+001  0.38382530E+001
 2202001   1  0.14773837E+002  0.42391725E+001  0.27892802E+001  0.29660239E+001  0.21110377E+001
 2202001   1  0.21804674E+001  0.62634867E+000  0.41230068E+000  0.43833548E+000  0.31204399E+000
 2202001   1  0.21804674E+001  0.62634867E+000  0.41230068E+000  0.43833548E+000  0.31204399E+000
 2202001   1  0.00000000E+000  0.00000000E+000  0.00000000E+000  0.00000000E+000  0.00000000E+000
 2202001   1  0.16064119E+002  0.45021696E+001  0.30112121E+001  0.30855272E+001  0.21950262E+001
 2202001   1  0.27291756E+001  0.79353273E+000  0.52867723E+000  0.55468035E+000  0.39488596E+000
 2202001   1  0.48489150E+000  0.14260347E+000  0.96421994E-001  0.99439941E-001  0.70544742E-001
 2202001   1  0.00000000E+000  0.00000000E+000  0.00000000E+000  0.00000000E+000  0.00000000E+000
 2202001   1  0.11159839E+000  0.31264216E-001  0.20920426E-001  0.21417895E-001  0.15231944E-001
 2202001   1  0.26861492E+000  0.77075794E-001  0.50714150E-001  0.53927746E-001  0.38382526E-001
 2202001   1  0.44321510E+000  0.12717509E+000  0.83678372E-001  0.88980794E-001  0.63331172E-001
 2202001   1  0.43609355E-001  0.12526982E-001  0.82460139E-002  0.87667145E-002  0.62408810E-002
 2202001   1  0.43609355E-001  0.12526982E-001  0.82460139E-002  0.87667145E-002  0.62408810E-002
 2202001   1  0.00000000E+000  0.00000000E+000  0.00000000E+000  0.00000000E+000  0.00000000E+000
 2202001   1  0.21136548E+000  0.61213441E-001  0.40771458E-001  0.42719059E-001  0.30394930E-001
 2202001   1  0.48489150E-001  0.14260340E-001  0.96421903E-002  0.99439872E-002  0.70544775E-002
 2202001   1  0.00000000E+000  0.00000000E+000  0.00000000E+000  0.00000000E+000  0.00000000E+000
 2202001   1  0.11159833E-001  0.31264187E-002  0.20920427E-002  0.21417907E-002  0.15231948E-002
 2202001   1  0.26861519E-001  0.77075819E-002  0.50714142E-002  0.53927745E-002  0.38382541E-002
 2202001   1  0.44321496E-001  0.12717508E-001  0.83678309E-002  0.88980747E-002  0.63331192E-002
 2202001   1  0.43609338E-002  0.12526984E-002  0.82460145E-003  0.87667123E-003  0.62408799E-003
 2202001   1  0.43609338E-002  0.12526984E-002  0.82460145E-003  0.87667123E-003  0.62408799E-003
 2202001   1  0.00000000E+000  0.00000000E+000  0.00000000E+000  0.00000000E+000  0.00000000E+000
 2202001   1  0.25119953E+002  0.71843476E+001  0.47210083E+001  0.50208220E+001  0.35514412E+001
 2202001   1  0.14545084E+002  0.41736879E+001  0.27427633E+001  0.29210114E+001  0.20667379E+001
 2202001   1  0.00000000E+000  0.00000000E+000  0.00000000E+000  0.00000000E+000  0.00000000E+000
 2202001   1  0.60763872E+000  0.23176417E+000  0.16739334E+000  0.16391884E+000  0.12107858E+000
 2202001   1  0.00000000E+000  0.00000000E+000  0.00000000E+000  0.00000000E+000  0.00000000E+000
 2202001   1  0.00000000E+000  0.00000000E+000  0.00000000E+000  0.00000000E+000  0.00000000E+000
 2202001   1  0.00000000E+000  0.00000000E+000  0.00000000E+000  0.00000000E+000  0.00000000E+000
 2202001   1  0.00000000E+000  0.00000000E+000  0.00000000E+000  0.00000000E+000  0.00000000E+000
 2202001   1  0.00000000E+000  0.00000000E+000  0.00000000E+000  0.00000000E+000  0.00000000E+000
 2202001   1  0.00000000E+000  0.00000000E+000  0.00000000E+000  0.00000000E+000  0.00000000E+000
 2202001   1  0.00000000E+000  0.00000000E+000  0.00000000E+000  0.00000000E+000  0.00000000E+000
 2202001   1  0.00000000E+000  0.00000000E+000  0.00000000E+000  0.00000000E+000  0.00000000E+000
 2202001   1  0.00000000E+000  0.00000000E+000  0.00000000E+000  0.00000000E+000  0.00000000E+000
 2202001   1  0.00000000E+000  0.00000000E+000  0.00000000E+000  0.00000000E+000  0.00000000E+000
 2202001   1  0.00000000E+000  0.00000000E+000  0.00000000E+000  0.00000000E+000  0.00000000E+000
 2202001   1  0.00000000E+000  0.00000000E+000  0.00000000E+000  0.00000000E+000  0.00000000E+000
 2202001   1  0.00000000E+000  0.00000000E+000  0.00000000E+000  0.00000000E+000  0.00000000E+000
 2202001   1  0.00000000E+000  0.00000000E+000  0.00000000E+000  0.00000000E+000  0.00000000E+000
 2202001   1  0.00000000E+000  0.00000000E+000  0.00000000E+000  0.00000000E+000  0.00000000E+000
 2202001   1  0.00000000E+000  0.00000000E+000  0.00000000E+000  0.00000000E+000  0.00000000E+000
 2202001   1  0.00000000E+000  0.00000000E+000  0.00000000E+000  0.00000000E+000  0.00000000E+000
 2202001   1  0.74790075E-001  0.13367221E+000  0.13598262E+000  0.13436152E+000  0.12787949E+000  0.13025019E+000  0.13830709E+000  0.13534977E+000  0.13501787E+000  0.14618230E+000
 2202001   1  0.59127923E-001  0.11585353E-001  0.95916456E-002  0.12560050E-001  0.18448250E-001  0.15614229E-001  0.90889949E-002  0.10276307E-001  0.11284714E-001  0.00000000E+000
 2302001   1  0.12158197E+002  0.00000000E+000  0.36659341E-002  0.86730957E-001  0.16054457E+003  0.28858053E+002  0.11522888E+002  0.50032773E+001  0.38646436E+000  0.20840742E+002  0.80173130E+001  0.56174500E+002  0.41605759E+002  0.72676864E+001  0.72676864E+001
  0.45675159E+001  0.00000000E+000  0.21040885E-001  0.74126240E-010  0.74126434E-011  0.20329509E-001  0.20000000E-001  0.78700000E+003  0.00000000E+000  0.11515787E+002  0.57828319E+000
 2302001   1  0.67425437E+001  0.19046153E+001  0.12479817E+001  0.13271918E+001  0.93586528E+000
 2302001   1  0.91566634E+000  0.26449946E+000  0.17454144E+000  0.18540606E+000  0.13156819E+000
 2302001   1  0.29134775E-001  0.84492452E-002  0.55987383E-002  0.59174136E-002  0.42046634E-002
 2302001   1  0.00000000E+000  0.00000000E+000  0.00000000E+000  0.00000000E+000  0.00000000E+000
 2302001   1  0.00000000E+000  0.00000000E+000  0.00000000E+000  0.00000000E+000  0.00000000E+000
 2302001   1  0.00000000E+000  0.00000000E+000  0.00000000E+000  0.00000000E+000  0.00000000E+000
 2302001   1  0.88338234E+002  0.25299864E+002  0.16708351E+002  0.17646027E+002  0.12552093E+002
 2302001   1  0.11600185E+002  0.32516036E+001  0.21743946E+001  0.22288103E+001  0.15857480E+001
 2302001   1  0.00000000E+000  0.00000000E+000  0.00000000E+000  0.00000000E+000  0.00000000E+000
 2302001   1  0.44639344E+001  0.12505662E+001  0.83681750E+000  0.85671681E+000  0.60927820E+000
 2302001   1  0.30805582E+002  0.88762016E+001  0.58487358E+001  0.62166071E+001  0.44273710E+001
 2302001   1  0.30805582E+002  0.88762016E+001  0.58487358E+001  0.62166071E+001  0.44273710E+001
 2302001   1  0.22818800E+002  0.65735617E+001  0.43307734E+001  0.46040740E+001  0.32785540E+001
 2302001   1  0.39628899E+001  0.11539621E+001  0.76261175E+000  0.81032997E+000  0.57789284E+000
 2302001   1  0.39628899E+001  0.11539621E+001  0.76261175E+000  0.81032997E+000  0.57789284E+000
 2302001   1  0.25134714E+001  0.72034216E+000  0.47328055E+000  0.50392550E+000  0.35649624E+000
 2302001   1  0.16064119E+002  0.45021696E+001  0.30112121E+001  0.30855272E+001  0.21950262E+001
 2302001   1  0.27385817E+001  0.79202449E+000  0.52491164E+000  0.55403757E+000  0.39372176E+000
 2302001   1  0.48460782E+000  0.14255784E+000  0.96398562E-001  0.99416085E-001  0.70531949E-001
 2302001   1  0.00000000E+000  0.00000000E+000  0.00000000E+000  0.00000000E+000  0.00000000E+000
 2302001   1  0.11159839E+000  0.31264216E-001  0.20920426E-001  0.21417895E-001  0.15231944E-001
 2302001   1  0.30805567E+000  0.88761993E-001  0.58487426E-001  0.62166031E-001  0.44273749E-001
 2302001   1  0.65959907E+000  0.18996879E+000  0.12512811E+000  0.13306122E+000  0.94740354E-001
 2302001   1  0.79257801E-001  0.23079254E-001  0.15252229E-001  0.16206609E-001  0.11557861E-001
 2302001   1  0.79257801E-001  0.23079254E-001  0.15252229E-001  0.16206609E-001  0.11557861E-001
 2302001   1  0.10053884E+000  0.28813681E-001  0.18931221E-001  0.20157015E-001  0.14259847E-001
 2302001   1  0.21142630E+000  0.61201736E-001  0.40635742E-001  0.42780556E-001  0.30420024E-001
 2302001   1  0.48460774E-001  0.14255772E-001  0.96398452E-002  0.99415993E-002  0.70531974E-002
 2302001   1  0.00000000E+000  0.00000000E+000  0.00000000E+000  0.00000000E+000  0.00000000E+000
 2302001   1  0.11159833E-001  0.31264187E-002  0.20920427E-002  0.21417907E-002  0.15231948E-002
 2302001   1  0.30805586E-001  0.88762073E-002  0.58487402E-002  0.62166047E-002  0.44273767E-002
 2302001   1  0.65959893E-001  0.18996874E-001  0.12512807E-001  0.13306119E-001  0.94740354E-002
 2302001   1  0.79257768E-002  0.23079265E-002  0.15252236E-002  0.16206600E-002  0.11557860E-002
 2302001   1  0.79257768E-002  0.23079265E-002  0.15252236E-002  0.16206600E-002  0.11557860E-002
 2302001   1  0.10053882E-001  0.28813684E-002  0.18931221E-002  0.20157013E-002  0.14259849E-002
 2302001   1  0.25119953E+002  0.71843476E+001  0.47210083E+001  0.50208220E+001  0.35514412E+001
 2302001   1  0.94603828E+002  0.27111277E+002  0.17812239E+002  0.18965912E+002  0.13416986E+002
 2302001   1  0.31320404E-001  0.31331941E-001  0.31328943E-001  0.31338833E-001  0.31338755E-001
 2302001   1  0.60763872E+000  0.23176417E+000  0.16739334E+000  0.16391884E+000  0.12107858E+000
 2302001   1  0.00000000E+000  0.00000000E+000  0.00000000E+000  0.00000000E+000  0.00000000E+000
 2302001   1  0.00000000E+000  0.00000000E+000  0.00000000E+000  0.00000000E+000  0.00000000E+000
 2302001   1  0.00000000E+000  0.00000000E+000  0.00000000E+000  0.00000000E+000  0.00000000E+000
 2302001   1  0.00000000E+000  0.00000000E+000  0.00000000E+000  0.00000000E+000  0.00000000E+000
 2302001   1  0.00000000E+000  0.00000000E+000  0.00000000E+000  0.00000000E+000  0.00000000E+000
 2302001   1  0.00000000E+000  0.00000000E+000  0.00000000E+000  0.00000000E+000  0.00000000E+000
 2302001   1  0.00000000E+000  0.00000000E+000  0.00000000E+000  0.00000000E+000  0.00000000E+000
 2302001   1  0.00000000E+000  0.00000000E+000  0.00000000E+000  0.00000000E+000  0.00000000E+000
 2302001   1  0.00000000E+000  0.00000000E+000  0.00000000E+000  0.00000000E+000  0.00000000E+000
 2302001   1  0.00000000E+000  0.00000000E+000  0.00000000E+000  0.00000000E+000  0.00000000E+000
 2302001   1  0.00000000E+000  0.00000000E+000  0.00000000E+000  0.00000000E+000  0.00000000E+000
 2302001   1  0.00000000E+000  0.00000000E+000  0.00000000E+000  0.00000000E+000  0.00000000E+000
 2302001   1  0.00000000E+000  0.00000000E+000  0.00000000E+000  0.00000000E+000  0.00000000E+000
 2302001   1  0.00000000E+000  0.00000000E+000  0.00000000E+000  0.00000000E+000  0.00000000E+000
 2302001   1  0.00000000E+000  0.00000000E+000  0.00000000E+000  0.00000000E+000  0.00000000E+000
 2302001   1  0.00000000E+000  0.00000000E+000  0.00000000E+000  0.00000000E+000  0.00000000E+000
 2302001   1  0.00000000E+000  0.00000000E+000  0.00000000E+000  0.00000000E+000  0.00000000E+000
 2302001   1  0.74568942E-001  0.13495265E+000  0.13709486E+000  0.13330440E+000  0.12661400E+000  0.12956485E+000  0.13729504E+000  0.13649246E+000  0.13450561E+000  0.14740036E+000
 2302001   1  0.62844448E-001  0.12442721E-001  0.10409245E-001  0.13874410E-001  0.21237686E-001  0.18033136E-001  0.10706839E-001  0.10990256E-001  0.13422258E-001  0.00000000E+000
 2402001   1  0.22686930E+002  0.00000000E+000  0.36168408E-002  0.91552734E-003  0.20665527E+003  0.28858053E+002  0.75588455E+001  0.57266126E+001  0.45839512E+000  0.20840742E+002  0.80173130E+001  0.56174500E+002  0.46213795E+002  0.72676864E+001  0.72676864E+001
  0.30714573E+002  0.00000000E+000  0.24140163E-002  0.83052263E-011  0.83052472E-012  0.20329509E-001  0.20000000E-001  0.82600000E+003  0.00000000E+000  0.75587897E+001  0.57828319E+000
 2402001   1  0.12553380E+002  0.35593364E+001  0.23629405E+001  0.24631486E+001  0.17481257E+001
 2402001   1  0.48135945E+000  0.13649224E+000  0.90552904E-001  0.94530813E-001  0.67077316E-001
 2402001   1  0.26988478E-001  0.76639643E-002  0.50861626E-002  0.53072018E-002  0.37664855E-002
 2402001   1  0.00000000E+000  0.00000000E+000  0.00000000E+000  0.00000000E+000  0.00000000E+000
 2402001   1  0.00000000E+000  0.00000000E+000  0.00000000E+000  0.00000000E+000  0.00000000E+000
 2402001   1  0.00000000E+000  0.00000000E+000  0.00000000E+000  0.00000000E+000  0.00000000E+000
 2402001   1  0.11371120E+003  0.32567371E+002  0.21512987E+002  0.22713352E+002  0.16150377E+002
 2402001   1  0.11600185E+002  0.32516036E+001  0.21743946E+001  0.22288103E+001  0.15857480E+001
 2402001   1  0.00000000E+000  0.00000000E+000  0.00000000E+000  0.00000000E+000  0.00000000E+000
 2402001   1  0.44639344E+001  0.12505662E+001  0.83681750E+000  0.85671681E+000  0.60927820E+000
 2402001   1  0.30805582E+002  0.88762016E+001  0.58487358E+001  0.62166071E+001  0.44273710E+001
 2402001   1  0.30805582E+002  0.88762016E+001  0.58487358E+001  0.62166071E+001  0.44273710E+001
 2402001   1  0.25348528E+002  0.73009853E+001  0.48089523E+001  0.51139178E+001  0.36414094E+001
 2402001   1  0.39628899E+001  0.11539621E+001  0.76261175E+000  0.81032997E+000  0.57789284E+000
 2402001   1  0.39628899E+001  0.11539621E+001  0.76261175E+000  0.81032997E+000  0.57789284E+000
 2402001   1  0.16901897E+002  0.48440747E+001  0.31822565E+001  0.33890319E+001  0.23973122E+001
 2402001   1  0.16064119E+002  0.45021696E+001  0.30112121E+001  0.30855272E+001  0.21950262E+001
 2402001   1  0.31424677E+001  0.90463448E+000  0.59903944E+000  0.63165045E+000  0.44882041E+000
 2402001   1  0.43951273E+000  0.12973547E+000  0.87883063E-001  0.90535127E-001  0.64358085E-001
 2402001   1  0.00000000E+000  0.00000000E+000  0.00000000E+000  0.00000000E+000  0.00000000E+000
 2402001   1  0.11159839E+000  0.31264216E-001  0.20920426E-001  0.21417895E-001  0.15231944E-001
 2402001   1  0.30805567E+000  0.88761993E-001  0.58487426E-001  0.62166031E-001  0.44273749E-001
 2402001   1  0.96735001E+000  0.27845904E+000  0.18340087E+000  0.19502610E+000  0.13887118E+000
 2402001   1  0.79257801E-001  0.23079254E-001  0.15252229E-001  0.16206609E-001  0.11557861E-001
 2402001   1  0.79257801E-001  0.23079254E-001  0.15252229E-001  0.16206609E-001  0.11557861E-001
 2402001   1  0.67607582E+000  0.19376296E+000  0.12729025E+000  0.13556126E+000  0.95892467E-001
 2402001   1  0.25133684E+000  0.72471224E-001  0.48029900E-001  0.50605968E-001  0.35951201E-001
 2402001   1  0.43951225E-001  0.12973534E-001  0.87882783E-002  0.90534966E-002  0.64358274E-002
 2402001   1  0.00000000E+000  0.00000000E+000  0.00000000E+000  0.00000000E+000  0.00000000E+000
 2402001   1  0.11159833E-001  0.31264187E-002  0.20920427E-002  0.21417907E-002  0.15231948E-002
 2402001   1  0.30805586E-001  0.88762073E-002  0.58487402E-002  0.62166047E-002  0.44273767E-002
 2402001   1  0.54972589E-001  0.15838960E-001  0.10435209E-001  0.11089427E-001  0.78974999E-002
 2402001   1  0.79257768E-002  0.23079265E-002  0.15252236E-002  0.16206600E-002  0.11557860E-002
 2402001   1  0.79257768E-002  0.23079265E-002  0.15252236E-002  0.16206600E-002  0.11557860E-002
 2402001   1  0.67607589E-001  0.19376284E-001  0.12729023E-001  0.13556127E-001  0.95892455E-002
 2402001   1  0.25119953E+002  0.71843476E+001  0.47210083E+001  0.50208220E+001  0.35514412E+001
 2402001   1  0.13757162E+003  0.39430187E+002  0.25901693E+002  0.27587896E+002  0.19514078E+002
 2402001   1  0.15227649E+000  0.15235636E+000  0.15233922E+000  0.15239049E+000  0.15238570E+000
 2402001   1  0.60763872E+000  0.23176417E+000  0.16739334E+000  0.16391884E+000  0.12107858E+000
 2402001   1  0.00000000E+000  0.00000000E+000  0.00000000E+000  0.00000000E+000  0.00000000E+000
 2402001   1  0.00000000E+000  0.00000000E+000  0.00000000E+000  0.00000000E+000  0.00000000E+000
 2402001   1  0.00000000E+000  0.00000000E+000  0.00000000E+000  0.00000000E+000  0.00000000E+000
 2402001   1  0.00000000E+000  0.00000000E+000  0.00000000E+000  0.00000000E+000  0.00000000E+000
 2402001   1  0.00000000E+000  0.00000000E+000  0.00000000E+000  0.00000000E+000  0.00000000E+000
 2402001   1  0.00000000E+000  0.00000000E+000  0.00000000E+000  0.00000000E+000  0.00000000E+000
 2402001   1  0.00000000E+000  0.00000000E+000  0.00000000E+000  0.00000000E+000  0.00000000E+000
 2402001   1  0.00000000E+000  0.00000000E+000  0.00000000E+000  0.00000000E+000  0.00000000E+000
 2402001   1  0.00000000E+000  0.00000000E+000  0.00000000E+000  0.00000000E+000  0.00000000E+000
 2402001   1  0.00000000E+000  0.00000000E+000  0.00000000E+000  0.00000000E+000  0.00000000E+000
 2402001   1  0.00000000E+000  0.00000000E+000  0.00000000E+000  0.00000000E+000  0.00000000E+000
 2402001   1  0.00000000E+000  0.00000000E+000  0.00000000E+000  0.00000000E+000  0.00000000E+000
 2402001   1  0.00000000E+000  0.00000000E+000  0.00000000E+000  0.00000000E+000  0.00000000E+000
 2402001   1  0.00000000E+000  0.00000000E+000  0.00000000E+000  0.00000000E+000  0.00000000E+000
 2402001   1  0.00000000E+000  0.00000000E+000  0.00000000E+000  0.00000000E+000  0.00000000E+000
 2402001   1  0.00000000E+000  0.00000000E+000  0.00000000E+000  0.00000000E+000  0.00000000E+000
 2402001   1  0.00000000E+000  0.00000000E+000  0.00000000E+000  0.00000000E+000  0.00000000E+000
 2402001   1  0.74568942E-001  0.13495265E+000  0.13709486E+000  0.13330440E+000  0.12661400E+000  0.12956485E+000  0.13729504E+000  0.13649246E+000  0.13450561E+000  0.14740036E+000
 2402001   1  0.62844448E-001  0.12442721E-001  0.10409245E-001  0.13874410E-001  0.21237686E-001  0.18033136E-001  0.10706839E-001  0.10990256E-001  0.13422258E-001  0.00000000E+000
 2502001   1  0.27981110E+002  0.00000000E+000  0.50381976E-002 -0.91763306E+000  0.23656505E+003  0.27113171E+002  0.50591054E+001  0.57295976E+001  0.45943204E+000  0.19587847E+002  0.75161395E+001  0.56174500E+002  0.51054024E+002  0.72676864E+001  0.72676864E+001
  0.49286591E+002  0.00000000E+000  0.30488530E-003  0.10278198E-011  0.10278223E-012  0.20329509E-001  0.20000000E-001  0.87500000E+003  0.00000000E+000  0.50591578E+001  0.55660927E+000
 2502001   1  0.15593398E+002  0.43635139E+001  0.29150434E+001  0.29847398E+001  0.21244154E+001
 2502001   1  0.40228763E+000  0.11299238E+000  0.75462423E-001  0.77481292E-001  0.55144288E-001
 2502001   1  0.17691158E-001  0.49867672E-002  0.33321974E-002  0.34259344E-002  0.24386984E-002
 2502001   1  0.00000000E+000  0.00000000E+000  0.00000000E+000  0.00000000E+000  0.00000000E+000
 2502001   1  0.00000000E+000  0.00000000E+000  0.00000000E+000  0.00000000E+000  0.00000000E+000
 2502001   1  0.00000000E+000  0.00000000E+000  0.00000000E+000  0.00000000E+000  0.00000000E+000
 2502001   1  0.13031548E+003  0.37255844E+002  0.24636383E+002  0.25921093E+002  0.18436243E+002
 2502001   1  0.10947159E+002  0.30469713E+001  0.20448465E+001  0.20727005E+001  0.14761693E+001
 2502001   1  0.00000000E+000  0.00000000E+000  0.00000000E+000  0.00000000E+000  0.00000000E+000
 2502001   1  0.42024736E+001  0.11686963E+001  0.78500819E+000  0.79434836E+000  0.56561291E+000
 2502001   1  0.30805582E+002  0.88762016E+001  0.58487358E+001  0.62166071E+001  0.44273710E+001
 2502001   1  0.30805582E+002  0.88762016E+001  0.58487358E+001  0.62166071E+001  0.44273710E+001
 2502001   1  0.27993778E+002  0.80680752E+001  0.53147097E+001  0.56522307E+001  0.40252323E+001
 2502001   1  0.39628899E+001  0.11539621E+001  0.76261175E+000  0.81032997E+000  0.57789284E+000
 2502001   1  0.39628899E+001  0.11539621E+001  0.76261175E+000  0.81032997E+000  0.57789284E+000
 2502001   1  0.27121611E+002  0.77732010E+001  0.51063976E+001  0.54384351E+001  0.38469410E+001
 2502001   1  0.15154383E+002  0.42171850E+001  0.28307881E+001  0.28682208E+001  0.20425949E+001
 2502001   1  0.31562529E+001  0.90195358E+000  0.59706062E+000  0.62813318E+000  0.44619718E+000
 2502001   1  0.38341546E+000  0.10770377E+000  0.72900161E-001  0.74073635E-001  0.52671816E-001
 2502001   1  0.00000000E+000  0.00000000E+000  0.00000000E+000  0.00000000E+000  0.00000000E+000
 2502001   1  0.10506146E+000  0.29217448E-001  0.19625172E-001  0.19858673E-001  0.14140299E-001
 2502001   1  0.30805567E+000  0.88761993E-001  0.58487426E-001  0.62166031E-001  0.44273749E-001
 2502001   1  0.71405351E+000  0.20619152E+000  0.13582514E+000  0.14460295E+000  0.10297368E+000
 2502001   1  0.79257801E-001  0.23079254E-001  0.15252229E-001  0.16206609E-001  0.11557861E-001
 2502001   1  0.79257801E-001  0.23079254E-001  0.15252229E-001  0.16206609E-001  0.11557861E-001
 2502001   1  0.10848633E+001  0.31092793E+000  0.20425586E+000  0.21753740E+000  0.15387763E+000
 2502001   1  0.25303146E+000  0.72334871E-001  0.47886960E-001  0.50397716E-001  0.35781015E-001
 2502001   1  0.38341552E-001  0.10770353E-001  0.72899573E-002  0.74073649E-002  0.52672117E-002
 2502001   1  0.00000000E+000  0.00000000E+000  0.00000000E+000  0.00000000E+000  0.00000000E+000
 2502001   1  0.10506148E-001  0.29217396E-002  0.19625172E-002  0.19858649E-002  0.14140286E-002
 2502001   1  0.30805586E-001  0.88762073E-002  0.58487402E-002  0.62166047E-002  0.44273767E-002
 2502001   1  0.31349108E-001  0.90711694E-002  0.59775100E-002  0.63668853E-002  0.45343633E-002
 2502001   1  0.79257768E-002  0.23079265E-002  0.15252236E-002  0.16206600E-002  0.11557860E-002
 2502001   1  0.79257768E-002  0.23079265E-002  0.15252236E-002  0.16206600E-002  0.11557860E-002
 2502001   1  0.10848636E+000  0.31092776E-001  0.20425590E-001  0.21753741E-001  0.15387765E-001
 2502001   1  0.25119953E+002  0.71843476E+001  0.47210083E+001  0.50208220E+001  0.35514412E+001
 2502001   1  0.13757162E+003  0.39430187E+002  0.25901693E+002  0.27587896E+002  0.19514078E+002
 2502001   1  0.19666076E+000  0.19674982E+000  0.19672795E+000  0.19679010E+000  0.19678392E+000
 2502001   1  0.56871241E+000  0.21649115E+000  0.15758510E+000  0.15256523E+000  0.11322201E+000
 2502001   1  0.00000000E+000  0.00000000E+000  0.00000000E+000  0.00000000E+000  0.00000000E+000
 2502001   1  0.00000000E+000  0.00000000E+000  0.00000000E+000  0.00000000E+000  0.00000000E+000
 2502001   1  0.00000000E+000  0.00000000E+000  0.00000000E+000  0.00000000E+000  0.00000000E+000
 2502001   1  0.00000000E+000  0.00000000E+000  0.00000000E+000  0.00000000E+000  0.00000000E+000
 2502001   1  0.00000000E+000  0.00000000E+000  0.00000000E+000  0.00000000E+000  0.00000000E+000
 2502001   1  0.00000000E+000  0.00000000E+000  0.00000000E+000  0.00000000E+000  0.00000000E+000
 2502001   1  0.00000000E+000  0.00000000E+000  0.00000000E+000  0.00000000E+000  0.00000000E+000
 2502001   1  0.00000000E+000  0.00000000E+000  0.00000000E+000  0.00000000E+000  0.00000000E+000
 2502001   1  0.00000000E+000  0.00000000E+000  0.00000000E+000  0.00000000E+000  0.00000000E+000
 2502001   1  0.00000000E+000  0.00000000E+000  0.00000000E+000  0.00000000E+000  0.00000000E+000
 2502001   1  0.00000000E+000  0.00000000E+000  0.00000000E+000  0.00000000E+000  0.00000000E+000
 2502001   1  0.00000000E+000  0.00000000E+000  0.00000000E+000  0.00000000E+000  0.00000000E+000
 2502001   1  0.00000000E+000  0.00000000E+000  0.00000000E+000  0.00000000E+000  0.00000000E+000
 2502001   1  0.00000000E+000  0.00000000E+000  0.00000000E+000  0.00000000E+000  0.00000000E+000
 2502001   1  0.00000000E+000  0.00000000E+000  0.00000000E+000  0.00000000E+000  0.00000000E+000
 2502001   1  0.00000000E+000  0.00000000E+000  0.00000000E+000  0.00000000E+000  0.00000000E+000
 2502001   1  0.00000000E+000  0.00000000E+000  0.00000000E+000  0.00000000E+000  0.00000000E+000
 2502001   1  0.73638365E-001  0.12324164E+000  0.12317695E+000  0.12097578E+000  0.11854152E+000  0.12380721E+000  0.12975596E+000  0.12810192E+000  0.12771645E+000  0.13961877E+000
 2502001   1  0.58232829E-001  0.13534874E-001  0.15088824E-001  0.18435771E-001  0.20659864E-001  0.15622281E-001  0.92527661E-002  0.11518437E-001  0.11615355E-001  0.00000000E+000
 2602001   1  0.26126902E+002  0.00000000E+000  0.35262043E-002 -0.17259827E+001  0.23916829E+003  0.23106119E+002  0.40409560E+001  0.57036867E+001  0.45767587E+000  0.16720467E+002  0.63690567E+001  0.56174500E+002  0.60913197E+002  0.72676864E+001  0.72676864E+001
  0.49286591E+002  0.00000000E+000  0.78211699E-004  0.26096668E-012  0.26096733E-013  0.20329509E-001  0.20000000E-001  0.87500000E+003  0.00000000E+000  0.40409999E+001  0.50657773E+000
 2602001   1  0.14680901E+002  0.40452461E+001  0.27306454E+001  0.27255824E+001  0.19445274E+001
 2602001   1  0.36695793E+000  0.10105355E+000  0.68205565E-001  0.68061478E-001  0.48554879E-001
 2602001   1  0.17650047E-001  0.48577529E-002  0.32785486E-002  0.32703022E-002  0.23328953E-002
 2602001   1  0.00000000E+000  0.00000000E+000  0.00000000E+000  0.00000000E+000  0.00000000E+000
 2602001   1  0.00000000E+000  0.00000000E+000  0.00000000E+000  0.00000000E+000  0.00000000E+000
 2602001   1  0.00000000E+000  0.00000000E+000  0.00000000E+000  0.00000000E+000  0.00000000E+000
 2602001   1  0.13194518E+003  0.37620239E+002  0.24918947E+002  0.26106394E+002  0.18577524E+002
 2602001   1  0.93929224E+001  0.25894473E+001  0.17485554E+001  0.17448797E+001  0.12446632E+001
 2602001   1  0.00000000E+000  0.00000000E+000  0.00000000E+000  0.00000000E+000  0.00000000E+000
 2602001   1  0.35801575E+001  0.98564744E+000  0.66651297E+000  0.66337723E+000  0.47336137E+000
 2602001   1  0.30805582E+002  0.88762016E+001  0.58487358E+001  0.62166071E+001  0.44273710E+001
 2602001   1  0.30805582E+002  0.88762016E+001  0.58487358E+001  0.62166071E+001  0.44273710E+001
 2602001   1  0.33406113E+002  0.96245537E+001  0.63418126E+001  0.67403269E+001  0.48003922E+001
 2602001   1  0.39628899E+001  0.11539621E+001  0.76261175E+000  0.81032997E+000  0.57789284E+000
 2602001   1  0.39628899E+001  0.11539621E+001  0.76261175E+000  0.81032997E+000  0.57789284E+000
 2602001   1  0.27121611E+002  0.77732010E+001  0.51063976E+001  0.54384351E+001  0.38469410E+001
 2602001   1  0.12982296E+002  0.35776885E+001  0.24167967E+001  0.24100428E+001  0.17192974E+001
 2602001   1  0.31503346E+001  0.89620465E+000  0.59339523E+000  0.62177992E+000  0.44197240E+000
 2602001   1  0.31217042E+000  0.85519694E-001  0.57702642E-001  0.57580870E-001  0.41073877E-001
 2602001   1  0.00000000E+000  0.00000000E+000  0.00000000E+000  0.00000000E+000  0.00000000E+000
 2602001   1  0.89504115E-001  0.24641218E-001  0.16662821E-001  0.16584426E-001  0.11834010E-001
 2602001   1  0.30805567E+000  0.88761993E-001  0.58487426E-001  0.62166031E-001  0.44273749E-001
 2602001   1  0.83026761E+000  0.23914176E+000  0.15757647E+000  0.16743648E+000  0.11924256E+000
 2602001   1  0.79257801E-001  0.23079254E-001  0.15252229E-001  0.16206609E-001  0.11557861E-001
 2602001   1  0.79257801E-001  0.23079254E-001  0.15252229E-001  0.16206609E-001  0.11557861E-001
 2602001   1  0.10848633E+001  0.31092793E+000  0.20425586E+000  0.21753740E+000  0.15387763E+000
 2602001   1  0.25277096E+000  0.71922824E-001  0.47593925E-001  0.49923074E-001  0.35465106E-001
 2602001   1  0.31216977E-001  0.85519608E-002  0.57701878E-002  0.57580704E-002  0.41074306E-002
 2602001   1  0.00000000E+000  0.00000000E+000  0.00000000E+000  0.00000000E+000  0.00000000E+000
 2602001   1  0.89503713E-002  0.24641221E-002  0.16662816E-002  0.16584422E-002  0.11834005E-002
 2602001   1  0.30805586E-001  0.88762073E-002  0.58487402E-002  0.62166047E-002  0.44273767E-002
 2602001   1  0.39810061E-001  0.11464152E-001  0.75541311E-002  0.80245957E-002  0.57146661E-002
 2602001   1  0.79257768E-002  0.23079265E-002  0.15252236E-002  0.16206600E-002  0.11557860E-002
 2602001   1  0.79257768E-002  0.23079265E-002  0.15252236E-002  0.16206600E-002  0.11557860E-002
 2602001   1  0.10848636E+000  0.31092776E-001  0.20425590E-001  0.21753741E-001  0.15387765E-001
 2602001   1  0.25119953E+002  0.71843476E+001  0.47210083E+001  0.50208220E+001  0.35514412E+001
 2602001   1  0.13757162E+003  0.39430187E+002  0.25901693E+002  0.27587896E+002  0.19514078E+002
 2602001   1  0.19666076E+000  0.19674982E+000  0.19672795E+000  0.19679010E+000  0.19678392E+000
 2602001   1  0.47597483E+000  0.18234268E+000  0.13515289E+000  0.12872361E+000  0.96623540E-001
 2602001   1  0.00000000E+000  0.00000000E+000  0.00000000E+000  0.00000000E+000  0.00000000E+000
 2602001   1  0.00000000E+000  0.00000000E+000  0.00000000E+000  0.00000000E+000  0.00000000E+000
 2602001   1  0.00000000E+000  0.00000000E+000  0.00000000E+000  0.00000000E+000  0.00000000E+000
 2602001   1  0.00000000E+000  0.00000000E+000  0.00000000E+000  0.00000000E+000  0.00000000E+000
 2602001   1  0.00000000E+000  0.00000000E+000  0.00000000E+000  0.00000000E+000  0.00000000E+000
 2602001   1  0.00000000E+000  0.00000000E+000  0.00000000E+000  0.00000000E+000  0.00000000E+000
 2602001   1  0.00000000E+000  0.00000000E+000  0.00000000E+000  0.00000000E+000  0.00000000E+000
 2602001   1  0.00000000E+000  0.00000000E+000  0.00000000E+000  0.00000000E+000  0.00000000E+000
 2602001   1  0.00000000E+000  0.00000000E+000  0.00000000E+000  0.00000000E+000  0.00000000E+000
 2602001   1  0.00000000E+000  0.00000000E+000  0.00000000E+000  0.00000000E+000  0.00000000E+000
 2602001   1  0.00000000E+000  0.00000000E+000  0.00000000E+000  0.00000000E+000  0.00000000E+000
 2602001   1  0.00000000E+000  0.00000000E+000  0.00000000E+000  0.00000000E+000  0.00000000E+000
 2602001   1  0.00000000E+000  0.00000000E+000  0.00000000E+000  0.00000000E+000  0.00000000E+000
 2602001   1  0.00000000E+000  0.00000000E+000  0.00000000E+000  0.00000000E+000  0.00000000E+000
 2602001   1  0.00000000E+000  0.00000000E+000  0.00000000E+000  0.00000000E+000  0.00000000E+000
 2602001   1  0.00000000E+000  0.00000000E+000  0.00000000E+000  0.00000000E+000  0.00000000E+000
 2602001   1  0.00000000E+000  0.00000000E+000  0.00000000E+000  0.00000000E+000  0.00000000E+000
 2602001   1  0.51085424E-001  0.93532726E-001  0.10039452E+000  0.10222346E+000  0.10649117E+000  0.11132100E+000  0.11230446E+000  0.10802151E+000  0.11296152E+000  0.12047938E+000
 2602001   1  0.56178849E-001  0.27179856E-001  0.20657729E-001  0.18926144E-001  0.14742380E-001  0.90594208E-002  0.77223154E-002  0.12148952E-001  0.73453533E-002  0.00000000E+000
 2702001   1  0.20433077E+002  0.00000000E+000  0.31983934E-002 -0.60302734E+000  0.22724985E+003  0.16169758E+002  0.33891704E+001  0.56508856E+001  0.45369917E+000  0.11757996E+002  0.43945165E+001  0.56174500E+002  0.66611794E+002  0.72676864E+001  0.72676864E+001
  0.49286591E+002  0.00000000E+000  0.23483168E-004  0.77639555E-013  0.77639658E-014  0.20329509E-001  0.20000000E-001  0.87500000E+003  0.00000000E+000  0.33892069E+001  0.40820265E+000
 2702001   1  0.11525282E+002  0.31533206E+001  0.21390576E+001  0.21098292E+001  0.15055891E+001
 2702001   1  0.31020287E+000  0.84888063E-001  0.57581794E-001  0.56801289E-001  0.40533815E-001
 2702001   1  0.16223386E-001  0.44401102E-002  0.30118758E-002  0.29709670E-002  0.21201044E-002
 2702001   1  0.00000000E+000  0.00000000E+000  0.00000000E+000  0.00000000E+000  0.00000000E+000
 2702001   1  0.00000000E+000  0.00000000E+000  0.00000000E+000  0.00000000E+000  0.00000000E+000
 2702001   1  0.00000000E+000  0.00000000E+000  0.00000000E+000  0.00000000E+000  0.00000000E+000
 2702001   1  0.12528747E+003  0.35761597E+002  0.23680120E+002  0.24843119E+002  0.17677538E+002
 2702001   1  0.66347980E+001  0.18140076E+001  0.12307143E+001  0.12130001E+001  0.86547571E+000
 2702001   1  0.00000000E+000  0.00000000E+000  0.00000000E+000  0.00000000E+000  0.00000000E+000
 2702001   1  0.24813137E+001  0.67748910E+000  0.46043721E+000  0.45231491E+000  0.32296130E+000
 2702001   1  0.30805582E+002  0.88762016E+001  0.58487358E+001  0.62166071E+001  0.44273710E+001
 2702001   1  0.30805582E+002  0.88762016E+001  0.58487358E+001  0.62166071E+001  0.44273710E+001
 2702001   1  0.36530762E+002  0.10525070E+002  0.69354901E+001  0.73709688E+001  0.52495027E+001
 2702001   1  0.39628899E+001  0.11539621E+001  0.76261175E+000  0.81032997E+000  0.57789284E+000
 2702001   1  0.39628899E+001  0.11539621E+001  0.76261175E+000  0.81032997E+000  0.57789284E+000
 2702001   1  0.27121611E+002  0.77732010E+001  0.51063976E+001  0.54384351E+001  0.38469410E+001
 2702001   1  0.91256990E+001  0.24941914E+001  0.16929519E+001  0.16671623E+001  0.11897540E+001
 2702001   1  0.31183002E+001  0.88864750E+000  0.58820629E+000  0.61710274E+000  0.43862936E+000
 2702001   1  0.21894564E+000  0.59862372E-001  0.40613912E-001  0.40029030E-001  0.28560750E-001
 2702001   1  0.00000000E+000  0.00000000E+000  0.00000000E+000  0.00000000E+000  0.00000000E+000
 2702001   1  0.62032666E-001  0.16937248E-001  0.11510918E-001  0.11307882E-001  0.80740163E-002
 2702001   1  0.30805567E+000  0.88761993E-001  0.58487426E-001  0.62166031E-001  0.44273749E-001
 2702001   1  0.97568423E+000  0.28111139E+000  0.18525192E+000  0.19684790E+000  0.14019369E+000
 2702001   1  0.79257801E-001  0.23079254E-001  0.15252229E-001  0.16206609E-001  0.11557861E-001
 2702001   1  0.79257801E-001  0.23079254E-001  0.15252229E-001  0.16206609E-001  0.11557861E-001
 2702001   1  0.10848633E+001  0.31092793E+000  0.20425586E+000  0.21753740E+000  0.15387763E+000
 2702001   1  0.25033140E+000  0.71361527E-001  0.47208276E-001  0.49578734E-001  0.35219237E-001
 2702001   1  0.21894574E-001  0.59862244E-002  0.40613269E-002  0.40028654E-002  0.28561188E-002
 2702001   1  0.00000000E+000  0.00000000E+000  0.00000000E+000  0.00000000E+000  0.00000000E+000
 2702001   1  0.62032216E-002  0.16937298E-002  0.11510911E-002  0.11307870E-002  0.80740091E-003
 2702001   1  0.30805586E-001  0.88762073E-002  0.58487402E-002  0.62166047E-002  0.44273767E-002
 2702001   1  0.50866738E-001  0.14656630E-001  0.96592065E-002  0.10262448E-001  0.73089013E-002
 2702001   1  0.79257768E-002  0.23079265E-002  0.15252236E-002  0.16206600E-002  0.11557860E-002
 2702001   1  0.79257768E-002  0.23079265E-002  0.15252236E-002  0.16206600E-002  0.11557860E-002
 2702001   1  0.10848636E+000  0.31092776E-001  0.20425590E-001  0.21753741E-001  0.15387765E-001
 2702001   1  0.25119953E+002  0.71843476E+001  0.47210083E+001  0.50208220E+001  0.35514412E+001
 2702001   1  0.13757162E+003  0.39430187E+002  0.25901693E+002  0.27587896E+002  0.19514078E+002
 2702001   1  0.19666076E+000  0.19674982E+000  0.19672795E+000  0.19679010E+000  0.19678392E+000
 2702001   1  0.33346397E+000  0.12666738E+000  0.94866380E-001  0.88124253E-001  0.68293244E-001
 2702001   1  0.00000000E+000  0.00000000E+000  0.00000000E+000  0.00000000E+000  0.00000000E+000
 2702001   1  0.00000000E+000  0.00000000E+000  0.00000000E+000  0.00000000E+000  0.00000000E+000
 2702001   1  0.00000000E+000  0.00000000E+000  0.00000000E+000  0.00000000E+000  0.00000000E+000
 2702001   1  0.00000000E+000  0.00000000E+000  0.00000000E+000  0.00000000E+000  0.00000000E+000
 2702001   1  0.00000000E+000  0.00000000E+000  0.00000000E+000  0.00000000E+000  0.00000000E+000
 2702001   1  0.00000000E+000  0.00000000E+000  0.00000000E+000  0.00000000E+000  0.00000000E+000
 2702001   1  0.00000000E+000  0.00000000E+000  0.00000000E+000  0.00000000E+000  0.00000000E+000
 2702001   1  0.00000000E+000  0.00000000E+000  0.00000000E+000  0.00000000E+000  0.00000000E+000
 2702001   1  0.00000000E+000  0.00000000E+000  0.00000000E+000  0.00000000E+000  0.00000000E+000
 2702001   1  0.00000000E+000  0.00000000E+000  0.00000000E+000  0.00000000E+000  0.00000000E+000
 2702001   1  0.00000000E+000  0.00000000E+000  0.00000000E+000  0.00000000E+000  0.00000000E+000
 2702001   1  0.00000000E+000  0.00000000E+000  0.00000000E+000  0.00000000E+000  0.00000000E+000
 2702001   1  0.00000000E+000  0.00000000E+000  0.00000000E+000  0.00000000E+000  0.00000000E+000
 2702001   1  0.00000000E+000  0.00000000E+000  0.00000000E+000  0.00000000E+000  0.00000000E+000
 2702001   1  0.00000000E+000  0.00000000E+000  0.00000000E+000  0.00000000E+000  0.00000000E+000
 2702001   1  0.00000000E+000  0.00000000E+000  0.00000000E+000  0.00000000E+000  0.00000000E+000
 2702001   1  0.00000000E+000  0.00000000E+000  0.00000000E+000  0.00000000E+000  0.00000000E+000
 2702001   1  0.23592284E-002  0.55491868E-001  0.72152629E-001  0.78429624E-001  0.82183346E-001  0.82779668E-001  0.80733493E-001  0.79698227E-001  0.88213302E-001  0.89372367E-001
 2702001   1  0.76634295E-001  0.33421222E-001  0.18382451E-001  0.12248845E-001  0.74835457E-002  0.65585328E-002  0.88632051E-002  0.94488868E-002  0.92001667E-003  0.00000000E+000
 2802001   1  0.14433477E+002  0.00000000E+000  0.29502441E-002 -0.61386108E+000  0.21905707E+003  0.10498093E+002  0.27747951E+001  0.56070709E+001  0.45034623E+000  0.76620178E+001  0.28222997E+001  0.56174500E+002  0.72611305E+002  0.72676864E+001  0.72676864E+001
  0.49286591E+002  0.00000000E+000  0.71827426E-005  0.23496718E-013  0.23496774E-014  0.20329509E-001  0.20000000E-001  0.87500000E+003  0.00000000E+000  0.27748687E+001  0.34277678E+000
 2802001   1  0.82043839E+001  0.22125385E+001  0.15133159E+001  0.14604144E+001  0.10428243E+001
 2802001   1  0.23324761E+000  0.62918834E-001  0.43029744E-001  0.41538980E-001  0.29661173E-001
 2802001   1  0.12887388E-001  0.34767834E-002  0.23776728E-002  0.22954841E-002  0.16391010E-002
 2802001   1  0.00000000E+000  0.00000000E+000  0.00000000E+000  0.00000000E+000  0.00000000E+000
 2802001   1  0.00000000E+000  0.00000000E+000  0.00000000E+000  0.00000000E+000  0.00000000E+000
 2802001   1  0.00000000E+000  0.00000000E+000  0.00000000E+000  0.00000000E+000  0.00000000E+000
 2802001   1  0.12071012E+003  0.34485115E+002  0.22815903E+002  0.23983475E+002  0.17062458E+002
 2802001   1  0.43627496E+001  0.11731566E+001  0.80262136E+000  0.77232599E+000  0.55116439E+000
 2802001   1  0.00000000E+000  0.00000000E+000  0.00000000E+000  0.00000000E+000  0.00000000E+000
 2802001   1  0.16022315E+001  0.43274403E+000  0.29684508E+000  0.28592724E+000  0.20455199E+000
 2802001   1  0.30805582E+002  0.88762016E+001  0.58487358E+001  0.62166071E+001  0.44273710E+001
 2802001   1  0.30805582E+002  0.88762016E+001  0.58487358E+001  0.62166071E+001  0.44273710E+001
 2802001   1  0.39820770E+002  0.11473074E+002  0.75601406E+001  0.80349417E+001  0.57223735E+001
 2802001   1  0.39628899E+001  0.11539621E+001  0.76261175E+000  0.81032997E+000  0.57789284E+000
 2802001   1  0.39628899E+001  0.11539621E+001  0.76261175E+000  0.81032997E+000  0.57789284E+000
 2802001   1  0.27121611E+002  0.77732010E+001  0.51063976E+001  0.54384351E+001  0.38469410E+001
 2802001   1  0.59726386E+001  0.16080527E+001  0.11009042E+001  0.10597284E+001  0.75676781E+000
 2802001   1  0.30926135E+001  0.88211209E+000  0.58357096E+000  0.61304885E+000  0.43572569E+000
 2802001   1  0.14396819E+000  0.38714267E-001  0.26486887E-001  0.25486730E-001  0.18188471E-001
 2802001   1  0.00000000E+000  0.00000000E+000  0.00000000E+000  0.00000000E+000  0.00000000E+000
 2802001   1  0.40055737E-001  0.10818611E-001  0.74211117E-002  0.71481843E-002  0.51137921E-002
 2802001   1  0.30805567E+000  0.88761993E-001  0.58487426E-001  0.62166031E-001  0.44273749E-001
 2802001   1  0.11239074E+001  0.32381195E+000  0.21338546E+000  0.22675829E+000  0.16149515E+000
 2802001   1  0.79257801E-001  0.23079254E-001  0.15252229E-001  0.16206609E-001  0.11557861E-001
 2802001   1  0.79257801E-001  0.23079254E-001  0.15252229E-001  0.16206609E-001  0.11557861E-001
 2802001   1  0.10848633E+001  0.31092793E+000  0.20425586E+000  0.21753740E+000  0.15387763E+000
 2802001   1  0.24837026E+000  0.70860252E-001  0.46853215E-001  0.49266767E-001  0.34995772E-001
 2802001   1  0.14396857E-001  0.38714230E-002  0.26486297E-002  0.25486380E-002  0.18188891E-002
 2802001   1  0.00000000E+000  0.00000000E+000  0.00000000E+000  0.00000000E+000  0.00000000E+000
 2802001   1  0.40055197E-002  0.10818683E-002  0.74211025E-003  0.71481691E-003  0.51137811E-003
 2802001   1  0.30805586E-001  0.88762073E-002  0.58487402E-002  0.62166047E-002  0.44273767E-002
 2802001   1  0.61936986E-001  0.17845340E-001  0.11760027E-001  0.12496165E-001  0.88996878E-002
 2802001   1  0.79257768E-002  0.23079265E-002  0.15252236E-002  0.16206600E-002  0.11557860E-002
 2802001   1  0.79257768E-002  0.23079265E-002  0.15252236E-002  0.16206600E-002  0.11557860E-002
 2802001   1  0.10848636E+000  0.31092776E-001  0.20425590E-001  0.21753741E-001  0.15387765E-001
 2802001   1  0.25119953E+002  0.71843476E+001  0.47210083E+001  0.50208220E+001  0.35514412E+001
 2802001   1  0.13757162E+003  0.39430187E+002  0.25901693E+002  0.27587896E+002  0.19514078E+002
 2802001   1  0.19666076E+000  0.19674982E+000  0.19672795E+000  0.19679010E+000  0.19678392E+000
 2802001   1  0.22364077E+000  0.82603201E-001  0.62350310E-001  0.57479594E-001  0.45132000E-001
 2802001   1  0.00000000E+000  0.00000000E+000  0.00000000E+000  0.00000000E+000  0.00000000E+000
 2802001   1  0.00000000E+000  0.00000000E+000  0.00000000E+000  0.00000000E+000  0.00000000E+000
 2802001   1  0.00000000E+000  0.00000000E+000  0.00000000E+000  0.00000000E+000  0.00000000E+000
 2802001   1  0.00000000E+000  0.00000000E+000  0.00000000E+000  0.00000000E+000  0.00000000E+000
 2802001   1  0.00000000E+000  0.00000000E+000  0.00000000E+000  0.00000000E+000  0.00000000E+000
 2802001   1  0.00000000E+000  0.00000000E+000  0.00000000E+000  0.00000000E+000  0.00000000E+000
 2802001   1  0.00000000E+000  0.00000000E+000  0.00000000E+000  0.00000000E+000  0.00000000E+000
 2802001   1  0.00000000E+000  0.00000000E+000  0.00000000E+000  0.00000000E+000  0.00000000E+000
 2802001   1  0.00000000E+000  0.00000000E+000  0.00000000E+000  0.00000000E+000  0.00000000E+000
 2802001   1  0.00000000E+000  0.00000000E+000  0.00000000E+000  0.00000000E+000  0.00000000E+000
 2802001   1  0.00000000E+000  0.00000000E+000  0.00000000E+000  0.00000000E+000  0.00000000E+000
 2802001   1  0.00000000E+000  0.00000000E+000  0.00000000E+000  0.00000000E+000  0.00000000E+000
 2802001   1  0.00000000E+000  0.00000000E+000  0.00000000E+000  0.00000000E+000  0.00000000E+000
 2802001   1  0.00000000E+000  0.00000000E+000  0.00000000E+000  0.00000000E+000  0.00000000E+000
 2802001   1  0.00000000E+000  0.00000000E+000  0.00000000E+000  0.00000000E+000  0.00000000E+000
 2802001   1  0.00000000E+000  0.00000000E+000  0.00000000E+000  0.00000000E+000  0.00000000E+000
 2802001   1  0.00000000E+000  0.00000000E+000  0.00000000E+000  0.00000000E+000  0.00000000E+000
 2802001   1  0.00000000E+000  0.12761233E-001  0.44535980E-001  0.56126393E-001  0.58460496E-001  0.59091836E-001  0.48946455E-001  0.60924441E-001  0.65597527E-001  0.64759113E-001
 2802001   1  0.63343316E-001  0.51587269E-001  0.19315913E-001  0.86069843E-002  0.65050591E-002  0.59876284E-002  0.15518871E-001  0.30959670E-002  0.00000000E+000  0.00000000E+000
 2902001   1  0.10384842E+002  0.00000000E+000  0.28135036E-002 -0.28881836E+001  0.21474350E+003  0.71735930E+001  0.24489770E+001  0.55809941E+001  0.44830528E+000  0.52419639E+001  0.19232389E+001  0.56174500E+002  0.76659882E+002  0.72676864E+001  0.72676864E+001
  0.49286591E+002  0.00000000E+000  0.33025294E-005  0.10382362E-013  0.10382388E-014  0.20329509E-001  0.20000000E-001  0.87500000E+003  0.00000000E+000  0.24490314E+001  0.28078401E+000
 2902001   1  0.59626107E+001  0.15778725E+001  0.10910444E+001  0.10225309E+001  0.73078340E+000
 2902001   1  0.17475329E+000  0.46263788E-001  0.31982962E-001  0.29992301E-001  0.21434609E-001
 2902001   1  0.99292807E-002  0.26289984E-002  0.18173644E-002  0.17045174E-002  0.12181617E-002
 2902001   1  0.00000000E+000  0.00000000E+000  0.00000000E+000  0.00000000E+000  0.00000000E+000
 2902001   1  0.00000000E+000  0.00000000E+000  0.00000000E+000  0.00000000E+000  0.00000000E+000
 2902001   1  0.00000000E+000  0.00000000E+000  0.00000000E+000  0.00000000E+000  0.00000000E+000
 2902001   1  0.11828510E+003  0.33817059E+002  0.22362761E+002  0.23536175E+002  0.16742401E+002
 2902001   1  0.30167055E+001  0.79504085E+000  0.55017048E+000  0.51334381E+000  0.36670282E+000
 2902001   1  0.00000000E+000  0.00000000E+000  0.00000000E+000  0.00000000E+000  0.00000000E+000
 2902001   1  0.11029915E+001  0.29230705E+000  0.20283175E+000  0.18946491E+000  0.13564368E+000
 2902001   1  0.30805582E+002  0.88762016E+001  0.58487358E+001  0.62166071E+001  0.44273710E+001
 2902001   1  0.30805582E+002  0.88762016E+001  0.58487358E+001  0.62166071E+001  0.44273710E+001
 2902001   1  0.42040695E+002  0.12112860E+002  0.79816589E+001  0.84831142E+001  0.60415525E+001
 2902001   1  0.39628899E+001  0.11539621E+001  0.76261175E+000  0.81032997E+000  0.57789284E+000
 2902001   1  0.39628899E+001  0.11539621E+001  0.76261175E+000  0.81032997E+000  0.57789284E+000
 2902001   1  0.27121611E+002  0.77732010E+001  0.51063976E+001  0.54384351E+001  0.38469410E+001
 2902001   1  0.41243620E+001  0.10886588E+001  0.75387812E+000  0.70370728E+000  0.50298709E+000
 2902001   1  0.30771403E+001  0.87826419E+000  0.58081293E+000  0.61071920E+000  0.43405706E+000
 2902001   1  0.99548839E-001  0.26236448E-001  0.18156033E-001  0.16940333E-001  0.12101243E-001
 2902001   1  0.00000000E+000  0.00000000E+000  0.00000000E+000  0.00000000E+000  0.00000000E+000
 2902001   1  0.27574761E-001  0.73076691E-002  0.50707674E-002  0.47366386E-002  0.33910878E-002
 2902001   1  0.30805567E+000  0.88761993E-001  0.58487426E-001  0.62166031E-001  0.44273749E-001
 2902001   1  0.12238289E+001  0.35260782E+000  0.23235540E+000  0.24693325E+000  0.17586303E+000
 2902001   1  0.79257801E-001  0.23079254E-001  0.15252229E-001  0.16206609E-001  0.11557861E-001
 2902001   1  0.79257801E-001  0.23079254E-001  0.15252229E-001  0.16206609E-001  0.11557861E-001
 2902001   1  0.10848633E+001  0.31092793E+000  0.20425586E+000  0.21753740E+000  0.15387763E+000
 2902001   1  0.24716403E+000  0.70557855E-001  0.46637390E-001  0.49082298E-001  0.34863714E-001
 2902001   1  0.99549154E-002  0.26236386E-002  0.18155416E-002  0.16940007E-002  0.12101633E-002
 2902001   1  0.00000000E+000  0.00000000E+000  0.00000000E+000  0.00000000E+000  0.00000000E+000
 2902001   1  0.27574138E-002  0.73077314E-003  0.50707487E-003  0.47366251E-003  0.33910776E-003
 2902001   1  0.30805586E-001  0.88762073E-002  0.58487402E-002  0.62166047E-002  0.44273767E-002
 2902001   1  0.69378912E-001  0.19989612E-001  0.13172632E-001  0.13998452E-001  0.99695651E-002
 2902001   1  0.79257768E-002  0.23079265E-002  0.15252236E-002  0.16206600E-002  0.11557860E-002
 2902001   1  0.79257768E-002  0.23079265E-002  0.15252236E-002  0.16206600E-002  0.11557860E-002
 2902001   1  0.10848636E+000  0.31092776E-001  0.20425590E-001  0.21753741E-001  0.15387765E-001
 2902001   1  0.25119953E+002  0.71843476E+001  0.47210083E+001  0.50208220E+001  0.35514412E+001
 2902001   1  0.13757162E+003  0.39430187E+002  0.25901693E+002  0.27587896E+002  0.19514078E+002
 2902001   1  0.19666076E+000  0.19674982E+000  0.19672795E+000  0.19679010E+000  0.19678392E+000
 2902001   1  0.16056569E+000  0.58038712E-001  0.44028971E-001  0.39332207E-001  0.30792680E-001
 2902001   1  0.00000000E+000  0.00000000E+000  0.00000000E+000  0.00000000E+000  0.00000000E+000
 2902001   1  0.00000000E+000  0.00000000E+000  0.00000000E+000  0.00000000E+000  0.00000000E+000
 2902001   1  0.00000000E+000  0.00000000E+000  0.00000000E+000  0.00000000E+000  0.00000000E+000
 2902001   1  0.00000000E+000  0.00000000E+000  0.00000000E+000  0.00000000E+000  0.00000000E+000
 2902001   1  0.00000000E+000  0.00000000E+000  0.00000000E+000  0.00000000E+000  0.00000000E+000
 2902001   1  0.00000000E+000  0.00000000E+000  0.00000000E+000  0.00000000E+000  0.00000000E+000
 2902001   1  0.00000000E+000  0.00000000E+000  0.00000000E+000  0.00000000E+000  0.00000000E+000
 2902001   1  0.00000000E+000  0.00000000E+000  0.00000000E+000  0.00000000E+000  0.00000000E+000
 2902001   1  0.00000000E+000  0.00000000E+000  0.00000000E+000  0.00000000E+000  0.00000000E+000
 2902001   1  0.00000000E+000  0.00000000E+000  0.00000000E+000  0.00000000E+000  0.00000000E+000
 2902001   1  0.00000000E+000  0.00000000E+000  0.00000000E+000  0.00000000E+000  0.00000000E+000
 2902001   1  0.00000000E+000  0.00000000E+000  0.00000000E+000  0.00000000E+000  0.00000000E+000
 2902001   1  0.00000000E+000  0.00000000E+000  0.00000000E+000  0.00000000E+000  0.00000000E+000
 2902001   1  0.00000000E+000  0.00000000E+000  0.00000000E+000  0.00000000E+000  0.00000000E+000
 2902001   1  0.00000000E+000  0.00000000E+000  0.00000000E+000  0.00000000E+000  0.00000000E+000
 2902001   1  0.00000000E+000  0.00000000E+000  0.00000000E+000  0.00000000E+000  0.00000000E+000
 2902001   1  0.00000000E+000  0.00000000E+000  0.00000000E+000  0.00000000E+000  0.00000000E+000
 2902001   1  0.00000000E+000  0.00000000E+000  0.19770563E-001  0.39901588E-001  0.45089286E-001  0.44685341E-001  0.34306198E-001  0.46961490E-001  0.51147658E-001  0.50893925E-001
 2902001   1  0.51980373E-001  0.50413094E-001  0.30479269E-001  0.10500061E-001  0.52248589E-002  0.58051576E-002  0.16041195E-001  0.35169953E-002  0.00000000E+000  0.00000000E+000
 3002001   1  0.72236128E+001  0.00000000E+000  0.27162554E-002 -0.14862976E+001  0.21203670E+003  0.48391409E+001  0.21939552E+001  0.55626917E+001  0.44686931E+000  0.35392716E+001  0.12962153E+001  0.56174500E+002  0.79821030E+002  0.72676864E+001  0.72676864E+001
  0.49286591E+002  0.00000000E+000  0.18899318E-005  0.55315910E-014  0.55315984E-015  0.20329509E-001  0.20000000E-001  0.87500000E+003  0.00000000E+000  0.21939952E+001  0.23165017E+000
 3002001   1  0.42129078E+001  0.10821474E+001  0.76133806E+000  0.68030769E+000  0.48691133E+000
 3002001   1  0.12592235E+000  0.32359432E-001  0.22760719E-001  0.20352393E-001  0.14566383E-001
 3002001   1  0.72812238E-002  0.18713424E-002  0.13161697E-002  0.11771043E-002  0.84245746E-003
 3002001   1  0.00000000E+000  0.00000000E+000  0.00000000E+000  0.00000000E+000  0.00000000E+000
 3002001   1  0.00000000E+000  0.00000000E+000  0.00000000E+000  0.00000000E+000  0.00000000E+000
 3002001   1  0.00000000E+000  0.00000000E+000  0.00000000E+000  0.00000000E+000  0.00000000E+000
 3002001   1  0.11675875E+003  0.33399094E+002  0.22079140E+002  0.23256895E+002  0.16542831E+002
 3002001   1  0.20689893E+001  0.52926719E+000  0.37273064E+000  0.33128956E+000  0.23699467E+000
 3002001   1  0.00000000E+000  0.00000000E+000  0.00000000E+000  0.00000000E+000  0.00000000E+000
 3002001   1  0.75547761E+000  0.19410583E+000  0.13707472E+000  0.12204228E+000  0.87514855E-001
 3002001   1  0.30805582E+002  0.88762016E+001  0.58487358E+001  0.62166071E+001  0.44273710E+001
 3002001   1  0.30805582E+002  0.88762016E+001  0.58487358E+001  0.62166071E+001  0.44273710E+001
 3002001   1  0.43774204E+002  0.12612368E+002  0.83107872E+001  0.88329639E+001  0.62907100E+001
 3002001   1  0.39628899E+001  0.11539621E+001  0.76261175E+000  0.81032997E+000  0.57789284E+000
 3002001   1  0.39628899E+001  0.11539621E+001  0.76261175E+000  0.81032997E+000  0.57789284E+000
 3002001   1  0.27121611E+002  0.77732010E+001  0.51063976E+001  0.54384351E+001  0.38469410E+001
 3002001   1  0.28264985E+001  0.72394395E+000  0.51018685E+000  0.45372316E+000  0.32478851E+000
 3002001   1  0.30662370E+001  0.87557483E+000  0.57887638E+000  0.60910439E+000  0.43289968E+000
 3002001   1  0.68274245E-001  0.17465953E-001  0.12300524E-001  0.10932519E-001  0.78208698E-002
 3002001   1  0.00000000E+000  0.00000000E+000  0.00000000E+000  0.00000000E+000  0.00000000E+000
