-0.033,-1.5,0.2,5.33,300.0,15.0,1.5,0,0,0,0,0,0,3,1,1,12,0,2,0
0.01,0.05,0.1,0.15,0.18,0.28,0.35,0.59,0.92,1.32,1.6,2,,,,,,
1.02,1.02,1.02,1.02,1.02,1.39,1.47,1.5,1.47,1.46,1.4,1.43,,,,,,
0.307,0.307,0.307,0.307,0.307,0.270,0.270,0.357,0.346,0.352,0.358,0.364,,,,,,
0.187,0.187,0.187,0.187,0.187,0.164,0.158,0.231,0.230,0.237,0.242,0.242,,,,,,
50,50,50,50,50,17.4,13.6,5,5,5,5,5,,,,,,
50,50,50,50,50,17.4,13.6,5,5,5,5,5,,,,,,
91,91,91,91,91,104,92,37,60,49,78,80,,,,,,
722,722,722,722,722,744,786,529,522,556,547,579,,,,,,
1.0E-02,1.0E-02,1.0E-02,1.0E-02,1.0E-02,1.0E-02,1.0E-02,0.0E-03,0.0E-03,0.0E-03,0.0E-03,0.0E-03,,,,,,
0.0,0.0,0.0,0.0,0.0,0.0,0.0,0.0,0.0,0.0,0.0,0.0,,,,,,
5.33,5.33,5.33,5.33,5.33,5.84,6.14,6.53,6.75,6.75,6.75,6.75,,,,,,
15.6,15.6,15.6,15.6,15.6,9.5,6.96,26.9,25.6,25.2,27.2,26.9,,,,,,
2.5,2.5,2.5,2.5,2.5,2.5,2.5,2.5,2.5,2.5,2.5,2.5
26.6,26.6,26.6,26.6,26.6,7.9,4.1,5.3,4.4,2.9,1.5,1,,,,,,
2,2,2,2,2,1,0,0,0,0,0,0,,,,,,
1960,1960,1960,1960,1960,658,372,482,400,264,136,91
245,245,245,245,245,82,47,60,50,33,17,11
0,0,0,0,0,0,0,0,0,0,0,0
5,5,5,5,1,1,1,1,1,1,1,1
25,25,25,25,10,10,10,10,10,10,10,10
1000,1000,1000,1000,1000,1000,1000,1000,1000,1000,1000,1000
0,0,0,0,0,0,0,0,0,0,0,0
100,100,100,100,100,100,100,100,100,100,100,100
120,120,120,120,120,120,120,120,120,120,120,120
23,23,23,23,23,23,23,23,23,23,23,23
39,39,39,39,39,39,39,39,39,39,39,39
48,48,48,48,48,48,48,48,48,48,48,48
35,35,35,35,35,35,35,35,35,35,35,35
50,50,50,50,50,50,50,50,50,50,50,50
50,50,50,50,50,50,50,50,50,50,50,50
50,50,50,50,50,50,100,100,100,100,100,100
50,50,50,50,50,50,100,100,100,100,100,100
1000,1000,1000,1000,1000,1000,1000,1000,1000,1000,1000,1000
2000,2000,2000,2000,2000,2000,2000,2000,2000,2000,2000,2000
0,0,0,0,0,0,0,0,0,0,0,0
0,0,0,0,0,0,0,0,0,0,0,0
0.025,0.025,0.025,0.025,0.025,0.025,0.025,0.025,0.025,0.025,0.025,0.025
0.25,0.25,0.25,0.25,0.25,0.25,0.25,0.25,0.25,0.25,0.25,0.25
0.25,0.25,0.25,0.25,0.25,0.25,0.25,0.25,0.25,0.25,0.25,0.25
0.6,0.6,0.6,0.6,0.6,0.6,0.6,0.6,0.6,0.6,0.6,0.6
0.16,0.16,0.16,0.16,0.16,0.16,0.16,0.16,0.16,0.16,0.16,0.16
3,3,3,3,3,3,3,3,3,3,3,3
1,1,1,1,1,1,1,1,1,1,1,1
-1,-1,-1,-1,-1,-1,-1,-1,-1,-1,-1,-1
10,40,40,40,30,30,20,15,4,0,0,0
0.25,1,1,1,0.75,0.75,0.5,0.375,0.1,0,0,0
0.025,0.1,0.1,0.1,0.075,0.075,0.05,0.0375,0.01,0,0,0
0,0,0,0,0,0,0,0,0,0,0,0
0,0,0,0,0,0,0,0,0,0,0,0
0,0,0,0,0,0,0,0,0,0,0,0
0,0,0,0,0,0,0,0,0,0,0,0
0,0,0,0,0,0,0,0,0,0,0,0
0,0,0,0,0,0,0,0,0,0,0,0
