3,2,1,1,0,0,0,2,0,2,3,0
40.0,10,0.0,12.5,400,0.0,0.125,0.0,360,0.025,0.025,0.70
0.15,0.05,0.20,0.05
0.015,0.009,0.0,1650,3000.0,4.0,0.25
7,3,17.0,0.0
0.007,0.05,0.15
0.25,0.25,0.25,0.25,0.5,90.0,0.0
1,5,0.05,10.3E-3,10.3E-03,5.0E+03
1.0E-03,2.0E-04,0.10,0.10,2.5E+03,4.0E+9,0.010,250.0,0
5.0E-03,0.40,0.0125
5.0E-03,0.35,0.030
0.75E-03,0.075,0.002
-1.40,-5.0,2500
7.6E-01,7.6E-01,8.0E-01,8.8E-01,7.6E-01,7.6E-01,8.8E-01,7.6E-01,7.2E-01
4.0E-02,2.0E-02,0.40E-02,2.0E-02,2.0E-02,2.0E-02,4.0E-02,2.0E-02,10.0E-02
4.0E-03,2.0E-03,0.40E-03,2.0E-03,2.0E-03,2.0E-03,4.0E-03,2.0E-03,10.0E-03
