01010000 0.015 0.011
31010000 0 0 1000 0.00083 1 1 1 0 0 0 0 0
28020000 0 0 1000 0.00083 1 1 1 0 0 0 0 0
31030000 0 0 1000 0.00083 1 1 1 0 0 0 0 0
30040000 0 0 1000 0.00083 1 1 1 0 0 0 0 0
31050000 0 0 1000 0.00083 1 1 1 0 0 0 0 0
30060000 0 0 1000 0.00083 1 1 1 0 0 0 0 0
31170000 0 0 1000 0.00083 1 1 1 0 0 0 0 0
31080000 0 0 1000 0.00083 1 1 1 0 0 0 0 0
30090000 0 0 1000 0.00083 1 1 1 0 0 0 0 0
31100000 0 0 1000 0.00083 1 1 1 0 0 0 0 0
30110000 0 0 1000 0.00083 1 1 1 0 0 0 0 0
30120000 0 0 1000 0.00083 1 1 1 0 0 0 0 0
