-0.01,-1.5,0.15,5,210,7,0.7,0,0,0,0,0,0,4,0,1,13,0,1,0
0.01,0.04,0.07,0.14,0.25,0.38,0.51,0.85,1.20,1.50,2.00,3.00,4.00,5.00,6.00,7.00,8.00,9.00,10.0,0
0.50,0.50,0.60,0.70,0.98,1.10,1.40,1.40,1.40,1.40,1.40,1.40,1.40,1.40,1.40,1.40,1.40,1.40,1.40,0
-1,-1,-1,-1,-1,-1,-1,-1,-1,-1,-1,-1,-1,-1,-1,-1,-1,-1,-1,0
0.5,0.5,0.5,0.4,0.4,0.4,0.3,0.3,0.3,0.3,0.3,0.3,0.3,0.3,0.3,0.3,0.3,0.3,0.3,0
-1,-1,-1,-1,-1,-1,-1,-1,-1,-1,-1,-1,-1,-1,-1,-1,-1,-1,-1,0
-1,-1,-1,-1,-1,-1,-1,-1,-1,-1,-1,-1,-1,-1,-1,-1,-1,-1,-1,0
390.,390.,390.,234.,234.,234.,234.,234.,234.,234.,234.,234.,234.,234.,234.,234.,234.,234.,234.,0
200,200,200,200,200,200,300,300,300,300,300,300,300,300,300,300,300,300,300,0
0.15,0.15,0.15,0.15,0.15,0.15,0,0,0,0,0,0,0,0,0,0,0,0,0,0
0.0,0.0,0.0,0.0,0,0,0,0,0,0,0,0,0,0,0,0,0,0,0,0
4.6,4.6,4.6,4.6,4.6,4.6,4.8,4.8,4.8,4.8,4.8,4.35,4.35,4.35,4.35,0,0,0,0,0
16,16,16,16,16,16,14,14,14,14,14,1,0,0,0,0,0,0,0,0
1,1,1,1,1,1,1,1,1,1,1,1,0,0,0,0,0,0,0,0
150.,200.,140.,100.,40.0,20.0,10.0,7.00,4.00,4.00,4.00,4.00,4.00,4.00,4.00,4.00,4.00,4.00,4.00,0
2,2,2,2,1,0.2,0.1,0,0,0,0,0,0,0,0,0,0,0,0,0
-1,-1,-1,-1,-1,-1,-1,-1,-1,-1,-1,-1,-1,-1,-1,-1,-1,-1,-1,0
-1,-1,-1,-1,-1,-1,-1,-1,-1,-1,-1,-1,-1,-1,-1,-1,-1,-1,-1,0
1,1,1,1,1,1,1,1,1,1,1,1,0,0,0,0,0,0,0,0
10,10,10,0,0,0,0,0,0,0,0,0,0,0,0,0,0,0,0,0
5,5,5,5,5,5,5,5,5,5,5,5,0,0,0,0,0,0,0,0
-1,-1,-1,-1,-1,-1,-1,-1,-1,-1,-1,-1,-1,-1,-1,-1,-1,-1,0,0
-1,-1,-1,-1,-1,-1,-1,-1,-1,-1,-1,-1,-1,-1,-1,-1,-1,-1,0,0
40,40,40,40,40,40,40,40,40,40,40,40,0,0,0,0,0,0,0,0
15.5,15.5,15.5,48,48,48,48,48,48,48,48,48,0,0,0,0,0,0,0,0
10.4,10.4,10.4,0.02,0.02,0.02,0.02,0.02,0.02,0.02,0.02,0.02,0,0,0,0,0,0,0,0
33.6,33.6,33.6,39,39,39,39,39,39,39,39,39,0,0,0,0,0,0,0,0
9.3,9.3,9.3,48,48,48,48,48,48,48,48,48,0,0,0,0,0,0,0,0
7.91,7.91,7.91,7.1,7.1,7.1,7.1,7.1,7.1,7.1,7.1,7.1,0,0,0,0,0,0,0,0
100,100,100,100,100,100,100,100,100,100,100,100,0,0,0,0,0,0,0,0
0,0,0,0,0,0,0,0,0,0,0,0,0,0,0,0,0,0,0,0
0,0,0,0,0,0,0,0,0,0,0,0,0,0,0,0,0,0,0,0
100,100,100,100,100,100,100,100,100,100,100,100,0,0,0,0,0,0,0,0
100,100,100,100,100,100,100,100,100,100,100,100,0,0,0,0,0,0,0,0
0,0,0,0,0,0,0,0,0,0,0,0,0,0,0,0,0,0,0,0
100,100,100,100,100,100,100,100,100,100,100,100,0,0,0,0,0,0,0,0
0,0,0,0,0,0,0,0,0,0,0,0,0,0,0,0,0,0,0,0
0.5,0.5,0.5,0.5,0.5,0.5,0.5,0.5,0.5,0.5,0.5,0.5,0,0,0,0,0,0,0,0
0.25,0.25,0.25,0.25,0.25,0.25,0.25,0.25,0.25,0.25,0.25,0.25,0,0,0,0,0,0,0,0
0.25,0.25,0.25,0.25,0.25,0.25,0.25,0.25,0.25,0.25,0.25,0.25,0,0,0,0,0,0,0,0
0.6,0.6,0.6,0.6,0.6,0.6,0.6,0.6,0.6,0.6,0.6,0.6,0,0,0,0,0,0,0,0
0.16,0.16,0.16,0.16,0.16,0.16,0.16,0.16,0.16,0.16,0.16,0.16,0,0,0,0,0,0,0,0
3,3,3,3,3,3,3,3,3,3,3,3,0,0,0,0,0,0,0,0
1,1,1,1,1,1,1,1,1,1,1,1,1,1,1,1,1,1,1,0
-1,-1,-1,-1,-1,-1,-1,-1,-1,-1,-1,-1,-1,-1,-1,-1,-1,-1,-1,0
120,240,240,240,120,120,60,60,30,30,30,0,0,0,0,0,0,0,0,0
4,8,8,8,4,4,2,2,1,1,1,0,0,0,0,0,0,0,0,0
0.5,1,1,1,0.5,0.5,0.25,0.25,0.12,0.12,0.12,0,0,0,0,0,0,0,0,0
0,0,0,0,0,0,0,0,0,0,0,0,0,0,0,0,0,0,0,0
0,0,0,0,0,0,0,0,0,0,0,0,0,0,0,0,0,0,0,0
0,0,0,0,0,0,0,0,0,0,0,0,0,0,0,0,0,0,0,0
0,0,0,0,0,0,0,0,0,0,0,0,0,0,0,0,0,0,0,0
0,0,0,0,0,0,0,0,0,0,0,0,0,0,0,0,0,0,0,0
0,0,0,0,0,0,0,0,0,0,0,0,0,0,0,0,0,0,0,0
