3 2 1 1 0 0 2 2 0 2 1.0
45.0 9.5 0.0 12.5 500.0 0.0 0.125 0.0 450.0 0.025 0.0 0.70 
0.10 0.05 0.10 0.05 
0.015 0.009 0.0 600.0 720.0 4.0 10.0 
9.0 2.5 -1.0 0.5 
0.0083 0.05 0.80 
0.25 0.25 0.25 0.25 0.50 90.0 0.0 
0.1 0.1 10.0 10.0 2.0E-02 2.5E+03
10.0E-04  2.0E-04  0.25  0.10  1.0E+04  4.0E+10  3.75E-03  250.0  250.0
5.0E-03 0.40 0.0125 
5.0E-03 0.35 0.030 
1.0E-03  0.075  0.002
-1.25 -5.0 5.0E+03 
7.6E-01 7.6E-01 8.0E-01 8.8E-01 7.6E-01 7.6E-01 8.8E-01 7.6E-01 7.2E-01 
4.5E-02 2.0E-02 0.40E-02 2.0E-02 2.0E-02 2.0E-02 2.0E-02 2.0E-02 10.0E-02 
4.5E-03 2.0E-03 0.40E-03 2.0E-03 2.0E-03 2.0E-03 2.0E-03 2.0E-03 10.0E-03 
