    DOY     DATE    RADN            TMAX_AIR        TMIN_AIR        HMAX_AIR        HMIN_AIR        WIND            PRECN           TMAX_SOIL_1     TMIN_SOIL_1     TMAX_SOIL_2     TMIN_SOIL_2     TMAX_SOIL_3     TMIN_SOIL_3     TMAX_SOIL_4     TMIN_SOIL_4     TMAX_SOIL_5     TMIN_SOIL_5     TMAX_SOIL_6     TMIN_SOIL_6     TMAX_SOIL_7     TMIN_SOIL_7     TMAX_SOIL_8     TMIN_SOIL_8     TMAX_SOIL_9     TMIN_SOIL_9     TMAX_SOIL_10    TMIN_SOIL_10    TMAX_SOIL_11    TMIN_SOIL_11    TMAX_LITTER     TMIN_LITTER     
010101999sced1     1.000    01011999  0.9709012E+001  0.1602050E+002  0.2640000E+001  0.1152917E+001  0.7231403E+000  0.1122438E+003  0.4519600E+002  0.1906305E+002  0.7824036E+001  0.1823358E+002  0.8653625E+001  0.1703104E+002  0.1026068E+002  0.1617941E+002  0.1167059E+002  0.1629251E+002  0.1321426E+002  0.1629987E+002  0.1443039E+002  0.1629999E+002  0.1529105E+002  0.1630002E+002  0.1587918E+002  0.1629999E+002  0.1618451E+002  0.1629999E+002  0.1629089E+002  0.1630005E+002  0.1629999E+002  0.1906308E+002  0.5715149E+001
020101999sced1     1.000    01011999  0.9709012E+001  0.1602050E+002  0.2640000E+001  0.1152917E+001  0.7231403E+000  0.1122438E+003  0.4519600E+002  0.1556744E+002  0.7207764E+001  0.1518094E+002  0.8454895E+001  0.1596851E+002  0.1038547E+002  0.1623099E+002  0.1201700E+002  0.1629587E+002  0.1372714E+002  0.1629984E+002  0.1479364E+002  0.1629999E+002  0.1544833E+002  0.1629999E+002  0.1601529E+002  0.1629996E+002  0.1623480E+002  0.1629996E+002  0.1629556E+002  0.1630023E+002  0.1629999E+002  0.1629999E+002  0.3863251E+001
010101999sced1     2.000    02011999  0.8534589E+001  0.1780550E+002  0.3071500E+001  0.1099059E+001  0.7360045E+000  0.1438380E+003  0.8810000E+000  0.1796213E+002  0.6655609E+001  0.1701260E+002  0.7362427E+001  0.1557889E+002  0.8726868E+001  0.1462100E+002  0.1002722E+002  0.1393878E+002  0.1149408E+002  0.1459726E+002  0.1286026E+002  0.1531754E+002  0.1413715E+002  0.1586371E+002  0.1511328E+002  0.1617383E+002  0.1580368E+002  0.1628934E+002  0.1621353E+002  0.1629993E+002  0.1629245E+002  0.1796133E+002  0.3534546E+001
020101999sced1     2.000    02011999  0.8534589E+001  0.1780550E+002  0.3071500E+001  0.1099059E+001  0.7360045E+000  0.1438380E+003  0.8810000E+000  0.1637933E+002  0.4793060E+001  0.1506992E+002  0.5876190E+001  0.1380124E+002  0.7667908E+001  0.1315646E+002  0.9231232E+001  0.1345255E+002  0.1111761E+002  0.1466913E+002  0.1275043E+002  0.1540311E+002  0.1398697E+002  0.1599380E+002  0.1511307E+002  0.1622629E+002  0.1584247E+002  0.1629465E+002  0.1622952E+002  0.1630023E+002  0.1629495E+002  0.1836212E+002  0.3800476E+001
010101999sced1     3.000    03011999  0.1042581E+002  0.1742000E+002  0.3046000E+001  0.1124012E+001  0.7320707E+000  0.1449478E+003  0.2540000E+000  0.2022519E+002  0.7189514E+001  0.1901123E+002  0.7842499E+001  0.1709897E+002  0.9076904E+001  0.1575275E+002  0.1017163E+002  0.1458566E+002  0.1139844E+002  0.1406152E+002  0.1251794E+002  0.1423038E+002  0.1362619E+002  0.1509402E+002  0.1460165E+002  0.1578415E+002  0.1537064E+002  0.1620804E+002  0.1604681E+002  0.1629172E+002  0.1626089E+002  0.2021130E+002  0.3041138E+001
020101999sced1     3.000    03011999  0.1042581E+002  0.1742000E+002  0.3046000E+001  0.1124012E+001  0.7320707E+000  0.1449478E+003  0.2540000E+000  0.1700964E+002  0.4663513E+001  0.1549960E+002  0.5653198E+001  0.1405539E+002  0.7265411E+001  0.1317258E+002  0.8633179E+001  0.1257263E+002  0.1030875E+002  0.1310818E+002  0.1184512E+002  0.1397937E+002  0.1311337E+002  0.1508426E+002  0.1435303E+002  0.1582001E+002  0.1530087E+002  0.1622409E+002  0.1605002E+002  0.1629431E+002  0.1626453E+002  0.1884805E+002  0.3742920E+001
010101999sced1     4.000    04011999  0.1082084E+002  0.1741500E+002  0.3612500E+001  0.1062228E+001  0.7684037E+000  0.1297623E+003  0.4060000E+001  0.2124628E+002  0.7217377E+001  0.1983844E+002  0.7863464E+001  0.1780307E+002  0.9088745E+001  0.1629337E+002  0.1019019E+002  0.1498224E+002  0.1139255E+002  0.1427228E+002  0.1246677E+002  0.1398477E+002  0.1347968E+002  0.1459863E+002  0.1435611E+002  0.1535568E+002  0.1507526E+002  0.1603864E+002  0.1584912E+002  0.1625894E+002  0.1620038E+002  0.2123053E+002  0.7218445E+001
020101999sced1     4.000    04011999  0.1082084E+002  0.1741500E+002  0.3612500E+001  0.1062228E+001  0.7684037E+000  0.1297623E+003  0.4060000E+001  0.1713797E+002  0.4873474E+001  0.1574933E+002  0.5766235E+001  0.1428580E+002  0.7226379E+001  0.1326773E+002  0.8477081E+001  0.1251526E+002  0.1003201E+002  0.1261987E+002  0.1145557E+002  0.1330603E+002  0.1264606E+002  0.1433807E+002  0.1386136E+002  0.1527985E+002  0.1485333E+002  0.1604059E+002  0.1580893E+002  0.1626251E+002  0.1619846E+002  0.1908395E+002  0.4021942E+001
010101999sced1     5.000    05011999  0.1042209E+002  0.1654500E+002  0.2512000E+001  0.1030921E+001  0.7166421E+000  0.1189279E+003  0.2540000E+000  0.2095380E+002  0.7156494E+001  0.1953436E+002  0.7839172E+001  0.1758105E+002  0.9138245E+001  0.1613419E+002  0.1029254E+002  0.1483908E+002  0.1151303E+002  0.1416470E+002  0.1253555E+002  0.1396191E+002  0.1348541E+002  0.1439194E+002  0.1423578E+002  0.1506583E+002  0.1489072E+002  0.1584088E+002  0.1566589E+002  0.1619733E+002  0.1611914E+002  0.2094193E+002  0.7157745E+001
020101999sced1     5.000    05011999  0.1042209E+002  0.1654500E+002  0.2512000E+001  0.1030921E+001  0.7166421E+000  0.1189279E+003  0.2540000E+000  0.1630795E+002  0.4314423E+001  0.1493329E+002  0.5287872E+001  0.1354672E+002  0.6899719E+001  0.1267212E+002  0.8237000E+001  0.1202493E+002  0.9832397E+001  0.1243744E+002  0.1122662E+002  0.1296362E+002  0.1235840E+002  0.1385617E+002  0.1351852E+002  0.1483734E+002  0.1451837E+002  0.1579837E+002  0.1556342E+002  0.1619495E+002  0.1610281E+002  0.1804321E+002  0.3415924E+001
010101999sced1     6.000    06011999  0.9637893E+001  0.1660000E+002  0.3680000E+001  0.1079361E+001  0.7698210E+000  0.1331820E+003  0.0000000E+000  0.2006223E+002  0.7163452E+001  0.1891531E+002  0.7826538E+001  0.1707980E+002  0.9084473E+001  0.1570297E+002  0.1017276E+002  0.1449405E+002  0.1137711E+002  0.1395306E+002  0.1239410E+002  0.1387115E+002  0.1334509E+002  0.1426367E+002  0.1408057E+002  0.1488388E+002  0.1472833E+002  0.1565866E+002  0.1550375E+002  0.1611548E+002  0.1602716E+002  0.2004880E+002  0.7164642E+001
020101999sced1     6.000    06011999  0.9637893E+001  0.1660000E+002  0.3680000E+001  0.1079361E+001  0.7698210E+000  0.1331820E+003  0.0000000E+000  0.1638266E+002  0.4700134E+001  0.1506097E+002  0.5575104E+001  0.1357553E+002  0.6953400E+001  0.1257080E+002  0.8166229E+001  0.1186630E+002  0.9611237E+001  0.1201935E+002  0.1093423E+002  0.1259891E+002  0.1204498E+002  0.1351355E+002  0.1321158E+002  0.1450528E+002  0.1422552E+002  0.1555338E+002  0.1533191E+002  0.1609836E+002  0.1598877E+002  0.1812396E+002  0.3875122E+001
010101999sced1     7.000    07011999  0.6956394E+001  0.1571500E+002  0.4218500E+001  0.1032432E+001  0.7868393E+000  0.1089540E+003  0.0000000E+000  0.1720209E+002  0.7321594E+001  0.1622333E+002  0.7938110E+001  0.1500232E+002  0.9107483E+001  0.1416977E+002  0.1015585E+002  0.1348853E+002  0.1129330E+002  0.1370340E+002  0.1228387E+002  0.1367218E+002  0.1318027E+002  0.1409183E+002  0.1388416E+002  0.1472116E+002  0.1455649E+002  0.1549716E+002  0.1535071E+002  0.1602316E+002  0.1592911E+002  0.1719296E+002  0.7322479E+001
020101999sced1     7.000    07011999  0.6956394E+001  0.1571500E+002  0.4218500E+001  0.1032432E+001  0.7868393E+000  0.1089540E+003  0.0000000E+000  0.1432617E+002  0.4965912E+001  0.1296393E+002  0.5769043E+001  0.1211737E+002  0.7077911E+001  0.1158179E+002  0.8191162E+001  0.1128427E+002  0.9570984E+001  0.1181570E+002  0.1082019E+002  0.1234088E+002  0.1186038E+002  0.1320984E+002  0.1296692E+002  0.1421414E+002  0.1397827E+002  0.1532248E+002  0.1511700E+002  0.1598373E+002  0.1586438E+002  0.1615207E+002  0.4182098E+001
010101999sced1     8.000    08011999  0.3276893E+001  0.1182000E+002  0.6445000E+001  0.1194847E+001  0.9042660E+000  0.1258200E+003  0.0000000E+000  0.1399805E+002  0.8644531E+001  0.1339560E+002  0.9061737E+001  0.1287790E+002  0.9853577E+001  0.1256137E+002  0.1058752E+002  0.1262540E+002  0.1141815E+002  0.1308725E+002  0.1217090E+002  0.1333188E+002  0.1290225E+002  0.1388058E+002  0.1362274E+002  0.1454834E+002  0.1435574E+002  0.1534427E+002  0.1519559E+002  0.1592490E+002  0.1582553E+002  0.1399600E+002  0.8644562E+001
020101999sced1     8.000    08011999  0.3276893E+001  0.1182000E+002  0.6445000E+001  0.1194847E+001  0.9042660E+000  0.1258200E+003  0.0000000E+000  0.1177499E+002  0.7264648E+001  0.1114523E+002  0.7763794E+001  0.1083215E+002  0.8532104E+001  0.1075616E+002  0.9240326E+001  0.1091675E+002  0.1012100E+002  0.1150198E+002  0.1100302E+002  0.1206595E+002  0.1182098E+002  0.1296359E+002  0.1279507E+002  0.1396823E+002  0.1377283E+002  0.1510831E+002  0.1491943E+002  0.1585907E+002  0.1573471E+002  0.1257324E+002  0.6646332E+001
