    DOY     DATE    RESIDUE_C       HUMUS_C         AMENDED_C       LITTER_C        CO2_FLUX        O2_FLUX         AUTO_RESP       MICRO_C         SURF_RES        CH4_FLUX        SUR_DOC_SED_FLX SUB_DOC_FLX     SUR_DIC_FLX     SUB_DIC_FLX     ATM_CO2         NBP             FIRE_CO2        SOC_1           SOC_2           SOC_3           SOC_4           SOC_5           SOC_6           SOC_7           SOC_8           H2_FLUX         ECO_GPP         ECO_RA          ECO_NPP         ECO_RH          FIRE_CH4        TTL_DIC         STG_DEAD        
010101999sccd1     1.000    01011999  0.8619905E+003  0.5731356E+004  0.0000000E+000  0.0000000E+000 -0.3171298E+001  0.9349059E+000  0.0000000E+000  0.3032775E+003  0.9657921E+001 -0.4720411E+000  0.0000000E+000  0.0000000E+000  0.0000000E+000  0.0000000E+000  0.2750019E+003 -0.3643339E+001  0.0000000E+000  0.2658166E+001  0.2648173E+003  0.6298549E+003  0.7568573E+003  0.1517161E+004  0.1463781E+004  0.1088331E+004  0.3114651E+003 -0.5431859E+000  0.0000000E+000  0.0000000E+000  0.0000000E+000 -0.1057200E+002  0.0000000E+000  0.7041888E+001  0.0000000E+000
020101999sccd1     1.000    01011999  0.1335990E+004  0.7781058E+004  0.0000000E+000  0.0000000E+000 -0.2595687E+001  0.5707469E+001  0.0000000E+000  0.1704419E+003  0.4926359E+003 -0.1262606E+000  0.0000000E+000  0.0000000E+000  0.0000000E+000  0.0000000E+000  0.2750019E+003 -0.2721947E+001  0.0000000E+000  0.2798705E+003  0.9148551E+003  0.1112693E+004  0.1112738E+004  0.2066763E+004  0.2066972E+004  0.2098429E+003  0.3116704E+003 -0.1117687E+000  0.0000000E+000  0.0000000E+000  0.0000000E+000 -0.5793148E+001  0.0000000E+000  0.3138191E+001  0.0000000E+000
010101999sccd1     2.000    02011999  0.8605998E+003  0.5723738E+004  0.0000000E+000  0.0000000E+000 -0.8361038E+001  0.1237594E+001  0.0000000E+000  0.2995066E+003  0.9559981E+001 -0.1591197E+001  0.0000000E+000  0.0000000E+000  0.0000000E+000  0.0000000E+000  0.2750037E+003 -0.9952235E+001  0.0000000E+000  0.7017241E+001  0.2660312E+003  0.6281774E+003  0.7546071E+003  0.1514628E+004  0.1455479E+004  0.1089079E+004  0.3112944E+003 -0.1424734E+001  0.0000000E+000  0.0000000E+000  0.0000000E+000 -0.1954984E+002  0.0000000E+000  0.9710708E+001  0.0000000E+000
020101999sccd1     2.000    02011999  0.1333897E+004  0.7780422E+004  0.0000000E+000  0.0000000E+000 -0.3773376E+001  0.5808955E+001  0.0000000E+000  0.1693133E+003  0.4913541E+003 -0.3478775E+000  0.0000000E+000  0.0000000E+000  0.0000000E+000  0.0000000E+000  0.2750037E+003 -0.4121253E+001  0.0000000E+000  0.2804055E+003  0.9144719E+003  0.1112248E+004  0.1112282E+004  0.2066524E+004  0.2066775E+004  0.2097984E+003  0.3115793E+003 -0.2683654E+000  0.0000000E+000  0.0000000E+000  0.0000000E+000 -0.8503054E+001  0.0000000E+000  0.4448894E+001  0.0000000E+000
010101999sccd1     3.000    03011999  0.8575198E+003  0.5718286E+004  0.0000000E+000  0.0000000E+000 -0.1380077E+002  0.1505093E+001  0.0000000E+000  0.2958876E+003  0.9512145E+001 -0.3140014E+001  0.0000000E+000  0.0000000E+000  0.0000000E+000  0.0000000E+000  0.2750056E+003 -0.1694078E+002  0.0000000E+000  0.1356213E+002  0.2703046E+003  0.6285452E+003  0.7529991E+003  0.1511915E+004  0.1444349E+004  0.1085252E+004  0.3111589E+003 -0.2375241E+001  0.0000000E+000  0.0000000E+000  0.0000000E+000 -0.2804796E+002  0.0000000E+000  0.1121974E+002  0.0000000E+000
020101999sccd1     3.000    03011999  0.1331849E+004  0.7780027E+004  0.0000000E+000  0.0000000E+000 -0.4882411E+001  0.5904793E+001  0.0000000E+000  0.1680372E+003  0.4900027E+003 -0.6227242E+000  0.0000000E+000  0.0000000E+000  0.0000000E+000  0.0000000E+000  0.2750056E+003 -0.5505135E+001  0.0000000E+000  0.2809243E+003  0.9141306E+003  0.1111885E+004  0.1111917E+004  0.2066324E+004  0.2066608E+004  0.2097636E+003  0.3115299E+003 -0.4370667E+000  0.0000000E+000  0.0000000E+000  0.0000000E+000 -0.1092859E+002  0.0000000E+000  0.5491066E+001  0.0000000E+000
010101999sccd1     4.000    04011999  0.8539253E+003  0.5713334E+004  0.0000000E+000  0.0000000E+000 -0.1910241E+002  0.1836693E+001  0.0000000E+000  0.2926070E+003  0.9483025E+001 -0.5023448E+001  0.0000000E+000  0.0000000E+000  0.0000000E+000  0.0000000E+000  0.2750075E+003 -0.2412585E+002  0.0000000E+000  0.1268328E+002  0.2546757E+003  0.6079317E+003  0.7423209E+003  0.1508723E+004  0.1439152E+004  0.1133292E+004  0.3110310E+003 -0.3281064E+001  0.0000000E+000  0.0000000E+000  0.0000000E+000 -0.3656348E+002  0.0000000E+000  0.1254941E+002  0.0000000E+000
020101999sccd1     4.000    04011999  0.1329779E+004  0.7779682E+004  0.0000000E+000  0.0000000E+000 -0.5876231E+001  0.6041168E+001  0.0000000E+000  0.1668269E+003  0.4886398E+003 -0.9466637E+000  0.0000000E+000  0.0000000E+000  0.0000000E+000  0.0000000E+000  0.2750075E+003 -0.6822895E+001  0.0000000E+000  0.2813990E+003  0.9137802E+003  0.1111531E+004  0.1111576E+004  0.2066138E+004  0.2066451E+004  0.2097360E+003  0.3114861E+003 -0.6059314E+000  0.0000000E+000  0.0000000E+000  0.0000000E+000 -0.1332351E+002  0.0000000E+000  0.6568974E+001  0.0000000E+000
010101999sccd1     5.000    05011999  0.8502409E+003  0.5708620E+004  0.0000000E+000  0.0000000E+000 -0.2396345E+002  0.2129976E+001  0.0000000E+000  0.2896943E+003  0.9453065E+001 -0.7120947E+001  0.0000000E+000  0.0000000E+000  0.0000000E+000  0.0000000E+000  0.2750093E+003 -0.3108439E+002  0.0000000E+000  0.1807837E+002  0.2583185E+003  0.6081191E+003  0.7408210E+003  0.1505916E+004  0.1429368E+004  0.1130136E+004  0.3109104E+003 -0.4043149E+001  0.0000000E+000  0.0000000E+000  0.0000000E+000 -0.4493199E+002  0.0000000E+000  0.1395848E+002  0.0000000E+000
020101999sccd1     5.000    05011999  0.1327872E+004  0.7779403E+004  0.0000000E+000  0.0000000E+000 -0.6623645E+001  0.6136010E+001  0.0000000E+000  0.1657284E+003  0.4874071E+003 -0.1251097E+001  0.0000000E+000  0.0000000E+000  0.0000000E+000  0.0000000E+000  0.2750093E+003 -0.7874742E+001  0.0000000E+000  0.2818417E+003  0.9134711E+003  0.1111208E+004  0.1111257E+004  0.2065967E+004  0.2066301E+004  0.2097135E+003  0.3114469E+003 -0.7447397E+000  0.0000000E+000  0.0000000E+000  0.0000000E+000 -0.1548675E+002  0.0000000E+000  0.7681241E+001  0.0000000E+000
010101999sccd1     6.000    06011999  0.8466933E+003  0.5704173E+004  0.0000000E+000  0.0000000E+000 -0.2810933E+002  0.2433130E+001  0.0000000E+000  0.2871689E+003  0.9423148E+001 -0.9276011E+001  0.0000000E+000  0.0000000E+000  0.0000000E+000  0.0000000E+000  0.2750112E+003 -0.3738534E+002  0.0000000E+000  0.2392456E+002  0.2630904E+003  0.6096696E+003  0.7400009E+003  0.1503202E+004  0.1419548E+004  0.1123689E+004  0.3107952E+003 -0.4609052E+001  0.0000000E+000  0.0000000E+000  0.0000000E+000 -0.5289165E+002  0.0000000E+000  0.1561626E+002  0.0000000E+000
020101999sccd1     6.000    06011999  0.1325993E+004  0.7779151E+004  0.0000000E+000  0.0000000E+000 -0.7263231E+001  0.6228707E+001  0.0000000E+000  0.1647120E+003  0.4862044E+003 -0.1566826E+001  0.0000000E+000  0.0000000E+000  0.0000000E+000  0.0000000E+000  0.2750112E+003 -0.8830056E+001  0.0000000E+000  0.2822508E+003  0.9131675E+003  0.1110896E+004  0.1110953E+004  0.2065807E+004  0.2066154E+004  0.2096949E+003  0.3114116E+003 -0.8710635E+000  0.0000000E+000  0.0000000E+000  0.0000000E+000 -0.1759337E+002  0.0000000E+000  0.8833559E+001  0.0000000E+000
010101999sccd1     7.000    07011999  0.8434020E+003  0.5700073E+004  0.0000000E+000  0.0000000E+000 -0.3127058E+002  0.2735811E+001  0.0000000E+000  0.2850020E+003  0.9394570E+001 -0.1125739E+002  0.0000000E+000  0.0000000E+000  0.0000000E+000  0.0000000E+000  0.2750131E+003 -0.4252797E+002  0.0000000E+000  0.2837539E+002  0.2665718E+003  0.6106830E+003  0.7392145E+003  0.1500777E+004  0.1411875E+004  0.1118577E+004  0.3106857E+003 -0.4953870E+001  0.0000000E+000  0.0000000E+000  0.0000000E+000 -0.6024535E+002  0.0000000E+000  0.1782636E+002  0.0000000E+000
020101999sccd1     7.000    07011999  0.1324231E+004  0.7778918E+004  0.0000000E+000  0.0000000E+000 -0.7833915E+001  0.6322459E+001  0.0000000E+000  0.1637558E+003  0.4851096E+003 -0.1913054E+001  0.0000000E+000  0.0000000E+000  0.0000000E+000  0.0000000E+000  0.2750131E+003 -0.9746969E+001  0.0000000E+000  0.2826212E+003  0.9128946E+003  0.1110609E+004  0.1110667E+004  0.2065630E+004  0.2066002E+004  0.2096794E+003  0.3113803E+003 -0.9774348E+000  0.0000000E+000  0.0000000E+000  0.0000000E+000 -0.1956598E+002  0.0000000E+000  0.9890219E+001  0.0000000E+000
010101999sccd1     8.000    08011999  0.8404337E+003  0.5696366E+004  0.0000000E+000  0.0000000E+000 -0.3338053E+002  0.3033871E+001  0.0000000E+000  0.2831407E+003  0.9367817E+001 -0.1281977E+002  0.0000000E+000  0.0000000E+000  0.0000000E+000  0.0000000E+000  0.2750150E+003 -0.4620029E+002  0.0000000E+000  0.3035352E+002  0.2679717E+003  0.6108079E+003  0.7384500E+003  0.1498851E+004  0.1407636E+004  0.1115656E+004  0.3105822E+003 -0.5113256E+001  0.0000000E+000  0.0000000E+000  0.0000000E+000 -0.6688318E+002  0.0000000E+000  0.2079131E+002  0.0000000E+000
020101999sccd1     8.000    08011999  0.1322556E+004  0.7778700E+004  0.0000000E+000  0.0000000E+000 -0.8260962E+001  0.6419937E+001  0.0000000E+000  0.1628598E+003  0.4841394E+003 -0.2221217E+001  0.0000000E+000  0.0000000E+000  0.0000000E+000  0.0000000E+000  0.2750150E+003 -0.1048218E+002  0.0000000E+000  0.2829369E+003  0.9126391E+003  0.1110328E+004  0.1110382E+004  0.2065453E+004  0.2065851E+004  0.2096663E+003  0.3113522E+003 -0.1068112E+001  0.0000000E+000  0.0000000E+000  0.0000000E+000 -0.2143156E+002  0.0000000E+000  0.1102107E+002  0.0000000E+000
