 1402001   1 -0.49908920E-002 -0.48839794E-002 -0.48220204E-002 -0.48096203E-002 -0.99999998E-002 -0.99999998E-002 -0.99999998E-002 -0.99999998E-002 -0.99999998E-002 -0.99999998E-002 -0.99999998E-002 -0.99999998E-002
 1402001   1 -0.17048762E+001 -0.17065430E+001 -0.17112991E+001 -0.17137327E+001 -0.12600000E+001 -0.12600000E+001 -0.12600000E+001 -0.12600000E+001 -0.12600000E+001 -0.12600000E+001 -0.12600000E+001 -0.12600000E+001
 1402001   1  0.16998852E+001  0.17016590E+001  0.17064770E+001  0.17089231E+001  0.12500000E+001  0.12500000E+001  0.12500000E+001  0.12500000E+001  0.12500000E+001  0.12500000E+001  0.12500000E+001  0.12500000E+001
 1402001   1  0.61999998E+001  0.61999998E+001  0.61999998E+001  0.61999998E+001  0.00000000E+000  0.00000000E+000  0.00000000E+000  0.00000000E+000  0.00000000E+000  0.00000000E+000  0.00000000E+000  0.00000000E+000
 1402001   1  0.38905000E+004  0.15562000E+005  0.19452500E+005  0.19452502E+005  0.00000000E+000  0.00000000E+000  0.00000000E+000  0.00000000E+000  0.00000000E+000  0.00000000E+000  0.00000000E+000  0.00000000E+000
 1402001   1  0.14545019E+000  0.12787752E+001  0.51617026E+000  0.31499743E+000  0.00000000E+000  0.00000000E+000  0.00000000E+000  0.00000000E+000  0.00000000E+000  0.00000000E+000  0.00000000E+000  0.00000000E+000
 1402001   1  0.14545019E+002  0.31969381E+002  0.10323405E+002  0.62999482E+001  0.00000000E+000  0.00000000E+000  0.00000000E+000  0.00000000E+000  0.00000000E+000  0.00000000E+000  0.00000000E+000  0.00000000E+000
 1402001   1  0.10239858E-007  0.13445365E-005  0.65708051E-007  0.56868704E-007  0.00000000E+000  0.00000000E+000  0.00000000E+000  0.00000000E+000  0.00000000E+000  0.00000000E+000  0.00000000E+000  0.00000000E+000
 1402001   1  0.40959431E-007  0.53781459E-005  0.26283220E-006  0.22747481E-006  0.00000000E+000  0.00000000E+000  0.00000000E+000  0.00000000E+000  0.00000000E+000  0.00000000E+000  0.00000000E+000  0.00000000E+000
 1402001   1  0.25000001E-003  0.25000001E-003  0.25000001E-003  0.25000001E-003  0.25000001E-003  0.25000001E-003  0.25000001E-003  0.25000001E-003  0.25000001E-003  0.25000001E-003  0.25000001E-003  0.25000001E-003
 1402001   1  0.99999997E-004  0.99999997E-004  0.99999997E-004  0.99999997E-004  0.99999997E-004  0.99999997E-004  0.99999997E-004  0.99999997E-004  0.99999997E-004  0.99999997E-004  0.99999997E-004  0.99999997E-004
 1402001   1  0.91386362E-004  0.13864322E-002  0.40906441E-003  0.29469453E-003  0.00000000E+000  0.00000000E+000  0.00000000E+000  0.00000000E+000  0.00000000E+000  0.00000000E+000  0.00000000E+000  0.00000000E+000
 1402001   1  0.10000000E-002  0.10000000E-002  0.10000000E-002  0.10000000E-002  0.10000000E-002  0.10000000E-002  0.10000000E-002  0.10000000E-002  0.10000000E-002  0.10000000E-002  0.10000000E-002  0.10000000E-002
 1402001   1  0.22839626E-004  0.27520445E-003  0.15595384E-003  0.15063419E-003  0.00000000E+000  0.00000000E+000  0.00000000E+000  0.00000000E+000  0.00000000E+000  0.00000000E+000  0.00000000E+000  0.00000000E+000
 1402001   1 -0.14736231E-004 -0.27913971E-004 -0.10198214E-004 -0.69524472E-005  0.00000000E+000  0.00000000E+000  0.00000000E+000  0.00000000E+000  0.00000000E+000  0.00000000E+000  0.00000000E+000  0.00000000E+000
 1402001   1  0.14736231E-004  0.27913971E-004  0.10198214E-004  0.69524472E-005  0.00000000E+000  0.00000000E+000  0.00000000E+000  0.00000000E+000  0.00000000E+000  0.00000000E+000  0.00000000E+000  0.00000000E+000
 1402001   1  0.43144519E-006  0.75429656E-004  0.54802267E-005  0.51829556E-005  0.00000000E+000  0.00000000E+000  0.00000000E+000  0.00000000E+000  0.00000000E+000  0.00000000E+000  0.00000000E+000  0.00000000E+000
 1402001   1  0.10986696E-005  0.93193448E-005  0.15715777E-005  0.79911479E-006  0.00000000E+000  0.00000000E+000  0.00000000E+000  0.00000000E+000  0.00000000E+000  0.00000000E+000  0.00000000E+000  0.00000000E+000
 1402001   1  0.18931301E-010  0.19137742E-006  0.50379101E-009  0.43856829E-009  0.00000000E+000  0.00000000E+000  0.00000000E+000  0.00000000E+000  0.00000000E+000  0.00000000E+000  0.00000000E+000  0.00000000E+000
 1402001   1  0.91668895E-011  0.11182763E-006  0.14624688E-008  0.39222048E-008  0.00000000E+000  0.00000000E+000  0.00000000E+000  0.00000000E+000  0.00000000E+000  0.00000000E+000  0.00000000E+000  0.00000000E+000
 1402001   1  0.45273084E-013  0.39053552E-011  0.11160075E-012  0.15240256E-012  0.00000000E+000  0.00000000E+000  0.00000000E+000  0.00000000E+000  0.00000000E+000  0.00000000E+000  0.00000000E+000  0.00000000E+000
 1402001   1  0.39578717E-005  0.33902581E-003  0.23349608E-004  0.20685033E-004  0.00000000E+000  0.00000000E+000  0.00000000E+000  0.00000000E+000  0.00000000E+000  0.00000000E+000  0.00000000E+000  0.00000000E+000
 1402001   1  0.14346006E-006  0.10653457E-005  0.95838914E-007  0.35401172E-007  0.00000000E+000  0.00000000E+000  0.00000000E+000  0.00000000E+000  0.00000000E+000  0.00000000E+000  0.00000000E+000  0.00000000E+000
 1402001   1  0.49800442E-011  0.32659258E-007  0.84953988E-010  0.69990708E-010  0.00000000E+000  0.00000000E+000  0.00000000E+000  0.00000000E+000  0.00000000E+000  0.00000000E+000  0.00000000E+000  0.00000000E+000
 1402001   1  0.49697399E-010  0.36665182E-006  0.45621613E-008  0.11393002E-007  0.00000000E+000  0.00000000E+000  0.00000000E+000  0.00000000E+000  0.00000000E+000  0.00000000E+000  0.00000000E+000  0.00000000E+000
 1402001   1  0.74976213E-010  0.57357421E-008  0.14989239E-009  0.20512267E-009  0.00000000E+000  0.00000000E+000  0.00000000E+000  0.00000000E+000  0.00000000E+000  0.00000000E+000  0.00000000E+000  0.00000000E+000
 1402001   1  0.12047705E-002  0.94010411E-002  0.33213312E-002  0.77874502E-002  0.00000000E+000  0.00000000E+000  0.00000000E+000  0.00000000E+000  0.00000000E+000  0.00000000E+000  0.00000000E+000  0.00000000E+000
 1402001   1  0.83590494E-002  0.69752410E-001  0.28146578E-001  0.47988720E-001  0.00000000E+000  0.00000000E+000  0.00000000E+000  0.00000000E+000  0.00000000E+000  0.00000000E+000  0.00000000E+000  0.00000000E+000
 1402001   1  0.75298150E-004  0.58756513E-003  0.20758319E-003  0.25968201E-003  0.00000000E+000  0.00000000E+000  0.00000000E+000  0.00000000E+000  0.00000000E+000  0.00000000E+000  0.00000000E+000  0.00000000E+000
 1402001   1  0.66043322E-004  0.77285641E-003  0.44786971E-003  0.42597589E-003  0.00000000E+000  0.00000000E+000  0.00000000E+000  0.00000000E+000  0.00000000E+000  0.00000000E+000  0.00000000E+000  0.00000000E+000
 1402001   1  0.58489360E-006  0.12504779E-005  0.10852951E-006  0.10984390E-006  0.00000000E+000  0.00000000E+000  0.00000000E+000  0.00000000E+000  0.00000000E+000  0.00000000E+000  0.00000000E+000  0.00000000E+000
 1402001   1  0.61736569E-006  0.14036718E-005  0.37866118E-006  0.15127952E-006  0.00000000E+000  0.00000000E+000  0.00000000E+000  0.00000000E+000  0.00000000E+000  0.00000000E+000  0.00000000E+000  0.00000000E+000
 1402001   1  0.56412404E-006  0.13148682E-005  0.35974139E-006  0.14535378E-006  0.00000000E+000  0.00000000E+000  0.00000000E+000  0.00000000E+000  0.00000000E+000  0.00000000E+000  0.00000000E+000  0.00000000E+000
 1402001   1  0.23944535E-007  0.54018585E-007  0.18798595E-007  0.68328312E-008  0.00000000E+000  0.00000000E+000  0.00000000E+000  0.00000000E+000  0.00000000E+000  0.00000000E+000  0.00000000E+000  0.00000000E+000
 1402001   1  0.24856126E-007  0.70914389E-007  0.85372447E-008  0.00000000E+000  0.00000000E+000  0.00000000E+000  0.00000000E+000  0.00000000E+000  0.00000000E+000  0.00000000E+000  0.00000000E+000  0.00000000E+000
 1402001   1  0.49170921E-008  0.47276259E-007  0.29322109E-008  0.00000000E+000  0.00000000E+000  0.00000000E+000  0.00000000E+000  0.00000000E+000  0.00000000E+000  0.00000000E+000  0.00000000E+000  0.00000000E+000
 1402001   1  0.11039492E-007  0.36810523E-007  0.91173430E-009  0.00000000E+000  0.00000000E+000  0.00000000E+000  0.00000000E+000  0.00000000E+000  0.00000000E+000  0.00000000E+000  0.00000000E+000  0.00000000E+000
 1402001   1  0.10948928E-008  0.36319590E-008  0.90409097E-010  0.00000000E+000  0.00000000E+000  0.00000000E+000  0.00000000E+000  0.00000000E+000  0.00000000E+000  0.00000000E+000  0.00000000E+000  0.00000000E+000
 1402001   1  0.64529145E+000  0.10696566E+000  0.71118072E-001  0.46149276E-001  0.10000000E+001  0.10000000E+001  0.10000000E+001  0.10000000E+001  0.10000000E+001  0.10000000E+001  0.10000000E+001  0.10000000E+001
 1402001   1  0.71542789E-002  0.58908675E-001  0.22635404E-001  0.43833807E-001  0.00000000E+000  0.00000000E+000  0.00000000E+000  0.00000000E+000  0.00000000E+000  0.00000000E+000  0.00000000E+000  0.00000000E+000
 1402001   1  0.58581331E-003  0.65646730E-002  0.24977976E-002  0.30942138E-002  0.00000000E+000  0.00000000E+000  0.00000000E+000  0.00000000E+000  0.00000000E+000  0.00000000E+000  0.00000000E+000  0.00000000E+000
 1402001   1  0.65586981E-004  0.71301381E-003  0.26761144E-003  0.32436207E-003  0.00000000E+000  0.00000000E+000  0.00000000E+000  0.00000000E+000  0.00000000E+000  0.00000000E+000  0.00000000E+000  0.00000000E+000
 1402001   1  0.14593436E+000
 1402001   1  0.61331280E-002
 1402001   1  0.15332818E-003
 1402001   1  0.15332818E-004
 1402001   1  0.38905000E+004  0.15562000E+005  0.19452500E+005  0.19452502E+005  0.00000000E+000  0.00000000E+000  0.00000000E+000  0.00000000E+000  0.00000000E+000  0.00000000E+000  0.00000000E+000  0.00000000E+000
 1402001   1  0.00000000E+000  0.29623460E-001  0.44965051E-001  0.51345780E-001  0.00000000E+000  0.00000000E+000  0.00000000E+000  0.00000000E+000  0.00000000E+000  0.00000000E+000  0.00000000E+000  0.00000000E+000
 1402001   1  0.00000000E+000  0.14426921E-002  0.21898432E-002  0.25005899E-002  0.00000000E+000  0.00000000E+000  0.00000000E+000  0.00000000E+000  0.00000000E+000  0.00000000E+000  0.00000000E+000  0.00000000E+000
 1402001   1  0.00000000E+000  0.36067308E-004  0.54746080E-004  0.62514780E-004  0.00000000E+000  0.00000000E+000  0.00000000E+000  0.00000000E+000  0.00000000E+000  0.00000000E+000  0.00000000E+000  0.00000000E+000
 1402001   1  0.00000000E+000  0.36067308E-005  0.54746079E-005  0.62514760E-005  0.00000000E+000  0.00000000E+000  0.00000000E+000  0.00000000E+000  0.00000000E+000  0.00000000E+000  0.00000000E+000  0.00000000E+000
 1402001   1  0.12047705E-002  0.94010411E-002  0.33213312E-002  0.16543223E-002  0.00000000E+000  0.00000000E+000  0.00000000E+000  0.00000000E+000  0.00000000E+000  0.00000000E+000  0.00000000E+000  0.00000000E+000
 1402001   1  0.30119261E-004  0.23502606E-003  0.83033287E-004  0.41358049E-004  0.00000000E+000  0.00000000E+000  0.00000000E+000  0.00000000E+000  0.00000000E+000  0.00000000E+000  0.00000000E+000  0.00000000E+000
 1402001   1  0.30119265E-005  0.23502607E-004  0.83033274E-005  0.41358039E-005  0.00000000E+000  0.00000000E+000  0.00000000E+000  0.00000000E+000  0.00000000E+000  0.00000000E+000  0.00000000E+000  0.00000000E+000
 1402001   1  0.90179116E+000  0.74801407E+001  0.26426890E+001  0.13162965E+001  0.00000000E+000  0.00000000E+000  0.00000000E+000  0.00000000E+000  0.00000000E+000  0.00000000E+000  0.00000000E+000  0.00000000E+000
 1402001   1 -0.49906899E-002 -0.48838612E-002 -0.48219194E-002 -0.48095440E-002 -0.99999998E-002 -0.99999998E-002 -0.99999998E-002 -0.99999998E-002 -0.99999998E-002 -0.99999998E-002 -0.99999998E-002 -0.99999998E-002
 1402001   1 -0.17064874E+001 -0.17088562E+001 -0.17135518E+001 -0.17168703E+001 -0.12600000E+001 -0.12600000E+001 -0.12600000E+001 -0.12600000E+001 -0.12600000E+001 -0.12600000E+001 -0.12600000E+001 -0.12600000E+001
 1402001   1  0.17014967E+001  0.17039723E+001  0.17087299E+001  0.17120608E+001  0.12500000E+001  0.12500000E+001  0.12500000E+001  0.12500000E+001  0.12500000E+001  0.12500000E+001  0.12500000E+001  0.12500000E+001
 1402001   1  0.00000000E+000  0.00000000E+000  0.00000000E+000  0.00000000E+000  0.00000000E+000  0.00000000E+000  0.00000000E+000  0.00000000E+000  0.00000000E+000  0.00000000E+000  0.00000000E+000  0.00000000E+000
 1402001   1  0.38905000E+004  0.15562000E+005  0.19452500E+005  0.19452502E+005  0.00000000E+000  0.00000000E+000  0.00000000E+000  0.00000000E+000  0.00000000E+000  0.00000000E+000  0.00000000E+000  0.00000000E+000
 1402001   1  0.12665181E+001  0.38503048E+001  0.10135771E+001  0.65698880E+000  0.00000000E+000  0.00000000E+000  0.00000000E+000  0.00000000E+000  0.00000000E+000  0.00000000E+000  0.00000000E+000  0.00000000E+000
 1402001   1  0.12665182E+003  0.96257622E+002  0.20271542E+002  0.13139775E+002  0.00000000E+000  0.00000000E+000  0.00000000E+000  0.00000000E+000  0.00000000E+000  0.00000000E+000  0.00000000E+000  0.00000000E+000
 1402001   1  0.23084593E-009  0.63903566E-009  0.16869338E-009  0.10955816E-009  0.00000000E+000  0.00000000E+000  0.00000000E+000  0.00000000E+000  0.00000000E+000  0.00000000E+000  0.00000000E+000  0.00000000E+000
 1402001   1  0.92338370E-009  0.25561426E-008  0.67477351E-009  0.43823264E-009  0.00000000E+000  0.00000000E+000  0.00000000E+000  0.00000000E+000  0.00000000E+000  0.00000000E+000  0.00000000E+000  0.00000000E+000
 1402001   1  0.49999999E-005  0.49999999E-005  0.49999999E-005  0.49999999E-005  0.49999999E-005  0.49999999E-005  0.49999999E-005  0.49999999E-005  0.49999999E-005  0.49999999E-005  0.49999999E-005  0.49999999E-005
 1402001   1  0.49999999E-005  0.49999999E-005  0.49999999E-005  0.49999999E-005  0.49999999E-005  0.49999999E-005  0.49999999E-005  0.49999999E-005  0.49999999E-005  0.49999999E-005  0.49999999E-005  0.49999999E-005
 1402001   1  0.39787665E-004  0.12095732E-003  0.31841522E-004  0.20639302E-004  0.00000000E+000  0.00000000E+000  0.00000000E+000  0.00000000E+000  0.00000000E+000  0.00000000E+000  0.00000000E+000  0.00000000E+000
 1402001   1  0.20183555E-002  0.15339860E-002  0.10000000E-002  0.10000000E-002  0.10000000E-002  0.10000000E-002  0.10000000E-002  0.10000000E-002  0.10000000E-002  0.10000000E-002  0.10000000E-002  0.10000000E-002
 1402001   1  0.11319885E-005  0.13099038E-004  0.62164568E-005  0.10961282E-004  0.00000000E+000  0.00000000E+000  0.00000000E+000  0.00000000E+000  0.00000000E+000  0.00000000E+000  0.00000000E+000  0.00000000E+000
 1402001   1 -0.25806559E-008 -0.78507822E-008 -0.27061737E-008 -0.20995021E-008  0.00000000E+000  0.00000000E+000  0.00000000E+000  0.00000000E+000  0.00000000E+000  0.00000000E+000  0.00000000E+000  0.00000000E+000
 1402001   1  0.25806559E-008  0.78507822E-008  0.27061737E-008  0.20995021E-008  0.00000000E+000  0.00000000E+000  0.00000000E+000  0.00000000E+000  0.00000000E+000  0.00000000E+000  0.00000000E+000  0.00000000E+000
 1402001   1  0.00000000E+000  0.00000000E+000  0.00000000E+000  0.00000000E+000  0.00000000E+000  0.00000000E+000  0.00000000E+000  0.00000000E+000  0.00000000E+000  0.00000000E+000  0.00000000E+000  0.00000000E+000
 1402001   1  0.00000000E+000  0.00000000E+000  0.00000000E+000  0.00000000E+000  0.00000000E+000  0.00000000E+000  0.00000000E+000  0.00000000E+000  0.00000000E+000  0.00000000E+000  0.00000000E+000  0.00000000E+000
 1402001   1  0.00000000E+000  0.00000000E+000  0.00000000E+000  0.00000000E+000  0.00000000E+000  0.00000000E+000  0.00000000E+000  0.00000000E+000  0.00000000E+000  0.00000000E+000  0.00000000E+000  0.00000000E+000
 1402001   1  0.00000000E+000  0.00000000E+000  0.00000000E+000  0.00000000E+000  0.00000000E+000  0.00000000E+000  0.00000000E+000  0.00000000E+000  0.00000000E+000  0.00000000E+000  0.00000000E+000  0.00000000E+000
 1402001   1  0.00000000E+000  0.00000000E+000  0.00000000E+000  0.00000000E+000  0.00000000E+000  0.00000000E+000  0.00000000E+000  0.00000000E+000  0.00000000E+000  0.00000000E+000  0.00000000E+000  0.00000000E+000
 1402001   1  0.40927738E-007  0.48317574E-007  0.11735229E-007  0.57927600E-008  0.00000000E+000  0.00000000E+000  0.00000000E+000  0.00000000E+000  0.00000000E+000  0.00000000E+000  0.00000000E+000  0.00000000E+000
 1402001   1  0.00000000E+000  0.00000000E+000  0.00000000E+000  0.00000000E+000  0.00000000E+000  0.00000000E+000  0.00000000E+000  0.00000000E+000  0.00000000E+000  0.00000000E+000  0.00000000E+000  0.00000000E+000
 1402001   1  0.00000000E+000  0.00000000E+000  0.00000000E+000  0.00000000E+000  0.00000000E+000  0.00000000E+000  0.00000000E+000  0.00000000E+000  0.00000000E+000  0.00000000E+000  0.00000000E+000  0.00000000E+000
 1402001   1  0.00000000E+000  0.00000000E+000  0.00000000E+000  0.00000000E+000  0.00000000E+000  0.00000000E+000  0.00000000E+000  0.00000000E+000  0.00000000E+000  0.00000000E+000  0.00000000E+000  0.00000000E+000
 1402001   1  0.00000000E+000  0.00000000E+000  0.00000000E+000  0.00000000E+000  0.00000000E+000  0.00000000E+000  0.00000000E+000  0.00000000E+000  0.00000000E+000  0.00000000E+000  0.00000000E+000  0.00000000E+000
 1402001   1  0.27134454E-004  0.75005417E-004  0.19744888E-004  0.12798398E-004  0.00000000E+000  0.00000000E+000  0.00000000E+000  0.00000000E+000  0.00000000E+000  0.00000000E+000  0.00000000E+000  0.00000000E+000
 1402001   1  0.40358832E-003  0.30989789E-002  0.11959090E-002  0.21976135E-002  0.00000000E+000  0.00000000E+000  0.00000000E+000  0.00000000E+000  0.00000000E+000  0.00000000E+000  0.00000000E+000  0.00000000E+000
 1402001   1  0.16959036E-005  0.46878413E-005  0.12340549E-005  0.79989962E-006  0.00000000E+000  0.00000000E+000  0.00000000E+000  0.00000000E+000  0.00000000E+000  0.00000000E+000  0.00000000E+000  0.00000000E+000
 1402001   1  0.32696560E-005  0.37530030E-004  0.17860149E-004  0.30891515E-004  0.00000000E+000  0.00000000E+000  0.00000000E+000  0.00000000E+000  0.00000000E+000  0.00000000E+000  0.00000000E+000  0.00000000E+000
 1402001   1  0.00000000E+000  0.00000000E+000  0.61675106E-012  0.26432190E-011  0.00000000E+000  0.00000000E+000  0.00000000E+000  0.00000000E+000  0.00000000E+000  0.00000000E+000  0.00000000E+000  0.00000000E+000
 1402001   1  0.00000000E+000  0.00000000E+000  0.00000000E+000  0.00000000E+000  0.00000000E+000  0.00000000E+000  0.00000000E+000  0.00000000E+000  0.00000000E+000  0.00000000E+000  0.00000000E+000  0.00000000E+000
 1402001   1  0.00000000E+000  0.00000000E+000  0.14097167E-011  0.35242920E-011  0.00000000E+000  0.00000000E+000  0.00000000E+000  0.00000000E+000  0.00000000E+000  0.00000000E+000  0.00000000E+000  0.00000000E+000
 1402001   1  0.00000000E+000  0.44053648E-013  0.11013412E-012  0.16520119E-012  0.00000000E+000  0.00000000E+000  0.00000000E+000  0.00000000E+000  0.00000000E+000  0.00000000E+000  0.00000000E+000  0.00000000E+000
 1402001   1  0.00000000E+000  0.00000000E+000  0.00000000E+000  0.00000000E+000  0.00000000E+000  0.00000000E+000  0.00000000E+000  0.00000000E+000  0.00000000E+000  0.00000000E+000  0.00000000E+000  0.00000000E+000
 1402001   1  0.00000000E+000  0.00000000E+000  0.00000000E+000  0.00000000E+000  0.00000000E+000  0.00000000E+000  0.00000000E+000  0.00000000E+000  0.00000000E+000  0.00000000E+000  0.00000000E+000  0.00000000E+000
 1402001   1  0.00000000E+000  0.00000000E+000  0.00000000E+000  0.00000000E+000  0.00000000E+000  0.00000000E+000  0.00000000E+000  0.00000000E+000  0.00000000E+000  0.00000000E+000  0.00000000E+000  0.00000000E+000
 1402001   1  0.00000000E+000  0.00000000E+000  0.00000000E+000  0.00000000E+000  0.00000000E+000  0.00000000E+000  0.00000000E+000  0.00000000E+000  0.00000000E+000  0.00000000E+000  0.00000000E+000  0.00000000E+000
 1402001   1  0.00000000E+000  0.38031899E-006  0.53561976E-005  0.91197571E-005  0.10000000E+001  0.10000000E+001  0.10000000E+001  0.10000000E+001  0.10000000E+001  0.10000000E+001  0.10000000E+001  0.10000000E+001
 1402001   1  0.37645386E-003  0.30239734E-002  0.11761641E-002  0.21848150E-002  0.00000000E+000  0.00000000E+000  0.00000000E+000  0.00000000E+000  0.00000000E+000  0.00000000E+000  0.00000000E+000  0.00000000E+000
 1402001   1  0.34364981E-004  0.38891629E-003  0.14880736E-003  0.17601693E-003  0.00000000E+000  0.00000000E+000  0.00000000E+000  0.00000000E+000  0.00000000E+000  0.00000000E+000  0.00000000E+000  0.00000000E+000
 1402001   1  0.37490088E-005  0.41670042E-004  0.15801448E-004  0.18449304E-004  0.00000000E+000  0.00000000E+000  0.00000000E+000  0.00000000E+000  0.00000000E+000  0.00000000E+000  0.00000000E+000  0.00000000E+000
 1402001   1  0.20000000E-001
 1402001   1  0.00000000E+000
 1402001   1  0.00000000E+000
 1402001   1  0.00000000E+000
 1402001   1  0.38905000E+004  0.15562000E+005  0.19452500E+005  0.19452502E+005  0.00000000E+000  0.00000000E+000  0.00000000E+000  0.00000000E+000  0.00000000E+000  0.00000000E+000  0.00000000E+000  0.00000000E+000
 1402001   1  0.00000000E+000  0.00000000E+000  0.00000000E+000  0.00000000E+000  0.00000000E+000  0.00000000E+000  0.00000000E+000  0.00000000E+000  0.00000000E+000  0.00000000E+000  0.00000000E+000  0.00000000E+000
 1402001   1  0.00000000E+000  0.00000000E+000  0.00000000E+000  0.00000000E+000  0.00000000E+000  0.00000000E+000  0.00000000E+000  0.00000000E+000  0.00000000E+000  0.00000000E+000  0.00000000E+000  0.00000000E+000
 1402001   1  0.00000000E+000  0.00000000E+000  0.00000000E+000  0.00000000E+000  0.00000000E+000  0.00000000E+000  0.00000000E+000  0.00000000E+000  0.00000000E+000  0.00000000E+000  0.00000000E+000  0.00000000E+000
 1402001   1  0.00000000E+000  0.00000000E+000  0.00000000E+000  0.00000000E+000  0.00000000E+000  0.00000000E+000  0.00000000E+000  0.00000000E+000  0.00000000E+000  0.00000000E+000  0.00000000E+000  0.00000000E+000
 1402001   1  0.27134454E-004  0.75005417E-004  0.19744888E-004  0.12798398E-004  0.00000000E+000  0.00000000E+000  0.00000000E+000  0.00000000E+000  0.00000000E+000  0.00000000E+000  0.00000000E+000  0.00000000E+000
 1402001   1  0.67836146E-006  0.18751377E-005  0.49362211E-006  0.31996001E-006  0.00000000E+000  0.00000000E+000  0.00000000E+000  0.00000000E+000  0.00000000E+000  0.00000000E+000  0.00000000E+000  0.00000000E+000
 1402001   1  0.67836154E-007  0.18751365E-006  0.49362200E-007  0.31995985E-007  0.00000000E+000  0.00000000E+000  0.00000000E+000  0.00000000E+000  0.00000000E+000  0.00000000E+000  0.00000000E+000  0.00000000E+000
 1402001   1  0.78524122E+001  0.23871889E+002  0.62841778E+001  0.40733304E+001  0.00000000E+000  0.00000000E+000  0.00000000E+000  0.00000000E+000  0.00000000E+000  0.00000000E+000  0.00000000E+000  0.00000000E+000
 1402001   1  0.00000000E+000  0.00000000E+000  0.00000000E+000  0.00000000E+000  0.00000000E+000  0.00000000E+000  0.00000000E+000  0.00000000E+000  0.00000000E+000  0.00000000E+000  0.00000000E+000  0.00000000E+000
 1402001   1  0.00000000E+000  0.00000000E+000  0.00000000E+000  0.00000000E+000  0.00000000E+000  0.00000000E+000  0.00000000E+000  0.00000000E+000  0.00000000E+000  0.00000000E+000  0.00000000E+000  0.00000000E+000
 1402001   1  0.00000000E+000  0.00000000E+000  0.00000000E+000  0.00000000E+000  0.00000000E+000  0.00000000E+000  0.00000000E+000  0.00000000E+000  0.00000000E+000  0.00000000E+000  0.00000000E+000  0.00000000E+000
 1402001   1  0.00000000E+000  0.00000000E+000  0.00000000E+000  0.00000000E+000  0.00000000E+000  0.00000000E+000  0.00000000E+000  0.00000000E+000  0.00000000E+000  0.00000000E+000  0.00000000E+000  0.00000000E+000
 1402001   1  0.00000000E+000  0.00000000E+000  0.00000000E+000  0.00000000E+000  0.00000000E+000  0.00000000E+000  0.00000000E+000  0.00000000E+000  0.00000000E+000  0.00000000E+000  0.00000000E+000  0.00000000E+000
 1402001   1  0.00000000E+000  0.00000000E+000  0.00000000E+000  0.00000000E+000  0.00000000E+000  0.00000000E+000  0.00000000E+000  0.00000000E+000  0.00000000E+000  0.00000000E+000  0.00000000E+000  0.00000000E+000
 1502001   1 -0.50895070E-002 -0.54231645E-002 -0.60265819E-002 -0.67907306E-002 -0.73077767E-002 -0.92613762E-002 -0.99999998E-002 -0.99999998E-002 -0.99999998E-002 -0.99999998E-002 -0.99999998E-002 -0.99999998E-002
 1502001   1 -0.16910881E+001 -0.17000996E+001 -0.17059191E+001 -0.17106391E+001 -0.17131795E+001 -0.17156823E+001 -0.12600000E+001 -0.12600000E+001 -0.12600000E+001 -0.12600000E+001 -0.12600000E+001 -0.12600000E+001
 1502001   1  0.16859986E+001  0.16946764E+001  0.16998925E+001  0.17038484E+001  0.17058717E+001  0.17064209E+001  0.12500000E+001  0.12500000E+001  0.12500000E+001  0.12500000E+001  0.12500000E+001  0.12500000E+001
 1502001   1  0.12400000E+002  0.12400000E+002  0.12400000E+002  0.61999998E+001  0.61999998E+001  0.61999998E+001  0.00000000E+000  0.00000000E+000  0.00000000E+000  0.00000000E+000  0.00000000E+000  0.00000000E+000
 1502001   1  0.77810000E+004  0.31124000E+005  0.38905000E+005  0.19452502E+005  0.11671500E+005  0.38904996E+005  0.00000000E+000  0.00000000E+000  0.00000000E+000  0.00000000E+000  0.00000000E+000  0.00000000E+000
 1502001   1  0.79672303E+001  0.39167798E+001  0.16081220E+001  0.78751576E+000  0.44201553E+000  0.22860877E+000  0.00000000E+000  0.00000000E+000  0.00000000E+000  0.00000000E+000  0.00000000E+000  0.00000000E+000
 1502001   1  0.79672302E+003  0.97919495E+002  0.32162437E+002  0.15750314E+002  0.14733850E+002  0.22860878E+001  0.00000000E+000  0.00000000E+000  0.00000000E+000  0.00000000E+000  0.00000000E+000  0.00000000E+000
 1502001   1  0.60455159E-006  0.15386653E-005  0.16926894E-006  0.90873513E-007  0.50317226E-007  0.29411835E-007  0.00000000E+000  0.00000000E+000  0.00000000E+000  0.00000000E+000  0.00000000E+000  0.00000000E+000
 1502001   1  0.24182063E-005  0.61546612E-005  0.67707578E-006  0.36349405E-006  0.20126890E-006  0.11764734E-006  0.00000000E+000  0.00000000E+000  0.00000000E+000  0.00000000E+000  0.00000000E+000  0.00000000E+000
 1502001   1  0.25000001E-003  0.25000001E-003  0.25000001E-003  0.25000001E-003  0.25000001E-003  0.25000001E-003  0.25000001E-003  0.25000001E-003  0.25000001E-003  0.25000001E-003  0.25000001E-003  0.25000001E-003
 1502001   1  0.99999997E-004  0.99999997E-004  0.99999997E-004  0.99999997E-004  0.99999997E-004  0.99999997E-004  0.99999997E-004  0.99999997E-004  0.99999997E-004  0.99999997E-004  0.99999997E-004  0.99999997E-004
 1502001   1  0.50058109E-002  0.30993032E-002  0.11805060E-002  0.59916667E-003  0.33427717E-003  0.18201221E-003  0.00000000E+000  0.00000000E+000  0.00000000E+000  0.00000000E+000  0.00000000E+000  0.00000000E+000
 1502001   1  0.63483906E-002  0.10000000E-002  0.10000000E-002  0.10000000E-002  0.10000000E-002  0.10000000E-002  0.10000000E-002  0.10000000E-002  0.10000000E-002  0.10000000E-002  0.10000000E-002  0.10000000E-002
 1502001   1  0.27018553E-003  0.24464112E-003  0.15483781E-003  0.99920304E-004  0.64858679E-004  0.73336763E-004  0.00000000E+000  0.00000000E+000  0.00000000E+000  0.00000000E+000  0.00000000E+000  0.00000000E+000
 1502001   1 -0.25807758E-003 -0.56563578E-004 -0.22446073E-004 -0.75694215E-005 -0.55254181E-005 -0.45904198E-005  0.00000000E+000  0.00000000E+000  0.00000000E+000  0.00000000E+000  0.00000000E+000  0.00000000E+000
 1502001   1  0.25807758E-003  0.56563578E-004  0.22446073E-004  0.75694215E-005  0.55254181E-005  0.45904198E-005  0.00000000E+000  0.00000000E+000  0.00000000E+000  0.00000000E+000  0.00000000E+000  0.00000000E+000
 1502001   1  0.28830735E-004  0.59964888E-004  0.90499425E-005  0.40192876E-005  0.22415757E-005  0.92161662E-006  0.00000000E+000  0.00000000E+000  0.00000000E+000  0.00000000E+000  0.00000000E+000  0.00000000E+000
 1502001   1  0.50769653E-004  0.10415155E-004  0.32482203E-005  0.89772038E-006  0.77665572E-006 -0.72084564E-004  0.00000000E+000  0.00000000E+000  0.00000000E+000  0.00000000E+000  0.00000000E+000  0.00000000E+000
 1502001   1  0.58320898E-009  0.39556689E-007  0.95653530E-009  0.10009395E-009  0.59278499E-010  0.32651354E-010  0.00000000E+000  0.00000000E+000  0.00000000E+000  0.00000000E+000  0.00000000E+000  0.00000000E+000
 1502001   1  0.10927280E-007  0.47805969E-007  0.41004131E-009  0.21070173E-009  0.94926213E-010  0.76753964E-010  0.00000000E+000  0.00000000E+000  0.00000000E+000  0.00000000E+000  0.00000000E+000  0.00000000E+000
 1502001   1  0.88300374E-012  0.20629848E-011  0.52175386E-013  0.10345837E-013 -0.48557187E-013 -0.76779390E-011  0.00000000E+000  0.00000000E+000  0.00000000E+000  0.00000000E+000  0.00000000E+000  0.00000000E+000
 1502001   1  0.15209065E-003  0.28482647E-003  0.40036790E-004  0.16369157E-004  0.88259421E-005  0.34598659E-005  0.00000000E+000  0.00000000E+000  0.00000000E+000  0.00000000E+000  0.00000000E+000  0.00000000E+000
 1502001   1  0.50342642E-005  0.92758273E-006  0.21502638E-006  0.48703441E-007  0.49280970E-007  0.87675289E-009  0.00000000E+000  0.00000000E+000  0.00000000E+000  0.00000000E+000  0.00000000E+000  0.00000000E+000
 1502001   1  0.10565692E-009  0.70508790E-008  0.16473034E-009  0.15845944E-010  0.91772562E-011  0.49322994E-011  0.00000000E+000  0.00000000E+000  0.00000000E+000  0.00000000E+000  0.00000000E+000  0.00000000E+000
 1502001   1  0.44155918E-007  0.16672763E-006  0.13307360E-008  0.62643751E-009  0.27285449E-009  0.21411703E-009  0.00000000E+000  0.00000000E+000  0.00000000E+000  0.00000000E+000  0.00000000E+000  0.00000000E+000
 1502001   1  0.11349685E-008  0.30913938E-008  0.49182151E-010  0.61389552E-011  0.16456804E-011  0.14668781E-011  0.00000000E+000  0.00000000E+000  0.00000000E+000  0.00000000E+000  0.00000000E+000  0.00000000E+000
 1502001   1  0.71714371E-001  0.29498652E-001  0.14761595E-001  0.52735209E-002  0.29766283E-002  0.10246163E-001  0.00000000E+000  0.00000000E+000  0.00000000E+000  0.00000000E+000  0.00000000E+000  0.00000000E+000
 1502001   1  0.16370045E+000  0.11522631E+000  0.62250711E-001  0.25734155E-001  0.14836160E-001  0.36348455E-001  0.00000000E+000  0.00000000E+000  0.00000000E+000  0.00000000E+000  0.00000000E+000  0.00000000E+000
 1502001   1  0.44821473E-002  0.18436651E-002  0.83311659E-003  0.32959486E-003  0.18603919E-003  0.15347649E-003  0.00000000E+000  0.00000000E+000  0.00000000E+000  0.00000000E+000  0.00000000E+000  0.00000000E+000
 1502001   1  0.74698328E-003  0.69088861E-003  0.43687556E-003  0.27998202E-003  0.18034420E-003  0.20003371E-003  0.00000000E+000  0.00000000E+000  0.00000000E+000  0.00000000E+000  0.00000000E+000  0.00000000E+000
 1502001   1  0.35827783E-004  0.19238885E-005  0.20079406E-006  0.15047510E-006  0.28232398E-007  0.27873623E-008  0.00000000E+000  0.00000000E+000  0.00000000E+000  0.00000000E+000  0.00000000E+000  0.00000000E+000
 1502001   1  0.42789707E-004  0.79337506E-005  0.23971049E-005  0.89576787E-006  0.62516989E-006  0.82282348E-007  0.00000000E+000  0.00000000E+000  0.00000000E+000  0.00000000E+000  0.00000000E+000  0.00000000E+000
 1502001   1  0.39536167E-005  0.39047259E-005  0.12885374E-005  0.43619411E-006  0.21649808E-006  0.32015418E-007  0.00000000E+000  0.00000000E+000  0.00000000E+000  0.00000000E+000  0.00000000E+000  0.00000000E+000
 1502001   1  0.00000000E+000  0.93550563E-008  0.30430498E-008  0.40187942E-009  0.00000000E+000  0.96367359E-010  0.00000000E+000  0.00000000E+000  0.00000000E+000  0.00000000E+000  0.00000000E+000  0.00000000E+000
 1502001   1  0.25555796E-005  0.68334043E-006  0.18282898E-006  0.00000000E+000  0.00000000E+000  0.00000000E+000  0.00000000E+000  0.00000000E+000  0.00000000E+000  0.00000000E+000  0.00000000E+000  0.00000000E+000
 1502001   1  0.13002100E-005  0.60520830E-006  0.14268589E-006  0.00000000E+000  0.00000000E+000  0.00000000E+000  0.00000000E+000  0.00000000E+000  0.00000000E+000  0.00000000E+000  0.00000000E+000  0.00000000E+000
 1502001   1  0.15118140E-005  0.35770012E-006  0.55062479E-007  0.00000000E+000  0.00000000E+000  0.00000000E+000  0.00000000E+000  0.00000000E+000  0.00000000E+000  0.00000000E+000  0.00000000E+000  0.00000000E+000
 1502001   1  0.10396872E-006  0.28204138E-007  0.32825089E-008  0.00000000E+000  0.00000000E+000  0.00000000E+000  0.00000000E+000  0.00000000E+000  0.00000000E+000  0.00000000E+000  0.00000000E+000  0.00000000E+000
 1502001   1  0.95455694E+000  0.23353197E+000  0.14943251E+000  0.75709462E-001  0.88028088E-001  0.63157737E-001  0.10000000E+001  0.10000000E+001  0.10000000E+001  0.10000000E+001  0.10000000E+001  0.10000000E+001
 1502001   1  0.91986075E-001  0.82853235E-001  0.46731003E-001  0.17763967E-001  0.10398196E-001  0.33892829E-001  0.00000000E+000  0.00000000E+000  0.00000000E+000  0.00000000E+000  0.00000000E+000  0.00000000E+000
 1502001   1  0.65768361E-002  0.48733498E-002  0.28476843E-002  0.11427000E-002  0.72089129E-003  0.14799897E-002  0.00000000E+000  0.00000000E+000  0.00000000E+000  0.00000000E+000  0.00000000E+000  0.00000000E+000
 1502001   1  0.65626524E-003  0.74202765E-003  0.36868095E-003  0.14299749E-003  0.86776396E-004  0.16968297E-003  0.00000000E+000  0.00000000E+000  0.00000000E+000  0.00000000E+000  0.00000000E+000  0.00000000E+000
 1502001   1  0.20032722E+000  0.94688945E-001
 1502001   1  0.87821102E-002  0.36374254E-002
 1502001   1  0.21955278E-003  0.90935624E-004
 1502001   1  0.21955289E-004  0.90935628E-005
 1502001   1  0.38905000E+004  0.15562000E+005  0.19452500E+005  0.19452502E+005  0.11671500E+005  0.38904996E+005  0.00000000E+000  0.00000000E+000  0.00000000E+000  0.00000000E+000  0.00000000E+000  0.00000000E+000
 1502001   1  0.00000000E+000  0.29623460E-001  0.44965051E-001  0.55371922E-001  0.30006271E-001  0.20360397E-001  0.00000000E+000  0.00000000E+000  0.00000000E+000  0.00000000E+000  0.00000000E+000  0.00000000E+000
 1502001   1  0.00000000E+000  0.14426921E-002  0.21898432E-002  0.26966669E-002  0.14613355E-002  0.99157146E-003  0.00000000E+000  0.00000000E+000  0.00000000E+000  0.00000000E+000  0.00000000E+000  0.00000000E+000
 1502001   1  0.00000000E+000  0.36067308E-004  0.54746080E-004  0.67416702E-004  0.36533384E-004  0.24789279E-004  0.00000000E+000  0.00000000E+000  0.00000000E+000  0.00000000E+000  0.00000000E+000  0.00000000E+000
 1502001   1  0.00000000E+000  0.36067308E-005  0.54746079E-005  0.67416699E-005  0.36533386E-005  0.24789281E-005  0.00000000E+000  0.00000000E+000  0.00000000E+000  0.00000000E+000  0.00000000E+000  0.00000000E+000
 1502001   1  0.41995600E-001  0.22331791E-001  0.87558748E-002  0.52735209E-002  0.29766283E-002  0.14640531E-002  0.00000000E+000  0.00000000E+000  0.00000000E+000  0.00000000E+000  0.00000000E+000  0.00000000E+000
 1502001   1  0.10498902E-002  0.55829465E-003  0.21889678E-003  0.13183795E-003  0.74415693E-004  0.36601323E-004  0.00000000E+000  0.00000000E+000  0.00000000E+000  0.00000000E+000  0.00000000E+000  0.00000000E+000
 1502001   1  0.10498898E-003  0.55829460E-004  0.21889682E-004  0.13183794E-004  0.74415680E-005  0.36601321E-005  0.00000000E+000  0.00000000E+000  0.00000000E+000  0.00000000E+000  0.00000000E+000  0.00000000E+000
 1502001   1  0.29831205E+002  0.17768763E+002  0.69668012E+001  0.41959858E+001  0.23684185E+001  0.11649054E+001  0.00000000E+000  0.00000000E+000  0.00000000E+000  0.00000000E+000  0.00000000E+000  0.00000000E+000
 1502001   1  0.38905000E+004  0.15562000E+005  0.19452500E+005  0.00000000E+000  0.00000000E+000  0.00000000E+000  0.00000000E+000  0.00000000E+000  0.00000000E+000  0.00000000E+000  0.00000000E+000  0.00000000E+000
 1502001   1  0.00000000E+000  0.29398311E-001  0.45290615E-001  0.00000000E+000  0.00000000E+000  0.00000000E+000  0.00000000E+000  0.00000000E+000  0.00000000E+000  0.00000000E+000  0.00000000E+000  0.00000000E+000
 1502001   1  0.00000000E+000  0.14317274E-002  0.22056981E-002  0.00000000E+000  0.00000000E+000  0.00000000E+000  0.00000000E+000  0.00000000E+000  0.00000000E+000  0.00000000E+000  0.00000000E+000  0.00000000E+000
 1502001   1  0.00000000E+000  0.35793186E-004  0.55142478E-004  0.00000000E+000  0.00000000E+000  0.00000000E+000  0.00000000E+000  0.00000000E+000  0.00000000E+000  0.00000000E+000  0.00000000E+000  0.00000000E+000
 1502001   1  0.00000000E+000  0.35793184E-005  0.55142486E-005  0.00000000E+000  0.00000000E+000  0.00000000E+000  0.00000000E+000  0.00000000E+000  0.00000000E+000  0.00000000E+000  0.00000000E+000  0.00000000E+000
 1502001   1  0.29718775E-001  0.71668602E-002  0.23682946E-002  0.00000000E+000  0.00000000E+000  0.00000000E+000  0.00000000E+000  0.00000000E+000  0.00000000E+000  0.00000000E+000  0.00000000E+000  0.00000000E+000
 1502001   1  0.74296945E-003  0.17917147E-003  0.59207377E-004  0.00000000E+000  0.00000000E+000  0.00000000E+000  0.00000000E+000  0.00000000E+000  0.00000000E+000  0.00000000E+000  0.00000000E+000  0.00000000E+000
 1502001   1  0.74296913E-004  0.17917149E-004  0.59207396E-005  0.00000000E+000  0.00000000E+000  0.00000000E+000  0.00000000E+000  0.00000000E+000  0.00000000E+000  0.00000000E+000  0.00000000E+000  0.00000000E+000
 1502001   1  0.19565624E+002  0.57024665E+001  0.18843845E+001  0.00000000E+000  0.00000000E+000  0.00000000E+000  0.00000000E+000  0.00000000E+000  0.00000000E+000  0.00000000E+000  0.00000000E+000  0.00000000E+000
 1502001   1 -0.50894883E-002 -0.54231463E-002 -0.60265604E-002 -0.67907064E-002 -0.73077539E-002 -0.92613641E-002 -0.99999998E-002 -0.99999998E-002 -0.99999998E-002 -0.99999998E-002 -0.99999998E-002 -0.99999998E-002
 1502001   1 -0.17040875E+001 -0.17062497E+001 -0.17115179E+001 -0.17156188E+001 -0.17173650E+001 -0.17210010E+001 -0.12600000E+001 -0.12600000E+001 -0.12600000E+001 -0.12600000E+001 -0.12600000E+001 -0.12600000E+001
 1502001   1  0.16989980E+001  0.17008265E+001  0.17054914E+001  0.17088281E+001  0.17100573E+001  0.17117397E+001  0.12500000E+001  0.12500000E+001  0.12500000E+001  0.12500000E+001  0.12500000E+001  0.12500000E+001
 1502001   1  0.00000000E+000  0.00000000E+000  0.00000000E+000  0.00000000E+000  0.00000000E+000  0.00000000E+000  0.00000000E+000  0.00000000E+000  0.00000000E+000  0.00000000E+000  0.00000000E+000  0.00000000E+000
 1502001   1  0.77810000E+004  0.31124000E+005  0.38905000E+005  0.19452502E+005  0.11671500E+005  0.38904996E+005  0.00000000E+000  0.00000000E+000  0.00000000E+000  0.00000000E+000  0.00000000E+000  0.00000000E+000
 1502001   1  0.55436506E+001  0.27235930E+001  0.81065637E+000  0.10920844E+001  0.15409827E+001  0.17426786E+001  0.00000000E+000  0.00000000E+000  0.00000000E+000  0.00000000E+000  0.00000000E+000  0.00000000E+000
 1502001   1  0.55436505E+003  0.68089828E+002  0.16213127E+002  0.21841686E+002  0.51366089E+002  0.17426788E+002  0.00000000E+000  0.00000000E+000  0.00000000E+000  0.00000000E+000  0.00000000E+000  0.00000000E+000
 1502001   1  0.12369449E-008  0.45120091E-009  0.13466489E-009  0.18177000E-009  0.25667049E-009  0.29055128E-009  0.00000000E+000  0.00000000E+000  0.00000000E+000  0.00000000E+000  0.00000000E+000  0.00000000E+000
 1502001   1  0.49477795E-008  0.18048036E-008  0.53865956E-009  0.72708001E-009  0.10266820E-008  0.11622051E-008  0.00000000E+000  0.00000000E+000  0.00000000E+000  0.00000000E+000  0.00000000E+000  0.00000000E+000
 1502001   1  0.49999999E-005  0.49999999E-005  0.49999999E-005  0.49999999E-005  0.49999999E-005  0.49999999E-005  0.49999999E-005  0.49999999E-005  0.49999999E-005  0.49999999E-005  0.49999999E-005  0.49999999E-005
 1502001   1  0.49999999E-005  0.49999999E-005  0.49999999E-005  0.49999999E-005  0.49999999E-005  0.49999999E-005  0.49999999E-005  0.49999999E-005  0.49999999E-005  0.49999999E-005  0.49999999E-005  0.49999999E-005
 1502001   1  0.17415377E-003  0.85561667E-004  0.25466768E-004  0.34307832E-004  0.48409969E-004  0.54746244E-004  0.00000000E+000  0.00000000E+000  0.00000000E+000  0.00000000E+000  0.00000000E+000  0.00000000E+000
 1502001   1  0.44172513E-002  0.10000000E-002  0.10000000E-002  0.10000000E-002  0.10000000E-002  0.10000000E-002  0.10000000E-002  0.10000000E-002  0.10000000E-002  0.10000000E-002  0.10000000E-002  0.10000000E-002
 1502001   1  0.10374056E-004  0.94790621E-005  0.82107090E-005  0.45253382E-005  0.37839591E-005  0.91197844E-005  0.00000000E+000  0.00000000E+000  0.00000000E+000  0.00000000E+000  0.00000000E+000  0.00000000E+000
 1502001   1 -0.44935156E-007 -0.45960262E-008 -0.28478921E-008 -0.38413317E-008 -0.95223616E-008 -0.78039307E-007  0.00000000E+000  0.00000000E+000  0.00000000E+000  0.00000000E+000  0.00000000E+000  0.00000000E+000
 1502001   1  0.44935156E-007  0.45960262E-008  0.28478921E-008  0.38413317E-008  0.95223616E-008  0.78039307E-007  0.00000000E+000  0.00000000E+000  0.00000000E+000  0.00000000E+000  0.00000000E+000  0.00000000E+000
 1502001   1  0.00000000E+000  0.00000000E+000  0.00000000E+000  0.00000000E+000  0.00000000E+000  0.00000000E+000  0.00000000E+000  0.00000000E+000  0.00000000E+000  0.00000000E+000  0.00000000E+000  0.00000000E+000
 1502001   1  0.00000000E+000  0.00000000E+000  0.00000000E+000  0.00000000E+000  0.00000000E+000  0.00000000E+000  0.00000000E+000  0.00000000E+000  0.00000000E+000  0.00000000E+000  0.00000000E+000  0.00000000E+000
 1502001   1  0.00000000E+000  0.00000000E+000  0.00000000E+000  0.00000000E+000  0.00000000E+000  0.00000000E+000  0.00000000E+000  0.00000000E+000  0.00000000E+000  0.00000000E+000  0.00000000E+000  0.00000000E+000
 1502001   1  0.00000000E+000  0.00000000E+000  0.00000000E+000  0.00000000E+000  0.00000000E+000  0.00000000E+000  0.00000000E+000  0.00000000E+000  0.00000000E+000  0.00000000E+000  0.00000000E+000  0.00000000E+000
 1502001   1  0.00000000E+000  0.00000000E+000  0.00000000E+000  0.00000000E+000  0.00000000E+000  0.00000000E+000  0.00000000E+000  0.00000000E+000  0.00000000E+000  0.00000000E+000  0.00000000E+000  0.00000000E+000
 1502001   1  0.50247042E-007  0.24895538E-007  0.59575136E-008  0.71456832E-008  0.10196616E-007  0.11582814E-007  0.00000000E+000  0.00000000E+000  0.00000000E+000  0.00000000E+000  0.00000000E+000  0.00000000E+000
 1502001   1  0.00000000E+000  0.00000000E+000  0.00000000E+000  0.00000000E+000  0.00000000E+000  0.00000000E+000  0.00000000E+000  0.00000000E+000  0.00000000E+000  0.00000000E+000  0.00000000E+000  0.00000000E+000
 1502001   1  0.00000000E+000  0.00000000E+000  0.00000000E+000  0.00000000E+000  0.00000000E+000  0.00000000E+000  0.00000000E+000  0.00000000E+000  0.00000000E+000  0.00000000E+000  0.00000000E+000  0.00000000E+000
 1502001   1  0.00000000E+000  0.00000000E+000  0.00000000E+000  0.00000000E+000  0.00000000E+000  0.00000000E+000  0.00000000E+000  0.00000000E+000  0.00000000E+000  0.00000000E+000  0.00000000E+000  0.00000000E+000
 1502001   1  0.00000000E+000  0.00000000E+000  0.00000000E+000  0.00000000E+000  0.00000000E+000  0.00000000E+000  0.00000000E+000  0.00000000E+000  0.00000000E+000  0.00000000E+000  0.00000000E+000  0.00000000E+000
 1502001   1  0.14560876E-003  0.53056665E-004  0.15791918E-004  0.21274231E-004  0.30018937E-004  0.33948072E-004  0.00000000E+000  0.00000000E+000  0.00000000E+000  0.00000000E+000  0.00000000E+000  0.00000000E+000
 1502001   1  0.42457758E-002  0.41067195E-002  0.23470081E-002  0.91257121E-003  0.56102907E-003  0.17182900E-002  0.00000000E+000  0.00000000E+000  0.00000000E+000  0.00000000E+000  0.00000000E+000  0.00000000E+000
 1502001   1  0.91005450E-005  0.33160434E-005  0.98699411E-006  0.13296386E-005  0.18761837E-005  0.21217543E-005  0.00000000E+000  0.00000000E+000  0.00000000E+000  0.00000000E+000  0.00000000E+000  0.00000000E+000
 1502001   1  0.25115032E-004  0.29045683E-004  0.23275043E-004  0.12801037E-004  0.10543915E-004  0.24866540E-004  0.00000000E+000  0.00000000E+000  0.00000000E+000  0.00000000E+000  0.00000000E+000  0.00000000E+000
 1502001   1  0.48212314E-008  0.00000000E+000  0.93393730E-011  0.98680175E-010  0.14238138E-009  0.43102089E-009  0.00000000E+000  0.00000000E+000  0.00000000E+000  0.00000000E+000  0.00000000E+000  0.00000000E+000
 1502001   1  0.55712004E-008  0.00000000E+000  0.90221872E-010  0.47366483E-009  0.23232132E-008  0.12450618E-007  0.00000000E+000  0.00000000E+000  0.00000000E+000  0.00000000E+000  0.00000000E+000  0.00000000E+000
 1502001   1  0.31803209E-008  0.00000000E+000  0.55111114E-010  0.29879388E-009  0.12735910E-008  0.54232685E-008  0.00000000E+000  0.00000000E+000  0.00000000E+000  0.00000000E+000  0.00000000E+000  0.00000000E+000
 1502001   1  0.00000000E+000  0.00000000E+000  0.13216094E-012  0.26432188E-012  0.00000000E+000  0.15859314E-010  0.00000000E+000  0.00000000E+000  0.00000000E+000  0.00000000E+000  0.00000000E+000  0.00000000E+000
 1502001   1  0.33833203E-009  0.00000000E+000  0.63437255E-011  0.00000000E+000  0.00000000E+000  0.00000000E+000  0.00000000E+000  0.00000000E+000  0.00000000E+000  0.00000000E+000  0.00000000E+000  0.00000000E+000
 1502001   1  0.16916601E-009  0.00000000E+000  0.56388670E-011  0.00000000E+000  0.00000000E+000  0.00000000E+000  0.00000000E+000  0.00000000E+000  0.00000000E+000  0.00000000E+000  0.00000000E+000  0.00000000E+000
 1502001   1  0.19700791E-009  0.00000000E+000  0.18722801E-011  0.00000000E+000  0.00000000E+000  0.00000000E+000  0.00000000E+000  0.00000000E+000  0.00000000E+000  0.00000000E+000  0.00000000E+000  0.00000000E+000
 1502001   1  0.14939694E-010  0.00000000E+000  0.11598499E-012  0.00000000E+000  0.00000000E+000  0.00000000E+000  0.00000000E+000  0.00000000E+000  0.00000000E+000  0.00000000E+000  0.00000000E+000  0.00000000E+000
 1502001   1  0.37704883E-002  0.00000000E+000  0.23559429E-003  0.79450948E-003  0.25526558E-002  0.84657175E-002  0.10000000E+001  0.10000000E+001  0.10000000E+001  0.10000000E+001  0.10000000E+001  0.10000000E+001
 1502001   1  0.41001672E-002  0.40536630E-002  0.23312161E-002  0.89129701E-003  0.53101016E-003  0.16843419E-002  0.00000000E+000  0.00000000E+000  0.00000000E+000  0.00000000E+000  0.00000000E+000  0.00000000E+000
 1502001   1  0.32501642E-003  0.28501096E-003  0.17573775E-003  0.69152797E-004  0.45271699E-004  0.92796923E-004  0.00000000E+000  0.00000000E+000  0.00000000E+000  0.00000000E+000  0.00000000E+000  0.00000000E+000
 1502001   1  0.32371274E-004  0.40924402E-004  0.21834539E-004  0.83927243E-005  0.53229660E-005  0.10463295E-004  0.00000000E+000  0.00000000E+000  0.00000000E+000  0.00000000E+000  0.00000000E+000  0.00000000E+000
 1502001   1  0.20000000E-001  0.20000000E-001
 1502001   1  0.00000000E+000  0.00000000E+000
 1502001   1  0.00000000E+000  0.00000000E+000
 1502001   1  0.00000000E+000  0.00000000E+000
 1502001   1  0.38905000E+004  0.15562000E+005  0.19452500E+005  0.19452502E+005  0.11671500E+005  0.38904996E+005  0.00000000E+000  0.00000000E+000  0.00000000E+000  0.00000000E+000  0.00000000E+000  0.00000000E+000
 1502001   1  0.00000000E+000  0.00000000E+000  0.00000000E+000  0.00000000E+000  0.00000000E+000  0.00000000E+000  0.00000000E+000  0.00000000E+000  0.00000000E+000  0.00000000E+000  0.00000000E+000  0.00000000E+000
 1502001   1  0.00000000E+000  0.00000000E+000  0.00000000E+000  0.00000000E+000  0.00000000E+000  0.00000000E+000  0.00000000E+000  0.00000000E+000  0.00000000E+000  0.00000000E+000  0.00000000E+000  0.00000000E+000
 1502001   1  0.00000000E+000  0.00000000E+000  0.00000000E+000  0.00000000E+000  0.00000000E+000  0.00000000E+000  0.00000000E+000  0.00000000E+000  0.00000000E+000  0.00000000E+000  0.00000000E+000  0.00000000E+000
 1502001   1  0.00000000E+000  0.00000000E+000  0.00000000E+000  0.00000000E+000  0.00000000E+000  0.00000000E+000  0.00000000E+000  0.00000000E+000  0.00000000E+000  0.00000000E+000  0.00000000E+000  0.00000000E+000
 1502001   1  0.10462310E-003  0.51570209E-004  0.15359004E-004  0.21274231E-004  0.30018937E-004  0.33948072E-004  0.00000000E+000  0.00000000E+000  0.00000000E+000  0.00000000E+000  0.00000000E+000  0.00000000E+000
 1502001   1  0.26155769E-005  0.12892561E-005  0.38397479E-006  0.53185545E-006  0.75047348E-006  0.84870197E-006  0.00000000E+000  0.00000000E+000  0.00000000E+000  0.00000000E+000  0.00000000E+000  0.00000000E+000
 1502001   1  0.26155786E-006  0.12892559E-006  0.38397499E-007  0.53185591E-007  0.75047389E-007  0.84870173E-007  0.00000000E+000  0.00000000E+000  0.00000000E+000  0.00000000E+000  0.00000000E+000  0.00000000E+000
 1502001   1  0.27370100E+002  0.16413183E+002  0.48882866E+001  0.67709231E+001  0.95540924E+001  0.10804607E+002  0.00000000E+000  0.00000000E+000  0.00000000E+000  0.00000000E+000  0.00000000E+000  0.00000000E+000
 1502001   1  0.38905000E+004  0.15562000E+005  0.19452500E+005  0.00000000E+000  0.00000000E+000  0.00000000E+000  0.00000000E+000  0.00000000E+000  0.00000000E+000  0.00000000E+000  0.00000000E+000  0.00000000E+000
 1502001   1  0.00000000E+000  0.00000000E+000  0.00000000E+000  0.00000000E+000  0.00000000E+000  0.00000000E+000  0.00000000E+000  0.00000000E+000  0.00000000E+000  0.00000000E+000  0.00000000E+000  0.00000000E+000
 1502001   1  0.00000000E+000  0.00000000E+000  0.00000000E+000  0.00000000E+000  0.00000000E+000  0.00000000E+000  0.00000000E+000  0.00000000E+000  0.00000000E+000  0.00000000E+000  0.00000000E+000  0.00000000E+000
 1502001   1  0.00000000E+000  0.00000000E+000  0.00000000E+000  0.00000000E+000  0.00000000E+000  0.00000000E+000  0.00000000E+000  0.00000000E+000  0.00000000E+000  0.00000000E+000  0.00000000E+000  0.00000000E+000
 1502001   1  0.00000000E+000  0.00000000E+000  0.00000000E+000  0.00000000E+000  0.00000000E+000  0.00000000E+000  0.00000000E+000  0.00000000E+000  0.00000000E+000  0.00000000E+000  0.00000000E+000  0.00000000E+000
 1502001   1  0.40985658E-004  0.14864559E-005  0.43291328E-006  0.00000000E+000  0.00000000E+000  0.00000000E+000  0.00000000E+000  0.00000000E+000  0.00000000E+000  0.00000000E+000  0.00000000E+000  0.00000000E+000
 1502001   1  0.10246411E-005  0.37161410E-007  0.10822831E-007  0.00000000E+000  0.00000000E+000  0.00000000E+000  0.00000000E+000  0.00000000E+000  0.00000000E+000  0.00000000E+000  0.00000000E+000  0.00000000E+000
 1502001   1  0.10246414E-006  0.37161392E-008  0.10822833E-008  0.00000000E+000  0.00000000E+000  0.00000000E+000  0.00000000E+000  0.00000000E+000  0.00000000E+000  0.00000000E+000  0.00000000E+000  0.00000000E+000
 1502001   1  0.70005312E+001  0.47309232E+000  0.13778272E+000  0.00000000E+000  0.00000000E+000  0.00000000E+000  0.00000000E+000  0.00000000E+000  0.00000000E+000  0.00000000E+000  0.00000000E+000  0.00000000E+000
