  102001  0.12700000E-002  0.00000000E+000 -0.31607056E+002  0.63246483E+002  0.00000000E+000  0.00000000E+000  0.00000000E+000 -0.26092422E+002 -0.42500286E+001 -0.28718811E-001  0.13205446E-002  0.00000000E+000 -0.34139599E+002  0.85040749E+002  0.82591549E-002
  0.94633465E+001 -0.14577301E-002  0.69850002E-003  0.63499348E-004  0.00000000E+000  0.00000000E+000  0.00000000E+000
  102001  0.00000000E+000  0.00000000E+000  0.00000000E+000  0.00000000E+000  0.00000000E+000  0.00000000E+000  0.00000000E+000  0.00000000E+000  0.00000000E+000  0.00000000E+000  0.00000000E+000  0.00000000E+000  0.00000000E+000  0.00000000E+000  0.00000000E+000
  0.00000000E+000  0.00000000E+000  0.00000000E+000  0.00000000E+000  0.00000000E+000  0.00000000E+000  0.00000000E+000  0.00000000E+000  0.00000000E+000  0.10000000E+001  0.10000000E+001  0.10000000E+001  0.10000000E+001  0.10000000E+001  0.10000000E+001
  0.10000000E+001  0.10000000E+001  0.10000000E+001  0.10000000E+001  0.10000000E+001  0.10000000E+001  0.10000000E+001  0.10000000E+001  0.10000000E+001  0.10000000E+001  0.10000000E+001  0.10000000E+001  0.10000000E+001  0.10000000E+001  0.10000000E+001
  0.10000000E+001  0.10000000E+001  0.10000000E+001  0.10000000E+001  0.10000000E+001  0.10000000E+001  0.10000000E+001  0.10000000E+001  0.10000000E+001  0.10000000E+001  0.10000000E+001  0.10000000E+001  0.10000000E+001  0.10000000E+001  0.10000000E+001
  0.10000000E+001  0.10000000E+001  0.10000000E+001  0.10000000E+001  0.10000000E+001  0.10000000E+001  0.10000000E+001  0.10000000E+001  0.10000000E+001  0.10000000E+001  0.10000000E+001  0.10000000E+001  0.10000000E+001  0.10000000E+001  0.10000000E+001
  0.10000000E+001  0.10000000E+001  0.10000000E+001  0.10000000E+001  0.10000000E+001  0.10000000E+001  0.10000000E+001  0.10000000E+001  0.10000000E+001  0.10000000E+001  0.10000000E+001  0.10000000E+001  0.10000000E+001  0.10000000E+001  0.10000000E+001
  0.10000000E+001  0.10000000E+001  0.10000000E+001  0.10000000E+001  0.10000000E+001  0.10000000E+001  0.10000000E+001  0.10000000E+001  0.10000000E+001  0.10000000E+001  0.10000000E+001  0.10000000E+001  0.10000000E+001  0.10000000E+001  0.10000000E+001
  0.10000000E+001  0.10000000E+001  0.10000000E+001  0.10000000E+001  0.10000000E+001  0.10000000E+001  0.10000000E+001  0.10000000E+001  0.10000000E+001  0.10000000E+001  0.10000000E+001  0.10000000E+001  0.10000000E+001  0.10000000E+001  0.10000000E+001
  102001   0   0   1   0   0   0  0.00000000E+000  0.00000000E+000  0.00000000E+000  0.20000000E-001  0.00000000E+000  0.10736040E+001 -0.14330092E+000  0.00000000E+000  0.34590827E-002  0.12700000E-002  0.00000000E+000  0.00000000E+000  0.61999998E+001  0.34590827E-002  0.44588137E-001
 -0.26096510E+002  0.40834420E-002  0.63246483E+002 -0.34536466E-001 -0.19021472E-001 -0.32809874E-003  0.40565990E-003  0.00000000E+000  0.00000000E+000  0.00000000E+000  0.00000000E+000  0.00000000E+000  0.00000000E+000  0.00000000E+000  0.00000000E+000
  0.00000000E+000 -0.28718811E-001  0.13205446E-002  0.00000000E+000  0.00000000E+000  0.72787125E-002  0.00000000E+000  0.56961726E-003  0.00000000E+000  0.71994713E-004  0.00000000E+000  0.98044472E-003  0.00000000E+000 -0.18365026E-002  0.00000000E+000
 -0.15297246E-002  0.00000000E+000  0.00000000E+000  0.00000000E+000  0.00000000E+000 -0.30018727E-003 -0.29586331E-003 -0.66747700E-004  0.00000000E+000  0.00000000E+000  0.00000000E+000  0.15285332E-005  0.20929264E-001  0.72081566E-001  0.54064691E+000
  0.00000000E+000  0.00000000E+000  0.00000000E+000  0.00000000E+000  0.24000001E+001  0.50000000E+002 -0.26100685E+002  0.17822465E-001  0.00000000E+000  0.00000000E+000  0.00000000E+000  0.00000000E+000 -0.30527287E+002  0.00000000E+000  0.00000000E+000
  0.00000000E+000  0.97640715E+001  0.97462835E+001  0.24000001E+001  0.00000000E+000  0.00000000E+000  0.29759967E+003  0.00000000E+000  0.00000000E+000  0.00000000E+000  0.00000000E+000  0.12864008E-003  0.37051109E-008  0.13458276E-004  0.12573526E-002
  0.12573526E-002  0.00000000E+000
  102001  0.12864008E-003  0.00000000E+000  0.00000000E+000  0.00000000E+000  0.00000000E+000
  102001  0.13458276E-004  0.00000000E+000  0.00000000E+000  0.00000000E+000  0.00000000E+000
  102001  0.37051109E-008  0.00000000E+000  0.00000000E+000  0.00000000E+000  0.00000000E+000
  102001  0.12573526E-002  0.00000000E+000  0.00000000E+000  0.00000000E+000  0.00000000E+000
  102001  0.10341752E+000  0.10068520E+000  0.10068520E+000  0.10068520E+000  0.10068520E+000
  102001  0.12573526E-002  0.00000000E+000  0.00000000E+000  0.00000000E+000  0.00000000E+000
  102001  0.29545597E-003  0.00000000E+000  0.00000000E+000  0.00000000E+000  0.00000000E+000
  102001  0.26922107E+003  0.26922107E+003  0.26922107E+003  0.26922107E+003  0.26922107E+003
  102001 -0.39289246E+001 -0.39289246E+001 -0.39289246E+001 -0.39289246E+001 -0.39289246E+001
  102001  0.50789025E-003  0.00000000E+000  0.00000000E+000  0.00000000E+000  0.00000000E+000
  102001  0.79144428E-007  0.00000000E+000  0.00000000E+000  0.00000000E+000  0.00000000E+000
  102001  0.20769127E-001  0.00000000E+000  0.00000000E+000  0.00000000E+000  0.00000000E+000
  102001  0.32454159E-001  0.00000000E+000  0.00000000E+000  0.00000000E+000  0.00000000E+000
  102001  0.72536022E-006  0.00000000E+000  0.00000000E+000  0.00000000E+000  0.00000000E+000
  102001  0.31570051E-003  0.00000000E+000  0.00000000E+000  0.00000000E+000  0.00000000E+000
  102001  0.17994930E-005  0.00000000E+000  0.00000000E+000  0.00000000E+000  0.00000000E+000
  102001  0.38099999E-003  0.00000000E+000  0.00000000E+000  0.00000000E+000  0.00000000E+000
  102001  0.24542691E-004  0.00000000E+000  0.00000000E+000  0.00000000E+000  0.00000000E+000
  102001  0.38956648E-004  0.00000000E+000  0.00000000E+000  0.00000000E+000  0.00000000E+000
  102001  0.99999858E-002  0.10000004E-001  0.10000048E-001  0.99999998E-002  0.99999970E-002  0.10000187E-001  0.99999998E-002  0.00000000E+000  0.00000000E+000  0.00000000E+000  0.00000000E+000  0.00000000E+000  0.00000000E+000  0.00000000E+000
  102001  0.17822465E-001  0.99999998E-002  0.39999999E-001  0.50000001E-001  0.50000004E-001  0.30000001E-001  0.99999994E-001  0.69999993E-001  0.23999998E+000  0.33000004E+000  0.40000004E+000  0.27999997E+000  0.39999998E+000  0.40000010E+000  0.39995289E+000
  102001  0.47057318E-004  0.10047057E-001  0.50047055E-001  0.10004705E+000  0.15004706E+000  0.18004707E+000  0.28004706E+000  0.35004705E+000  0.59004700E+000  0.92004704E+000  0.13200471E+001  0.16000471E+001  0.20000472E+001  0.24000473E+001  0.28000002E+001
  102001  0.00000000E+000  0.99999998E-002  0.49999997E-001  0.99999994E-001  0.15000001E+000  0.18000001E+000  0.28000000E+000  0.34999999E+000  0.58999997E+000  0.92000002E+000  0.13200001E+001  0.16000000E+001  0.20000002E+001  0.24000003E+001  0.27999532E+001
  102001  0.10200000E+001  0.10200000E+001  0.10200000E+001  0.10200000E+001  0.10200000E+001  0.13900000E+001  0.14700000E+001  0.15000000E+001  0.14700000E+001  0.14600000E+001  0.14000000E+001  0.14299999E+001  0.14299999E+001  0.14299999E+001
  102001  0.10200000E+001  0.10200000E+001  0.10200000E+001  0.10200000E+001  0.10200000E+001  0.13900000E+001  0.14700000E+001  0.15000000E+001  0.14700000E+001  0.14600000E+001  0.14000000E+001  0.14299999E+001  0.14299999E+001  0.14299999E+001
  102001  0.55000000E+006  0.27675320E+005  0.27451389E+005  0.27266064E+005  0.27282061E+005  0.27490260E+005  0.80918369E+004  0.42859268E+004  0.53322959E+004  0.44042466E+004  0.28987883E+004  0.14996836E+004  0.99986804E+003  0.24996835E+003  0.62499897E+002
  102001  0.60644758E+000  0.60648942E+000  0.60655904E+000  0.60655308E+000  0.60647488E+000  0.47347909E+000  0.44515556E+000  0.43327826E+000  0.44509429E+000  0.44964331E+000  0.47294873E+000  0.46190536E+000  0.46228099E+000  0.46237481E+000
  102001  0.30700001E+000  0.30700001E+000  0.30700001E+000  0.30700001E+000  0.30700001E+000  0.27000001E+000  0.27000001E+000  0.35699999E+000  0.34599999E+000  0.35200000E+000  0.35800001E+000  0.36399999E+000  0.36399999E+000  0.36399999E+000
  102001  0.18700001E+000  0.18700001E+000  0.18700001E+000  0.18700001E+000  0.18700001E+000  0.16400000E+000  0.15800001E+000  0.23100001E+000  0.23000000E+000  0.23700000E+000  0.24200000E+000  0.24200000E+000  0.24200000E+000  0.24200000E+000
  102001  0.48510003E+001  0.48510003E+001  0.48510003E+001  0.48510003E+001  0.48510003E+001  0.16881480E+001  0.13194721E+001  0.48999998E+000  0.48999998E+000  0.48999998E+000  0.48999998E+000  0.48999998E+000  0.48999998E+000  0.48999998E+000
  102001  0.48510003E+001  0.48510003E+001  0.48510003E+001  0.48510003E+001  0.48510003E+001  0.16881480E+001  0.13194721E+001  0.48999998E+000  0.48999998E+000  0.48999998E+000  0.48999998E+000  0.48999998E+000  0.48999998E+000  0.48999998E+000
  102001  0.89071161E-003  0.34857511E-002  0.43706568E-002  0.43709530E-002  0.26269564E-002  0.14102161E-001  0.93029188E-002  0.13190202E-001  0.28873140E-001  0.28465115E-001  0.30492608E-001  0.45676798E-001  0.45739207E-001  0.45754813E-001
  102001  0.70669618E-002  0.27656155E-001  0.34677036E-001  0.34679528E-001  0.20838991E-001  0.10088556E+000  0.79488538E-001  0.18858530E+000  0.25119632E+000  0.32299191E+000  0.21383919E+000  0.33058584E+000  0.33103755E+000  0.33115044E+000
  102001  0.18303628E-002  0.71630180E-002  0.89814160E-002  0.89820772E-002  0.53955740E-002  0.20610906E-001  0.12351416E-001  0.15471870E+000  0.20114957E+000  0.22946367E+000  0.14659908E+000  0.19469735E+000  0.19496338E+000  0.19502987E+000
  102001  0.48159514E-003  0.29474285E-002  0.11949926E-001  0.15012395E-001  0.15055491E-001  0.90532349E-002  0.26640821E-001  0.18680699E-001  0.85737437E-001  0.11434349E+000  0.14088491E+000  0.10030178E+000  0.14617170E+000  0.14987437E+000  0.16977082E+000
  102001  0.00000000E+000  0.29474285E-002  0.11949926E-001  0.15012395E-001  0.15055491E-001  0.90532349E-002  0.26640821E-001  0.18680699E-001  0.85737437E-001  0.11434349E+000  0.14088491E+000  0.10030178E+000  0.14617170E+000  0.14987437E+000  0.16977082E+000
  102001  0.52457798E-003 -0.72759576E-011  0.00000000E+000  0.00000000E+000  0.00000000E+000  0.00000000E+000  0.00000000E+000  0.00000000E+000  0.00000000E+000  0.00000000E+000  0.00000000E+000  0.00000000E+000  0.00000000E+000  0.00000000E+000  0.00000000E+000
  102001  0.16411128E-001  0.31565803E-002  0.12467016E-001  0.15512234E-001  0.15468850E-001  0.92590638E-002  0.21233603E-001  0.12868583E-001  0.18249318E-001  0.32537639E-001  0.38972437E-001  0.32123856E-001  0.38590431E-001  0.35038069E-001  0.15157536E-001
  102001  0.17405776E-001  0.60039507E-002  0.24016954E-001  0.30024642E-001  0.30024352E-001  0.18012302E-001  0.46874411E-001  0.30849278E-001  0.10398676E+000  0.14688113E+000  0.17985734E+000  0.13242564E+000  0.18476214E+000  0.18491244E+000  0.18492836E+000
  102001  0.10061731E-002  0.99001927E-002  0.39599955E-001  0.49499948E-001  0.49499966E-001  0.29699998E-001  0.98999962E-001  0.69299996E-001  0.23999995E+000  0.33000004E+000  0.40000004E+000  0.27999997E+000  0.39999998E+000  0.40000010E+000  0.39995337E+000
  102001  0.15826112E+001  0.62997155E+001  0.78748050E+001  0.78749943E+001  0.47258277E+001  0.13071355E+002  0.70898552E+001  0.96839935E+002  0.12418557E+003  0.14716800E+003  0.10662399E+003  0.15386800E+003  0.15386803E+003  0.15386803E+003
  102001  0.25362360E+000  0.10095689E+001  0.12619904E+001  0.12620195E+001  0.75735229E+000  0.34401557E+001  0.25467463E+001  0.89997520E+001  0.12127498E+002  0.14599999E+002  0.97999992E+001  0.14299999E+002  0.14300002E+002  0.14300002E+002
  102001  0.11838989E+001  0.81069946E+000  0.16234741E+001  0.26912842E+001  0.34312744E+001  0.37957153E+001  0.41563721E+001  0.45051270E+001  0.51472778E+001  0.66014709E+001  0.81080627E+001  0.89857483E+001  0.95507507E+001  0.98503113E+001  0.99659424E+001
  102001  0.27433389E+003  0.27396069E+003  0.27477347E+003  0.27584128E+003  0.27658127E+003  0.27694571E+003  0.27730637E+003  0.27765512E+003  0.27829727E+003  0.27975146E+003  0.28125806E+003  0.28213574E+003  0.28270074E+003  0.28300031E+003  0.28311594E+003
  102001  0.37718527E-002  0.21636778E-001  0.87038033E-001  0.10908644E+000  0.10926811E+000  0.65669261E-001  0.23470086E+000  0.16913848E+000  0.68251491E+000  0.91320586E+000  0.11127185E+001  0.76932335E+000  0.11214275E+001  0.11365483E+001  0.12198162E+001
  102001  0.00000000E+000  0.92870519E-002  0.36967851E-001  0.46184499E-001  0.46185602E-001  0.27736206E-001  0.12307584E+000  0.90866350E-001  0.32327506E+000  0.43410659E+000  0.52241069E+000  0.34905890E+000  0.50896806E+000  0.50857466E+000  0.50847638E+000
  102001 -0.15631307E-001  0.22747496E-001  0.30068034E-001  0.40368479E-001  0.26884805E-001  0.71646161E-001  0.47913663E-001  0.11326660E+000  0.21422735E+000  0.16628610E+000  0.79190269E-001  0.49079176E-001  0.18605905E-001  0.12792825E-002
  102001  0.18780492E-003  0.37432767E-002  0.34508023E-001  0.62476076E-001  0.72798103E-001  0.46044536E-001  0.14391406E+000  0.10695748E+000  0.80462080E+000  0.10804631E+001  0.82185632E+000  0.32866767E+000  0.24257199E+000  0.10227903E+000  0.15624934E-001
  102001  0.10298142E-040  0.22392389E-037  0.25725565E-031  0.23468552E-025  0.11155497E-019  0.12036683E-013  0.55164300E-008  0.00000000E+000  0.00000000E+000  0.00000000E+000  0.00000000E+000  0.00000000E+000  0.00000000E+000  0.00000000E+000
  102001  0.65859563E-005  0.35143185E-005  0.10474017E-004  0.11170291E-004  0.63730772E-005  0.11907802E-004  0.63087077E-005  0.20313271E-005  0.44104075E-006  0.72532032E-007  0.18398453E-007  0.94719805E-008  0.53242850E-008  0.11079763E-008
  102001  0.26272685E-007 -0.13850603E-004  0.43590919E-006 -0.48544831E-006  0.18612167E-006  0.35928331E-007  0.11158814E-006  0.69501745E-007  0.52759212E-007  0.15613310E-007  0.58526020E-008  0.20033608E-008  0.14909474E-008  0.10674432E-008  0.49772009E-009
  102001  0.14012985E-044  0.68663625E-043  0.45265304E-039  0.40902185E-033  0.19442357E-027  0.20978134E-021  0.96143097E-016  0.00000000E+000  0.00000000E+000  0.00000000E+000  0.00000000E+000  0.00000000E+000  0.00000000E+000  0.00000000E+000
  102001  0.51872797E-001 -0.30898473E+001  0.57046537E+001 -0.23737676E+001  0.24042040E+000  0.54843992E-001  0.64592615E-001  0.30907523E-001  0.36098897E-001  0.15348923E-001  0.47636139E-002 -0.35264064E-004 -0.30724015E-002 -0.63072219E-002  0.54416265E-002
  102001 -0.20586496E-001 -0.20263657E-001 -0.18585585E-001 -0.30465480E-001 -0.22645906E-001 -0.10575667E-001 -0.10716503E-001 -0.22497606E-002 -0.65325899E-002 -0.44241431E-002  0.30851853E-003  0.12270939E-002  0.12852510E-002  0.77483477E-003  0.17785028E-003
  102001  0.13636782E-003 -0.11123221E-001 -0.11372953E-001 -0.67317078E-003 -0.57528996E-006 -0.78988023E-006 -0.10080953E-004 -0.10088688E-004 -0.82876250E-005  0.10907934E-005  0.54291377E-005  0.81819144E-005  0.61673665E-004 -0.97315240E-003 -0.14243588E-001
  102001  0.47419628E-004  0.18136016E-005 -0.61463543E-005  0.33995875E-005  0.17207544E-005  0.32958546E-005  0.21376964E-005  0.15497833E-005  0.23693745E-006  0.27611101E-007  0.31065834E-008  0.82022727E-009  0.15352153E-009  0.50271291E-010
  102001  0.12033732E-008 -0.32554748E-007  0.24329425E-009 -0.74778649E-010  0.32518849E-010  0.34549956E-011 -0.47216408E-012  0.79599337E-012 -0.38860923E-013  0.12671735E-012  0.49836464E-013  0.54825244E-013 -0.75478165E-012 -0.40009658E-011
  102001 -0.48432929E-008  0.62973076E-008  0.16671914E-007  0.21576486E-007  0.14698154E-007  0.40794546E-007  0.28162578E-007  0.64346956E-007  0.13759325E-006  0.15524455E-006  0.11125965E-006  0.11988038E-006  0.10221725E-006  0.41682107E-007
  102001  0.28141933E-011 -0.85794838E-007  0.75831119E-009  0.49833724E-008  0.32392251E-008  0.16561368E-008  0.31950498E-008  0.21850770E-008  0.15983003E-007  0.24832417E-007  0.27542173E-007  0.16525780E-007  0.21358787E-007  0.20501965E-007  0.21613213E-007
  102001 -0.13502118E+002  0.85621996E+001  0.38762352E+001  0.44944496E+001  0.26989224E+001  0.61915474E+001  0.37312658E+001  0.50154648E+001  0.86269398E+001  0.10224771E+002  0.84116249E+001  0.10086371E+002  0.91028252E+001  0.38449252E+001
  102001  0.70146397E-002  0.47453791E-001  0.13733241E+000  0.18904638E+000  0.19183913E+000  0.11614508E+000  0.34864986E+000  0.24368352E+000  0.10488946E+001  0.13217319E+001  0.15738087E+001  0.11024004E+001  0.15883636E+001  0.16102297E+001  0.17554713E+001
  102001  0.15395225E-039  0.70530137E-037  0.62710884E-031  0.57208107E-025  0.27193194E-019  0.29341215E-013  0.13447123E-007  0.00000000E+000  0.00000000E+000  0.00000000E+000  0.00000000E+000  0.00000000E+000  0.00000000E+000  0.00000000E+000
  102001  0.54188117E-001  0.18274911E-001  0.70619226E-001  0.75971127E-001  0.58068544E-001  0.27373340E-001  0.30502526E-001  0.83595794E-002  0.27201593E-001  0.16896779E-001  0.62855668E-002  0.93743409E-003  0.54440164E-003  0.33333396E-004  0.17485872E-005
  102001  0.12673890E-002  0.30357018E-003  0.61698048E-003  0.66250475E-003  0.49455994E-003  0.22978849E-003  0.48966496E-003  0.17787864E-003  0.56409847E-003  0.38585858E-003  0.17287095E-003  0.33911805E-004  0.22966831E-004  0.22247541E-005  0.68547372E-007
  102001  0.16320575E-004  0.35981595E-003  0.46197869E-003  0.59416902E-003  0.44867941E-003  0.18166992E-003  0.73085866E-004  0.19823810E-004  0.29037399E-004  0.13613530E-004  0.38857215E-005  0.53843098E-006  0.34123306E-006  0.22254477E-007  0.17235201E-008
  102001  0.73277665E-005  0.76042095E-004  0.62269421E-003  0.61510736E-003  0.50319906E-003  0.19990841E-003  0.52036124E-003  0.18191786E-003  0.56664471E-003  0.37948973E-003  0.15807041E-003  0.22042967E-004  0.10189277E-004  0.23666192E-006  0.90866886E-009
  102001  0.40212026E-005  0.48122572E-003  0.18471866E-004  0.50628942E-005  0.43485729E-005  0.41359963E-005  0.16100026E-005  0.53149233E-006  0.16657602E-005  0.96204008E-006  0.29538100E-006  0.35618569E-007  0.18671351E-007  0.94862374E-009  0.27186727E-010
  102001  0.43597163E-004  0.94162206E-004  0.12418232E-004  0.15455571E-004  0.10435149E-004  0.52042228E-005  0.15948305E-005  0.92600351E-006  0.50784826E-006  0.93475116E-007  0.64615098E-010  0.00000000E+000  0.00000000E+000  0.00000000E+000  0.00000000E+000
  102001  0.00000000E+000  0.00000000E+000  0.12928180E-008  0.00000000E+000  0.00000000E+000  0.00000000E+000  0.23880480E-008  0.47310156E-008  0.55633240E-008  0.14642818E-008  0.10235791E-011  0.00000000E+000  0.00000000E+000  0.00000000E+000  0.00000000E+000
  102001  0.00000000E+000  0.00000000E+000  0.00000000E+000  0.00000000E+000  0.00000000E+000  0.00000000E+000  0.00000000E+000  0.00000000E+000  0.00000000E+000  0.00000000E+000  0.00000000E+000  0.00000000E+000  0.00000000E+000  0.00000000E+000  0.00000000E+000
  102001  0.00000000E+000  0.00000000E+000  0.00000000E+000  0.00000000E+000  0.00000000E+000  0.00000000E+000  0.00000000E+000  0.00000000E+000  0.00000000E+000  0.00000000E+000  0.00000000E+000  0.00000000E+000  0.00000000E+000  0.00000000E+000  0.00000000E+000
  102001  0.00000000E+000  0.00000000E+000  0.00000000E+000  0.00000000E+000  0.00000000E+000  0.00000000E+000  0.00000000E+000  0.00000000E+000  0.00000000E+000  0.00000000E+000  0.00000000E+000  0.00000000E+000  0.00000000E+000  0.00000000E+000  0.00000000E+000
  102001  0.00000000E+000  0.00000000E+000  0.00000000E+000  0.00000000E+000  0.00000000E+000  0.00000000E+000  0.00000000E+000  0.00000000E+000  0.00000000E+000  0.00000000E+000  0.00000000E+000  0.00000000E+000  0.00000000E+000  0.00000000E+000  0.00000000E+000
  102001  0.00000000E+000  0.00000000E+000  0.00000000E+000  0.00000000E+000  0.00000000E+000  0.00000000E+000  0.00000000E+000  0.00000000E+000  0.00000000E+000  0.00000000E+000  0.00000000E+000  0.00000000E+000  0.00000000E+000  0.00000000E+000  0.00000000E+000
  102001  0.00000000E+000  0.00000000E+000  0.00000000E+000  0.00000000E+000  0.00000000E+000  0.00000000E+000  0.00000000E+000  0.00000000E+000  0.00000000E+000  0.00000000E+000  0.00000000E+000  0.00000000E+000  0.00000000E+000  0.00000000E+000  0.00000000E+000
  0.20318046E-001  0.43057042E-003  0.14744725E-002  0.19515627E-002  0.24492354E-002  0.20803942E-002  0.89894288E-003  0.42745157E-003  0.26225462E-003  0.57056081E-004  0.24206209E-007  0.18997538E-011  0.00000000E+000  0.18076750E-042  0.00000000E+000
  0.00000000E+000  0.00000000E+000  0.00000000E+000  0.00000000E+000  0.00000000E+000  0.00000000E+000  0.00000000E+000  0.00000000E+000  0.00000000E+000  0.00000000E+000  0.00000000E+000  0.00000000E+000  0.00000000E+000  0.00000000E+000  0.00000000E+000
  0.00000000E+000  0.50884817E-003  0.19152252E-002  0.20631035E-002  0.15573157E-002  0.71570545E-003  0.13235465E-002  0.39299553E-011  0.28522937E-013  0.16362815E-014  0.47352507E-036  0.00000000E+000  0.00000000E+000  0.00000000E+000  0.00000000E+000
  0.00000000E+000  0.57992660E-002  0.22329958E-001  0.24225773E-001  0.18241659E-001  0.83095385E-002  0.85244253E-002  0.23692616E-002  0.88798758E-002  0.55579627E-002  0.20353170E-002  0.29267455E-003  0.16653359E-003  0.92113660E-005  0.55707102E-006

  102001  0.00000000E+000  0.00000000E+000  0.00000000E+000  0.00000000E+000  0.00000000E+000  0.00000000E+000  0.00000000E+000  0.00000000E+000  0.00000000E+000  0.00000000E+000  0.00000000E+000  0.00000000E+000  0.00000000E+000  0.00000000E+000  0.00000000E+000
  0.29522656E-007  0.71285484E-008  0.16947451E-007  0.13539735E-007  0.13680152E-007  0.75677624E-008  0.10047349E-008  0.30992825E-009  0.62322192E-009  0.23609242E-009  0.13848428E-012  0.00000000E+000  0.00000000E+000  0.00000000E+000  0.00000000E+000
  0.00000000E+000  0.00000000E+000  0.00000000E+000  0.00000000E+000  0.00000000E+000  0.00000000E+000  0.00000000E+000  0.00000000E+000  0.00000000E+000  0.00000000E+000  0.00000000E+000  0.00000000E+000  0.00000000E+000  0.00000000E+000  0.00000000E+000
  0.00000000E+000  0.74699873E-008  0.14781220E-007  0.72680497E-008  0.43508215E-008  0.10526775E-008  0.41841647E-009  0.78390120E-017  0.39152675E-019  0.28267151E-020  0.10355596E-041  0.00000000E+000  0.00000000E+000  0.00000000E+000  0.00000000E+000
  0.00000000E+000  0.90244683E-007  0.17687304E-006  0.83863085E-007  0.48487060E-007  0.10923979E-007  0.26209466E-008  0.41515122E-009  0.30096059E-008  0.20758055E-008  0.55961769E-009  0.43597299E-010  0.17494719E-010  0.28389083E-012  0.34208682E-012

  102001 -0.24267407E-039 -0.23984118E-034 -0.27047478E-029 -0.29219354E-024 -0.19270248E-019 -0.59413542E-014 -0.27926876E-008  0.00000000E+000  0.00000000E+000  0.00000000E+000  0.00000000E+000  0.00000000E+000  0.00000000E+000  0.00000000E+000
  102001  0.00000000E+000  0.00000000E+000  0.00000000E+000  0.00000000E+000  0.00000000E+000  0.00000000E+000  0.00000000E+000  0.00000000E+000  0.00000000E+000  0.00000000E+000  0.00000000E+000  0.00000000E+000  0.00000000E+000  0.00000000E+000
  102001  0.10000181E-003  0.39999970E-003  0.50000183E-003  0.49999962E-003  0.29999978E-003  0.10000184E-002  0.69999963E-003  0.00000000E+000  0.00000000E+000  0.00000000E+000  0.00000000E+000  0.00000000E+000  0.00000000E+000  0.00000000E+000
  102001  0.00000000E+000  0.00000000E+000  0.00000000E+000  0.00000000E+000  0.00000000E+000  0.00000000E+000  0.00000000E+000  0.00000000E+000  0.00000000E+000  0.00000000E+000  0.00000000E+000  0.00000000E+000  0.00000000E+000  0.00000000E+000
  102001  0.00000000E+000  0.00000000E+000  0.00000000E+000  0.00000000E+000  0.00000000E+000  0.00000000E+000  0.00000000E+000  0.00000000E+000  0.00000000E+000  0.00000000E+000  0.99999998E-002
  102001  0.00000000E+000  0.00000000E+000  0.00000000E+000  0.00000000E+000  0.00000000E+000  0.00000000E+000  0.00000000E+000  0.00000000E+000  0.00000000E+000  0.00000000E+000
  102001  0.00000000E+000  0.00000000E+000  0.00000000E+000  0.00000000E+000  0.00000000E+000  0.00000000E+000  0.00000000E+000  0.00000000E+000  0.00000000E+000  0.00000000E+000
  102001  0.00000000E+000  0.00000000E+000  0.00000000E+000  0.00000000E+000  0.00000000E+000  0.00000000E+000  0.00000000E+000  0.00000000E+000  0.00000000E+000  0.00000000E+000
  102001  0.10000000E+001  0.10000000E+001  0.10000000E+001  0.10000000E+001  0.10000000E+001  0.10000000E+001  0.10000000E+001  0.10000000E+001  0.10000000E+001  0.10000000E+001  0.10000000E+001  0.10000000E+001  0.10000000E+001  0.10000000E+001  0.10000000E+001
  102001  0.00000000E+000  0.00000000E+000  0.00000000E+000  0.00000000E+000  0.00000000E+000  0.00000000E+000  0.00000000E+000  0.00000000E+000  0.00000000E+000  0.00000000E+000  0.00000000E+000  0.00000000E+000  0.00000000E+000  0.00000000E+000  0.00000000E+000
  102001  0.10000000E+001  0.10000000E+001  0.10000000E+001  0.10000000E+001  0.10000000E+001  0.10000000E+001  0.10000000E+001  0.10000000E+001  0.10000000E+001  0.10000000E+001  0.10000000E+001  0.10000000E+001  0.10000000E+001  0.10000000E+001  0.10000000E+001
  102001  0.00000000E+000  0.00000000E+000  0.00000000E+000  0.00000000E+000  0.00000000E+000  0.00000000E+000  0.00000000E+000  0.00000000E+000  0.00000000E+000  0.00000000E+000  0.00000000E+000  0.00000000E+000  0.00000000E+000  0.00000000E+000  0.00000000E+000
  102001  0.10000000E+001  0.10000000E+001  0.10000000E+001  0.10000000E+001  0.10000000E+001  0.10000000E+001  0.10000000E+001  0.10000000E+001  0.10000000E+001  0.10000000E+001  0.10000000E+001  0.10000000E+001  0.10000000E+001  0.10000000E+001  0.10000000E+001
  102001  0.00000000E+000  0.00000000E+000  0.00000000E+000  0.00000000E+000  0.00000000E+000  0.00000000E+000  0.00000000E+000  0.00000000E+000  0.00000000E+000  0.00000000E+000  0.00000000E+000  0.00000000E+000  0.00000000E+000  0.00000000E+000  0.00000000E+000
  102001  0.12907021E-003  0.81792154E-004  0.18593593E-003  0.19369308E-003  0.16813053E-003  0.77795950E-004  0.31471884E-003  0.13492667E-003  0.12704154E-002  0.10927904E-002  0.81203121E-003  0.34736228E-003  0.36470173E-003  0.15327841E-003  0.43558557E-004
  102001  0.00000000E+000  0.00000000E+000  0.00000000E+000  0.00000000E+000  0.00000000E+000  0.00000000E+000  0.00000000E+000  0.00000000E+000  0.00000000E+000  0.00000000E+000  0.00000000E+000  0.00000000E+000  0.00000000E+000  0.00000000E+000  0.00000000E+000
  102001  0.00000000E+000  0.56821727E-006  0.22618449E-005  0.28273391E-005  0.28274244E-005  0.17062445E-005  0.79053723E-004  0.22623621E-003  0.44355653E-002  0.15129561E-001  0.18214112E-001  0.12225909E-001  0.17839849E-001  0.17839853E-001  0.17839853E-001
  102001  0.00000000E+000  0.23086838E-001  0.91899164E-001  0.11487609E+000  0.11487370E+000  0.61591461E-001  0.36239952E+000  0.43376896E+000  0.22788832E+001  0.37213075E+001  0.44799919E+001  0.30071177E+001  0.43879371E+001  0.43879380E+001  0.43879380E+001
  102001  0.00000000E+000  0.23037782E+000  0.91712898E+000  0.11464741E+001  0.11465927E+001  0.69547373E+000  0.30764718E+001  0.21117046E+001  0.66854773E+001  0.83568888E+001  0.10060620E+002  0.67523799E+001  0.98530540E+001  0.98529043E+001  0.98517437E+001
  102001  0.00000000E+000  0.71856077E-009  0.25388618E-008  0.26654787E-008  0.21207600E-008  0.92253327E-009  0.17616335E-007  0.40972512E-007  0.33651222E-005  0.86689406E-005  0.10123907E-004  0.65180634E-005  0.95168734E-005  0.94070447E-005  0.83978211E-005
  102001  0.00000000E+000  0.15430215E-003  0.52362372E-003  0.61226799E-003  0.52887248E-003  0.27146356E-003  0.11403008E-002  0.10091601E-002  0.30886436E-001  0.34165557E-001  0.41173082E-001  0.28274482E-001  0.41161224E-001  0.41320723E-001  0.42483360E-001
  102001  0.00000000E+000  0.00000000E+000  0.00000000E+000  0.00000000E+000  0.00000000E+000  0.00000000E+000  0.00000000E+000  0.00000000E+000  0.00000000E+000  0.00000000E+000  0.00000000E+000  0.00000000E+000  0.00000000E+000  0.00000000E+000  0.00000000E+000
  102001  0.00000000E+000  0.00000000E+000  0.00000000E+000  0.00000000E+000  0.00000000E+000  0.00000000E+000  0.00000000E+000  0.00000000E+000  0.00000000E+000  0.00000000E+000  0.00000000E+000  0.00000000E+000  0.00000000E+000  0.00000000E+000  0.00000000E+000
  102001  0.00000000E+000  0.00000000E+000  0.00000000E+000  0.00000000E+000  0.00000000E+000  0.00000000E+000  0.00000000E+000  0.00000000E+000  0.00000000E+000  0.00000000E+000  0.00000000E+000  0.00000000E+000  0.00000000E+000  0.00000000E+000  0.00000000E+000
  102001  0.00000000E+000  0.00000000E+000  0.00000000E+000  0.00000000E+000  0.00000000E+000  0.00000000E+000  0.00000000E+000  0.00000000E+000  0.00000000E+000  0.00000000E+000  0.00000000E+000  0.00000000E+000  0.00000000E+000  0.00000000E+000  0.00000000E+000
  102001  0.00000000E+000  0.00000000E+000  0.00000000E+000  0.00000000E+000  0.00000000E+000  0.00000000E+000  0.00000000E+000  0.00000000E+000  0.00000000E+000  0.00000000E+000  0.00000000E+000  0.00000000E+000  0.00000000E+000  0.00000000E+000  0.00000000E+000
  102001 -0.85834495E-009  0.25979871E-001  0.10340802E+000  0.12925905E+000  0.12925592E+000  0.73891006E-001  0.31709933E+000  0.25597587E+000  0.68413293E+000  0.41698176E+000  0.50183421E+000  0.33659431E+000  0.49117413E+000  0.49109244E+000  0.49040094E+000
  102001  0.31012073E-006  0.00000000E+000  0.00000000E+000  0.00000000E+000  0.00000000E+000  0.00000000E+000  0.00000000E+000  0.00000000E+000  0.00000000E+000  0.00000000E+000  0.00000000E+000  0.00000000E+000  0.00000000E+000  0.00000000E+000  0.00000000E+000
  102001 -0.99479366E-012  0.00000000E+000  0.00000000E+000  0.00000000E+000  0.00000000E+000  0.00000000E+000  0.00000000E+000  0.00000000E+000  0.25838770E-001  0.84448397E+000  0.10164381E+001  0.68191260E+000  0.99506617E+000  0.99495316E+000  0.99400002E+000
  102001  0.81137177E-005  0.15884873E-001  0.63225418E-001  0.79031818E-001  0.79029538E-001  0.43753032E-001  0.20477968E+000  0.25384152E+000  0.94765961E+000  0.11782763E+001  0.14184999E+001  0.95217824E+000  0.13893991E+001  0.13894056E+001  0.13894700E+001
  102001  0.00000000E+000  0.00000000E+000  0.00000000E+000  0.00000000E+000  0.00000000E+000  0.00000000E+000  0.00000000E+000  0.00000000E+000  0.00000000E+000  0.00000000E+000  0.00000000E+000  0.00000000E+000  0.00000000E+000  0.00000000E+000  0.00000000E+000
  102001  0.00000000E+000  0.00000000E+000  0.00000000E+000  0.00000000E+000  0.00000000E+000  0.00000000E+000  0.00000000E+000  0.00000000E+000  0.00000000E+000  0.00000000E+000  0.00000000E+000  0.00000000E+000  0.00000000E+000  0.00000000E+000  0.00000000E+000
  102001  0.00000000E+000  0.00000000E+000  0.00000000E+000  0.00000000E+000  0.00000000E+000  0.00000000E+000  0.00000000E+000  0.00000000E+000  0.00000000E+000  0.00000000E+000  0.00000000E+000  0.00000000E+000  0.00000000E+000  0.00000000E+000  0.00000000E+000
  102001  0.00000000E+000  0.00000000E+000  0.00000000E+000  0.00000000E+000  0.00000000E+000  0.00000000E+000  0.00000000E+000  0.00000000E+000  0.00000000E+000  0.00000000E+000  0.00000000E+000  0.00000000E+000  0.00000000E+000  0.00000000E+000  0.00000000E+000
  102001  0.00000000E+000  0.00000000E+000  0.00000000E+000  0.00000000E+000  0.00000000E+000  0.00000000E+000  0.00000000E+000  0.00000000E+000  0.00000000E+000  0.00000000E+000  0.00000000E+000  0.00000000E+000  0.00000000E+000  0.00000000E+000  0.00000000E+000
  102001  0.00000000E+000  0.00000000E+000  0.00000000E+000  0.00000000E+000  0.00000000E+000  0.00000000E+000  0.00000000E+000  0.00000000E+000  0.00000000E+000  0.00000000E+000  0.00000000E+000  0.00000000E+000  0.00000000E+000  0.00000000E+000  0.00000000E+000
  102001  0.00000000E+000  0.00000000E+000  0.00000000E+000  0.00000000E+000  0.00000000E+000  0.00000000E+000  0.00000000E+000  0.00000000E+000  0.00000000E+000  0.00000000E+000  0.00000000E+000  0.00000000E+000  0.00000000E+000  0.00000000E+000
  102001  0.73611739E-006  0.29444695E-005  0.36805868E-005  0.36805870E-005  0.22083520E-005  0.19106089E-006  0.16837229E-007  0.52125726E-008  0.15197190E-008  0.18740272E-008  0.13341793E-008  0.19379143E-008  0.19379147E-008  0.19379147E-008
  102001  0.30393002E-017  0.12157201E-016  0.15196501E-016  0.15196501E-016  0.91179002E-017  0.26729999E-016  0.18710999E-016  0.85679997E-016  0.11418001E-015  0.14080001E-015  0.10023999E-015  0.14559999E-015  0.14560004E-015  0.14560004E-015
  102001  0.14215877E-004  0.56863508E-004  0.71079383E-004  0.71079383E-004  0.42647629E-004  0.38636590E-004  0.13554924E-004  0.25285946E-004  0.20304396E-004  0.25038176E-004  0.17825470E-004  0.25891746E-004  0.25891755E-004  0.25891755E-004
  102001  0.75982506E-002  0.30393003E-001  0.37991252E-001  0.37991252E-001  0.22794751E-001  0.66824995E-001  0.46777498E-001  0.21419999E+000  0.28545004E+000  0.35200003E+000  0.25059998E+000  0.36399996E+000  0.36400008E+000  0.36400008E+000
  202001  0.11430000E-001  0.00000000E+000 -0.35936897E+002  0.13338139E+003  0.00000000E+000  0.00000000E+000  0.00000000E+000 -0.49098541E+002 -0.52888031E+001 -0.41422814E-001  0.24316646E-002  0.00000000E+000 -0.49329327E+002  0.14881508E+003  0.88555869E-002
  0.13715959E+002 -0.21361283E-002  0.62865005E-002  0.57149411E-003  0.00000000E+000  0.00000000E+000  0.00000000E+000
  202001  0.00000000E+000  0.00000000E+000  0.00000000E+000  0.00000000E+000  0.00000000E+000  0.00000000E+000  0.00000000E+000  0.00000000E+000  0.00000000E+000  0.00000000E+000  0.00000000E+000  0.00000000E+000  0.00000000E+000  0.00000000E+000  0.00000000E+000
  0.00000000E+000  0.00000000E+000  0.00000000E+000  0.00000000E+000  0.00000000E+000  0.00000000E+000  0.00000000E+000  0.00000000E+000  0.00000000E+000  0.10000000E+001  0.10000000E+001  0.10000000E+001  0.10000000E+001  0.10000000E+001  0.10000000E+001
  0.10000000E+001  0.10000000E+001  0.10000000E+001  0.10000000E+001  0.10000000E+001  0.10000000E+001  0.10000000E+001  0.10000000E+001  0.10000000E+001  0.10000000E+001  0.10000000E+001  0.10000000E+001  0.10000000E+001  0.10000000E+001  0.10000000E+001
  0.10000000E+001  0.10000000E+001  0.10000000E+001  0.10000000E+001  0.10000000E+001  0.10000000E+001  0.10000000E+001  0.10000000E+001  0.10000000E+001  0.10000000E+001  0.10000000E+001  0.10000000E+001  0.10000000E+001  0.10000000E+001  0.10000000E+001
  0.10000000E+001  0.10000000E+001  0.10000000E+001  0.10000000E+001  0.10000000E+001  0.10000000E+001  0.10000000E+001  0.10000000E+001  0.10000000E+001  0.10000000E+001  0.10000000E+001  0.10000000E+001  0.10000000E+001  0.10000000E+001  0.10000000E+001
  0.10000000E+001  0.10000000E+001  0.10000000E+001  0.10000000E+001  0.10000000E+001  0.10000000E+001  0.10000000E+001  0.10000000E+001  0.10000000E+001  0.10000000E+001  0.10000000E+001  0.10000000E+001  0.10000000E+001  0.10000000E+001  0.10000000E+001
  0.10000000E+001  0.10000000E+001  0.10000000E+001  0.10000000E+001  0.10000000E+001  0.10000000E+001  0.10000000E+001  0.10000000E+001  0.10000000E+001  0.10000000E+001  0.10000000E+001  0.10000000E+001  0.10000000E+001  0.10000000E+001  0.10000000E+001
  0.10000000E+001  0.10000000E+001  0.10000000E+001  0.10000000E+001  0.10000000E+001  0.10000000E+001  0.10000000E+001  0.10000000E+001  0.10000000E+001  0.10000000E+001  0.10000000E+001  0.10000000E+001  0.10000000E+001  0.10000000E+001  0.10000000E+001
  202001   0   0   1   0   0   0  0.00000000E+000  0.00000000E+000  0.00000000E+000  0.20000000E-001  0.00000000E+000  0.85435277E+000 -0.56929357E-001  0.00000000E+000  0.34590827E-002  0.11430000E-001  0.00000000E+000  0.00000000E+000  0.61999998E+001  0.34590827E-002  0.44271454E-001
 -0.49106781E+002  0.82322247E-002  0.13338139E+003 -0.51810518E-001 -0.27908694E-001 -0.20901949E-003  0.88267593E-003  0.00000000E+000  0.00000000E+000  0.00000000E+000  0.00000000E+000  0.00000000E+000  0.00000000E+000  0.00000000E+000  0.00000000E+000
  0.00000000E+000 -0.41422814E-001  0.24316646E-002  0.00000000E+000  0.00000000E+000  0.72787274E-002  0.00000000E+000  0.56961842E-003  0.00000000E+000  0.71994858E-004  0.00000000E+000  0.15768565E-002  0.00000000E+000 -0.27439129E-002  0.00000000E+000
 -0.22081216E-002  0.00000000E+000  0.00000000E+000  0.00000000E+000  0.00000000E+000 -0.25328596E-002 -0.24834136E-002 -0.85755391E-003  0.00000000E+000  0.00000000E+000  0.00000000E+000  0.15286290E-005  0.20954244E-001  0.72105907E-001  0.54057086E+000
  0.00000000E+000  0.00000000E+000  0.00000000E+000  0.00000000E+000  0.24000001E+001  0.50000000E+002 -0.49107403E+002  0.17506573E-001  0.00000000E+000  0.00000000E+000  0.00000000E+000  0.00000000E+000 -0.53434063E+002  0.00000000E+000  0.00000000E+000
  0.00000000E+000  0.99888649E+001  0.99627542E+001  0.24000001E+001  0.00000000E+000  0.00000000E+000  0.29234558E+003  0.00000000E+000  0.00000000E+000  0.00000000E+000  0.00000000E+000  0.77904202E-002  0.41576026E-007  0.24070009E-002  0.63708588E-001
  0.63708588E-001  0.00000000E+000
  202001  0.59410478E-002  0.18493721E-002  0.00000000E+000  0.00000000E+000  0.00000000E+000
  202001  0.20779753E-002  0.32902547E-003  0.00000000E+000  0.00000000E+000  0.00000000E+000
  202001  0.40980705E-007  0.59531985E-009  0.00000000E+000  0.00000000E+000  0.00000000E+000
  202001  0.50000615E-001  0.13708591E-001  0.00000000E+000  0.00000000E+000  0.00000000E+000
  202001  0.12397173E+000  0.13822363E+000  0.14391334E+000  0.14394161E+000  0.14394161E+000
  202001  0.50000001E-001  0.13708588E-001  0.00000000E+000  0.00000000E+000  0.00000000E+000
  202001  0.16451757E-001  0.45086010E-002  0.00000000E+000  0.00000000E+000  0.00000000E+000
  202001  0.25468619E+003  0.26491006E+003  0.26491010E+003  0.26491010E+003  0.26491010E+003
  202001 -0.18463806E+002 -0.82399292E+001 -0.82398987E+001 -0.82398987E+001 -0.82398987E+001
  202001  0.58587198E-003  0.38359824E-002  0.00000000E+000  0.00000000E+000  0.00000000E+000
  202001  0.92082452E-007  0.60290739E-006  0.00000000E+000  0.00000000E+000  0.00000000E+000
  202001  0.24232559E-001  0.15866204E+000  0.00000000E+000  0.00000000E+000  0.00000000E+000
  202001  0.37945297E-001  0.24844576E+000  0.00000000E+000  0.00000000E+000  0.00000000E+000
  202001  0.83515812E-006  0.54681755E-005  0.00000000E+000  0.00000000E+000  0.00000000E+000
  202001  0.37645773E-003  0.24648467E-002  0.00000000E+000  0.00000000E+000  0.00000000E+000
  202001  0.21458102E-005  0.14049635E-004  0.00000000E+000  0.00000000E+000  0.00000000E+000
  202001  0.45432433E-003  0.29746767E-002  0.00000000E+000  0.00000000E+000  0.00000000E+000
  202001  0.29265992E-004  0.19161832E-003  0.00000000E+000  0.00000000E+000  0.00000000E+000
  202001  0.46453948E-004  0.30415604E-003  0.00000000E+000  0.00000000E+000  0.00000000E+000
  202001  0.10000010E-001  0.10000046E-001  0.10000069E-001  0.99999998E-002  0.99999970E-002  0.10000397E-001  0.99999998E-002  0.00000000E+000  0.00000000E+000  0.00000000E+000  0.00000000E+000  0.00000000E+000  0.00000000E+000  0.00000000E+000
  202001  0.17506573E-001  0.99999998E-002  0.39999999E-001  0.50000001E-001  0.50000004E-001  0.30000001E-001  0.99999994E-001  0.69999993E-001  0.23999998E+000  0.33000004E+000  0.40000004E+000  0.27999997E+000  0.39999998E+000  0.40000010E+000  0.40006638E+000
  202001 -0.66370376E-004  0.99336291E-002  0.49933627E-001  0.99933624E-001  0.14993364E+000  0.17993364E+000  0.27993363E+000  0.34993362E+000  0.58993363E+000  0.91993368E+000  0.13199337E+001  0.15999336E+001  0.19999336E+001  0.23999338E+001  0.28000002E+001
  202001  0.00000000E+000  0.99999998E-002  0.49999997E-001  0.99999994E-001  0.15000001E+000  0.18000001E+000  0.28000000E+000  0.34999999E+000  0.59000003E+000  0.92000008E+000  0.13200001E+001  0.16000000E+001  0.20000000E+001  0.24000001E+001  0.28000665E+001
  202001  0.10200000E+001  0.10200000E+001  0.10200000E+001  0.10200000E+001  0.10200000E+001  0.13900000E+001  0.14700000E+001  0.15000000E+001  0.14700000E+001  0.14600000E+001  0.14000000E+001  0.14299999E+001  0.14299999E+001  0.14299999E+001
  202001  0.10200000E+001  0.10200000E+001  0.10200000E+001  0.10200000E+001  0.10200000E+001  0.13900000E+001  0.14700000E+001  0.15000000E+001  0.14700000E+001  0.14600000E+001  0.14000000E+001  0.14299999E+001  0.14299999E+001  0.14299999E+001
  202001  0.55000000E+006  0.27916035E+005  0.27332791E+005  0.27179406E+005  0.27218217E+005  0.27433463E+005  0.80781973E+004  0.42798237E+004  0.53271743E+004  0.44018989E+004  0.28979236E+004  0.14994371E+004  0.99975092E+003  0.24994084E+003  0.62477219E+002
  202001  0.60644758E+000  0.60653400E+000  0.60659164E+000  0.60657704E+000  0.60649621E+000  0.47348583E+000  0.44515878E+000  0.43328094E+000  0.44509548E+000  0.44964373E+000  0.47294885E+000  0.46190548E+000  0.46228099E+000  0.46237481E+000
  202001  0.30700001E+000  0.30700001E+000  0.30700001E+000  0.30700001E+000  0.30700001E+000  0.27000001E+000  0.27000001E+000  0.35699999E+000  0.34599999E+000  0.35200000E+000  0.35800001E+000  0.36399999E+000  0.36399999E+000  0.36399999E+000
  202001  0.18700001E+000  0.18700001E+000  0.18700001E+000  0.18700001E+000  0.18700001E+000  0.16400000E+000  0.15800001E+000  0.23100001E+000  0.23000000E+000  0.23700000E+000  0.24200000E+000  0.24200000E+000  0.24200000E+000  0.24200000E+000
  202001  0.48510003E+001  0.48510003E+001  0.48510003E+001  0.48510003E+001  0.48510003E+001  0.16881480E+001  0.13194721E+001  0.48999998E+000  0.48999998E+000  0.48999998E+000  0.48999998E+000  0.48999998E+000  0.48999998E+000  0.48999998E+000
  202001  0.48510003E+001  0.48510003E+001  0.48510003E+001  0.48510003E+001  0.48510003E+001  0.16881480E+001  0.13194721E+001  0.48999998E+000  0.48999998E+000  0.48999998E+000  0.48999998E+000  0.48999998E+000  0.48999998E+000  0.48999998E+000
  202001  0.90173417E-003  0.34772889E-002  0.43694847E-002  0.43701017E-002  0.26289695E-002  0.14100216E-001  0.93031591E-002  0.13189331E-001  0.28873140E-001  0.28465115E-001  0.30492608E-001  0.45676798E-001  0.45739207E-001  0.45754813E-001
  202001  0.71544182E-002  0.27589029E-001  0.34667525E-001  0.34673095E-001  0.20852782E-001  0.10087194E+000  0.79496272E-001  0.18857367E+000  0.25119632E+000  0.32299191E+000  0.21383919E+000  0.33058584E+000  0.33103755E+000  0.33115044E+000
  202001  0.18530146E-002  0.71456246E-002  0.89790272E-002  0.89803310E-002  0.53981831E-002  0.20608015E-001  0.12360599E-001  0.15470940E+000  0.20114957E+000  0.22946367E+000  0.14659908E+000  0.19469735E+000  0.19496338E+000  0.19502987E+000
  202001  0.17493257E-003  0.24556066E-002  0.11189418E-001  0.14602101E-001  0.14859881E-001  0.89684250E-002  0.26447965E-001  0.18568279E-001  0.85531488E-001  0.11428879E+000  0.14099574E+000  0.10068796E+000  0.14829746E+000  0.15808807E+000  0.17202903E+000
  202001  0.00000000E+000  0.24556066E-002  0.11189418E-001  0.14602101E-001  0.14859881E-001  0.89684250E-002  0.26447965E-001  0.18568279E-001  0.85531488E-001  0.11428879E+000  0.14099574E+000  0.10068796E+000  0.14829746E+000  0.15580657E+000  0.17202903E+000
  202001  0.49661222E-003  0.17788223E-002 -0.36379480E-011  0.00000000E+000  0.00000000E+000  0.00000000E+000  0.00000000E+000  0.00000000E+000  0.00000000E+000  0.00000000E+000  0.00000000E+000  0.00000000E+000  0.00000000E+000  0.00000000E+000  0.00000000E+000
  202001  0.16423874E-001  0.18694767E-002  0.13229312E-001  0.15924172E-001  0.15665671E-001  0.93445182E-002  0.21427155E-001  0.12981224E-001  0.18455915E-001  0.32592729E-001  0.38861766E-001  0.31737708E-001  0.36464721E-001  0.26824370E-001  0.12945414E-001
  202001  0.17097270E-001  0.60038818E-002  0.24018733E-001  0.30026276E-001  0.30025557E-001  0.18012943E-001  0.46875089E-001  0.30849501E-001  0.10398740E+000  0.14688152E+000  0.17985751E+000  0.13242567E+000  0.18476218E+000  0.18491244E+000  0.18497445E+000
  202001  0.67154481E-003  0.99000838E-002  0.39599977E-001  0.49499981E-001  0.49499989E-001  0.29700009E-001  0.98999955E-001  0.69299996E-001  0.23999998E+000  0.33000004E+000  0.40000004E+000  0.27999997E+000  0.39999998E+000  0.40000010E+000  0.40005827E+000
  202001  0.15875965E+001  0.62984233E+001  0.78736253E+001  0.78741770E+001  0.47256880E+001  0.13070555E+002  0.70894060E+001  0.96839935E+002  0.12418557E+003  0.14716800E+003  0.10662399E+003  0.15386800E+003  0.15386803E+003  0.15386803E+003
  202001  0.25442281E+000  0.10093622E+001  0.12617984E+001  0.12618779E+001  0.75733781E+000  0.34401863E+001  0.25466628E+001  0.89996033E+001  0.12127498E+002  0.14599999E+002  0.97999992E+001  0.14299999E+002  0.14300002E+002  0.14300002E+002
  202001 -0.50291748E+001 -0.14297485E+000  0.12667847E+000  0.61962891E+000  0.11777649E+001  0.16381226E+001  0.22241821E+001  0.28817444E+001  0.39132690E+001  0.53710022E+001  0.68102722E+001  0.78295898E+001  0.86325684E+001  0.92248230E+001  0.95187073E+001
  202001  0.26812082E+003  0.27300702E+003  0.27327667E+003  0.27376962E+003  0.27432776E+003  0.27478812E+003  0.27537418E+003  0.27603174E+003  0.27706326E+003  0.27852100E+003  0.27996027E+003  0.28097958E+003  0.28178256E+003  0.28237482E+003  0.28266870E+003
  202001  0.24198680E-002  0.23033805E-001  0.83843976E-001  0.10736043E+000  0.10844339E+000  0.65315790E-001  0.23389171E+000  0.16866314E+000  0.68164736E+000  0.91297662E+000  0.11131828E+001  0.77094144E+000  0.11303344E+001  0.11709638E+001  0.12292781E+001
  202001  0.00000000E+000  0.93163121E-002  0.36960319E-001  0.46177622E-001  0.46180490E-001  0.27738091E-001  0.12307474E+000  0.90862058E-001  0.32327041E+000  0.43410659E+000  0.52241069E+000  0.34905890E+000  0.50896806E+000  0.50857466E+000  0.50847638E+000
  202001  0.17664423E-001  0.12649328E-001  0.17251194E-001  0.20310301E-001  0.12976765E-001  0.33350766E-001  0.22124769E-001  0.56734305E-001  0.16379146E+000  0.18968055E+000  0.11952833E+000  0.95087655E-001  0.35676833E-001  0.26684231E-002
  202001  0.63396525E-004  0.91765495E-002  0.20260610E-001  0.31617556E-001  0.34994099E-001  0.21847377E-001  0.68070248E-001  0.49946859E-001  0.40627652E+000  0.85322142E+000  0.97836107E+000  0.52236277E+000  0.51961619E+000  0.27494001E+000  0.38382150E-001
  202001  0.12611686E-043  0.88856097E-038  0.75620125E-032  0.60693040E-026  0.30544153E-020  0.29281107E-014  0.17193397E-008  0.00000000E+000  0.00000000E+000  0.00000000E+000  0.00000000E+000  0.00000000E+000  0.00000000E+000  0.00000000E+000
  202001 -0.27951291E-004  0.27698923E-004  0.96465401E-005  0.10506450E-004  0.60066382E-005  0.11490381E-004  0.59020967E-005  0.19338377E-005  0.41776508E-006  0.61928255E-007  0.13856982E-007  0.68274524E-008  0.28055629E-008  0.80337048E-009
  202001  0.97451096E-008 -0.27860369E-005  0.28627261E-006  0.15601395E-006  0.85051042E-007  0.47285855E-007  0.11539116E-006  0.72582885E-007  0.52815523E-007  0.14058348E-007  0.42642947E-008  0.13246013E-008  0.11841429E-008  0.71529915E-009  0.45250584E-009
  202001  0.14012985E-044  0.56051939E-044  0.36302388E-038  0.29145088E-032  0.14667942E-026  0.14061482E-020  0.82566935E-015  0.00000000E+000  0.00000000E+000  0.00000000E+000  0.00000000E+000  0.00000000E+000  0.00000000E+000  0.00000000E+000
  202001  0.16683560E-001  0.28132217E+001 -0.17797174E+001  0.19969293E+000  0.57598233E-001  0.18163338E-001  0.78408659E-001  0.29715352E-001  0.35011981E-001  0.18521199E-001  0.70782104E-002  0.56575239E-003 -0.25930866E-002 -0.79437485E-002  0.11861304E-001
  202001 -0.65530054E-002 -0.89402683E-002 -0.20072997E-001 -0.71127694E-002 -0.47081746E-002 -0.23369994E-002 -0.30440674E-002 -0.11532754E-003 -0.69040596E-003 -0.35056188E-002 -0.18823483E-002  0.10553701E-003  0.82787790E-003  0.81529806E-003  0.35418733E-003
  202001  0.89151144E-005 -0.14035606E-002 -0.19921102E-001 -0.13232185E-001 -0.13105037E-001 -0.74472115E-002 -0.20013308E-001 -0.13036422E-001 -0.78898072E-002 -0.13014906E-002 -0.11604062E-002 -0.58586226E-003 -0.50320628E-003 -0.10139827E-002 -0.12741799E-001
  202001 -0.23372739E-004  0.18291348E-004  0.23400898E-005  0.24889250E-005  0.14480947E-005  0.35184776E-005  0.18747797E-005  0.14322176E-005  0.22794208E-006  0.26585269E-007  0.28956915E-008  0.60644983E-009  0.99611486E-010  0.22608896E-010
  202001  0.81398494E-009 -0.13758579E-007 -0.58219420E-008 -0.37291153E-009 -0.20293833E-009 -0.64041566E-009 -0.10747686E-008 -0.11774644E-009 -0.69320044E-011 -0.24317054E-011 -0.66290354E-012 -0.40781237E-012 -0.51834118E-012 -0.33019609E-011
  202001 -0.33871725E-008  0.47924309E-008  0.35091159E-008  0.41589812E-008  0.27271274E-008  0.75309377E-008  0.56048135E-008  0.21167754E-007  0.65275060E-007  0.88230067E-007  0.68521032E-007  0.74912940E-007  0.52889419E-007  0.25429546E-007
  202001  0.91404662E-012 -0.22797564E-010  0.69041811E-009  0.32222822E-009  0.32116151E-009  0.20621917E-009  0.61107708E-009  0.46394874E-009  0.53774745E-008  0.12050219E-007  0.16186055E-007  0.10627409E-007  0.14633345E-007  0.14754915E-007  0.15781275E-007
  202001 -0.31622114E+001  0.59510813E+001  0.44757557E+001  0.47719941E+001  0.28413160E+001  0.65071430E+001  0.38989854E+001  0.52290816E+001  0.87744951E+001  0.10221657E+002  0.82692308E+001  0.94235067E+001  0.68411860E+001  0.31867974E+001
  202001  0.25912691E-002  0.32356169E-001  0.15233375E+000  0.21042648E+000  0.21289942E+000  0.12737098E+000  0.37018171E+000  0.25589910E+000  0.11021016E+001  0.13707643E+001  0.16146840E+001  0.11231242E+001  0.16183913E+001  0.16847912E+001  0.17371275E+001
  202001  0.64459729E-043  0.50410591E-037  0.42981639E-031  0.34502557E-025  0.17363885E-019  0.16645881E-013  0.97741930E-008  0.00000000E+000  0.00000000E+000  0.00000000E+000  0.00000000E+000  0.00000000E+000  0.00000000E+000  0.00000000E+000
  202001  0.17158993E-001  0.10752655E-001  0.32204676E-001  0.27442543E-001  0.19834969E-001  0.97819325E-002  0.15739206E-001  0.49541336E-002  0.17678801E-001  0.12049254E-001  0.48742741E-002  0.78254426E-003  0.48556938E-003  0.32780110E-004  0.18093480E-005
  202001  0.29025989E-003  0.12082997E-003  0.35147631E-003  0.33022466E-003  0.25835630E-003  0.12877498E-003  0.31480670E-003  0.12384102E-003  0.45509433E-003  0.33149493E-003  0.15479315E-003  0.33164317E-004  0.25170035E-004  0.30822252E-005  0.15016765E-006
  202001  0.14042462E-004  0.71545481E-002  0.14573670E-003  0.11238191E-003  0.66452529E-004  0.32497606E-004  0.25223999E-004  0.92549553E-005  0.19893207E-004  0.10531454E-004  0.33277813E-005  0.43291638E-006  0.26334888E-006  0.17811470E-007  0.99721925E-010
  202001  0.95403880E-006  0.52327738E-004  0.39117321E-003  0.31926486E-003  0.25270073E-003  0.12565152E-003  0.31088598E-003  0.12274462E-003  0.45963979E-003  0.33434984E-003  0.15149765E-003  0.28052344E-004  0.17125678E-004  0.65233530E-006  0.52971685E-008
  202001  0.10687522E-005  0.10026802E-004  0.15016158E-005  0.10084331E-005  0.65611891E-006  0.47469007E-006  0.39807097E-006  0.16507298E-006  0.55749797E-006  0.47362420E-006  0.21780113E-006  0.32348940E-007  0.16672809E-007  0.81699908E-009  0.13931638E-011
  202001  0.35313060E-004  0.13943644E-004  0.17192135E-005  0.15269827E-005  0.17385687E-005  0.15068441E-005  0.58456374E-006  0.34332896E-006  0.37817790E-006  0.87292911E-007  0.18251640E-007  0.00000000E+000  0.34766198E-017  0.00000000E+000  0.00000000E+000
  202001  0.00000000E+000  0.00000000E+000  0.00000000E+000  0.00000000E+000  0.00000000E+000  0.00000000E+000  0.32639955E-009  0.15974556E-008  0.41379424E-008  0.13590229E-008  0.28655384E-009  0.00000000E+000  0.54741811E-019  0.00000000E+000  0.00000000E+000
  202001  0.00000000E+000  0.00000000E+000  0.00000000E+000  0.00000000E+000  0.00000000E+000  0.00000000E+000  0.00000000E+000  0.00000000E+000  0.00000000E+000  0.00000000E+000  0.00000000E+000  0.00000000E+000  0.00000000E+000  0.00000000E+000  0.00000000E+000
  202001  0.00000000E+000  0.00000000E+000  0.00000000E+000  0.00000000E+000  0.00000000E+000  0.00000000E+000  0.00000000E+000  0.00000000E+000  0.00000000E+000  0.00000000E+000  0.00000000E+000  0.00000000E+000  0.00000000E+000  0.00000000E+000  0.00000000E+000
  202001  0.00000000E+000  0.00000000E+000  0.00000000E+000  0.00000000E+000  0.00000000E+000  0.00000000E+000  0.00000000E+000  0.00000000E+000  0.00000000E+000  0.00000000E+000  0.00000000E+000  0.00000000E+000  0.00000000E+000  0.00000000E+000  0.00000000E+000
  202001  0.00000000E+000  0.00000000E+000  0.00000000E+000  0.00000000E+000  0.00000000E+000  0.00000000E+000  0.00000000E+000  0.00000000E+000  0.00000000E+000  0.00000000E+000  0.00000000E+000  0.00000000E+000  0.00000000E+000  0.00000000E+000  0.00000000E+000
  202001  0.00000000E+000  0.00000000E+000  0.00000000E+000  0.00000000E+000  0.00000000E+000  0.00000000E+000  0.00000000E+000  0.00000000E+000  0.00000000E+000  0.00000000E+000  0.00000000E+000  0.00000000E+000  0.00000000E+000  0.00000000E+000  0.00000000E+000
  202001  0.00000000E+000  0.00000000E+000  0.00000000E+000  0.00000000E+000  0.00000000E+000  0.00000000E+000  0.00000000E+000  0.00000000E+000  0.00000000E+000  0.00000000E+000  0.00000000E+000  0.00000000E+000  0.00000000E+000  0.00000000E+000  0.00000000E+000
  0.64338222E-002  0.24406782E-003  0.47708547E-003  0.52738475E-003  0.69440686E-003  0.67648065E-003  0.35553184E-003  0.22903581E-003  0.13115196E-003  0.22653143E-004  0.16525242E-007  0.27254605E-011  0.20950595E-015  0.16173787E-040  0.00000000E+000
  0.00000000E+000  0.00000000E+000  0.00000000E+000  0.00000000E+000  0.00000000E+000  0.00000000E+000  0.00000000E+000  0.00000000E+000  0.00000000E+000  0.00000000E+000  0.00000000E+000  0.00000000E+000  0.00000000E+000  0.00000000E+000  0.00000000E+000
  0.00000000E+000  0.30532034E-003  0.86123298E-003  0.71698270E-003  0.50497096E-003  0.23993803E-003  0.69338892E-003  0.10500478E-010  0.45820271E-013  0.29259614E-014  0.73797677E-036  0.00000000E+000  0.00000000E+000  0.00000000E+000  0.00000000E+000
  0.00000000E+000  0.34129154E-002  0.10133515E-001  0.85507128E-002  0.59924428E-002  0.27992099E-002  0.42703701E-002  0.13929469E-002  0.56334152E-002  0.38656553E-002  0.15351210E-002  0.23282020E-003  0.13804920E-003  0.75855696E-005  0.46150319E-006

  202001  0.00000000E+000  0.00000000E+000  0.00000000E+000  0.00000000E+000  0.00000000E+000  0.00000000E+000  0.00000000E+000  0.00000000E+000  0.00000000E+000  0.00000000E+000  0.00000000E+000  0.00000000E+000  0.00000000E+000  0.00000000E+000  0.00000000E+000
  0.45787325E-008  0.44355515E-008  0.71938713E-008  0.47584168E-008  0.49895905E-008  0.27806888E-008  0.45216028E-009  0.16625065E-009  0.40274351E-009  0.15613920E-009  0.18433486E-012  0.28783510E-016  0.00000000E+000  0.98090893E-044  0.00000000E+000
  0.00000000E+000  0.00000000E+000  0.00000000E+000  0.00000000E+000  0.00000000E+000  0.00000000E+000  0.00000000E+000  0.00000000E+000  0.00000000E+000  0.00000000E+000  0.00000000E+000  0.00000000E+000  0.00000000E+000  0.00000000E+000  0.00000000E+000
  0.00000000E+000  0.47215742E-008  0.71031181E-008  0.30981866E-008  0.19727078E-008  0.51656446E-009  0.21335372E-009  0.95671875E-017  0.58780921E-019  0.50454471E-020  0.17306036E-041  0.00000000E+000  0.00000000E+000  0.00000000E+000  0.00000000E+000
  0.00000000E+000  0.53490165E-007  0.80000845E-007  0.33530032E-007  0.20562524E-007  0.49633329E-008  0.12542714E-008  0.22891718E-009  0.20254691E-008  0.15395951E-008  0.46823451E-009  0.43069322E-010  0.20066945E-010  0.37560328E-012  0.30647105E-012

  202001 -0.21471211E-032 -0.17578188E-028 -0.19781715E-024 -0.22476947E-020 -0.74911224E-018 -0.35142154E-014 -0.20640354E-008  0.00000000E+000  0.00000000E+000  0.00000000E+000  0.00000000E+000  0.00000000E+000  0.00000000E+000  0.00000000E+000
  202001  0.00000000E+000  0.00000000E+000  0.00000000E+000  0.00000000E+000  0.00000000E+000  0.00000000E+000  0.00000000E+000  0.00000000E+000  0.00000000E+000  0.00000000E+000  0.00000000E+000  0.00000000E+000  0.00000000E+000  0.00000000E+000
  202001  0.10000094E-003  0.40000159E-003  0.50000328E-003  0.49999985E-003  0.29999993E-003  0.10000393E-002  0.69999992E-003  0.00000000E+000  0.00000000E+000  0.00000000E+000  0.00000000E+000  0.00000000E+000  0.00000000E+000  0.00000000E+000
  202001  0.00000000E+000  0.00000000E+000  0.00000000E+000  0.00000000E+000  0.00000000E+000  0.00000000E+000  0.00000000E+000  0.00000000E+000  0.00000000E+000  0.00000000E+000  0.00000000E+000  0.00000000E+000  0.00000000E+000  0.00000000E+000
  202001  0.00000000E+000  0.00000000E+000  0.00000000E+000  0.00000000E+000  0.00000000E+000  0.00000000E+000  0.00000000E+000  0.00000000E+000  0.00000000E+000  0.00000000E+000  0.99999998E-002
  202001  0.00000000E+000  0.00000000E+000  0.00000000E+000  0.00000000E+000  0.00000000E+000  0.00000000E+000  0.00000000E+000  0.00000000E+000  0.00000000E+000  0.00000000E+000
  202001  0.00000000E+000  0.00000000E+000  0.00000000E+000  0.00000000E+000  0.00000000E+000  0.00000000E+000  0.00000000E+000  0.00000000E+000  0.00000000E+000  0.00000000E+000
  202001  0.00000000E+000  0.00000000E+000  0.00000000E+000  0.00000000E+000  0.00000000E+000  0.00000000E+000  0.00000000E+000  0.00000000E+000  0.00000000E+000  0.00000000E+000
  202001  0.10000000E+001  0.10000000E+001  0.10000000E+001  0.10000000E+001  0.10000000E+001  0.10000000E+001  0.10000000E+001  0.10000000E+001  0.10000000E+001  0.10000000E+001  0.10000000E+001  0.10000000E+001  0.10000000E+001  0.10000000E+001  0.10000000E+001
  202001  0.00000000E+000  0.00000000E+000  0.00000000E+000  0.00000000E+000  0.00000000E+000  0.00000000E+000  0.00000000E+000  0.00000000E+000  0.00000000E+000  0.00000000E+000  0.00000000E+000  0.00000000E+000  0.00000000E+000  0.00000000E+000  0.00000000E+000
  202001  0.10000000E+001  0.10000000E+001  0.10000000E+001  0.10000000E+001  0.10000000E+001  0.10000000E+001  0.10000000E+001  0.10000000E+001  0.10000000E+001  0.10000000E+001  0.10000000E+001  0.10000000E+001  0.10000000E+001  0.10000000E+001  0.10000000E+001
  202001  0.00000000E+000  0.00000000E+000  0.00000000E+000  0.00000000E+000  0.00000000E+000  0.00000000E+000  0.00000000E+000  0.00000000E+000  0.00000000E+000  0.00000000E+000  0.00000000E+000  0.00000000E+000  0.00000000E+000  0.00000000E+000  0.00000000E+000
  202001  0.10000000E+001  0.10000000E+001  0.10000000E+001  0.10000000E+001  0.10000000E+001  0.10000000E+001  0.10000000E+001  0.10000000E+001  0.10000000E+001  0.10000000E+001  0.10000000E+001  0.10000000E+001  0.10000000E+001  0.10000000E+001  0.10000000E+001
  202001  0.00000000E+000  0.00000000E+000  0.00000000E+000  0.00000000E+000  0.00000000E+000  0.00000000E+000  0.00000000E+000  0.00000000E+000  0.00000000E+000  0.00000000E+000  0.00000000E+000  0.00000000E+000  0.00000000E+000  0.00000000E+000  0.00000000E+000
  202001  0.12240843E-003  0.26833502E-004  0.20485281E-003  0.21004431E-003  0.18023408E-003  0.96372234E-004  0.33981755E-003  0.14757377E-003  0.15685988E-002  0.13808856E-002  0.10364763E-002  0.47402136E-003  0.52934716E-003  0.26278652E-003  0.80166297E-004
  202001  0.00000000E+000  0.00000000E+000  0.00000000E+000  0.00000000E+000  0.00000000E+000  0.00000000E+000  0.00000000E+000  0.00000000E+000  0.00000000E+000  0.00000000E+000  0.00000000E+000  0.00000000E+000  0.00000000E+000  0.00000000E+000  0.00000000E+000
  202001  0.00000000E+000  0.57000739E-006  0.22613822E-005  0.28269210E-005  0.28271083E-005  0.17115426E-005  0.79069556E-004  0.22629945E-003  0.44354927E-002  0.15129561E-001  0.18214112E-001  0.12225909E-001  0.17839849E-001  0.17839853E-001  0.17839853E-001
  202001  0.00000000E+000  0.23159584E-001  0.91880590E-001  0.11485872E+000  0.11485818E+000  0.61596539E-001  0.36241069E+000  0.43377039E+000  0.22788460E+001  0.37213075E+001  0.44799919E+001  0.30071177E+001  0.43879371E+001  0.43879380E+001  0.43879380E+001
  202001  0.00000000E+000  0.23108172E+000  0.91635931E+000  0.11457250E+001  0.11460452E+001  0.69524789E+000  0.30758543E+001  0.21112573E+001  0.66751938E+001  0.83459024E+001  0.10047345E+002  0.67429957E+001  0.98393211E+001  0.98386755E+001  0.98359509E+001
  202001  0.00000000E+000  0.16856859E-009  0.24344959E-008  0.23469606E-008  0.17637275E-008  0.74887918E-009  0.14686237E-007  0.30503060E-007  0.25564430E-005  0.57303992E-005  0.67464071E-005  0.44690951E-005  0.65105323E-005  0.64839960E-005  0.63704515E-005
  202001  0.00000000E+000  0.17677135E-003  0.11048915E-002  0.11887236E-002  0.96627948E-003  0.47881939E-003  0.17374310E-002  0.13535904E-002  0.41023433E-001  0.45129545E-001  0.54397311E-001  0.37615485E-001  0.54814395E-001  0.55554550E-001  0.58271028E-001
  202001  0.00000000E+000  0.00000000E+000  0.00000000E+000  0.00000000E+000  0.00000000E+000  0.00000000E+000  0.00000000E+000  0.00000000E+000  0.00000000E+000  0.00000000E+000  0.00000000E+000  0.00000000E+000  0.00000000E+000  0.00000000E+000  0.00000000E+000
  202001  0.00000000E+000  0.00000000E+000  0.00000000E+000  0.00000000E+000  0.00000000E+000  0.00000000E+000  0.00000000E+000  0.00000000E+000  0.00000000E+000  0.00000000E+000  0.00000000E+000  0.00000000E+000  0.00000000E+000  0.00000000E+000  0.00000000E+000
  202001  0.00000000E+000  0.00000000E+000  0.00000000E+000  0.00000000E+000  0.00000000E+000  0.00000000E+000  0.00000000E+000  0.00000000E+000  0.00000000E+000  0.00000000E+000  0.00000000E+000  0.00000000E+000  0.00000000E+000  0.00000000E+000  0.00000000E+000
  202001  0.00000000E+000  0.00000000E+000  0.00000000E+000  0.00000000E+000  0.00000000E+000  0.00000000E+000  0.00000000E+000  0.00000000E+000  0.00000000E+000  0.00000000E+000  0.00000000E+000  0.00000000E+000  0.00000000E+000  0.00000000E+000  0.00000000E+000
  202001  0.00000000E+000  0.00000000E+000  0.00000000E+000  0.00000000E+000  0.00000000E+000  0.00000000E+000  0.00000000E+000  0.00000000E+000  0.00000000E+000  0.00000000E+000  0.00000000E+000  0.00000000E+000  0.00000000E+000  0.00000000E+000  0.00000000E+000
  202001 -0.85834495E-009  0.26058085E-001  0.10339388E+000  0.12924190E+000  0.12923582E+000  0.73875107E-001  0.31696990E+000  0.25575969E+000  0.68206871E+000  0.41182774E+000  0.49546844E+000  0.33205158E+000  0.48452312E+000  0.48414674E+000  0.48263443E+000
  202001 -0.38530784E-021  0.00000000E+000  0.00000000E+000  0.00000000E+000  0.00000000E+000  0.00000000E+000  0.00000000E+000  0.00000000E+000  0.00000000E+000  0.00000000E+000  0.00000000E+000  0.00000000E+000  0.00000000E+000  0.00000000E+000  0.00000000E+000
  202001 -0.99479366E-012  0.00000000E+000  0.00000000E+000  0.00000000E+000  0.00000000E+000  0.00000000E+000  0.00000000E+000  0.00000000E+000  0.16756902E-001  0.83733141E+000  0.10075976E+001  0.67561573E+000  0.98584747E+000  0.98532605E+000  0.98323345E+000
  202001  0.81137177E-005  0.15936505E-001  0.63242190E-001  0.79049625E-001  0.79043411E-001  0.43758333E-001  0.20481253E+000  0.25386390E+000  0.94818461E+000  0.11788771E+001  0.14192152E+001  0.95268732E+000  0.13901429E+001  0.13901821E+001  0.13903313E+001
  202001  0.00000000E+000  0.00000000E+000  0.00000000E+000  0.00000000E+000  0.00000000E+000  0.00000000E+000  0.00000000E+000  0.00000000E+000  0.00000000E+000  0.00000000E+000  0.00000000E+000  0.00000000E+000  0.00000000E+000  0.00000000E+000  0.00000000E+000
