    DOY     DATE    TRANSPN         WTR_STRESS      OXY_STRESS      
 134.000    14052001 -0.00000000E+00  0.00000000E+00  0.00000000E+00
 135.000    15052001  0.91342587E-03  0.13000000E+02  0.23663510E-01
 136.000    16052001  0.44966820E-02  0.26000000E+02  0.34178250E-01
 137.000    17052001  0.11983530E-01  0.38000000E+02  0.37666339E-01
 138.000    18052001  0.22234401E-01  0.49000000E+02  0.40421531E-01
 139.000    19052001  0.39862800E-01  0.60000000E+02  0.55864319E-01
 140.000    20052001  0.57369489E-01  0.65000000E+02  0.98095261E-01
 141.000    21052001  0.66276871E-01  0.65000000E+02  0.15043640E+00
 142.000    22052001  0.80920778E-01  0.68000000E+02  0.15830120E+00
 143.000    23052001  0.99073008E-01  0.68000000E+02  0.18923689E+00
 144.000    24052001  0.11430740E+00  0.68000000E+02  0.21936330E+00
 145.000    25052001  0.13907200E+00  0.71000000E+02  0.23120530E+00
 146.000    26052001  0.16938950E+00  0.81000000E+02  0.24257220E+00
 147.000    27052001  0.21007310E+00  0.92000000E+02  0.25387460E+00
 148.000    28052001  0.25316051E+00  0.10300000E+03  0.28215581E+00
 149.000    29052001  0.29428321E+00  0.11200000E+03  0.31017321E+00
 150.000    30052001  0.36663541E+00  0.11200000E+03  0.37196970E+00
 151.000    31052001  0.40161800E+00  0.11200000E+03  0.45930749E+00
 152.000    01062001  0.48915201E+00  0.11500000E+03  0.49178931E+00
 153.000    02062001  0.55025393E+00  0.12400000E+03  0.23351090E+00
 154.000    03062001  0.61594528E+00  0.12400000E+03  0.39396831E+00
 155.000    04062001  0.63583589E+00  0.12400000E+03  0.38721091E+00
 156.000    05062001  0.67829978E+00  0.12400000E+03  0.41303870E+00
 157.000    06062001  0.74812359E+00  0.12400000E+03  0.31430811E+00
 158.000    07062001  0.86431992E+00  0.13000000E+03  0.24069551E+00
 159.000    08062001  0.98487377E+00  0.14100000E+03  0.56456482E+00
 160.000    09062001  0.11142540E+01  0.15300000E+03  0.53607440E+00
 161.000    10062001  0.13085760E+01  0.16000000E+03  0.59365129E+00
 162.000    11062001  0.14568959E+01  0.17300000E+03  0.57295448E+00
 163.000    12062001  0.16022381E+01  0.18600000E+03  0.12957960E+00
 164.000    13062001  0.17332309E+01  0.19700000E+03  0.61982650E+00
 165.000    14062001  0.19273280E+01  0.19700000E+03  0.64824551E+00
 166.000    15062001  0.20973110E+01  0.20800000E+03  0.20444611E+00
 167.000    16062001  0.22952240E+01  0.22100000E+03  0.15073641E+00
 168.000    17062001  0.25270381E+01  0.23100000E+03  0.14745250E+00
 169.000    18062001  0.28204961E+01  0.24400000E+03  0.15440610E+00
 170.000    19062001  0.31288309E+01  0.24900000E+03  0.24584080E+00
 171.000    20062001  0.33331180E+01  0.25700000E+03  0.30337760E+00
 172.000    21062001  0.36449411E+01  0.26800000E+03  0.25124860E+00
 173.000    22062001  0.39003079E+01  0.27900000E+03  0.18446080E+00
 174.000    23062001  0.41906290E+01  0.29200000E+03  0.56625229E+00
 175.000    24062001  0.45183592E+01  0.30400000E+03  0.59705043E+00
 176.000    25062001  0.48767290E+01  0.31700000E+03  0.26064220E+00
 177.000    26062001  0.51923218E+01  0.32800000E+03  0.56029820E+00
 178.000    27062001  0.55621920E+01  0.34100000E+03  0.12280240E+00
 179.000    28062001  0.59495339E+01  0.35400000E+03  0.57331580E+00
 180.000    29062001  0.63413029E+01  0.36600000E+03  0.56301337E+00
 181.000    30062001  0.67670941E+01  0.37900000E+03  0.13118130E+00
 182.000    01072001  0.71780510E+01  0.38500000E+03  0.35262910E+00
 183.000    02072001  0.76735010E+01  0.39300000E+03  0.20157540E+00
 184.000    03072001  0.87586813E+01  0.39900000E+03  0.56572741E+00
 185.000    04072001  0.93001099E+01  0.41200000E+03  0.14105310E+00
 186.000    05072001  0.98503141E+01  0.42500000E+03  0.13749640E+00
 187.000    06072001  0.10464830E+02  0.43800000E+03  0.94389357E-01
 188.000    07072001  0.11090930E+02  0.45100000E+03  0.52036232E+00
 189.000    08072001  0.11672880E+02  0.46200000E+03  0.54023600E+00
 190.000    09072001  0.12333860E+02  0.47500000E+03  0.15989099E+00
 191.000    10072001  0.12931570E+02  0.48500000E+03  0.13047950E+00
 192.000    11072001  0.13787210E+02  0.49100000E+03  0.15356161E+00
 193.000    12072001  0.14496820E+02  0.50100000E+03  0.39472699E+00
 194.000    13072001  0.15309520E+02  0.51200000E+03  0.47473171E+00
 195.000    14072001  0.16168711E+02  0.52300000E+03  0.23012970E+00
 196.000    15072001  0.16958200E+02  0.53000000E+03  0.26971650E+00
 197.000    16072001  0.17978310E+02  0.53900000E+03  0.20375000E+00
 198.000    17072001  0.19323231E+02  0.54800000E+03  0.32067549E+00
 199.000    18072001  0.20529600E+02  0.55700000E+03  0.27687329E+00
 200.000    19072001  0.22021549E+02  0.56400000E+03  0.61616361E+00
 201.000    20072001  0.23454420E+02  0.57000000E+03  0.62431812E+00
 202.000    21072001  0.25201540E+02  0.58000000E+03  0.35539290E+00
 203.000    22072001  0.27070290E+02  0.59000000E+03  0.35967749E+00
 204.000    23072001  0.28921341E+02  0.59600000E+03  0.49245390E+00
 205.000    24072001  0.30205910E+02  0.60000000E+03  0.72927672E+00
 206.000    25072001  0.30945841E+02  0.60000000E+03  0.77130932E+00
 207.000    26072001  0.31602131E+02  0.60000000E+03  0.58590502E+00
 208.000    27072001  0.32725658E+02  0.60000000E+03  0.76327759E+00
 209.000    28072001  0.34456612E+02  0.60600000E+03  0.87324482E+00
 210.000    29072001  0.36250149E+02  0.61300000E+03  0.72690499E+00
 211.000    30072001  0.38194981E+02  0.62200000E+03  0.84202421E+00
 212.000    31072001  0.40132431E+02  0.63200000E+03  0.80184060E+00
 213.000    01082001  0.41881100E+02  0.64200000E+03  0.75169432E+00
 214.000    02082001  0.43399448E+02  0.65300000E+03  0.73420328E+00
 215.000    03082001  0.44712620E+02  0.66400000E+03  0.77688003E+00
 216.000    04082001  0.46036961E+02  0.67500000E+03  0.73641121E+00
 217.000    05082001  0.47250301E+02  0.68600000E+03  0.76063198E+00
 218.000    06082001  0.48374680E+02  0.69800000E+03  0.72437853E+00
 219.000    07082001  0.49428188E+02  0.71000000E+03  0.78511202E+00
 220.000    08082001  0.50438370E+02  0.72200000E+03  0.85284108E+00
 221.000    09082001  0.51302299E+02  0.73300000E+03  0.95548153E+00
 222.000    10082001  0.52087330E+02  0.74300000E+03  0.96818441E+00
 223.000    11082001  0.52897732E+02  0.75400000E+03  0.96815532E+00
 224.000    12082001  0.53675659E+02  0.76600000E+03  0.97246200E+00
 225.000    13082001  0.54440449E+02  0.77700000E+03  0.97238630E+00
 226.000    14082001  0.55241520E+02  0.78700000E+03  0.98448223E+00
 227.000    15082001  0.56580292E+02  0.78700000E+03  0.97216630E+00
 228.000    16082001  0.58262581E+02  0.78700000E+03  0.98437321E+00
 229.000    17082001  0.59907040E+02  0.78700000E+03  0.98574042E+00
 230.000    18082001  0.61412731E+02  0.78700000E+03  0.97644538E+00
 231.000    19082001  0.62811359E+02  0.79000000E+03  0.98177463E+00
 232.000    20082001  0.64278648E+02  0.79400000E+03  0.97933167E+00
 233.000    21082001  0.66223923E+02  0.80200000E+03  0.97482312E+00
 234.000    22082001  0.67724083E+02  0.80900000E+03  0.94628513E+00
 235.000    23082001  0.69073463E+02  0.81600000E+03  0.98229718E+00
 236.000    24082001  0.70241669E+02  0.81600000E+03  0.95146292E+00
 237.000    25082001  0.71318878E+02  0.81600000E+03  0.97680688E+00
 238.000    26082001  0.72991837E+02  0.81600000E+03  0.98274118E+00
 239.000    27082001  0.74449097E+02  0.82100000E+03  0.97798598E+00
 240.000    28082001  0.75922470E+02  0.82600000E+03  0.97132868E+00
 241.000    29082001  0.77555473E+02  0.83300000E+03  0.96878833E+00
 242.000    30082001  0.79286926E+02  0.83300000E+03  0.98615712E+00
 243.000    31082001  0.80533859E+02  0.83900000E+03  0.98191541E+00
 244.000    01092001  0.81710449E+02  0.84400000E+03  0.98405641E+00
 245.000    02092001  0.83000107E+02  0.85100000E+03  0.97744811E+00
 246.000    03092001  0.84338737E+02  0.85800000E+03  0.98047632E+00
 247.000    04092001  0.85608620E+02  0.86500000E+03  0.98111129E+00
 248.000    05092001  0.86668953E+02  0.87200000E+03  0.98233533E+00
 249.000    06092001  0.87592857E+02  0.87500000E+03  0.98267812E+00
 250.000    07092001  0.88702927E+02  0.87500000E+03  0.97451693E+00
 251.000    08092001  0.89414627E+02  0.87500000E+03  0.97793090E+00
 252.000    09092001  0.89924767E+02  0.87500000E+03  0.98712718E+00
 253.000    10092001  0.90565849E+02  0.87500000E+03  0.97294343E+00
 254.000    11092001  0.91237823E+02  0.87500000E+03  0.97176939E+00
 255.000    12092001  0.91769653E+02  0.87500000E+03  0.97086501E+00
 256.000    13092001  0.91983200E+02  0.87500000E+03  0.97887862E+00
 257.000    14092001  0.92390862E+02  0.87500000E+03  0.98633158E+00
 258.000    15092001  0.92707947E+02  0.87500000E+03  0.98936218E+00
 259.000    16092001  0.93284866E+02  0.87500000E+03  0.98703659E+00
 260.000    17092001  0.93541931E+02  0.87500000E+03  0.98665458E+00
 261.000    18092001  0.93974197E+02  0.87500000E+03  0.98810208E+00
 262.000    19092001  0.94061256E+02  0.87500000E+03  0.98698682E+00
 263.000    20092001  0.94164688E+02  0.87500000E+03  0.98655277E+00
 264.000    21092001  0.94289719E+02  0.87500000E+03  0.98519123E+00
 265.000    22092001  0.94725739E+02  0.87500000E+03  0.98543608E+00
 266.000    23092001  0.94768639E+02  0.87500000E+03  0.98934329E+00
 267.000    24092001  0.94814377E+02  0.87500000E+03  0.98988050E+00
 268.000    25092001  0.94872368E+02  0.87500000E+03  0.98924798E+00
 269.000    26092001  0.94952637E+02  0.87500000E+03  0.98676932E+00
 270.000    27092001  0.95050873E+02  0.87500000E+03  0.98565590E+00
 271.000    28092001  0.95147522E+02  0.87500000E+03  0.97932392E+00
 272.000    29092001  0.95216728E+02  0.87500000E+03  0.98612589E+00
 273.000    30092001  0.95300461E+02  0.87500000E+03  0.98536360E+00
 274.000    01102001  0.95408363E+02  0.87500000E+03  0.98386902E+00
 275.000    02102001  0.95534767E+02  0.87500000E+03  0.98227352E+00
 276.000    03102001  0.95592903E+02  0.87500000E+03  0.98175383E+00
 277.000    04102001  0.95749519E+02  0.87500000E+03  0.98977768E+00
 278.000    05102001  0.95852783E+02  0.87500000E+03  0.99044532E+00
 279.000    06102001  0.95891579E+02  0.87500000E+03  0.99009848E+00
 280.000    07102001  0.95947739E+02  0.87500000E+03  0.98833030E+00
 281.000    08102001  0.96002388E+02  0.87500000E+03  0.98756301E+00
 282.000    09102001  0.96260017E+02  0.87500000E+03  0.98873138E+00
 283.000    10102001  0.96438728E+02  0.87500000E+03  0.98912352E+00
 284.000    11102001  0.96474251E+02  0.87500000E+03  0.98973578E+00
 285.000    12102001  0.96481270E+02  0.87500000E+03  0.99009341E+00
 286.000    13102001  0.96644402E+02  0.87500000E+03  0.99052203E+00
 287.000    14102001  0.96666122E+02  0.87500000E+03  0.99078208E+00
 288.000    15102001  0.96677757E+02  0.87500000E+03  0.99157733E+00
 289.000    16102001  0.96697533E+02  0.87500000E+03  0.99124229E+00
 290.000    17102001  0.96730476E+02  0.87500000E+03  0.98989588E+00
 291.000    18102001  0.96750847E+02  0.87500000E+03  0.98663402E+00
 292.000    19102001  0.96772339E+02  0.87500000E+03  0.99008483E+00
 293.000    20102001  0.96800339E+02  0.87500000E+03  0.98598051E+00
 294.000    21102001  0.96826843E+02  0.87500000E+03  0.98797578E+00
 295.000    22102001  0.96898300E+02  0.87500000E+03  0.99052101E+00
 296.000    23102001  0.96976440E+02  0.87500000E+03  0.99042392E+00
 297.000    24102001  0.97053917E+02  0.87500000E+03  0.99144781E+00
 298.000    25102001  0.97061333E+02  0.87500000E+03  0.99165982E+00
 299.000    26102001  0.97068657E+02  0.87500000E+03  0.99193603E+00
 300.000    27102001  0.97081497E+02  0.87500000E+03  0.99177903E+00
 301.000    28102001  0.97105827E+02  0.87500000E+03  0.99042702E+00
 302.000    29102001  0.97110527E+02  0.87500000E+03  0.99092847E+00
 303.000    30102001  0.97119377E+02  0.00000000E+00  0.99036402E+00
